I Space -3 4 140 172 374 234
Space A 2 3 172 109 1888 1716
A M -1 -6 109 109 78 -31
M Space -1 3 109 125 62 -47
Space H 2 -2 125 94 421 296
H O 1 -3 94 94 203 109
O M -2 2 94 63 218 124
M Back 3 -6 63 125 328 265
Back N -3 7 125 94 234 109
N O 2 -3 94 78 203 109
O R 0 5 78 93 125 47
R E 0 1 93 109 156 63
E D -1 0 109 94 202 93
D Space -2 -1 94 109 765 671
Space T 3 -1 109 78 452 343
T O 0 -4 78 47 94 16
O Space -3 5 47 125 31 -16
Space B 1 -1 125 78 250 125
B E 2 2 78 78 78 0
E Space -3 -1 78 109 62 -16
Space W 3 2 109 140 281 172
W I 0 -6 140 109 125 -15
I T 0 3 109 78 202 93
T H -1 -1 78 94 94 16
H Space -2 2 94 110 62 -32
Space Y 3 -2 110 109 250 140
Y O 0 -3 109 78 218 109
O U 0 2 78 109 188 110
U Space -3 3 109 109 62 -47
Space T 3 -1 109 78 1139 1030
T O 0 -4 78 94 109 31
O D -1 6 94 109 156 62
D A 0 2 109 94 218 109
A Y 1 -5 94 94 47 -47
Y Space -3 2 94 94 78 -16
Space A 2 3 94 94 2106 2012
A T 1 -4 94 109 203 109
T Space -3 1 109 125 62 -47
Space Y 3 -2 125 78 702 577
Y O 0 -3 78 78 250 172
O U 0 2 78 78 655 577
U R 0 3 78 109 63 -15
R Space -3 0 109 125 109 0
Space C 1 1 125 94 171 46
C O 2 -6 94 78 125 31
O M -2 2 78 31 437 359
M M 0 0 31 62 125 94
M E 2 4 62 78 109 47
E N -2 -3 78 78 780 702
N C 0 3 78 94 156 78
C M 0 -4 94 78 328 234
M E 2 4 78 141 93 15
E N -2 -3 141 93 172 31
N T 2 1 93 78 171 78
T Space -3 1 78 109 453 375
Space F 2 0 109 78 281 172
F R 1 0 78 78 156 78
R O 0 -5 78 62 62 -16
O M -2 2 62 93 203 141
M Space -1 3 93 109 47 -46
Space O 3 -5 109 78 1201 1092
O N -2 3 78 78 203 125
N E 2 3 78 109 62 -16
E Space -3 -1 109 125 62 -47
Space O 3 -5 125 94 234 109
O F -1 5 94 109 125 31
F Space -2 0 109 78 78 -31
Space T 3 -1 78 78 390 312
T H -1 -1 78 93 172 94
H E 1 3 93 94 93 0
E Space -3 -1 94 78 63 -31
Space F 2 0 78 124 359 281
F I 1 -4 124 62 109 -15
I N -2 2 62 78 187 125
N E 2 3 78 109 31 -47
E S -1 1 109 94 234 125
S T 1 -3 94 109 297 203
T Space -3 1 109 93 78 -31
Space U 3 -3 93 78 998 905
U N -2 1 78 78 250 172
N I 2 -2 78 94 202 124
I V -2 4 94 62 219 125
V E 2 1 62 94 62 0
E R 0 -1 94 78 141 47
R S -1 2 78 110 202 124
S I 1 -6 110 94 94 -16
I T 0 3 94 78 312 218
T I 0 -3 78 94 109 31
I E 0 5 94 94 203 109
E S -1 1 94 93 203 109
S Space -2 -2 93 109 374 281
Space I 3 -4 109 93 718 609
I N -2 2 93 94 218 125
N Space -1 2 94 125 31 -63
Space T 3 -1 125 78 234 109
T H -1 -1 78 93 188 110
H E 1 3 93 63 171 78
E Space -3 -1 63 94 78 15
Space W 3 2 94 94 1014 920
W O 0 -7 94 94 109 15
O R 0 5 94 78 219 125
R L -1 -5 78 94 93 15
L D 0 6 94 110 234 140
D OemPeriod -1 -6 110 47 250 140
OemPeriod Space -1 5 47 78 562 515
Space LShiftKey 1 4 78 172 374 296
LShiftKey I 2 -8 172 78 140 -32
I Space -3 4 78 93 63 -15
Space N 1 -2 93 78 390 297
N E 2 3 78 109 125 47
E V -2 -1 109 78 124 15
V E 2 1 78 78 63 -15
E R 0 -1 78 94 140 62
R Space -3 0 94 93 94 0
Space G 2 -1 93 94 1076 983
G R 1 1 94 94 203 109
R A -1 3 94 94 78 -16
A D 0 -2 94 78 234 140
D U 1 -4 78 78 109 31
U A -1 6 78 94 125 47
A T 1 -4 94 78 109 15
T E 0 2 78 63 109 31
E D -1 0 63 93 188 125
D Space -2 -1 93 93 265 172
Space F 2 0 93 78 405 312
F R 1 0 78 94 156 78
R O 0 -5 94 78 94 0
O M -2 2 78 109 187 109
M Space -1 3 109 125 47 -62
Space C 1 1 125 78 296 171
C O 2 -6 78 94 156 78
O L -1 0 94 47 219 125
L L 0 0 47 94 109 62
L E 1 6 94 110 140 46
E G -1 -2 110 94 125 15
G E 1 2 94 94 125 31
E OemPeriod -2 -6 94 94 842 748
OemPeriod Space -1 5 94 94 94 0
Space LShiftKey 1 4 94 234 187 93
LShiftKey T 2 -5 234 78 172 -62
T R 0 1 78 78 218 140
R U 0 -3 78 62 203 125
U T 0 2 62 78 234 172
T H -1 -1 78 109 172 94
H Space -2 2 109 94 62 -47
Space B 1 -1 94 94 156 62
B E 2 2 94 78 78 -16
E Space -3 -1 78 110 62 -16
Space T 3 -1 110 93 344 234
T O 0 -4 93 62 109 16
O L -1 0 62 93 156 94
L D 0 6 93 78 203 110
D Oemcomma -1 -5 78 78 1185 1107
Oemcomma Space -1 4 78 93 63 -15
Space T 3 -1 93 93 265 172
T H -1 -1 93 78 187 94
H I 1 -2 78 78 187 109
I S -1 6 78 62 63 -15
S Space -2 -2 62 94 46 -16
Space I 3 -4 94 109 796 702
I S -1 6 109 78 109 0
S Space -2 -2 78 141 0 -78
Space T 3 -1 141 78 343 202
T H -1 -1 78 78 172 94
H E 1 3 78 78 47 -31
E Space -3 -1 78 109 62 -16
Space C 1 1 109 47 203 94
C L 1 -6 47 78 94 47
L O 1 0 78 78 187 109
O S -1 7 78 93 125 47
S E 1 -1 93 78 171 78
E S -1 1 78 109 172 94
S T 1 -3 109 109 250 141
T Space -3 1 109 109 62 -47
Space LShiftKey 1 4 109 484 1279 1170
LShiftKey I 2 -8 484 62 359 -125
I Oem7 -1 -3 62 78 624 562
Oem7 V -1 7 78 93 640 562
V E 2 1 93 78 109 16
E Space -3 -1 78 109 47 -31
Space E 3 1 109 109 2652 2543
E V -2 -1 109 78 124 15
V E 2 1 78 125 468 390
E R 0 -1 125 94 624 499
R Space -3 0 94 125 78 -16
Space G 2 -1 125 93 219 94
G O 1 -4 93 78 109 16
O T 0 4 78 46 250 172
T T 0 0 46 94 93 47
T E 0 2 94 109 156 62
E M -2 -4 109 125 1326 1217
M Space -1 3 125 125 78 -47
Space Back 4 -9 125 93 453 328
Back Back 0 0 93 124 156 63
Back N -3 7 124 94 982 858
N Space -1 2 94 109 63 -31
Space T 3 -1 109 62 187 78
T O 0 -4 62 109 47 -15
O Space -3 5 109 125 62 -47
Space A 2 3 125 94 1794 1669
A Space -2 -3 94 125 78 -16
Space C 1 1 125 109 546 421
C O 2 -6 109 62 94 -15
O L -1 0 62 78 171 109
L L 0 0 78 62 141 63
L E 1 6 62 109 109 47
E G -1 -2 109 78 125 16
G E 1 2 78 78 93 15
E Space -3 -1 78 140 32 -46
Space G 2 -1 140 78 202 62
G R 1 1 78 93 219 141
R A -1 3 93 125 109 16
A D 0 -2 125 78 250 125
D U 1 -4 78 78 109 31
U A -1 6 78 78 109 31
A T 1 -4 78 78 172 94
T I 0 -3 78 78 249 171
I O 0 -1 78 78 125 47
O J -1 2 78 62 234 156
J Back 2 -6 62 94 2028 1966
Back N -3 7 94 78 562 468
N OemPeriod 0 -3 78 78 1154 1076
OemPeriod Space -1 5 78 125 47 -31
Space LShiftKey 1 4 125 218 187 62
LShiftKey T 2 -5 218 94 140 -78
T O 0 -4 94 109 219 125
O D -1 6 109 94 109 0
D A 0 2 94 93 203 109
A Y 1 -5 93 109 78 -15
Y Space -3 2 109 125 62 -47
Space LShiftKey 1 4 125 327 765 640
LShiftKey I 2 -8 327 94 218 -109
I Space -3 4 94 62 156 62
Space W 3 2 62 78 250 188
W A -1 1 78 141 171 93
A N -1 -5 141 62 94 -47
N T 2 1 62 125 187 125
T Space -3 1 125 141 62 -63
Space T 3 -1 141 110 858 717
T I 0 -3 110 125 78 -32
I Space -3 4 125 125 78 -47
Space Back 4 -9 125 93 687 562
Back Back 0 0 93 93 156 63
Back O -1 4 93 141 171 78
O Space -3 5 141 109 94 -47
Space T 3 -1 109 93 281 172
T E 0 2 93 94 1154 1061
E L -1 -6 94 110 109 15
L L 0 0 110 109 188 78
L Space -2 5 109 156 62 -47
Space T 3 -1 156 109 2028 1872
T Back 1 -8 109 125 530 421
Back Y -1 7 125 78 188 63
Y O 0 -3 78 109 109 31
O U 0 2 109 109 218 109
U Space -3 3 109 93 63 -46
Space T 3 -1 93 78 202 109
T H -1 -1 78 94 156 78
H R 1 2 94 109 125 31
R E 0 1 109 78 250 141
E E 0 0 78 125 140 62
E Space -3 -1 125 125 203 78
Space S 2 2 125 125 749 624
S T 1 -3 125 78 281 156
T O 0 -4 78 110 124 46
O R 0 5 110 94 234 124
R I 0 -4 94 94 172 78
I E 0 5 94 94 234 140
E S -1 1 94 125 187 93
S Space -2 -2 125 141 109 -16
Space F 2 0 141 93 687 546
F R 1 0 93 94 171 78
R O 0 -5 94 78 94 0
O M -2 2 78 94 187 109
M Space -1 3 94 109 63 -31
Space M 1 -3 109 78 156 47
M Y 2 1 78 94 249 171
Y Space -3 2 94 125 47 -47
Space L 2 -5 125 78 374 249
L I 1 1 78 94 156 78
I F -1 4 94 109 141 47
F E 1 1 109 109 218 109
E OemPeriod -2 -6 109 94 733 624
OemPeriod Space -1 5 94 109 141 47
Space LShiftKey 1 4 109 234 156 47
LShiftKey T 2 -5 234 62 156 -78
T H -1 -1 62 93 156 94
H A 0 5 93 140 78 -15
A T 1 -4 140 78 125 -15
T S -1 3 78 78 140 62
S Oem7 0 -9 78 94 546 468
Oem7 Back 2 -2 94 93 1498 1404
Back Space -4 9 93 93 577 484
Space I 3 -4 93 109 1076 983
I T 0 3 109 93 94 -15
T OemPeriod -2 -4 93 78 1279 1186
OemPeriod Space -1 5 78 124 172 94
Space LShiftKey 1 4 124 281 140 16
LShiftKey N 0 -6 281 78 187 -94
N O 2 -3 78 94 203 125
O Space -3 5 94 93 1186 1092
Space B 1 -1 93 63 327 234
B I 2 -3 63 78 219 156
I G -1 3 78 109 234 156
G Space -2 1 109 94 62 -47
Space D 2 1 94 78 265 171
D E 1 0 78 109 125 47
E A -1 2 109 141 218 109
A L 0 -8 141 63 125 -16
L OemPeriod -1 0 63 94 187 124
OemPeriod Space -1 5 94 94 624 530
Space LShiftKey 1 4 94 421 110 16
LShiftKey J 1 -7 421 78 374 -47
J U 1 0 78 109 733 655
U S -1 5 109 94 203 94
S T 1 -3 94 125 62 -32
T Space -3 1 125 110 78 -47
Space T 3 -1 110 78 359 249
T H -1 -1 78 109 172 94
H R 1 2 109 125 140 31
R E 0 1 125 78 219 94
E E 0 0 78 94 140 62
E Space -3 -1 94 124 94 0
Space S 2 2 124 124 390 266
S T 1 -3 124 93 468 344
T O 0 -4 93 78 218 125
O R 0 5 78 124 172 94
R I 0 -4 124 94 140 16
I E 0 5 94 109 156 62
E S -1 1 109 125 234 125
S OemPeriod -1 -7 125 110 140 15
OemPeriod Space -1 5 110 109 734 624
Space LShiftKey 1 4 109 1092 296 187
LShiftKey Return 1 -12 1092 93 2543 1451
Return LShiftKey -1 12 93 265 2574 2481
LShiftKey T 2 -5 265 62 187 -78
T H -1 -1 62 78 156 94
H E 1 3 78 78 78 0
E Space -3 -1 78 110 62 -16
Space F 2 0 110 109 266 156
F I 1 -4 109 78 171 62
I R 0 4 78 93 63 -15
R S -1 2 93 94 218 125
S T 1 -3 94 94 109 15
T Space -3 1 94 125 47 -47
Space S 2 2 125 109 265 140
S T 1 -3 109 93 297 188
T O 0 -4 93 110 124 31
O R 0 5 110 109 219 109
R Y 0 -2 109 109 156 47
Y Space -3 2 109 109 62 -47
Space I 3 -4 109 110 187 78
I S -1 6 110 94 125 15
S Space -2 -2 94 125 78 -16
Space A 2 3 125 109 203 78
A B -1 -4 109 93 172 63
B O 2 -4 93 94 249 156
O U 0 2 94 78 203 109
U T 0 2 78 78 125 47
T Space -3 1 78 109 62 -16
Space T 3 -1 109 78 219 110
T H -1 -1 78 78 171 93
H E 1 3 78 94 47 -31
E Space -3 -1 94 94 78 -16
Space C 1 1 94 93 203 109
C O 2 -6 93 78 78 -15
O N -2 3 78 63 249 171
N N 0 0 63 47 141 78
N E 2 3 47 94 15 -32
E C -2 0 94 94 203 109
C T 2 -2 94 93 219 125
T I 0 -3 93 78 109 16
I O 0 -1 78 93 156 78
O N -2 3 93 109 234 141
N Space -1 2 109 124 47 -62
Space T 3 -1 124 94 280 156
T H -1 -1 94 78 172 78
H E 1 3 78 94 31 -47
E Space -3 -1 94 125 78 -16
Space D 2 1 125 31 250 125
D O 1 -6 31 63 62 31
O T 0 4 63 78 1123 1060
T S -1 3 78 109 203 125
S OemPeriod -1 -7 109 94 1217 1108
OemPeriod Return 1 -3 94 109 515 421
Return LShiftKey -1 12 109 811 1014 905
LShiftKey I 2 -8 811 78 733 -78
I Space -3 4 78 125 109 31
Space D 2 1 125 93 297 172
D R 1 -1 93 93 187 94
R O 0 -5 93 78 125 32
O P 0 -1 78 78 156 78
P P 0 0 78 94 140 62
P E 0 7 94 93 47 -47
E D -1 0 93 78 203 110
D Space -2 -1 78 124 78 0
Space O 3 -5 124 47 733 609
O U 0 2 47 78 187 140
U T 0 2 78 94 140 62
T Space -3 1 94 93 63 -31
Space O 3 -5 93 124 203 110
O F -1 5 124 62 140 16
F Space -2 0 62 109 78 16
Space LShiftKey 1 4 109 452 796 687
LShiftKey R 2 -4 452 94 374 -78
R E 0 1 94 78 156 62
E E 0 0 78 94 1201 1123
E D -1 0 94 62 203 109
D Space -2 -1 62 125 47 -15
Space LShiftKey 1 4 125 265 671 546
LShiftKey C 0 -3 265 94 171 -94
C O 2 -6 94 62 172 78
O L -1 0 62 110 171 109
L L 0 0 110 93 1077 967
L E 1 6 93 93 671 578
E G -1 -2 93 94 124 31
G E 1 2 94 109 110 16
E Space -3 -1 109 63 93 -16
Space A 2 3 63 125 3307 3244
A F 0 -3 125 94 156 31
F T 1 -1 94 110 156 62
T E 0 2 110 109 63 -47
E R 0 -1 109 78 187 78
R Space -3 0 78 94 62 -16
Space T 3 -1 94 78 999 905
T H -1 -1 78 78 187 109
H E 1 3 78 78 94 16
E Space -3 -1 78 125 31 -47
Space F 2 0 125 125 530 405
F O 1 -5 125 63 109 -16
O R 0 5 63 93 110 47
R Back 1 -9 93 124 702 609
Back Back 0 0 124 109 265 141
Back I -1 5 109 109 374 265
I R 0 4 109 93 94 -15
R S -1 2 93 125 249 156
S T 1 -3 125 109 94 -31
T Space -3 1 109 141 62 -47
Space D6 4 -2 141 94 2980 2839
D6 Space -4 2 94 109 94 0
Space M 1 -3 109 94 327 218
M O 2 -2 94 93 250 156
O N -2 3 93 78 187 94
N T 2 1 78 94 234 156
T H -1 -1 94 78 187 93
H S 0 4 78 94 109 31
S Oemcomma -1 -6 94 94 983 889
Oemcomma Space -1 4 94 109 141 47
Space B 1 -1 109 78 343 234
B U 2 -2 78 94 1232 1154
U T 0 2 94 94 109 15
T Space -3 1 94 156 47 -47
Space T 3 -1 156 109 702 546
T H -1 -1 109 94 203 94
H E 1 3 94 94 109 15
E M -2 -4 94 94 125 31
M Space -1 3 94 125 47 -47
Space A 2 3 125 140 343 218
A Back 2 -12 140 125 343 203
Back S -2 11 125 94 187 62
S Back 2 -11 94 94 671 577
Back Back 0 0 94 78 172 78
Back Back 0 0 78 78 140 62
Back N -3 7 78 93 687 609
N Space -1 2 93 124 78 -15
Space S 2 2 124 94 140 16
S T 1 -3 94 94 265 171
T A -1 4 94 94 109 15
A Y 1 -5 94 78 110 16
Y E 0 3 78 78 156 78
E D -1 0 78 78 187 109
D Space -2 -1 78 110 93 15
Space A 2 3 110 141 203 93
A R 1 -3 141 94 1061 920
R O 0 -5 94 78 187 93
O U 0 2 78 78 172 94
U N -2 1 78 78 187 109
N D 1 3 78 109 94 16
D Space -2 -1 109 125 1216 1107
Space A 2 3 125 94 203 78
A S 0 -1 94 78 219 125
S Space -2 -2 78 94 93 15
Space A 2 3 94 140 141 47
A Space -2 -3 140 109 93 -47
Space D 2 1 109 78 702 593
D R 1 -1 78 78 187 109
R O 0 -5 78 62 172 94
O P 0 -1 62 93 172 110
P OemMinus 1 -1 93 78 608 515
OemMinus I -1 3 78 94 312 234
I N -2 2 94 93 172 78
N Space -1 2 93 109 811 718
Space D 2 1 109 78 437 328
D Back 2 -10 78 125 358 280
Back F -2 9 125 78 172 47
F O 1 -5 78 94 62 -16
O R 0 5 94 94 125 31
R Space -3 0 94 78 109 15
Space A 2 3 78 110 312 234
A N -1 -5 110 62 188 78
N O 2 -3 62 62 234 172
O T 0 4 62 94 358 296
T H -1 -1 94 93 188 94
H E 1 3 93 94 62 -31
E R 0 -1 94 109 172 78
R Space -3 0 109 140 1513 1404
Space D1 4 3 140 125 405 265
D1 D8 0 -7 125 109 281 156
D8 Space -4 4 109 140 141 32
Space M 1 -3 140 93 702 562
M O 2 -2 93 78 218 125
O N -2 3 78 63 187 109
N T 2 1 63 63 234 171
T H -1 -1 63 93 141 78
H S 0 4 93 93 109 16
S Space -2 -2 93 109 78 -15
Space O 3 -5 109 93 905 796
O R 0 5 93 110 124 31
R Space -3 0 110 125 78 -32
Space S 2 2 125 125 234 109
S O 1 -7 125 125 78 -47
O Space -3 5 125 125 63 -62
Space B 1 -1 125 78 1154 1029
B E 2 2 78 93 110 32
E F -1 -1 93 124 312 219
F O 1 -5 124 93 109 -15
O R 0 5 93 125 171 78
R E 0 1 125 125 234 109
E Space -3 -1 125 78 141 16
Space LShiftKey 1 4 78 234 530 452
LShiftKey I 2 -8 234 62 141 -93
I Space -3 4 62 93 109 47
Space R 3 0 93 110 249 156
R E 0 1 110 93 188 78
E A -1 2 93 125 218 125
A L 0 -8 125 63 109 -16
L L 0 0 63 94 125 62
L U 1 2 94 94 218 124
U Y 0 1 94 46 32 -62
Y Space -3 2 46 140 31 -15
Space Back 4 -9 140 94 717 577
Back Back 0 0 94 125 172 78
Back Back 0 0 125 109 312 187
Back Y -1 7 109 109 484 375
Y Space -3 2 109 141 46 -63
Space Q 3 3 141 141 468 327
Q U 0 -6 141 93 344 203
U I 0 -1 93 78 187 94
I T 0 3 78 109 390 312
T OemPeriod -2 -4 109 93 749 640
OemPeriod Space -1 5 93 110 202 109
Space LShiftKey 1 4 110 734 1014 904
LShiftKey S 1 -2 734 94 624 -110
S O 1 -7 94 109 141 47
O Space -3 5 109 156 47 -62
Space W 3 2 156 94 452 296
W H -1 -4 94 63 109 15
H Y 1 0 63 109 312 249
Y Space -3 2 109 140 63 -46
Space D 2 1 140 78 327 187
D I 1 -5 78 62 94 16
I D -1 5 62 78 109 47
D Space -2 -1 78 93 47 -31
Space LShiftKey 1 4 93 234 312 219
LShiftKey I 2 -8 234 93 125 -109
I Space -3 4 93 125 62 -31
Space D 2 1 125 125 203 78
D R 1 -1 125 93 312 187
R O 0 -5 93 62 156 63
O P 0 -1 62 93 156 94
P Space -3 6 93 140 47 -46
Space O 3 -5 140 94 405 265
O U 0 2 94 78 250 156
U T 0 2 78 78 109 31
T RShiftKey -2 -6 78 327 250 172
RShiftKey OemQuestion 0 1 327 156 234 -93
OemQuestion Return 1 -2 156 94 795 639
Return LShiftKey -1 12 94 187 3557 3463
LShiftKey I 2 -8 187 94 109 -78
I T 0 3 94 94 265 171
T Space -3 1 94 109 63 -31
Space S 2 2 109 93 234 125
S T 1 -3 93 110 249 156
T A -1 4 110 94 125 15
A R 1 -3 94 78 109 15
R T 0 -1 78 94 172 94
T E 0 2 94 94 62 -32
E D -1 0 94 109 188 94
D Space -2 -1 109 124 78 -31
Space B 1 -1 124 62 998 874
B E 2 2 62 125 47 -15
E F -1 -1 125 109 234 109
F O 1 -5 109 110 171 62
O R 0 5 110 78 125 15
R E 0 1 78 94 156 78
E Space -3 -1 94 124 63 -31
Space LShiftKey 1 4 124 203 187 63
LShiftKey I 2 -8 203 62 125 -78
I Space -3 4 62 94 124 62
Space W 3 2 94 94 94 0
W Q 0 1 94 63 187 93
Q A -1 0 63 94 234 171
A Back 2 -12 94 94 889 795
Back Back 0 0 94 78 172 78
Back A -2 12 78 141 109 31
A S 0 -1 141 109 234 93
S Space -2 -2 109 125 94 -15
Space B 1 -1 125 110 561 436
B O 2 -4 110 109 203 93
O R 0 5 109 46 219 110
R N -2 -2 46 63 171 125
N OemPeriod 0 -3 63 62 1779 1716
OemPeriod Space -1 5 62 125 140 78
Space LShiftKey 1 4 125 219 140 15
LShiftKey M 0 -7 219 46 110 -109
M Y 2 1 46 94 202 156
Y Space -3 2 94 109 63 -31
Space B 1 -1 109 78 686 577
B I 2 -3 78 63 343 265
I O 0 -1 63 93 422 359
O L -1 0 93 125 249 156
L O 1 0 125 93 609 484
O G -1 4 93 78 436 343
G I 1 -3 78 78 125 47
I C -2 5 78 78 187 109
C A 1 2 78 125 219 141
A L 0 -8 125 125 93 -32
L Space -2 5 125 125 63 -62
Space M 1 -3 125 63 920 795
M I 2 -1 63 63 156 93
I O 0 -1 63 31 0 -63
O T 0 4 31 78 359 328
T H -1 -1 78 94 156 78
H E 1 3 94 78 62 -32
E R 0 -1 78 93 141 63
R Space -3 0 93 93 78 -15
Space W 3 2 93 125 218 125
W A -1 1 125 124 219 94
A S 0 -1 124 93 187 63
S Space -2 -2 93 125 62 -31
Space Y 3 -2 125 63 499 374
Y O 0 -3 63 94 1248 1185
O U 0 2 94 94 203 109
U N -2 1 94 78 203 109
N G 1 1 78 109 437 359
G Oemcomma -1 -3 109 125 1965 1856
Oemcomma Space -1 4 125 125 63 -62
Space U 3 -3 125 78 203 78
U N -2 1 78 94 171 93
N W 2 4 94 109 390 296
W E 0 -1 109 94 203 94
E D -1 0 94 78 203 109
D C -1 0 78 93 2465 2387
C O 2 -6 93 78 171 78
O L -1 0 78 47 187 109
L L 0 0 47 78 110 63
L E 1 6 78 109 156 78
E G -1 -2 109 78 109 0
G E 1 2 78 94 109 31
E Back 1 -10 94 78 1435 1341
Back Back 0 0 78 531 156 78
Back Back 0 0 531 78 640 109
Back Back 0 0 78 78 171 93
Back Back 0 0 78 110 156 78
Back Back 0 0 110 93 188 78
Back Space -4 9 93 94 358 265
Space C 1 1 94 140 250 156
C O 2 -6 140 62 125 -15
O L -1 0 62 63 171 109
L L 0 0 63 78 125 62
L E 1 6 78 109 125 47
E G -1 -2 109 78 125 16
G E 1 2 78 125 109 31
E Space -3 -1 125 125 78 -47
Space G 2 -1 125 94 390 265
G R 1 1 94 78 218 124
R A -1 3 78 78 63 -15
A D 0 -2 78 94 218 140
D U 1 -4 94 78 109 15
U A -1 6 78 94 125 47
A T 1 -4 94 78 125 31
T E 0 2 78 78 109 31
E Space -3 -1 78 93 63 -15
Space T 3 -1 93 78 514 421
T U 0 -2 78 78 110 32
U Back 1 -6 78 93 624 546
Back Back 0 0 93 94 171 78
Back S -2 11 94 94 655 561
S T 1 -3 94 78 1638 1544
T U 0 -2 78 78 125 47
U D -1 4 78 94 187 109
D E 1 0 94 140 188 94
E M -2 -4 140 78 93 -47
M T 2 2 78 78 172 94
T Oemcomma -2 -3 78 125 6193 6115
Oemcomma Space -1 4 125 125 78 -47
Space A 2 3 125 125 218 93
A N -1 -5 125 94 156 31
N D 1 3 94 93 422 328
D Space -2 -1 93 140 78 -15
Space S 2 2 140 109 156 16
S H 0 -4 109 78 171 62
H E 1 3 78 78 109 31
E Space -3 -1 78 140 63 -15
Space D 2 1 140 109 187 47
D E 1 0 109 94 156 47
E C -2 0 94 94 234 140
C I 2 -5 94 94 78 -16
I D -1 5 94 109 172 78
D E 1 0 109 93 187 78
E D -1 0 93 94 171 78
D Space -2 -1 94 125 78 -16
Space T 3 -1 125 62 734 609
T O 0 -4 62 110 124 62
O Space -3 5 110 125 63 -47
Space P 3 -6 125 78 171 46
P U 0 3 78 78 188 110
U T 0 2 78 78 202 124
T Space -3 1 78 125 78 0
Space M 1 -3 125 93 1233 1108
M E 2 4 93 125 483 390
E Space -3 -1 125 110 78 -47
Space U 3 -3 110 78 312 202
U P 0 -3 78 140 219 141
P Space -3 6 140 125 78 -62
Space F 2 0 125 109 203 78
F O 1 -5 109 109 93 -16
O R 0 5 109 94 125 16
R Space -3 0 94 125 78 -16
Space A 2 3 125 110 530 405
A D 0 -2 110 78 312 202
D O 1 -6 78 78 234 156
O P 0 -1 78 109 188 110
P T 0 5 109 78 202 93
T I 0 -3 78 78 172 94
I O 0 -1 78 94 156 78
O N -2 3 94 63 218 124
N OemPeriod 0 -3 63 78 858 795
OemPeriod Space -1 5 78 125 156 78
Space LShiftKey 1 4 125 234 141 16
LShiftKey S 1 -2 234 125 140 -94
S H 0 -4 125 78 109 -16
H E 1 3 78 109 125 47
E Space -3 -1 109 125 78 -31
Space F 2 0 125 110 265 140
F E 1 1 110 110 234 124
E L -1 -6 110 93 141 31
L T 1 4 93 109 733 640
T Space -3 1 109 125 125 16
Space V 1 0 125 62 1092 967
V E 2 1 62 109 78 16
E R 0 -1 109 78 203 94
R Y 0 -2 78 109 93 15
Y Space -3 2 109 109 63 -46
Space S 2 2 109 125 218 109
S T 1 -3 125 93 281 156
T R 0 1 93 109 187 94
R O 0 -5 109 78 94 -15
O N -2 3 78 78 218 140
N G 1 1 78 93 172 94
G L 0 -4 93 94 124 31
L Y 1 3 94 125 297 203
Y Space -3 2 125 94 62 -63
Space T 3 -1 94 93 1155 1061
T H -1 -1 93 78 171 78
H A 0 5 78 140 63 -15
A T 1 -4 140 109 109 -31
T Space -3 1 109 94 62 -47
Space LShiftKey 1 4 94 296 328 234
LShiftKey I 2 -8 296 94 187 -109
I Space -3 4 94 125 47 -47
Space S 2 2 125 94 421 296
S H 0 -4 94 78 343 249
H O 1 -3 78 78 234 156
O U 0 2 78 63 187 109
U L -1 -2 63 109 172 109
L D 0 6 109 109 78 -31
D Space -2 -1 109 125 31 -78
Space B 1 -1 125 94 312 187
B E 2 2 94 63 78 -16
E Space -3 -1 63 109 47 -16
Space A 2 3 109 140 172 63
A D 0 -2 140 93 234 94
D O 1 -6 93 78 171 78
O P 0 -1 78 78 156 78
P T 0 5 78 93 375 297
T E 0 2 93 109 109 16
E D -1 0 109 124 1295 1186
D Space -2 -1 124 124 78 -46
Space B 1 -1 124 78 312 188
B Y 2 -1 78 109 187 109
Y Space -3 2 109 125 62 -47
Space C 1 1 125 125 967 842
C O 2 -6 125 94 94 -31
O L -1 0 94 63 187 93
L L 0 0 63 78 141 78
L E 1 6 78 93 156 78
E G -1 -2 93 94 561 468
G E 1 2 94 78 109 15
E Space -3 -1 78 140 16 -62
Space G 2 -1 140 78 296 156
G R 1 1 78 78 203 125
R A -1 3 78 141 78 0
A D 0 -2 141 78 156 15
D U 1 -4 78 109 234 156
U A -1 6 109 109 125 16
A T 1 -4 109 78 125 16
T E 0 2 78 94 93 15
E S -1 1 94 124 188 94
S Space -2 -2 124 78 140 16
Space Back 4 -9 78 109 780 702
Back Oemcomma -3 5 109 124 250 141
Oemcomma Space -1 4 124 125 62 -62
Space S 2 2 125 109 265 140
S O 1 -7 109 109 94 -15
O Space -3 5 109 109 62 -47
Space E 3 1 109 94 1123 1014
E V -2 -1 94 62 63 -31
V E 2 1 62 125 93 31
E R 0 -1 125 94 203 78
R Y 0 -2 94 94 78 -16
Y T 0 1 94 78 203 109
T H -1 -1 78 62 156 78
H I 1 -2 62 94 156 94
I N -2 2 94 78 1810 1716
N G 1 1 78 109 171 93
G Space -2 1 109 124 63 -46
Space W 3 2 124 109 1747 1623
W A -1 1 109 93 203 94
A S 0 -1 93 78 171 78
S Space -2 -2 78 109 63 -15
Space A 2 3 109 94 1934 1825
A L 0 -8 94 47 421 327
L L 0 0 47 94 156 109
L Space -2 5 94 109 78 -16
Space S 2 2 109 93 141 32
S E 1 -1 93 78 202 109
E T 0 -2 78 78 203 125
T Space -3 1 78 109 94 16
Space F 2 0 109 140 187 78
F O 1 -5 140 93 125 -15
O R 0 5 93 93 125 32
R Space -3 0 93 94 62 -31
Space M 1 -3 94 78 390 296
M E 2 4 78 78 109 31
E Space -3 -1 78 109 63 -15
Space T 3 -1 109 78 483 374
T O 0 -4 78 109 94 16
O Space -3 5 109 124 47 -62
Space B 1 -1 124 78 249 125
B E 2 2 78 94 31 -47
E Space -3 -1 94 109 94 0
Space A 2 3 109 140 234 125
A D 0 -2 140 93 250 110
D O 1 -6 93 78 280 187
O P 0 -1 78 94 172 94
P T 0 5 94 78 421 327
T E 0 2 78 78 94 16
E D -1 0 78 125 1092 1014
D Space -2 -1 125 109 140 15
Space A 2 3 109 109 203 94
A T 1 -4 109 94 156 47
T Space -3 1 94 109 47 -47
Space T 3 -1 109 94 171 62
T H -1 -1 94 124 188 94
H E 1 3 124 94 140 16
E Space -3 -1 94 94 62 -32
Space Back 4 -9 94 109 1935 1841
Back Back 0 0 109 78 187 78
Back Back 0 0 78 93 172 94
Back Back 0 0 93 110 202 109
Back B -3 8 110 62 1436 1326
B I 2 -3 62 78 1045 983
I R 0 4 78 124 203 125
R T 0 -1 124 94 202 78
T H -1 -1 94 109 125 31
H Space -2 2 109 93 6615 6506
Space B 1 -1 93 78 312 219
B Y 2 -1 78 94 218 140
Y Space -3 2 94 78 78 -16
Space A 2 3 78 109 905 827
A Space -2 -3 109 125 109 0
Space L 2 -5 125 62 484 359
L A 0 8 62 125 171 109
A W 1 -1 125 78 234 109
W Y 0 -4 78 78 375 297
Y E 0 3 78 124 125 47
E R 0 -1 124 78 218 94
R Space -3 0 78 94 109 31
Space A 2 3 94 78 811 717
A N -1 -5 78 78 141 63
N D 1 3 78 78 109 31
D Space -2 -1 78 109 47 -31
Space H 2 -2 109 78 234 125
H I 1 -2 78 94 171 93
I S -1 6 94 78 63 -31
S Space -2 -2 78 109 78 0
Space W 3 2 109 125 187 78
W I 0 -6 125 78 156 31
I F -1 4 78 78 328 250
F E 1 1 78 110 202 124
E OemPeriod -2 -6 110 109 952 842
OemPeriod Space -1 5 109 93 94 -15
Space LShiftKey 1 4 93 359 140 47
LShiftKey E 2 -3 359 109 234 -125
E X -2 1 109 141 296 187
X C 0 -1 141 94 203 62
C E 2 0 94 109 203 109
E P 0 -7 109 93 406 297
P T 0 5 93 109 249 156
T Space -3 1 109 109 141 32
Space T 3 -1 109 78 1294 1185
T A -1 4 78 125 250 172
A T 1 -4 125 109 109 -16
T Space -3 1 109 109 63 -46
Space W 3 2 109 125 218 109
W H -1 -4 125 78 140 15
H E 1 3 78 78 125 47
E N -2 -3 78 94 234 156
N Space -1 2 94 125 47 -47
Space I 3 -4 125 109 234 109
I Space -3 4 109 109 94 -15
Space P 3 -6 109 78 530 421
P O 0 1 78 78 156 78
O P 0 -1 78 63 218 140
P P 0 0 63 93 141 78
P E 0 7 93 109 125 32
E D -1 0 109 125 202 93
D Space -2 -1 125 109 94 -31
Space O 3 -5 109 94 452 343
O U 0 2 94 78 219 125
U T 0 2 78 78 125 47
T Space -3 1 78 93 109 31
Space T 3 -1 93 93 1716 1623
T H -1 -1 93 94 187 94
H E 1 3 94 109 78 -16
E Y 0 -3 109 109 94 -15
Y Space -3 2 109 125 62 -47
Space D 2 1 125 125 156 31
D E 1 0 125 94 312 187
E C -2 0 94 93 359 265
C I 2 -5 93 94 109 16
I D -1 5 94 109 156 62
D E 1 0 109 78 187 78
E D -1 0 78 78 187 109
D Space -2 -1 78 125 63 -15
Space T 3 -1 125 78 1934 1809
T H -1 -1 78 94 203 125
H E 1 3 94 94 109 15
E Space -3 -1 94 125 31 -63
Space L 2 -5 125 93 297 172
L A 0 8 93 110 171 78
A S 0 -1 110 109 203 93
S T 1 -3 109 109 125 16
T Space -3 1 109 125 62 -47
Space M 1 -3 125 93 344 219
M I 2 -1 93 62 218 125
I L -1 -1 62 109 156 94
L N -1 3 109 78 234 125
N Back 3 -7 78 109 359 281
Back Back 0 0 109 124 749 640
Back N -3 7 124 78 327 203
N U 2 -1 78 93 172 94
U T 0 2 93 94 249 156
T E 0 2 94 94 125 31
E Space -3 -1 94 124 531 437
Space T 3 -1 124 78 2137 2013
T A -1 4 78 94 296 218
A Back 2 -12 94 109 687 593
Back H -2 7 109 109 499 390
H A 0 5 109 125 187 78
A T 1 -4 125 125 62 -63
T Space -3 1 125 125 63 -62
Space T 3 -1 125 94 343 218
T H -1 -1 94 78 203 109
H E 1 3 78 109 62 -16
E Y 0 -3 109 109 94 -15
Y Space -3 2 109 140 47 -62
Space R 3 0 140 109 218 78
R E 0 1 109 109 172 63
E A -1 2 109 125 218 109
A L 0 -8 125 63 109 -16
L L 0 0 63 93 141 78
L Y 1 3 93 109 218 125
Y Space -3 2 109 125 62 -47
Space W 3 2 125 78 172 47
W A -1 1 78 125 187 109
A N -1 -5 125 78 94 -31
N T 2 1 78 109 218 140
T E 0 2 109 78 94 -15
E D -1 0 78 78 171 93
D Space -2 -1 78 125 63 -15
Space A 2 3 125 93 203 78
A Space -2 -3 93 78 109 16
Space G 2 -1 78 94 889 811
G I 1 -3 94 94 156 62
I R 0 4 94 110 140 46
R L -1 -5 110 94 78 -32
L OemPeriod -1 0 94 109 250 156
OemPeriod Space -1 5 109 124 718 609
Space LShiftKey 1 4 124 405 265 141
LShiftKey S 1 -2 405 140 281 -124
S O 1 -7 140 78 171 31
O Space -3 5 78 109 141 63
Space M 1 -3 109 78 171 62
M Y 2 1 78 93 250 172
Y Space -3 2 93 109 47 -46
Space P 3 -6 109 109 218 109
P A -1 9 109 93 125 16
A R 1 -3 93 78 265 172
R E 0 1 78 109 172 94
E N -2 -3 109 63 124 15
N T 2 1 63 93 219 156
T S -1 3 93 109 109 16
S Oemcomma -1 -6 109 78 1264 1155
Oemcomma Space -1 4 78 110 124 46
Space W 3 2 110 140 250 140
W H -1 -4 140 78 125 -15
H O 1 -3 78 125 265 187
O Space -3 5 125 156 47 -78
Space W 3 2 156 125 1794 1638
W E 0 -1 125 124 281 156
E R 0 -1 124 94 218 94
R E 0 1 94 140 156 62
E Space -3 -1 140 78 94 -46
Space O 3 -5 78 93 156 78
O N -2 3 93 109 234 141
N Space -1 2 109 109 78 -31
Space A 2 3 109 109 717 608
A Space -2 -3 109 109 94 -15
Space W 3 2 109 94 265 156
W A -1 1 94 141 187 93
A I 1 -7 141 94 125 -16
I T 0 3 94 94 187 93
T I 0 -3 94 93 63 -31
I N -2 2 93 93 187 94
N G 1 1 93 109 140 47
G Space -2 1 109 93 94 -15
Space L 2 -5 93 63 171 78
L I 1 1 63 94 156 93
I S -1 6 94 109 110 16
S T 1 -3 109 93 234 125
T Oemcomma -2 -3 93 94 904 811
Oemcomma Space -1 4 94 125 141 47
Space G 2 -1 125 109 593 468
G O 1 -4 109 110 124 15
O T 0 4 110 63 125 15
T Space -3 1 63 109 78 15
Space A 2 3 109 109 250 141
A Space -2 -3 109 78 93 -16
Space C 1 1 78 94 156 78
C A 1 2 94 110 234 140
A L 0 -8 110 62 141 31
L L 0 0 62 109 140 78
L Space -2 5 109 125 562 453
Space O 3 -5 125 78 437 312
O Back 1 -4 78 110 592 514
Back I -1 5 110 62 578 468
I N -2 2 62 93 234 172
N Space -1 2 93 125 46 -47
Space T 3 -1 125 78 250 125
T H -1 -1 78 110 140 62
H E 1 3 110 110 78 -32
E Space -3 -1 110 109 32 -78
Space M 1 -3 109 94 218 109
M I 2 -1 94 62 203 109
I D -1 5 62 78 125 63
D D 0 0 78 78 171 93
D L 0 -6 78 109 63 -15
L E 1 6 109 93 109 0
E Space -3 -1 93 109 62 -31
Space O 3 -5 109 94 343 234
O F -1 5 94 140 94 0
F Space -2 0 140 124 94 -46
Space T 3 -1 124 93 546 422
T H -1 -1 93 78 187 94
H E 1 3 78 94 31 -47
E Space -3 -1 94 141 62 -32
Space N 1 -2 141 78 344 203
N I 2 -2 78 93 187 109
I G -1 3 93 109 140 47
G H 0 -1 109 78 125 16
H T 1 1 78 62 94 16
T Space -3 1 62 110 46 -16
Space A 2 3 110 109 250 140
A S 0 -1 109 109 187 78
S K 0 -6 109 47 78 -31
K I 1 0 47 78 141 94
I N -2 2 78 94 171 93
N G 1 1 94 94 78 -16
G LShiftKey -1 5 94 359 858 764
LShiftKey Oem1 1 -10 359 62 250 -109
Oem1 Space -2 6 62 93 156 94
Space LShiftKey 1 4 93 327 156 63
LShiftKey Oem7 1 -11 327 78 171 -156
Oem7 LShiftKey -1 11 78 327 1233 1155
LShiftKey W 2 -2 327 110 249 -78
W E 0 -1 110 78 188 78
E Space -3 -1 78 109 93 15
Space H 2 -2 109 109 219 110
H A 0 5 109 94 124 15
A V -1 -3 94 93 141 47
V E 2 1 93 63 93 0
E Space -3 -1 63 110 78 15
Space A 2 3 110 93 2481 2371
A N -1 -5 93 109 125 32
N Space -1 2 109 125 62 -47
Space U 3 -3 125 78 858 733
U N -2 1 78 94 187 109
N E 2 3 94 94 499 405
E X -2 1 94 124 266 172
X P 2 -8 124 63 327 203
P E 0 7 63 94 78 15
E C -2 0 94 62 219 125
C T 2 -2 62 78 218 156
T E 0 2 78 78 62 -16
E D -1 0 78 93 188 110
D Space -2 -1 93 125 46 -47
Space B 1 -1 125 78 281 156
B A 1 4 78 93 94 16
A B -1 -4 93 109 62 -31
B Y 2 -1 109 125 265 156
Y Space -3 2 125 125 63 -62
Space B 1 -1 125 78 546 421
B O 2 -4 78 94 93 15
O Y 0 3 94 93 266 172
Y LShiftKey -2 6 93 156 904 811
LShiftKey Oem1 1 -10 156 93 344 188
Oem1 Space -2 6 93 109 1045 952
Space D 2 1 109 93 1872 1763
D O 1 -6 93 125 109 16
O Space -3 5 125 124 94 -31
Space Y 3 -2 124 110 280 156
Y O 0 -3 110 94 234 124
O U 0 2 94 109 188 94
U Space -3 3 109 109 78 -31
Space W 3 2 109 78 327 218
W A -1 1 78 125 187 109
A N -1 -5 125 78 78 -47
N T 2 1 78 93 219 141
T Space -3 1 93 78 62 -31
Space H 2 -2 78 109 156 78
H I 1 -2 109 93 219 110
I M -2 1 93 109 171 78
M RShiftKey 0 -4 109 437 936 827
RShiftKey OemQuestion 0 1 437 94 343 -94
OemQuestion LShiftKey 0 10 94 312 219 125
LShiftKey Oem7 1 -11 312 109 125 -187
Oem7 Space -2 7 109 109 561 452
Space LShiftKey 1 4 109 406 234 125
LShiftKey T 2 -5 406 78 343 -63
T H -1 -1 78 110 156 78
H E 1 3 110 140 94 -16
E Y 0 -3 140 109 109 -31
Y Space -3 2 109 109 63 -46
Space S 2 2 109 93 655 546
S A 0 1 93 110 171 78
A I 1 -7 110 78 94 -16
I D -1 5 78 78 140 62
D LShiftKey -1 3 78 2059 328 250
LShiftKey Oem1 1 -10 2059 78 156 -1903
Oem1 Oem7 0 -1 78 93 1451 1373
Oem7 O 1 2 93 78 374 281
O F -1 5 78 93 328 250
F C -1 1 93 94 405 312
C O 2 -6 94 78 125 31
O Back 1 -4 78 93 640 562
Back Back 0 0 93 109 140 47
Back Space -4 9 109 109 406 297
Space C 1 1 109 94 187 78
C O 2 -6 94 78 203 109
O U 0 2 78 109 218 140
U R 0 3 109 125 187 78
R S -1 2 125 110 312 187
S E 1 -1 110 94 203 93
E OemPeriod -2 -6 94 93 1264 1170
OemPeriod LShiftKey 0 9 93 390 171 78
LShiftKey Oem7 1 -11 390 78 203 -187
Oem7 Space -2 7 78 78 2106 2028
Space Left 0 -7 78 702 3370 3292
Left Left 0 0 702 93 905 203
Left Left 0 0 93 124 156 63
Left Left 0 0 124 109 171 47
Left Left 0 0 109 109 172 63
Left Left 0 0 109 125 171 62
Left Space 0 7 125 125 250 125
Space Right 0 -9 125 717 250 125
Right Right 0 0 717 140 920 203
Right Right 0 0 140 109 203 63
Right Right 0 0 109 94 171 62
Right Right 0 0 94 125 172 78
Right Right 0 0 125 125 218 93
Right LShiftKey 1 13 125 280 2372 2247
LShiftKey M 0 -7 280 78 171 -109
M Y 2 1 78 109 219 141
Y Space -3 2 109 93 78 -31
Space B 1 -1 93 93 187 94
B I 2 -3 93 78 296 203
I O 0 -1 78 78 156 78
O L -1 0 78 78 156 78
L O 1 0 78 78 141 63
O G -1 4 78 63 249 171
G I 1 -3 63 93 172 109
I C -2 5 93 94 171 78
C A 1 2 94 125 234 140
A L 0 -8 125 110 78 -47
L Space -2 5 110 109 63 -47
Space M 1 -3 109 109 4103 3994
M O 2 -2 109 125 187 78
O T 0 4 125 94 483 358
T H -1 -1 94 93 188 94
H E 1 3 93 62 62 -31
E R 0 -1 62 93 125 63
R Space -3 0 93 109 62 -31
Space L 2 -5 109 93 172 63
L A 0 8 93 125 109 16
A T 1 -4 125 78 172 47
T E 0 2 78 94 93 15
E R 0 -1 94 94 187 93
R Space -3 0 94 93 110 16
Space F 2 0 93 109 842 749
F O 1 -5 109 78 172 63
O U 0 2 78 63 202 124
U N -2 1 63 94 203 140
N D 1 3 94 125 156 62
D Space -2 -1 125 125 78 -47
Space O 3 -5 125 78 312 187
O U 0 2 78 93 219 141
U T 0 2 93 94 124 31
T Space -3 1 94 78 94 0
Space T 3 -1 78 62 1217 1139
T A -1 4 62 94 249 187
A Back 2 -12 94 109 422 328
Back H -2 7 109 94 1466 1357
H A 0 5 94 125 218 124
A T 1 -4 125 109 47 -78
T Space -3 1 109 109 78 -31
Space M 1 -3 109 94 421 312
M Y 2 1 94 125 281 187
Y Space -3 2 125 109 63 -62
Space M 1 -3 109 62 421 312
M O 2 -2 62 63 171 109
O T 0 4 63 78 297 234
T H -1 -1 78 94 171 93
H E 1 3 94 109 63 -31
E R 0 -1 109 93 203 94
R Space -3 0 93 110 46 -47
Space H 2 -2 110 93 2497 2387
H A 0 5 93 94 93 0
A D 0 -2 94 78 219 125
D Space -2 -1 78 93 31 -47
Space N 1 -2 93 78 218 125
N E 2 3 78 94 78 0
E V -2 -1 94 78 203 109
V E 2 1 78 93 47 -31
E R 0 -1 93 93 156 63
R Space -3 0 93 109 78 -15
Space G 2 -1 109 62 390 281
G G 0 0 62 62 156 94
G Back 2 -8 62 156 437 375
Back R -1 9 156 94 608 452
R A -1 3 94 94 109 15
A D 0 -2 94 62 250 156
D U 1 -4 62 93 125 63
U A -1 6 93 93 109 16
A T 1 -4 93 140 156 63
T E 0 2 140 78 78 -62
E D -1 0 78 94 171 93
D Space -2 -1 94 109 63 -31
Space F 2 0 109 78 249 140
F R 1 0 78 109 172 94
R O 0 -5 109 94 78 -31
O M -2 2 94 141 265 171
M Space -1 3 141 93 94 -47
Space C 1 1 93 125 795 702
C O 2 -6 125 62 141 16
O L -1 0 62 63 171 109
L L 0 0 63 78 125 62
L E 1 6 78 93 5866 5788
E G -1 -2 93 78 109 16
G E 1 2 78 93 94 16
E Space -3 -1 93 125 62 -31
Space A 2 3 125 78 250 125
A N -1 -5 78 78 109 31
N D 1 3 78 109 109 31
D Space -2 -1 109 125 47 -62
Space M 1 -3 125 94 499 374
M Y 2 1 94 125 234 140
Y Space -3 2 125 109 78 -47
Space D 2 1 109 63 265 156
D A 0 2 63 125 125 62
A D 0 -2 125 94 109 -16
D Back 2 -10 94 78 2917 2823
Back Back 0 0 78 94 156 78
Back Back 0 0 94 125 156 62
Back F -2 9 125 109 905 780
F A 0 3 109 109 125 16
A T 1 -4 109 62 125 16
T H -1 -1 62 109 156 94
H E 1 3 109 78 47 -62
E R 0 -1 78 93 156 78
R Space -3 0 93 125 62 -31
Space H 2 -2 125 94 218 93
H A 0 5 94 125 94 0
A D 0 -2 125 110 218 93
D Space -2 -1 110 93 63 -47
Space N 1 -2 93 78 218 125
N E 2 3 78 125 94 16
E V -2 -1 125 93 156 31
V E 2 1 93 62 78 -15
E R 0 -1 62 78 156 94
R Space -3 0 78 109 62 -16
Space G 2 -1 109 94 265 156
G R 1 1 94 94 203 109
R A -1 3 94 110 109 15
A D 0 -2 110 78 141 31
D U 1 -4 78 109 265 187
U A -1 6 109 78 125 16
A T 1 -4 78 94 109 31
T E 0 2 94 78 109 15
E D -1 0 78 110 187 109
D Space -2 -1 110 125 94 -16
Space F 2 0 125 78 125 0
F R 1 0 78 110 171 93
R O 0 -5 110 78 78 -32
O M -2 2 78 109 203 125
M Space -1 3 109 124 63 -46
Space H 2 -2 124 94 327 203
H I 1 -2 94 94 203 109
I G -1 3 94 109 156 62
G H 0 -1 109 94 109 0
H S 0 4 94 110 187 93
S H 0 -4 110 62 328 218
H Back 2 -7 62 124 406 344
Back C -3 10 124 124 156 32
C H 1 -3 124 94 124 0
H O 1 -3 94 78 219 125
O O 0 0 78 78 140 62
O L -1 0 78 109 172 94
L OemPeriod -1 0 109 109 6708 6599
OemPeriod Space -1 5 109 141 218 109
Space S 2 2 141 109 4181 4040
S H 0 -4 109 78 94 -15
H E 1 3 78 78 109 31
E Space -3 -1 78 141 15 -63
Space R 3 0 141 94 515 374
R E 0 1 94 110 187 93
E F -1 -1 110 94 234 124
F U 1 -3 94 78 172 78
U S -1 5 78 94 156 78
S E 1 -1 94 63 187 93
E D -1 0 63 109 125 62
D Space -2 -1 109 109 94 -15
Space T 3 -1 109 78 218 109
T O 0 -4 78 93 94 16
O Space -3 5 93 110 46 -47
Space S 2 2 110 78 968 858
S I 1 -6 78 110 124 46
I G -1 3 110 94 312 202
G N -1 -1 94 125 219 125
N Space -1 2 125 78 78 -47
Space T 3 -1 78 93 234 156
T H -1 -1 93 78 203 110
H E 1 3 78 109 93 15
E Space -3 -1 109 125 31 -78
Space F 2 0 125 109 203 78
F I 1 -4 109 62 125 16
I N -2 2 62 78 265 203
N A 1 5 78 125 125 47
A L 0 -8 125 94 109 -16
L Space -2 5 94 94 78 -16
Space A 2 3 94 94 109 15
A D 0 -2 94 63 234 140
D O 1 -6 63 78 328 265
O P 0 -1 78 94 187 109
P T 0 5 94 93 250 156
T I 0 -3 93 46 125 32
I O 0 -1 46 94 140 94
O Space -3 5 94 140 250 156
Space P 3 -6 140 109 1154 1014
P A -1 9 109 109 125 16
A P 1 -9 109 94 93 -16
P E 0 7 94 140 172 78
E R 0 -1 140 78 234 94
R S -1 2 78 109 796 718
S OemPeriod -1 -7 109 94 124 15
OemPeriod Space -1 5 94 140 188 94
Space LShiftKey 1 4 140 359 265 125
LShiftKey S 1 -2 359 109 265 -94
S H 0 -4 109 63 140 31
H E 1 3 63 78 125 62
E Space -3 -1 78 125 47 -31
Space O 3 -5 125 78 343 218
O N -2 3 78 78 187 109
N L 1 -3 78 94 203 125
L Y 1 3 94 125 250 156
Y Space -3 2 125 78 93 -32
Space R 3 0 78 109 687 609
R E 0 1 109 110 171 62
E L -1 -6 110 78 125 15
L E 1 6 78 125 94 16
E N -2 -3 125 78 203 78
N T 2 1 78 63 280 202
T E 0 2 63 94 78 15
E D -1 0 94 140 219 125
D Space -2 -1 140 110 93 -47
Space A 2 3 110 78 687 577
A Space -2 -3 78 78 125 47
Space F 2 0 78 78 452 374
F E 1 1 78 125 125 47
E W 0 1 125 124 203 78
W Space -3 -2 124 109 62 -62
Space M 1 -3 109 78 281 172
M O 2 -2 78 31 187 109
O N -2 3 31 109 156 125
N T 2 1 109 78 312 203
T H -1 -1 78 93 172 94
H S 0 4 93 93 109 16
S Space -2 -2 93 109 47 -46
Space L 2 -5 109 78 2464 2355
L A 0 8 78 125 234 156
A T 1 -4 125 78 141 16
T E 0 2 78 109 125 47
E R 0 -1 109 109 187 78
R Space -3 0 109 93 125 16
Space W 3 2 93 94 1216 1123
W H -1 -4 94 93 141 47
H E 1 3 93 109 78 -15
E N -2 -3 109 109 125 16
N Space -1 2 109 109 78 -31
Space M 1 -3 109 109 234 125
M Y 2 1 109 93 234 125
Y Space -3 2 93 78 78 -15
Space P 3 -6 78 94 202 124
P A -1 9 94 78 110 16
A R 1 -3 78 78 249 171
R E 0 1 78 93 172 94
E N -2 -3 93 78 78 -15
N T 2 1 78 93 203 125
T S -1 3 93 109 78 -15
S Space -2 -2 109 93 78 -31
Space P 3 -6 93 94 904 811
P R 0 6 94 93 219 125
R O 0 -5 93 78 78 -15
O M -2 2 78 78 203 125
M I 2 -1 78 109 156 78
I S -1 6 109 78 124 15
S E 1 -1 78 110 156 78
E D -1 0 110 109 188 78
D Space -2 -1 109 94 124 15
Space T 3 -1 94 110 624 530
T H -1 -1 110 93 188 78
H A 0 5 93 124 78 -15
A T 1 -4 124 93 109 -15
T Space -3 1 93 93 78 -15
Space LShiftKey 1 4 93 218 234 141
LShiftKey I 2 -8 218 78 125 -93
I Space -3 4 78 110 124 46
Space W 3 2 110 125 468 358
W O 0 -7 125 78 94 -31
O U 0 2 78 63 187 109
U L -1 -2 63 94 187 124
L D 0 6 94 124 110 16
D Space -2 -1 124 93 109 -15
Space S 2 2 93 141 1731 1638
S O 1 -7 141 78 110 -31
O M -2 2 78 63 202 124
M E 2 4 63 94 47 -16
E D -1 0 94 94 203 109
D A 0 2 94 78 203 109
A Y 1 -5 78 93 125 47
Y Space -3 2 93 125 62 -31
Space G 2 -1 125 62 406 281
G O 1 -4 62 125 93 31
O Space -3 5 125 109 63 -62
Space T 3 -1 109 78 249 140
T O 0 -4 78 93 63 -15
O Space -3 5 93 94 46 -47
Space C 1 1 94 109 375 281
C O 2 -6 109 63 93 -16
O L -1 0 63 62 172 109
L L 0 0 62 94 109 47
L E 1 6 94 109 125 31
E G -1 -2 109 78 140 31
G E 1 2 78 109 125 47
E OemQuestion -2 -7 109 78 655 546
OemQuestion Back 3 -3 78 94 406 328
Back OemPeriod -3 4 94 109 203 109
OemPeriod Return 1 -3 109 110 795 686
Return LShiftKey -1 12 110 359 437 327
LShiftKey A 1 -1 359 156 265 -94
A N -1 -5 156 94 468 312
N D 1 3 94 125 172 78
D Space -2 -1 125 109 94 -31
Space D1 4 3 109 94 904 795
D1 D7 0 -6 94 109 437 343
D7 Space -4 3 109 156 47 -62
Space Y 3 -2 156 109 281 125
Y E 0 3 109 94 93 -16
E A -1 2 94 125 203 109
A R 1 -3 125 109 141 16
R S -1 2 109 94 93 -16
S Space -2 -2 94 109 63 -31
Space L 2 -5 109 110 514 405
L A 0 8 110 125 141 31
A T 1 -4 125 93 203 78
T E 0 2 93 109 78 -15
E R 0 -1 109 94 171 62
R Space -3 0 94 94 109 15
Space LShiftKey 1 4 94 921 203 109
LShiftKey I 2 -8 921 78 827 -94
I Space -3 4 78 125 109 31
Space D 2 1 125 110 187 62
D I 1 -5 110 78 125 15
I D -1 5 78 93 94 16
D Space -2 -1 93 125 62 -31
Space G 2 -1 125 109 312 187
G O 1 -4 109 110 109 0
O Space -3 5 110 125 47 -63
Space T 3 -1 125 93 172 47
T O 0 -4 93 93 78 -15
O Space -3 5 93 109 47 -46
Space C 1 1 109 156 312 203
C O 2 -6 156 78 140 -16
O L -1 0 78 62 172 94
L L 0 0 62 94 124 62
L E 1 6 94 93 141 47
E G -1 -2 93 94 109 16
G E 1 2 94 110 140 46
E OemPeriod -2 -6 110 109 453 343
OemPeriod Space -1 5 109 125 171 62
Space LShiftKey 1 4 125 265 110 -15
LShiftKey B 0 -5 265 62 140 -125
B U 2 -2 62 78 218 156
U T 0 2 78 110 312 234
T Space -3 1 110 93 63 -47
Space LShiftKey 1 4 93 624 452 359
LShiftKey I 2 -8 624 93 484 -140
I Space -3 4 93 109 156 63
Space N 1 -2 109 78 312 203
N A 1 5 78 125 109 31
A I 1 -7 125 78 764 639
I V -2 4 78 63 312 234
V E 2 1 63 109 94 31
E L -1 -6 109 78 187 78
L Y 1 3 78 109 250 172
Y Space -3 2 109 78 93 -16
Space C 1 1 78 109 983 905
C H 1 -3 109 78 250 141
H O 1 -3 78 94 171 93
O S -1 7 94 110 234 140
S E 1 -1 110 78 234 124
E Space -3 -1 78 93 110 32
Space A 2 3 93 140 1435 1342
A Space -2 -3 140 110 93 -47
Space C 1 1 110 109 219 109
C O 2 -6 109 63 93 -16
O L -1 0 63 78 188 125
L L 0 0 78 31 187 109
L E 1 6 31 93 905 874
E G -1 -2 93 78 93 0
G E 1 2 78 94 109 31
E Space -3 -1 94 109 32 -62
Space T 3 -1 109 78 702 593
T H -1 -1 78 47 202 124
H A 0 5 47 125 63 16
A T 1 -4 125 109 109 -16
T Space -3 1 109 94 78 -31
Space W 3 2 94 109 187 93
W A -1 1 109 94 187 78
A S 0 -1 94 94 156 62
S Space -2 -2 94 110 78 -16
Space A 2 3 110 124 188 78
A L 0 -8 124 78 514 390
L O 1 0 78 78 188 110
O Back 1 -4 78 78 405 327
Back M -3 6 78 78 203 125
M O 2 -2 78 78 187 109
O S -1 7 78 109 515 437
S T 1 -3 109 109 156 47
T Space -3 1 109 78 78 -31
Space A 2 3 78 109 1763 1685
A S 0 -1 109 78 218 109
S Space -2 -2 78 94 78 0
Space E 3 1 94 94 312 218
E X -2 1 94 125 390 296
X P 2 -8 125 78 312 187
P E 0 7 78 109 63 -15
E N -2 -3 109 62 265 156
N S 1 4 62 125 1201 1139
S I 1 -6 125 94 140 15
I V -2 4 94 78 266 172
V E 2 1 78 109 218 140
E Space -3 -1 109 78 140 31
Space A 2 3 78 93 812 734
A S 0 -1 93 94 2277 2184
S Space -2 -2 94 109 125 31
Space LShiftKey 1 4 109 249 359 250
LShiftKey S 1 -2 249 110 171 -78
S T 1 -3 110 94 281 171
T A -1 4 94 63 109 15
A N -1 -5 63 93 141 78
N F 1 2 93 109 468 375
F O 1 -5 109 78 125 16
O R 0 5 78 109 156 78
R D -1 1 109 141 249 140
D OemPeriod -1 -6 141 78 1139 998
OemPeriod Space -1 5 78 109 250 172
Space A 2 3 109 125 109 0
A N -1 -5 125 94 140 15
N D 1 3 94 78 125 31
D Space -2 -1 78 93 94 16
Space Back 4 -9 93 78 717 624
Back Back 0 0 78 62 172 94
Back Back 0 0 62 94 140 78
Back Back 0 0 94 109 437 343
Back Back 0 0 109 31 234 125
Back Back 0 0 31 78 125 94
Back Oemcomma -3 5 78 78 811 733
Oemcomma Space -1 4 78 125 62 -16
Space A 2 3 125 140 188 63
A N -1 -5 140 62 218 78
N D 1 3 62 109 156 94
D Space -2 -1 109 93 94 -15
Space A 2 3 93 141 1029 936
A Oem1 0 -9 141 31 172 31
Oem1 Oem1 0 0 31 78 218 187
Oem1 Space -2 6 78 110 187 109
Space Back 4 -9 110 78 500 390
Back Back 0 0 78 78 156 78
Back Back 0 0 78 93 156 78
Back Oem1 -2 3 93 62 421 328
Oem1 Back 2 -3 62 109 343 281
Back L -2 4 109 78 234 125
L L 0 0 78 93 172 94
L Space -2 5 93 109 62 -31
Space M 1 -3 109 78 375 266
M Y 2 1 78 109 249 171
Y Space -3 2 109 109 63 -46
Space W 3 2 109 125 280 171
W O 0 -7 125 94 94 -31
O R 0 5 94 94 187 93
R K -1 -4 94 78 109 15
K I 1 0 78 78 156 78
I N -2 2 78 94 172 94
N G 1 1 94 94 187 93
G Space -2 1 94 110 109 15
Space C 1 1 110 140 640 530
C L 1 -6 140 78 125 -15
L A 0 8 78 125 171 93
A S 0 -1 125 63 234 109
S S 0 0 63 93 141 78
S Space -2 -2 93 109 78 -15
Space P 3 -6 109 63 296 187
P A -1 9 63 94 359 296
A R 1 -3 94 78 281 187
R E 0 1 78 125 171 93
E N -2 -3 125 78 250 125
N T 2 1 78 78 749 671
T S -1 3 78 109 125 47
S Oem7 0 -9 109 78 982 873
Oem7 Space -2 7 78 109 281 203
Space S 2 2 109 78 1170 1061
S A 0 1 78 94 156 78
A V -1 -3 94 109 780 686
V I 2 -4 109 94 156 47
I N -2 2 94 78 219 125
N G 1 1 78 110 202 124
G Space -2 1 110 109 63 -47
Space W 3 2 109 94 889 780
W E 0 -1 94 94 187 93
E R 0 -1 94 109 203 109
R E 0 1 109 94 234 125
E Space -3 -1 94 109 78 -16
Space B 1 -1 109 94 577 468
B E 2 2 94 125 94 0
E I 0 -5 125 93 156 31
I N -2 2 93 94 187 94
N G 1 1 94 94 234 140
G Space -2 1 94 78 78 -16
Space S 2 2 78 140 749 671
S P 1 -8 140 78 515 375
P E 0 7 78 125 124 46
E N -2 -3 125 78 156 31
N T 2 1 78 125 250 172
T Space -3 1 125 109 78 -47
Space O 3 -5 109 94 764 655
O N -2 3 94 109 250 156
N Space -1 2 109 141 31 -78
Space M 1 -3 141 78 437 296
M Y 2 1 78 125 234 156
Y Space -3 2 125 109 78 -47
Space C 1 1 109 124 172 63
C O 2 -6 124 78 93 -31
O L -1 0 78 47 187 109
L L 0 0 47 94 125 78
L E 1 6 94 94 125 31
E G -1 -2 94 78 125 31
G E 1 2 78 94 93 15
E Space -3 -1 94 109 32 -62
Space T 3 -1 109 109 265 156
T U 0 -2 109 93 312 203
U I 0 -1 93 94 187 94
I T 0 3 94 47 281 187
T I 0 -3 47 78 62 15
I O 0 -1 78 78 141 63
O N -2 3 78 78 202 124
N OemPeriod 0 -3 78 94 874 796
OemPeriod Space -1 5 94 94 187 93
Space A 2 3 94 156 312 218
A F 0 -3 156 78 141 -15
F T 1 -1 78 78 171 93
T E 0 2 78 93 63 -15
E R 0 -1 93 109 187 94
R Space -3 0 109 110 93 -16
Space S 2 2 110 94 562 452
S I 1 -6 94 93 203 109
I X -2 6 93 124 125 32
X Space -1 -2 124 109 109 -15
Space M 1 -3 109 78 1154 1045
M O 2 -2 78 78 187 109
O N -2 3 78 78 172 94
N T 2 1 78 78 234 156
T H -1 -1 78 109 156 78
H S 0 4 109 93 125 16
S Oemcomma -1 -6 93 78 593 500
Oemcomma Space -1 4 78 125 187 109
Space LShiftKey 1 4 125 234 140 15
LShiftKey I 2 -8 234 62 141 -93
I Space -3 4 62 94 140 78
Space C 1 1 94 62 156 62
C O 2 -6 62 109 94 32
O U 0 2 109 78 249 140
U L -1 -2 78 62 297 219
L D 0 6 62 94 202 140
D Oem7 0 -8 94 78 640 546
Oem7 N -1 5 78 78 468 390
N T 2 1 78 109 234 156
T Space -3 1 109 110 62 -47
Space Back 4 -9 110 109 593 483
Back Back 0 0 109 94 156 47
Back Back 0 0 94 78 156 62
Back Back 0 0 78 109 156 78
Back N -3 7 109 63 733 624
N Oem7 1 -5 63 78 422 359
Oem7 T 1 6 78 125 374 296
T Space -3 1 125 125 78 -47
Space S 2 2 125 125 3479 3354
S E 1 -1 125 78 265 140
E E 0 0 78 93 172 94
E Space -3 -1 93 109 109 16
Space T 3 -1 109 62 343 234
T H -1 -1 62 78 187 125
H E 1 3 78 93 63 -15
E Space -3 -1 93 110 46 -47
Space V 1 0 110 94 234 124
V A 1 3 94 141 156 62
A L 0 -8 141 78 359 218
L I 1 1 78 93 172 94
I E 0 5 93 109 125 32
E Space -3 -1 109 93 109 0
Space Back 4 -9 93 109 468 375
Back Back 0 0 109 78 187 78
Back Back 0 0 78 94 156 78
Back U -1 6 94 78 546 452
U E 0 4 78 93 94 16
E Space -3 -1 93 109 31 -62
Space I 3 -4 109 94 140 31
I N -2 2 94 125 234 140
N Space -1 2 125 125 47 -78
Space I 3 -4 125 93 250 125
I T 0 3 93 93 156 63
T OemPeriod -2 -4 93 62 2449 2356
OemPeriod Space -1 5 62 93 156 94
Space LShiftKey 1 4 93 234 171 78
LShiftKey I 2 -8 234 78 125 -109
I Space -3 4 78 109 125 47
Space H 2 -2 109 78 655 546
H A 0 5 78 110 31 -47
A D 0 -2 110 78 203 93
D Space -2 -1 78 109 47 -31
Space N 1 -2 109 78 203 94
N O 2 -3 78 125 140 62
O Space -3 5 125 124 63 -62
Space I 3 -4 124 93 265 141
I D -1 5 93 94 171 78
D E 1 0 94 78 172 78
E A -1 2 78 109 187 109
A Space -2 -3 109 110 655 546
Space W 3 2 110 125 328 218
W H -1 -4 125 110 296 171
H A 0 5 110 109 125 15
A T 1 -4 109 93 94 -15
T Space -3 1 93 124 47 -46
Space I 3 -4 124 94 280 156
I Space -3 4 94 109 63 -31
Space W 3 2 109 110 639 530
W A -1 1 110 125 219 109
A N -1 -5 125 94 140 15
N T 2 1 94 78 219 125
T E 0 2 78 78 62 -16
E D -1 0 78 93 172 94
D Space -2 -1 93 109 78 -15
Space T 3 -1 109 94 1310 1201
T O 0 -4 94 125 78 -16
O Space -3 5 125 109 94 -31
Space D 2 1 109 110 202 93
D O 1 -6 110 125 63 -47
O Space -3 5 125 109 78 -47
Space W 3 2 109 93 1061 952
W I 0 -6 93 94 62 -31
I T 0 3 94 78 218 124
T H -1 -1 78 109 172 94
H Space -2 2 109 94 78 -31
Space M 1 -3 94 109 250 156
M Y 2 1 109 93 234 125
Y Space -3 2 93 109 62 -31
Space L 2 -5 109 125 624 515
L I 1 1 125 78 218 93
I F -1 4 78 63 156 78
F E 1 1 63 109 172 109
E Space -3 -1 109 109 125 16
Space A 2 3 109 94 1185 1076
A N -1 -5 94 78 188 94
N D 1 3 78 94 93 15
D Space -2 -1 94 109 78 -16
Space N 1 -2 109 156 1170 1061
N O 2 -3 156 156 47 -109
O Space -3 5 156 156 94 -62
Space I 3 -4 156 78 530 374
I D -1 5 78 78 172 94
D E 1 0 78 62 140 62
E A -1 2 62 94 187 125
A Space -2 -3 94 109 94 0
Space H 2 -2 109 78 343 234
H O 1 -3 78 141 140 62
O W 0 7 141 109 734 593
W Space -3 -2 109 94 124 15
Space C 1 1 94 78 2481 2387
C O 2 -6 78 78 62 -16
O L -1 0 78 63 187 109
L L 0 0 63 78 125 62
L E 1 6 78 78 172 94
E G -1 -2 78 63 93 15
G E 1 2 63 78 94 31
E Space -3 -1 78 110 62 -16
Space W 3 2 110 94 156 46
W A -1 1 94 94 203 109
A S 0 -1 94 94 187 93
S Space -2 -2 94 110 78 -16
Space G 2 -1 110 78 765 655
G O 1 -4 78 94 93 15
O I 0 1 94 78 172 78
I N -2 2 78 94 218 140
N G 1 1 94 93 141 47
G Space -2 1 93 93 78 -15
Space T 3 -1 93 78 1045 952
T O 0 -4 78 93 94 16
O Space -3 5 93 125 62 -31
Space H 2 -2 125 78 250 125
H E 1 3 78 140 109 31
E L -1 -6 140 78 125 -15
L P 1 -1 78 94 374 296
P Space -3 6 94 109 78 -16
Space M 1 -3 109 62 2075 1966
M E 2 4 62 109 78 16
E Space -3 -1 109 109 62 -47
Space F 2 0 109 78 562 453
F I 1 -4 78 93 125 47
I G -1 3 93 94 327 234
G U 1 -2 94 109 297 203
U R 0 3 109 93 265 156
R E 0 1 93 93 203 110
E Space -3 -1 93 110 46 -47
Space I 3 -4 110 94 1092 982
I Space -3 4 94 140 188 94
Space Back 4 -9 140 125 343 203
Back T -1 8 125 78 140 15
T Space -3 1 78 94 78 0
Space O 3 -5 94 94 515 421
O U 0 2 94 93 671 577
U T 0 2 93 109 78 -15
T OemPeriod -2 -4 109 46 1061 952
OemPeriod Space -1 5 46 93 187 141
Space LShiftKey 1 4 93 249 78 -15
LShiftKey A 1 -1 249 125 171 -78
A N -1 -5 125 78 94 -31
N D 1 3 78 94 156 78
D Space -2 -1 94 110 62 -32
Space H 2 -2 110 93 188 78
H E 1 3 93 109 78 -15
E R 0 -1 109 94 171 62
R E 0 1 94 93 172 78
E Space -3 -1 93 93 78 -15
Space LShiftKey 1 4 93 265 2714 2621
LShiftKey I 2 -8 265 94 187 -78
I Space -3 4 94 78 125 31
Space W 3 2 78 93 94 16
W A -1 1 93 93 203 110
A S 0 -1 93 94 171 78
S Space -2 -2 94 93 63 -31
Space S 2 2 93 125 124 31
S P 1 -8 125 94 234 109
P E 0 7 94 78 110 16
E N -2 -3 78 78 140 62
N D 1 3 78 109 156 78
D I 1 -5 109 47 125 16
I N -2 2 47 94 171 124
N G 1 1 94 94 250 156
G Space -2 1 94 94 62 -32
Space A 2 3 94 94 1030 936
A L 0 -8 94 94 62 -32
L L 0 0 94 94 203 109
L Space -2 5 94 109 63 -31
Space O 3 -5 109 93 312 203
O F -1 5 93 109 421 328
F Space -2 0 109 78 62 -47
Space T 3 -1 78 110 187 109
T H -1 -1 110 93 687 577
H E 1 3 93 94 109 16
E Space -3 -1 94 109 47 -47
Space M 1 -3 109 62 499 390
M O 2 -2 62 78 172 110
O N -2 3 78 78 202 124
N E 2 3 78 125 63 -15
E Y 0 -3 125 94 140 15
Y Space -3 2 94 109 63 -31
Space M 1 -3 109 94 280 171
M Y 2 1 94 109 219 125
Y Space -3 2 109 109 62 -47
Space P 3 -6 109 63 343 234
P A -1 9 63 125 78 15
A R 1 -3 125 93 266 141
R E 0 1 93 125 171 78
E N -2 -3 125 78 1030 905
N T 2 1 78 94 218 140
T S -1 3 94 109 78 -16
S Space -2 -2 109 78 1482 1373
Space H 2 -2 78 78 250 172
H A 0 5 78 94 93 15
A D 0 -2 94 93 188 94
D Space -2 -1 93 109 78 -15
Space S 2 2 109 94 171 62
S A 0 1 94 125 156 62
A V -1 -3 125 78 109 -16
V E 2 1 78 78 94 16
E D -1 0 78 109 156 78
D Space -2 -1 109 94 109 0
Space T 3 -1 94 93 1108 1014
T H -1 -1 93 94 218 125
H E 1 3 94 140 141 47
E I 0 -5 140 94 124 -16
I R 0 4 94 94 125 31
R Space -3 0 94 94 109 15
Space E 3 1 94 31 328 234
E N -2 -3 31 63 109 78
N T 2 1 63 93 484 421
T I 0 -3 93 93 78 -15
I R 0 4 93 94 140 47
R E 0 1 94 125 156 62
E Space -3 -1 125 94 78 -47
Space L 2 -5 94 47 187 93
L I 1 1 47 93 141 94
I F -1 4 93 93 78 -15
F E 1 1 93 109 187 94
E OemPeriod -2 -6 109 94 1700 1591
OemPeriod Space -1 5 94 94 172 78
Space LShiftKey 1 4 94 234 172 78
LShiftKey S 1 -2 234 93 187 -47
S O 1 -7 93 78 15 -78
O Space -3 5 78 94 172 94
Space I 3 -4 94 141 733 639
I Space -3 4 141 125 78 -63
Space D 2 1 125 93 172 47
D E 1 0 93 93 156 63
E C -2 0 93 94 218 125
C I 2 -5 94 93 94 0
I D -1 5 93 94 140 47
D E 1 0 94 78 187 93
E D -1 0 78 93 188 110
D Space -2 -1 93 109 78 -15
Space T 3 -1 109 109 3463 3354
T O 0 -4 109 110 93 -16
O Space -3 5 110 109 63 -47
Space F 2 0 109 109 234 125
F Back 2 -9 109 124 359 250
Back D -2 10 124 94 124 0
D R 1 -1 94 78 188 94
R O 0 -5 78 63 93 15
O P 0 -1 63 109 156 93
P Space -3 6 109 109 63 -46
Space O 3 -5 109 109 655 546
O U 0 2 109 78 405 296
U T 0 2 78 125 156 78
T Space -3 1 125 124 110 -15
Space A 2 3 124 110 904 780
A N -1 -5 110 63 125 15
N D 1 3 63 93 94 31
D Space -2 -1 93 94 62 -31
Space T 3 -1 94 78 297 203
T R 0 1 78 31 187 109
R U 0 -3 31 94 109 78
U S -1 5 94 125 296 202
S T 1 -3 125 109 94 -31
T Space -3 1 109 110 62 -47
Space T 3 -1 110 93 2840 2730
T H -1 -1 93 78 187 94
H A 0 5 78 156 93 15
A T 1 -4 156 94 94 -62
T Space -3 1 94 78 62 -32
Space I 3 -4 78 78 593 515
I S -1 6 78 110 109 31
S Space -2 -2 110 125 47 -63
Space W 3 2 125 109 203 78
W Back 1 -11 109 78 359 250
Back Back 0 0 78 78 156 78
Back Back 0 0 78 125 608 530
Back T -1 8 125 110 421 296
T Space -3 1 110 94 94 -16
Space W 3 2 94 78 78 -16
W A -1 1 78 94 187 109
A S 0 -1 94 125 172 78
S Space -2 -2 125 94 109 -16
Space Back 4 -9 94 109 9407 9313
Back Back 0 0 109 94 187 78
Back Back 0 0 94 78 156 62
Back O -1 4 78 109 702 624
O U 0 2 109 78 203 94
U L -1 -2 78 109 187 109
L D 0 6 109 78 156 47
D Space -2 -1 78 110 31 -47
Space A 2 3 110 124 1280 1170
A L 0 -8 124 78 156 32
L L 0 0 78 93 187 109
L Space -2 5 93 93 78 -15
Space W 3 2 93 125 499 406
W O 0 -7 125 78 140 15
O R 0 5 78 93 219 141
R K -1 -4 93 94 109 16
K Space -2 4 94 109 47 -47
Space O 3 -5 109 78 218 109
O U 0 2 78 78 219 141
U T 0 2 78 78 577 499
T Space -3 1 78 109 218 140
Space LShiftKey 1 4 109 437 1373 1264
LShiftKey O 2 -9 437 78 140 -297
O K -1 1 78 78 156 78
K OemPeriod -1 -1 78 78 656 578
OemPeriod Space -1 5 78 94 171 93
Space LShiftKey 1 4 94 188 109 15
LShiftKey I 2 -8 188 78 110 -78
I T 0 3 78 78 405 327
T Space -3 1 78 78 63 -15
Space W 3 2 78 78 93 15
W A -1 1 78 125 203 125
A S 0 -1 125 109 203 78
S Space -2 -2 109 110 93 -16
Space P 3 -6 110 78 437 327
P R 0 6 78 94 125 47
R E 0 1 94 125 156 62
E T 0 -2 125 78 203 78
T T 0 0 78 63 140 62
T Y 0 -1 63 125 172 109
Y Space -3 2 125 109 78 -47
Space S 2 2 109 93 905 796
S C -1 -1 93 93 156 63
C A 1 2 93 93 109 16
A R 1 -3 93 109 1482 1389
R Y 0 -2 109 109 187 78
Y Space -3 2 109 125 62 -47
Space A 2 3 125 125 234 109
A T 1 -4 125 109 203 78
T Space -3 1 109 124 63 -46
Space T 3 -1 124 78 733 609
T H -1 -1 78 78 187 109
H E 1 3 78 78 78 0
E Space -3 -1 78 124 16 -62
Space T 3 -1 124 124 624 500
T I 0 -3 124 78 109 -15
I M -2 1 78 78 187 109
M E 2 4 78 125 47 -31
E Oemcomma -2 -5 125 78 967 842
Oemcomma Space -1 4 78 109 156 78
Space B 1 -1 109 94 296 187
B U 2 -2 94 78 656 562
U T 0 2 78 125 187 109
T Space -3 1 125 109 78 -47
Space L 2 -5 109 78 733 624
L O 1 0 78 63 218 140
O O 0 0 63 78 125 62
O K -1 1 78 78 172 94
K I 1 0 78 78 140 62
I N -2 2 78 78 187 109
N G 1 1 78 109 188 110
G Space -2 1 109 109 78 -31
Space B 1 -1 109 93 187 78
B A 1 4 93 140 78 -15
A C -1 -2 140 140 312 172
C K 1 -5 140 78 125 -15
K Space -2 4 78 109 31 -47
Space I 3 -4 109 109 1295 1186
I Y 0 2 109 78 358 249
Y Back 1 -7 78 125 281 203
Back T -1 8 125 110 343 218
T Space -3 1 110 78 78 -32
Space W 3 2 78 94 94 16
W A -1 1 94 109 187 93
A S 0 -1 109 109 172 63
S Space -2 -2 109 110 93 -16
Space O 3 -5 110 78 921 811
O N -2 3 78 78 234 156
N E 2 3 78 94 62 -16
E Space -3 -1 94 109 63 -31
Space O 3 -5 109 93 234 125
O F -1 5 93 109 187 94
F Space -2 0 109 109 62 -47
Space T 3 -1 109 109 203 94
T H -1 -1 109 78 187 78
H E 1 3 78 124 63 -15
E Space -3 -1 124 109 62 -62
Space B 1 -1 109 78 780 671
B E 2 2 78 62 94 16
E S -1 1 62 109 218 156
S T 1 -3 109 109 78 -31
T Space -3 1 109 125 62 -47
Space D 2 1 125 94 952 827
D E 1 0 94 124 172 78
E C -2 0 124 94 530 406
C I 2 -5 94 78 109 15
I S -1 6 78 94 156 78
S I 1 -6 94 78 78 -16
I O 0 -1 78 109 172 94
O N -2 3 109 78 249 140
N S 1 4 78 94 172 94
S Space -2 -2 94 109 109 15
Space LShiftKey 1 4 109 312 671 562
LShiftKey I 2 -8 312 78 218 -94
I Space -3 4 78 156 125 47
Space E 3 1 156 125 250 94
E V -2 -1 125 62 109 -16
V E 2 1 62 109 94 32
E R 0 -1 109 109 327 218
R Space -3 0 109 109 281 172
Space M 1 -3 109 78 296 187
M A 1 6 78 109 63 -15
A D 0 -2 109 94 249 140
D E 1 0 94 125 172 78
E OemPeriod -2 -6 125 78 1248 1123
OemPeriod Space -1 5 78 93 172 94
Space LShiftKey 1 4 93 249 109 16
LShiftKey T 2 -5 249 63 171 -78
T H -1 -1 63 94 156 93
H E 1 3 94 93 110 16
E Space -3 -1 93 110 46 -47
Space M 1 -3 110 94 312 202
M I 2 -1 94 78 219 125
I N -2 2 78 78 203 125
N U 2 -1 78 78 202 124
U T 0 2 78 78 219 141
T E 0 2 78 78 109 31
E Space -3 -1 78 93 47 -31
Space LShiftKey 1 4 93 202 671 578
LShiftKey I 2 -8 202 63 124 -78
I Space -3 4 63 109 125 62
Space D 2 1 109 109 125 16
D R 1 -1 109 109 406 297
R O 0 -5 109 46 156 47
O P 0 -1 46 94 140 94
P P 0 0 94 78 156 62
P E 0 7 78 109 109 31
E D -1 0 109 109 203 94
D Space -2 -1 109 125 78 -31
Space O 3 -5 125 78 1092 967
O U 0 2 78 94 234 156
U T 0 2 94 62 203 109
T Space -3 1 62 109 78 16
Space LShiftKey 1 4 109 234 281 172
LShiftKey I 2 -8 234 78 140 -94
I Space -3 4 78 93 125 47
Space C 1 1 93 93 125 32
C O 2 -6 93 94 93 0
O U 0 2 94 62 203 109
U L -1 -2 62 93 172 110
L D 0 6 93 109 109 16
D Space -2 -1 109 94 93 -16
Space S 2 2 94 125 999 905
S T 1 -3 125 47 405 280
T O 0 -4 47 109 484 437
O P 0 -1 109 125 374 265
P Space -3 6 125 125 141 16
Space T 3 -1 125 110 561 436
T A -1 4 110 141 156 46
A K 0 -7 141 78 156 15
K I 1 0 78 62 172 94
I N -2 2 62 109 156 94
N G 1 1 109 94 218 109
G Space -2 1 94 93 63 -31
Space R 3 0 93 94 1544 1451
R G -1 -1 94 78 203 109
G E 1 2 78 110 62 -16
E Space -3 -1 110 125 78 -32
Space R 3 0 125 94 468 343
R E 0 1 94 110 156 62
E Q 0 2 110 109 250 140
Q U 0 -6 109 94 156 47
U I 0 -1 94 94 187 93
I R 0 4 94 110 109 15
R E 0 1 110 94 203 93
E D -1 0 94 125 187 93
D Space -2 -1 125 78 141 16
Space Left 0 -7 78 858 4056 3978
Left Right 0 -2 858 140 2917 2059
Right Back 4 0 140 78 1451 1311
Back Back 0 0 78 93 156 78
Back T -1 8 93 78 749 656
T E 0 2 78 93 265 187
E Back 1 -10 93 94 655 562
Back H -2 7 94 78 359 265
H E 1 3 78 125 109 31
E Back 1 -10 125 78 1154 1029
Back Right -4 0 78 795 578 500
Right Right 0 0 795 125 1185 390
Right C 1 10 125 125 702 577
C L 1 -6 125 78 156 31
L A 0 8 78 109 125 47
A S 0 -1 109 78 203 94
S S 0 0 78 93 156 78
S E 1 -1 93 63 171 78
E S -1 1 63 94 156 93
S Space -2 -2 94 110 78 -16
Space T 3 -1 110 94 437 327
T H -1 -1 94 78 187 93
H A 0 5 78 109 94 16
A T 1 -4 109 93 94 -15
T Space -3 1 93 110 46 -47
Space D 2 1 110 109 453 343
D I 1 -5 109 78 93 -16
I D -1 5 78 140 94 16
D N -1 -3 140 78 265 125
N T 2 1 78 78 203 125
T Space -3 1 78 110 1232 1154
Space I 3 -4 110 78 1295 1185
I N -2 2 78 109 172 94
N T 2 1 109 78 249 140
T E 0 2 78 93 63 -15
E R 0 -1 93 94 187 94
R E 0 1 94 94 156 62
E S -1 1 94 110 218 124
S T 1 -3 110 140 94 -16
T Space -3 1 140 109 78 -62
Space M 1 -3 109 78 640 531
M E 2 4 78 109 93 15
E Oemcomma -2 -5 109 63 421 312
Oemcomma Space -1 4 63 109 141 78
Space A 2 3 109 125 218 109
A N -1 -5 125 93 406 281
N D 1 3 93 93 125 32
D Space -2 -1 93 94 62 -31
Space B 1 -1 94 110 2480 2386
B E 2 2 110 109 94 -16
E I 0 -5 109 78 203 94
I N -2 2 78 94 171 93
N G 1 1 94 94 203 109
G Space -2 1 94 78 78 -16
Space D 2 1 78 125 1482 1404
D R 1 -1 125 94 234 109
R O 0 -5 94 109 375 281
O P 0 -1 109 62 374 265
P P 0 0 62 78 125 63
P I 0 2 78 78 187 109
I N -2 2 78 63 187 109
N G 1 1 63 78 2169 2106
G Space -2 1 78 94 436 358
Space I 3 -4 94 93 656 562
I N -2 2 93 93 234 141
N Space -1 2 93 125 46 -47
Space O 3 -5 125 109 874 749
O Space -3 5 109 125 281 172
Space Back 4 -9 125 109 437 312
Back N -3 7 109 109 717 608
N Space -1 2 109 78 63 -46
Space T 3 -1 78 109 234 156
T H -1 -1 109 110 202 93
H E 1 3 110 124 110 0
E Space -3 -1 124 94 46 -78
Space O 3 -5 94 94 468 374
O N -2 3 94 109 203 109
N E 2 3 109 78 390 281
E S -1 1 78 125 203 125
S Space -2 -2 125 63 187 62
Space T 3 -1 63 78 593 530
T H -1 -1 78 63 187 109
H A 0 5 63 110 109 46
A T 1 -4 110 94 94 -16
T Space -3 1 94 94 78 -16
Space L 2 -5 94 93 359 265
L O 1 0 93 78 203 110
O O 0 0 78 109 140 62
O K -1 1 109 109 203 94
K E 1 5 109 78 577 468
E D -1 0 78 124 172 94
D Space -2 -1 124 78 93 -31
Space I 3 -4 78 94 156 78
I N -2 2 94 94 187 93
N T 2 1 94 78 250 156
T E 0 2 78 78 78 0
E R 0 -1 78 109 156 78
R E 0 1 109 94 187 78
E S -1 1 94 110 187 93
S T 1 -3 110 124 266 156
T I 0 -3 124 94 296 172
I N -2 2 94 78 203 109
N G 1 1 78 94 171 93
G OemPeriod -1 -4 94 93 531 437
OemPeriod Right -1 -4 93 141 4851 4758
Right Back 4 0 141 78 312 171
Back N -3 7 78 94 437 359
N Left -1 -5 94 109 5211 5117
Left H 2 5 109 109 639 530
H Left -2 -5 109 156 1389 1280
Left Left 0 0 156 109 234 78
Left Left 0 0 109 94 171 62
Left Left 0 0 94 125 172 78
Left Space 0 7 125 125 296 171
Space Return 2 -8 125 93 19485 19360
Return LShiftKey -1 12 93 265 203 110
LShiftKey I 2 -8 265 93 156 -109
I T 0 3 93 78 358 265
T Space -3 1 78 78 63 -15
Space W 3 2 78 93 125 47
W A -1 1 93 78 187 94
A S 0 -1 78 94 171 93
S N -1 -4 94 62 110 16
N T 2 1 62 94 280 218
T Space -3 1 94 78 63 -31
Space A 2 3 78 109 1232 1154
A L 0 -8 109 62 219 110
L L 0 0 62 125 140 78
L Space -2 5 125 141 62 -63
Space R 3 0 141 109 422 281
R O 0 -5 109 78 93 -16
O M -2 2 78 78 187 109
M A 1 6 78 125 63 -15
A N -1 -5 125 62 187 62
N T 2 1 62 93 250 188
T I 0 -3 93 93 312 219
I C -2 5 93 78 109 16
C Space -1 -1 78 109 1248 1170
Space LShiftKey 1 4 109 202 359 250
LShiftKey Back 3 -13 202 110 358 156
Back OemPeriod -3 4 110 46 656 546
OemPeriod Space -1 5 46 141 124 78
Space LShiftKey 1 4 141 219 125 -16
LShiftKey I 2 -8 219 78 141 -78
I Space -3 4 78 109 140 62
Space D 2 1 109 109 187 78
D I 1 -5 109 94 78 -31
I D -1 5 94 110 109 15
D N -1 -3 110 78 94 -16
N T 2 1 78 109 125 47
T Space -3 1 109 110 93 -16
Space H 2 -2 110 125 3198 3088
H A 0 5 125 125 63 -62
A V -1 -3 125 94 171 46
V E 2 1 94 78 78 -16
E Space -3 -1 78 109 94 16
Space A 2 3 109 125 125 16
A Space -2 -3 125 109 78 -47
Space D 2 1 109 125 234 125
D O 1 -6 125 109 234 109
O R 0 5 109 109 125 16
R M -2 -3 109 109 140 31
M Space -1 3 109 109 47 -62
Space R 3 0 109 124 359 250
R O 0 -5 124 78 140 16
O O 0 0 78 78 140 62
O M -2 2 78 93 188 110
M Space -1 3 93 156 1528 1435
Space Back 4 -9 156 125 780 624
Back Oemcomma -3 5 125 125 624 499
Oemcomma Space -1 4 125 78 110 -15
Space S 2 2 78 94 93 15
S O 1 -7 94 94 78 -16
O Space -3 5 94 47 109 15
Space LShiftKey 1 4 47 249 843 796
LShiftKey I 2 -8 249 94 140 -109
I Space -3 4 94 109 63 -31
Space S 2 2 109 93 156 47
S L 0 -7 93 109 140 47
L E 1 6 109 125 421 312
E P 0 -7 125 78 499 374
P T 0 5 78 109 94 16
T Space -3 1 109 93 125 16
Space O 3 -5 93 78 2309 2216
O N -2 3 78 109 218 140
N Space -1 2 109 110 62 -47
Space T 3 -1 110 93 266 156
T H -1 -1 93 93 187 94
H E 1 3 93 93 47 -46
E Space -3 -1 93 94 62 -31
Space F 2 0 94 94 1466 1372
F L 0 -5 94 93 110 16
L O 1 0 93 47 202 109
O O 0 0 47 62 141 94
O R 0 5 62 109 78 16
R Space -3 0 109 93 125 16
Space I 3 -4 93 78 639 546
I N -2 2 78 94 203 125
N Space -1 2 94 109 47 -47
Space F 2 0 109 109 842 733
F R 1 0 109 109 203 94
R I 0 -4 109 93 172 63
I E 0 5 93 109 343 250
E N -2 -3 109 62 156 47
N D 1 3 62 125 156 94
D S 0 1 125 93 281 156
S Oem7 0 -9 93 62 218 125
Oem7 Space -2 7 62 93 203 141
Space R 3 0 93 109 827 734
R O 0 -5 109 78 140 31
O O 0 0 78 78 140 62
O M -2 2 78 78 188 110
M S 1 5 78 94 93 15
S Space -2 -2 94 47 125 31
Space Back 4 -9 47 140 796 749
Back Oemcomma -3 5 140 62 920 780
Oemcomma Space -1 4 62 110 140 78
Space I 3 -4 110 63 234 124
I Space -3 4 63 93 375 312
Space R 3 0 93 94 109 16
R E 0 1 94 125 156 62
E T 0 -2 125 93 250 125
T U 0 -2 93 78 124 31
U R 0 3 78 125 125 47
R N -2 -2 125 78 156 31
N E 2 3 78 125 156 78
E D -1 0 125 109 219 94
D Space -2 -1 109 109 78 -31
Space LShiftKey 1 4 109 468 4212 4103
LShiftKey C 0 -3 468 78 343 -125
C O 2 -6 78 62 359 281
O K -1 1 62 78 171 109
K E 1 5 78 109 63 -15
E Space -3 -1 109 93 468 359
Space B 1 -1 93 78 280 187
B O 2 -4 78 94 203 125
O T 0 4 94 78 343 249
T T 0 0 78 93 141 63
T L -1 -4 93 125 312 219
L E 1 6 125 78 140 15
E S -1 1 78 156 187 109
S Space -2 -2 156 78 94 -62
Space F 2 0 78 109 1295 1217
F O 1 -5 109 94 109 0
O R 0 5 94 109 109 15
R Space -3 0 109 125 78 -31
Space D5 4 -1 125 125 546 421
D5 Space -4 1 125 125 78 -47
Space C 1 1 125 93 453 328
C E 2 0 93 109 140 47
E N -2 -3 109 78 172 63
N T 2 1 78 78 234 156
T S -1 3 78 93 2496 2418
S Space -2 -2 93 93 78 -15
Space C 1 1 93 125 265 172
C Back 3 -10 125 109 390 265
Back D -2 10 109 62 156 47
D E 1 0 62 125 140 78
E P 0 -7 125 93 796 671
P O 0 1 93 109 187 94
O S -1 7 109 124 406 297
S I 1 -6 124 93 109 -15
I T 0 3 93 109 296 203
T S -1 3 109 140 2122 2013
S Space -2 -2 140 109 125 -15
Space T 3 -1 109 109 187 78
T O 0 -4 109 109 109 0
O Space -3 5 109 141 62 -47
Space B 1 -1 141 78 250 109
B U 2 -2 78 78 218 140
U Y 0 1 78 93 188 110
Y Space -3 2 93 125 46 -47
Space F 2 0 125 109 484 359
F O 1 -5 109 62 125 16
O O 0 0 62 94 140 78
O D -1 6 94 109 125 31
D Space -2 -1 109 109 125 16
Space W 3 2 109 78 920 811
W I 0 -6 78 47 109 31
I T 0 3 47 78 1248 1201
T H -1 -1 78 125 172 94
H Oemcomma -1 -2 125 62 1451 1326
Oemcomma Space -1 4 62 93 156 94
Space A 2 3 93 109 78 -15
A N -1 -5 109 78 156 47
N D 1 3 78 109 109 31
D Space -2 -1 109 94 78 -31
Space LShiftKey 1 4 94 234 998 904
LShiftKey I 2 -8 234 78 141 -93
I Space -3 4 78 94 109 31
Space W 3 2 94 140 125 31
W O 0 -7 140 78 125 -15
O U 0 2 78 94 171 93
U L -1 -2 94 94 203 109
L D 0 6 94 109 109 15
D Space -2 -1 109 78 94 -15
Space W 3 2 78 93 1685 1607
W A -1 1 93 125 187 94
A L 0 -8 125 93 47 -78
L K 0 1 93 93 187 94
K Space -2 4 93 109 62 -31
Space T 3 -1 109 94 1716 1607
T H -1 -1 94 78 219 125
H E 1 3 78 94 93 15
E Space -3 -1 94 109 63 -31
Space D7 4 -3 109 93 1045 936
D7 Space -4 3 93 140 47 -46
Space M 1 -3 140 94 218 78
M I 2 -1 94 63 187 93
I L -1 -1 63 109 172 109
L E 1 6 109 78 93 -16
E S -1 1 78 94 203 125
S Space -2 -2 94 109 78 -16
Space A 2 3 109 109 827 718
A C -1 -2 109 125 281 172
C R 2 -1 125 125 312 187
R O 0 -5 125 78 93 -32
O S -1 7 78 109 203 125
S S 0 0 109 110 187 78
S Space -2 -2 110 93 141 31
Space T 3 -1 93 78 1388 1295
T O 0 -4 78 94 203 125
O W 0 7 94 109 187 93
W N -2 -4 109 125 156 47
N Space -1 2 125 109 78 -47
Space E 3 1 109 124 375 266
E V -2 -1 124 109 109 -15
V E 2 1 109 110 93 -16
E R 0 -1 110 93 188 78
R Y 0 -2 93 78 109 16
Y D -1 3 78 93 312 234
D A 0 2 93 109 203 110
A Y 1 -5 109 109 93 -16
Y Space -3 2 109 93 63 -46
Space Back 4 -9 93 110 826 733
Back Back 0 0 110 63 203 93
Back Back 0 0 63 94 156 93
Back Back 0 0 94 109 219 125
Back Space -4 9 109 109 639 530
Space LShiftKey 1 4 109 250 281 172
LShiftKey S 1 -2 250 109 187 -63
S U 1 -5 109 78 125 16
U N -2 1 78 78 187 109
N D 1 3 78 93 63 -15
D A 0 2 93 109 187 94
A Y 1 -5 109 78 93 -16
Y Space -3 2 78 109 1108 1030
Space N 1 -2 109 78 359 250
N I 2 -2 78 93 203 125
I G -1 3 93 63 249 156
G H 0 -1 63 63 156 93
H T 1 1 63 94 187 124
T Space -3 1 94 109 63 -31
Space T 3 -1 109 109 203 94
T O 0 -4 109 109 109 0
O Space -3 5 109 109 47 -62
Space G 2 -1 109 78 1263 1154
G E 1 2 78 93 94 16
E T 0 -2 93 93 78 -15
T Space -3 1 93 109 78 -15
Space O 3 -5 109 94 249 140
O N -2 3 94 78 219 125
N E 2 3 78 125 93 15
E Space -3 -1 125 110 78 -47
Space G 2 -1 110 93 1046 936
G O 1 -4 93 63 249 156
O O 0 0 63 62 141 78
O D -1 6 62 124 78 16
D Space -2 -1 124 125 15 -109
Space M 1 -3 125 62 203 78
M E 2 4 62 78 47 -15
E A -1 2 78 109 218 140
A L 0 -8 109 93 94 -15
L Space -2 5 93 125 78 -15
Space A 2 3 125 125 2137 2012
A Space -2 -3 125 109 109 -16
Space W 3 2 109 94 1045 936
W E 0 -1 94 62 219 125
E E 0 0 62 94 171 109
E K -1 -5 94 124 110 16
K Space -2 4 124 93 78 -46
Space A 2 3 93 78 639 546
A T 1 -4 78 109 297 219
T T 0 0 109 109 187 78
T Back 1 -8 109 110 717 608
Back Space -4 9 110 141 390 280
Space T 3 -1 141 78 328 187
T H -1 -1 78 78 172 94
H E 1 3 78 78 93 15
E Space -3 -1 78 109 47 -31
Space LShiftKey 1 4 109 1654 421 312
LShiftKey H 1 -6 1654 63 1560 -94
H A 0 5 63 141 187 124
A R 1 -3 141 94 281 140
R E 0 1 94 78 187 93
E Space -3 -1 78 78 125 47
Space LShiftKey 1 4 78 436 375 297
LShiftKey K 1 -8 436 94 358 -78
K R 1 4 94 93 344 250
R I 0 -4 93 94 124 31
I S -1 6 94 125 172 78
S H 0 -4 125 93 94 -31
H N -1 0 93 94 202 109
N A 1 5 94 110 78 -16
A Space -2 -3 110 93 1748 1638
Space T 3 -1 93 78 343 250
T E 0 2 78 124 94 16
E M -2 -4 124 78 187 63
M P 2 -3 78 78 265 187
P L -1 1 78 93 172 94
L E 1 6 93 109 1903 1810
E OemPeriod -2 -6 109 78 530 421
OemPeriod Space -1 5 78 78 187 109
Space LShiftKey 1 4 78 328 156 78
LShiftKey I 2 -8 328 63 234 -94
I Space -3 4 63 109 110 47
Space L 2 -5 109 78 171 62
L O 1 0 78 63 156 78
O V -2 5 63 63 234 171
V E 2 1 63 78 78 15
E D -1 0 78 109 172 94
D Space -2 -1 109 94 31 -78
Space I 3 -4 94 78 203 109
I T 0 3 78 78 125 47
T OemPeriod -2 -4 78 78 1606 1528
OemPeriod Space -1 5 78 78 203 125
Space LShiftKey 1 4 78 359 749 671
LShiftKey A 1 -1 359 109 265 -94
A N -1 -5 109 62 125 16
N D 1 3 62 110 140 78
D Space -2 -1 110 110 78 -32
Space M 1 -3 110 93 219 109
M U 2 0 93 78 203 110
U C -2 4 78 109 109 31
C H 1 -3 109 94 93 -16
H Space -2 2 94 78 94 0
Space O 3 -5 78 93 1420 1342
O F -1 5 93 93 187 94
F Space -2 0 93 125 62 -31
Space W 3 2 125 109 203 78
W H -1 -4 109 78 94 -15
H A 0 5 78 109 140 62
A T 1 -4 109 94 78 -31
T Space -3 1 94 78 78 -16
Space LShiftKey 1 4 78 312 624 546
LShiftKey I 2 -8 312 78 218 -94
I Space -3 4 78 109 125 47
Space S 2 2 109 78 1030 921
S T 1 -3 78 78 437 359
T U 0 -2 78 78 124 46
U M -2 0 78 94 312 234
M B 0 2 94 46 344 250
B L 1 -4 46 93 187 141
L E 1 6 93 109 140 47
E D -1 0 109 109 1342 1233
D Space -2 -1 109 93 125 16
Space I 3 -4 93 62 187 94
I N -2 2 62 110 171 109
N T 2 1 110 140 406 296
T O 0 -4 140 125 140 0
O Space -3 5 125 78 78 -47
Space B 1 -1 78 93 921 843
B Y 2 -1 93 93 234 141
Y Space -3 2 93 109 47 -46
Space F 2 0 109 109 249 140
F O 1 -5 109 93 94 -15
O L -1 0 93 78 203 110
L L 0 0 78 78 124 46
L O 1 0 78 109 141 63
O W 0 7 109 110 171 62
W I 0 -6 110 78 94 -16
I N -2 2 78 93 203 125
N G 1 1 93 94 249 156
G Space -2 1 94 78 63 -31
Space M 1 -3 78 78 1965 1887
M Y 2 1 78 125 203 125
Y Space -3 2 125 93 63 -62
Space C 1 1 93 125 1372 1279
C U 2 -4 125 93 266 141
U R 0 3 93 125 249 156
R I 0 -4 125 78 234 109
I O 0 -1 78 93 172 94
O S -1 7 93 141 218 125
S I 1 -6 141 109 531 390
I T 0 3 109 78 390 281
T Y 0 -1 78 140 187 109
Y Space -3 2 140 110 93 -47
Space A 2 3 110 140 1030 920
A N -1 -5 140 94 296 156
N D 1 3 94 94 234 140
D Space -2 -1 94 93 63 -31
Space I 3 -4 93 94 499 406
I N -2 2 94 78 281 187
N T 2 1 78 78 265 187
T U 0 -2 78 109 1513 1435
U I 0 -1 109 94 203 94
I T 0 3 94 125 203 109
T I 0 -3 125 78 390 265
I O 0 -1 78 94 171 93
O N -2 3 94 109 1155 1061
N Space -1 2 109 125 62 -47
Space T 3 -1 125 109 312 187
T U 0 -2 109 94 203 94
U R 0 3 94 94 421 327
R N -2 -2 94 94 109 15
N E 2 3 94 109 110 16
E D -1 0 109 109 187 78
D Space -2 -1 109 78 109 0
Space O 3 -5 78 109 874 796
O U 0 2 109 94 202 93
U Space -3 3 94 31 250 156
Space T 3 -1 31 93 796 765
T O 0 -4 93 156 124 31
O Space -3 5 156 125 94 -62
Space B 1 -1 125 94 265 140
B E 2 2 94 78 172 78
E Space -3 -1 78 78 93 15
Space P 3 -6 78 78 858 780
P R 0 6 78 110 156 78
R E 0 1 110 47 219 109
E Back 1 -10 47 109 1451 1404
Back I -1 5 109 94 998 889
I V -2 4 94 15 827 733
V C 0 1 15 94 171 156
C Back 3 -10 94 78 812 718
Back Back 0 0 78 93 156 78
Back C -3 10 93 93 655 562
C E 2 0 93 109 203 110
E L -1 -6 109 110 124 15
L E 1 6 110 47 125 15
E S -1 1 47 93 250 203
S S 0 0 93 125 171 78
S Space -2 -2 125 93 999 874
Space L 2 -5 93 109 312 219
L A 0 8 109 109 140 31
A T 1 -4 109 94 234 125
T E 0 2 94 78 78 -16
E R 0 -1 78 109 141 63
R Space -3 0 109 125 62 -47
Space O 3 -5 125 78 203 78
O N -2 3 78 94 249 171
N OemPeriod 0 -3 94 93 1046 952
OemPeriod Space -1 5 93 109 187 94
Space LShiftKey 1 4 109 343 515 406
LShiftKey L 1 -9 343 109 249 -94
L E 1 6 109 124 219 110
E T 0 -2 124 94 218 94
T Space -3 1 94 94 62 -32
Space M 1 -3 94 78 1014 920
M E 2 4 78 93 110 32
E Space -3 -1 93 94 46 -47
Space G 2 -1 94 78 281 187
G O 1 -4 78 47 203 125
O Back 1 -4 47 109 1576 1529
Back I -1 5 109 94 296 187
I V -2 4 94 63 296 202
V E 2 1 63 109 94 31
E Space -3 -1 109 110 62 -47
Space Y 3 -2 110 93 1514 1404
Y O 0 -3 93 109 218 125
O U 0 2 109 78 218 109
U Space -3 3 78 93 63 -15
Space O 3 -5 93 78 171 78
O N -2 3 78 78 188 110
N E 2 3 78 109 109 31
E Space -3 -1 109 93 47 -62
Space E 3 1 93 125 171 78
E X -2 1 125 94 281 156
X A 1 1 94 94 218 124
A M -1 -6 94 78 188 94
M P 2 -3 78 78 218 140
P L -1 1 78 93 172 94
L E 1 6 93 124 78 -15
E LShiftKey -2 3 124 562 717 593
LShiftKey Oem1 1 -10 562 110 421 -141
Oem1 Return 0 -2 110 125 406 296
Return LShiftKey -1 12 125 530 2730 2605
LShiftKey R 2 -4 530 94 390 -140
R E 0 1 94 93 250 156
E A -1 2 93 109 577 484
A D 0 -2 109 94 218 109
D Space -2 -1 94 94 78 -16
Space LShiftKey 1 4 94 327 1108 1014
LShiftKey C 0 -3 327 94 249 -78
C O 2 -6 94 62 63 -31
O L -1 0 62 78 187 125
L G 0 4 78 78 265 187
G Back 2 -8 78 94 733 655
Back Back 0 0 94 93 266 172
Back Back 0 0 93 109 390 297
Back O -1 4 109 93 546 437
O L -1 0 93 47 202 109
L L 0 0 47 78 125 78
L E 1 6 78 109 156 78
E G -1 -2 109 46 141 32
G E 1 2 46 78 109 63
E Space -3 -1 78 109 1014 936
Space A 2 3 109 109 827 718
A T 1 -4 109 78 218 109
T Space -3 1 78 94 62 -16
Space T 3 -1 94 94 125 31
T H -1 -1 94 78 187 93
H A 0 5 78 109 110 32
A T 1 -4 109 93 109 0
T Space -3 1 93 94 62 -31
Space T 3 -1 94 109 593 499
T I 0 -3 109 63 265 156
I M -2 1 63 109 1623 1560
M E 2 4 109 110 124 15
E Space -3 -1 110 125 78 -32
Space O 3 -5 125 93 1155 1030
O F -1 5 93 47 327 234
F F 0 0 47 78 125 78
F E 1 1 78 93 94 16
E R 0 -1 93 110 171 78
R E 0 1 110 94 172 62
E D -1 0 94 93 203 109
D Space -2 -1 93 109 109 16
Space P 3 -6 109 62 1638 1529
P E 0 7 62 94 265 203
E R 0 -1 94 109 172 78
R H -1 -2 109 94 764 655
H A 0 5 94 125 109 15
A P 1 -9 125 94 468 343
P S -1 8 94 109 141 47
S Space -2 -2 109 93 515 406
Space T 3 -1 93 93 3697 3604
T H -1 -1 93 109 203 110
H E 1 3 109 93 109 0
E Space -3 -1 93 141 15 -78
Space B 1 -1 141 94 328 187
B E 2 2 94 78 78 -16
E S -1 1 78 109 203 125
S T 1 -3 109 109 62 -47
T Space -3 1 109 109 78 -31
Space V 1 0 109 63 1591 1482
V Back 3 -9 63 124 344 281
Back C -3 10 124 78 171 47
C A 1 2 78 109 203 125
A L 0 -8 109 78 608 499
L L 0 0 78 78 141 63
L I 1 1 78 78 187 109
I G -1 3 78 78 312 234
G R 1 1 78 109 187 109
R A -1 3 109 125 109 0
A P 1 -9 125 94 2512 2387
P H -1 4 94 94 312 218
H Y 1 0 94 125 203 109
Y Space -3 2 125 110 93 -32
Space I 3 -4 110 78 1966 1856
I N -2 2 78 62 203 125
N S 1 4 62 125 265 203
S T 1 -3 125 78 343 218
T R 0 1 78 62 172 94
R U 0 -3 62 78 78 16
U C -2 4 78 109 187 109
C T 2 -2 109 63 265 156
T O 0 -4 63 78 328 265
O Back 1 -4 78 124 515 437
Back I -1 5 124 93 858 734
I O 0 -1 93 78 171 78
O N -2 3 78 140 359 281
N Space -1 2 140 124 94 -46
Space I 3 -4 124 94 1060 936
I N -2 2 94 109 203 109
N Space -1 2 109 141 31 -78
Space T 3 -1 141 109 297 156
T H -1 -1 109 125 187 78
H E 1 3 125 109 109 -16
E Space -3 -1 109 124 63 -46
Space C 1 1 124 125 218 94
C O 2 -6 125 109 250 125
O U 0 2 109 78 343 234
U N -2 1 78 94 187 109
N T 2 1 94 110 218 124
T R 0 1 110 125 203 93
R Y 0 -2 125 93 94 -31
Y OemPeriod -2 -3 93 62 749 656
OemPeriod Space -1 5 62 124 156 94
Space LShiftKey 1 4 124 265 140 16
LShiftKey T 2 -5 265 47 187 -78
T H -1 -1 47 109 156 109
H R 1 2 109 125 1248 1139
R O 0 -5 125 93 250 125
O U 0 2 93 110 1497 1404
U G -1 2 110 93 266 156
G H 0 -1 93 109 187 94
H O 1 -3 109 109 608 499
O U 0 2 109 93 219 110
U T 0 2 93 94 171 78
T Space -3 1 94 94 109 15
Space T 3 -1 94 78 1124 1030
T H -1 -1 78 94 202 124
H E 1 3 94 109 406 312
E Space -3 -1 109 125 125 16
Space C 1 1 125 93 624 499
C A 1 2 93 93 125 32
A M -1 -6 93 78 249 156
M P 2 -3 78 94 234 156
P U 0 3 94 63 234 140
U S -1 5 63 109 125 62
S Space -2 -2 109 78 94 -15
Space E 3 1 78 125 904 826
E V -2 -1 125 78 110 -15
V E 2 1 78 78 93 15
E R 0 -1 78 94 156 78
R Y 0 -2 94 78 234 140
Y Space -3 2 78 125 281 203
Space P 3 -6 125 78 234 109
P O 0 1 78 109 156 78
O S -1 7 109 156 172 63
S T 1 -3 156 94 218 62
T E 0 2 94 110 62 -32
E R 0 -1 110 47 234 124
R Oemcomma -2 -4 47 110 1451 1404
Oemcomma Space -1 4 110 125 141 31
Space E 3 1 125 125 218 93
E E 0 0 125 125 234 109
E Back 1 -10 125 141 577 452
Back V -3 9 141 94 640 499
V E 2 1 94 78 109 15
E R 0 -1 78 141 156 78
R Y 0 -2 141 109 125 -16
Y Space -3 2 109 110 62 -47
Space L 2 -5 110 124 1748 1638
L A 0 8 124 109 140 16
A B -1 -4 109 93 172 63
B E 2 2 93 62 109 16
E L -1 -6 62 78 140 78
L Space -2 5 78 109 63 -15
Space O 3 -5 109 110 202 93
O N -2 3 110 94 250 140
N Space -1 2 94 109 47 -47
Space E 3 1 109 94 249 140
E V -2 -1 94 62 110 16
V E 2 1 62 109 78 16
E R 0 -1 109 94 202 93
R Y 0 -2 94 93 110 16
Y Space -3 2 93 125 46 -47
Space D 2 1 125 125 234 109
D R 1 -1 125 93 219 94
R A -1 3 93 125 374 281
A W 1 -1 125 78 593 468
W E 0 -1 78 94 187 109
E R 0 -1 94 94 203 109
R Space -3 0 94 93 1030 936
Space W 3 2 93 94 873 780
W A -1 1 94 124 219 125
A S 0 -1 124 78 218 94
S Space -2 -2 78 110 62 -16
Space B 1 -1 110 109 359 249
B E 2 2 109 109 156 47
E A -1 2 109 141 234 125
A U 1 -6 141 94 343 202
U T 0 2 94 93 453 359
T I 0 -3 93 94 140 47
I F -1 4 94 109 453 359
F U 1 -3 109 109 156 47
U L -1 -2 109 78 218 109
L L 0 0 78 94 156 78
L Y 1 3 94 94 265 171
Y Space -3 2 94 109 63 -31
Space H 2 -2 109 125 1466 1357
H A 0 5 125 94 140 15
A N -1 -5 94 78 156 62
N D 1 3 78 109 94 16
D Space -2 -1 109 78 109 0
Space C 1 1 78 110 811 733
C A 1 2 110 109 219 109
A L 0 -8 109 62 125 16
L L 0 0 62 78 140 78
L I 1 1 78 94 187 109
I G -1 3 94 93 375 281
G R 1 1 93 109 187 94
R A -1 3 109 125 93 -16
A P 1 -9 125 93 344 219
P H -1 4 93 78 249 156
H E 1 3 78 109 125 47
E D -1 0 109 109 234 125
D OemPeriod -1 -6 109 78 593 484
OemPeriod Space -1 5 78 109 156 78
Space LShiftKey 1 4 109 297 93 -16
LShiftKey N 0 -6 297 62 219 -78
N Back 3 -7 62 93 702 640
Back LShiftKey -3 13 93 468 296 203
LShiftKey B 0 -5 468 93 328 -140
B E 2 2 93 109 234 141
E C -2 0 109 94 296 187
C A 1 2 94 125 172 78
A U 1 -6 125 93 203 78
U S -1 5 93 93 78 -15
S E 1 -1 93 62 187 94
E Space -3 -1 62 47 109 47
Space LShiftKey 1 4 47 280 640 593
LShiftKey I 2 -8 280 94 171 -109
I Space -3 4 94 140 63 -31
Space H 2 -2 140 109 265 125
H A 0 5 109 109 78 -31
A D 0 -2 109 125 218 109
D Space -2 -1 125 94 78 -47
Space D 2 1 94 110 1201 1107
D R 1 -1 110 94 234 124
R O 0 -5 94 94 250 156
O P 0 -1 94 93 172 78
P P 0 0 93 63 171 78
P E 0 7 63 78 78 15
E D -1 0 78 109 172 94
D Space -2 -1 109 125 62 -47
Space O 3 -5 125 110 265 140
O U 0 2 110 94 312 202
U T 0 2 94 110 156 62
T Space -3 1 110 141 359 249
Space A 2 3 141 109 858 717
A N -1 -5 109 94 156 47
N D 1 3 94 78 109 15
D Space -2 -1 78 140 63 -15
Space D 2 1 140 78 249 109
D I 1 -5 78 78 94 16
I D -1 5 78 109 94 16
D N -1 -3 109 94 124 15
N T 2 1 94 93 141 47
T Space -3 1 93 109 78 -15
Space H 2 -2 109 94 920 811
H A 0 5 94 110 109 15
A V -1 -3 110 94 125 15
V E 2 1 94 78 94 0
E Space -3 -1 78 125 62 -16
Space T 3 -1 125 78 265 140
T O 0 -4 78 78 94 16
O Space -3 5 78 125 31 -47
Space T 3 -1 125 110 421 296
T A -1 4 110 109 141 31
A K 0 -7 109 93 156 47
K E 1 5 93 109 109 16
E Space -3 -1 109 110 62 -47
Space T 3 -1 110 93 1467 1357
T H -1 -1 93 78 203 110
H E 1 3 78 78 109 31
E Space -3 -1 78 125 31 -47
Space N 1 -2 125 78 359 234
N O 2 -3 78 78 203 125
O R 0 5 78 94 140 62
R M -2 -3 94 109 250 156
M A 1 6 109 93 156 47
A L 0 -8 93 109 109 16
L Space -2 5 109 93 78 -31
Space C 1 1 93 125 156 63
C L 1 -6 125 94 140 15
L A 0 8 94 125 156 62
A C -1 -2 125 78 312 187
C C 0 0 78 94 156 78
C Back 3 -10 94 125 515 421
Back Back 0 0 125 124 562 437
Back S -2 11 124 93 187 63
S S 0 0 93 109 156 63
S E 1 -1 109 94 171 62
E S -1 1 94 109 172 78
S Space -2 -2 109 125 62 -47
Space Back 4 -9 125 63 1841 1716
Back Oemcomma -3 5 63 109 234 171
Oemcomma Space -1 4 109 109 63 -46
Space LShiftKey 1 4 109 297 93 -16
LShiftKey I 2 -8 297 94 156 -141
I Space -3 4 94 78 78 -16
Space D 2 1 78 94 1061 983
D E 1 0 94 78 187 93
E C -2 0 78 94 281 203
C I 2 -5 94 78 125 31
I D -1 5 78 93 125 47
D E 1 0 93 78 171 78
E D -1 0 78 109 172 94
D Space -2 -1 109 94 93 -16
Space T 3 -1 94 140 531 437
T O 0 -4 140 124 125 -15
O Space -3 5 124 140 31 -93
Space T 3 -1 140 109 764 624
T A -1 4 109 109 94 -15
A K 0 -7 109 110 171 62
K E 1 5 110 110 78 -32
E Space -3 -1 110 94 125 15
Space A 2 3 94 109 125 31
A Space -2 -3 109 94 109 0
Space C 1 1 94 125 172 78
C L 1 -6 125 78 203 78
L A 0 8 78 125 124 46
A Back 2 -12 125 109 1217 1092
Back Back 0 0 109 109 297 188
Back A -2 12 109 109 312 203
A L 0 -8 109 62 187 78
L L 0 0 62 63 140 78
L I 1 1 63 93 172 109
I G -1 3 93 63 296 203
G R 1 1 63 109 156 93
R A -1 3 109 125 109 0
A P 1 -9 125 78 796 671
P H -1 4 78 78 250 172
H Y 1 0 78 125 171 93
Y Space -3 2 125 109 78 -47
Space C 1 1 109 78 2605 2496
C L 1 -6 78 109 172 94
L A 0 8 109 109 156 47
A S 0 -1 109 63 218 109
S S 0 0 63 109 141 78
S Space -2 -2 109 109 78 -31
Space T 3 -1 109 78 281 172
T O 0 -4 78 109 93 15
O Space -3 5 109 47 125 16
Space L 2 -5 47 94 156 109
L E 1 6 94 109 343 249
E A -1 2 109 109 640 531
A R 1 -3 109 109 515 406
R N -2 -2 109 141 93 -16
N Space -1 2 141 125 390 249
Space H 2 -2 125 94 1248 1123
H O 1 -3 94 94 234 140
O W 0 7 94 109 328 234
W Space -3 -2 109 141 93 -16
Space T 3 -1 141 46 266 125
T O 0 -4 46 94 62 16
O Space -3 5 94 140 78 -16
Space D 2 1 140 125 889 749
D O 1 -6 125 141 78 -47
O Space -3 5 141 125 78 -63
Space T 3 -1 125 94 265 140
T H -1 -1 94 78 188 94
H I 1 -2 78 93 156 78
I S -1 6 93 109 140 47
S OemPeriod -1 -7 109 109 187 78
OemPeriod Space -1 5 109 78 219 110
Space LShiftKey 1 4 78 686 764 686
LShiftKey I 2 -8 686 63 577 -109
I Space -3 4 63 94 125 62
Space L 2 -5 94 109 156 62
L E 1 6 109 78 125 16
E A -1 2 78 125 234 156
A R 1 -3 125 109 281 156
R N -2 -2 109 63 124 15
N T 2 1 63 94 203 140
T Space -3 1 94 109 63 -31
Space A 2 3 109 124 234 125
A Space -2 -3 124 94 124 0
Space L 2 -5 94 78 156 62
L O 1 0 78 78 156 78
O T 0 4 78 94 250 172
T Space -3 1 94 125 47 -47
Space A 2 3 125 124 983 858
A B -1 -4 124 78 312 188
B O 2 -4 78 125 280 202
O U 0 2 125 78 234 109
U T 0 2 78 109 94 16
T Space -3 1 109 141 62 -47
Space S 2 2 141 93 453 312
S E 1 -1 93 78 187 94
E R 0 -1 78 93 172 94
R I 0 -4 93 110 124 31
I F -1 4 110 93 188 78
F Space -2 0 93 109 2293 2200
Space A 2 3 109 140 156 47
A N -1 -5 140 109 203 63
N D 1 3 109 93 265 156
D Space -2 -1 93 93 125 32
Space S 2 2 93 94 140 47
S A 0 1 94 109 203 109
A N -1 -5 109 109 156 47
N S 1 4 109 124 125 16
S Space -2 -2 124 125 3213 3089
Space T 3 -1 125 94 390 265
T Y 0 -1 94 78 203 109
Y P 0 -4 78 47 296 218
P E 0 7 47 109 94 47
E F -1 -1 109 94 390 281
F A 0 3 94 93 94 0
A C -1 -2 93 78 93 0
C E 2 0 78 110 109 31
E S -1 1 110 141 203 93
S Oemcomma -1 -6 141 125 2917 2776
Oemcomma Space -1 4 125 125 63 -62
Space A 2 3 125 109 1794 1669
A B -1 -4 109 94 218 109
B O 2 -4 94 94 359 265
O U 0 2 94 93 203 109
U T 0 2 93 47 218 125
T Space -3 1 47 78 63 16
Space V 1 0 78 78 4524 4446
V A 1 3 78 109 62 -16
A R 1 -3 109 109 250 141
R Y 0 -2 109 110 436 327
Y I 0 -2 110 109 281 171
I N -2 2 109 93 219 110
N G 1 1 93 78 249 156
G Space -2 1 78 78 63 -15
Space T 3 -1 78 93 2964 2886
T H -1 -1 93 78 202 109
H E 1 3 78 94 47 -31
E Space -3 -1 94 125 94 0
Space A 2 3 125 125 780 655
A M -1 -6 125 94 109 -16
M O 2 -2 94 125 608 514
O U 0 2 125 78 250 125
U N -2 1 78 109 172 94
N T 2 1 109 109 265 156
T Space -3 1 109 109 62 -47
Space O 3 -5 109 93 2949 2840
O S -1 7 93 125 358 265
S Space -2 -2 125 93 141 16
Space Back 4 -9 93 78 998 905
Back Back 0 0 78 78 172 94
Back F -2 9 78 94 421 343
F Space -2 0 94 109 109 15
Space S 2 2 109 109 203 94
S P 1 -8 109 93 250 141
P A -1 9 93 109 109 16
A C -1 -2 109 94 265 156
C E 2 0 94 93 203 109
E Space -3 -1 93 109 109 16
Space B 1 -1 109 125 1014 905
B E 2 2 125 109 109 -16
E T 0 -2 109 109 203 94
T W 0 3 109 109 156 47
W E 0 -1 109 94 218 109
E E 0 0 94 109 172 78
E N -2 -3 109 109 109 0
N Space -1 2 109 94 78 -31
Space D 2 1 94 109 1467 1373
D I 1 -5 109 78 93 -16
I F -1 4 78 63 312 234
F F 0 0 63 78 125 62
F E 1 1 78 124 172 94
E R 0 -1 124 78 109 -15
R E 0 1 78 93 125 47
E N -2 -3 93 109 218 125
N T 2 1 109 140 281 172
T Space -3 1 140 109 78 -62
Space L 2 -5 109 63 1419 1310
L A 0 8 63 141 359 296
A Back 2 -12 141 156 499 358
Back E -1 10 156 110 156 0
E T 0 -2 110 63 624 514
T T 0 0 63 78 141 78
T E 0 2 78 110 93 15
E R 0 -1 110 110 78 -32
R Space -3 0 110 125 63 -47
Space C 1 1 125 124 359 234
C O 2 -6 124 62 140 16
O M -2 2 62 109 172 110
M B 0 2 109 78 561 452
B I 2 -3 78 78 250 172
I N -2 2 78 93 1560 1482
N A 1 5 93 125 2449 2356
A T 1 -4 125 94 218 93
T I 0 -3 94 78 266 172
I O 0 -1 78 94 140 62
O N -2 3 94 78 219 125
N S 1 4 78 109 795 717
S Oemcomma -1 -6 109 78 343 234
Oemcomma Space -1 4 78 109 172 94
Space A 2 3 109 78 125 16
A B -1 -4 78 94 93 15
B O 2 -4 94 78 234 140
O U 0 2 78 93 188 110
U T 0 2 93 94 124 31
T Space -3 1 94 93 110 16
Space W 3 2 93 94 873 780
W H -1 -4 94 94 156 62
H A 0 5 94 109 125 31
A T 1 -4 109 78 109 0
T Space -3 1 78 125 31 -47
Space M 1 -3 125 94 1654 1529
M A 1 6 94 125 156 62
A K 0 -7 125 109 156 31
K E 1 5 109 93 125 16
E S -1 1 93 109 187 94
S Space -2 -2 109 93 94 -15
Space G 2 -1 93 94 873 780
G R 1 1 94 78 187 93
R E 0 1 78 94 156 78
E A -1 2 94 109 125 31
A T 1 -4 109 109 94 -15
T Space -3 1 109 125 62 -47
Space T 3 -1 125 109 234 109
T Y 0 -1 109 125 203 94
Y O 0 -3 125 94 1435 1310
O Back 1 -4 94 109 312 218
Back P -1 3 109 78 203 94
P O 0 1 78 93 172 94
O G -1 4 93 94 982 889
G R 1 1 94 93 422 328
R A -1 3 93 125 124 31
A P 1 -9 125 124 344 219
P H -1 4 124 78 312 188
H Y 1 0 78 124 156 78
Y Space -3 2 124 109 78 -46
Space G 2 -1 109 109 483 374
G R 1 1 109 94 312 203
R E 0 1 94 93 172 78
E A -1 2 93 125 93 0
A T 1 -4 125 93 110 -15
T OemPeriod -2 -4 93 78 2277 2184
OemPeriod Space -1 5 78 109 156 78
Space LShiftKey 1 4 109 171 141 32
LShiftKey I 2 -8 171 63 93 -78
I T 0 3 63 78 250 187
T Space -3 1 78 124 47 -31
Space W 3 2 124 94 140 16
W A -1 1 94 109 172 78
A S 0 -1 109 93 187 78
S Space -2 -2 93 109 47 -46
Space B 1 -1 109 93 234 125
B E 2 2 93 62 62 -31
E A -1 2 62 109 250 188
A U 1 -6 109 94 171 62
U T 0 2 94 93 453 359
T I 0 -3 93 109 140 47
I F -1 4 109 140 250 141
F U 1 -3 140 94 124 -16
U L -1 -2 94 125 219 125
L Oemcomma -1 1 125 125 1388 1263
Oemcomma Space -1 4 125 141 109 -16
Space H 2 -2 141 78 281 140
H S 0 4 78 78 343 265
S Back 2 -11 78 125 359 281
Back I -1 5 125 94 281 156
I S -1 6 94 109 187 93
S T 1 -3 109 109 609 500
T O 0 -4 109 93 156 47
O R 0 5 93 125 109 16
R I 0 -4 125 94 171 46
I C -2 5 94 109 141 47
C A 1 2 109 125 234 125
A L 0 -8 125 125 109 -16
L Oemcomma -1 1 125 78 827 702
Oemcomma Space -1 4 78 110 171 93
Space A 2 3 110 140 219 109
A R 1 -3 140 109 1607 1467
R T 0 -1 109 78 249 140
T I 0 -3 78 109 141 63
I S -1 6 109 93 312 203
S T 1 -3 93 94 452 359
T I 0 -3 94 78 187 93
I C -2 5 78 94 125 47
C A 1 2 94 125 203 109
A L 0 -8 125 63 93 -32
L L 0 0 63 109 141 78
L Y 1 3 109 109 265 156
Y Space -3 2 109 78 78 -31
Space S 2 2 78 125 1685 1607
S U 1 -5 125 78 140 15
U B -2 2 78 109 281 203
B T 2 0 109 62 328 219
T L -1 -4 62 93 109 47
L E 1 6 93 109 140 47
E Space -3 -1 109 94 3775 3666
Space I 3 -4 94 78 422 328
I N -2 2 78 109 218 140
N Space -1 2 109 110 62 -47
Space A 2 3 110 124 188 78
A Space -2 -3 124 47 140 16
Space W 3 2 47 78 172 125
W A -1 1 78 125 202 124
A Y 1 -5 125 93 110 -15
Y Space -3 2 93 109 62 -31
Space T 3 -1 109 78 1201 1092
T H -1 -1 78 78 203 125
H A 0 5 78 124 94 16
A T 1 -4 124 109 62 -62
T Space -3 1 109 78 94 -15
Space S 2 2 78 109 468 390
S C -1 -1 109 78 218 109
C I 2 -5 78 78 515 437
I E 0 5 78 78 140 62
E N -2 -3 78 93 94 16
N C 0 3 93 109 218 125
C E 2 0 109 93 219 110
E Space -3 -1 93 124 156 63
Space C 1 1 124 109 5694 5570
C A 1 2 109 140 234 125
A N -1 -5 140 94 124 -16
N T 2 1 94 110 468 374
T Space -3 1 110 141 78 -32
Space Back 4 -9 141 125 1217 1076
Back Back 0 0 125 78 187 62
Back Oem7 -2 2 78 125 671 593
Oem7 T 1 6 125 94 515 390
T Space -3 1 94 94 62 -32
Space C 1 1 94 109 281 187
C A 1 2 109 109 219 110
A P 1 -9 109 78 140 31
P T 0 5 78 109 343 265
T U 0 -2 109 94 109 0
U R 0 3 94 93 2294 2200
R E 0 1 93 125 187 94
E Oemcomma -2 -5 125 93 1170 1045
Oemcomma Space -1 4 93 110 171 78
Space A 2 3 110 125 141 31
A N -1 -5 125 47 156 31
N D 1 3 47 63 93 46
D Space -2 -1 63 141 1061 998
Space LShiftKey 1 4 141 187 390 249
LShiftKey I 2 -8 187 109 63 -124
I Space -3 4 109 109 62 -47
Space F 2 0 109 125 343 234
F O 1 -5 125 94 109 -16
O I 0 1 94 31 203 109
I N -2 2 31 93 1108 1077
N D 1 3 93 109 156 63
D Space -2 -1 109 109 62 -47
Space Back 4 -9 109 94 702 593
Back Back 0 0 94 78 187 93
Back Back 0 0 78 94 172 94
Back Back 0 0 94 109 655 561
Back U -1 6 109 78 359 250
U N -2 1 78 94 187 109
N D 1 3 94 125 281 187
D Space -2 -1 125 125 62 -63
Space I 3 -4 125 93 219 94
I T 0 3 93 109 140 47
T Space -3 1 109 93 94 -15
Space F 2 0 93 78 1716 1623
F A 0 3 78 125 156 78
A S 0 -1 125 109 203 78
S C -1 -1 109 124 234 125
C I 2 -5 124 78 171 47
I N -2 2 78 93 219 141
N A 1 5 93 109 78 -15
A T 1 -4 109 140 374 265
T I 0 -3 140 94 343 203
I N -2 2 94 109 234 140
N G 1 1 109 78 250 141
G OemPeriod -1 -4 78 94 920 842
OemPeriod Right -1 -4 94 546 26395 26301
Right T 3 8 546 94 4056 3510
T Left -3 -6 94 3588 4790 4696
Left Left 0 0 3588 749 3759 171
Left Left 0 0 749 110 967 218
Left S 2 9 110 172 1763 1653
S S 0 0 172 156 1404 1232
S S 0 0 156 109 749 593
S S 0 0 109 124 250 141
S S 0 0 124 109 249 125
S S 0 0 109 93 219 110
S S 0 0 93 109 171 78
