LShiftKey U 2 -7 531 140 328 -203
U B -2 2 140 156 312 172
B Back 3 -8 156 140 484 328
Back LShiftKey -3 13 140 421 187 47
LShiftKey B 0 -5 421 141 249 -172
B Space -1 1 141 141 281 140
Space O 3 -5 141 125 562 421
O F -1 5 125 125 156 31
F F 0 0 125 140 187 62
F E 1 1 140 156 234 94
E R 0 -1 156 188 140 -16
R E 0 1 188 140 172 -16
E D -1 0 140 125 281 141
D Space -2 -1 125 156 171 46
Space A 2 3 156 125 219 63
A Space -2 -3 125 125 156 31
Space G 2 -1 125 109 546 421
G O 1 -4 109 109 187 78
O O 0 0 109 125 187 78
O D -1 6 125 125 172 47
D Space -2 -1 125 140 125 0
Space V 1 0 140 156 265 125
V A 1 3 156 171 125 -31
A R 1 -3 171 125 249 78
R I 0 -4 125 141 187 62
I E 0 5 141 124 110 -31
E T 0 -2 124 125 218 94
T Y 0 -1 125 125 343 218
Y Space -3 2 125 140 172 47
Space O 3 -5 140 125 234 94
O F -1 5 125 109 109 -16
F Space -2 0 109 141 140 31
Space C 1 1 141 110 156 15
C O 2 -6 110 125 156 46
O U 0 2 125 109 203 78
U R 0 3 109 140 141 32
R S -1 2 140 172 249 109
S E 1 -1 172 156 187 15
E S -1 1 156 187 203 47
S Space -2 -2 187 156 219 32
Space I 3 -4 156 125 265 109
I N -2 2 125 124 203 78
N Space -1 2 124 140 218 94
Space LShiftKey 1 4 140 484 998 858
LShiftKey C 0 -3 484 110 468 -16
C O 2 -6 110 93 141 31
O M -2 2 93 171 156 63
M P 2 -3 171 125 156 -15
P U 0 3 125 141 218 93
U T 0 2 141 109 156 15
T E 0 2 109 187 156 47
E R 0 -1 187 124 141 -46
R Space -3 0 124 156 124 0
Space S 2 2 156 124 188 32
S C -1 -1 124 141 280 156
C I 2 -5 141 156 172 31
I E 0 5 156 141 140 -16
E N -2 -3 141 156 156 15
N C 0 3 156 172 156 0
C E 2 0 172 156 141 -31
E OemQuestion -2 -7 156 109 858 702
OemQuestion Back 3 -3 109 140 1045 936
Back OemPeriod -3 4 140 125 265 125
OemPeriod LShiftKey 0 9 125 1544 250 125
LShiftKey Y 2 -6 1544 125 1466 -78
Y E 0 3 125 93 141 16
E S -1 1 93 156 156 63
S Space -2 -2 156 140 156 0
Space I 3 -4 140 125 187 47
I M -2 1 125 109 390 265
M Back 3 -6 109 93 936 827
Back Back 0 0 93 62 265 172
Back LShiftKey -3 13 62 421 624 562
LShiftKey I 2 -8 421 78 359 -62
I Oem7 -1 -3 78 94 561 483
Oem7 M -1 4 94 109 375 281
M Space -1 3 109 125 187 78
Space Q 3 3 125 172 218 93
Q U 0 -6 172 94 203 31
U I 0 -1 94 125 203 109
I T 0 3 125 125 140 15
T Back 1 -8 125 125 359 234
Back E -1 10 125 140 141 16
E T 0 -2 140 109 187 47
T Space -3 1 109 156 93 -16
Space S 2 2 156 140 188 32
S A 0 1 140 141 171 31
A T 1 -4 141 109 234 93
T I 0 -3 109 109 328 219
I S -1 6 109 140 281 172
S F 0 -2 140 125 280 140
F I 1 -4 125 140 172 47
I E 0 5 140 125 156 16
E D -1 0 125 141 218 93
D Space -2 -1 141 156 156 15
Space W 3 2 156 141 3635 3479
W I 0 -6 141 125 156 15
I T 0 3 125 140 250 125
T H -1 -1 140 124 125 -15
H Space -2 2 124 125 187 63
Space M 1 -3 125 141 218 93
M Y 2 1 141 110 109 -32
Y Space -3 2 110 125 125 15
Space D 2 1 125 171 250 125
D E 1 0 171 171 156 -15
E C -2 0 171 140 234 63
C I 2 -5 140 125 218 78
I S -1 6 125 109 141 16
S I 1 -6 109 171 187 78
I O 0 -1 171 140 109 -62
O N -2 3 140 141 218 78
N Space -1 2 141 156 172 31
Space T 3 -1 156 141 296 140
T O 0 -4 141 110 156 15
O Space -3 5 110 141 78 -32
Space J 2 -3 141 125 328 187
J O 1 -2 125 156 172 47
O I 0 1 156 125 109 -47
I N -2 2 125 124 203 78
N Space -1 2 124 140 499 375
Space LShiftKey 1 4 140 1341 702 562
LShiftKey U 2 -7 1341 109 780 -561
U B -2 2 109 124 281 172
B OemPeriod 0 -4 124 109 2028 1904
OemPeriod LShiftKey 0 9 109 531 2121 2012
LShiftKey T 2 -5 531 110 499 -32
T H -1 -1 110 109 141 31
H E 1 3 109 140 125 16
E Space -3 -1 140 125 124 -16
Space M 1 -3 125 141 203 78
M O 2 -2 141 140 203 62
O S -1 7 140 141 31 -109
S T 1 -3 141 110 187 46
T Space -3 1 110 156 94 -16
Space I 3 -4 156 141 265 109
I M -2 1 141 125 250 109
M P 2 -3 125 156 218 93
P O 0 1 156 156 203 47
O R 0 5 156 140 94 -62
R T 0 -1 140 156 249 109
T A -1 4 156 140 1030 874
A N -1 -5 140 156 156 16
N T 2 1 156 156 171 15
T Space -3 1 156 140 172 16
Space Q 3 3 140 156 1279 1139
Q U 0 -6 156 125 265 109
U A -1 6 125 156 188 63
A L 0 -8 156 140 218 62
L I 1 1 140 141 218 78
I T 0 3 141 125 437 296
T Y 0 -1 125 125 234 109
Y Space -3 2 125 125 156 31
Space I 3 -4 125 125 172 47
I N -2 2 125 140 187 62
N A 1 5 140 156 187 47
A Space -2 -3 156 187 63 -93
Space U 3 -3 187 109 405 218
U N -2 1 109 109 172 63
N I 2 -2 109 109 187 78
I V -2 4 109 110 140 31
V E 2 1 110 156 203 93
E R 0 -1 156 156 125 -31
R S -1 2 156 140 172 16
S I 1 -6 140 125 93 -47
I T 0 3 125 109 203 78
T Y 0 -1 109 125 218 109
Y Space -3 2 125 140 188 63
Space W 3 2 140 124 234 94
W O 0 -7 124 109 234 110
O Space -3 5 109 140 2340 2231
Space U 3 -3 140 94 1653 1513
U L -1 -2 94 141 234 140
L D 0 6 141 109 156 15
D Space -2 -1 109 140 47 -62
Space B 1 -1 140 93 281 141
B E 2 2 93 172 2277 2184
E Space -3 -1 172 172 484 312
Space G 2 -1 172 218 7176 7004
G O 1 -4 218 109 312 94
O O 0 0 109 140 203 94
O D -1 6 140 171 156 16
D Space -2 -1 171 187 203 32
Space R 3 0 187 219 1653 1466
R Back 1 -9 219 156 624 405
Back U -1 6 156 125 780 624
U N -2 1 125 156 203 78
N D 1 3 156 125 203 47
D Back 2 -10 125 141 530 405
Back Back 0 0 141 109 250 109
Back Back 0 0 109 94 452 343
Back H -2 7 94 125 905 811
H A 0 5 125 141 109 -16
A N -1 -5 141 141 187 46
N D 1 3 141 141 125 -16
D S 0 1 141 125 203 62
S Space -2 -2 125 140 156 31
Space O 3 -5 140 141 187 47
O N -2 3 141 141 187 46
N Space -1 2 141 141 203 62
Space Back 4 -9 141 546 1186 1045
Back Back 0 0 546 609 1076 530
Back Back 0 0 609 109 905 296
Back Back 0 0 109 94 265 156
Back Space -4 9 94 141 421 327
Space R 3 0 141 172 281 140
R E 0 1 172 187 78 -94
E S -1 1 187 140 203 16
S E 1 -1 140 156 390 250
E A -1 2 156 156 172 16
A R 1 -3 156 141 202 46
R C -2 1 141 156 234 93
C H 1 -3 156 109 188 32
H Space -2 2 109 141 249 140
Space I 3 -4 141 171 219 78
I N -2 2 171 156 249 78
N Back 3 -7 156 125 952 796
Back Back 0 0 125 109 234 109
Back A -2 12 109 218 2293 2184
A N -1 -5 218 187 281 63
N D 1 3 187 172 218 31
D Space -2 -1 172 156 281 109
Space I 3 -4 156 125 7784 7628
I N -2 2 125 172 203 78
N D 1 3 172 156 156 -16
D U 1 -4 156 109 437 281
U S -1 5 109 156 281 172
S Back 2 -11 156 156 686 530
Back Back 0 0 156 125 219 63
Back Back 0 0 125 125 218 93
Back Back 0 0 125 109 234 109
Back Back 0 0 109 125 203 94
Back R -1 9 125 171 2044 1919
R E 0 1 171 187 171 0
E S -1 1 187 78 515 328
S A 0 1 78 156 343 265
A R 1 -3 156 125 281 125
R C -2 1 125 125 265 140
C H 1 -3 125 124 219 94
H Space -2 2 124 171 265 141
Space T 3 -1 171 156 733 562
T I 0 -3 156 140 172 16
I E 0 5 140 140 140 0
E Space -3 -1 140 141 655 515
Space U 3 -3 141 109 219 78
U P 0 -3 109 156 218 109
P S -1 8 156 109 172 16
S Space -2 -2 109 156 124 15
Space W 3 2 156 125 250 94
W I 0 -6 125 124 172 47
I T 0 3 124 125 187 63
T H -1 -1 125 125 140 15
H Space -2 2 125 125 187 62
Space C 1 1 125 171 1233 1108
C O 2 -6 171 109 156 -15
O M -2 2 109 156 187 78
M P 2 -3 156 156 218 62
P A -1 9 156 156 78 -78
A N -1 -5 156 140 188 32
N I 2 -2 140 109 187 47
I E 0 5 109 140 109 0
E S -1 1 140 156 156 16
S OemPeriod -1 -7 156 156 172 16
OemPeriod LShiftKey 0 9 156 437 6130 5974
LShiftKey Y 2 -6 437 94 390 -47
Y E 0 3 94 140 172 78
E S -1 1 140 156 156 16
S Space -2 -2 156 156 187 31
Space I 3 -4 156 140 796 640
I Space -3 4 140 156 265 125
Space W 3 2 156 125 187 31
W O 0 -7 125 125 109 -16
O U 0 2 125 93 188 63
U L -1 -2 93 141 171 78
L D 0 6 141 141 156 15
D Space -2 -1 141 140 94 -47
Space R 3 0 140 156 156 16
R E 0 1 156 125 187 31
E C -2 0 125 156 109 -16
C O 2 -6 156 140 281 125
O M -2 2 140 125 218 78
M M 0 0 125 124 188 63
M E 2 4 124 109 140 16
E N -2 -3 109 125 125 16
N D 1 3 125 141 140 15
D Space -2 -1 141 140 125 -16
Space LShiftKey 1 4 140 842 624 484
LShiftKey U 2 -7 842 109 577 -265
U B -2 2 109 141 187 78
B Space -1 1 141 141 203 62
Space T 3 -1 141 125 234 93
T O 0 -4 125 141 109 -16
O Space -3 5 141 156 172 31
Space G 2 -1 156 109 5008 4852
G R 1 1 109 140 234 125
R A -1 3 140 203 124 -16
A D 0 -2 203 124 188 -15
D U 1 -4 124 109 249 125
U A -1 6 109 125 78 -31
A T 1 -4 125 172 187 62
T E 0 2 172 171 141 -31
E S -1 1 171 141 140 -31
S Back 2 -11 141 717 1342 1201
Back Back 0 0 717 141 920 203
Back Back 0 0 141 109 234 93
Back Back 0 0 109 47 967 858
Back Space -4 9 47 156 359 312
Space O 3 -5 156 125 499 343
O T 0 4 125 156 172 47
T H -1 -1 156 94 140 -16
H E 1 3 94 172 94 0
E R 0 -1 172 187 125 -47
R S -1 2 187 172 171 -16
S Space -2 -2 172 109 188 16
Space B 1 -1 109 110 280 171
B E 2 2 110 125 63 -47
E C -2 0 125 78 343 218
C A 1 2 78 141 1154 1076
A U 1 -6 141 109 203 62
U S -1 5 109 109 125 16
S E 1 -1 109 140 94 -15
E Space -3 -1 140 109 156 16
Space O 3 -5 109 141 202 93
O F -1 5 141 94 156 15
F Space -2 0 94 156 78 -16
Space Back 4 -9 156 125 2434 2278
Back Back 0 0 125 94 234 109
Back Back 0 0 94 125 203 109
Back Space -4 9 125 78 920 795
Space Back 4 -9 78 140 640 562
Back Back 0 0 140 109 234 94
Back Space -4 9 109 141 374 265
Space T 3 -1 141 125 250 109
T H -1 -1 125 109 109 -16
H E 1 3 109 156 125 16
E Space -3 -1 156 140 109 -47
Space T 3 -1 140 110 296 156
T U 0 -2 110 109 281 171
U T 0 2 109 125 234 125
T I 0 -3 125 156 172 47
I O 0 -1 156 125 140 -16
O T 0 4 125 124 297 172
T N -2 -1 124 141 592 468
N Space -1 2 141 140 266 125
Space Back 4 -9 140 671 436 296
Back Back 0 0 671 78 890 219
Back T -1 8 78 172 826 748
T U 0 -2 172 110 234 62
U I 0 -1 110 110 234 124
I T 0 3 110 125 172 62
T O 0 -4 125 125 312 187
O N -2 3 125 109 250 125
N Space -1 2 109 125 202 93
Space A 2 3 125 156 1092 967
A N -1 -5 156 156 125 -31
N D 1 3 156 125 156 0
D Space -2 -1 125 140 141 16
Space T 3 -1 140 141 249 109
T H -1 -1 141 109 125 -16
H E 1 3 109 125 125 16
E Space -3 -1 125 188 93 -32
Space P 3 -6 188 171 266 78
P R 0 6 171 109 187 16
R O 0 -5 109 125 187 78
O F -1 5 125 109 156 31
F Back 2 -9 109 920 640 531
Back Back 0 0 920 109 1123 203
Back Back 0 0 109 124 203 94
Back Back 0 0 124 109 218 94
Back Back 0 0 109 94 234 125
Back Back 0 0 94 125 281 187
Back Back 0 0 125 140 1326 1201
Back Back 0 0 140 125 249 109
Back Back 0 0 125 125 219 94
Back Back 0 0 125 125 577 452
Back T -1 8 125 125 1170 1045
T H -1 -1 125 140 78 -47
H E 1 3 140 110 140 0
E Space -3 -1 110 140 94 -16
Space T 3 -1 140 125 156 16
T U 0 -2 125 93 172 47
U I 0 -1 93 124 234 141
I T 0 3 124 140 156 32
T I 0 -3 140 171 234 94
I O 0 -1 171 141 124 -47
O N -2 3 141 140 188 47
N Space -1 2 140 140 265 125
Space I 3 -4 140 171 1092 952
I S -1 6 171 125 234 63
S Space -2 -2 125 141 218 93
Space C 1 1 141 125 562 421
C O 2 -6 125 141 327 202
O M -2 2 141 140 266 125
M P 2 -3 140 218 187 47
P A -1 9 218 156 125 -93
A R 1 -3 156 140 234 78
R E 0 1 140 93 702 562
E T 0 -2 93 93 234 141
T L -1 -4 93 125 187 94
L Back 2 -4 125 140 468 343
Back I -1 5 140 110 405 265
I V -2 4 110 140 172 62
V E 2 1 140 141 218 78
E L -1 -6 141 125 156 15
L Y 1 3 125 125 281 156
Y Space -3 2 125 140 141 16
Space L 2 -5 140 109 234 94
L E 1 6 109 109 93 -16
E S -1 1 109 109 172 63
S S 0 0 109 124 203 94
S Space -2 -2 124 125 187 63
Space A 2 3 125 171 203 78
A N -1 -5 171 141 124 -47
N D 1 3 141 141 125 -16
D Space -2 -1 141 125 109 -32
Space T 3 -1 125 124 188 63
T H -1 -1 124 94 93 -31
H E 1 3 94 110 109 15
E Space -3 -1 110 125 94 -16
Space P 3 -6 125 125 296 171
P R 0 6 125 93 188 63
R O 0 -5 93 141 202 109
O F -1 5 141 94 156 15
F E 1 1 94 140 172 78
E S -1 1 140 110 218 78
S S 0 0 110 125 203 93
S O 1 -7 125 141 156 31
O R 0 5 141 125 109 -32
R S -1 2 125 156 266 141
S Space -2 -2 156 156 265 109
Space A 2 3 156 172 639 483
A R 1 -3 172 187 188 16
R E 0 1 187 187 109 -78
E Space -3 -1 187 172 171 -16
Space G 2 -1 172 172 172 0
G O 1 -4 172 109 234 62
O O 0 0 109 125 187 78
O D -1 6 125 156 203 78
D OemPeriod -1 -6 156 156 515 359
OemPeriod Space -1 5 156 109 10249 10093
Space Space 0 0 109 140 3510 3401
Space Space 0 0 140 125 1154 1014
Space LShiftKey 1 4 125 421 26209 26084
LShiftKey I 2 -8 421 156 296 -125
I Space -3 4 156 156 172 16
Space L 2 -5 156 156 234 78
L I 1 1 156 94 218 62
I K -1 0 94 125 218 124
K E 1 5 125 156 110 -15
E Space -3 -1 156 125 218 62
Space T 3 -1 125 156 1170 1045
T O 0 -4 156 125 203 47
O Space -3 5 125 156 171 46
Space W 3 2 156 156 141 -15
W A -1 1 156 140 125 -31
A T 1 -4 140 109 187 47
T C -2 2 109 125 265 156
C H 1 -3 125 109 172 47
H Space -2 2 109 125 187 78
Space T 3 -1 125 141 140 15
T V -2 1 141 109 234 93
V Space -1 0 109 140 1233 1124
Space A 2 3 140 156 218 78
A N -1 -5 156 124 172 16
N D 1 3 124 125 109 -15
D Space -2 -1 125 140 125 0
Space P 3 -6 140 141 249 109
P L -1 1 141 156 172 31
L A 0 8 156 141 171 15
A Y 1 -5 141 156 468 327
Y Space -3 2 156 140 219 63
Space S 2 2 140 125 249 109
S P 1 -8 125 187 297 172
P O 0 1 187 125 312 125
O R 0 5 125 156 203 78
R T 0 -1 156 156 312 156
T S -1 3 156 172 202 46
S OemPeriod -1 -7 172 125 983 811
OemPeriod LShiftKey 0 9 125 1139 796 671
LShiftKey N 0 -6 1139 125 951 -188
N O 2 -3 125 125 250 125
O Space -3 5 125 171 172 47
Space I 3 -4 171 109 265 94
I M -2 1 109 125 249 140
M Space -1 3 125 140 172 47
Space N 1 -2 140 141 374 234
N O 2 -3 141 156 250 109
O T 0 4 156 156 234 78
T Space -3 1 156 140 203 47
Space S 2 2 140 125 499 359
S O 1 -7 125 109 156 31
O O 0 0 109 125 187 78
O Space -3 5 125 141 187 62
Space K 2 -4 141 125 219 78
K E 1 5 125 78 343 218
E Back 1 -10 78 203 936 858
Back Back 0 0 203 110 296 93
Back Back 0 0 110 125 219 109
Back Back 0 0 125 124 671 546
Back Back 0 0 124 109 249 125
Back Back 0 0 109 125 250 141
Back R -1 9 125 156 1154 1029
R E 0 1 156 187 78 -78
E A -1 2 187 140 141 -46
A L 0 -8 140 93 156 16
L L 0 0 93 109 187 94
L Y 1 3 109 109 265 156
Y Space -3 2 109 109 125 16
Space I 3 -4 109 124 203 94
I N -2 2 124 125 202 78
N T 2 1 125 140 110 -15
T E 0 2 140 156 202 62
E R 0 -1 156 218 141 -15
R E 0 1 218 203 171 -47
E S -1 1 203 125 172 -31
S T 1 -3 125 125 187 62
T E 0 2 125 125 187 62
E D -1 0 125 141 234 109
D Space -2 -1 141 156 188 47
Space I 3 -4 156 140 296 140
I N -2 2 140 156 203 63
N Space -1 2 156 140 234 78
Space A 2 3 140 171 2886 2746
A R 1 -3 171 94 218 47
R T 0 -1 94 110 187 93
T Oemcomma -2 -3 110 125 437 327
Oemcomma M 0 1 125 141 499 374
M U 2 0 141 125 406 265
U S -1 5 125 125 187 62
S I 1 -6 125 140 141 16
I C -2 5 140 156 171 31
C Space -1 -1 156 141 187 31
Space O 3 -5 141 141 203 62
O R 0 5 141 125 172 31
R Space -3 0 125 125 156 31
Space T 3 -1 125 140 234 109
T H -1 -1 140 109 140 0
H E 1 3 109 124 219 110
E A -1 2 124 188 124 0
A T 1 -4 188 94 312 124
T R 0 1 94 171 219 125
R E 0 1 171 172 140 -31
E OemPeriod -2 -6 172 156 359 187
OemPeriod LShiftKey 0 9 156 748 2122 1966
LShiftKey I 2 -8 748 125 608 -140
I Space -3 4 125 125 187 62
Space L 2 -5 125 156 187 62
L I 1 1 156 109 219 63
I K -1 0 109 125 218 109
K E 1 5 125 140 141 16
E Space -3 -1 140 140 109 -31
Space T 3 -1 140 156 249 109
T O 0 -4 156 171 188 32
O Space -3 5 171 156 218 47
Space D 2 1 156 156 702 546
D O 1 -6 156 125 203 47
O Space -3 5 125 172 171 46
Space R 3 0 172 109 281 109
R O 0 -5 109 140 141 32
O C -2 6 140 141 171 31
C K 1 -5 141 140 141 0
K Space -2 4 140 140 187 47
Space C 1 1 140 124 203 63
C L 1 -6 124 141 171 47
L I 1 1 141 140 219 78
I M -2 1 140 171 234 94
M B 0 2 171 78 358 187
B I 2 -3 78 109 796 718
I N -2 2 109 140 203 94
N G 1 1 140 172 140 0
G Space -2 1 172 141 156 -16
Space I 3 -4 141 140 7785 7644
I Back 1 -5 140 125 561 421
Back Back 0 0 125 94 234 109
Back OemPeriod -3 4 94 140 4431 4337
OemPeriod LShiftKey 0 9 140 374 5413 5273
LShiftKey C 0 -3 374 109 296 -78
C U 2 -4 109 125 390 281
U Back 1 -6 125 110 577 452
Back Back 0 0 110 93 266 156
Back LShiftKey -3 13 93 14258 858 765
LShiftKey R 2 -4 14258 125 14164 -94
R U 0 -3 125 94 250 125
U N -2 1 94 124 172 78
N N 0 0 124 110 202 78
N I 2 -2 110 140 188 78
I N -2 2 140 156 218 78
N G 1 1 156 124 250 94
G Space -2 1 124 156 234 110
Space I 3 -4 156 156 530 374
I S -1 6 156 125 218 62
S Space -2 -2 125 124 188 63
Space O 3 -5 124 156 234 110
O N -2 3 156 141 202 46
N E 2 3 141 156 47 -94
E Space -3 -1 156 141 234 78
Space A 2 3 141 172 593 452
A C -1 -2 172 125 281 109
C T 2 -2 125 156 281 156
T I 0 -3 156 141 249 93
I V -2 4 141 172 203 62
V I 2 -4 172 156 203 31
I T 0 3 156 140 234 78
T Y 0 -1 140 156 359 219
Y Space -3 2 156 156 405 249
Space I 3 -4 156 172 2933 2777
I Space -3 4 172 187 265 93
Space L 2 -5 187 141 858 671
L I 1 1 141 109 250 109
I K -1 0 109 172 218 109
K E 1 5 172 109 156 -16
E Space -3 -1 109 140 94 -15
Space I 3 -4 140 140 3791 3651
I N -2 2 140 156 234 94
N Space -1 2 156 141 171 15
Space B 1 -1 141 141 421 280
B U 2 -2 141 109 359 218
U F -1 3 109 124 141 32
F F 0 0 124 140 187 63
F A 0 3 140 187 125 -15
A L 0 -8 187 141 171 -16
L O 1 0 141 125 234 93
O Oemcomma -2 1 125 156 593 468
Oemcomma LShiftKey 0 8 156 858 328 172
LShiftKey N 0 -6 858 140 156 -702
N Y 2 0 140 141 483 343
Y OemPeriod -2 -3 141 156 889 748
OemPeriod LShiftKey 0 9 156 406 13276 13120
LShiftKey M 0 -7 406 140 328 -78
M O 2 -2 140 125 218 78
O R 0 5 125 156 94 -31
R E 0 1 156 156 109 -47
E Space -3 -1 156 156 62 -94
Space R 3 0 156 125 312 156
R O 0 -5 125 125 187 62
O C -2 6 125 141 203 78
C K 1 -5 141 125 125 -16
K Space -2 4 125 125 187 62
Space C 1 1 125 156 219 94
C L 1 -6 156 156 140 -16
L I 1 1 156 124 250 94
I M -2 1 124 125 218 94
M B 0 2 125 109 281 156
B I 2 -3 109 125 249 140
I N -2 2 125 140 219 94
N G 1 1 140 109 156 16
G Space -2 1 109 140 156 47
Space C 1 1 140 187 390 250
C E 2 0 187 140 234 47
E Back 1 -10 140 109 2512 2372
Back Back 0 0 109 109 218 109
Back W -1 11 109 172 1014 905
W A -1 1 172 172 140 -32
A L 0 -8 172 63 312 140
L L 0 0 63 125 172 109
L S 0 7 125 125 187 62
S Space -2 -2 125 141 265 140
Space A 2 3 141 156 468 327
A R 1 -3 156 140 172 16
R O 0 -5 140 140 203 63
O U 0 2 140 109 218 78
U N -2 1 109 156 203 94
N D 1 3 156 125 109 -47
D Space -2 -1 125 156 141 16
Space T 3 -1 156 140 156 0
T H -1 -1 140 110 124 -16
H E 1 3 110 109 94 -16
E Space -3 -1 109 187 109 0
Space C 1 1 187 140 328 141
C I 2 -5 140 109 218 78
I T 0 3 109 110 265 156
T Y 0 -1 110 109 219 109
Y OemPeriod -2 -3 109 141 327 218
OemPeriod LShiftKey 0 9 141 249 219 78
LShiftKey N 0 -6 249 109 187 -62
N I 2 -2 109 109 187 78
I A -1 7 109 140 94 -15
A G 0 -4 140 109 281 141
G R 1 1 109 156 202 93
R A -1 3 156 156 188 32
A Space -2 -3 156 156 280 124
Space R 3 0 156 172 2278 2122
R O 0 -5 172 125 203 31
O C -2 6 125 125 156 31
C K 1 -5 125 109 140 15
K Space -2 4 109 140 172 63
Space C 1 1 140 125 171 31
C L 1 -6 125 125 125 0
L I 1 1 125 94 203 78
I M -2 1 94 125 187 93
M B 0 2 125 124 297 172
B I 2 -3 124 125 218 94
I N -2 2 125 124 172 47
N G 1 1 124 109 140 16
G Space -2 1 109 140 94 -15
Space C 1 1 140 125 171 31
C E 2 0 125 109 281 156
E N -2 -3 109 140 234 125
N T 2 1 140 125 203 63
T R 0 1 125 141 249 124
R E 0 1 141 156 110 -31
E Space -3 -1 156 156 202 46
Space I 3 -4 156 156 266 110
I S -1 6 156 109 140 -16
S Space -2 -2 109 140 78 -31
Space T 3 -1 140 94 187 47
T O 0 -4 94 109 172 78
O O 0 0 109 141 171 62
O Space -3 5 141 141 281 140
Space F 2 0 141 187 281 140
F A 0 3 187 156 140 -47
A R 1 -3 156 156 266 110
R Space -3 0 156 156 218 62
Space F 2 0 156 187 1295 1139
F R 1 0 187 125 234 47
R O 0 -5 125 140 234 109
O M -2 2 140 141 218 78
M Space -1 3 141 156 172 31
Space T 3 -1 156 141 374 218
T H -1 -1 141 125 125 -16
H E 1 3 125 109 109 -16
E Space -3 -1 109 140 94 -15
Space U 3 -3 140 109 234 94
U N -2 1 109 110 171 62
N I 2 -2 110 125 203 93
I V -2 4 125 141 109 -16
V E 2 1 141 156 266 125
E Back 1 -10 156 156 343 187
Back Back 0 0 156 109 234 78
Back Back 0 0 109 109 203 94
Back Back 0 0 109 110 202 93
Back Back 0 0 110 93 219 109
Back LShiftKey -3 13 93 328 421 328
LShiftKey Back 3 -13 328 140 484 156
Back Back 0 0 140 109 234 94
Back Back 0 0 109 125 202 93
Back Back 0 0 125 94 250 125
Back LShiftKey -3 13 94 1451 8143 8049
LShiftKey F 1 -4 1451 140 1841 390
F R 1 0 140 125 234 94
R O 0 -5 125 140 172 47
O M -2 2 140 172 249 109
M Space -1 3 172 156 250 78
Space LShiftKey 1 4 156 422 483 327
LShiftKey Back 3 -13 422 187 687 265
Back Back 0 0 187 156 296 109
Back Back 0 0 156 328 203 47
Back Back 0 0 328 125 468 140
Back Back 0 0 125 109 234 109
Back LShiftKey -3 13 109 624 936 827
LShiftKey U 2 -7 624 125 390 -234
U B -2 2 125 141 187 62
B OemPeriod 0 -4 141 156 702 561
OemPeriod Back 3 -4 156 156 983 827
Back Space -4 9 156 156 562 406
Space T 3 -1 156 109 249 93
T O 0 -4 109 141 156 47
O Space -3 5 141 141 187 46
Space C 1 1 141 140 188 47
C O 2 -6 140 109 187 47
O M -2 2 109 109 218 109
M M 0 0 109 125 187 78
M U 2 0 125 124 266 141
U T 0 2 124 140 265 141
T E 0 2 140 156 218 78
E OemPeriod -2 -6 156 187 827 671
OemPeriod Back 3 -4 187 109 9142 8955
Back Back 0 0 109 109 234 125
Back Back 0 0 109 125 202 93
Back Back 0 0 125 94 234 109
Back Back 0 0 94 94 203 109
Back Back 0 0 94 94 203 109
Back Back 0 0 94 78 218 124
Back M -3 6 78 172 905 827
M O 2 -2 172 140 203 31
O V -2 5 140 125 156 16
V I 2 -4 125 140 156 31
I E 0 5 140 156 94 -46
E S -1 1 156 156 171 15
S Oemcomma -1 -6 156 172 858 702
Oemcomma R 2 4 172 188 13135 12963
R U 0 -3 188 141 156 -32
U N -2 1 141 141 203 62
N Space -1 2 141 171 172 31
Space A 2 3 171 156 171 0
A N -1 -5 156 124 188 32
N D 1 3 124 156 140 16
D Space -2 -1 156 156 172 16
Space G 2 -1 156 141 5818 5662
G O 1 -4 141 125 156 15
O Space -3 5 125 171 110 -15
Space S 2 2 171 124 156 -15
S W 1 0 124 141 249 125
W I 0 -6 141 93 94 -47
I M -2 1 93 93 234 141
M M 0 0 93 141 171 78
M I 2 -1 141 109 203 62
I N -2 2 109 125 156 47
N G 1 1 125 141 234 109
G Oem7 0 -6 141 109 4540 4399
Oem7 Space -2 7 109 140 2465 2356
Space Space 0 0 140 141 2433 2293
Space Space 0 0 141 140 1888 1747
Space Space 0 0 140 141 3135 2995
Space Back 4 -9 141 125 4587 4446
Back Oemcomma -3 5 125 125 1232 1107
Oemcomma G 1 3 125 125 19594 19469
G O 1 -4 125 109 187 62
O I 0 1 109 109 172 63
I N -2 2 109 124 203 94
N G 1 1 124 109 140 16
G Space -2 1 109 140 78 -31
Space O 3 -5 140 140 203 63
O U 0 2 140 109 218 78
U T 0 2 109 125 125 16
T Space -3 1 125 125 156 31
Space F 2 0 125 140 359 234
F O 1 -5 140 140 156 16
O R 0 5 140 109 125 -15
R Space -3 0 109 78 156 47
Space M 1 -3 78 141 171 93
M O 2 -2 141 156 125 -16
O V -2 5 156 109 172 16
V I 2 -4 109 125 171 62
I E 0 5 125 125 109 -16
E S -1 1 125 171 266 141
S Space -2 -2 171 140 7254 7083
Space A 2 3 140 156 156 16
A N -1 -5 156 125 140 -16
N D 1 3 125 125 109 -16
D Space -2 -1 125 156 141 16
Space S 2 2 156 156 4305 4149
S E 1 -1 156 156 109 -47
E E 0 0 156 156 234 78
E I 0 -5 156 125 250 94
I N -2 2 125 125 218 93
N G 1 1 125 124 110 -15
G Space -2 1 124 141 171 47
Space P 3 -6 141 156 281 140
P L -1 1 156 156 172 16
L A 0 8 156 156 109 -47
A C -1 -2 156 156 187 31
C E 2 0 156 140 172 16
E S -1 1 140 188 124 -16
S Space -2 -2 188 156 172 -16
Space L 2 -5 156 172 218 62
L I 1 1 172 140 250 78
I K -1 0 140 125 281 141
K E 1 5 125 172 109 -16
E Space -3 -1 172 171 437 265
Space Back 4 -9 171 93 1326 1155
Back Back 0 0 93 952 639 546
Back Back 0 0 952 125 1170 218
Back Back 0 0 125 110 234 109
Back Back 0 0 110 125 234 124
Back Back 0 0 125 94 234 109
Back V -3 9 94 109 765 671
V I 2 -4 109 125 187 78
I S -1 6 125 125 140 15
S I 1 -6 125 110 156 31
I T 0 3 110 109 359 249
T I 0 -3 109 109 141 32
I N -2 2 109 140 140 31
N G 1 1 140 109 125 -15
G Space -2 1 109 141 93 -16
Space P 3 -6 141 171 188 47
P L -1 1 171 124 156 -15
L A 0 8 124 140 31 -93
A C -1 -2 140 172 140 0
C E 2 0 172 109 156 -16
E S -1 1 109 156 125 16
S Space -2 -2 156 172 140 -16
Space A 2 3 172 141 125 -47
A R 1 -3 141 140 125 -16
R O 0 -5 140 140 172 32
O U 0 2 140 125 249 109
U N -2 1 125 156 250 125
N D 1 3 156 141 140 -16
D Space -2 -1 141 141 156 15
Space B 1 -1 141 141 889 748
B U 2 -2 141 125 172 31
U F -1 3 125 125 156 31
F F 0 0 125 140 203 78
F A 0 3 140 172 109 -31
A L 0 -8 172 125 156 -16
L O 1 0 125 125 218 93
O C -2 6 125 125 5710 5585
C Back 3 -10 125 125 1700 1575
Back Space -4 9 125 125 172 47
Space C 1 1 125 140 437 312
C U 2 -4 140 109 234 94
U R 0 3 109 109 140 31
R R 0 0 109 156 187 78
R E 0 1 156 140 110 -46
E N -2 -3 140 141 124 -16
N T 2 1 141 125 156 15
T L -1 -4 125 141 156 31
L Y 1 3 141 109 172 31
Y Space -3 2 109 109 3229 3120
Space LShiftKey 1 4 109 530 2855 2746
LShiftKey B 0 -5 530 203 296 -234
B Space -1 1 203 109 6693 6490
Space Back 4 -9 109 93 2028 1919
Back Back 0 0 93 124 203 110
Back OemPeriod -3 4 124 124 3354 3230
OemPeriod Space -1 5 124 124 624 500
Space LShiftKey 1 4 124 343 58110 57986
LShiftKey T 2 -5 343 93 312 -31
T H -1 -1 93 124 125 32
H E 1 3 124 125 140 16
E Space -3 -1 125 125 140 15
Space P 3 -6 125 171 765 640
P E 0 7 171 141 171 0
E O 0 -6 141 140 188 47
O P 0 -1 140 140 109 -31
P L -1 1 140 172 218 78
L E 1 6 172 125 187 15
E Space -3 -1 125 156 156 31
Space A 2 3 156 156 297 141
A R 1 -3 156 156 218 62
R E 0 1 156 141 109 -47
E Space -3 -1 141 156 203 62
Space R 3 0 156 172 3557 3401
R O 0 -5 172 172 187 15
O W 0 7 172 125 156 -16
W I 0 -6 125 125 203 78
I N -2 2 125 172 218 93
N G 1 1 172 140 188 16
G Space -2 1 140 188 124 -16
Space Back 4 -9 188 125 9126 8938
Back LShiftKey -3 13 125 265 921 796
LShiftKey I 2 -8 265 109 187 -78
I N -2 2 109 125 187 78
N Space -1 2 125 109 94 -31
Space T 3 -1 109 140 156 47
T H -1 -1 140 94 109 -31
H E 1 3 94 94 140 46
E Space -3 -1 94 110 78 -16
Space P 3 -6 110 141 624 514
P I 0 2 141 125 219 78
I C -2 5 125 109 1544 1419
C T 2 -2 109 93 297 188
T U 0 -2 93 125 358 265
U R 0 3 125 203 234 109
R E 0 1 203 156 141 -62
E Space -3 -1 156 156 140 -16
Space M 1 -3 156 141 265 109
M O 2 -2 141 172 125 -16
O S -1 7 172 141 109 -63
S T 1 -3 141 141 156 15
T Space -3 1 141 156 156 15
Space P 3 -6 156 156 281 125
P E 0 7 156 140 172 16
E O 0 -6 140 140 125 -15
O P 0 -1 140 156 93 -47
P L -1 1 156 156 203 47
L E 1 6 156 110 140 -16
E Space -3 -1 110 156 125 15
Space A 2 3 156 187 515 359
A R 1 -3 187 187 234 47
R E 0 1 187 141 140 -47
E Space -3 -1 141 172 203 62
Space I 3 -4 172 141 6240 6068
I N -2 2 141 156 203 62
N Space -1 2 156 156 250 94
Space T 3 -1 156 156 218 62
T H -1 -1 156 141 140 -16
H E 1 3 141 110 156 15
E Space -3 -1 110 140 94 -16
Space S 2 2 140 203 265 125
S E 1 -1 203 188 187 -16
E A -1 2 188 172 172 -16
A Space -2 -3 172 141 2371 2199
Space R 3 0 141 109 203 62
R O 0 -5 109 141 140 31
O W 0 7 141 156 125 -16
W I 0 -6 156 93 172 16
I N -2 2 93 141 171 78
N G 1 1 141 140 141 0
G Space -2 1 140 141 93 -47
Space T 3 -1 141 156 234 93
T H -1 -1 156 140 172 16
H E 1 3 140 109 624 484
E I 0 -5 109 171 203 94
I R 0 4 171 156 125 -46
R Space -3 0 156 156 187 31
Space B 1 -1 156 140 499 343
B O 2 -4 140 156 390 250
O A -1 8 156 156 172 16
A R 1 -3 156 187 218 62
R S -1 2 187 172 218 31
S Space -2 -2 172 156 250 78
Space E 3 1 156 125 390 234
E N -2 -3 125 172 140 15
N J 1 -1 172 171 375 203
J O 1 -2 171 141 296 125
O Y 0 3 141 187 375 234
Y I 0 -2 187 124 1638 1451
I N -2 2 124 140 218 94
N G 1 1 140 93 203 63
G Space -2 1 93 140 546 453
Space T 3 -1 140 172 530 390
T H -1 -1 172 141 156 -16
H E 1 3 141 156 109 -32
E Space -3 -1 156 140 219 63
Space Back 4 -9 140 172 4274 4134
Back I -1 5 172 140 1217 1045
I E 0 5 140 171 172 32
E R 0 -1 171 156 343 172
R Back 1 -9 156 140 6833 6677
Back Back 0 0 140 109 218 78
Back R -1 9 109 140 328 219
R Space -3 0 140 156 1076 936
Space V 1 0 156 141 764 608
V A 1 3 141 172 125 -16
A C -1 -2 172 125 187 15
C T 2 -2 125 124 266 141
T I 0 -3 124 124 234 110
I O 0 -1 124 125 140 16
O N -2 3 125 124 172 47
N Space -1 2 124 156 218 94
Space O 3 -5 156 140 312 156
O R 0 5 140 140 156 16
R Space -3 0 140 140 156 16
Space S 2 2 140 140 203 63
S E 1 -1 140 171 125 -15
E A -1 2 171 140 187 16
A Space -2 -3 140 156 359 219
Space S 2 2 156 141 717 561
S I 1 -6 141 156 297 156
I C -2 5 156 156 234 78
C K 1 -5 156 171 234 78
K OemPeriod -1 -1 171 156 468 297
OemPeriod LShiftKey 0 9 156 297 11200 11044
LShiftKey T 2 -5 297 109 359 62
T H -1 -1 109 109 141 32
H E 1 3 109 141 124 15
E Space -3 -1 141 156 156 15
Space S 2 2 156 141 281 125
S C -1 -1 141 140 125 -16
C E 2 0 140 140 172 32
E N -2 -3 140 109 187 47
N M 0 -1 109 78 15 -94
M Back 3 -6 78 141 905 827
Back E -1 10 141 140 531 390
E Space -3 -1 140 172 171 31
Space L 2 -5 172 109 1248 1076
L O 1 0 109 109 297 188
O O 0 0 109 140 187 78
O K -1 1 140 140 203 63
K S 0 6 140 156 218 78
S Space -2 -2 156 188 140 -16
Space L 2 -5 188 172 172 -16
L I 1 1 172 140 234 62
I K -1 0 140 156 265 125
K E 1 5 156 125 172 16
E Space -3 -1 125 172 140 15
Space I 3 -4 172 156 2871 2699
I T 0 3 156 172 202 46
T Space -3 1 172 171 266 94
Space I 3 -4 171 156 327 156
I S -1 6 156 156 172 16
S Space -2 -2 156 125 171 15
Space A 2 3 125 125 156 31
A Space -2 -3 125 93 141 16
Space H 2 -2 93 141 249 156
H A 0 5 141 140 188 47
A R 1 -3 140 156 124 -16
R B -2 -1 156 172 359 203
B O 2 -4 172 141 234 62
O U 0 2 141 125 406 265
U R 0 3 125 140 187 62
R Space -3 0 140 141 187 47
Space W 3 2 141 140 562 421
W I 0 -6 140 156 156 16
I T 0 3 156 109 437 281
T H -1 -1 109 125 124 15
H Space -2 2 125 125 219 94
Space F 2 0 125 156 171 46
F I 1 -4 156 125 141 -15
I S -1 6 125 141 140 15
S H 0 -4 141 94 156 15
H I 1 -2 94 125 187 93
I N -2 2 125 156 203 78
N G 1 1 156 125 203 47
G Space -2 1 125 140 203 78
Space B 1 -1 140 109 733 593
B O 2 -4 109 140 203 94
O A -1 8 140 140 78 -62
A T 1 -4 140 124 437 297
T S -1 3 124 156 202 78
S Space -2 -2 156 156 312 156
Space A 2 3 156 125 172 16
A Space -2 -3 125 125 140 15
Space C 1 1 125 93 188 63
C R 2 -1 93 125 218 125
R U 0 -3 125 109 172 47
U I 0 -1 109 125 218 109
I S -1 6 125 172 109 -16
S E 1 -1 172 125 156 -16
E Space -3 -1 125 140 250 125
Space L 2 -5 140 156 171 31
L I 1 1 156 109 250 94
I N -2 2 109 140 203 94
N E 2 3 140 109 125 -15
E Space -3 -1 109 141 202 93
Space A 2 3 141 187 188 47
A N -1 -5 187 140 140 -47
N D 1 3 140 93 172 32
D Space -2 -1 93 172 171 78
Space Back 4 -9 172 577 5741 5569
Back Back 0 0 577 94 811 234
Back Left -4 2 94 780 4493 4399
Left Left 0 0 780 140 1092 312
Left Left 0 0 140 124 250 110
Left Left 0 0 124 125 218 94
Left Left 0 0 125 125 234 109
Left Oemcomma 1 3 125 125 811 686
Oemcomma Right -1 -5 125 890 468 343
Right Right 0 0 890 156 1155 265
Right Oemcomma 1 5 156 109 764 608
Oemcomma P 2 -2 109 171 4197 4088
P E 0 7 171 140 265 94
E O 0 -6 140 140 125 -15
O P 0 -1 140 156 109 -31
P L -1 1 156 203 218 62
L E 1 6 203 125 156 -47
E Space -3 -1 125 156 141 16
Space P 3 -6 156 172 514 358
P A -1 9 172 125 203 31
A R 1 -3 125 156 203 78
R C -2 1 156 109 250 94
C T 2 -2 109 124 312 203
T I 0 -3 124 141 280 156
I C -2 5 141 140 172 31
C I 2 -5 140 109 250 110
I N -2 2 109 140 187 78
N G 1 1 140 141 218 78
G Space -2 1 141 172 234 93
Space Space 0 0 172 140 17753 17581
Space F 2 0 140 124 16786 16646
F O 1 -5 124 140 156 32
O R 0 5 140 109 156 16
R Space -3 0 109 141 124 15
Space S 2 2 141 125 281 140
S P 1 -8 125 140 141 16
P O 0 1 140 109 156 16
O R 0 5 109 109 249 140
R T 0 -1 109 156 250 141
T S -1 3 156 172 140 -16
S Space -2 -2 172 156 203 31
Space A 2 3 156 156 265 109
A N -1 -5 156 109 94 -62
N D 1 3 109 109 187 78
D Space -2 -1 109 140 172 63
Space A 2 3 140 140 1482 1342
A Space -2 -3 140 141 171 31
Space H 2 -2 141 109 312 171
H I 1 -2 109 156 250 141
I S -1 6 156 125 187 31
S T 1 -3 125 172 218 93
T P 0 -5 172 109 250 78
P Back 1 -3 109 141 998 889
Back O -1 4 141 140 609 468
O R 0 5 140 124 125 -15
R I 0 -4 124 125 171 47
I C -2 5 125 125 172 47
C A 1 2 125 140 109 -16
A L 0 -8 140 140 94 -46
L Space -2 5 140 156 156 16
Space R 3 0 156 156 171 15
R E 0 1 156 156 109 -47
E A -1 2 156 141 125 -31
A N -1 -5 141 156 281 140
N A 1 5 156 140 250 94
A C -1 -2 140 125 187 47
C T 2 -2 125 141 218 93
T M -2 -2 141 156 312 171
M E 2 4 156 141 109 -47
E N -2 -3 141 140 188 47
N T 2 1 140 141 124 -16
T OemPeriod -2 -4 141 109 422 281
OemPeriod C 0 6 109 203 12994 12885
C LShiftKey 0 3 203 421 4946 4743
LShiftKey I 2 -8 421 140 296 -125
I N -2 2 140 171 203 63
N Space -1 2 171 141 249 78
Space T 3 -1 141 140 484 343
T H -1 -1 140 124 94 -46
H E 1 3 124 125 140 16
E Space -3 -1 125 125 78 -47
Space P 3 -6 125 172 218 93
P I 0 2 172 109 250 78
I C -2 5 109 140 125 16
C T 2 -2 140 125 296 156
T U 0 -2 125 125 156 31
U R 0 3 125 156 141 16
R E 0 1 156 156 109 -47
E Space -3 -1 156 156 218 62
Space M 1 -3 156 141 1045 889
M O 2 -2 141 141 156 15
O S -1 7 141 140 63 -78
S T 1 -3 140 140 109 -31
T Space -3 1 140 124 94 -46
Space P 3 -6 124 171 156 32
P E 0 7 171 156 109 -62
E O 0 -6 156 141 140 -16
O P 0 -1 141 140 94 -47
P L -1 1 140 141 171 31
L E 1 6 141 125 125 -16
E Space -3 -1 125 140 125 0
Space A 2 3 140 156 203 63
A R 1 -3 156 187 140 -16
R E 0 1 187 141 156 -31
E Space -3 -1 141 124 63 -78
Space I 3 -4 124 125 171 47
I N -2 2 125 141 187 62
N Space -1 2 141 187 110 -31
Space T 3 -1 187 140 218 31
T H -1 -1 140 140 125 -15
H E 1 3 140 124 125 -15
E Space -3 -1 124 140 109 -15
Space S 2 2 140 94 187 47
S E 1 -1 94 218 78 -16
E A -1 2 218 187 203 -15
A Space -2 -3 187 156 343 156
Space R 3 0 156 141 374 218
R O 0 -5 141 141 156 15
O W 0 7 141 140 188 47
W I 0 -6 140 125 124 -16
I N -2 2 125 124 188 63
N G 1 1 124 172 140 16
G Space -2 1 172 140 156 -16
Space T 3 -1 140 125 218 78
T H -1 -1 125 125 94 -31
H E 1 3 125 125 156 31
E I 0 -5 125 141 187 62
I R 0 4 141 141 187 46
R Space -3 0 141 141 203 62
Space B 1 -1 141 94 546 405
B O 2 -4 94 140 281 187
O A -1 8 140 140 250 110
A T 1 -4 140 141 561 421
T S -1 3 141 140 250 109
S Space -2 -2 140 140 203 63
Space E 3 1 140 109 265 125
E N -2 -3 109 156 140 31
N J 1 -1 156 141 624 468
J O 1 -2 141 156 156 15
O Back 1 -4 156 172 515 359
Back Back 0 0 172 140 234 62
Back Back 0 0 140 109 234 94
Back Back 0 0 109 125 203 94
Back Back 0 0 125 141 218 93
Back Oemcomma -3 5 141 125 1014 873
Oemcomma E 2 5 125 124 219 94
E N -2 -3 124 140 140 16
N J 1 -1 140 109 312 172
J O 1 -2 109 141 187 78
O Y 0 3 141 125 187 46
Y I 0 -2 125 93 141 16
I N -2 2 93 109 140 47
N G 1 1 109 124 141 32
G Space -2 1 124 171 78 -46
Space T 3 -1 171 140 452 281
T H -1 -1 140 125 140 0
H E 1 3 125 125 172 47
E I 0 -5 125 141 140 15
I R 0 4 141 125 125 -16
R Space -3 0 125 125 234 109
Space C 1 1 125 141 265 140
C Back 3 -10 141 125 406 265
Back V -3 9 125 156 187 62
V A 1 3 156 187 125 -31
A C -1 -2 187 187 265 78
C A 1 2 187 171 172 -15
A T 1 -4 171 140 281 110
T I 0 -3 140 140 156 16
I O 0 -1 140 125 109 -31
O N -2 3 125 156 140 15
N Space -1 2 156 156 562 406
Space O 3 -5 156 110 249 93
O R 0 5 110 125 78 -32
R Space -3 0 125 109 141 16
Space S 2 2 109 78 187 78
S E 1 -1 78 234 47 -31
E A -1 2 234 156 218 -16
A Space -2 -3 156 125 437 281
Space S 2 2 125 124 172 47
S I 1 -6 124 93 156 32
I C -2 5 93 109 171 78
C K 1 -5 109 94 203 94
K OemPeriod -1 -1 94 124 484 390
OemPeriod Back 3 -4 124 78 3931 3807
Back LShiftKey -3 13 78 468 7410 7332
LShiftKey I 2 -8 468 156 327 -141
I Space -3 4 156 172 234 78
Space S 2 2 172 156 266 94
S E 1 -1 156 140 187 31
E E 0 0 140 156 265 125
E Space -3 -1 156 156 390 234
Space P 3 -6 156 172 2028 1872
P E 0 7 172 140 172 0
E O 0 -6 140 141 124 -16
O P 0 -1 141 140 94 -47
P L -1 1 140 156 203 63
L E 1 6 156 125 140 -16
E Back 1 -10 125 172 624 499
Back Back 0 0 172 109 281 109
Back Back 0 0 109 110 218 109
Back Back 0 0 110 109 203 93
Back Back 0 0 109 109 219 110
Back Back 0 0 109 78 234 125
Back A -2 12 78 172 1513 1435
A Space -2 -3 172 140 281 109
Space H 2 -2 140 125 296 156
H A 0 5 125 156 172 47
A R 1 -3 156 156 249 93
R B -2 -1 156 141 312 156
B O 2 -4 141 156 234 93
O U 0 2 156 125 593 437
U R 0 3 125 110 187 62
R Space -3 0 110 109 172 62
Space W 3 2 109 125 530 421
W I 0 -6 125 140 406 281
I T 0 3 140 187 203 63
T H -1 -1 187 140 125 -62
H Space -2 2 140 140 187 47
Space L 2 -5 140 109 312 172
L O 1 0 109 125 218 109
O T 0 4 125 124 141 16
T Space -3 1 124 172 140 16
Space O 3 -5 172 156 250 78
O F -1 5 156 140 109 -47
F Space -2 0 140 140 125 -15
Space S 2 2 140 140 218 78
S H 0 -4 140 140 125 -15
H I 1 -2 140 124 281 141
I P 0 -2 124 171 234 110
P S -1 8 171 140 187 16
S Space -2 -2 140 156 156 16
Space A 2 3 156 140 203 47
A R 1 -3 140 156 280 140
R O 0 -5 156 156 219 63
O U 0 2 156 110 327 171
U N -2 1 110 140 219 109
N D 1 3 140 124 125 -15
D Space -2 -1 124 156 140 16
Space A 2 3 156 109 172 16
A N -1 -5 109 156 764 655
N D 1 3 156 109 203 47
D Space -2 -1 109 156 156 47
Space W 3 2 156 312 1763 1607
W A -1 1 312 280 234 -78
A L 0 -8 280 156 764 484
L D 0 6 156 156 281 125
D O 1 -6 156 171 468 312
O Space -3 5 171 156 343 172
Space N 1 -2 156 156 2902 2746
N E 2 3 156 140 109 -47
E A -1 2 140 187 125 -15
A R 1 -3 187 141 826 639
R Space -3 0 141 141 156 15
Space T 3 -1 141 125 156 15
T H -1 -1 125 124 110 -15
H E 1 3 124 140 109 -15
E Space -3 -1 140 156 93 -47
Space S 2 2 156 110 234 78
S W 1 0 110 109 437 327
W I 0 -6 109 125 359 250
I I 0 0 125 62 203 78
I M -2 1 62 125 218 156
M I 2 -1 125 109 219 94
I N -2 2 109 140 140 31
N G 1 1 140 156 203 63
G Space -2 1 156 156 171 15
Space P 3 -6 156 140 843 687
P O 0 1 140 125 499 359
O O 0 0 125 109 203 78
O L -1 0 109 156 265 156
L Space -2 5 156 156 281 125
Space N 1 -2 156 156 1201 1045
N E 2 3 156 203 125 -31
E X -2 1 203 109 218 15
X T 2 -3 109 156 297 188
T Space -3 1 156 172 171 15
Space T 3 -1 172 125 156 -16
T O 0 -4 125 140 141 16
O Space -3 5 140 156 234 94
Space T 3 -1 156 171 1170 1014
T H -1 -1 171 109 156 -15
H E 1 3 109 140 140 31
E Space -3 -1 140 125 125 -15
Space W 3 2 125 171 624 499
W H -1 -4 171 125 249 78
H I 1 -2 125 109 219 94
I T 0 3 109 156 265 156
T E 0 2 156 140 203 47
E Space -3 -1 140 156 203 63
Space S 2 2 156 171 1404 1248
S H 0 -4 171 140 218 47
H I 1 -2 140 156 203 63
I R 0 4 156 156 187 31
R T 0 -1 156 110 296 140
T E 0 2 110 125 234 124
E Back 1 -10 125 156 843 718
Back Space -4 9 156 172 3603 3447
Space T 3 -1 172 140 843 671
T O 0 -4 140 125 187 47
O U 0 2 125 94 187 62
U R 0 3 94 125 94 0
R I 0 -4 125 109 156 31
I S -1 6 109 141 140 31
S T 1 -3 141 110 187 46
T OemPeriod -2 -4 110 125 843 733
OemPeriod Back 3 -4 125 109 780 655
Back Space -4 9 109 218 7535 7426
Space Space 0 0 218 140 2059 1841
Space Back 4 -9 140 125 33025 32885
Back B -3 8 125 125 546 421
B A 1 4 125 140 156 31
A Y 1 -5 140 140 234 94
Y Space -3 2 140 125 1607 1467
Space V 1 0 125 125 9048 8923
V I 2 -4 125 94 187 62
I K -1 0 94 94 187 93
K I 1 0 94 78 219 125
I N -2 2 78 140 156 78
N G 1 1 140 109 187 47
G Space -2 1 109 156 156 47
Space R 3 0 156 140 20140 19984
R I 0 -4 140 125 202 62
I G -1 3 125 125 234 109
G H 0 -1 125 125 141 16
H T 1 1 125 109 140 15
T Space -3 1 109 171 141 32
Space S 2 2 171 125 187 16
S I 1 -6 125 125 218 93
I D -1 5 125 141 156 31
D E 1 0 141 110 265 124
E S -1 1 110 202 7130 7020
S U 1 -5 202 109 46113 45911
U B -2 2 109 125 187 78
B C 0 2 125 141 702 577
C O 2 -6 141 125 484 343
O L -1 0 125 94 234 109
L L 0 0 94 109 172 78
L E 1 6 109 125 140 31
E C -2 0 125 125 655 530
C U 2 -4 125 140 10262 10137
U B -2 2 140 140 281 141
B C 0 2 140 141 748 608
C O 2 -6 141 125 203 62
O L -1 0 125 78 234 109
L L 0 0 78 109 156 78
L E 1 6 109 110 109 0
E C -2 0 110 94 203 93
C T 2 -2 94 125 343 249
T I 0 -3 125 140 328 203
I O 0 -1 140 156 187 47
O N -2 3 156 140 328 172
N D3 3 3 140 125 624 484
D3 LShiftKey -3 3 125 4758 218 93
LShiftKey LShiftKey 0 0 4758 483 17457 12699
LShiftKey D2 3 -2 483 156 374 -109
D2 Y -1 -4 156 124 2200 2044
Y A -1 5 124 172 124 0
A S 0 -1 172 141 125 -47
S Back 2 -11 141 125 546 405
Back H -2 7 125 140 921 796
H O 1 -3 140 110 280 140
O O 0 0 110 125 172 62
O OemPeriod -2 0 125 78 733 608
OemPeriod C 0 6 78 156 141 63
C O 2 -6 156 109 265 109
O M -2 2 109 140 203 94
M D 1 4 140 148 5555 5415
D A 0 2 148 146 226 78
A T 1 -4 146 109 442 296
T A -1 4 109 140 203 94
A C -1 -2 140 109 733 593
C O 2 -6 109 124 297 188
O L -1 0 124 94 249 125
L L 0 0 94 109 172 78
L E 1 6 109 141 140 31
E C -2 0 141 110 265 124
C T 2 -2 110 109 359 249
T I 0 -3 109 188 265 156
I O 0 -1 188 156 172 -16
O N -2 3 156 140 312 156
N Y 2 0 140 153 85644 85504
Y A -1 5 153 187 153 0
A S 0 -1 187 166 124 -63
S H 0 -4 166 108 63 -103
H A 0 5 108 140 140 32
A S 0 -1 140 129 78 -62
S G 0 -3 129 109 974 845
G O 1 -4 109 109 221 112
O LShiftKey -2 9 109 468 205 96
LShiftKey D2 3 -2 468 156 312 -156
D2 B -3 -3 156 110 533 377
B U 2 -2 110 125 252 142
U F -1 3 125 110 156 31
F F 0 0 110 132 172 62
F A 0 3 132 159 179 47
A L 0 -8 159 112 127 -32
L O 1 0 112 110 239 127
O OemPeriod -2 0 110 125 299 189
OemPeriod E 2 6 125 125 237 112
E D -1 0 125 125 234 109
D U 1 -4 125 112 161 36
