I Space -3 4 15 125 124 109
Space T 3 -1 125 109 188 63
T H -1 -1 109 94 93 -16
H I 1 -2 94 78 78 -16
I N -2 2 78 125 125 47
N K 1 -2 125 109 78 -47
K Space -2 4 109 109 156 47
Space LShiftKey 1 4 109 624 468 359
LShiftKey U 2 -7 624 78 359 -265
U B -2 2 78 78 171 93
B Space -1 1 78 109 141 63
Space I 3 -4 109 78 203 94
I S -1 6 78 109 93 15
S Space -2 -2 109 94 125 16
Space A 2 3 94 125 109 15
A Space -2 -3 125 141 109 -16
Space F 2 0 141 93 531 390
F I 1 -4 93 62 125 32
I N -2 2 62 78 140 78
N E 2 3 78 62 94 16
E Space -3 -1 62 109 78 16
Space S 2 2 109 125 140 31
S C -1 -1 125 109 250 125
C H 1 -3 109 93 187 78
H O 1 -3 93 78 499 406
O O 0 0 78 63 109 31
O L -1 0 63 93 141 78
L Space -2 5 93 125 171 78
Space F 2 0 125 110 265 140
F O 1 -5 110 93 63 -47
O R 0 5 93 94 140 47
R Space -3 0 94 141 109 15
Space C 1 1 141 124 188 47
C O 2 -6 124 47 124 0
O M -2 2 47 94 156 109
M P 2 -3 94 63 515 421
P U 0 3 63 78 265 202
U T 0 2 78 78 219 141
T E 0 2 78 78 93 15
E R 0 -1 78 62 94 16
R Space -3 0 62 109 156 94
Space S 2 2 109 109 125 16
S C -1 -1 109 93 203 94
C I 2 -5 93 78 124 31
I E 0 5 78 93 110 32
E N -2 -3 93 94 124 31
N C 0 3 94 78 125 31
C E 2 0 78 94 156 78
E Oemcomma -2 -5 94 78 453 359
Oemcomma Space -1 4 78 78 156 78
Space W 3 2 78 94 93 15
W H -1 -4 94 78 141 47
H A 0 5 78 141 124 46
A T 1 -4 141 78 78 -63
T Space -3 1 78 109 172 94
Space I 3 -4 109 62 546 437
I N -2 2 62 94 140 78
N T 2 1 94 78 203 109
T R 0 1 78 78 125 47
R I 0 -4 78 78 109 31
I G -1 3 78 125 250 172
G U 1 -2 125 109 78 -47
U E 0 4 109 62 125 16
E D -1 0 62 124 156 94
D Space -2 -1 124 94 124 0
Space M 1 -3 94 93 188 94
M O 2 -2 93 78 218 125
O S -1 7 78 110 140 62
S T 1 -3 110 47 172 62
T Space -3 1 47 93 203 156
Space I 3 -4 93 78 515 422
I S -1 6 78 110 124 46
S Space -2 -2 110 62 94 -16
Space T 3 -1 62 78 187 125
T H -1 -1 78 78 125 47
H E 1 3 78 94 62 -16
E Space -3 -1 94 109 110 16
Space F 2 0 109 78 265 156
F A 0 3 78 124 125 47
A C -1 -2 124 140 140 16
C Y 2 -3 140 47 109 -31
Y Back 1 -7 47 109 437 390
Back U -1 6 109 62 640 531
U L -1 -2 62 94 171 109
L T 1 4 94 78 172 78
T Y 0 -1 78 62 109 31
Y Space -3 2 62 94 156 94
Space A 2 3 94 109 109 15
A N -1 -5 109 78 94 -15
N D 1 3 78 94 140 62
D Space -2 -1 94 125 16 -78
Space R 3 0 125 78 374 249
R E 0 1 78 62 63 -15
E S -1 1 62 94 171 109
S E 1 -1 94 78 172 78
E R 0 -1 78 94 171 93
R A -1 3 94 94 78 -16
A C -1 -2 94 124 188 94
C H 1 -3 124 31 140 16
H Space -2 2 31 93 125 94
Space H 2 -2 93 78 187 94
H E 1 3 78 93 94 16
E R 0 -1 93 94 93 0
R T 0 -1 94 16 0 -94
T E 0 2 16 94 109 93
E Back 1 -10 94 63 702 608
Back Back 0 0 63 62 110 47
Back E -1 10 62 94 249 187
E Oemcomma -2 -5 94 47 187 93
Oemcomma Back 3 -5 47 78 390 343
Back OemPeriod -3 4 78 62 640 562
OemPeriod Space -1 5 62 125 1014 952
Space LShiftKey 1 4 125 218 13167 13042
LShiftKey I 2 -8 218 62 140 -78
I N -2 2 62 94 140 78
N Space -1 2 94 109 141 47
Space M 1 -3 109 78 827 718
M Y 2 1 78 63 202 124
Y Space -3 2 63 110 156 93
Space E 3 1 110 78 78 -32
E X -2 1 78 109 188 110
X P 2 -8 109 63 124 15
P E 0 7 63 124 110 47
E R 0 -1 124 93 265 141
R I 0 -4 93 94 140 47
I C -2 5 94 78 141 47
C Back 3 -10 78 156 1856 1778
Back E -1 10 156 94 343 187
E N -2 -3 94 63 109 15
N C 0 3 63 94 125 62
C E 2 0 94 109 172 78
E Space -3 -1 109 94 140 31
Space M 1 -3 94 156 1607 1513
M O 2 -2 156 124 94 -62
O S -1 7 124 141 171 47
S T 1 -3 141 62 281 140
T Space -3 1 62 93 172 110
Space I 3 -4 93 78 218 125
I M -2 1 78 94 140 62
M P 2 -3 94 78 203 109
P O 0 1 78 94 125 47
O R 0 5 94 78 156 62
R T 0 -1 78 62 94 16
T Space -3 1 62 109 171 109
Space Q 3 3 109 109 640 531
Q U 0 -6 109 93 125 16
U A -1 6 93 109 171 78
A L 0 -8 109 62 125 16
L I 1 1 62 78 156 94
I T 0 3 78 63 187 109
T Y 0 -1 63 62 94 31
Y Space -3 2 62 109 312 250
Space O 3 -5 109 62 546 437
O F -1 5 62 93 125 63
F Space -2 0 93 62 78 -15
Space T 3 -1 62 93 156 94
T H -1 -1 93 94 140 47
H E 1 3 94 109 31 -63
E Space -3 -1 109 141 156 47
Space U 3 -3 141 94 234 93
U N -2 1 94 109 141 47
N I 2 -2 109 125 93 -16
I V -2 4 125 78 234 109
V E 2 1 78 78 94 16
E T 0 -2 78 63 93 15
T R 0 1 63 63 0 -63
R Back 1 -9 63 62 640 577
Back Back 0 0 62 78 125 63
Back R -1 9 78 62 671 593
R S -1 2 62 141 171 109
S I 1 -6 141 78 172 31
I T 0 3 78 140 156 78
T Y 0 -1 140 62 78 -62
Y Space -3 2 62 109 140 78
Space O 3 -5 109 78 187 78
O I 0 1 78 47 16 -62
I S -1 6 47 110 62 15
S Space -2 -2 110 125 125 15
Space Back 4 -9 125 62 406 281
Back Back 0 0 62 62 109 47
Back Back 0 0 62 63 109 47
Back Back 0 0 63 62 94 31
Back I -1 5 62 78 515 453
I S -1 6 78 94 93 15
S Space -2 -2 94 109 141 47
Space W 3 2 109 47 140 31
W Back 1 -11 47 93 406 359
Back Q -1 12 93 78 109 16
Q U 0 -6 78 78 733 655
U A -1 6 78 78 140 62
A L 0 -8 78 78 78 0
L I 1 1 78 78 156 78
I T 0 3 78 78 422 344
T Y 0 -1 78 78 93 15
Y Space -3 2 78 93 172 94
Space R 3 0 93 78 515 422
R E 0 1 78 62 78 0
E S -1 1 62 94 171 109
S E 1 -1 94 78 172 78
E R 0 -1 78 78 218 140
R A -1 3 78 110 109 31
A H 0 -5 110 63 234 124
H Back 2 -7 63 93 531 468
Back Back 0 0 93 78 140 47
Back Back 0 0 78 93 718 640
Back A -2 12 93 125 218 125
A R 1 -3 125 63 234 109
R C -2 1 63 78 125 62
C H 1 -3 78 62 94 16
H Space -2 2 62 93 156 94
Space Back 4 -9 93 78 327 234
Back OemPeriod -3 4 78 78 2668 2590
OemPeriod Space -1 5 78 78 187 109
Space LShiftKey 1 4 78 140 156 78
LShiftKey I 2 -8 140 62 78 -62
I Space -3 4 62 93 172 110
Space W 3 2 93 93 109 16
W O 0 -7 93 78 109 16
O U 0 2 78 78 156 78
U L -1 -2 78 109 156 78
L D 0 6 109 93 94 -15
D Space -2 -1 93 110 124 31
Space C 1 1 110 78 515 405
C E 2 0 78 78 94 16
E R 0 -1 78 62 125 47
R T 0 -1 62 78 156 94
T A -1 4 78 125 140 62
A I 1 -7 125 62 593 468
I N -2 2 62 78 140 78
N L 1 -3 78 94 156 78
L U 1 2 94 31 203 109
U Y 0 1 31 46 16 -15
Y Space -3 2 46 93 156 110
Space R 3 0 93 62 296 203
R E 0 1 62 93 94 32
E C -2 0 93 78 109 16
C Back 3 -10 78 78 390 312
Back Back 0 0 78 93 125 47
Back Back 0 0 93 62 109 16
Back Back 0 0 62 62 109 47
Back Back 0 0 62 16 234 172
Back Back 0 0 16 78 250 234
Back Y -1 7 78 78 592 514
Y Space -3 2 78 94 172 94
Space R 3 0 94 93 281 187
R E 0 1 93 125 187 94
E C -2 0 125 109 437 312
C O 2 -6 109 63 140 31
O M -2 2 63 78 156 93
M M 0 0 78 94 125 47
M E 2 4 94 94 109 15
E N -2 -3 94 78 109 15
N D 1 3 78 156 125 47
D Space -2 -1 156 124 219 63
Space LShiftKey 1 4 124 265 702 578
LShiftKey U 2 -7 265 63 124 -141
U B -2 2 63 78 141 78
B Space -1 1 78 141 140 62
Space F 2 0 141 141 156 15
F O 1 -5 141 94 109 -32
O R 0 5 94 109 110 16
R Space -3 0 109 125 109 0
Space Back 4 -9 125 94 717 592
Back Back 0 0 94 78 125 31
Back Back 0 0 78 46 141 63
Back Back 0 0 46 78 78 32
Back Back 0 0 78 110 124 46
Back Back 0 0 110 110 390 280
Back LShiftKey -3 13 110 234 437 327
LShiftKey B 0 -5 234 63 156 -78
B Space -1 1 63 124 141 78
Space F 2 0 124 156 280 156
F O 1 -5 156 125 141 -15
O R 0 5 125 94 187 62
R Space -3 0 94 156 109 15
Space Back 4 -9 156 78 10530 10374
Back Back 0 0 78 62 141 63
Back Back 0 0 62 62 109 47
Back Back 0 0 62 31 125 63
Back Back 0 0 31 94 62 31
Back Oemcomma -3 5 94 109 936 842
Oemcomma Space -1 4 109 78 218 109
Space B 1 -1 78 78 172 94
B E 2 2 78 93 94 16
E C -2 0 93 78 109 16
C A 1 2 78 124 1295 1217
A U 1 -6 124 78 109 -15
U S -1 5 78 93 156 78
S E 1 -1 93 109 187 94
E Space -3 -1 109 94 140 31
Space W 3 2 94 94 359 265
W U 0 -5 94 78 141 47
U A -1 6 78 125 109 31
A L 0 -8 125 63 93 -32
L I 1 1 63 78 156 93
I Back 1 -5 78 78 437 359
Back Back 0 0 78 156 141 63
Back Back 0 0 156 78 171 15
Back Back 0 0 78 78 125 47
Back Back 0 0 78 63 109 31
Back Back 0 0 63 31 125 62
Back Space -4 9 31 109 515 484
Space Q 3 3 109 94 343 234
Q U 0 -6 94 78 140 46
U A -1 6 78 125 94 16
A L 0 -8 125 63 109 -16
L I 1 1 63 78 156 93
I T 0 3 78 94 156 78
T Y 0 -1 94 63 78 -16
Y Space -3 2 63 109 172 109
Space C 1 1 109 93 359 250
C O 2 -6 93 78 124 31
O U 0 2 78 78 188 110
U R 0 3 78 78 218 140
R S -1 2 78 94 140 62
S E 1 -1 94 62 188 94
E S -1 1 62 109 156 94
S Space -2 -2 109 109 140 31
Space A 2 3 109 93 749 640
A V -1 -3 93 63 140 47
V A 1 3 63 140 94 31
A I 1 -7 140 78 125 -15
I L -1 -1 78 109 140 62
L A 0 8 109 141 140 31
A B -1 -4 141 63 125 -16
B L 1 -4 63 78 172 109
L E 1 6 78 94 93 15
E Space -3 -1 94 78 110 16
Space O 3 -5 78 109 156 78
O N -2 3 109 78 187 78
N Space -1 2 78 125 140 62
Space C 1 1 125 125 312 187
C O 2 -6 125 63 156 31
O U 0 2 63 78 250 187
U R 0 3 78 63 249 171
R S -1 2 63 94 156 93
S E 1 -1 94 63 203 109
E R 0 -1 63 94 203 140
R A -1 3 94 94 140 46
A Space -2 -3 94 141 156 62
Space Back 4 -9 141 109 812 671
Back A -2 12 109 109 156 47
A Space -2 -3 109 156 358 249
Space T 3 -1 156 109 2481 2325
T O 0 -4 109 62 234 125
O O 0 0 62 78 125 63
O Oemcomma -2 1 78 63 639 561
Oemcomma Space -1 4 63 93 141 78
Space B 1 -1 93 109 265 172
B U 2 -2 109 78 78 -31
U T 0 2 78 93 78 0
T Space -3 1 93 78 109 16
Space I 3 -4 78 78 421 343
I T 0 3 78 62 203 125
T Oem7 -1 -6 62 78 250 188
Oem7 S 0 9 78 78 124 46
S Space -2 -2 78 109 94 16
Space I 3 -4 109 78 234 125
I Back 1 -5 78 78 374 296
Back T -1 8 78 78 468 390
T H -1 -1 78 78 141 63
H E 1 3 78 78 93 15
E Space -3 -1 78 109 94 16
Space R 3 0 109 78 749 640
R E 0 1 78 78 93 15
E S -1 1 78 94 468 390
S E 1 -1 94 62 188 94
E A -1 2 62 94 202 140
A R 1 -3 94 78 110 16
R C -2 1 78 109 140 62
C H 1 -3 109 62 125 16
H Space -2 2 62 125 156 94
Space A 2 3 125 94 140 15
A N -1 -5 94 62 141 47
N D 1 3 62 109 78 16
D Space -2 -1 109 140 78 -31
Space I 3 -4 140 78 436 296
I N -2 2 78 78 172 94
N T 2 1 78 78 250 172
T E 0 2 78 78 93 15
E R 0 -1 78 62 94 16
R A -1 3 62 125 483 421
A C -1 -2 125 110 468 343
C T 2 -2 110 93 266 156
T I 0 -3 93 78 140 47
I O 0 -1 78 93 125 47
O N -2 3 93 78 187 94
N Space -1 2 78 94 140 62
Space O 3 -5 94 63 234 140
O Back 1 -4 63 109 375 312
Back W -1 11 109 109 468 359
W I 0 -6 109 78 187 78
I T 0 3 78 78 187 109
T H -1 -1 78 78 141 63
H Space -2 2 78 124 156 78
Space Q 3 3 124 125 452 328
Q U 0 -6 125 93 281 156
U A -1 6 93 125 140 47
A L 0 -8 125 94 78 -47
L I 1 1 94 78 172 78
I T 0 3 78 78 546 468
T Y 0 -1 78 63 93 15
Y Space -3 2 63 110 156 93
Space P 3 -6 110 93 297 187
P T 0 5 93 78 343 250
T O 0 -4 78 94 156 78
O F -1 5 94 93 328 234
F S 0 2 93 109 1279 1186
S Space -2 -2 109 125 296 187
Space W 3 2 125 93 375 250
W H -1 -4 93 125 109 16
H I 1 -2 125 94 93 -32
I C -2 5 94 93 110 16
C H 1 -3 93 78 109 16
H Space -2 2 78 94 187 109
Space Left 0 -7 94 640 686 592
Left Left 0 0 640 140 1467 827
Left Left 0 0 140 62 312 172
Left Left 0 0 62 94 140 78
Left Left 0 0 94 63 156 62
Left Left 0 0 63 93 94 31
Left R 3 7 93 93 1560 1467
R Right -3 -9 93 749 171 78
Right Right 0 0 749 63 983 234
Right M 1 6 63 78 671 608
M A 1 6 78 125 109 31
A K 0 -7 125 93 94 -31
K E 1 5 93 62 156 63
E S -1 1 62 109 156 94
S Space -2 -2 109 124 125 16
Space E 3 1 124 94 140 16
E D -1 0 94 125 218 124
D U 1 -4 125 78 234 109
U C -2 4 78 78 94 16
C A 1 2 78 109 187 109
A T 1 -4 109 94 265 156
T I 0 -3 94 78 78 -16
I O 0 -1 78 78 125 47
O N -2 3 78 93 172 94
N S 1 4 93 141 218 125
S Back 2 -11 141 93 562 421
Back Space -4 9 93 109 359 266
Space M 1 -3 109 140 733 624
M O 2 -2 140 78 93 -47
O Back 1 -4 78 94 390 312
Back U -1 6 94 93 266 172
U C -2 4 93 78 156 63
C H 1 -3 78 47 93 15
H Space -2 2 47 109 141 94
Space M 1 -3 109 125 202 93
M O 2 -2 125 110 78 -47
O T 0 4 110 47 250 140
T R 0 1 47 46 16 -31
R E 0 1 46 109 78 32
E Space -3 -1 109 125 140 31
Space Back 4 -9 125 94 421 296
Back Back 0 0 94 62 141 47
Back Back 0 0 62 78 78 16
Back Back 0 0 78 109 109 31
Back R -1 9 109 78 639 530
R E 0 1 78 78 110 32
E Space -3 -1 78 93 78 0
Space V 1 0 93 78 171 78
V A 1 3 78 94 156 78
A L 0 -8 94 78 141 47
L U 1 2 78 78 187 109
U B -2 2 78 78 171 93
B L 1 -4 78 78 297 219
L E 1 6 78 110 93 15
E Space -3 -1 110 125 141 31
Space Left 0 -7 125 140 1529 1404
Left Left 0 0 140 109 156 16
Left Left 0 0 109 171 187 78
Left Left 0 0 171 109 437 266
Left A 2 10 109 125 171 62
A Right -2 -12 125 110 187 62
Right Right 0 0 110 47 203 93
Right Right 0 0 47 63 265 218
Right OemPeriod 1 4 63 78 765 702
OemPeriod LShiftKey 0 9 78 250 14742 14664
LShiftKey I 2 -8 250 63 187 -63
I Space -3 4 63 109 156 93
Space U 3 -3 109 78 203 94
U S -1 5 78 109 94 16
S U 1 -5 109 93 78 -31
U A -1 6 93 125 140 47
A L 0 -8 125 62 125 0
L L 0 0 62 110 93 31
L Y 1 3 110 62 406 296
Y Space -3 2 62 78 156 94
Space L 2 -5 78 78 187 109
L I 1 1 78 78 156 78
I K -1 0 78 62 687 609
K E 1 5 62 93 78 16
E Space -3 -1 93 109 109 16
Space T 3 -1 109 110 639 530
T O 0 -4 110 78 125 15
O Space -3 5 78 94 156 78
Space P 3 -6 94 78 187 93
P L -1 1 78 109 125 47
L A 0 8 109 109 141 32
A Y 1 -5 109 63 124 15
Y Space -3 2 63 109 203 140
Space LShiftKey 1 4 109 171 765 656
LShiftKey B 0 -5 171 78 109 -62
B A 1 4 78 93 156 78
A D 0 -2 93 109 203 110
D M -1 -4 109 109 62 -47
M I 2 -1 109 78 94 -15
I N -2 2 78 93 156 78
N T 2 1 93 78 109 16
T O 0 -4 78 78 93 15
O N -2 3 78 94 172 94
N Oemcomma 0 -2 94 62 562 468
Oemcomma Space -1 4 62 94 124 62
Space A 2 3 94 140 4743 4649
A N -1 -5 140 62 156 16
N D 1 3 62 94 109 47
D Space -2 -1 94 110 62 -32
Space LShiftKey 1 4 110 203 328 218
LShiftKey I 2 -8 203 47 125 -78
I Space -3 4 47 125 156 109
Space N 1 -2 125 125 499 374
N O 2 -3 125 93 94 -31
O T 0 4 93 109 78 -15
T Space -3 1 109 94 171 62
Space M 1 -3 94 140 453 359
M U 2 0 140 78 124 -16
U C -2 4 78 109 94 16
C G 1 -2 109 32 140 31
G H 0 -1 32 16 0 -32
H Back 2 -7 16 94 515 499
Back Back 0 0 94 78 156 62
Back H -2 7 78 63 546 468
H Space -2 2 63 93 141 78
Space I 3 -4 93 93 187 94
I N -2 2 93 94 140 47
N T 2 1 94 110 109 15
T O 0 -4 110 63 125 15
O Space -3 5 63 94 187 124
Space M 1 -3 94 171 266 172
M U 2 0 171 94 124 -47
U S -1 5 94 140 172 78
S I 1 -6 140 78 265 125
I C -2 5 78 94 109 31
C Space -1 -1 94 125 125 31
Space A 2 3 125 110 187 62
A N -1 -5 110 62 110 0
N D 1 3 62 109 93 31
D Space -2 -1 109 124 63 -46
Space A 2 3 124 109 858 734
A R 1 -3 109 78 156 47
R T 0 -1 78 78 686 608
T OemPeriod -2 -4 78 78 530 452
OemPeriod Space -1 5 78 78 203 125
Space LShiftKey 1 4 78 219 3354 3276
LShiftKey I 2 -8 219 78 156 -63
I Space -3 4 78 93 172 94
Space W 3 2 93 124 125 32
W O 0 -7 124 62 109 -15
O U 0 2 62 62 156 94
U L -1 -2 62 94 140 78
L D 0 6 94 109 94 0
D Space -2 -1 109 78 93 -16
Space L 2 -5 78 78 156 78
L I 1 1 78 78 156 78
I K -1 0 78 78 141 63
K E 1 5 78 110 93 15
E Space -3 -1 110 94 125 15
Space W 3 2 94 78 1123 1029
W A -1 1 78 109 219 141
A L 0 -8 109 78 125 16
L K 0 1 78 78 140 62
K Space -2 4 78 125 156 78
Space A 2 3 125 140 468 343
A R 1 -3 140 94 296 156
R O 0 -5 94 78 125 31
O U 0 2 78 78 187 109
U N -2 1 78 63 156 78
N D 1 3 63 93 110 47
D Space -2 -1 93 94 140 47
Space O 3 -5 94 94 234 140
O N -2 3 94 78 203 109
N Space -1 2 78 109 156 78
Space A 2 3 109 141 171 62
A Space -2 -3 141 125 125 -16
Space S 2 2 125 140 609 484
S U 1 -5 140 62 156 16
U N -2 1 62 78 140 78
N N 0 0 78 78 109 31
N Y 2 0 78 78 187 109
Y Space -3 2 78 109 188 110
Space D 2 1 109 78 171 62
D A 0 2 78 124 219 141
A Y 1 -5 124 47 140 16
Y U 0 -1 47 62 0 -47
U Back 1 -6 62 78 640 578
Back OemPeriod -3 4 78 94 686 608
OemPeriod Space -1 5 94 94 187 93
Space LShiftKey 1 4 94 343 5320 5226
LShiftKey D 1 -3 343 125 265 -78
D O 1 -6 125 78 156 31
O W 0 7 78 94 140 62
W N -2 -4 94 46 110 16
N R 2 2 46 93 733 687
R Back 1 -9 93 93 390 297
Back T -1 8 93 93 156 63
T O 0 -4 93 78 125 32
O W 0 7 78 109 171 93
W N -2 -4 109 47 156 47
N Space -1 2 47 124 141 94
Space E 3 1 124 78 1825 1701
E E 0 0 78 93 125 47
E R 0 -1 93 78 202 109
R I 0 -4 78 78 110 32
I E 0 5 78 94 93 15
E Space -3 -1 94 125 406 312
Space C 1 1 125 94 795 670
C A 1 2 94 109 266 172
A N -1 -5 109 93 156 47
N A 1 5 93 156 124 31
A Back 2 -12 156 93 687 531
Back Back 0 0 93 78 140 47
Back Back 0 0 78 78 94 16
Back Back 0 0 78 93 125 47
Back H -2 7 93 78 546 453
H A 0 5 78 125 109 31
A T 1 -4 125 47 109 -16
T Back 1 -8 47 94 811 764
Back R -1 9 94 78 187 93
R B -2 -1 78 63 125 47
B O 2 -4 63 63 187 124
O T 0 4 63 94 203 140
T Back 1 -8 94 78 406 312
Back R -1 9 78 141 93 15
R Space -3 0 141 110 234 93
Space I 3 -4 110 78 297 187
I S -1 6 78 110 93 15
S Space -2 -2 110 93 141 31
Space A 2 3 93 125 109 16
A Space -2 -3 125 125 109 -16
Space Q 3 3 125 16 359 234
Q Q 0 0 16 15 47 31
Q U 0 -6 15 78 125 110
U I 0 -1 78 94 124 46
I T 0 3 94 62 266 172
T E 0 2 62 93 109 47
E Space -3 -1 93 94 452 359
Space Back 4 -9 94 63 343 249
Back Back 0 0 63 78 110 47
Back Back 0 0 78 63 124 46
Back Back 0 0 63 46 110 47
Back Back 0 0 46 62 109 63
Back Back 0 0 62 94 842 780
Back U -1 6 94 203 3479 3385
U I 0 -1 203 109 468 265
I T 0 3 109 78 296 187
T E 0 2 78 109 94 16
E Space -3 -1 109 125 187 78
Space A 2 3 125 109 999 874
A Space -2 -3 109 156 93 -16
Space P 3 -6 156 47 546 390
P L -1 1 47 78 453 406
L A 0 8 78 125 171 93
A C -1 -2 125 78 141 16
C E 2 0 78 109 109 31
E Space -3 -1 109 172 93 -16
Space T 3 -1 172 109 718 546
T O 0 -4 109 62 125 16
O Space -3 5 62 94 171 109
Space H 2 -2 94 62 188 94
H A 0 5 62 124 78 16
A N -1 -5 124 93 109 -15
N G 1 1 93 94 421 328
G O 1 -4 94 62 234 140
O U 0 2 62 78 203 141
U T 0 2 78 46 203 125
T OemPeriod -2 -4 46 78 920 874
OemPeriod Space -1 5 78 140 671 593
Space LShiftKey 1 4 140 280 3167 3027
LShiftKey I 2 -8 280 62 218 -62
I Space -3 4 62 94 218 156
Space A 2 3 94 110 156 62
A M -1 -6 110 78 63 -47
M Space -1 3 78 125 156 78
Space N 1 -2 125 156 265 140
N O 2 -3 156 109 94 -62
O T 0 4 109 125 124 15
T Space -3 1 125 109 203 78
Space Back 4 -9 109 62 1155 1046
Back Back 0 0 62 46 234 172
Back Back 0 0 46 78 62 16
Back Back 0 0 78 47 156 78
Back Back 0 0 47 62 78 31
Back Back 0 0 62 62 94 32
Back Back 0 0 62 47 249 187
Back D -2 10 47 109 531 484
D O 1 -6 109 63 171 62
O N -2 3 63 63 187 124
N Oem7 1 -5 63 78 234 171
Oem7 T 1 6 78 63 312 234
T Space -3 1 63 94 172 109
Space R 3 0 94 94 187 93
R E 0 1 94 78 78 -16
E A -1 2 78 94 187 109
A L 0 -8 94 47 78 -16
L L 0 0 47 94 94 47
L Y 1 3 94 78 296 202
Y Space -3 2 78 110 234 156
Space T 3 -1 110 78 718 608
T H -1 -1 78 94 140 62
H I 1 -2 94 94 156 62
I N -2 2 94 78 156 62
N K 1 -2 78 78 141 63
K Space -2 4 78 110 171 93
Space LShiftKey 1 4 110 187 874 764
LShiftKey B 0 -5 187 109 125 -62
B U 2 -2 109 78 93 -16
U F -1 3 78 78 172 94
F F 0 0 78 93 125 47
F A 0 3 93 109 125 32
A L 0 -8 109 110 124 15
L O 1 0 110 78 172 62
O Space -3 5 78 94 218 140
Space H 2 -2 94 63 203 109
H A 0 5 63 94 109 46
A S 0 -1 94 125 172 78
S Space -2 -2 125 125 109 -16
Space M 1 -3 125 140 375 250
M U 2 0 140 93 109 -31
U C -2 4 93 93 78 -15
C G 1 -2 93 63 140 47
G Back 2 -8 63 94 421 358
Back H -2 7 94 46 578 484
H Space -2 2 46 93 156 110
Space O 3 -5 93 78 218 125
O F -1 5 78 93 94 16
F Space -2 0 93 78 109 16
Space O 3 -5 78 78 203 125
O U 0 2 78 62 187 109
U T 0 2 62 62 187 125
T D -1 2 62 125 577 515
D O 1 -6 125 62 141 16
O O 0 0 62 78 93 31
O R 0 5 78 109 94 16
R Space -3 0 109 109 187 78
Space A 2 3 109 94 811 702
A C -1 -2 94 110 109 15
C T 2 -2 110 94 78 -32
T I 0 -3 94 109 281 187
I V -2 4 109 93 219 110
V I 2 -4 93 109 78 -15
I T 0 3 109 93 156 47
T Y 0 -1 93 47 109 16
Y Space -3 2 47 109 156 109
Space Back 4 -9 109 94 530 421
Back Oemcomma -3 5 94 78 687 593
Oemcomma Space -1 4 78 94 140 62
Space M 1 -3 94 94 421 327
M A 1 6 94 125 172 78
A Y 1 -5 125 46 125 0
Y Space -3 2 46 93 156 110
Space B 1 -1 93 62 156 63
B E 2 2 62 78 46 -16
E Space -3 -1 78 125 94 16
Space D 2 1 125 110 140 15
D U 1 -4 110 47 141 31
U E 0 4 47 125 109 62
E Space -3 -1 125 156 203 78
Space T 3 -1 156 110 327 171
T O 0 -4 110 47 125 15
O Space -3 5 47 109 172 125
Space Y 3 -2 109 94 265 156
Y E 0 3 94 109 156 62
E H -1 -3 109 31 16 -93
H Space -2 2 31 94 171 140
Space Back 4 -9 94 78 312 218
Back Back 0 0 78 47 234 156
Back Back 0 0 47 47 109 62
Back Back 0 0 47 94 78 31
Back T -1 8 94 78 593 499
T H -1 -1 78 93 141 63
H E 1 3 93 94 62 -31
E Space -3 -1 94 94 140 46
Space C 1 1 94 94 250 156
C L 1 -6 94 78 78 -16
L I 1 1 78 78 156 78
I M -2 1 78 109 1170 1092
M A 1 6 109 156 718 609
A T 1 -4 156 94 218 62
T E 0 2 94 125 140 46
E OemPeriod -2 -6 125 78 1966 1841
OemPeriod Space -1 5 78 140 312 234
Space LShiftKey 1 4 140 312 1061 921
LShiftKey A 1 -1 312 141 218 -94
A N -1 -5 141 93 172 31
N D 1 3 93 124 125 32
D Space -2 -1 124 109 78 -46
Space Back 4 -9 109 125 1622 1513
Back Back 0 0 125 110 140 15
Back Back 0 0 110 172 156 46
Back Back 0 0 172 93 453 281
Back LShiftKey -3 13 93 219 452 359
LShiftKey I 2 -8 219 78 141 -78
I Space -3 4 78 109 187 109
Space W 3 2 109 93 125 16
W O 0 -7 93 47 124 31
O U 0 2 47 63 156 109
U L -1 -2 63 78 141 78
L D 0 6 78 110 93 15
D Space -2 -1 110 94 125 15
Space W 3 2 94 110 187 93
W A -1 1 110 125 203 93
A N -1 -5 125 109 125 0
N T 2 1 109 124 172 63
T Space -3 1 124 93 156 32
Space T 3 -1 93 93 78 -15
T O 0 -4 93 78 124 31
O Space -3 5 78 140 188 110
Space C 1 1 140 94 327 187
C H 1 -3 94 78 109 15
H A 0 5 78 109 125 47
A N -1 -5 109 78 63 -46
N G 1 1 78 78 156 78
G E 1 2 78 109 109 31
E Space -3 -1 109 124 125 16
Space D9 4 -5 124 62 1092 968
D9 Space -4 5 62 124 546 484
Space Back 4 -9 124 78 998 874
Back Back 0 0 78 62 156 78
Back Back 0 0 62 63 109 47
Back Space -4 9 63 109 609 546
Space I 3 -4 109 78 234 125
I T 0 3 78 94 140 62
T Space -3 1 94 93 125 31
Space T 3 -1 93 78 171 78
T O 0 -4 78 62 94 16
O Space -3 5 62 109 187 125
Space D9 4 -5 109 78 421 312
D9 Space -4 5 78 93 219 141
Space M 1 -3 93 94 218 125
M O 2 -2 94 109 78 -16
O N -2 3 109 93 172 63
N T 2 1 93 94 187 94
T H -1 -1 94 94 140 46
H S 0 4 94 140 110 16
S Back 2 -11 140 125 343 203
Back Back 0 0 125 62 187 62
Back Back 0 0 62 109 187 125
Back Back 0 0 109 62 125 16
Back Back 0 0 62 78 94 32
Back Back 0 0 78 46 156 78
Back Back 0 0 46 62 109 63
Back Back 0 0 62 47 140 78
Back D2 0 11 47 93 999 952
D2 Space -4 -2 93 125 156 63
Space Back 4 -9 125 94 686 561
Back Back 0 0 94 78 156 62
Back D3 0 10 78 124 141 63
D3 Space -4 -1 124 125 218 94
Space M 1 -3 125 93 515 390
M O 2 -2 93 93 78 -15
O N -2 3 93 93 156 63
N T 2 1 93 78 203 110
T H -1 -1 78 78 140 62
H S 0 4 78 125 109 31
S Oemcomma -1 -6 125 62 874 749
Oemcomma Space -1 4 62 125 140 78
Space O 3 -5 125 78 515 390
O F -1 5 78 109 156 78
F Space -2 0 109 93 203 94
Space V 1 0 93 78 156 63
V Back 3 -9 78 94 639 561
Back C -3 10 94 78 219 125
C O 2 -6 78 62 125 47
O U 0 2 62 63 171 109
U R 0 3 63 63 234 171
R S -1 2 63 125 94 31
S E 1 -1 125 109 203 78
E Space -3 -1 109 125 124 15
Space W 3 2 125 94 406 281
W H -1 -4 94 125 577 483
H O 1 -3 125 109 78 -47
O Space -3 5 109 109 203 94
Space W 3 2 109 78 125 16
W O 0 -7 78 78 109 31
O Y 0 3 78 78 187 109
Y L -1 -3 78 109 172 94
L D 0 6 109 109 140 31
D Back 2 -10 109 78 390 281
Back Back 0 0 78 78 125 47
Back Back 0 0 78 78 109 31
Back U -1 6 78 63 702 624
U L -1 -2 63 94 156 93
L D 0 6 94 110 187 93
D N -1 -3 110 63 312 202
N Oem7 1 -5 63 62 266 203
Oem7 T 1 6 62 94 358 296
T Back 1 -8 94 62 1077 983
Back Back 0 0 62 78 125 63
Back Back 0 0 78 47 218 140
Back Back 0 0 47 47 109 62
Back Back 0 0 47 78 94 47
Back Back 0 0 78 78 125 47
Back Back 0 0 78 62 374 296
Back Back 0 0 62 78 452 390
Back D -2 10 78 109 578 500
D O 1 -6 109 78 156 47
O E 0 6 78 62 109 31
E S -1 1 62 109 156 94
S N -1 -4 109 63 140 31
N Oem1 1 -4 63 47 203 140
Oem1 Back 2 -3 47 94 1123 1076
Back Oem7 -2 2 94 78 593 499
Oem7 T 1 6 78 78 296 218
T Space -3 1 78 109 188 110
Space W 3 2 109 78 93 -16
W A -1 1 78 110 187 109
A N -1 -5 110 94 94 -16
N T 2 1 94 124 172 78
T Space -3 1 124 94 124 0
Space T 3 -1 94 78 500 406
T H -1 -1 78 78 140 62
H A 0 5 78 109 47 -31
A T 1 -4 109 94 93 -16
T Space -3 1 94 94 203 109
Space RShiftKey 1 -7 94 249 406 312
RShiftKey Oem1 1 1 249 63 218 -31
Oem1 RShiftKey -1 -1 63 234 219 156
RShiftKey D0 3 1 234 125 187 -47
D0 I -1 2 125 78 25443 25318
I T 0 3 78 62 266 188
T Space -3 1 62 109 218 156
Space L 2 -5 109 78 296 187
L O 1 0 78 78 156 78
O O 0 0 78 78 125 47
O K -1 1 78 94 156 78
K D 0 5 94 63 156 62
D Space -2 -1 63 93 94 31
Space L 2 -5 93 94 187 94
L Back 2 -4 94 94 390 296
Back Back 0 0 94 78 140 46
Back Back 0 0 78 78 110 32
Back S -2 11 78 140 234 156
S Space -2 -2 140 78 156 16
Space L 2 -5 78 63 202 124
L I 1 1 63 47 172 109
I K -1 0 47 78 764 717
K E 1 5 78 78 94 16
E Space -3 -1 78 93 94 16
Space A 2 3 93 109 140 47
A Space -2 -3 109 109 47 -62
Space P 3 -6 109 78 218 109
P O 0 1 78 78 156 78
O O 0 0 78 109 94 16
O L -1 0 109 109 187 78
L Space -2 5 109 110 218 109
Space P 3 -6 110 78 531 421
P A -1 9 78 109 125 47
A R 1 -3 109 78 140 31
R T 0 -1 78 109 125 47
T Y 0 -1 109 78 717 608
Y Oemcomma -2 -2 78 63 437 359
Oemcomma Space -1 4 63 78 125 62
Space P 3 -6 78 78 234 156
P E 0 7 78 78 94 16
E O 0 -6 78 78 608 530
O P 0 -1 78 78 125 47
P L -1 1 78 93 125 47
L E 1 6 93 110 124 31
E Space -3 -1 110 110 156 46
Space I 3 -4 110 78 1389 1279
I N -2 2 78 78 156 78
N Space -1 2 78 94 140 62
Space T 3 -1 94 78 219 125
T H -1 -1 78 93 109 31
H E 1 3 93 94 15 -78
E Space -3 -1 94 109 172 78
Space B 1 -1 109 78 593 484
B O 2 -4 78 78 218 140
O A -1 8 78 125 172 94
A T 1 -4 125 62 203 78
T S -1 3 62 110 202 140
S Space -2 -2 110 140 141 31
Space Back 4 -9 140 920 905 765
Back Back 0 0 920 94 1138 218
Back Back 0 0 94 94 156 62
Back Back 0 0 94 172 156 62
Back Back 0 0 172 47 250 78
Back Back 0 0 47 93 125 78
Back Back 0 0 93 156 125 32
Back S -2 11 156 172 561 405
S O 1 -7 172 78 125 -47
O M -2 2 78 94 140 62
M E 2 4 94 93 63 -31
E Space -3 -1 93 109 109 16
Space P 3 -6 109 93 437 328
P E 0 7 93 109 125 32
E O 0 -6 109 94 62 -47
O P 0 -1 94 109 125 31
P L -1 1 109 94 140 31
L E 1 6 94 78 109 15
E Space -3 -1 78 93 110 32
Space A 2 3 93 125 140 47
A T 1 -4 125 78 109 -16
T E 0 2 78 109 125 47
E Space -3 -1 109 125 62 -47
Space B 1 -1 125 78 219 94
B Back 3 -8 78 63 452 374
Back Back 0 0 63 78 109 46
Back Back 0 0 78 62 110 32
Back Back 0 0 62 62 109 47
Back R -1 9 62 93 546 484
R E 0 1 93 78 78 -15
E Space -3 -1 78 109 125 47
Space B 1 -1 109 78 234 125
B O 2 -4 78 78 218 140
O A -1 8 78 110 140 62
A T 1 -4 110 63 156 46
T I 0 -3 63 93 141 78
I N -2 2 93 93 156 63
N G 1 1 93 63 171 78
G Space -2 1 63 110 156 93
Space T 3 -1 110 125 141 31
T O 0 -4 125 78 109 -16
O O 0 0 78 141 109 31
O OemPeriod -2 0 141 78 546 405
OemPeriod Space -1 5 78 125 234 156
Space LShiftKey 1 4 125 187 9048 8923
LShiftKey I 2 -8 187 63 156 -31
I Space -3 4 63 125 156 93
Space S 2 2 125 110 109 -16
S E 1 -1 110 94 203 93
E E 0 0 94 94 125 31
E Space -3 -1 94 110 140 46
Space A 2 3 110 140 110 0
A Space -2 -3 140 140 109 -31
Space M 1 -3 140 93 312 172
M E 2 4 93 78 109 16
E Back 1 -10 78 62 905 827
Back Back 0 0 62 94 109 47
Back S -2 11 94 94 733 639
S H 0 -4 94 94 109 15
H I 1 -2 94 94 78 -16
I P 0 -2 94 93 188 94
P Space -3 6 93 94 202 109
Space F 2 0 94 93 453 359
F A 0 3 93 47 187 94
A R 1 -3 47 62 78 31
R Space -3 0 62 110 218 156
Space W 3 2 110 78 188 78
W A -1 1 78 47 187 109
A Back 2 -12 47 78 312 265
Back Back 0 0 78 93 125 47
Back A -2 12 93 141 280 187
A W 1 -1 141 62 219 78
W A -1 1 62 125 156 94
A Y 1 -5 125 63 140 15
Y Space -3 2 63 110 187 124
Space F 2 0 110 93 141 31
F R 1 0 93 109 156 63
R O 0 -5 109 109 78 -31
O M -2 2 109 94 171 62
M Space -1 3 94 140 141 47
Space T 3 -1 140 78 1045 905
T H -1 -1 78 63 140 62
H E 1 3 63 94 47 -16
E Space -3 -1 94 110 109 15
Space S 2 2 110 125 125 15
S H 0 -4 125 140 141 16
H O 1 -3 140 140 78 -62
O T 0 4 140 78 265 125
T E 0 2 78 63 93 15
E S -1 1 63 125 156 93
S Back 2 -11 125 172 390 265
Back Back 0 0 172 62 219 47
Back Back 0 0 62 78 281 219
Back R -1 9 78 78 499 421
R E 0 1 78 62 109 31
E S -1 1 62 109 172 110
S Oemcomma -1 -6 109 62 218 109
Oemcomma Space -1 4 62 93 125 63
Space P 3 -6 93 78 218 125
P R 0 6 78 93 141 63
R O 0 -5 93 62 109 16
O B -2 4 62 78 187 125
B A 1 4 78 94 140 62
A B -1 -4 94 78 47 -47
B L 1 -4 78 78 203 125
L Y 1 3 78 78 187 109
Y Space -3 2 78 94 187 109
Space A 2 3 94 109 656 562
A Space -2 -3 109 109 109 0
Space M 1 -3 109 93 203 94
M E 2 4 93 94 124 31
E T 0 -2 94 47 484 390
T R 0 1 47 46 16 -31
R C -2 1 46 94 436 390
C H 1 -3 94 78 125 31
H A 0 5 78 109 156 78
A N -1 -5 109 78 125 16
N Y 2 0 78 47 203 125
Y T 0 1 47 47 0 -47
T Back 1 -8 47 63 374 327
Back Back 0 0 63 78 109 46
Back Back 0 0 78 94 78 0
Back Back 0 0 94 47 141 47
Back Back 0 0 47 62 109 62
Back Back 0 0 62 63 109 47
Back Back 0 0 63 93 94 31
Back Back 0 0 93 78 234 141
Back R -1 9 78 78 671 593
R C -2 1 78 109 265 187
C H 1 -3 109 62 156 47
H A 0 5 62 109 109 47
A N -1 -5 109 94 78 -31
N T 2 1 94 94 218 124
T Space -3 1 94 109 125 31
Space S 2 2 109 125 203 94
S H 0 -4 125 94 140 15
H I 1 -2 94 109 63 -31
I OemOpenBrackets 0 -3 109 62 546 437
OemOpenBrackets Back 1 -2 62 78 437 375
Back P -1 3 78 63 249 171
P OemPeriod -2 1 63 63 234 171
OemPeriod Space -1 5 63 110 187 124
Space LShiftKey 1 4 110 234 344 234
LShiftKey S 1 -2 234 141 171 -63
S O 1 -7 141 62 94 -47
O M -2 2 62 78 171 109
M E 2 4 78 94 94 16
E Space -3 -1 94 94 78 -16
Space P 3 -6 94 63 218 124
P E 0 7 63 78 78 15
E O 0 -6 78 93 63 -15
O P 0 -1 93 94 140 47
P L -1 1 94 109 141 47
L E 1 6 109 93 109 0
E Space -3 -1 93 109 125 32
Space A 2 3 109 140 218 109
A T 1 -4 140 78 109 -31
T E 0 2 78 109 172 94
E Space -3 -1 109 109 78 -31
Space Back 4 -9 109 78 4929 4820
Back Back 0 0 78 78 125 47
Back Back 0 0 78 78 843 765
Back R -1 9 78 78 327 249
R E 0 1 78 78 63 -15
E Space -3 -1 78 94 140 62
Space O 3 -5 94 78 218 124
O I 0 1 78 78 16 -62
I N -2 2 78 94 156 78
N Space -1 2 94 62 172 78
Space Back 4 -9 62 78 312 250
Back Back 0 0 78 63 124 46
Back Back 0 0 63 94 78 15
Back N -3 7 94 78 609 515
N Space -1 2 78 94 140 62
Space Y 3 -2 94 62 219 125
Y A -1 5 62 125 280 218
A T 1 -4 125 78 110 -15
T H -1 -1 78 62 265 187
H Back 2 -7 62 94 717 655
Back Back 0 0 94 94 250 156
Back T -1 8 94 78 655 561
T C -2 2 78 78 172 94
C H 1 -3 78 62 109 31
H Oemcomma -1 -2 62 78 686 624
Oemcomma Space -1 4 78 109 141 63
Space W 3 2 109 109 140 31
W H -1 -4 109 78 125 16
H I 1 -2 78 78 78 0
I C -2 5 78 110 62 -16
C H 1 -3 110 94 78 -32
H Back 2 -7 94 47 468 374
Back H -2 7 47 78 5242 5195
H Space -2 2 78 125 156 78
Space L 2 -5 125 78 967 842
L O 1 0 78 78 156 78
O O 0 0 78 78 110 32
O K -1 1 78 93 156 78
K S 0 6 93 141 171 78
S Space -2 -2 141 78 94 -47
Space L 2 -5 78 78 171 93
L I 1 1 78 78 156 78
I K -1 0 78 78 141 63
K E 1 5 78 78 62 -16
E Space -3 -1 78 109 141 63
Space A 2 3 109 110 124 15
A Space -2 -3 110 94 125 15
Space P 3 -6 94 94 9313 9219
P A -1 9 94 125 125 31
A T 1 -4 125 15 172 47
T T 0 0 15 63 452 437
T Y 0 -1 63 93 141 78
Y Back 1 -7 93 78 592 499
Back Back 0 0 78 94 125 47
Back Back 0 0 94 93 328 234
Back R -1 9 93 125 1435 1342
R T 0 -1 125 78 156 31
T Y 0 -1 78 93 125 47
Y Space -3 2 93 110 249 156
Space Back 4 -9 110 78 406 296
Back OemPeriod -3 4 78 78 593 515
OemPeriod Space -1 5 78 109 156 78
Space LShiftKey 1 4 109 249 125 16
LShiftKey S 1 -2 249 140 218 -31
S O 1 -7 140 109 16 -124
O M -2 2 109 109 187 78
M E 2 4 109 93 125 16
E Space -3 -1 93 125 62 -31
Space Back 4 -9 125 46 406 281
Back Space -4 9 46 109 655 609
Space C 1 1 109 125 187 78
C O 2 -6 125 62 125 0
O U 0 2 62 78 140 78
U P 0 -3 78 109 156 78
P L -1 1 109 78 156 47
L E 1 6 78 94 78 0
E S -1 1 94 125 468 374
S Space -2 -2 125 125 172 47
Space O 3 -5 125 78 515 390
O N -2 3 78 78 156 78
N Space -1 2 78 109 156 78
Space A 2 3 109 124 156 47
A Space -2 -3 124 125 109 -15
Space B 1 -1 125 187 23291 23166
B O 2 -4 187 141 124 -63
O A -1 8 141 125 219 78
A T 1 -4 125 47 171 46
T Space -3 1 47 140 796 749
Space F 2 0 140 94 733 593
F I 1 -4 94 94 125 31
I S -1 6 94 125 156 62
S H 0 -4 125 125 156 31
H I 1 -2 125 140 125 0
I Back 1 -5 140 78 468 328
Back Back 0 0 78 78 140 62
Back Back 0 0 78 62 94 16
Back Back 0 0 62 46 125 63
Back Back 0 0 46 78 312 266
Back Back 0 0 78 31 171 93
Back Back 0 0 31 62 94 63
Back Back 0 0 62 78 109 47
Back Back 0 0 78 78 109 31
Back Back 0 0 78 93 94 16
Back F -2 9 93 94 842 749
F I 1 -4 94 78 156 62
I S -1 6 78 94 187 109
S H 0 -4 94 94 125 31
H I 1 -2 94 94 78 -16
I N -2 2 94 94 203 109
N G 1 1 94 63 187 93
G Space -2 1 63 94 156 93
Space B 1 -1 94 78 172 78
B O 2 -4 78 94 499 421
O A -1 8 94 110 140 46
A T 1 -4 110 63 125 15
T Oemcomma -2 -3 63 62 437 374
Oemcomma Space -1 4 62 94 140 78
Space M 1 -3 94 172 515 421
M U 2 0 172 93 141 -31
U S -1 5 93 109 109 16
S T 1 -3 109 62 109 0
T Space -3 1 62 109 156 94
Space B 1 -1 109 47 187 78
B E 2 2 47 78 31 -16
E Space -3 -1 78 109 110 32
Space A 2 3 109 110 124 15
A Space -2 -3 110 125 94 -16
Space F 2 0 125 94 1404 1279
F I 1 -4 94 78 140 46
I S -1 6 78 109 172 94
S H 0 -4 109 78 140 31
H I 1 -2 78 93 63 -15
I N -2 2 93 93 156 63
N G 1 1 93 78 156 63
G Space -2 1 78 94 171 93
Space D 2 1 94 93 219 125
D A 0 2 93 156 218 125
A T 1 -4 156 78 375 219
T E 0 2 78 78 109 31
E Space -3 -1 78 110 93 15
Space RShiftKey 1 -7 110 452 406 296
RShiftKey Oem1 1 1 452 93 172 -280
Oem1 D0 2 0 93 93 234 141
D0 OemPeriod -3 1 93 63 904 811
OemPeriod Space -1 5 63 156 17519 17456
Space LShiftKey 1 4 156 218 531 375
LShiftKey O 2 -9 218 78 124 -94
O V -2 5 78 78 281 203
V E 2 1 78 93 141 63
E R 0 -1 93 78 109 16
R A -1 3 78 125 187 109
A L 0 -8 125 47 140 15
L L 0 0 47 78 94 47
L Space -2 5 78 140 172 94
Space P 3 -6 140 78 5382 5242
P I 0 2 78 78 187 109
I C -2 5 78 125 140 62
C Space -1 -1 125 78 109 -16
Space L 2 -5 78 78 219 141
L O 1 0 78 187 125 47
O K -1 1 187 63 280 93
K Back 2 -5 63 78 484 421
Back O -1 4 78 46 484 406
O O 0 0 46 62 109 63
O Back 1 -4 62 78 452 390
Back K -2 5 78 93 250 172
K S 0 6 93 125 109 16
S Space -2 -2 125 141 109 -16
Space S 2 2 141 140 359 218
S U 1 -5 140 62 156 16
U R 0 3 62 47 203 141
R R 0 0 47 109 78 31
R E 0 1 109 93 78 -31
E A -1 2 93 124 203 110
A L 0 -8 124 94 140 16
L Oemcomma -1 1 94 78 889 795
Oemcomma Space -1 4 78 93 172 94
Space A 2 3 93 109 187 94
A S 0 -1 109 125 187 78
S Space -2 -2 125 125 156 31
Space Back 4 -9 125 78 10327 10202
Back Back 0 0 78 78 156 78
Back Back 0 0 78 62 172 94
Back Back 0 0 62 109 437 375
Back Back 0 0 109 78 359 250
Back OemPeriod -3 4 78 63 717 639
OemPeriod S 1 7 63 390 4743 4680
S U 1 -5 390 72 45724 45334
U B -2 2 72 89 165 93
B C 0 2 89 140 283 194
C O 2 -6 140 52 130 -10
O L -1 0 52 161 123 71
L E 1 6 161 131 232 71
E C -2 0 131 86 177 46
C T 2 -2 86 110 46 -40
T I 0 -3 110 85 252 142
I O 0 -1 85 102 145 60
O N -2 3 102 106 194 92
N D3 3 3 106 102 484 378
D3 LShiftKey -3 3 102 368 942 840
LShiftKey D2 3 -2 368 124 292 -76
D2 Y -1 -4 124 70 390 266
Y A -1 5 70 122 152 82
A H 0 -5 122 72 122 0
H O 1 -3 72 60 204 132
O O 0 0 60 82 100 40
O OemPeriod -2 0 82 92 254 172
OemPeriod C 0 6 92 100 234 142
C O 2 -6 100 66 116 16
O M -2 2 66 96 136 70
M D 1 4 96 92 2325 2229
D A 0 2 92 90 132 40
A T 1 -4 90 130 70 -20
T A -1 4 130 121 80 -50
A C -1 -2 121 162 1316 1195
C O 2 -6 162 70 182 20
O L -1 0 70 70 132 62
L L 0 0 70 116 90 20
L E 1 6 116 98 174 58
E Back 1 -10 98 1016 698 600
Back D -2 10 1016 80 1416 400
D A 0 2 80 90 200 120
A T 1 -4 90 90 120 30
T A -1 4 90 130 70 -20
A C -1 -2 130 110 580 450
C O 2 -6 110 70 150 40
O L -1 0 70 60 140 70
L L 0 0 60 120 100 40
L E 1 6 120 100 180 60
E C -2 0 100 130 170 70
C T 2 -2 130 100 70 -60
T I 0 -3 100 80 260 160
I O 0 -1 80 90 120 40
O N -2 3 90 80 180 90
N U 2 -1 80 70 30382 30302
U B -2 2 70 90 400 330
B C 0 2 90 130 210 120
C O 2 -6 130 70 140 10
O L -1 0 70 70 130 60
L L 0 0 70 110 80 10
L E 1 6 110 110 170 60
E C -2 0 110 110 150 40
C T 2 -2 110 90 70 -40
T I 0 -3 90 90 230 140
I O 0 -1 90 90 130 40
O N -2 3 90 100 160 70
N D3 3 3 100 100 240 140
D3 D -2 0 100 70 2167 2067
D A 0 2 70 90 100 30
A T 1 -4 90 100 70 -20
T A -1 4 100 110 80 -20
A C -1 -2 110 120 270 160
C O 2 -6 120 50 150 30
O L -1 0 50 60 120 70
L L 0 0 60 110 100 40
L E 1 6 110 100 210 100
E C -2 0 100 120 110 10
C T 2 -2 120 100 80 -40
T I 0 -3 100 70 260 160
I O 0 -1 70 100 130 60
O N -2 3 100 80 190 90
N Return 1 -6 80 80 680 600
Return G 0 7 80 125 34530 34450
G O 1 -4 125 70 145 20
O U 0 2 70 82 153 83
U D -1 4 82 123 102 20
D OemPeriod -1 -6 123 100 985 862
OemPeriod S 1 7 100 160 160 60
S R 1 -2 160 110 250 90
R I 0 -4 110 100 70 -40
I N -2 2 100 100 160 60
N A 1 5 100 153 80 -20
A T 1 -4 153 95 113 -40
T H -1 -1 95 110 135 40
H LShiftKey -1 6 110 205 120 10
LShiftKey D2 3 -2 205 140 125 -80
D2 G -2 -3 140 70 680 540
G M -1 -2 70 95 180 110
M A 1 6 95 140 145 50
A I 1 -7 140 80 150 10
I OemPeriod -2 -1 80 100 522 442
OemPeriod Back 3 -4 100 110 543 443
Back L -2 4 110 70 640 530
L OemPeriod -1 0 70 100 170 100
OemPeriod C 0 6 100 60 277 177
C O 2 -6 60 110 275 215
O M -2 2 110 90 210 100
M LShiftKey 0 7 90 1165 2838 2748
LShiftKey C 0 -3 1165 90 130 -1035
C E 2 0 90 60 220 130
E D -1 0 60 80 140 80
D A 0 2 80 120 355 275
A R 1 -3 120 80 160 40
R Space -3 0 80 120 250 170
Space T 3 -1 120 70 620 500
T A -1 4 70 90 120 50
A S 0 -1 90 100 200 110
S K 0 -6 100 80 120 20
K A 0 7 80 130 3857 3777
A T 1 -4 130 90 77748 77618
T H -1 -1 90 120 140 50
H E 1 3 120 140 110 -10
E Space -3 -1 140 110 140 0
Space H 2 -2 110 110 240 130
H I 1 -2 110 110 80 -30
I N -2 2 110 120 170 60
N D 1 3 120 120 120 0
D U 1 -4 120 130 140 20
U Return -1 -5 130 120 440 310
Return A 0 11 120 120 187722 187602
A M -1 -6 120 120 100 -20
M A 1 6 120 110 100 -20
A Z -1 0 110 162 220 110
Z Return 1 -11 162 100 1768 1606
Return S 0 10 100 170 20377 20277
S N -1 -4 170 167 123 -47
N O 2 -3 167 120 107 -60
O W 0 7 120 113 100 -20
W Space -3 -2 113 159 143 30
Space B 1 -1 159 75 692 533
B O 2 -4 75 31 294 219
O O 0 0 31 85 83 52
O T 0 4 85 72 317 232
T S -1 3 72 137 165 93
