D9 D2 0 7 109 125 296 187
D2 D4 0 -2 125 125 484 359
D4 D8 0 -4 125 78 109 -16
D8 Return -2 -4 78 78 2231 2153
Return LShiftKey -1 12 78 141 62197 62119
LShiftKey I 2 -8 141 94 31 -110
I Space -3 4 94 125 250 156
Space A 2 3 125 110 140 15
A M -1 -6 110 187 125 15
M Space -1 3 187 124 219 32
Space H 2 -2 124 156 1138 1014
H O 1 -3 156 140 110 -46
O N -2 3 140 140 156 16
N O 2 -3 140 188 124 -16
O U 0 2 188 109 203 15
U Back 1 -6 109 125 390 281
Back R -1 9 125 156 141 16
R E 0 1 156 265 93 -63
E D -1 0 265 140 203 -62
D Space -2 -1 140 125 1435 1295
Space T 3 -1 125 156 437 312
T O 0 -4 156 110 140 -16
O Space -3 5 110 94 125 15
Space B 1 -1 94 93 94 0
B E 2 2 93 110 171 78
E Space -3 -1 110 78 63 -47
Space W 3 2 78 93 203 125
W I 0 -6 93 125 109 16
I T 0 3 125 78 140 15
T H -1 -1 78 110 109 31
H Space -2 2 110 93 141 31
Space Y 3 -2 93 140 187 94
Y O 0 -3 140 172 109 -31
O U 0 2 172 125 125 -47
U Space -3 3 125 78 796 671
Space T 3 -1 78 125 405 327
T P 0 -5 125 124 141 16
P D -1 7 124 156 390 266
D A 0 2 156 140 109 -47
A T 1 -4 140 62 125 -15
T Back 1 -8 62 78 592 530
Back Y -1 7 78 94 94 16
Y Space -3 2 94 140 156 62
Space A 2 3 140 93 172 32
A T 1 -4 93 94 202 109
T Space -3 1 94 109 562 468
Space Back 4 -9 109 63 6068 5959
Back O -1 4 63 78 593 530
O Y 0 3 78 125 7457 7379
Y O 0 -3 125 188 62 -63
O U 0 2 188 140 110 -78
U R 0 3 140 78 124 -16
R Space -3 0 78 110 156 78
Space C 1 1 110 141 156 46
C P 2 -7 141 94 172 31
P Back 1 -3 94 109 359 265
Back O -1 4 109 93 234 125
O M -2 2 93 78 312 219
M M 0 0 78 94 109 31
M E 2 4 94 63 109 15
E N -2 -3 63 94 109 46
N C 0 3 94 140 141 47
C E 2 0 140 109 156 16
E M -2 -4 109 32 171 62
M E 2 4 32 78 47 15
E N -2 -3 78 109 141 63
N T 2 1 109 94 124 15
T Space -3 1 94 94 156 62
Space F 2 0 94 141 1061 967
F R 1 0 141 109 63 -78
R O 0 -5 109 219 93 -16
O M -2 2 219 203 125 -94
M Space -1 3 203 93 125 -78
Space O 3 -5 93 187 156 63
O N -2 3 187 140 109 -78
N E 2 3 140 125 62 -78
E Space -3 -1 125 93 141 16
Space O 3 -5 93 125 156 63
O F -1 5 125 93 312 187
F Space -2 0 93 93 125 32
Space T 3 -1 93 78 140 47
T H -1 -1 78 109 94 16
H E 1 3 109 109 156 47
E Space -3 -1 109 109 93 -16
Space F 2 0 109 78 234 125
F I 1 -4 78 202 141 63
I N -2 2 202 141 124 -78
N E 2 3 141 78 125 -16
E S -1 1 78 110 187 109
S T 1 -3 110 125 125 15
T Space -3 1 125 109 156 31
Space I 3 -4 109 187 749 640
I N -2 2 187 78 125 -62
N Back 3 -7 78 94 967 889
Back Back 0 0 94 78 140 46
Back U -1 6 78 156 312 234
U N -2 1 156 203 78 -78
N I 2 -2 203 140 172 -31
I V -2 4 140 109 172 32
V E 2 1 109 203 124 15
E R 0 -1 203 93 110 -93
R S -1 2 93 156 156 63
S I 1 -6 156 93 156 0
I T 0 3 93 94 124 31
T I 0 -3 94 94 125 31
I E 0 5 94 124 141 47
E S -1 1 124 125 218 94
S Space -2 -2 125 78 515 390
Space I 3 -4 78 171 203 125
I N -2 2 171 141 93 -78
N Space -1 2 141 94 109 -32
Space T 3 -1 94 93 188 94
T H -1 -1 93 125 171 78
H E 1 3 125 93 141 16
E Space -3 -1 93 140 140 47
Space W 3 2 140 109 343 203
W O 0 -7 109 109 94 -15
O R 0 5 109 94 218 109
R Oem1 -1 -6 94 78 125 31
Oem1 Back 2 -3 78 109 671 593
Back L -2 4 109 93 437 328
L D 0 6 93 124 78 -15
D OemPeriod -1 -6 124 94 1372 1248
OemPeriod Space -1 5 94 62 172 78
Space LShiftKey 1 4 62 172 234 172
LShiftKey I 2 -8 172 78 78 -94
I Space -3 4 78 109 187 109
Space N 1 -2 109 78 203 94
N E 2 3 78 140 47 -31
E W 0 1 140 109 78 -62
W V -2 -2 109 63 140 31
V E 2 1 63 187 78 15
E R 0 -1 187 94 125 -62
R Back 1 -9 94 62 359 265
Back Back 0 0 62 62 125 63
Back Back 0 0 62 63 124 62
Back Back 0 0 63 63 156 93
Back V -3 9 63 109 874 811
V E 2 1 109 124 94 -15
E R 0 -1 124 172 15 -109
R Space -3 0 172 125 156 -16
Space G 2 -1 125 94 468 343
G R 1 1 94 94 187 93
R A -1 3 94 109 125 31
A D 0 -2 109 94 203 94
D U 1 -4 94 109 78 -16
U A -1 6 109 110 140 31
A T 1 -4 110 94 94 -16
T E 0 2 94 218 94 0
E D -1 0 218 172 140 -78
D Space -2 -1 172 172 187 15
Space F 2 0 172 125 811 639
F R 1 0 125 93 63 -62
R O 0 -5 93 171 78 -15
O M -2 2 171 172 109 -62
M Space -1 3 172 110 140 -32
Space C 1 1 110 110 234 124
C O 2 -6 110 78 125 15
O L -1 0 78 78 172 94
L L 0 0 78 47 109 31
L E 1 6 47 93 1997 1950
E G -1 -2 93 94 109 16
G E 1 2 94 94 109 15
E OemPeriod -2 -6 94 78 453 359
OemPeriod Space -1 5 78 94 1778 1700
Space LShiftKey 1 4 94 187 203 109
LShiftKey T 2 -5 187 140 47 -140
T Back 1 -8 140 94 1060 920
Back R -1 9 94 94 234 140
R U 0 -3 94 94 78 -16
U T 0 2 94 109 125 31
T H -1 -1 109 78 78 -31
H Back 2 -7 78 62 359 281
Back Back 0 0 62 62 125 63
Back Back 0 0 62 78 125 63
Back Back 0 0 78 78 218 140
Back T -1 8 78 109 187 109
T U 0 -2 109 62 250 141
U Back 1 -6 62 78 421 359
Back R -1 9 78 93 94 16
R U 0 -3 93 109 140 47
U T 0 2 109 93 125 16
T H -1 -1 93 78 93 0
H Back 2 -7 78 46 500 422
Back Back 0 0 46 62 109 63
Back Back 0 0 62 47 156 94
Back Back 0 0 47 62 109 62
Back Back 0 0 62 94 187 125
Back LShiftKey -3 13 94 234 297 203
LShiftKey T 2 -5 234 63 171 -63
T R 0 1 63 109 281 218
R U 0 -3 109 94 187 78
U T 0 2 94 94 156 62
T H -1 -1 94 78 78 -16
H Space -2 2 78 93 250 172
Space N 1 -2 93 78 1529 1436
N Back 3 -7 78 63 405 327
Back B -3 8 63 202 141 78
B E 2 2 202 109 93 -109
E Space -3 -1 109 94 109 0
Space T 3 -1 94 110 156 62
T O 0 -4 110 62 110 0
O D -1 6 62 78 218 156
D Back 2 -10 78 78 1264 1186
Back L -2 4 78 94 514 436
L D 0 6 94 78 110 16
D Oemcomma -1 -5 78 93 624 546
Oemcomma Space -1 4 93 63 1185 1092
Space T 3 -1 63 78 187 124
T H -1 -1 78 171 63 -15
H I 1 -2 171 125 109 -62
I S -1 6 125 140 94 -31
S Space -2 -2 140 94 124 -16
Space I 3 -4 94 124 110 16
I S -1 6 124 125 140 16
S Space -2 -2 125 109 94 -31
Space T 3 -1 109 109 171 62
T H -1 -1 109 141 78 -31
H E 1 3 141 156 187 46
E Space -3 -1 156 124 734 578
Space C 1 1 124 78 218 94
C L 1 -6 78 94 218 140
L O 1 0 94 94 156 62
O S -1 7 94 109 141 47
S E 1 -1 109 94 374 265
E S -1 1 94 124 141 47
S T 1 -3 124 110 202 78
T Space -3 1 110 109 203 93
Space I 3 -4 109 62 1545 1436
I Back 1 -5 62 62 421 359
Back LShiftKey -3 13 62 187 203 141
LShiftKey I 2 -8 187 78 62 -125
I Oem7 -1 -3 78 78 250 172
Oem7 V -1 7 78 94 483 405
V E 2 1 94 94 109 15
E Space -3 -1 94 78 63 -31
Space B 1 -1 78 93 156 78
B E 2 2 93 94 452 359
E E 0 0 94 94 156 62
E Back 1 -10 94 63 546 452
Back Back 0 0 63 78 141 78
Back Back 0 0 78 78 156 78
Back E -1 10 78 62 390 312
E V -2 -1 62 78 140 78
V E 2 1 78 234 109 31
E R 0 -1 234 125 172 -62
R Space -3 0 125 125 156 31
Space G 2 -1 125 78 1622 1497
G O 1 -4 78 78 109 31
O T 0 4 78 47 141 63
T T 0 0 47 94 109 62
T E 0 2 94 109 156 62
E Space -3 -1 109 109 780 671
Space T 3 -1 109 93 125 16
T O 0 -4 93 140 109 16
O Space -3 5 140 78 125 -15
Space Back 4 -9 78 78 296 218
Back Back 0 0 78 62 141 63
Back Back 0 0 62 93 109 47
Back Back 0 0 93 94 265 172
Back N -3 7 94 78 359 265
N Space -1 2 78 78 109 31
Space T 3 -1 78 94 187 109
T O 0 -4 94 78 390 296
O Space -3 5 78 78 141 63
Space A 2 3 78 110 202 124
A Space -2 -3 110 109 125 15
Space C 1 1 109 94 437 328
C O 2 -6 94 94 78 -16
O L -1 0 94 78 172 78
L L 0 0 78 78 124 46
L E 1 6 78 109 94 16
E G -1 -2 109 93 172 63
G E 1 2 93 94 124 31
E Space -3 -1 94 141 1451 1357
Space G 2 -1 141 125 499 358
G R 1 1 125 109 250 125
R A -1 3 109 109 109 0
A D 0 -2 109 109 172 63
D U 1 -4 109 78 93 -16
U A -1 6 78 109 94 16
A T 1 -4 109 78 125 16
T I 0 -3 78 172 218 140
I P 0 -2 172 93 141 -31
P O 0 1 93 172 46 -47
O N -2 3 172 141 172 0
N OemPeriod 0 -3 141 94 749 608
OemPeriod Space -1 5 94 78 140 46
Space LShiftKey 1 4 78 171 188 110
LShiftKey T 2 -5 171 93 78 -93
T P 0 -5 93 78 249 156
P D -1 7 78 187 125 47
D Back 2 -10 187 109 796 609
Back Back 0 0 109 94 218 109
Back O -1 4 94 78 250 156
O D -1 6 78 109 93 15
D A 0 2 109 109 47 -62
A Y 1 -5 109 78 125 16
Y Space -3 2 78 125 109 31
Space Left 0 -7 125 905 608 483
Left Right 0 -2 905 93 1077 172
Right Right 0 0 93 62 156 63
Right Right 0 0 62 47 140 78
Right Right 0 0 47 62 141 94
Right Back 4 0 62 78 577 515
Back Right -4 0 78 873 359 281
Right LShiftKey 1 13 873 172 2542 1669
LShiftKey I 2 -8 172 62 63 -109
I Space -3 4 62 110 171 109
Space W 3 2 110 156 125 15
W A -1 1 156 109 94 -62
A N -1 -5 109 125 156 47
N T 2 1 125 125 109 -16
T Space -3 1 125 109 172 47
Space T 3 -1 109 94 124 15
T O 0 -4 94 93 609 515
O Space -3 5 93 94 109 16
Space T 3 -1 94 109 281 187
T E 0 2 109 93 125 16
E L -1 -6 93 78 717 624
L L 0 0 78 62 125 47
L Space -2 5 62 78 94 32
Space Y 3 -2 78 125 202 124
Y O 0 -3 125 187 110 -15
O U 0 2 187 93 655 468
U Space -3 3 93 109 109 16
Space T 3 -1 109 125 593 484
T H -1 -1 125 94 62 -63
H R 1 2 94 140 453 359
R E 0 1 140 109 265 125
E E 0 0 109 47 234 125
E Space -3 -1 47 109 62 15
Space S 2 2 109 94 234 125
S T 1 -3 94 125 281 187
T O 0 -4 125 109 109 -16
O R 0 5 109 78 437 328
R I 0 -4 78 78 94 16
I E 0 5 78 93 109 31
E S -1 1 93 110 483 390
S Space -2 -2 110 109 94 -16
Space F 2 0 109 125 203 94
F R 1 0 125 93 78 -47
R O 0 -5 93 172 109 16
O M -2 2 172 94 140 -32
M Space -1 3 94 78 78 -16
Space M 1 -3 78 109 110 32
M Y 2 1 109 94 218 109
Y Space -3 2 94 93 125 31
Space L 2 -5 93 125 140 47
L I 1 1 125 93 219 94
I F -1 4 93 109 78 -15
F E 1 1 109 109 62 -47
E OemPeriod -2 -6 109 78 2543 2434
OemPeriod Space -1 5 78 109 218 140
Space LShiftKey 1 4 109 141 265 156
LShiftKey LShiftKey 0 0 141 93 188 47
LShiftKey T 2 -5 93 94 15 -78
T H -1 -1 94 78 312 218
H A 0 5 78 94 109 31
A T 1 -4 94 109 765 671
T Oem7 -1 -6 109 109 920 811
Oem7 S 0 9 109 93 94 -15
S Space -2 -2 93 125 156 63
Space I 3 -4 125 78 312 187
I T 0 3 78 94 109 31
T OemPeriod -2 -4 94 109 312 218
OemPeriod Space -1 5 109 78 421 312
Space LShiftKey 1 4 78 141 343 265
LShiftKey LShiftKey 0 0 141 140 874 733
LShiftKey N 0 -6 140 78 78 -62
N O 2 -3 78 109 203 125
O Space -3 5 109 109 187 78
Space B 1 -1 109 140 1061 952
B I 2 -3 140 125 31 -109
I G -1 3 125 93 94 -31
G Space -2 1 93 125 124 31
Space D 2 1 125 125 359 234
D E 1 0 125 140 172 47
E A -1 2 140 172 218 78
A L 0 -8 172 47 749 577
L OemQuestion -1 -1 47 78 998 951
OemQuestion Back 3 -3 78 62 422 344
Back OemPeriod -3 4 62 110 202 140
OemPeriod Space -1 5 110 63 671 561
Space LShiftKey 1 4 63 156 203 140
LShiftKey J 1 -7 156 78 109 -47
J U 1 0 78 109 172 94
U S -1 5 109 93 125 16
S T 1 -3 93 110 124 31
T Space -3 1 110 109 141 31
Space T 3 -1 109 109 156 47
T H -1 -1 109 109 234 125
H R 1 2 109 156 203 94
R E 0 1 156 125 171 15
E E 0 0 125 109 172 47
E Space -3 -1 109 109 203 94
Space S 2 2 109 109 858 749
S T 1 -3 109 156 171 62
T O 0 -4 156 140 281 125
O R 0 5 140 0 296 156
R I 0 -4 0 32 0 0
I E 0 5 32 109 63 31
E S -1 1 109 94 483 374
S OemPeriod -1 -7 94 78 1763 1669
OemPeriod Return 1 -3 78 110 265 187
Return LShiftKey -1 12 110 110 1482 1372
LShiftKey T 2 -5 110 93 32 -78
T H -1 -1 93 62 187 94
H E 1 3 62 93 78 16
E Space -3 -1 93 78 125 32
Space F 2 0 78 94 1107 1029
F I 1 -4 94 94 109 15
I R 0 4 94 109 110 16
R S -1 2 109 78 124 15
S T 1 -3 78 109 203 125
T Space -3 1 109 109 203 94
Space S 2 2 109 62 640 531
S T 1 -3 62 93 312 250
T O 0 -4 93 93 78 -15
O R 0 5 93 78 140 47
R Y 0 -2 78 78 125 47
Y Space -3 2 78 78 140 62
Space I 3 -4 78 78 1747 1669
I S -1 6 78 109 94 16
S Space -2 -2 109 125 125 16
Space A 2 3 125 78 125 0
A B -1 -4 78 140 109 31
B O 2 -4 140 203 156 16
O U 0 2 203 78 156 -47
U T 0 2 78 94 93 15
T Space -3 1 94 125 172 78
Space C 1 1 125 93 952 827
C O 2 -6 93 93 156 63
O M -2 2 93 47 218 125
M N 0 1 47 62 156 109
N Back 3 -7 62 62 328 266
Back Back 0 0 62 78 109 47
Back N -3 7 78 78 281 203
N N 0 0 78 94 124 46
N E 2 3 94 156 78 -16
E C -2 0 156 109 110 -46
C T 2 -2 109 156 218 109
T I 0 -3 156 156 109 -47
I N -2 2 156 125 94 -62
N G 1 1 125 93 125 0
G Space -2 1 93 125 140 47
Space T 3 -1 125 109 671 546
T H -1 -1 109 94 93 -16
H E 1 3 94 93 141 47
E Space -3 -1 93 125 93 0
Space D 2 1 125 94 156 31
D O 1 -6 94 109 110 16
O T 0 4 109 78 202 93
T S -1 3 78 125 94 16
S OemPeriod -1 -7 125 78 718 593
OemPeriod Return 1 -3 78 63 171 93
Return LShiftKey -1 12 63 141 1513 1450
LShiftKey I 2 -8 141 62 63 -78
I Space -3 4 62 94 187 125
Space D 2 1 94 78 125 31
D R 1 -1 78 78 203 125
R O 0 -5 78 94 93 15
O P 0 -1 94 93 141 47
P P 0 0 93 78 140 47
P E 0 7 78 187 94 16
E D -1 0 187 125 109 -78
D Space -2 -1 125 109 109 -16
Space O 3 -5 109 203 515 406
O U 0 2 203 94 140 -63
U T 0 2 94 94 109 15
T Space -3 1 94 93 110 16
Space O 3 -5 93 109 187 94
O D -1 6 109 78 156 47
D Back 2 -10 78 93 468 390
Back F -2 9 93 93 156 63
F Space -2 0 93 141 140 47
Space LShiftKey 1 4 141 124 1389 1248
LShiftKey R 2 -4 124 78 15 -109
R E 0 1 78 94 187 109
E E 0 0 94 171 843 749
E D -1 0 171 125 109 -62
D Space -2 -1 125 125 156 31
Space LShiftKey 1 4 125 203 499 374
LShiftKey LShiftKey 0 0 203 187 780 577
LShiftKey C 0 -3 187 125 94 -93
C P 2 -7 125 94 187 62
P L -1 1 94 78 374 280
L L 0 0 78 63 125 47
L E 1 6 63 78 94 31
E G -1 -2 78 63 140 62
G E 1 2 63 62 47 -16
E Space -3 -1 62 94 140 78
Space A 2 3 94 93 110 16
A F 0 -3 93 125 124 31
F T 1 -1 125 78 110 -15
T E 0 2 78 203 109 31
E R 0 -1 203 124 125 -78
R Space -3 0 124 109 156 32
Space T 3 -1 109 109 140 31
T H -1 -1 109 93 125 16
H E 1 3 93 93 156 63
E Space -3 -1 93 94 109 16
Space F 2 0 94 94 499 405
F I 1 -4 94 94 78 -16
I R 0 4 94 109 78 -16
R S -1 2 109 124 141 32
S T 1 -3 124 93 109 -15
T Space -3 1 93 109 125 32
Space D6 4 -2 109 94 1544 1435
D6 Space -4 2 94 109 250 156
Space M 1 -3 109 94 514 405
M O 2 -2 94 156 141 47
O N -2 3 156 156 62 -94
N Y 2 0 156 124 141 -15
Y J -1 -1 124 125 140 16
J D 0 4 125 93 484 359
D Back 2 -10 93 62 624 531
Back Back 0 0 62 94 124 62
Back Back 0 0 94 78 188 94
Back T -1 8 78 109 171 93
T H -1 -1 109 94 125 16
H S 0 4 94 125 125 31
S Oemcomma -1 -6 125 93 1451 1326
Oemcomma Space -1 4 93 94 405 312
Space B 1 -1 94 172 125 31
B U 2 -2 172 109 109 -63
U T 0 2 109 94 125 16
T Space -3 1 94 109 109 15
Space T 3 -1 109 93 1264 1155
T H -1 -1 93 93 47 -46
H E 1 3 93 94 124 31
E N -2 -3 94 78 110 16
N Space -1 2 78 109 156 78
Space S 2 2 109 109 780 671
S T 1 -3 109 62 62 -47
T A -1 4 62 78 109 47
A Y 1 -5 78 93 63 -15
Y E 0 3 93 94 171 78
E S -1 1 94 125 187 93
S Back 2 -11 125 109 1763 1638
Back D -2 10 109 94 78 -31
D Left -2 -8 94 93 2668 2574
Left Left 0 0 93 78 140 47
Left Back 4 -2 78 94 1123 1045
Back O -1 4 94 78 234 140
O Space -3 5 78 78 4836 4758
Space A 2 3 78 94 281 203
A R 1 -3 94 94 265 171
R O 0 -5 94 156 110 16
O U 0 2 156 109 468 312
U N -2 1 109 93 468 359
N F 1 2 93 78 78 -15
F Space -2 0 78 94 93 15
Space A 2 3 94 187 125 31
A S 0 -1 187 156 94 -93
S Space -2 -2 156 109 78 -78
Space Space 0 0 109 94 202 93
Space A 2 3 94 93 110 16
A Space -2 -3 93 63 639 546
Space D 2 1 63 125 406 343
D R 1 -1 125 93 203 78
R O 0 -5 93 140 109 16
O P 0 -1 140 125 78 -62
P OemMinus 1 -1 125 93 234 109
OemMinus I -1 3 93 109 1123 1030
I N -2 2 109 93 437 328
N Space -1 2 93 109 62 -31
Space F 2 0 109 78 203 94
F O 1 -5 78 94 62 -16
O R 0 5 94 93 141 47
R Space -3 0 93 140 109 16
Space A 2 3 140 93 484 344
A N -1 -5 93 109 78 -15
N O 2 -3 109 125 124 15
O T 0 4 125 109 203 78
T H -1 -1 109 125 187 78
H E 1 3 125 156 94 -31
E R 0 -1 156 109 78 -78
R Space -3 0 109 94 452 343
Space D1 4 3 94 93 656 562
D1 D8 0 -7 93 94 46 -47
D8 Space -4 4 94 109 219 125
Space M 1 -3 109 94 218 109
M O 2 -2 94 187 172 78
O N -2 3 187 140 125 -62
N T 2 1 140 78 109 -31
T H -1 -1 78 109 156 78
H S 0 4 109 124 125 16
S Space -2 -2 124 125 343 219
Space O 3 -5 125 93 468 343
O R 0 5 93 93 47 -46
R Space -3 0 93 125 140 47
Space S 2 2 125 78 140 15
S O 1 -7 78 94 125 47
O Space -3 5 94 94 499 405
Space B 1 -1 94 109 359 265
B E 2 2 109 94 78 -31
E D -1 0 94 63 156 62
D Back 2 -10 63 109 453 390
Back F -2 9 109 78 156 47
F O 1 -5 78 78 109 31
O R 0 5 78 172 62 -16
R E 0 1 172 125 125 -47
E Space -3 -1 125 125 1326 1201
Space LShiftKey 1 4 125 94 452 327
LShiftKey I 2 -8 94 63 47 -47
I Space -3 4 63 109 219 156
Space R 3 0 109 187 140 31
R W 0 2 187 125 125 -62
W Back 1 -11 125 78 546 421
Back E -1 10 78 140 265 187
E A -1 2 140 156 125 -15
A L 0 -8 156 63 140 -16
L L 0 0 63 94 109 46
L Y 1 3 94 94 827 733
Y Space -3 2 94 109 78 -16
Space Q 3 3 109 78 1498 1389
Q U 0 -6 78 125 93 15
U I 0 -1 125 125 63 -62
I T 0 3 125 141 140 15
T OemPeriod -2 -4 141 93 796 655
OemPeriod Space -1 5 93 78 234 141
Space LShiftKey 1 4 78 187 218 140
LShiftKey S 1 -2 187 110 109 -78
S O 1 -7 110 93 219 109
O Space -3 5 93 93 125 32
Space W 3 2 93 94 296 203
W H -1 -4 94 171 94 0
H U 1 -1 171 125 109 -62
U Space -3 3 125 125 171 46
Space Back 4 -9 125 93 344 219
Back Back 0 0 93 109 140 47
Back Y -1 7 109 78 484 375
Y Space -3 2 78 125 514 436
Space D 2 1 125 94 546 421
D I 1 -5 94 94 78 -16
I D -1 5 94 156 110 16
D Space -2 -1 156 125 109 -47
Space LShiftKey 1 4 125 156 593 468
LShiftKey I 2 -8 156 78 93 -63
I Space -3 4 78 125 234 156
Space D 2 1 125 93 297 172
D R 1 -1 93 78 187 94
R O 0 -5 78 156 62 -16
O P 0 -1 156 125 94 -62
P Space -3 6 125 78 109 -16
Space O 3 -5 78 172 187 109
O U 0 2 172 78 125 -47
U T 0 2 78 63 62 -16
T RShiftKey -2 -6 63 187 266 203
RShiftKey OemPeriod 0 2 187 78 93 -94
OemPeriod Back 3 -4 78 109 983 905
Back RShiftKey -3 2 109 188 608 499
RShiftKey OemQuestion 0 1 188 94 78 -110
OemQuestion Back 3 -3 94 78 4665 4571
Back D -2 10 78 110 62 -16
D Right -2 -10 110 93 297 187
Right Right 0 0 93 94 140 47
Right Right 0 0 94 62 250 156
Right Right 0 0 62 109 218 156
Right Back 4 0 109 78 796 687
Back Return -2 1 78 94 2246 2168
Return LShiftKey -1 12 94 109 484 390
LShiftKey I 2 -8 109 31 62 -47
I T 0 3 31 94 234 203
T Space -3 1 94 110 109 15
Space S 2 2 110 125 172 62
S T 1 -3 125 78 140 15
T A -1 4 78 93 63 -15
A R 1 -3 93 94 109 16
R E 0 1 94 188 140 46
E D -1 0 188 125 125 -63
D Back 2 -10 125 62 749 624
Back Back 0 0 62 93 125 63
Back T -1 8 93 109 515 422
T E 0 2 109 172 62 -47
E D -1 0 172 140 94 -78
D Space -2 -1 140 124 234 94
Space B 1 -1 124 93 1638 1514
B E 2 2 93 110 46 -47
E F -1 -1 110 141 156 46
F O 1 -5 141 93 141 0
O R 0 5 93 156 78 -15
R E 0 1 156 140 78 -78
E Space -3 -1 140 109 156 16
Space LShiftKey 1 4 109 110 1341 1232
LShiftKey I 2 -8 110 93 63 -47
I Space -3 4 93 124 203 110
Space W 3 2 124 125 109 -15
W A -1 1 125 188 93 -32
A S 0 -1 188 140 141 -47
S Space -2 -2 140 109 109 -31
Space B 1 -1 109 94 499 390
B R 2 1 94 94 109 15
R O 0 -5 94 125 63 -31
O N -2 3 125 109 109 -16
N Space -1 2 109 94 234 125
Space Back 4 -9 94 78 484 390
Back Back 0 0 78 78 124 46
Back Back 0 0 78 62 141 63
Back Back 0 0 62 62 187 125
Back O -1 4 62 125 218 156
O R 0 5 125 78 172 47
R N -2 -2 78 109 94 16
N OemPeriod 0 -3 109 93 1950 1841
OemPeriod Space -1 5 93 78 218 125
Space LShiftKey 1 4 78 156 172 94
LShiftKey M 0 -7 156 78 62 -94
M Y 2 1 78 78 281 203
Y Space -3 2 78 109 218 140
Space B 1 -1 109 109 905 796
B I 2 -3 109 140 125 16
I O 0 -1 140 109 203 63
O L -1 0 109 63 202 93
L O 1 0 63 109 110 47
O G -1 4 109 156 374 265
G I 1 -3 156 109 109 -47
I C -2 5 109 156 874 765
C A 1 2 156 125 78 -78
A L 0 -8 125 94 62 -63
L Space -2 5 94 125 156 62
Space M 1 -3 125 109 328 203
M O 2 -2 109 125 140 31
O T 0 4 125 93 219 94
T H -1 -1 93 109 171 78
H E 1 3 109 172 78 -31
E R 0 -1 172 124 63 -109
R Space -3 0 124 125 140 16
Space W 3 2 125 156 374 249
W A -1 1 156 219 125 -31
A S 0 -1 219 124 141 -78
S Space -2 -2 124 94 93 -31
Space Y 3 -2 94 109 375 281
Y O 0 -3 109 266 46 -63
O U 0 2 266 109 188 -78
U N -2 1 109 93 702 593
N G 1 1 93 78 46 -47
G Left -2 -6 78 94 2668 2590
Left Left 0 0 94 78 140 46
Left Left 0 0 78 62 141 63
Left Left 0 0 62 62 109 47
Left Left 0 0 62 94 109 47
Left Left 0 0 94 62 141 47
Left A 2 10 62 94 124 62
A Back 2 -12 94 124 734 640
Back Space -4 9 124 109 265 141
Space A 2 3 109 125 171 62
A Right -2 -12 125 109 172 47
Right Right 0 0 109 78 125 16
Right Right 0 0 78 78 125 47
Right Right 0 0 78 63 124 46
Right Right 0 0 63 62 110 47
Right Right 0 0 62 62 109 47
Right Oemcomma 1 5 62 94 795 733
Oemcomma Space -1 4 94 78 515 421
Space U 3 -3 78 156 453 375
U N -2 1 156 125 124 -32
N W 2 4 125 156 968 843
W E 0 -1 156 140 62 -94
E D -1 0 140 156 312 172
D Space -2 -1 156 156 172 16
Space C 1 1 156 94 436 280
C O 2 -6 94 78 94 0
O L -1 0 78 78 156 78
L L 0 0 78 78 125 47
L E 1 6 78 94 93 15
E G -1 -2 94 109 110 16
G E 1 2 109 78 124 15
E Space -3 -1 78 125 125 47
Space S 2 2 125 125 94 -31
S Back 2 -11 125 94 686 561
Back G -2 8 94 110 655 561
G R 1 1 110 93 219 109
A T 1 -4 31 78 46 15
T E 0 2 78 109 125 47
E Space -3 -1 109 110 187 78
Space S 2 2 110 109 219 109
S T 1 -3 109 156 125 16
T U 0 -2 156 141 93 -63
U F -1 3 141 47 203 62
F Back 2 -9 47 94 390 343
Back D -2 10 94 140 78 -16
D E 1 0 140 94 78 -62
E N -2 -3 94 125 109 15
N T 2 1 125 78 109 -16
T Oemcomma -2 -3 78 78 1092 1014
Oemcomma Space -1 4 78 62 219 141
Space A 2 3 62 125 187 125
A N -1 -5 125 140 125 0
N D 1 3 140 140 125 -15
D Space -2 -1 140 125 717 577
Space S 2 2 125 125 203 78
S H 0 -4 125 78 140 15
H E 1 3 78 109 266 188
E Space -3 -1 109 109 171 62
Space D 2 1 109 109 141 32
D I 1 -5 109 63 171 62
I Back 1 -5 63 63 421 358
Back E -1 10 63 109 188 125
E C -2 0 109 125 202 93
C I 2 -5 125 78 141 16
I D -1 5 78 125 140 62
D E 1 0 125 187 78 -47
E D -1 0 187 62 172 -15
D Space -2 -1 62 124 593 531
Space T 3 -1 124 94 405 281
T O 0 -4 94 109 78 -16
O Space -3 5 109 94 234 125
Space P 3 -6 94 203 125 31
P U 0 3 203 78 172 -31
U T 0 2 78 110 124 46
T Space -3 1 110 125 156 46
Space M 1 -3 125 234 188 63
M E 2 4 234 109 218 -16
E Space -3 -1 109 109 31 -78
Space U 3 -3 109 140 796 687
U P 0 -3 140 141 62 -78
P Space -3 6 141 109 47 -94
Space F 2 0 109 94 218 109
F O 1 -5 94 141 125 31
O R 0 5 141 109 141 0
R Space -3 0 109 156 171 62
Space A 2 3 156 93 687 531
A D 0 -2 93 94 218 125
D O 1 -6 94 125 359 265
O P 0 -1 125 109 78 -47
P T 0 5 109 78 421 312
T I 0 -3 78 78 109 31
I O 0 -1 78 172 31 -47
O N -2 3 172 109 188 16
N OemPeriod 0 -3 109 109 3057 2948
OemPeriod Space -1 5 109 125 172 63
Space LShiftKey 1 4 125 218 281 156
LShiftKey S 1 -2 218 93 187 -31
S H 0 -4 93 94 577 484
H E 1 3 94 63 109 15
E Space -3 -1 63 109 125 62
Space F 2 0 109 125 281 172
F E 1 1 125 109 62 -63
E L -1 -6 109 125 94 -15
L T 1 4 125 125 218 93
T Space -3 1 125 125 156 31
Space B 1 -1 125 94 1014 889
B E 2 2 94 156 78 -16
E R 0 -1 156 94 78 -78
R Y 0 -2 94 78 78 -16
Y Space -3 2 78 109 156 78
Space S 2 2 109 110 187 78
S R 1 -2 110 110 312 202
R I 0 -4 110 156 94 -16
I N -2 2 156 156 94 -62
N G 1 1 156 78 140 -16
G L 0 -4 78 171 94 16
L Y 1 3 171 94 218 47
Y Space -3 2 94 94 109 15
Space T 3 -1 94 31 219 125
T H -1 -1 31 93 156 125
H A 0 5 93 93 312 219
A T 1 -4 93 78 109 16
T Space -3 1 78 125 140 62
Space LShiftKey 1 4 125 156 375 250
LShiftKey I 2 -8 156 78 62 -94
I Space -3 4 78 109 203 125
Space S 2 2 109 93 125 16
S H 0 -4 93 109 156 63
H O 1 -3 109 172 93 -16
O U 0 2 172 94 125 -47
U L -1 -2 94 109 624 530
L D 0 6 109 93 94 -15
D Space -2 -1 93 140 109 16
Space B 1 -1 140 125 218 78
B Back 3 -8 125 78 484 359
Back B -3 8 78 78 686 608
B E 2 2 78 78 63 -15
E Space -3 -1 78 125 124 46
Space A 2 3 125 109 406 281
A D 0 -2 109 94 530 421
D O 1 -6 94 94 78 -16
O P 0 -1 94 141 156 62
P T 0 5 141 124 188 47
T E 0 2 124 156 280 156
E D -1 0 156 156 94 -62
D Back 2 -10 156 109 2839 2683
Back V -3 9 109 94 78 -31
V Right -1 -9 94 109 2184 2090
Right Back 4 0 109 93 328 219
Back Back 0 0 93 78 125 32
Back T -1 8 78 78 156 78
T O 0 -4 78 94 124 46
O Back 1 -4 94 109 1030 936
Back R -1 9 109 94 265 156
R O 0 -5 94 94 109 15
O Space -3 5 94 125 3354 3260
Space B 1 -1 125 156 468 343
B Y 2 -1 156 78 125 -31
Y Space -3 2 78 94 125 47
Space C 1 1 94 94 218 124
C O 2 -6 94 94 78 -16
O L -1 0 94 62 172 78
L L 0 0 62 62 125 63
L E 1 6 62 94 109 47
E G -1 -2 94 125 125 31
G E 1 2 125 78 109 -16
E Space -3 -1 78 78 484 406
Space G 2 -1 78 78 936 858
G R 1 1 78 94 140 62
R A -1 3 94 78 109 15
A D 0 -2 78 78 187 109
D U 1 -4 78 78 78 0
U A -1 6 78 172 156 78
A T 1 -4 172 94 125 -47
T E 0 2 94 93 141 47
E S -1 1 93 109 187 94
S Oemcomma -1 -6 109 78 1248 1139
Oemcomma Space -1 4 78 46 281 203
Space S 2 2 46 93 156 110
S O 1 -7 93 78 124 31
O Space -3 5 78 78 110 32
Space E 3 1 78 78 343 265
E V -2 -1 78 110 93 15
V E 2 1 110 141 125 15
E R 0 -1 141 94 78 -63
R Y 0 -2 94 94 109 15
Y T 0 1 94 94 125 31
T H -1 -1 94 141 109 15
H I 1 -2 141 188 78 -63
I N -2 2 188 109 172 -16
N G 1 1 109 78 94 -15
G Space -2 1 78 141 171 93
Space W 3 2 141 124 5211 5070
W A -1 1 124 219 93 -31
A S 0 -1 219 93 141 -78
S Space -2 -2 93 125 717 624
Space A 2 3 125 78 8331 8206
A L 0 -8 78 47 124 46
L L 0 0 47 62 110 63
L Space -2 5 62 93 109 47
Space S 2 2 93 109 187 94
S E 1 -1 109 219 187 78
E T 0 -2 219 78 187 -32
T Space -3 1 78 140 188 110
Space F 2 0 140 78 592 452
F O 1 -5 78 94 47 -31
O Space -3 5 94 94 187 93
Space R 3 0 94 110 0 -94
R M -2 -3 110 94 172 62
M E 2 4 94 78 109 15
E Space -3 -1 78 109 63 -15
Space T 3 -1 109 94 140 31
T O 0 -4 94 140 94 0
O Space -3 5 140 110 280 140
Space B 1 -1 110 94 203 93
B E 2 2 94 63 109 15
E Space -3 -1 63 94 125 62
Space A 2 3 94 188 109 15
A D 0 -2 188 94 172 -16
D O 1 -6 94 140 156 62
O P 0 -1 140 109 94 -46
P T 0 5 109 141 202 93
T E 0 2 141 218 484 343
E D -1 0 218 94 140 -78
D Space -2 -1 94 110 156 62
Space A 2 3 110 62 406 296
A T 1 -4 62 93 484 422
T B -2 0 93 63 327 234
B Back 3 -8 63 110 655 592
Back Space -4 9 110 93 141 31
Space B 1 -1 93 172 967 874
B I 2 -3 172 141 140 -32
I R 0 4 141 78 94 -47
R T 0 -1 78 94 187 109
T H -1 -1 94 172 125 31
H Space -2 2 172 109 577 405
Space N 1 -2 109 94 499 390
N Back 3 -7 94 109 515 421
Back B -3 8 109 156 141 32
B Y 2 -1 156 125 93 -63
Y Space -3 2 125 125 172 47
Space A 2 3 125 109 187 62
A Space -2 -3 109 93 125 16
Space L 2 -5 93 94 639 546
L A 0 8 94 63 78 -16
A W 1 -1 63 78 234 171
W Y 0 -4 78 78 172 94
Y E 0 3 78 188 140 62
E R 0 -1 188 140 94 -94
R Space -3 0 140 94 499 359
Space A 2 3 94 109 125 31
A N -1 -5 109 93 125 16
N D 1 3 93 94 109 16
D Space -2 -1 94 94 109 15
Space H 2 -2 94 156 219 125
H I 1 -2 156 109 93 -63
I S -1 6 109 78 94 -15
S Space -2 -2 78 109 140 62
Space W 3 2 109 124 141 32
W I 0 -6 124 109 109 -15
I F -1 4 109 140 187 78
F E 1 1 140 109 78 -62
E OemPeriod -2 -6 109 78 1872 1763
OemPeriod Space -1 5 78 78 172 94
Space LShiftKey 1 4 78 343 296 218
LShiftKey E 2 -3 343 93 250 -93
E X -2 1 93 93 234 141
X C 0 -1 93 156 203 110
C E 2 0 156 125 93 -63
E P 0 -7 125 110 109 -16
P T 0 5 110 94 156 46
T Space -3 1 94 109 110 16
Space T 3 -1 109 94 124 15
T H -1 -1 94 109 125 31
H A 0 5 109 140 141 32
A T 1 -4 140 94 124 -16
T Space -3 1 94 125 219 125
Space W 3 2 125 94 811 686
W H -1 -4 94 93 94 0
H E 1 3 93 93 109 16
E N -2 -3 93 78 78 -15
N Space -1 2 78 109 156 78
Space I 3 -4 109 62 515 406
I Space -3 4 62 109 140 78
Space P 3 -6 109 156 265 156
P O 0 1 156 93 94 -62
O P 0 -1 93 78 171 78
P P 0 0 78 94 125 47
P E 0 7 94 156 94 0
E D -1 0 156 125 93 -63
D Left -2 -8 125 858 890 765
Left Right 0 -2 858 172 1232 374
Right Right 0 0 172 936 187 15
Right Space 0 9 936 124 1467 531
Space O 3 -5 124 187 1263 1139
O U 0 2 187 109 78 -109
U T 0 2 109 93 94 -15
T Space -3 1 93 125 109 16
Space T 3 -1 125 78 125 0
T H -1 -1 78 94 93 15
H E 1 3 94 125 125 31
E Y 0 -3 125 78 78 -47
Y Space -3 2 78 109 234 156
Space D 2 1 109 125 406 297
D E 1 0 125 94 62 -63
E C -2 0 94 110 187 93
C I 2 -5 110 78 141 31
I D -1 5 78 124 125 47
D E 1 0 124 156 93 -31
E D -1 0 156 110 109 -47
D Space -2 -1 110 109 110 0
Space A 2 3 109 62 1404 1295
A T 1 -4 62 78 93 31
T Space -3 1 78 94 109 31
Space T 3 -1 94 62 94 0
T H -1 -1 62 94 140 78
H E 1 3 94 78 125 31
E Space -3 -1 78 78 63 -15
Space L 2 -5 78 94 171 93
L A 0 8 94 109 141 47
A S 0 -1 109 156 46 -63
S T 1 -3 156 94 172 16
T Space -3 1 94 94 156 62
Space M 1 -3 94 125 125 31
M I 2 -1 125 141 218 93
I N -2 2 141 172 109 -32
N U 2 -1 172 203 156 -16
U T 0 2 203 110 156 -47
T E 0 2 110 109 110 0
E Space -3 -1 109 110 202 93
Space T 3 -1 110 94 484 374
T H -1 -1 94 125 140 46
H A 0 5 125 94 16 -109
A T 1 -4 94 94 218 124
T Space -3 1 94 94 125 31
Space T 3 -1 94 94 47 -47
T H -1 -1 94 125 156 62
H E 1 3 125 94 109 -16
E Y 0 -3 94 93 141 47
Y Space -3 2 93 93 234 141
Space R 3 0 93 125 187 94
R E 0 1 125 171 78 -47
E A -1 2 171 109 203 32
A L 0 -8 109 63 124 15
L L 0 0 63 78 110 47
L Y 1 3 78 93 187 109
Y Space -3 2 93 109 140 47
Space W 3 2 109 172 437 328
W A -1 1 172 156 109 -63
A N -1 -5 156 109 63 -93
N T 2 1 109 78 234 125
T E 0 2 78 156 78 0
E D -1 0 156 109 93 -63
D Space -2 -1 109 78 125 16
Space A 2 3 78 109 78 0
A Space -2 -3 109 140 94 -15
Space G 2 -1 140 78 530 390
G I 1 -3 78 78 109 31
I R 0 4 78 78 141 63
R OemPeriod -2 -5 78 78 670 592
OemPeriod Space -1 5 78 94 874 796
Space LShiftKey 1 4 94 172 140 46
LShiftKey S 1 -2 172 125 63 -109
S O 1 -7 125 125 296 171
O Oemcomma -2 1 125 63 1123 998
Oemcomma Left -1 -3 63 78 1248 1185
Left Left 0 0 78 93 110 32
Left Left 0 0 93 78 140 47
Left Left 0 0 78 78 125 47
Left Left 0 0 78 62 125 47
Left L 2 2 62 62 733 671
L Right -2 -4 62 78 109 47
Right Right 0 0 78 47 140 62
Right Right 0 0 47 31 125 78
Right Right 0 0 31 47 109 78
Right Right 0 0 47 62 266 219
Right Space 0 9 62 94 764 702
Space M 1 -3 94 78 1061 967
M Y 2 1 78 94 93 15
Y Space -3 2 94 93 110 16
Space P 3 -6 93 62 218 125
P A -1 9 62 109 94 32
A R 1 -3 109 140 234 125
R E 0 1 140 93 78 -62
E M -2 -4 93 16 124 31
M T 2 2 16 78 1014 998
T S -1 3 78 125 94 16
S Oemcomma -1 -6 125 94 296 171
Oemcomma Space -1 4 94 78 125 31
Space W 3 2 78 47 234 156
W H -1 -4 47 171 63 16
H O 1 -3 171 110 124 -47
O Space -3 5 110 109 172 62
Space W 3 2 109 156 1841 1732
W E 0 -1 156 125 93 -63
E R 0 -1 125 125 219 94
R E 0 1 125 141 62 -63
E Space -3 -1 141 156 219 78
Space O 3 -5 156 156 452 296
O N -2 3 156 62 234 78
N Space -1 2 62 78 16 -46
Space A 2 3 78 109 967 889
A Space -2 -3 109 110 93 -16
Space W 3 2 110 171 656 546
W A -1 1 171 78 140 -31
A I 1 -7 78 94 187 109
I T 0 3 94 109 78 -16
T I 0 -3 109 140 125 16
I N -2 2 140 140 94 -46
N G 1 1 140 78 78 -62
G Space -2 1 78 125 140 62
Space L 2 -5 125 124 406 281
L I 1 1 124 94 218 94
I S -1 6 94 93 125 31
S T 1 -3 93 62 109 16
T Back 1 -8 62 109 2605 2543
Back N -3 7 109 93 94 -15
N Oemcomma 0 -2 93 78 3697 3604
Oemcomma Space -1 4 78 94 655 577
Space G 2 -1 94 94 499 405
G O 1 -4 94 94 47 -47
O T 0 4 94 110 109 15
T Space -3 1 110 141 125 15
Space A 2 3 141 110 187 46
A Space -2 -3 110 110 78 -32
Space C 1 1 110 140 328 218
C A 1 2 140 124 94 -46
A L 0 -8 124 47 686 562
L L 0 0 47 63 109 62
L Space -2 5 63 109 125 62
Space I 3 -4 109 172 608 499
I N -2 2 172 124 110 -62
N Space -1 2 124 63 93 -31
Space T 3 -1 63 78 187 124
T H -1 -1 78 94 125 47
H E 1 3 94 78 63 -31
E Space -3 -1 78 78 140 62
Space M 1 -3 78 94 140 62
M I 2 -1 94 63 203 109
I D -1 5 63 93 219 156
D D 0 0 93 94 483 390
D L 0 -6 94 94 156 62
L E 1 6 94 94 78 -16
E Space -3 -1 94 109 94 0
Space I 3 -4 109 109 203 94
I F -1 4 109 109 62 -47
F Space -2 0 109 110 140 31
Space T 3 -1 110 78 94 -16
T H -1 -1 78 93 94 16
H Back 2 -7 93 63 358 265
Back Back 0 0 63 78 110 47
Back Back 0 0 78 62 140 62
Back Back 0 0 62 78 109 47
Back Back 0 0 78 78 125 47
Back O -1 4 78 78 811 733
O F -1 5 78 94 47 -31
F Space -2 0 94 109 125 31
Space T 3 -1 109 109 62 -47
T H -1 -1 109 93 141 32
H E 1 3 93 93 78 -15
E Space -3 -1 93 94 140 47
Space N 1 -2 94 156 343 249
N I 2 -2 156 109 141 -15
I G -1 3 109 140 140 31
G H 0 -1 140 218 125 -15
H T 1 1 218 94 171 -47
T Space -3 1 94 93 2637 2543
Space A 2 3 93 125 265 172
A S 0 -1 125 156 62 -63
S K 0 -6 156 78 172 16
K I 1 0 78 156 172 94
I N -2 2 156 141 93 -63
N G 1 1 141 110 109 -32
G RShiftKey -1 -6 110 265 718 608
RShiftKey Oem1 1 1 265 110 140 -125
Oem1 Space -2 6 110 62 765 655
Space LShiftKey 1 4 62 140 390 328
LShiftKey Oem7 1 -11 140 63 62 -78
Oem7 W 1 9 63 156 359 296
W E 0 -1 156 110 62 -94
E Back 1 -10 110 78 500 390
Back Back 0 0 78 78 124 46
Back LShiftKey -3 13 78 250 94 16
LShiftKey LShiftKey 0 0 250 234 562 312
LShiftKey W 2 -2 234 124 156 -78
W E 0 -1 124 110 202 78
E Space -3 -1 110 188 156 46
Space H 2 -2 188 171 968 780
H A 0 5 171 94 93 -78
A V -1 -3 94 93 172 78
V E 2 1 93 109 140 47
E Space -3 -1 109 124 141 32
Space A 2 3 124 125 140 16
A M -1 -6 125 63 140 15
M Space -1 3 63 94 624 561
Space U 3 -3 94 109 796 702
U N -2 1 109 94 140 31
N E 2 3 94 94 671 577
E X -2 1 94 109 156 62
X P 2 -8 109 125 312 203
P E 0 7 125 156 94 -31
E C -2 0 156 109 109 -47
C T 2 -2 109 109 265 156
T E 0 2 109 187 172 63
E D -1 0 187 125 156 -31
D Space -2 -1 125 125 842 717
Space B 1 -1 125 140 453 328
B A 1 4 140 78 78 -62
A B -1 -4 78 93 78 0
B Y 2 -1 93 110 202 109
Y Space -3 2 110 94 156 46
Space B 1 -1 94 156 203 109
B O 2 -4 156 172 499 343
O Y 0 3 172 141 125 -47
Y Oem1 -1 -4 141 110 1279 1138
Oem1 Space -2 6 110 78 500 390
Space D 2 1 78 93 546 468
D O 1 -6 93 62 62 -31
O Space -3 5 62 124 172 110
Space Y 3 -2 124 141 795 671
Y O 0 -3 141 187 78 -63
O U 0 2 187 94 125 -62
U Space -3 3 94 94 62 -32
Space W 3 2 94 141 234 140
W A -1 1 141 110 78 -63
A N -1 -5 110 94 78 -32
N T 2 1 94 94 156 62
T Space -3 1 94 94 47 -47
Space H 2 -2 94 156 203 109
H I 1 -2 156 171 94 -62
I M -2 1 171 156 202 31
M RShiftKey 0 -4 156 218 843 687
RShiftKey OemQuestion 0 1 218 109 109 -109
OemQuestion RShiftKey 0 -1 109 328 390 281
RShiftKey Oem7 1 0 328 62 250 -78
Oem7 Space -2 7 62 63 561 499
Space LShiftKey 1 4 63 140 219 156
LShiftKey T 2 -5 140 78 78 -62
T H -1 -1 78 78 171 93
H E 1 3 78 125 94 16
E Y 0 -3 125 94 93 -32
Y Space -3 2 94 109 219 125
Space S 2 2 109 140 421 312
S A 0 1 140 141 62 -78
A I 1 -7 141 78 125 -16
I D -1 5 78 94 125 47
D RShiftKey -1 -8 94 250 218 124
RShiftKey Oem1 1 1 250 78 156 -94
Oem1 RShiftKey -1 -1 78 296 188 110
RShiftKey Oem7 1 0 296 140 140 -156
Oem7 LShiftKey -1 11 140 219 1076 936
LShiftKey O 2 -9 219 93 63 -156
O F -1 5 93 93 593 500
F Space -2 0 93 62 390 297
Space LShiftKey 1 4 62 296 655 593
LShiftKey C 0 -3 296 78 156 -140
C O 2 -6 78 141 218 140
O U 0 2 141 109 78 -63
U R 0 3 109 124 141 32
R S -1 2 124 202 156 32
S E 1 -1 202 141 124 -78
E OemPeriod -2 -6 141 109 1233 1092
OemPeriod RShiftKey 0 -2 109 219 93 -16
RShiftKey Oem7 1 0 219 94 94 -125
Oem7 Space -2 7 94 125 2683 2589
Space Back 4 -9 125 78 3183 3058
Back N -3 7 78 63 46 -32
N Back 3 -7 63 93 12075 12012
Back RShiftKey -3 2 93 375 296 203
RShiftKey Oem7 1 0 375 140 219 -156
Oem7 Space -2 7 140 93 2340 2200
Space LShiftKey 1 4 93 140 1778 1685
LShiftKey M 0 -7 140 93 94 -46
M Y 2 1 93 78 218 125
Y Space -3 2 78 93 94 16
Space B 1 -1 93 187 234 141
B I 2 -3 187 125 124 -63
I L -1 -1 125 93 219 94
L O 1 0 93 109 140 47
O G -1 4 109 156 702 593
G I 1 -3 156 140 94 -62
I C -2 5 140 156 156 16
C A 1 2 156 156 78 -78
A L 0 -8 156 125 156 0
L Space -2 5 125 94 842 717
Space N 1 -2 94 140 437 343
N O 2 -3 140 124 250 110
O T 0 4 124 78 140 16
T H -1 -1 78 93 94 16
H E 1 3 93 110 124 31
E R 0 -1 110 109 344 234
R Space -3 0 109 94 124 15
Space L 2 -5 94 109 172 78
L A 0 8 109 109 78 -31
A T 1 -4 109 78 187 78
T E 0 2 78 156 94 16
E R 0 -1 156 109 78 -78
R Space -3 0 109 110 93 -16
Space F 2 0 110 94 94 -16
F O 1 -5 94 203 125 31
O U 0 2 203 125 109 -94
U N -2 1 125 78 218 93
N D 1 3 78 78 141 63
D Space -2 -1 78 94 93 15
Space O 3 -5 94 203 219 125
O U 0 2 203 125 109 -94
U T 0 2 125 109 234 109
T Space -3 1 109 140 172 63
Space T 3 -1 140 93 1326 1186
T A -1 4 93 94 124 31
A H 0 -5 94 62 63 -31
H T 1 1 62 93 125 63
T Space -3 1 93 93 156 63
Space M 1 -3 93 94 483 390
M Y 2 1 94 78 188 94
Y Space -3 2 78 93 187 109
Space M 1 -3 93 125 249 156
M O 2 -2 125 124 110 -15
O T 0 4 124 110 202 78
T H -1 -1 110 109 188 78
H E 1 3 109 187 93 -16
E R 0 -1 187 109 94 -93
R Space -3 0 109 125 62 -47
Space H 2 -2 125 109 156 31
H A 0 5 109 187 78 -31
A D 0 -2 187 141 109 -78
D Space -2 -1 141 63 156 15
Space N 1 -2 63 140 110 47
N E 2 3 140 110 124 -16
E V -2 -1 110 109 125 15
V E 2 1 109 171 94 -15
E R 0 -1 171 125 78 -93
R Space -3 0 125 125 140 15
Space G 2 -1 125 93 375 250
G R 1 1 93 78 156 63
R A -1 3 78 94 93 15
A D 0 -2 94 94 187 93
D U 1 -4 94 140 188 94
U A -1 6 140 78 109 -31
A T 1 -4 78 62 109 31
T E 0 2 62 156 109 47
E D -1 0 156 125 94 -62
D Space -2 -1 125 78 109 -16
Space F 2 0 78 156 94 16
F R 1 0 156 125 109 -47
R O 0 -5 125 187 62 -63
O M -2 2 187 140 125 -62
M Space -1 3 140 109 125 -15
Space O 3 -5 109 78 530 421
O Back 1 -4 78 78 390 312
Back C -3 10 78 78 94 16
C O 2 -6 78 78 125 47
O L -1 0 78 78 156 78
L L 0 0 78 78 124 46
L E 1 6 78 109 94 16
E G -1 -2 109 63 140 31
G E 1 2 63 78 78 15
E Space -3 -1 78 94 125 47
Space A 2 3 94 109 78 -16
A N -1 -5 109 94 125 16
N F 1 2 94 94 78 -16
F Space -2 0 94 94 140 46
Space Back 4 -9 94 93 812 718
Back Back 0 0 93 62 156 63
Back D -2 10 62 94 1029 967
D Space -2 -1 94 93 94 0
Space T 3 -1 93 78 561 468
T H -1 -1 78 94 156 78
H A 0 5 94 78 47 -47
A T 1 -4 78 62 141 63
T Space -3 1 62 109 109 47
Space M 1 -3 109 109 265 156
M Y 2 1 109 78 234 125
Y Space -3 2 78 94 78 0
Space F 2 0 94 78 156 62
F A 0 3 78 109 94 16
A T 1 -4 109 78 124 15
T H -1 -1 78 94 156 78
H E 1 3 94 187 16 -78
E R 0 -1 187 109 109 -78
R Space -3 0 109 124 141 32
Space H 2 -2 124 93 1669 1545
H A 0 5 93 140 47 -46
A D 0 -2 140 109 93 -47
D Space -2 -1 109 94 109 0
Space N 1 -2 94 93 266 172
N E 2 3 93 125 140 47
E V -2 -1 125 78 140 15
V E 2 1 78 140 110 32
E R 0 -1 140 156 62 -78
R Space -3 0 156 94 187 31
Space G 2 -1 94 78 1857 1763
G R 1 1 78 93 156 78
R A -1 3 93 94 93 0
A D 0 -2 94 125 109 15
D U 1 -4 125 93 219 94
U A -1 6 93 78 265 172
A T 1 -4 78 78 1934 1856
T E 0 2 78 172 94 16
E D -1 0 172 125 109 -63
D Space -2 -1 125 93 172 47
Space F 2 0 93 141 452 359
F R 1 0 141 94 78 -63
R O 0 -5 94 187 78 -16
O M -2 2 187 172 156 -31
M Space -1 3 172 125 125 -47
Space H 2 -2 125 93 952 827
H I 1 -2 93 156 31 -62
I G -1 3 156 125 187 31
G H 0 -1 125 156 78 -47
H Space -2 2 156 109 172 16
Space S 2 2 109 172 218 109
S C -1 -1 172 125 109 -63
C H 1 -3 125 140 172 47
H O 1 -3 140 171 234 94
O O 0 0 171 78 234 63
O L -1 0 78 125 171 93
L OemPeriod -1 0 125 78 3542 3417
OemPeriod Space -1 5 78 78 202 124
Space LShiftKey 1 4 78 219 312 234
LShiftKey S 1 -2 219 125 141 -78
S H 0 -4 125 93 203 78
H E 1 3 93 93 109 16
E Space -3 -1 93 125 109 16
Space R 3 0 125 125 312 187
R E 0 1 125 125 78 -47
E F -1 -1 125 78 889 764
F U 1 -3 78 93 94 16
U S -1 5 93 78 405 312
S E 1 -1 78 171 188 110
E D -1 0 171 109 109 -62
D Space -2 -1 109 94 2839 2730
Space T 3 -1 94 94 265 171
T O 0 -4 94 63 109 15
O Space -3 5 63 93 188 125
Space S 2 2 93 94 218 125
S I 1 -6 94 110 140 46
I G -1 3 110 109 188 78
G N -1 -1 109 78 124 15
N Space -1 2 78 94 671 593
Space T 3 -1 94 78 609 515
T H -1 -1 78 94 124 46
H E 1 3 94 78 78 -16
E Space -3 -1 78 93 110 32
Space F 2 0 93 93 109 16
F I 1 -4 93 156 125 32
I N -2 2 156 140 109 -47
N A 1 5 140 109 78 -62
A L 0 -8 109 109 125 16
L Space -2 5 109 78 124 15
Space A 2 3 78 141 203 125
A D 0 -2 141 125 172 31
D O 1 -6 125 156 468 343
O P 0 -1 156 156 93 -63
P T 0 5 156 94 47 -109
T I 0 -3 94 125 187 93
I O 0 -1 125 203 94 -31
O N -2 3 203 156 172 -31
N Space -1 2 156 125 171 15
Space P 3 -6 125 93 375 250
P A -1 9 93 63 46 -47
A P 1 -9 63 78 141 78
P E 0 7 78 188 93 15
E R 0 -1 188 109 94 -94
R S -1 2 109 78 624 515
S OemPeriod -1 -7 78 109 265 187
OemPeriod LShiftKey 0 9 109 312 499 390
LShiftKey S 1 -2 312 141 156 -156
S Back 2 -11 141 93 656 515
Back Space -4 9 93 93 265 172
Space LShiftKey 1 4 93 219 140 47
LShiftKey S 1 -2 219 141 109 -110
S H 0 -4 141 78 219 78
H E 1 3 78 94 109 31
E Space -3 -1 94 78 140 46
Space O 3 -5 78 171 656 578
O N -2 3 171 203 140 -31
N L 1 -3 203 187 156 -47
L Y 1 3 187 109 780 593
Y Space -3 2 109 78 94 -15
Space R 3 0 78 125 296 218
R E 0 1 125 125 78 -47
E E 0 0 125 94 468 343
E N -2 -3 94 78 109 15
N T 2 1 78 94 187 109
T E 0 2 94 172 94 0
E D -1 0 172 109 125 -47
D Space -2 -1 109 94 218 109
Space A 2 3 94 125 250 156
A Space -2 -3 125 94 140 15
Space F 2 0 94 156 609 515
F E 1 1 156 94 218 62
E W 0 1 94 124 16 -78
W Space -3 -2 124 78 140 16
Space M 1 -3 78 171 172 94
M O 2 -2 171 218 156 -15
O N -2 3 218 141 124 -94
N T 2 1 141 94 125 -16
T H -1 -1 94 93 141 47
H S 0 4 93 109 109 16
S Space -2 -2 109 141 171 62
Space A 2 3 141 94 796 655
A T 1 -4 94 109 172 78
T E 0 2 109 156 124 15
E R 0 -1 156 94 78 -78
R Space -3 0 94 109 110 16
Space S 2 2 109 94 140 31
S Back 2 -11 94 109 437 343
Back W -1 11 109 94 187 78
W H -1 -4 94 141 109 15
H E 1 3 141 109 125 -16
E N -2 -3 109 109 125 16
N Space -1 2 109 109 203 94
Space L 2 -5 109 94 2870 2761
L Right -2 -4 94 125 2636 2542
Right Back 4 0 125 78 546 421
Back M -3 6 78 94 78 0
M L 1 -2 94 110 2808 2714
L M -1 2 110 93 6038 5928
M Y 2 1 93 78 202 109
Y Space -3 2 78 78 110 32
Space P 3 -6 78 94 140 62
P A -1 9 94 94 78 -16
A R 1 -3 94 156 234 140
R E 0 1 156 124 94 -62
E N -2 -3 124 93 109 -15
N R 2 2 93 78 983 890
R Back 1 -9 78 62 421 343
Back T -1 8 62 94 265 203
T S -1 3 94 109 94 0
S Space -2 -2 109 94 124 15
Space P 3 -6 94 109 203 109
P R 0 6 109 78 94 -15
R O 0 -5 78 94 93 15
O M -2 2 94 125 156 62
M I 2 -1 125 94 172 47
I S -1 6 94 47 156 62
S S 0 0 47 47 109 62
S Back 2 -11 47 110 1123 1076
Back E -1 10 110 140 94 -16
E D -1 0 140 156 62 -78
D Space -2 -1 156 78 921 765
Space T 3 -1 78 93 281 203
T H -1 -1 93 109 140 47
H A 0 5 109 109 16 -93
A T 1 -4 109 62 187 78
T Space -3 1 62 94 93 31
Space LShiftKey 1 4 94 141 234 140
LShiftKey I 2 -8 141 63 78 -63
I Space -3 4 63 109 172 109
Space W 3 2 109 31 156 47
W O 0 -7 31 187 94 63
O U 0 2 187 109 140 -47
U L -1 -2 109 141 296 187
L D 0 6 141 109 125 -16
D Space -2 -1 109 125 125 16
Space S 2 2 125 94 624 499
S O 1 -7 94 187 78 -16
O M -2 2 187 140 125 -62
M E 2 4 140 93 125 -15
E D -1 0 93 141 202 109
D A 0 2 141 172 78 -63
A Y 1 -5 172 93 110 -62
Y Space -3 2 93 109 234 141
Space G 2 -1 109 94 436 327
G O 1 -4 94 110 78 -16
O Space -3 5 110 94 94 -16
Space T 3 -1 94 78 172 78
T O 0 -4 78 94 124 46
O Space -3 5 94 93 110 16
Space V 1 0 93 78 187 94
V O 2 -5 78 78 93 15
O L -1 0 78 62 172 94
L L 0 0 62 78 94 32
L E 1 6 78 94 171 93
E G -1 -2 94 62 47 -47
G E 1 2 62 125 156 94
E Back 1 -10 125 78 3947 3822
Back C -3 10 78 78 62 -16
C OemPeriod 0 -6 78 110 2215 2137
OemPeriod Return 1 -3 110 109 687 577
Return LShiftKey -1 12 109 171 1217 1108
LShiftKey A 1 -1 171 109 78 -93
A N -1 -5 109 94 218 109
N D 1 3 94 109 78 -16
D Space -2 -1 109 78 140 31
Space D1 4 3 78 94 936 858
D1 D7 0 -6 94 78 47 -47
D7 Space -4 3 78 110 265 187
Space Y 3 -2 110 110 468 358
Y E 0 3 110 109 63 -47
E A -1 2 109 124 125 16
A R 1 -3 124 78 109 -15
R S -1 2 78 94 109 31
S Space -2 -2 94 125 187 93
Space L 2 -5 125 109 250 125
L A 0 8 109 78 125 16
A T 1 -4 78 125 171 93
T E 0 2 125 172 78 -47
E R 0 -1 172 109 78 -94
R Space -3 0 109 109 156 47
Space LShiftKey 1 4 109 125 499 390
LShiftKey I 2 -8 125 78 63 -62
I Space -3 4 78 125 171 93
Space D 2 1 125 93 141 16
D I 1 -5 93 62 125 32
I D -1 5 62 93 78 16
D Space -2 -1 93 125 124 31
Space G 2 -1 125 78 702 577
G O 1 -4 78 93 63 -15
O Space -3 5 93 94 109 16
Space O 3 -5 94 78 140 46
O T 0 4 78 109 63 -15
T Space -3 1 109 94 187 78
Space C 1 1 94 47 218 124
C O 2 -6 47 93 63 16
O L -1 0 93 78 203 110
L L 0 0 78 62 109 31
L E 1 6 62 93 156 94
E G -1 -2 93 78 109 16
G E 1 2 78 78 78 0
E Back 1 -10 78 63 3463 3385
Back Back 0 0 63 110 109 46
Back T -1 8 110 94 250 140
T O 0 -4 94 125 156 62
O OemPeriod -2 0 125 32 3026 2901
OemPeriod Space -1 5 32 78 172 140
Space LShiftKey 1 4 78 156 172 94
LShiftKey B 0 -5 156 93 109 -47
B U 2 -2 93 78 374 281
U T 0 2 78 94 31 -47
T Space -3 1 94 109 188 94
Space LShiftKey 1 4 109 172 218 109
LShiftKey I 2 -8 172 78 109 -63
I Space -3 4 78 93 172 94
Space N 1 -2 93 78 171 78
N A 1 5 78 125 94 16
A I 1 -7 125 109 94 -31
I V -2 4 109 93 156 47
V E 2 1 93 109 109 16
E L -1 -6 109 78 140 31
L Y 1 3 78 94 2387 2309
Y Space -3 2 94 93 203 109
Space C 1 1 93 110 795 702
C H 1 -3 110 156 63 -47
H O 1 -3 156 125 78 -78
O S -1 7 125 125 1747 1622
S E 1 -1 125 172 62 -63
E Space -3 -1 172 110 156 -16
Space A 2 3 110 125 141 31
A Space -2 -3 125 94 109 -16
Space C 1 1 94 93 172 78
C O 2 -6 93 78 109 16
O L -1 0 78 63 171 93
L L 0 0 63 62 141 78
L E 1 6 62 109 156 94
E G -1 -2 109 63 171 62
G E 1 2 63 78 203 140
E Space -3 -1 78 93 141 63
Space T 3 -1 93 94 639 546
T A -1 4 94 63 156 62
A H 0 -5 63 78 47 -16
H T 1 1 78 78 172 94
T Space -3 1 78 94 140 62
Space W 3 2 94 156 234 140
W A -1 1 156 234 109 -47
A S 0 -1 234 124 141 -93
S Space -2 -2 124 109 156 32
Space A 2 3 109 109 156 47
A L 0 -8 109 78 124 15
L M -1 2 78 172 125 47
M O 2 -2 172 125 125 -47
O S -1 7 125 109 125 0
S T 1 -3 109 110 171 62
T Space -3 1 110 93 297 187
Space A 2 3 93 188 249 156
A S 0 -1 188 125 94 -94
S Space -2 -2 125 109 125 0
Space E 3 1 109 109 312 203
E X -2 1 109 110 951 842
X P 2 -8 110 93 297 187
P E 0 7 93 78 78 -15
E N -2 -3 78 93 156 78
N S 1 4 93 109 109 16
S I 1 -6 109 141 62 -47
I V -2 4 141 124 188 47
V E 2 1 124 110 358 234
E Space -3 -1 110 94 125 15
Space A 2 3 94 203 219 125
A S 0 -1 203 141 93 -110
S Space -2 -2 141 125 219 78
Space LShiftKey 1 4 125 187 452 327
LShiftKey S 1 -2 187 94 109 -78
S T 1 -3 94 94 281 187
T A -1 4 94 125 125 31
A N -1 -5 125 93 203 78
N F 1 2 93 78 530 437
F O 1 -5 78 78 94 16
O R 0 5 78 93 125 47
R D -1 1 93 78 561 468
D Oemcomma -1 -5 78 93 562 484
Oemcomma Space -1 4 93 78 312 219
Space A 2 3 78 109 109 31
A N -1 -5 109 94 140 31
N D 1 3 94 93 110 16
D Space -2 -1 93 93 109 16
Space A 2 3 93 93 515 422
A L 0 -8 93 47 187 94
L L 0 0 47 62 109 62
L Space -2 5 62 125 125 63
Space O 3 -5 125 78 795 670
O F -1 5 78 93 63 -15
F Space -2 0 93 125 109 16
Space M 1 -3 125 78 671 546
M Y 2 1 78 78 281 203
Y Space -3 2 78 78 109 31
Space W 3 2 78 109 312 234
W O 0 -7 109 63 93 -16
O K -1 1 63 78 156 93
K D 0 5 78 78 110 32
D I 1 -5 78 125 187 109
I Back 1 -5 125 94 1185 1060
Back Back 0 0 94 78 156 62
Back Back 0 0 78 78 172 94
Back R -1 9 78 78 421 343
R K -1 -4 78 78 125 47
K I 1 0 78 156 156 78
I N -2 2 156 109 109 -47
N G 1 1 109 78 94 -15
G OemMinus 2 -6 78 62 3245 3167
OemMinus C -3 8 62 109 327 265
C L 1 -6 109 63 109 0
L A 0 8 63 78 125 62
A S 0 -1 78 78 219 141
S S 0 0 78 78 156 78
S Space -2 -2 78 109 78 0
Space P 3 -6 109 94 296 187
P A -1 9 94 125 78 -16
A R 1 -3 125 125 265 140
R E 0 1 125 125 94 -31
E N -2 -3 125 32 171 46
N T 2 1 32 78 484 452
T S -1 3 78 124 94 16
S Oem7 0 -9 124 62 608 484
Oem7 Space -2 7 62 94 1232 1170
Space S 2 2 94 156 453 359
S A 0 1 156 109 78 -78
A V -1 -3 109 94 187 78
V I 2 -4 94 203 140 46
I N -2 2 203 172 94 -109
N G 1 1 172 125 125 -47
G S 0 3 125 109 577 452
S Space -2 -2 109 140 78 -31
Space W 3 2 140 156 187 47
W E 0 -1 156 125 94 -62
E R 0 -1 125 124 203 78
R E 0 1 124 156 78 -46
E Space -3 -1 156 140 187 31
Space B 1 -1 140 124 359 219
B E 2 2 124 109 78 -46
E I 0 -5 109 171 156 47
I N -2 2 171 140 109 -62
N G 1 1 140 125 78 -62
G Space -2 1 125 140 187 62
Space S 2 2 140 94 546 406
S P 1 -8 94 156 234 140
P E 0 7 156 94 109 -47
E N -2 -3 94 125 156 62
N T 2 1 125 141 234 109
T Space -3 1 141 125 312 171
Space O 3 -5 125 188 343 218
O N -2 3 188 140 110 -78
N Space -1 2 140 78 93 -47
Space L 2 -5 78 63 156 78
L Back 2 -4 63 93 453 390
Back M -3 6 93 125 202 109
M Y 2 1 125 93 765 640
Y Space -3 2 93 94 140 47
Space C 1 1 94 125 1747 1653
C O 2 -6 125 94 78 -47
O L -1 0 94 46 188 94
L L 0 0 46 78 93 47
L E 1 6 78 94 109 31
E G -1 -2 94 32 156 62
G E 1 2 32 94 78 46
E Space -3 -1 94 125 156 62
Space T 3 -1 125 78 734 609
T U 0 -2 78 156 124 46
U I 0 -1 156 109 110 -46
I T 0 3 109 93 156 47
T I 0 -3 93 124 156 63
I O 0 -1 124 203 499 375
O N -2 3 203 172 140 -63
N OemPeriod 0 -3 172 109 765 593
OemPeriod Space -1 5 109 93 1014 905
Space LShiftKey 1 4 93 203 655 562
LShiftKey A 1 -1 203 125 109 -94
A F 0 -3 125 94 187 62
F T 1 -1 94 78 156 62
T E 0 2 78 187 63 -15
E R 0 -1 187 125 93 -94
R Space -3 0 125 110 187 62
Space S 2 2 110 78 437 327
S I 1 -6 78 63 109 31
I X -2 6 63 94 874 811
X Space -1 -2 94 93 172 78
Space M 1 -3 93 156 187 94
M O 2 -2 156 187 140 -16
O N -2 3 187 141 109 -78
N T 2 1 141 94 125 -16
T H -1 -1 94 78 172 78
H S 0 4 78 109 140 62
S Oemcomma -1 -6 109 93 640 531
Oemcomma Space -1 4 93 93 125 32
Space I 3 -4 93 78 312 219
I Back 1 -5 78 47 2402 2324
Back LShiftKey -3 13 47 156 374 327
LShiftKey I 2 -8 156 78 78 -78
I Space -3 4 78 125 219 141
Space C 1 1 125 140 1061 936
C O 2 -6 140 156 78 -62
O I 0 1 156 109 93 -63
I Back 1 -5 109 94 593 484
Back U -1 6 94 94 265 171
U L -1 -2 94 110 187 93
L D 0 6 110 94 125 15
D N -1 -3 94 125 156 62
N Oem7 1 -5 125 93 375 250
Oem7 T 1 6 93 78 109 16
T Space -3 1 78 110 93 15
Space S 2 2 110 94 172 62
S E 1 -1 94 78 218 124
E E 0 0 78 63 125 47
E Space -3 -1 63 94 78 15
Space T 3 -1 94 109 172 78
T H -1 -1 109 125 93 -16
H E 1 3 125 125 156 31
E Space -3 -1 125 93 141 16
Space C 1 1 93 140 858 765
C A 1 2 140 125 78 -62
A L 0 -8 125 93 156 31
L U 1 2 93 109 296 203
U E 0 4 109 94 156 47
E Space -3 -1 94 125 109 15
Space I 3 -4 125 156 234 109
I Space -3 4 156 125 141 -15
Space I 3 -4 125 109 187 62
I T 0 3 109 93 125 16
T Left -3 -6 93 702 10311 10218
Left Left 0 0 702 78 843 141
Left Left 0 0 78 78 156 78
Left Right 0 -2 78 141 764 686
Right Back 4 0 141 93 531 390
Back V -3 9 93 94 93 0
V Right -1 -9 94 109 297 203
Right Right 0 0 109 78 171 62
Right Right 0 0 78 62 125 47
Right Right 0 0 62 62 125 63
Right Right 0 0 62 62 125 63
Right Right 0 0 62 47 124 62
Right Left 0 2 47 110 1092 1045
Left Back 4 -2 110 141 437 327
Back Right -4 0 141 109 1061 920
Right Back 4 0 109 78 515 406
Back Space -4 9 78 78 312 234
Space I 3 -4 78 187 109 31
I N -2 2 187 125 109 -78
N Right -1 -7 125 31 546 421
Right Right 0 0 31 78 94 63
Right Right 0 0 78 46 125 47
Right OemPeriod 1 4 46 78 2979 2933
OemPeriod LShiftKey 0 9 78 125 3385 3307
LShiftKey I 2 -8 125 78 63 -62
I Space -3 4 78 109 156 78
Space H 2 -2 109 93 156 47
H A 0 5 93 156 78 -15
A D 0 -2 156 93 156 0
D Space -2 -1 93 109 31 -62
Space N 1 -2 109 172 218 109
N O 2 -3 172 124 110 -62
O Space -3 5 124 125 62 -62
Space I 3 -4 125 93 203 78
I D -1 5 93 171 359 266
D E 1 0 171 187 78 -93
E A -1 2 187 140 156 -31
A Space -2 -3 140 109 156 16
Space W 3 2 109 140 140 31
W H -1 -4 140 125 125 -15
H A 0 5 125 140 109 -16
A T 1 -4 140 125 109 -31
T Space -3 1 125 125 172 47
Space LShiftKey 1 4 125 156 327 202
LShiftKey I 2 -8 156 63 78 -78
I Space -3 4 63 125 172 109
Space W 3 2 125 140 94 -31
W Capital -1 2 140 156 109 -31
Capital A 0 -1 156 93 1170 1014
A N -1 -5 93 93 125 32
N T 2 1 93 141 249 156
T E 0 2 141 140 94 -47
E D -1 0 140 93 78 -62
D Space -2 -1 93 125 109 16
Space Capital 2 4 125 0 31 -94
Capital T 1 -5 0 78 843 843
T O 0 -4 78 94 93 15
O Space -3 5 94 93 141 47
Space D 2 1 93 93 187 94
D O 1 -6 93 109 140 47
O Space -3 5 109 109 141 32
Space W 3 2 109 78 670 561
W I 0 -6 78 93 110 32
I T 0 3 93 94 124 31
T H -1 -1 94 93 110 16
H Space -2 2 93 125 140 47
Space M 1 -3 125 78 156 31
M Y 2 1 78 78 109 31
Y Space -3 2 78 78 94 16
Space L 2 -5 78 93 156 78
L I 1 1 93 47 234 141
I F -1 4 47 124 359 312
F E 1 1 124 109 78 -46
E Space -3 -1 109 93 156 47
Space A 2 3 93 109 374 281
A N -1 -5 109 78 94 -15
N D 1 3 78 125 109 31
D Space -2 -1 125 62 109 -16
Space N 1 -2 62 156 156 94
N O 2 -3 156 141 109 -47
O Space -3 5 141 78 125 -16
Space I 3 -4 78 110 140 62
I D -1 5 110 171 141 31
D E 1 0 171 187 125 -46
E A -1 2 187 141 171 -16
A Space -2 -3 141 125 203 62
Space H 2 -2 125 125 390 265
H O 1 -3 125 125 78 -47
O W 0 7 125 172 78 -47
W Space -3 -2 172 93 874 702
Space C 1 1 93 109 795 702
C O 2 -6 109 78 94 -15
O L -1 0 78 78 156 78
L L 0 0 78 78 109 31
L E 1 6 78 93 94 16
E G -1 -2 93 93 109 16
G E 1 2 93 109 109 16
E Space -3 -1 109 93 94 -15
Space I 3 -4 93 140 187 94
I S -1 6 140 125 171 31
S Space -2 -2 125 109 188 63
Space Back 4 -9 109 62 702 593
Back Back 0 0 62 94 124 62
Back Back 0 0 94 78 1046 952
Back W -1 11 78 46 156 78
W A -1 1 46 249 31 -15
A S 0 -1 249 141 218 -31
S Space -2 -2 141 125 187 46
Space G 2 -1 125 125 531 406
G O 1 -4 125 78 93 -32
O I 0 1 78 171 141 63
I N -2 2 171 140 109 -62
N G 1 1 140 94 296 156
G Space -2 1 94 125 312 218
Space Space 0 0 125 63 1763 1638
Space T 3 -1 63 93 172 109
T O 0 -4 93 94 93 0
O Space -3 5 94 125 156 62
Space H 2 -2 125 187 422 297
H E 1 3 187 188 124 -63
E L -1 -6 188 140 219 31
L P 1 -1 140 125 187 47
P Space -3 6 125 93 203 78
Space M 1 -3 93 93 234 141
M E 2 4 93 93 78 -15
E Space -3 -1 93 109 156 63
Space F 2 0 109 78 468 359
F I 1 -4 78 109 78 0
I H -1 2 109 140 187 78
H U 1 -1 140 109 94 -46
U R 0 3 109 110 124 15
R E 0 1 110 93 63 -47
E Space -3 -1 93 93 1014 921
Space I 3 -4 93 93 281 188
I T 0 3 93 93 78 -15
T Space -3 1 93 125 124 31
Space O 3 -5 125 203 219 94
O U 0 2 203 109 109 -94
U T 0 2 109 94 78 -31
T OemPeriod -2 -4 94 63 1700 1606
OemPeriod Back 3 -4 63 78 2684 2621
Back G -2 8 78 63 93 15
G Space -2 1 63 125 1420 1357
Space Back 4 -9 125 78 4025 3900
Back Space -4 9 78 78 4602 4524
Space LShiftKey 1 4 78 156 124 46
LShiftKey A 1 -1 156 141 78 -78
A N -1 -5 141 47 94 -47
N D 1 3 47 110 218 171
D Space -2 -1 110 94 484 374
Space H 2 -2 94 109 1108 1014
H R 1 2 109 140 62 -47
R E 0 1 140 156 62 -78
E Space -3 -1 156 109 874 718
Space Space 0 0 109 78 156 47
Space Back 4 -9 78 62 593 515
Back Back 0 0 62 93 125 63
Back Back 0 0 93 93 109 16
Back Back 0 0 93 78 203 110
Back E -1 10 78 187 234 156
E R 0 -1 187 125 93 -94
R E 0 1 125 62 141 16
E Space -3 -1 62 125 78 16
Space LShiftKey 1 4 125 141 452 327
LShiftKey I 2 -8 141 78 78 -63
I Space -3 4 78 109 172 94
Space W 3 2 109 140 156 47
W A -1 1 140 234 125 -15
A S 0 -1 234 156 140 -94
S Space -2 -2 156 109 671 515
Space S 2 2 109 125 296 187
S P 1 -8 125 110 109 -16
P E 0 7 110 109 141 31
E N -2 -3 109 94 93 -16
N D 1 3 94 78 562 468
D I 1 -5 78 125 125 47
I N -2 2 125 156 78 -47
N G 1 1 156 110 639 483
G Space -2 1 110 94 125 15
Space A 2 3 94 94 203 109
A L 0 -8 94 63 187 93
L L 0 0 63 94 125 62
L Space -2 5 94 109 94 0
Space O 3 -5 109 93 156 47
O Space -3 5 93 63 249 156
Space Back 4 -9 63 63 811 748
Back F -2 9 63 110 234 171
F Space -2 0 110 110 78 -32
Space T 3 -1 110 109 188 78
T H -1 -1 109 156 78 -31
H E 1 3 156 78 3837 3681
E Space -3 -1 78 94 125 47
Space M 1 -3 94 156 203 109
M O 2 -2 156 203 140 -16
O N -2 3 203 140 125 -78
N E 2 3 140 78 125 -15
E Y 0 -3 78 94 187 109
Y Space -3 2 94 78 640 546
Space M 1 -3 78 125 265 187
M Y 2 1 125 78 234 109
Y Space -3 2 78 94 93 15
Space P 3 -6 94 78 172 78
P A -1 9 78 141 62 -16
A R 1 -3 141 188 234 93
R E 0 1 188 124 110 -78
E N -2 -3 124 125 140 16
N T 2 1 125 109 484 359
T S -1 3 109 109 93 -16
S Space -2 -2 109 125 172 63
Space H 2 -2 125 109 577 452
H A 0 5 109 125 78 -31
A D 0 -2 125 109 203 78
D Space -2 -1 109 93 858 749
Space S 2 2 93 156 405 312
S A 0 1 156 140 63 -93
A V -1 -3 140 125 156 16
V E 2 1 125 156 109 -16
E D -1 0 156 172 78 -78
D Space -2 -1 172 141 218 46
Space A 2 3 141 62 609 468
A Back 2 -12 62 62 468 406
Back T -1 8 62 62 125 63
T H -1 -1 62 109 93 31
H E 1 3 109 94 125 16
E I 0 -5 94 94 62 -32
I T 0 3 94 93 141 47
T Space -3 1 93 109 78 -15
Space Back 4 -9 109 94 1575 1466
Back Back 0 0 94 78 125 31
Back R -1 9 78 110 109 31
R Space -3 0 110 125 156 46
Space L 2 -5 125 141 156 31
L I 1 1 141 94 203 62
I F -1 4 94 156 655 561
F E 1 1 156 125 78 -78
E Back 1 -10 125 78 4025 3900
Back Back 0 0 78 62 141 63
Back Back 0 0 62 78 124 62
Back Back 0 0 78 125 297 219
Back E -1 10 125 125 234 109
E N -2 -3 125 125 109 -16
N T 2 1 125 78 172 47
T G -1 0 78 31 15 -63
G Back 2 -8 31 78 1030 999
Back I -1 5 78 94 421 343
I R 0 4 94 140 47 -47
R E 0 1 140 109 78 -62
E Space -3 -1 109 140 125 16
Space L 2 -5 140 78 202 62
L I 1 1 78 94 172 94
I F -1 4 94 78 109 15
F E 1 1 78 140 16 -62
E OemPeriod -2 -6 140 93 1014 874
OemPeriod Space -1 5 93 78 998 905
Space LShiftKey 1 4 78 218 328 250
LShiftKey S 1 -2 218 110 171 -47
S O 1 -7 110 93 297 187
O Space -3 5 93 125 405 312
Space LShiftKey 1 4 125 125 406 281
LShiftKey I 2 -8 125 62 78 -47
I Space -3 4 62 125 156 94
Space D 2 1 125 125 140 15
D E 1 0 125 141 78 -47
E C -2 0 141 140 172 31
C I 2 -5 140 78 156 16
I E 0 5 78 156 94 16
E D -1 0 156 172 62 -94
D Back 2 -10 172 78 1622 1450
Back Back 0 0 78 63 125 47
Back E -1 10 63 110 265 202
E Back 1 -10 110 78 422 312
Back D -2 10 78 125 109 31
D E 1 0 125 125 78 -47
E D -1 0 125 31 140 15
D Space -2 -1 31 125 78 47
Space T 3 -1 125 187 281 156
T O 0 -4 187 141 62 -125
O Space -3 5 141 109 359 218
Space D 2 1 109 78 328 219
D R 1 -1 78 94 187 109
R O 0 -5 94 140 78 -16
O P 0 -1 140 124 94 -46
P Space -3 6 124 93 156 32
Space O 3 -5 93 187 951 858
O U 0 2 187 94 109 -78
U T 0 2 94 78 63 -31
T Space -3 1 78 125 171 93
Space A 2 3 125 124 110 -15
A N -1 -5 124 94 140 16
N D 1 3 94 109 109 15
D Space -2 -1 109 125 125 16
Space T 3 -1 125 156 343 218
T R 0 1 156 110 109 -47
R U 0 -3 110 109 141 31
U S -1 5 109 109 125 16
S T 1 -3 109 109 171 62
T Space -3 1 109 94 125 16
Space T 3 -1 94 109 359 265
T H -1 -1 109 140 312 203
H A 0 5 140 93 125 -15
A T 1 -4 93 110 124 31
T Space -3 1 110 125 125 15
Space I 3 -4 125 94 281 156
I T 0 3 94 94 62 -32
T Space -3 1 94 110 156 62
Space W 3 2 110 93 141 31
W O 0 -7 93 172 109 16
O U 0 2 172 109 109 -63
U L -1 -2 109 109 172 63
L D 0 6 109 47 171 62
D Space -2 -1 47 109 32 -15
Space B 1 -1 109 141 202 93
B E 2 2 141 125 328 187
E Space -3 -1 125 63 265 140
Space Back 4 -9 63 62 593 530
Back Back 0 0 62 63 140 78
Back Back 0 0 63 78 312 249
Back A -2 12 78 94 156 78
A L 0 -8 94 63 156 62
L L 0 0 63 47 125 62
L Space -2 5 47 110 31 -16
Space W 3 2 110 93 219 109
W O 0 -7 93 93 78 -15
O R 0 5 93 94 140 47
R K -1 -4 94 78 141 47
K Space -2 4 78 93 265 187
Space O 3 -5 93 171 203 110
O U 0 2 171 94 93 -78
U T 0 2 94 93 94 0
T Space -3 1 93 110 171 78
Space LShiftKey 1 4 110 297 203 93
LShiftKey O 2 -9 297 125 125 -172
O K -1 1 125 94 62 -63
K OemPeriod -1 -1 94 94 702 608
OemPeriod Space -1 5 94 78 281 187
Space LShiftKey 1 4 78 156 219 141
LShiftKey I 2 -8 156 78 62 -94
I T 0 3 78 78 296 218
T Space -3 1 78 109 250 172
Space W 3 2 109 124 94 -15
W A -1 1 124 234 93 -31
A S 0 -1 234 156 156 -78
S Space -2 -2 156 94 109 -47
Space P 3 -6 94 110 312 218
P R 0 6 110 140 110 0
R E 0 1 140 109 93 -47
E T 0 -2 109 94 187 78
T T 0 0 94 63 156 62
T Y 0 -1 63 94 172 109
Y Space -3 2 94 78 562 468
Space S 2 2 78 218 530 452
S C -1 -1 218 125 156 -62
C A 1 2 125 94 78 -47
A R 1 -3 94 62 250 156
R Y 0 -2 62 109 109 47
Y Space -3 2 109 125 156 47
Space A 2 3 125 109 530 405
A T 1 -4 109 78 125 16
T Space -3 1 78 94 109 31
Space T 3 -1 94 78 78 -16
T H -1 -1 78 109 250 172
H E 1 3 109 93 156 47
E Space -3 -1 93 93 281 188
Space T 3 -1 93 94 171 78
T I 0 -3 94 187 125 31
I M -2 1 187 125 156 -31
M E 2 4 125 109 94 -31
E Oemcomma -2 -5 109 93 702 593
Oemcomma Space -1 4 93 78 124 31
Space N 1 -2 78 125 125 47
N U 2 -1 125 62 172 47
U Back 1 -6 62 78 327 265
Back Back 0 0 78 47 156 78
Back B -3 8 47 94 94 47
B U 2 -2 94 78 156 62
U T 0 2 78 93 94 16
T Space -3 1 93 124 156 63
Space L 2 -5 124 109 249 125
L O 1 0 109 62 203 94
O O 0 0 62 47 109 47
O K -1 1 47 78 141 94
K I 1 0 78 141 171 93
I N -2 2 141 125 94 -47
N G 1 1 125 62 156 31
G Space -2 1 62 94 109 47
Space B 1 -1 94 109 187 93
B Capital 1 5 109 187 78 -31
Capital V -1 -4 187 109 281 94
V K 1 -4 109 93 125 16
K Space -2 4 93 62 109 16
Space Capital 2 4 62 0 31 -31
Capital I 1 -8 0 78 141 141
I T 0 3 78 63 124 46
T Space -3 1 63 109 110 47
Space W 3 2 109 47 296 187
W A -1 1 47 141 109 62
A S 0 -1 141 156 94 -47
S Space -2 -2 156 109 234 78
Space O 3 -5 109 188 249 140
O N -2 3 188 156 110 -78
N E 2 3 156 125 124 -32
E Space -3 -1 125 109 141 16
Space O 3 -5 109 109 265 156
O F -1 5 109 94 109 0
F Space -2 0 94 110 109 15
Space T 3 -1 110 78 125 15
T H -1 -1 78 93 63 -15
H E 1 3 93 109 156 63
E Space -3 -1 109 125 93 -16
Space B 1 -1 125 125 156 31
B E 2 2 125 156 109 -16
E S -1 1 156 140 94 -62
S T 1 -3 140 125 156 16
T Space -3 1 125 140 156 31
Space D 2 1 140 93 562 422
D E 1 0 93 109 62 -31
E C -2 0 109 93 172 63
C I 2 -5 93 62 156 63
I S -1 6 62 109 31 -31
S I 1 -6 109 78 140 31
I O 0 -1 78 172 156 78
O N -2 3 172 141 109 -63
N S 1 4 141 141 125 -16
S Space -2 -2 141 109 156 15
Space LShiftKey 1 4 109 140 593 484
LShiftKey I 2 -8 140 78 78 -62
I Space -3 4 78 140 156 78
Space E 3 1 140 94 187 47
E V -2 -1 94 63 109 15
V E 2 1 63 187 94 31
E R 0 -1 187 125 78 -109
R Space -3 0 125 140 156 31
Space M 1 -3 140 140 156 16
M A 1 6 140 125 125 -15
A D 0 -2 125 203 109 -16
D E 1 0 203 109 172 -31
E OemPeriod -2 -6 109 109 187 78
OemPeriod Space -1 5 109 78 218 109
Space LShiftKey 1 4 78 156 172 94
LShiftKey T 2 -5 156 78 140 -16
T H -1 -1 78 109 156 78
H E 1 3 109 109 141 32
E Space -3 -1 109 78 93 -16
Space M 1 -3 78 94 203 125
M I 2 -1 94 156 187 93
I N -2 2 156 140 94 -62
N I 2 -2 140 93 156 16
I Back 1 -5 93 78 1170 1077
Back U -1 6 78 187 359 281
U T 0 2 187 93 156 -31
T E 0 2 93 93 156 63
E Space -3 -1 93 78 1466 1373
Space LShiftKey 1 4 78 203 983 905
LShiftKey I 2 -8 203 47 78 -125
I Space -3 4 47 109 203 156
Space D 2 1 109 62 967 858
D R 1 -1 62 93 156 94
R O 0 -5 93 109 140 47
O P 0 -1 109 124 63 -46
P P 0 0 124 78 187 63
P E 0 7 78 171 203 125
E D -1 0 171 156 78 -93
D Space -2 -1 156 125 826 670
Space O 3 -5 125 203 406 281
O U 0 2 203 47 140 -63
U T 0 2 47 62 16 -31
T Space -3 1 62 125 203 141
Space LShiftKey 1 4 125 156 483 358
LShiftKey I 2 -8 156 78 63 -93
I Space -3 4 78 125 218 140
Space C 1 1 125 94 156 31
C O 2 -6 94 187 156 62
O U 0 2 187 125 109 -78
U L -1 -2 125 140 172 47
L D 0 6 140 62 156 16
D Space -2 -1 62 125 78 16
Space S 2 2 125 93 203 78
S T 1 -3 93 93 234 141
T O 0 -4 93 125 109 16
O P 0 -1 125 141 62 -63
P Space -3 6 141 109 203 62
Space R 3 0 109 78 437 328
R Back 1 -9 78 78 406 328
Back T -1 8 78 94 249 171
T A -1 4 94 109 78 -16
A K 0 -7 109 93 172 63
K I 1 0 93 188 171 78
I N -2 2 188 125 172 -16
N G 1 1 125 125 109 -16
G Space -2 1 125 109 141 16
Space T 3 -1 109 124 156 47
T H -1 -1 124 94 140 16
H E 1 3 94 125 125 31
E Space -3 -1 125 125 140 15
Space R 3 0 125 94 359 234
R E 0 1 94 125 47 -47
E Q 0 2 125 109 437 312
Q U 0 -6 109 172 280 171
U I 0 -1 172 109 110 -62
I R 0 4 109 93 499 390
R E 0 1 93 171 78 -15
E D -1 0 171 109 156 -15
D Space -2 -1 109 110 171 62
Space C 1 1 110 141 390 280
C L 1 -6 141 94 125 -16
L A 0 8 94 109 94 0
A S 0 -1 109 78 203 94
S S 0 0 78 78 156 78
S E 1 -1 78 93 187 109
E S -1 1 93 125 156 63
S Space -2 -2 125 78 140 15
Space A 2 3 78 109 47 -31
A N -1 -5 109 93 172 63
N D 1 3 93 125 93 0
D Space -2 -1 125 62 141 16
Space Back 4 -9 62 94 327 265
Back Back 0 0 94 63 156 62
Back Back 0 0 63 62 141 78
Back Back 0 0 62 78 452 390
Back T -1 8 78 62 546 468
T A -1 4 62 110 140 78
A H 0 -5 110 47 16 -94
H T 1 1 47 78 203 156
T Space -3 1 78 94 218 140
Space LShiftKey 1 4 94 219 156 62
LShiftKey D 1 -3 219 93 141 -78
D Back 2 -10 93 78 436 343
Back D -2 10 78 78 219 141
D I 1 -5 78 94 109 31
I D -1 5 94 78 78 -16
D N -1 -3 78 125 125 47
N T 2 1 125 109 78 -47
T Back 1 -8 109 78 905 796
Back Oem7 -2 2 78 78 811 733
Oem7 T 1 6 78 78 93 15
T Space -3 1 78 109 125 47
Space I 3 -4 109 172 265 156
I N -2 2 172 172 78 -94
N T 2 1 172 78 188 16
T E 0 2 78 171 109 31
E R 0 -1 171 124 125 -46
R E 0 1 124 203 171 47
E S -1 1 203 141 187 -16
S T 1 -3 141 110 156 15
T Space -3 1 110 125 156 46
Space M 1 -3 125 109 406 281
M E 2 4 109 109 78 -31
E Oemcomma -2 -5 109 47 203 94
Oemcomma Space -1 4 47 93 312 265
Space A 2 3 93 94 249 156
A N -1 -5 94 93 110 16
N D 1 3 93 110 124 31
D Space -2 -1 110 93 63 -47
Space B 1 -1 93 78 203 110
B E 2 2 78 109 78 0
E G -1 -2 109 109 187 78
G I 1 -3 109 171 125 16
I N -2 2 171 140 109 -62
N D 1 3 140 78 1295 1155
D R 1 -1 78 109 156 78
R O 0 -5 109 78 140 31
O P 0 -1 78 78 234 156
P P 0 0 78 62 125 47
P I 0 2 62 187 187 125
I N -2 2 187 156 94 -93
N G 1 1 156 94 140 -16
G Space -2 1 94 125 125 31
Space I 3 -4 125 140 593 468
I N -2 2 140 125 218 78
N Space -1 2 125 93 125 0
Space O 3 -5 93 172 343 250
O N -2 3 172 140 94 -78
N Space -1 2 140 78 124 -16
Space T 3 -1 78 93 188 110
T H -1 -1 93 124 156 63
H E 1 3 124 93 109 -15
E Space -3 -1 93 93 546 453
Space O 3 -5 93 234 187 94
O N -2 3 234 172 140 -94
N E 2 3 172 203 141 -31
E S -1 1 203 156 140 -63
S Space -2 -2 156 140 219 63
Space T 3 -1 140 94 561 421
T H -1 -1 94 94 156 62
H A 0 5 94 94 47 -47
A T 1 -4 94 94 156 62
T Space -3 1 94 93 125 31
Space L 2 -5 93 78 156 63
L O 1 0 78 63 171 93
O O 0 0 63 78 125 62
O K -1 1 78 109 125 47
K E 1 5 109 172 109 0
E D -1 0 172 172 78 -94
D Space -2 -1 172 110 109 -63
Space I 3 -4 110 156 203 93
I N -2 2 156 187 63 -93
N T 2 1 187 125 202 15
T E 0 2 125 125 172 47
E R 0 -1 125 109 78 -47
R E 0 1 109 110 140 31
E S -1 1 110 93 188 78
S T 1 -3 93 93 265 172
T I 0 -3 93 156 62 -31
I N -2 2 156 156 78 -78
N G 1 1 156 109 125 -31
G OemPeriod -1 -4 109 62 1108 999
OemPeriod Space -1 5 62 124 2262 2200
Space Back 4 -9 124 78 3354 3230
Back U -1 6 78 124 234 156
U Right -3 -6 124 109 1716 1592
Right Back 4 0 109 93 655 546
Back T -1 8 93 140 125 32
T Back 1 -8 140 94 6193 6053
Back Back 0 0 94 62 156 62
Back Back 0 0 62 109 265 203
Back B -3 8 109 78 640 531
B A 1 4 78 156 31 -47
A C -1 -2 156 78 203 47
C K 1 -5 78 62 234 156
K Return 0 -4 62 78 6645 6583
Return LShiftKey -1 12 78 109 515 437
LShiftKey I 2 -8 109 62 63 -46
I T 0 3 62 78 514 452
T Space -3 1 78 78 2793 2715
Space W 3 2 78 140 156 78
W A -1 1 140 203 93 -47
A S 0 -1 203 78 156 -47
S N -1 -4 78 78 156 78
N Oem7 1 -5 78 109 453 375
Oem7 T 1 6 109 109 109 0
T Space -3 1 109 94 140 31
Space A 2 3 94 94 437 343
A L 0 -8 94 62 125 31
L L 0 0 62 63 140 78
L Space -2 5 63 78 47 -16
Space R 3 0 78 94 187 109
R O 0 -5 94 202 32 -62
O M -2 2 202 125 124 -78
M A 1 6 125 109 94 -31
A N -1 -5 109 125 140 31
N T 2 1 125 93 141 16
T I 0 -3 93 109 109 16
I C -2 5 109 109 172 63
C OemPeriod 0 -6 109 78 514 405
OemPeriod Space -1 5 78 109 812 734
Space LShiftKey 1 4 109 140 156 47
LShiftKey I 2 -8 140 94 62 -78
I Space -3 4 94 78 218 124
Space D 2 1 78 94 156 78
D I 1 -5 94 62 110 16
I D -1 5 62 78 93 31
D N -1 -3 78 93 141 63
N T 2 1 93 93 78 -15
T Oem1 -1 -5 93 93 187 94
Oem1 Back 2 -3 93 78 936 843
Back Space -4 9 78 140 936 858
Space H 2 -2 140 110 327 187
H Capital 0 6 110 46 32 -78
Capital V -1 -4 46 94 124 78
V E 2 1 94 94 78 -16
E Space -3 -1 94 93 110 16
Space Capital 2 4 93 0 46 -47
Capital Back 2 -13 0 47 1170 1170
Back Back 0 0 47 78 110 63
Back Back 0 0 78 78 124 46
Back Back 0 0 78 62 141 63
Back Capital -2 13 62 171 2964 2902
Capital Capital 0 0 171 109 983 812
Capital H 0 -6 109 140 312 203
H A 0 5 140 94 608 468
A V -1 -3 94 78 94 0
V E 2 1 78 94 140 62
E Space -3 -1 94 78 125 31
Space A 2 3 78 109 78 0
A Space -2 -3 109 78 140 31
Space Back 4 -9 78 78 577 499
Back D -2 10 78 94 94 16
D Space -2 -1 94 110 140 46
Space Back 4 -9 110 63 359 249
Back Back 0 0 63 78 109 46
Back Space -4 9 78 94 234 156
Space D 2 1 94 78 63 -31
D R 1 -1 78 78 171 93
R O 0 -5 78 93 219 141
O M -2 2 93 63 842 749
M Space -1 3 63 93 94 31
Space R 3 0 93 78 234 141
R O 0 -5 78 93 156 78
O O 0 0 93 94 140 47
O M -2 2 94 140 141 47
M Oemcomma 0 -1 140 125 421 281
Oemcomma Space -1 4 125 78 125 0
Space S 2 2 78 110 202 124
S O 1 -7 110 78 406 296
O Space -3 5 78 93 125 47
Space LShiftKey 1 4 93 125 546 453
LShiftKey I 2 -8 125 62 47 -78
I Space -3 4 62 93 187 125
Space S 2 2 93 78 499 406
S L 0 -7 78 78 94 16
L E 1 6 78 93 109 31
E P 0 -7 93 109 78 -15
P T 0 5 109 109 156 47
T Space -3 1 109 93 203 94
Space O 3 -5 93 187 561 468
O N -2 3 187 140 94 -93
N Space -1 2 140 62 125 -15
Space T 3 -1 62 78 187 125
T H -1 -1 78 94 140 62
H E 1 3 94 93 63 -31
E Space -3 -1 93 94 140 47
Space F 2 0 94 78 733 639
F L 0 -5 78 78 109 31
L O 1 0 78 78 188 110
O R 0 5 78 31 249 171
R R 0 0 31 78 109 78
R Space -3 0 78 125 234 156
Space I 3 -4 125 156 219 94
I N -2 2 156 156 62 -94
N Space -1 2 156 78 234 78
Space T 3 -1 78 78 141 63
T H -1 -1 78 78 171 93
H Back 2 -7 78 63 1014 936
Back Back 0 0 63 62 141 78
Back Back 0 0 62 47 140 78
Back Back 0 0 47 62 125 78
Back Back 0 0 62 62 125 63
Back Back 0 0 62 63 124 62
Back Back 0 0 63 78 110 47
Back Back 0 0 78 93 343 265
Back O -1 4 93 94 421 328
O R 0 5 94 109 78 -16
R Back 1 -9 109 78 2231 2122
Back Back 0 0 78 63 140 62
Back O -1 4 63 109 328 265
O R 0 5 109 110 93 -16
R Space -3 0 110 94 3245 3135
Space I 3 -4 94 171 297 203
I N -2 2 171 156 93 -78
N Space -1 2 156 93 141 -15
Space F 2 0 93 125 592 499
F R 1 0 125 109 94 -31
R I 0 -4 109 94 218 109
I E 0 5 94 94 94 0
E N -2 -3 94 93 125 31
N D 1 3 93 110 93 0
D S 0 1 110 63 1326 1216
S Oem7 0 -9 63 78 110 47
Oem7 Space -2 7 78 156 249 171
Space R 3 0 156 78 328 172
R O 0 -5 78 78 140 62
O O 0 0 78 94 125 47
O M -2 2 94 125 140 46
M S 1 5 125 140 141 16
S Oemcomma -1 -6 140 93 546 406
Oemcomma Space -1 4 93 62 109 16
Space LShiftKey 1 4 62 125 218 156
LShiftKey I 2 -8 125 63 78 -47
I Space -3 4 63 109 172 109
Space R 3 0 109 110 140 31
R E 0 1 110 125 63 -47
E T 0 -2 125 93 203 78
T U 0 -2 93 78 124 31
U R 0 3 78 93 63 -15
R N -2 -2 93 109 109 16
N E 2 3 109 188 530 421
E D -1 0 188 78 110 -78
D Space -2 -1 78 109 171 93
Space LShiftKey 1 4 109 343 484 375
LShiftKey C 0 -3 343 78 218 -125
C Back 3 -10 78 78 3697 3619
Back Back 0 0 78 47 172 94
Back Back 0 0 47 93 125 78
Back Back 0 0 93 78 125 32
Back E -1 10 78 172 2433 2355
E D -1 0 172 93 94 -78
D Space -2 -1 93 78 2652 2559
Space LShiftKey 1 4 78 250 343 265
LShiftKey C 0 -3 250 93 172 -78
C O 2 -6 93 125 608 515
O K -1 1 125 141 31 -94
K E 1 5 141 109 125 -16
E Space -3 -1 109 125 156 47
Space B 1 -1 125 125 421 296
B O 2 -4 125 109 94 -31
O T 0 4 109 63 171 62
T T 0 0 63 63 125 62
T L -1 -4 63 156 94 31
L E 1 6 156 93 125 -31
E S -1 1 93 109 218 125
S Space -2 -2 109 110 140 31
Space F 2 0 110 110 156 46
F O 1 -5 110 125 125 15
O R 0 5 125 78 109 -16
R Space -3 0 78 140 110 32
Space T 3 -1 140 94 124 -16
T H -1 -1 94 94 125 31
H E 1 3 94 93 141 47
E Space -3 -1 93 93 109 16
Space D5 4 -1 93 78 702 609
D5 Space -4 1 78 93 203 125
Space V 1 0 93 110 436 343
V E 2 1 110 125 78 -32
E N -2 -3 125 93 219 94
N T 2 1 93 124 437 344
T S -1 3 124 124 78 -46
S Space -2 -2 124 94 280 156
Space D 2 1 94 47 702 608
D E 1 0 47 110 0 -47
E P 0 -7 110 187 562 452
P O 0 1 187 109 125 -62
O S -1 7 109 94 218 109
S I 1 -6 94 125 94 0
I T 0 3 125 141 374 249
T S -1 3 141 109 156 15
S Space -2 -2 109 109 375 266
Space T 3 -1 109 94 452 343
T O 0 -4 94 94 109 15
O Space -3 5 94 93 141 47
Space B 1 -1 93 109 140 47
B U 2 -2 109 234 125 16
U Y 0 1 234 125 156 -78
Y Space -3 2 125 140 156 31
Space F 2 0 140 78 561 421
F O 1 -5 78 62 188 110
O O 0 0 62 62 109 47
O D -1 6 62 109 109 47
D Space -2 -1 109 109 156 47
Space W 3 2 109 32 140 31
W U 0 -5 32 78 188 156
U T 0 2 78 109 109 31
T Back 1 -8 109 62 1373 1264
Back Back 0 0 62 78 124 62
Back I -1 5 78 141 437 359
I T 0 3 141 78 125 -16
T H -1 -1 78 78 1061 983
H Oemcomma -1 -2 78 93 390 312
Oemcomma Space -1 4 93 62 125 32
Space A 2 3 62 140 218 156
A N -1 -5 140 94 140 0
N D 1 3 94 140 94 0
D Space -2 -1 140 63 140 0
Space LShiftKey 1 4 63 171 578 515
LShiftKey I 2 -8 171 63 93 -78
I Space -3 4 63 125 156 93
Space W 3 2 125 93 141 16
W O 0 -7 93 187 93 0
O U 0 2 187 141 109 -78
U L -1 -2 141 140 188 47
L D 0 6 140 110 124 -16
D Space -2 -1 110 109 94 -16
Space W 3 2 109 203 140 31
W A -1 1 203 140 141 -62
A L 0 -8 140 203 109 -31
L K 0 1 203 125 187 -16
K Space -2 4 125 109 749 624
Space T 3 -1 109 78 234 125
T H -1 -1 78 94 62 -16
H E 1 3 94 94 203 109
E Space -3 -1 94 140 250 156
Space D7 4 -3 140 78 327 187
D7 Space -4 3 78 78 687 609
Space M 1 -3 78 94 171 93
M I 2 -1 94 94 156 62
I L -1 -1 94 93 188 94
L E 1 6 93 187 78 -15
E S -1 1 187 140 109 -78
S Space -2 -2 140 94 140 0
Space A 2 3 94 141 234 140
A C -1 -2 141 125 125 -16
C R 2 -1 125 109 234 109
R O 0 -5 109 109 187 78
O S -1 7 109 63 390 281
S S 0 0 63 94 156 93
S Space -2 -2 94 94 468 374
Space T 3 -1 94 109 562 468
T O 0 -4 109 93 125 16
O W 0 7 93 109 109 16
W N -2 -4 109 78 93 -16
N Space -1 2 78 110 156 78
Space E 3 1 110 109 94 -16
E V -2 -1 109 78 156 47
V E 2 1 78 124 94 16
E R 0 -1 124 110 46 -78
R Y 0 -2 110 109 141 31
Y Space -3 2 109 78 452 343
Space LShiftKey 1 4 78 234 546 468
LShiftKey S 1 -2 234 109 141 -93
S U 1 -5 109 93 187 78
U N -2 1 93 125 187 94
N D 1 3 125 171 94 -31
D A 0 2 171 125 109 -62
A Y 1 -5 125 94 109 -16
Y Space -3 2 94 124 328 234
Space N 1 -2 124 140 312 188
N I 2 -2 140 156 156 16
I G -1 3 156 156 140 -16
G H 0 -1 156 140 125 -31
H T 1 1 140 109 140 0
T Space -3 1 109 125 156 47
Space T 3 -1 125 109 141 16
T O 0 -4 109 78 93 -16
O Space -3 5 78 109 1404 1326
Space G 2 -1 109 141 234 125
G E 1 2 141 187 125 -16
E T 0 -2 187 141 109 -78
T Space -3 1 141 109 297 156
Space O 3 -5 109 188 592 483
O N -2 3 188 109 94 -94
N E 2 3 109 78 78 -31
E Space -3 -1 78 94 140 62
Space G 2 -1 94 140 110 16
G O 1 -4 140 78 171 31
O O 0 0 78 78 125 47
O D -1 6 78 140 94 16
D Space -2 -1 140 109 156 16
Space M 1 -3 109 140 62 -47
M E 2 4 140 171 94 -46
E A -1 2 171 171 156 -15
A L 0 -8 171 125 218 47
L Space -2 5 125 125 78 -47
Space A 2 3 125 109 312 187
A Space -2 -3 109 93 172 63
Space W 3 2 93 140 187 94
W E 0 -1 140 125 78 -62
E K -1 -5 125 63 249 124
K K 0 0 63 63 125 62
K Space -2 4 63 141 187 124
Space A 2 3 141 109 359 218
A T 1 -4 109 63 234 125
T Space -3 1 63 94 78 15
Space T 3 -1 94 63 109 15
T H -1 -1 63 78 172 109
H E 1 3 78 93 94 16
E Space -3 -1 93 109 140 47
Space LShiftKey 1 4 109 171 406 297
LShiftKey H 1 -6 171 78 109 -62
H A 0 5 78 94 421 343
A R 1 -3 94 172 234 140
R E 0 1 172 109 94 -78
E Space -3 -1 109 109 327 218
Space LShiftKey 1 4 109 156 312 203
LShiftKey K 1 -8 156 78 109 -47
K R 1 4 78 109 250 172
R I 0 -4 109 62 125 16
I S -1 6 62 94 109 47
S H 0 -4 94 63 109 15
H N -1 0 63 78 156 93
N A 1 5 78 125 78 0
A Space -2 -3 125 78 109 -16
Space T 3 -1 78 78 999 921
T E 0 2 78 94 249 171
E M -2 -4 94 141 125 31
M O 2 -2 141 62 125 -16
O P 0 -1 62 62 203 141
P Back 1 -3 62 47 1029 967
Back Back 0 0 47 47 141 94
Back P -1 3 47 141 764 717
P L -1 1 141 93 63 -78
L E 1 6 93 125 46 -47
E OemPeriod -2 -6 125 62 1077 952
OemPeriod Back 3 -4 62 93 2543 2481
Back E -1 10 93 78 78 -15
E Space -3 -1 78 93 2574 2496
Space LShiftKey 1 4 93 171 437 344
LShiftKey I 2 -8 171 78 78 -93
I Space -3 4 78 94 171 93
Space L 2 -5 94 94 156 62
L O 1 0 94 78 172 78
O V -2 5 78 125 187 109
V E 2 1 125 203 109 -16
E D -1 0 203 156 141 -62
D Space -2 -1 156 125 202 46
Space I 3 -4 125 93 297 172
I T 0 3 93 62 78 -15
T OemPeriod -2 -4 62 94 249 187
OemPeriod Space -1 5 94 94 172 78
Space LShiftKey 1 4 94 250 234 140
LShiftKey A 1 -1 250 140 203 -47
A S 0 -1 140 62 421 281
S Space -2 -2 62 93 172 110
Space M 1 -3 93 109 187 94
M U 2 0 109 63 452 343
U C -2 4 63 125 78 15
C H 1 -3 125 63 265 140
H Space -2 2 63 94 281 218
Space A 2 3 94 156 219 125
A S 0 -1 156 109 93 -63
S Space -2 -2 109 109 94 -15
Space I 3 -4 109 124 359 250
I Back 1 -5 124 109 1045 921
Back Back 0 0 109 47 499 390
Back Back 0 0 47 78 140 93
Back Back 0 0 78 78 141 63
Back Back 0 0 78 62 156 78
Back Space -4 9 62 94 452 390
Space O 3 -5 94 62 297 203
O F -1 5 62 78 78 16
F Space -2 0 78 93 109 31
Space W 3 2 93 141 249 156
W A -1 1 141 78 188 47
A T 1 -4 78 109 171 93
T Space -3 1 109 125 234 125
Space I 3 -4 125 94 203 78
I Space -3 4 94 93 250 156
Space S 2 2 93 125 202 109
S T 1 -3 125 110 234 109
T U 0 -2 110 109 172 62
U B -2 2 109 110 452 343
B M 0 -2 110 124 578 468
M L 1 -2 124 94 62 -62
L E 1 6 94 171 47 -47
E D -1 0 171 109 109 -62
D Space -2 -1 109 109 125 16
Space I 3 -4 109 140 811 702
I N -2 2 140 140 78 -62
N T 2 1 140 78 94 -46
T O 0 -4 78 125 109 31
O Space -3 5 125 93 156 31
Space B 1 -1 93 141 483 390
B Y 2 -1 141 156 78 -63
Y Space -3 2 156 109 141 -15
Space F 2 0 109 78 546 437
F O 1 -5 78 78 93 15
O L -1 0 78 78 172 94
L O 1 0 78 62 156 78
O W 0 7 62 78 109 47
W I 0 -6 78 187 172 94
I N -2 2 187 141 249 62
N G 1 1 141 94 172 31
G Space -2 1 94 93 125 31
Space H 2 -2 93 109 5413 5320
H M -1 -1 109 78 2418 2309
M Y 2 1 78 78 203 125
Y Space -3 2 78 78 125 47
Space C 1 1 78 94 140 62
C U 2 -4 94 93 593 499
U R 0 3 93 78 109 16
R I 0 -4 78 78 125 47
I O 0 -1 78 94 171 93
O S -1 7 94 78 219 125
S I 1 -6 78 94 265 187
I T 0 3 94 93 125 31
T Y 0 -1 93 78 359 266
Y Space -3 2 78 62 140 62
Space A 2 3 62 78 234 172
A N -1 -5 78 94 109 31
N D 1 3 94 94 109 15
D Space -2 -1 94 94 78 -16
Space I 3 -4 94 171 344 250
I N -2 2 171 140 109 -62
N U 2 -1 140 93 905 765
U Back 1 -6 93 78 436 343
Back T -1 8 78 109 172 94
T U 0 -2 109 140 125 16
U I 0 -1 140 94 93 -47
I T 0 3 94 93 141 47
T I 0 -3 93 93 78 -15
I O 0 -1 93 203 187 94
O N -2 3 203 156 140 -63
N Space -1 2 156 109 188 32
Space T 3 -1 109 93 421 312
T U 0 -2 93 78 78 -15
U R 0 3 78 109 125 47
R N -2 -2 109 93 109 0
N E 2 3 93 140 125 32
E D -1 0 140 109 327 187
D Space -2 -1 109 124 141 32
Space O 3 -5 124 172 327 203
O U 0 2 172 78 109 -63
U T 0 2 78 93 63 -15
T Space -3 1 93 109 140 47
Space T 3 -1 109 94 78 -31
T O 0 -4 94 110 109 15
O Space -3 5 110 94 172 62
Space B 1 -1 94 140 172 78
B E 2 2 140 78 109 -31
E Space -3 -1 78 109 125 47
Space P 3 -6 109 109 405 296
P R 0 6 109 94 125 16
R I 0 -4 94 94 140 46
I C -2 5 94 110 156 62
C E 2 0 110 109 172 62
E S -1 1 109 109 203 94
S L 0 -7 109 78 140 31
L E 1 6 78 94 125 47
E S -1 1 94 78 218 124
S S 0 0 78 94 125 47
S Space -2 -2 94 124 141 47
Space L 2 -5 124 94 202 78
L E 1 6 94 110 156 62
E T 0 -2 110 94 172 62
T E 0 2 94 140 78 -16
E R 0 -1 140 125 78 -62
R OemPeriod -2 -5 125 78 624 499
OemPeriod Space -1 5 78 93 172 94
Space LShiftKey 1 4 93 140 140 47
LShiftKey L 1 -9 140 62 94 -46
L E 1 6 62 172 249 187
E T 0 -2 172 109 125 -47
T Space -3 1 109 171 125 16
Space M 1 -3 171 187 125 -46
M E 2 4 187 110 124 -63
E Space -3 -1 110 94 172 62
Space G 2 -1 94 140 718 624
G I 1 -3 140 187 62 -78
I V -2 4 187 125 140 -47
V E 2 1 125 78 141 16
E Space -3 -1 78 140 125 47
Space O 3 -5 140 172 1263 1123
O N -2 3 172 110 109 -63
N E 2 3 110 109 94 -16
E Space -3 -1 109 78 156 47
Space E 3 1 78 78 125 47
E C -2 0 78 78 187 109
C Back 3 -10 78 94 312 234
Back X -3 11 94 141 109 15
X P 2 -8 141 78 172 31
P A -1 9 78 78 15 -63
A M -1 -6 78 218 344 266
M P 2 -3 218 110 2074 1856
P L -1 1 110 109 47 -63
L E 1 6 109 109 94 -15
E Back 1 -10 109 62 655 546
Back Back 0 0 62 78 125 63
Back Back 0 0 78 62 156 78
Back Back 0 0 62 78 125 63
Back Back 0 0 78 78 124 46
Back Back 0 0 78 62 141 63
Back A -2 12 62 94 343 281
A M -1 -6 94 109 156 62
M P 2 -3 109 203 125 16
P L -1 1 203 94 140 -63
L E 1 6 94 78 63 -31
E OemPeriod -2 -6 78 93 156 78
OemPeriod Back 3 -4 93 78 2932 2839
Back A -2 12 78 78 94 16
A Back 2 -12 78 78 2574 2496
Back Back 0 0 78 62 3354 3276
Back RShiftKey -3 2 62 281 296 234
RShiftKey Oem1 1 1 281 94 172 -109
Oem1 Return 0 -2 94 78 234 140
Return LShiftKey -1 12 78 297 1201 1123
LShiftKey R 2 -4 297 62 250 -47
R E 0 1 62 78 187 125
E E 0 0 78 94 140 62
E D -1 0 94 109 188 94
D Space -2 -1 109 109 171 62
Space LShiftKey 1 4 109 218 203 94
LShiftKey C 0 -3 218 94 140 -78
C O 2 -6 94 78 156 62
O L -1 0 78 78 156 78
L L 0 0 78 62 141 63
L E 1 6 62 78 125 63
E G -1 -2 78 63 483 405
G E 1 2 63 78 125 62
E Space -3 -1 78 93 125 47
Space A 2 3 93 109 125 32
A T 1 -4 109 94 124 15
T Space -3 1 94 78 125 31
Space T 3 -1 78 78 94 16
T H -1 -1 78 78 156 78
H T 1 1 78 63 171 93
T A -1 4 63 93 344 281
A Space -2 -3 93 78 156 63
Space T 3 -1 78 78 109 31
T I 0 -3 78 172 109 31
I M -2 1 172 141 109 -63
M E 2 4 141 94 109 -32
E Space -3 -1 94 93 141 47
Space O 3 -5 93 94 296 203
O F -1 5 94 62 203 109
F F 0 0 62 78 125 63
F E 1 1 78 124 125 47
E R 0 -1 124 109 78 -46
R E 0 1 109 187 156 47
E D -1 0 187 141 124 -63
D Space -2 -1 141 109 219 78
Space P 3 -6 109 141 374 265
P E 0 7 141 141 78 -63
E R 0 -1 141 125 78 -63
R H -1 -2 125 124 297 172
H A 0 5 124 93 78 -46
A P 1 -9 93 109 171 78
P S -1 8 109 109 141 32
S Space -2 -2 109 140 218 109
Space P 3 -6 140 110 920 780
P E 0 7 110 141 858 748
E R 0 -1 141 141 47 -94
R Back 1 -9 141 62 1139 998
Back Back 0 0 62 47 140 78
Back Back 0 0 47 94 281 234
Back T -1 8 94 78 375 281
T H -1 -1 78 94 140 62
H E 1 3 94 94 78 -16
E Space -3 -1 94 218 125 31
Space B 1 -1 218 156 203 -15
B E 2 2 156 219 93 -63
E S -1 1 219 109 141 -78
S T 1 -3 109 125 124 15
T Space -3 1 125 109 188 63
Space C 1 1 109 156 780 671
C A 1 2 156 109 93 -63
A L 0 -8 109 47 421 312
L L 0 0 47 109 125 78
L I 1 1 109 78 343 234
I G -1 3 78 47 671 593
G R 1 1 47 78 125 78
R A -1 3 78 109 125 47
A P 1 -9 109 140 265 156
P H -1 4 140 63 1201 1061
H Y 1 0 63 78 156 93
Y Space -3 2 78 94 1326 1248
Space I 3 -4 94 140 609 515
I N -2 2 140 156 124 -16
N S 1 4 156 94 156 0
S T 1 -3 94 78 188 94
T R 0 1 78 78 124 46
R U 0 -3 78 78 110 32
U C -2 4 78 109 109 31
C T 2 -2 109 109 218 109
T I 0 -3 109 125 125 16
I O 0 -1 125 234 78 -47
O N -2 3 234 156 187 -47
N Space -1 2 156 124 141 -15
Space I 3 -4 124 187 343 219
I N -2 2 187 156 125 -62
N Space -1 2 156 78 78 -78
Space T 3 -1 78 94 202 124
T H -1 -1 94 94 156 62
H E 1 3 94 94 125 31
E Space -3 -1 94 110 109 15
Space C 1 1 110 93 812 702
C O 2 -6 93 187 93 0
O U 0 2 187 78 125 -62
U N -2 1 78 109 156 78
N T 2 1 109 109 94 -15
T R 0 1 109 188 124 15
R Y 0 -2 188 171 110 -78
Y OemPeriod -2 -3 171 109 858 687
OemPeriod Space -1 5 109 47 140 31
Space LShiftKey 1 4 47 156 218 171
LShiftKey T 2 -5 156 78 125 -31
T H -1 -1 78 109 156 78
H R 1 2 109 63 156 47
R O 0 -5 63 16 125 62
O O 0 0 16 63 31 15
O U 0 2 63 94 156 93
U G -1 2 94 156 125 31
G H 0 -1 156 78 125 -31
H O 1 -3 78 219 218 140
O U 0 2 219 47 172 -47
U T 0 2 47 93 47 0
T Space -3 1 93 94 561 468
Space T 3 -1 94 62 328 234
T H -1 -1 62 78 140 78
H E 1 3 78 93 63 -15
E Space -3 -1 93 109 140 47
Space C 1 1 109 156 109 0
C A 1 2 156 140 94 -62
A M -1 -6 140 156 62 -78
M O 2 -2 156 234 172 16
O U 0 2 234 94 171 -63
U S -1 5 94 94 406 312
S Space -2 -2 94 93 125 31
Space E 3 1 93 109 218 125
E V -2 -1 109 109 94 -15
V E 2 1 109 140 125 16
E R 0 -1 140 140 62 -78
R Y 0 -2 140 93 94 -46
Y Space -3 2 93 140 140 47
Space P 3 -6 140 94 218 78
P O 0 1 94 78 141 47
O S -1 7 78 94 93 15
S T 1 -3 94 94 156 62
T E 0 2 94 156 125 31
E R 0 -1 156 125 78 -78
R M -2 -3 125 63 499 374
M Back 3 -6 63 62 531 468
Back OemPeriod -3 4 62 94 218 156
OemPeriod Back 3 -4 94 47 702 608
Back Back 0 0 47 78 125 78
Back OemPeriod -3 4 78 63 811 733
OemPeriod Space -1 5 63 94 421 358
Space R 3 0 94 94 874 780
R Oemcomma -2 -4 94 94 187 93
Oemcomma Back 3 -5 94 94 1373 1279
Back Back 0 0 94 78 421 327
Back Back 0 0 78 63 1794 1716
Back Right -4 0 63 733 437 374
Right Left 0 2 733 78 1747 1014
Left Left 0 0 78 109 141 63
Left Left 0 0 109 124 702 593
Left Left 0 0 124 93 156 32
Left Back 4 -2 93 62 343 250
Back Right -4 0 62 904 671 609
Right Right 0 0 904 78 1092 188
Right Back 4 0 78 78 717 639
Back P -1 3 78 62 250 172
P Right -3 -3 62 920 499 437
Right Right 0 0 920 93 1295 375
Right Back 4 0 93 62 702 609
Back R -1 9 62 78 62 0
R OemPeriod -2 -5 78 78 2449 2371
OemPeriod Space -1 5 78 109 500 422
Space E 3 1 109 156 124 15
E V -2 -1 156 94 125 -31
V E 2 1 94 203 156 62
E Back 1 -10 203 94 468 265
Back E -1 10 94 141 1045 951
E R 0 -1 141 109 63 -78
R Y 0 -2 109 156 156 47
Y Space -3 2 156 78 1326 1170
Space L 2 -5 78 78 265 187
L A 0 8 78 109 94 16
A B -1 -4 109 109 187 78
B E 2 2 109 93 125 16
E L -1 -6 93 94 608 515
L Space -2 5 94 78 109 15
Space O 3 -5 78 203 359 281
O N -2 3 203 156 109 -94
N Space -1 2 156 63 109 -47
Space E 3 1 63 125 203 140
E V -2 -1 125 46 141 16
V E 2 1 46 171 78 32
E R 0 -1 171 141 93 -78
R Y 0 -2 141 109 125 -16
Y Space -3 2 109 156 172 63
Space D 2 1 156 78 592 436
D R 1 -1 78 78 406 328
R A -1 3 78 156 109 31
A E 1 -2 156 250 265 109
E R 0 -1 250 156 156 -94
R Oemcomma -2 -4 156 78 749 593
Oemcomma W 2 6 78 187 234 156
W A -1 1 187 234 125 -62
A S 0 -1 234 140 172 -62
S Space -2 -2 140 140 156 16
Space B 1 -1 140 110 483 343
B E 2 2 110 156 94 -16
E A -1 2 156 156 94 -62
A U 1 -6 156 110 202 46
U T 0 2 110 109 172 62
T I 0 -3 109 93 125 16
I F -1 4 93 110 405 312
F U 1 -3 110 78 78 -32
U L -1 -2 78 78 234 156
L L 0 0 78 78 141 63
L Y 1 3 78 78 655 577
Y Space -3 2 78 93 94 16
Space H 2 -2 93 78 639 546
H A 0 5 78 78 94 16
A N -1 -5 78 78 125 47
N D 1 3 78 109 93 15
D Space -2 -1 109 93 141 32
Space C 1 1 93 156 499 406
C L 1 -6 156 78 249 93
L Back 2 -4 78 93 1389 1311
Back A -2 12 93 125 156 63
A L 0 -8 125 78 187 62
L L 0 0 78 94 140 62
L I 1 1 94 141 671 577
I G -1 3 141 93 609 468
G R 1 1 93 78 171 78
R A -1 3 78 109 94 16
A O 1 -8 109 94 421 312
O H -1 3 94 47 234 140
H E 1 3 47 47 109 62
E Back 1 -10 47 78 889 842
Back Back 0 0 78 78 156 78
Back Back 0 0 78 93 344 266
Back P -1 3 93 125 343 250
P H -1 4 125 110 249 124
H E 1 3 110 187 125 15
E D -1 0 187 141 109 -78
D W 1 1 141 109 3869 3728
W Space -3 -2 109 125 1482 1373
Space OemPeriod 1 -5 125 78 7083 6958
OemPeriod Space -1 5 78 94 249 171
Space LShiftKey 1 4 94 109 328 234
LShiftKey B 0 -5 109 46 125 16
B E 2 2 46 140 140 94
E C -2 0 140 109 671 531
C A 1 2 109 93 125 16
A U 1 -6 93 78 109 16
U S -1 5 78 78 93 15
S E 1 -1 78 125 234 156
E Space -3 -1 125 109 344 219
Space LShiftKey 1 4 109 140 296 187
LShiftKey I 2 -8 140 94 78 -62
I Space -3 4 94 141 140 46
Space H 2 -2 141 94 203 62
H A 0 5 94 156 125 31
A D 0 -2 156 140 94 -62
D Space -2 -1 140 78 608 468
Space D 2 1 78 78 562 484
D R 1 -1 78 93 234 156
R O 0 -5 93 125 124 31
O P 0 -1 125 125 94 -31
P P 0 0 125 78 374 249
P E 0 7 78 156 125 47
E D -1 0 156 140 94 -62
D Space -2 -1 140 93 156 16
Space O 3 -5 93 188 327 234
O U 0 2 188 94 125 -63
U T 0 2 94 109 63 -31
T Space -3 1 109 94 171 62
Space A 2 3 94 94 109 15
A N -1 -5 94 78 110 16
N D 1 3 78 93 109 31
D Space -2 -1 93 125 78 -15
Space D 2 1 125 78 530 405
D U 1 -4 78 47 109 31
U D -1 4 47 78 78 31
D Back 2 -10 78 78 359 281
Back D -2 10 78 109 640 562
D I 1 -5 109 78 62 -47
I T 0 3 78 125 156 78
T N -2 -1 125 31 47 -78
N Back 3 -7 31 47 468 437
Back Back 0 0 47 63 109 62
Back Back 0 0 63 62 125 62
Back Back 0 0 62 78 125 63
Back Back 0 0 78 109 359 281
Back I -1 5 109 93 265 156
I D -1 5 93 78 62 -31
D N -1 -3 78 110 109 31
N T 2 1 110 109 94 -16
T Oem1 -1 -5 109 93 125 16
Oem1 T 1 5 93 47 686 593
T Back 1 -8 47 78 515 468
Back Back 0 0 78 78 125 47
Back Space -4 9 78 93 78 0
Space H 2 -2 93 125 702 609
H A 0 5 125 93 78 -47
A V -1 -3 93 93 78 -15
V E 2 1 93 93 156 63
E Right -3 -10 93 93 8580 8487
Right Back 4 0 93 62 312 219
Back Back 0 0 62 94 2402 2340
Back LShiftKey -3 13 94 499 94 0
LShiftKey B 0 -5 499 47 405 -94
B Space -1 1 47 94 7192 7145
Space T 3 -1 94 78 499 405
T O 0 -4 78 109 63 -15
O Space -3 5 109 109 156 47
Space T 3 -1 109 78 156 47
T A -1 4 78 125 109 31
A K 0 -7 125 63 140 15
K E 1 5 63 47 109 46
E Space -3 -1 47 94 78 31
Space T 3 -1 94 93 110 16
T H -1 -1 93 62 109 16
H E 1 3 62 94 109 47
E Space -3 -1 94 78 125 31
Space N 1 -2 78 125 156 78
N O 2 -3 125 140 78 -47
O R 0 5 140 93 156 16
R A -1 3 93 109 187 94
A M -1 -6 109 125 47 -62
M L 1 -2 125 141 140 15
L Space -2 5 141 94 125 -16
Space C 1 1 94 141 187 93
C L 1 -6 141 110 109 -32
L A 0 8 110 125 63 -47
A S 0 -1 125 94 187 62
S S 0 0 94 78 172 78
S E 1 -1 78 94 171 93
E S -1 1 94 125 156 62
S Oemcomma -1 -6 125 78 546 421
Oemcomma Space -1 4 78 78 156 78
Space LShiftKey 1 4 78 140 141 63
LShiftKey I 2 -8 140 63 93 -47
I Space -3 4 63 109 141 78
Space D 2 1 109 141 93 -16
D E 1 0 141 125 109 -32
E V -2 -1 125 78 188 63
V Back 3 -9 78 78 468 390
Back C -3 10 78 109 109 31
C I 2 -5 109 78 125 16
I E 0 5 78 156 124 46
E D -1 0 156 109 110 -46
D Space -2 -1 109 109 780 671
Space T 3 -1 109 93 187 78
T O 0 -4 93 78 78 -15
O Space -3 5 78 109 140 62
Space T 3 -1 109 94 187 78
T A -1 4 94 78 110 16
A E 1 -2 78 93 234 156
E Space -3 -1 93 94 514 421
Space A 2 3 94 110 78 -16
A Space -2 -3 110 78 110 0
Space C 1 1 78 109 312 234
C A 1 2 109 109 140 31
A L 0 -8 109 63 140 31
L L 0 0 63 78 141 78
L I 1 1 78 62 187 109
I G -1 3 62 78 343 281
G R 1 1 78 93 172 94
R A -1 3 93 62 109 16
A P 1 -9 62 93 172 110
P G -1 5 93 93 624 531
G Y 1 -1 93 109 265 172
Y Space -3 2 109 78 468 359
Space C 1 1 78 141 218 140
C Oem1 1 -7 141 63 156 15
Oem1 A 0 9 63 31 156 93
A Back 2 -12 31 78 468 437
Back L -2 4 78 94 187 109
L A 0 8 94 140 172 78
A Back 2 -12 140 62 484 344
Back Back 0 0 62 78 124 62
Back Back 0 0 78 78 125 47
Back L -2 4 78 78 577 499
L A 0 8 78 125 172 94
A S 0 -1 125 140 47 -78
S S 0 0 140 109 234 94
S Space -2 -2 109 94 187 78
Space Y 3 -2 94 94 156 62
Y P 0 -4 94 62 125 31
P Space -3 6 62 125 187 125
Space T 3 -1 125 94 1716 1591
T O 0 -4 94 47 109 15
O Space -3 5 47 109 141 94
Space L 2 -5 109 109 234 125
L E 1 6 109 94 124 15
E A -1 2 94 109 32 -62
A R 1 -3 109 109 171 62
R N -2 -2 109 47 499 390
N Back 3 -7 47 31 999 952
Back Back 0 0 31 47 156 125
Back Back 0 0 47 78 125 78
Back Back 0 0 78 78 156 78
Back Back 0 0 78 46 156 78
Back Back 0 0 46 94 93 47
Back Back 0 0 94 78 141 47
Back Back 0 0 78 62 296 218
Back D -2 10 62 94 4165 4103
D K 0 -5 94 94 2855 2761
K Back 2 -5 94 94 1981 1887
Back H -2 7 94 110 343 249
H Back 2 -7 110 63 1638 1528
Back Back 0 0 63 78 125 62
Back Back 0 0 78 78 375 297
Back T -1 8 78 93 390 312
T O 0 -4 93 63 46 -47
O Space -3 5 63 94 203 140
Space L 2 -5 94 109 2496 2402
L E 1 6 109 172 31 -78
E A -1 2 172 109 125 -47
A N -1 -5 109 109 63 -46
N R 2 2 109 125 109 0
R Space -3 0 125 93 125 0
Space Back 4 -9 93 46 780 687
Back Back 0 0 46 78 109 63
Back Back 0 0 78 63 140 62
Back R -1 9 63 94 811 748
R N -2 -2 94 78 110 16
N Space -1 2 78 78 1528 1450
Space H 2 -2 78 156 562 484
H O 1 -3 156 156 78 -78
O W 0 7 156 78 78 -78
W Space -3 -2 78 94 156 78
Space T 3 -1 94 93 94 0
T O 0 -4 93 62 140 47
O Space -3 5 62 125 125 63
Space D 2 1 125 94 171 46
D O 1 -6 94 94 125 31
O Space -3 5 94 110 109 15
Space T 3 -1 110 94 250 140
T H -1 -1 94 141 62 -32
H I 1 -2 141 125 78 -63
I S -1 6 125 93 141 16
S Oemcomma -1 -6 93 62 749 656
Oemcomma Back 3 -5 62 78 421 359
Back OemPeriod -3 4 78 94 218 140
OemPeriod Space -1 5 94 78 375 281
Space LShiftKey 1 4 78 141 249 171
LShiftKey T 2 -5 141 62 94 -47
T Back 1 -8 62 63 405 343
Back LShiftKey -3 13 63 156 156 93
LShiftKey I 2 -8 156 78 94 -62
I Space -3 4 78 93 203 125
Space L 2 -5 93 125 187 94
L E 1 6 125 156 109 -16
E A -1 2 156 140 94 -62
A N -1 -5 140 124 125 -15
N E 2 3 124 62 187 63
E Back 1 -10 62 94 577 515
Back R -1 9 94 156 78 -16
R E 0 1 156 203 140 -16
E D -1 0 203 125 125 -78
D Space -2 -1 125 109 156 31
Space Back 4 -9 109 78 796 687
Back Back 0 0 78 47 156 78
Back Back 0 0 47 62 125 78
Back Back 0 0 62 63 124 62
Back Back 0 0 63 62 141 78
Back R -1 9 62 78 608 546
R N -2 -2 78 78 94 16
N E 2 3 78 140 109 31
E D -1 0 140 172 62 -78
D Space -2 -1 172 78 1982 1810
Space A 2 3 78 109 452 374
A B -1 -4 109 125 125 16
B O 2 -4 125 266 171 46
O U 0 2 266 125 141 -125
U T 0 2 125 94 109 -16
T Space -3 1 94 78 546 452
Space S 2 2 78 63 686 608
S E 1 -1 63 93 219 156
E R 0 -1 93 94 171 78
R I 0 -4 94 109 141 47
I F -1 4 109 93 593 484
F Space -2 0 93 109 78 -15
Space A 2 3 109 109 140 31
A N -1 -5 109 124 94 -15
N D 1 3 124 93 109 -15
D Space -2 -1 93 93 125 32
Space S 2 2 93 187 187 94
S A 0 1 187 109 125 -62
A N -1 -5 109 93 156 47
N S 1 4 93 125 280 187
S Space -2 -2 125 94 250 125
Space S 2 2 94 94 374 280
S E 1 -1 94 93 219 125
E R 0 -1 93 78 171 78
R I 0 -4 78 94 624 546
I F -1 4 94 63 156 62
F Space -2 0 63 125 219 156
Space T 3 -1 125 109 374 249
T Y 0 -1 109 78 359 250
Y P 0 -4 78 94 265 187
P E 0 7 94 110 109 15
E F -1 -1 110 94 281 171
F A 0 3 94 94 78 -16
A C -1 -2 94 94 125 31
C E 2 0 94 109 125 31
E S -1 1 109 78 3401 3292
S Oemcomma -1 -6 78 78 749 671
Oemcomma Space -1 4 78 78 249 171
Space A 2 3 78 109 203 125
A B -1 -4 109 125 78 -31
B O 2 -4 125 219 140 15
O U 0 2 219 125 156 -63
U T 0 2 125 109 94 -31
T Space -3 1 109 109 281 172
Space V 1 0 109 93 671 562
V A 1 3 93 78 78 -15
A R 1 -3 78 78 218 140
R Y 0 -2 78 93 94 16
Y I 0 -2 93 125 202 109
I N -2 2 125 172 94 -31
N G 1 1 172 93 172 0
G Space -2 1 93 93 936 843
Space T 3 -1 93 94 530 437
T H -1 -1 94 62 94 0
H E 1 3 62 94 140 78
E Space -3 -1 94 94 78 -16
Space A 2 3 94 109 125 31
A M -1 -6 109 109 109 0
M O 2 -2 109 109 172 63
O U 0 2 109 156 202 93
U N -2 1 156 141 125 -31
N T 2 1 141 94 109 -32
T Space -3 1 94 125 94 0
Space O 3 -5 125 124 328 203
O F -1 5 124 78 62 -62
F Space -2 0 78 125 156 78
Space S 2 2 125 109 203 78
S P 1 -8 109 78 93 -16
P A -1 9 78 125 94 16
A C -1 -2 125 140 234 109
C E 2 0 140 140 281 141
E Space -3 -1 140 109 671 531
Space B 1 -1 109 78 405 296
B E 2 2 78 78 141 63
E T 0 -2 78 62 109 31
T W 0 3 62 125 109 47
W E 0 -1 125 109 187 62
E E 0 0 109 63 187 78
E N -2 -3 63 124 188 125
N Space -1 2 124 93 265 141
Space D 2 1 93 94 421 328
D E 1 0 94 94 140 46
E Back 1 -10 94 78 484 390
Back I -1 5 78 93 203 125
I F -1 4 93 62 187 94
F F 0 0 62 78 125 63
F E 1 1 78 156 156 78
E R 0 -1 156 93 78 -78
R E 0 1 93 110 171 78
E N -2 -3 110 125 94 -16
N T 2 1 125 125 156 31
T Space -3 1 125 78 156 31
Space L 2 -5 78 94 234 156
L E 1 6 94 78 406 312
E T 0 -2 78 94 140 62
T T 0 0 94 93 125 31
T E 0 2 93 156 109 16
E R 0 -1 156 125 62 -94
R Space -3 0 125 93 188 63
Space C 1 1 93 109 234 141
C O 2 -6 109 187 140 31
O M -2 2 187 156 140 -47
M B 0 2 156 140 734 578
B I 2 -3 140 125 93 -47
I N -2 2 125 141 156 31
N A 1 5 141 63 109 -32
A T 1 -4 63 109 219 156
T I 0 -3 109 109 78 -31
I O 0 -1 109 218 78 -31
O N -2 3 218 171 156 -62
N S 1 4 171 124 593 422
S Oemcomma -1 -6 124 94 358 234
Oemcomma Space -1 4 94 78 328 234
Space A 2 3 78 94 109 31
A B -1 -4 94 125 187 93
B O 2 -4 125 234 110 -15
O U 0 2 234 93 156 -78
U T 0 2 93 109 140 47
T Space -3 1 109 110 218 109
Space W 3 2 110 187 422 312
W H -1 -4 187 93 109 -78
H A 0 5 93 109 78 -15
A T 1 -4 109 109 125 16
T Space -3 1 109 219 249 140
Space M 1 -3 219 94 265 46
M A 1 6 94 109 172 78
A K 0 -7 109 109 125 16
K E 1 5 109 171 125 16
E S -1 1 171 140 109 -62
S Space -2 -2 140 109 125 -15
Space G 2 -1 109 62 218 109
G R 1 1 62 94 156 94
R E 0 1 94 93 125 31
E A -1 2 93 109 109 16
A T 1 -4 109 109 125 16
T Space -3 1 109 156 671 562
Space T 3 -1 156 78 436 280
T Y 0 -1 78 94 156 78
Y P 0 -4 94 156 344 250
P O 0 1 156 109 109 -47
O G -1 4 109 109 515 406
G R 1 1 109 109 140 31
R A -1 3 109 171 172 63
A P 1 -9 171 171 156 -15
P H -1 4 171 124 234 63
H Y 1 0 124 94 202 78
Y Space -3 2 94 93 921 827
Space F 2 0 93 78 405 312
F Back 2 -9 78 78 375 297
Back G -2 8 78 140 125 47
G R 1 1 140 202 78 -62
R E 0 1 202 171 156 -46
E A -1 2 171 94 280 109
A T 1 -4 94 94 125 31
T OemPeriod -2 -4 94 78 609 515
OemPeriod Space -1 5 78 78 296 218
Space LShiftKey 1 4 78 140 234 156
LShiftKey I 2 -8 140 78 62 -78
I T 0 3 78 78 234 156
T Space -3 1 78 109 219 141
Space W 3 2 109 156 296 187
W A -1 1 156 250 109 -47
A S 0 -1 250 140 172 -78
S Space -2 -2 140 125 62 -78
Space B 1 -1 125 141 546 421
B E 2 2 141 156 78 -63
E A -1 2 156 125 78 -78
A U 1 -6 125 140 110 -15
U T 0 2 140 94 202 62
T I 0 -3 94 110 78 -16
I F -1 4 110 109 406 296
F U 1 -3 109 124 94 -15
U L -1 -2 124 78 858 734
L Oemcomma -1 1 78 94 1154 1076
Oemcomma Space -1 4 94 125 359 265
Space H 2 -2 125 109 546 421
H I 1 -2 109 141 62 -47
I S -1 6 141 63 109 -32
S T 1 -3 63 93 219 156
T O 0 -4 93 78 125 32
O R 0 5 78 93 109 31
R I 0 -4 93 62 109 16
I A -1 7 62 141 140 78
A Back 2 -12 141 78 406 265
Back C -3 10 78 140 94 16
C A 1 2 140 109 78 -62
A K 0 -7 109 31 140 31
K Back 2 -5 31 62 671 640
Back Oem1 -2 3 62 31 889 827
Oem1 Back 2 -3 31 62 437 406
Back L -2 4 62 62 203 141
L Space -2 5 62 93 234 172
Space A 2 3 93 78 1138 1045
A R 1 -3 78 110 234 156
R T 0 -1 110 93 219 109
T I 0 -3 93 94 171 78
I S -1 6 94 78 1108 1014
S T 1 -3 78 78 281 203
T I 0 -3 78 94 109 31
I C -2 5 94 156 140 46
C A 1 2 156 78 110 -46
A L 0 -8 78 62 109 31
L L 0 0 62 62 125 63
L Y 1 3 62 109 140 78
Y Space -3 2 109 110 140 31
Space S 2 2 110 62 640 530
S T 1 -3 62 140 328 266
T U 0 -2 140 187 78 -62
U Back 1 -6 187 78 1216 1029
Back Back 0 0 78 78 188 110
Back U -1 6 78 125 967 889
U B -2 2 125 156 78 -47
B T 2 0 156 94 265 109
T L -1 -4 94 125 78 -16
L E 1 6 125 94 218 93
E Space -3 -1 94 125 234 140
Space I 3 -4 125 140 297 172
I N -2 2 140 94 93 -47
N Space -1 2 94 110 156 62
Space A 2 3 110 109 500 390
A Space -2 -3 109 125 124 15
Space W 3 2 125 156 141 16
W A -1 1 156 156 93 -63
A Y 1 -5 156 125 484 328
Y Space -3 2 125 78 109 -16
Space T 3 -1 78 78 172 94
T H -1 -1 78 93 156 78
H A 0 5 93 94 109 16
A T 1 -4 94 78 109 15
T Space -3 1 78 93 172 94
Space S 2 2 93 140 203 110
S C -1 -1 140 141 93 -47
C I 2 -5 141 62 250 109
I E 0 5 62 125 78 16
E N -2 -3 125 94 140 15
N C 0 3 94 172 109 15
C E 2 0 172 124 110 -62
E Space -3 -1 124 110 670 546
Space C 1 1 110 140 344 234
C A 1 2 140 93 78 -62
A N -1 -5 93 78 171 78
N Oem7 1 -5 78 78 468 390
Oem7 T 1 6 78 94 109 31
T Space -3 1 94 62 172 78
Space C 1 1 62 109 281 219
C A 1 2 109 93 47 -62
A P 1 -9 93 125 218 125
P T 0 5 125 109 281 156
T U 0 -2 109 47 140 31
U R 0 3 47 125 109 62
R E 0 1 125 109 63 -62
E M -2 -4 109 31 608 499
M Back 3 -6 31 62 437 406
Back Oemcomma -3 5 62 124 484 422
Oemcomma Space -1 4 124 62 109 -15
Space A 2 3 62 47 187 125
A N -1 -5 47 78 94 47
N D 1 3 78 124 156 78
D Space -2 -1 124 94 124 0
Space LShiftKey 1 4 94 141 1373 1279
LShiftKey I 2 -8 141 47 78 -63
I Space -3 4 47 94 187 140
Space F 2 0 94 78 172 78
F O 1 -5 78 93 94 16
O U 0 2 93 110 202 109
U N -2 1 110 140 141 31
N D 1 3 140 109 156 16
D Space -2 -1 109 125 93 -16
Space I 3 -4 125 78 328 203
I T 0 3 78 78 109 31
T Space -3 1 78 125 109 31
Space F 2 0 125 78 562 437
F A 0 3 78 125 62 -16
A S 0 -1 125 62 968 843
S C -1 -1 62 110 124 62
C I 2 -5 110 110 156 46
I N -2 2 110 141 125 15
N A 1 5 141 62 125 -16
A T 1 -4 62 78 234 172
T I 0 -3 78 124 94 16
I N -2 2 124 172 280 156
N G 1 1 172 63 234 62
G OemPeriod -1 -4 63 46 1280 1217
OemPeriod I 2 1 46 93 4602 4556
I Right -3 -5 93 94 670 577
Right Back 4 0 94 94 593 499
Back Back 0 0 94 94 1794 1700
Back D -2 10 94 63 546 452
D Back 2 -10 63 78 2340 2277
Back Right -4 0 78 78 889 811
Right D 2 10 78 109 63 -15
