LShiftKey S 1 -2 190 110 60 -130
S T 1 -3 110 120 590 480
T E 0 2 120 120 320 200
E V -2 -1 120 90 500 380
V E 2 1 90 90 1320 1230
E Space -3 -1 90 90 1480 1390
Space LShiftKey 1 4 90 160 470 380
LShiftKey J 1 -7 160 120 60 -100
J O 1 -2 120 120 230 110
O B -2 4 120 110 290 170
B S 1 3 110 130 250 140
S OemQuestion -1 -8 130 80 3320 3190
OemQuestion Back 3 -3 80 80 1150 1070
Back Oem7 -2 2 80 70 570 490
Oem7 Space -2 7 70 130 4782 4712
Space C 1 1 130 110 400 270
C O 2 -6 110 120 960 850
O M -2 2 120 70 1120 1000
M M 0 0 70 120 140 70
M E 2 4 120 150 270 150
E N -2 -3 150 140 210 60
N C 0 3 140 110 370 230
C E 2 0 110 130 250 140
E M -2 -4 130 210 15224 15094
M E 2 4 210 140 250 40
E N -2 -3 140 102 90 -50
N T 2 1 102 90 242 140
T Space -3 1 90 150 2320 2230
Space S 2 2 150 130 510 360
S P 1 -8 130 100 420 290
P E 0 7 100 90 390 290
E E 0 0 90 110 140 50
E C -2 0 110 130 380 270
C H 1 -3 130 100 210 80
H Space -2 2 100 140 1530 1430
Space A 2 3 140 150 260 120
A T 1 -4 150 110 250 100
T Space -3 1 110 130 920 810
Space LShiftKey 1 4 130 180 710 580
LShiftKey S 1 -2 180 120 50 -130
S T 1 -3 120 120 300 180
T A -1 4 120 150 180 60
A N -1 -5 150 140 300 150
N F 1 2 140 130 360 220
F O 1 -5 130 162 300 170
O R 0 5 162 90 182 20
R D -1 1 90 120 250 160
D Space -2 -1 120 130 920 800
Space LShiftKey 1 4 130 190 1040 910
LShiftKey U 2 -7 190 120 30 -160
U N -2 1 120 100 270 150
N I 2 -2 100 150 140 40
I V -2 4 150 140 320 170
V E 2 1 140 90 230 90
E R 0 -1 90 100 170 80
R S -1 2 100 100 320 220
S I 1 -6 100 110 210 110
I T 0 3 110 170 270 160
T Y 0 -1 170 110 130 -40
Y Space -3 2 110 130 6660 6550
Space Space 0 0 130 90 240 110
Space Space 0 0 90 90 160 70
Space Space 0 0 90 100 130 40
Space Space 0 0 100 80 160 60
Space Space 0 0 80 100 140 60
Space Space 0 0 100 800 180 80
Space Space 0 0 800 120 930 130
Space Space 0 0 120 80 430 310
Space Space 0 0 80 120 180 100
Space Space 0 0 120 80 220 100
Space Space 0 0 80 120 170 90
Space Space 0 0 120 110 190 70
Space Space 0 0 110 110 160 50
Space Space 0 0 110 100 160 50
Space Space 0 0 100 120 160 60
Space Space 0 0 120 130 200 80
Space Space 0 0 130 140 360 230
Space Return 2 -8 140 80 2420 2280
Return LShiftKey -1 12 80 190 2010 1930
LShiftKey I 2 -8 190 140 50 -140
I Space -3 4 140 130 310 170
Space A 2 3 130 140 230 100
A M -1 -6 140 100 270 130
M Space -1 3 100 150 220 120
Space H 2 -2 150 130 3930 3780
H O 1 -3 130 160 230 100
O N -2 3 160 160 1410 1250
N O 2 -3 160 140 710 550
O R 0 5 140 90 250 110
R E 0 1 90 70 180 90
E D -1 0 70 112 180 110
D Space -2 -1 112 150 2322 2210
Space T 3 -1 150 80 450 300
T O 0 -4 80 90 330 250
O Space -3 5 90 150 220 130
Space B 1 -1 150 160 270 120
B E 2 2 160 130 240 80
E Space -3 -1 130 140 260 130
Space W 3 2 140 140 340 200
W I 0 -6 140 150 160 20
I T 0 3 150 90 230 80
T H -1 -1 90 100 190 100
H Space -2 2 100 150 160 60
Space Y 3 -2 150 110 270 120
Y O 0 -3 110 170 160 50
O U 0 2 170 120 110 -60
U Space -3 3 120 140 2280 2160
Space T 3 -1 140 110 460 320
T O 0 -4 110 130 480 370
O D -1 6 130 120 300 170
D A 0 2 120 120 200 80
A Y 1 -5 120 90 190 70
Y Space -3 2 90 130 860 770
Space A 2 3 130 110 220 90
A T 1 -4 110 120 220 110
T Space -3 1 120 160 220 100
Space Y 3 -2 160 100 1170 1010
Y O 0 -3 100 130 150 50
O U 0 2 130 140 110 -20
U R 0 3 140 100 250 110
R Space -3 0 100 150 180 80
Space C 1 1 150 110 910 760
C O 2 -6 110 120 220 110
O M -2 2 120 90 250 130
M M 0 0 90 90 130 40
M N 0 1 90 210 350 260
N E 2 3 210 110 210 0
E Back 1 -10 110 100 1360 1250
Back Back 0 0 100 120 200 100
Back E -1 10 120 140 1140 1020
E N -2 -3 140 140 250 110
N C 0 3 140 100 230 90
C E 2 0 100 130 240 140
E M -2 -4 130 180 300 170
M E 2 4 180 140 120 -60
E N -2 -3 140 110 160 20
N T 2 1 110 90 230 120
T Space -3 1 90 130 2120 2030
Space F 2 0 130 170 490 360
F R 1 0 170 120 440 270
R O 0 -5 120 120 210 90
O M -2 2 120 120 190 70
M Space -1 3 120 140 1870 1750
Space N 1 -2 140 130 770 630
N O 2 -3 130 150 230 100
O E 0 6 150 110 330 180
E Space -3 -1 110 150 180 70
Space O 3 -5 150 150 400 250
O F -1 5 150 120 220 70
F Space -2 0 120 140 140 20
Space T 3 -1 140 80 320 180
T H -1 -1 80 160 170 90
H E 1 3 160 120 130 -30
E Space -3 -1 120 150 220 100
Space F 2 0 150 100 2460 2310
F I 1 -4 100 120 160 60
I N -2 2 120 180 180 60
N E 2 3 180 90 450 270
E S -1 1 90 110 230 140
S T 1 -3 110 90 220 110
T Space -3 1 90 142 1270 1180
Space U 3 -3 142 120 762 620
U N -2 1 120 130 270 150
N I 2 -2 130 142 130 0
I V -2 4 142 130 382 240
V E 2 1 130 90 290 160
E R 0 -1 90 80 200 110
R S -1 2 80 100 310 230
S I 1 -6 100 120 170 70
I T 0 3 120 100 320 200
T I 0 -3 100 140 150 50
I E 0 5 140 100 190 50
E S -1 1 100 90 220 120
S Space -2 -2 90 150 1400 1310
Space I 3 -4 150 120 280 130
I N -2 2 120 150 170 50
N Space -1 2 150 160 210 60
Space T 3 -1 160 80 980 820
T H -1 -1 80 160 160 80
H E 1 3 160 122 140 -20
E Space -3 -1 122 150 142 20
Space O 3 -5 150 120 5110 4960
O N -2 3 120 180 190 70
N E 2 3 180 110 200 20
O R 0 5 210 120 330 120
R L -1 -5 120 160 250 130
L D 0 6 160 130 150 -10
D OemPeriod -1 -6 130 80 1760 1630
OemPeriod Space -1 5 80 80 1280 1200
Space LShiftKey 1 4 80 190 1400 1320
LShiftKey I 2 -8 190 130 40 -150
I Space -3 4 130 150 340 210
Space N 1 -2 150 170 1190 1040
N E 2 3 170 170 470 300
E V -2 -1 170 170 440 270
V E 2 1 170 110 120 -50
E R 0 -1 110 110 190 80
R Space -3 0 110 160 3010 2900
Space G 2 -1 160 140 880 720
G R 1 1 140 140 370 230
R A -1 3 140 160 280 140
A D 0 -2 160 140 380 220
D U 1 -4 140 170 190 50
U A -1 6 170 180 230 60
A T 1 -4 180 160 570 390
T E 0 2 160 90 190 30
E D -1 0 90 110 200 110
D Space -2 -1 110 160 1720 1610
Space F 2 0 160 130 560 400
F R 1 0 130 110 340 210
R O 0 -5 110 130 170 60
O M -2 2 130 110 260 130
M Space -1 3 110 130 220 110
Space C 1 1 130 100 850 720
C O 2 -6 100 90 270 170
O L -1 0 90 80 370 280
L L 0 0 80 90 150 70
L E 1 6 90 110 790 700
E G -1 -2 110 140 130 20
G E 1 2 140 120 120 -20
E OemPeriod -2 -6 120 100 3090 2970
OemPeriod Space -1 5 100 130 520 420
Space LShiftKey 1 4 130 150 540 410
LShiftKey T 2 -5 150 120 50 -100
T R 0 1 120 120 460 340
R U 0 -3 120 110 820 700
U T 0 2 110 100 260 150
T H -1 -1 100 110 190 90
H Space -2 2 110 140 1940 1830
Space B 1 -1 140 190 440 300
B E 2 2 190 110 220 30
E Space -3 -1 110 140 140 30
Space T 3 -1 140 110 290 150
T O 0 -4 110 100 470 360
O L -1 0 100 120 180 80
L D 0 6 120 110 440 320
D Oemcomma -1 -5 110 100 2120 2010
Oemcomma Space -1 4 100 120 240 140
Space T 3 -1 120 100 580 460
T H -1 -1 100 160 200 100
H I 1 -2 160 160 140 -20
I S -1 6 160 130 170 10
S Space -2 -2 130 150 190 60
Space I 3 -4 150 162 920 770
I S -1 6 162 130 222 60
S Space -2 -2 130 170 170 40
Space T 3 -1 170 90 390 220
T H -1 -1 90 170 190 100
H E 1 3 170 140 120 -50
E Space -3 -1 140 170 250 110
Space C 1 1 170 120 460 290
C L 1 -6 120 160 350 230
L O 1 0 160 180 360 200
O S -1 7 180 120 260 80
S E 1 -1 120 120 220 100
E T 0 -2 120 110 270 150
T Back 1 -8 110 120 5370 5260
Back S -2 11 120 120 880 760
S T 1 -3 120 110 350 230
T Space -3 1 110 130 2280 2170
Space LShiftKey 1 4 130 160 510 380
LShiftKey I 2 -8 160 150 30 -130
I Space -3 4 150 160 190 40
Space Oem7 2 -7 160 110 790 630
Oem7 V -1 7 110 140 650 540
V E 2 1 140 110 210 70
E Space -3 -1 110 150 320 210
Space E 3 1 150 110 1550 1400
E V -2 -1 110 160 400 290
V E 2 1 160 120 180 20
E R 0 -1 120 110 220 100
R Space -3 0 110 140 2320 2210
Space G 2 -1 140 120 460 320
G O 1 -4 120 110 340 220
O T 0 4 110 80 440 330
T T 0 0 80 110 130 50
T E 0 2 110 110 430 320
E N -2 -3 110 110 210 100
N Space -1 2 110 130 2230 2120
Space T 3 -1 130 90 360 230
T O 0 -4 90 110 360 270
O Space -3 5 110 160 200 90
Space A 2 3 160 130 520 360
A Space -2 -3 130 140 320 190
Space C 1 1 140 100 800 660
C L 1 -6 100 130 290 190
L L 0 0 130 90 360 230
L E 1 6 90 130 420 330
E G -1 -2 130 140 200 70
G E 1 2 140 120 130 -10
E Left -3 -8 120 110 2040 1920
Left Left 0 0 110 110 160 50
Left Left 0 0 110 90 160 50
Left Left 0 0 90 100 160 70
Left Left 0 0 100 100 400 300
Left O 3 2 100 100 900 800
O Right -3 -4 100 100 830 730
Right Right 0 0 100 110 150 50
Right Right 0 0 110 100 160 50
Right Right 0 0 100 100 140 40
Right Right 0 0 100 80 170 70
Right Back 4 0 80 80 9600 9520
Back Space -4 9 80 150 8220 8140
Space G 2 -1 150 200 990 840
G R 1 1 200 140 660 460
R A -1 3 140 210 200 60
A D 0 -2 210 130 460 250
D U 1 -4 130 120 160 30
U A -1 6 120 140 210 90
A T 1 -4 140 110 270 130
T I 0 -3 110 100 260 150
I O 0 -1 100 120 170 70
O N -2 3 120 120 160 40
N OemPeriod 0 -3 120 90 2070 1950
OemPeriod Space -1 5 90 120 210 120
Space LShiftKey 1 4 120 150 980 860
LShiftKey T 2 -5 150 120 30 -120
T O 0 -4 120 160 320 200
O D -1 6 160 120 480 320
D A 0 2 120 130 240 120
A Y 1 -5 130 90 230 100
Y Space -3 2 90 120 1530 1440
Space LShiftKey 1 4 120 160 410 290
LShiftKey I 2 -8 160 140 50 -110
I Space -3 4 140 182 150 10
Space W 3 2 182 110 222 40
W A -1 1 110 110 230 120
A N -1 -5 110 100 130 20
N T 2 1 100 100 220 120
T Space -3 1 100 130 210 110
Space T 3 -1 130 90 220 90
T O 0 -4 90 100 270 180
O Space -3 5 100 140 920 820
Space T 3 -1 140 110 390 250
T E 0 2 110 120 290 180
E L -1 -6 120 70 280 160
L L 0 0 70 90 110 40
L Space -2 5 90 140 270 180
Space Y 3 -2 140 100 860 720
Y O 0 -3 100 120 160 60
O U 0 2 120 140 60 -60
U Space -3 3 140 150 230 90
Space T 3 -1 150 100 1350 1200
T H -1 -1 100 140 240 140
H R 1 2 140 100 240 100
R E 0 1 100 70 260 160
E E 0 0 70 100 140 70
E Space -3 -1 100 140 360 260
Space S 2 2 140 120 890 750
S T 1 -3 120 110 560 440
T O 0 -4 110 160 1180 1070
O R 0 5 160 140 300 140
R I 0 -4 140 160 430 290
I E 0 5 160 100 180 20
E S -1 1 100 100 240 140
S Space -2 -2 100 140 3280 3180
Space F 2 0 140 100 460 320
F R 1 0 100 120 250 150
R O 0 -5 120 120 140 20
O M -2 2 120 140 170 50
M Space -1 3 140 140 800 660
Space M 1 -3 140 120 340 200
M Y 2 1 120 100 270 150
Y Space -3 2 100 140 190 90
Space L 2 -5 140 110 260 120
L I 1 1 110 150 220 110
I F -1 4 150 110 630 480
F E 1 1 110 130 170 60
E OemPeriod -2 -6 130 90 2920 2790
OemPeriod Space -1 5 90 130 720 630
Space LShiftKey 1 4 130 220 1280 1150
LShiftKey T 2 -5 220 120 80 -140
T H -1 -1 120 200 240 120
H A 0 5 200 150 220 20
A T 1 -4 150 120 1540 1390
T Oem7 -1 -6 120 80 1130 1010
Oem7 S 0 9 80 120 260 180
S Space -2 -2 120 130 1280 1160
Space I 3 -4 130 130 770 640
I T 0 3 130 120 230 100
T OemPeriod -2 -4 120 80 1700 1580
OemPeriod Space -1 5 80 120 320 240
Space LShiftKey 1 4 120 160 2480 2360
LShiftKey N 0 -6 160 80 110 -50
N O 2 -3 80 130 150 70
O Space -3 5 130 160 170 40
Space B 1 -1 160 150 520 360
B I 2 -3 150 100 600 450
I G -1 3 100 100 200 100
G Space -2 1 100 140 280 180
Space D 2 1 140 150 680 540
D E 1 0 150 110 290 140
E A -1 2 110 130 230 120
A L 0 -8 130 120 210 80
L OemPeriod -1 0 120 80 2790 2670
OemPeriod Space -1 5 80 120 220 140
Space LShiftKey 1 4 120 160 540 420
LShiftKey J 1 -7 160 150 30 -130
J U 1 0 150 200 160 10
U S -1 5 200 130 170 -30
S T 1 -3 130 130 190 60
T Space -3 1 130 140 1630 1500
Space T 3 -1 140 100 680 540
T H -1 -1 100 130 210 110
H R 1 2 130 120 220 90
R E 0 1 120 80 260 140
E E 0 0 80 100 150 70
E Space -3 -1 100 140 3870 3770
Space S 2 2 140 120 790 650
S T 1 -3 120 130 480 360
T O 0 -4 130 140 500 370
O R 0 5 140 160 240 100
R I 0 -4 160 160 400 240
I E 0 5 160 100 140 -20
E S -1 1 100 90 240 140
S OemPeriod -1 -7 90 82 1460 1370
OemPeriod Return 1 -3 82 90 2272 2190
Return LShiftKey -1 12 90 200 1500 1410
LShiftKey T 2 -5 200 120 60 -140
T H -1 -1 120 150 220 100
H E 1 3 150 112 160 10
E Space -3 -1 112 150 192 80
Space F 2 0 150 130 350 200
F I 1 -4 130 160 290 160
I R 0 4 160 110 260 100
R S -1 2 110 120 260 150
S T 1 -3 120 100 620 500
T Space -3 1 100 120 2060 1960
Space S 2 2 120 132 280 160
S T 1 -3 132 100 482 350
T O 0 -4 100 160 580 480
O R 0 5 160 140 250 90
R Y 0 -2 140 110 240 100
Y Space -3 2 110 140 1580 1470
Space I 3 -4 140 180 370 230
I S -1 6 180 150 170 -10
S Space -2 -2 150 160 170 20
Space A 2 3 160 100 1170 1010
A B -1 -4 100 140 220 120
B O 2 -4 140 160 240 100
O U 0 2 160 130 120 -40
U T 0 2 130 120 270 140
T Space -3 1 120 140 1830 1710
Space C 1 1 140 120 480 340
C O 2 -6 120 140 200 80
O N -2 3 140 60 390 250
N N 0 0 60 90 150 90
N E 2 3 90 110 290 200
E C -2 0 110 110 1840 1730
C T 2 -2 110 120 190 80
T I 0 -3 120 130 550 430
I N -2 2 130 120 1150 1020
N G 1 1 120 100 260 140
G Space -2 1 100 130 3030 2930
Space T 3 -1 130 80 290 160
T H -1 -1 80 200 160 80
H E 1 3 200 120 160 -40
E Space -3 -1 120 140 200 80
Space D 2 1 140 100 770 630
D O 1 -6 100 160 280 180
O T 0 4 160 140 320 160
T S -1 3 140 120 230 90
S OemPeriod -1 -7 120 80 1640 1520
OemPeriod Return 1 -3 80 90 750 670
Return LShiftKey -1 12 90 170 1930 1840
LShiftKey I 2 -8 170 150 40 -130
I Space -3 4 150 150 190 40
Space D 2 1 150 120 630 480
D R 1 -1 120 120 380 260
R O 0 -5 120 90 1000 880
O P 0 -1 90 80 410 320
P P 0 0 80 110 130 50
P E 0 7 110 80 180 70
E D -1 0 80 80 200 120
D Space -2 -1 80 130 1270 1190
Space O 3 -5 130 160 410 280
O U 0 2 160 120 200 40
U T 0 2 120 100 220 100
T Space -3 1 100 120 220 120
Space O 3 -5 120 150 600 480
O F -1 5 150 110 210 60
F Space -2 0 110 120 1150 1040
Space LShiftKey 1 4 120 170 1430 1310
LShiftKey R 2 -4 170 130 50 -120
R E 0 1 130 160 200 70
E A -1 2 160 150 330 170
A D 0 -2 150 120 270 120
D Space -2 -1 120 130 2340 2220
Space LShiftKey 1 4 130 130 770 640
LShiftKey C 0 -3 130 130 0 -130
C O 2 -6 130 102 340 210
O L -1 0 102 100 312 210
L L 0 0 100 110 140 40
L E 1 6 110 120 310 200
E G -1 -2 120 140 220 100
G E 1 2 140 120 120 -20
E Space -3 -1 120 130 1830 1710
Space A 2 3 130 140 420 290
A F 0 -3 140 160 240 100
F T 1 -1 160 120 550 390
T E 0 2 120 100 230 110
E R 0 -1 100 110 180 80
R Space -3 0 110 120 3350 3240
Space T 3 -1 120 70 420 300
T H -1 -1 70 140 160 90
H E 1 3 140 110 130 -10
E Space -3 -1 110 160 130 20
Space F 2 0 160 120 480 320
F I 1 -4 120 140 460 340
I R 0 4 140 100 240 100
R S -1 2 100 120 590 490
S T 1 -3 120 100 220 100
T Space -3 1 100 130 1680 1580
Space D6 4 -2 130 90 670 540
D6 Space -4 2 90 130 420 330
Space M 1 -3 130 150 370 240
M O 2 -2 150 170 220 70
O N -2 3 170 120 430 260
N T 2 1 120 92 350 230
T H -1 -1 92 150 172 80
H S 0 4 150 130 190 40
S Oemcomma -1 -6 130 100 1420 1290
Oemcomma Space -1 4 100 100 300 200
Space B 1 -1 100 120 1140 1040
B U 2 -2 120 200 160 40
U T 0 2 200 120 170 -30
T Space -3 1 120 150 930 810
Space T 3 -1 150 80 540 390
T H -1 -1 80 160 160 80
H E 1 3 160 130 210 50
E N -2 -3 130 130 190 60
N Space -1 2 130 130 2640 2510
Space S 2 2 130 110 600 470
S T 1 -3 110 190 550 440
T A -1 4 190 140 310 120
A Y 1 -5 140 150 110 -30
Y E 0 3 150 90 190 40
E D -1 0 90 120 180 90
D Space -2 -1 120 140 1860 1740
Space A 2 3 140 100 420 280
A R 1 -3 100 120 300 200
R O 0 -5 120 180 290 170
O U 0 2 180 180 150 -30
U N -2 1 180 150 310 130
N D 1 3 150 100 210 60
D Space -2 -1 100 140 1260 1160
Space A 2 3 140 120 340 200
A S 0 -1 120 140 160 40
S Space -2 -2 140 130 230 90
Space A 2 3 130 130 1060 930
A Space -2 -3 130 130 190 60
Space D 2 1 130 120 3730 3600
D R 1 -1 120 130 320 200
R O 0 -5 130 90 290 160
O P 0 -1 90 170 170 80
P OemMinus 1 -1 170 80 1410 1240
OemMinus I -1 3 80 120 1120 1040
I N -2 2 120 130 200 80
N Space -1 2 130 150 2210 2080
Space F 2 0 150 130 380 230
F O 1 -5 130 190 210 80
O R 0 5 190 100 150 -40
R Space -3 0 100 130 280 180
Space A 2 3 130 90 1040 910
A N -1 -5 90 130 290 200
N O 2 -3 130 162 230 100
O T 0 4 162 80 322 160
T H -1 -1 80 160 170 90
H E 1 3 160 90 150 -10
E R 0 -1 90 100 190 100
R Space -3 0 100 140 1020 920
Space D1 4 3 140 100 440 300
D1 D8 0 -7 100 90 430 330
D8 Space -4 4 90 130 520 430
Space M 1 -3 130 140 430 300
M O 2 -2 140 150 310 170
O N -2 3 150 130 230 80
N T 2 1 130 90 350 220
T H -1 -1 90 150 160 70
H S 0 4 150 100 180 30
S Space -2 -2 100 140 2110 2010
Space O 3 -5 140 170 920 780
O R 0 5 170 110 280 110
R Space -3 0 110 160 230 120
Space S 2 2 160 110 900 740
S O 1 -7 110 140 200 90
O Space -3 5 140 170 190 50
Space B 1 -1 170 150 1510 1340
B E 2 2 150 130 270 120
E F -1 -1 130 100 280 150
F O 1 -5 100 180 290 190
O R 0 5 180 120 160 -20
R E 0 1 120 110 200 80
E Space -3 -1 110 150 2080 1970
Space LShiftKey 1 4 150 160 390 240
LShiftKey I 2 -8 160 130 50 -110
I Space -3 4 130 170 160 30
Space R 3 0 170 120 340 170
R E 0 1 120 150 220 100
E A -1 2 150 140 340 190
A L 0 -8 140 102 1540 1400
L L 0 0 102 140 162 60
L Y 1 3 140 110 310 170
Y Space -3 2 110 140 1510 1400
Space Q 3 3 140 140 650 510
Q U 0 -6 140 80 320 180
U I 0 -1 80 170 150 70
I T 0 3 170 120 250 80
T OemPeriod -2 -4 120 100 2690 2570
OemPeriod Space -1 5 100 140 1270 1170
Space LShiftKey 1 4 140 160 640 500
LShiftKey S 1 -2 160 120 40 -120
S Space -2 -2 120 140 360 240
Space W 3 2 140 120 350 210
W H -1 -4 120 150 170 50
H Y 1 0 150 140 200 50
Y Left -3 -5 140 120 3090 2950
Left Left 0 0 120 80 190 70
Left Left 0 0 80 90 150 70
Left Left 0 0 90 100 260 170
Left O 3 2 100 80 850 750
O Right -3 -4 80 90 520 440
Right Right 0 0 90 100 150 60
Right Right 0 0 100 90 150 50
Right Right 0 0 90 80 160 70
Right Space 0 9 80 110 460 380
Space D 2 1 110 140 810 700
D I 1 -5 140 210 170 30
I D -1 5 210 100 510 300
D Space -2 -1 100 150 500 400
Space LShiftKey 1 4 150 140 450 300
LShiftKey I 2 -8 140 130 50 -90
I Space -3 4 130 150 150 20
Space D 2 1 150 130 540 390
D R 1 -1 130 120 470 340
R O 0 -5 120 80 290 170
O P 0 -1 80 90 320 240
P Space -3 6 90 140 1910 1820
Space O 3 -5 140 160 320 180
O U 0 2 160 110 170 10
U T 0 2 110 110 220 110
T LShiftKey -2 5 110 140 1580 1470
LShiftKey OemQuestion 0 -10 140 130 40 -100
OemQuestion Return 1 -2 130 90 1480 1350
Return LShiftKey -1 12 90 170 3250 3160
LShiftKey I 2 -8 170 170 50 -120
I T 0 3 170 120 270 100
T Space -3 1 120 170 250 130
Space S 2 2 170 120 1460 1290
S T 1 -3 120 172 360 240
T A -1 4 172 150 312 140
A R 1 -3 150 120 120 -30
R T 0 -1 120 170 200 80
T E 0 2 170 110 160 -10
E D -1 0 110 140 210 100
D Return 0 -9 140 100 5930 5790
Return Return 0 0 100 80 4530 4430
Return Return 0 0 80 70 6910 6830
Return Space -2 8 70 110 13470 13400
Space B 1 -1 110 110 570 460
B E 2 2 110 80 350 240
E F -1 -1 80 130 230 150
F O 1 -5 130 170 340 210
O R 0 5 170 110 140 -30
R E 0 1 110 90 200 90
E Space -3 -1 90 140 1080 990
Space LShiftKey 1 4 140 140 460 320
LShiftKey I 2 -8 140 140 40 -100
I Space -3 4 140 140 180 40
Space W 3 2 140 90 230 90
W A -1 1 90 80 210 120
A S 0 -1 80 90 160 80
S Space -2 -2 90 140 140 50
Space B 1 -1 140 150 390 250
B O 2 -4 150 170 350 200
O R 0 5 170 110 290 120
R N -2 -2 110 100 190 80
N OemPeriod 0 -3 100 100 2210 2110
OemPeriod Space -1 5 100 120 270 170
Space LShiftKey 1 4 120 200 1280 1160
LShiftKey M 0 -7 200 140 80 -120
M Y 2 1 140 90 620 480
Y Space -3 2 90 140 180 90
Space B 1 -1 140 140 1620 1480
B I 2 -3 140 120 220 80
I O 0 -1 120 110 200 80
O L -1 0 110 120 290 180
L O 1 0 120 140 210 90
O G -1 4 140 130 370 230
G I 1 -3 130 160 190 60
I C -2 5 160 120 210 50
C A 1 2 120 80 270 150
A L 0 -8 80 90 170 90
L Space -2 5 90 150 210 120
Space M 1 -3 150 120 960 810
M O 2 -2 120 150 180 60
O T 0 4 150 90 420 270
T H -1 -1 90 150 190 100
H E 1 3 150 90 170 20
E R 0 -1 90 110 170 80
R Space -3 0 110 142 1880 1770
Space W 3 2 142 60 442 300
W A -1 1 60 80 20 -40
A S 0 -1 80 90 1390 1310
S Space -2 -2 90 140 1090 1000
Space A 2 3 140 120 1080 940
A Space -2 -3 120 140 90 -30
Space Y 3 -2 140 120 470 330
Y O 0 -3 120 140 180 60
O U 0 2 140 150 100 -40
U N -2 1 150 120 280 130
N G 1 1 120 110 200 80
G Oemcomma -1 -3 110 80 2460 2350
Oemcomma Space -1 4 80 120 220 140
Space U 3 -3 120 170 3130 3010
U N -2 1 170 150 630 460
N W 2 4 150 80 260 110
W E 0 -1 80 110 150 70
E D -1 0 110 120 190 80
D Space -2 -1 120 130 2440 2320
Space C 1 1 130 100 640 510
C O 2 -6 100 110 180 80
O L -1 0 110 80 240 130
L L 0 0 80 150 150 70
L E 1 6 150 180 490 340
E G -1 -2 180 170 220 40
G E 1 2 170 120 130 -40
E Space -3 -1 120 150 1760 1640
Space G 2 -1 150 110 1080 930
G R 1 1 110 140 310 200
R A -1 3 140 150 210 70
A D 0 -2 150 160 470 320
D U 1 -4 160 212 170 10
U A -1 6 212 162 110 -102
A T 1 -4 162 160 272 110
T E 0 2 160 120 190 30
E Space -3 -1 120 160 970 850
Space S 2 2 160 80 280 120
S T 1 -3 80 140 320 240
T U 0 -2 140 180 120 -20
U D -1 4 180 120 160 -20
D E 1 0 120 130 220 100
E N -2 -3 130 130 130 0
N T 2 1 130 110 230 100
T Oemcomma -2 -3 110 100 1950 1840
Oemcomma Space -1 4 100 130 230 130
Space A 2 3 130 160 270 140
A N -1 -5 160 160 180 20
N D 1 3 160 100 450 290
D Space -2 -1 100 130 1050 950
Space S 2 2 130 120 290 160
S H 0 -4 120 160 240 120
H E 1 3 160 110 350 190
E Space -3 -1 110 130 800 690
Space D 2 1 130 110 410 280
D E 1 0 110 110 200 90
E C -2 0 110 170 320 210
C I 2 -5 170 160 190 20
I D -1 5 160 110 350 190
D E 1 0 110 100 200 90
E D -1 0 100 120 180 80
D Space -2 -1 120 120 1580 1460
Space T 3 -1 120 90 380 260
T O 0 -4 90 140 190 100
O Space -3 5 140 150 180 40
Space P 3 -6 150 170 620 470
P U 0 3 170 110 190 20
U T 0 2 110 120 230 120
T Space -3 1 120 140 220 100
Space M 1 -3 140 150 250 110
M E 2 4 150 110 160 10
E Space -3 -1 110 140 1350 1240
Space U 3 -3 140 110 340 200
U O 0 -2 110 120 260 150
O Back 1 -4 120 80 1910 1790
Back P -1 3 80 90 290 210
P Space -3 6 90 130 2240 2150
Space F 2 0 130 130 450 320
F O 1 -5 130 190 260 130
O R 0 5 190 120 140 -50
R Space -3 0 120 140 190 70
Space A 2 3 140 160 560 420
A D 0 -2 160 140 330 170
D O 1 -6 140 120 300 160
O P 0 -1 120 180 240 120
P T 0 5 180 100 720 540
T I 0 -3 100 90 180 80
I O 0 -1 90 140 150 60
O N -2 3 140 130 200 60
N OemPeriod 0 -3 130 80 2730 2600
OemPeriod Space -1 5 80 130 590 510
Space LShiftKey 1 4 130 160 1010 880
LShiftKey S 1 -2 160 100 50 -110
S H 0 -4 100 170 600 500
H E 1 3 170 120 150 -20
E Space -3 -1 120 150 280 160
Space F 2 0 150 120 640 490
F E 1 1 120 150 240 120
E L -1 -6 150 160 160 10
L T 1 4 160 100 360 200
T Space -3 1 100 130 1800 1700
Space V 1 0 130 190 820 690
V E 2 1 190 100 210 20
E R 0 -1 100 130 200 100
R Y 0 -2 130 120 210 80
Y Space -3 2 120 120 800 680
Space S 2 2 120 100 350 230
S R 1 -2 100 130 690 590
R Back 1 -9 130 170 1340 1210
Back T -1 8 170 90 180 10
T R 0 1 90 110 190 100
R O 0 -5 110 130 220 110
O N -2 3 130 120 220 90
N G 1 1 120 110 210 90
G L 0 -4 110 170 210 100
L Y 1 3 170 120 230 60
Y Space -3 2 120 130 2480 2360
Space T 3 -1 130 110 320 190
T H -1 -1 110 170 190 80
H A 0 5 170 140 130 -40
A T 1 -4 140 120 120 -20
T Space -3 1 120 160 270 150
Space LShiftKey 1 4 160 150 420 260
LShiftKey I 2 -8 150 140 80 -70
I Space -3 4 140 160 170 30
Space S 2 2 160 110 1700 1540
S H 0 -4 110 130 160 50
H O 1 -3 130 150 170 40
O U 0 2 150 140 90 -60
U L -1 -2 140 210 170 30
L D 0 6 210 120 270 60
D Space -2 -1 120 120 2000 1880
Space B 1 -1 120 170 970 850
B E 2 2 170 120 170 0
E Space -3 -1 120 180 200 80
Space A 2 3 180 120 650 470
A D 0 -2 120 160 240 120
D O 1 -6 160 100 290 130
O P 0 -1 100 170 580 480
P T 0 5 170 170 430 260
T E 0 2 170 100 190 20
E D -1 0 100 110 200 100
D Space -2 -1 110 130 2580 2470
Space B 1 -1 130 170 490 360
B Y 2 -1 170 140 210 40
Y Space -3 2 140 190 220 80
Space C 1 1 190 110 900 710
C O 2 -6 110 110 260 150
O L -1 0 110 90 290 180
L L 0 0 90 120 150 60
L E 1 6 120 140 240 120
E G -1 -2 140 190 290 150
G E 1 2 190 150 120 -70
E Space -3 -1 150 190 280 130
Space G 2 -1 190 140 840 650
G R 1 1 140 140 330 190
R A -1 3 140 150 540 400
A D 0 -2 150 150 290 140
D U 1 -4 150 180 210 60
U A -1 6 180 130 380 200
A T 1 -4 130 160 320 190
T E 0 2 160 100 170 10
E S -1 1 100 110 250 150
S Oemcomma -1 -6 110 90 2880 2770
Oemcomma Space -1 4 90 120 230 140
Space S 2 2 120 110 330 210
S O 1 -7 110 120 300 190
O Space -3 5 120 140 170 50
Space E 3 1 140 140 2030 1890
E V -2 -1 140 150 290 150
V E 2 1 150 140 130 -20
E R 0 -1 140 130 220 80
R Y 0 -2 130 150 330 200
Y T 0 1 150 80 310 160
T H -1 -1 80 130 190 110
H I 1 -2 130 140 130 0
I N -2 2 140 110 180 40
N G 1 1 110 130 200 90
G Space -2 1 130 150 2610 2480
Space W 3 2 150 100 230 80
W A -1 1 100 120 200 100
A S 0 -1 120 110 190 70
S Space -2 -2 110 140 720 610
Space A 2 3 140 120 350 210
A L 0 -8 120 80 390 270
L L 0 0 80 110 130 50
L Space -2 5 110 130 410 300
Space S 2 2 130 130 180 50
S E 1 -1 130 130 280 150
E T 0 -2 130 100 180 50
T Space -3 1 100 160 230 130
Space F 2 0 160 100 1710 1550
F O 1 -5 100 150 460 360
O R 0 5 150 110 170 20
R Space -3 0 110 120 5610 5500
Space M 1 -3 120 130 520 400
M E 2 4 130 112 120 -10
E Space -3 -1 112 140 192 80
Space T 3 -1 140 90 2680 2540
T O 0 -4 90 132 220 130
O Space -3 5 132 160 202 70
Space B 1 -1 160 172 310 150
B E 2 2 172 120 182 10
E Space -3 -1 120 150 150 30
Space A 2 3 150 110 1290 1140
A D 0 -2 110 120 510 400
D O 1 -6 120 100 320 200
O P 0 -1 100 220 170 70
P T 0 5 220 150 410 190
T E 0 2 150 90 180 30
E D -1 0 90 100 200 110
D Space -2 -1 100 110 1060 960
Space A 2 3 110 130 180 70
A T 1 -4 130 130 230 100
T Space -3 1 130 162 280 150
Space B 1 -1 162 140 722 560
B I 2 -3 140 160 270 130
I R 0 4 160 100 590 430
R T 0 -1 100 80 200 100
T H -1 -1 80 130 180 100
H Space -2 2 130 150 1640 1510
Space B 1 -1 150 160 320 170
B Y 2 -1 160 130 230 70
Y Space -3 2 130 150 230 100
Space A 2 3 150 120 1300 1150
A Space -2 -3 120 140 180 60
Space L 2 -5 140 160 610 470
L A 0 8 160 140 300 140
A W 1 -1 140 160 340 200
W Y 0 -4 160 160 480 320
Y E 0 3 160 120 140 -20
E R 0 -1 120 120 210 90
R Space -3 0 120 90 8972 8852
Space A 2 3 90 140 310 220
A N -1 -5 140 150 90 -50
N D 1 3 150 110 320 170
D Space -2 -1 110 140 140 30
Space H 2 -2 140 140 560 420
H I 1 -2 140 150 120 -20
I S -1 6 150 120 80 -70
S Space -2 -2 120 140 140 20
Space W 3 2 140 130 310 170
W I 0 -6 130 120 300 170
I F -1 4 120 90 590 470
F E 1 1 90 80 190 100
E OemPeriod -2 -6 80 100 3210 3130
OemPeriod Space -1 5 100 122 740 640
Space LShiftKey 1 4 122 180 412 290
LShiftKey E 2 -3 180 120 80 -100
E X -2 1 120 150 250 130
X C 0 -1 150 120 310 160
C E 2 0 120 120 220 100
E P 0 -7 120 120 590 470
P T 0 5 120 90 280 160
T Space -3 1 90 140 2850 2760
Space T 3 -1 140 80 400 260
T H -1 -1 80 160 160 80
H A 0 5 160 140 80 -80
A T 1 -4 140 120 150 10
T Space -3 1 120 120 4330 4210
Space W 3 2 120 170 420 300
W H -1 -4 170 220 190 20
H E 1 3 220 110 720 500
E N -2 -3 110 120 180 70
N Space -1 2 120 150 1500 1380
Space LShiftKey 1 4 150 160 300 150
LShiftKey I 2 -8 160 140 80 -80
I Space -3 4 140 140 170 30
Space P 3 -6 140 130 610 470
P O 0 1 130 120 280 150
O P 0 -1 120 80 800 680
P P 0 0 80 110 130 50
P E 0 7 110 100 210 100
E D -1 0 100 100 190 90
D Space -2 -1 100 140 850 750
Space O 3 -5 140 170 570 430
O U 0 2 170 110 180 10
U T 0 2 110 110 230 120
T Space -3 1 110 120 3010 2900
Space T 3 -1 120 80 350 230
T H -1 -1 80 200 170 90
H E 1 3 200 110 180 -20
E Y 0 -3 110 130 170 60
Y Space -3 2 130 140 210 80
Space D 2 1 140 120 1040 900
D E 1 0 120 100 200 80
E C -2 0 100 140 350 250
C I 2 -5 140 150 190 50
I D -1 5 150 90 420 270
D E 1 0 90 100 160 70
E D -1 0 100 100 180 80
D Space -2 -1 100 120 4810 4710
Space A 2 3 120 140 390 270
A T 1 -4 140 100 220 80
T Space -3 1 100 120 360 260
Space T 3 -1 120 90 230 110
T H -1 -1 90 150 160 70
H E 1 3 150 110 90 -60
E Space -3 -1 110 120 2260 2150
Space L 2 -5 120 160 510 390
L A 0 8 160 120 220 60
A S 0 -1 120 130 220 100
S T 1 -3 130 100 320 190
T Space -3 1 100 130 1390 1290
Space M 1 -3 130 140 410 280
M I 2 -1 140 150 340 200
I N -2 2 150 120 420 270
N U 2 -1 120 160 180 60
U T 0 2 160 130 210 50
T E 0 2 130 120 200 70
E Space -3 -1 120 140 1960 1840
Space T 3 -1 140 100 310 170
T A -1 4 100 130 170 70
A H 0 -5 130 120 0 -130
H T 1 1 120 90 200 80
T Space -3 1 90 140 1070 980
Space T 3 -1 140 80 310 170
T H -1 -1 80 160 160 80
H E 1 3 160 120 140 -20
E Y 0 -3 120 110 200 80
Y Space -3 2 110 120 1000 890
Space R 3 0 120 90 350 230
R E 0 1 90 90 210 120
E A -1 2 90 120 240 150
A L 0 -8 120 80 250 130
L L 0 0 80 150 110 30
L Y 1 3 150 102 330 180
Y Space -3 2 102 120 1142 1040
Space W 3 2 120 90 360 240
W A -1 1 90 110 210 120
A N -1 -5 110 120 250 140
N T 2 1 120 110 310 190
T E 0 2 110 80 230 120
E D -1 0 80 80 180 100
D Space -2 -1 80 120 2060 1980
Space A 2 3 120 100 210 90
A G 0 -4 100 120 490 390
G I 1 -3 120 160 370 250
I R 0 4 160 100 290 130
R L -1 -5 100 90 200 100
L Left -2 -2 90 90 1870 1780
Left Left 0 0 90 100 150 60
Left Left 0 0 100 100 170 70
Left Left 0 0 100 110 420 320
Left Space 0 7 110 110 390 280
Space Back 4 -9 110 100 2660 2550
Back Back 0 0 100 80 150 50
Back H -2 7 80 160 350 270
H A 0 5 160 140 210 50
A T 1 -4 140 80 190 50
T Back 1 -8 80 50 1630 1550
Back OemPeriod -3 4 50 70 4350 4300
OemPeriod Space -1 5 70 80 300 230
Space LShiftKey 1 4 80 170 410 330
LShiftKey S 1 -2 170 100 50 -120
S O 1 -7 100 120 340 240
O Space -3 5 120 130 190 70
Space M 1 -3 130 120 2160 2030
M Y 2 1 120 100 300 180
Y Space -3 2 100 120 200 100
Space P 3 -6 120 160 430 310
P A -1 9 160 180 220 60
A R 1 -3 180 110 420 240
R E 0 1 110 122 200 90
E N -2 -3 122 140 202 80
N T 2 1 140 140 230 90
T S -1 3 140 130 120 -20
S Oemcomma -1 -6 130 100 1330 1200
Oemcomma Space -1 4 100 120 620 520
Space W 3 2 120 120 230 110
W H -1 -4 120 120 140 20
H O 1 -3 120 140 180 60
O Space -3 5 140 140 200 60
Space W 3 2 140 110 1420 1280
W R 0 -2 110 130 440 330
R Back 1 -9 130 140 740 610
Back E -1 10 140 100 140 0
E R 0 -1 100 112 170 70
R E 0 1 112 100 182 70
E Space -3 -1 100 120 8420 8320
Space O 3 -5 120 140 270 150
O N -2 3 140 120 220 80
N Space -1 2 120 170 190 70
Space A 2 3 170 130 310 140
A W 1 -1 130 80 551 421
W A -1 1 80 150 220 140
A I 1 -7 150 120 520 370
I T 0 3 120 100 220 100
T I 0 -3 100 140 130 30
I N -2 2 140 120 190 50
N G 1 1 120 90 190 70
G Left -2 -6 90 110 1550 1460
Left Left 0 0 110 70 150 40
Left Left 0 0 70 80 120 50
Left Left 0 0 80 90 120 40
Left Left 0 0 90 90 140 50
Left Left 0 0 90 90 130 40
Left Left 0 0 90 80 130 40
Left Left 0 0 80 50 140 60
Left Right 0 -2 50 130 480 430
Right Space 0 9 130 110 390 260
Space Right 0 -9 110 80 230 120
Right Right 0 0 80 90 150 70
Right Right 0 0 90 100 130 40
Right Right 0 0 100 90 140 40
Right Right 0 0 90 110 130 40
Right Right 0 0 110 120 120 10
Right Right 0 0 120 80 190 70
Right Space 0 9 80 140 890 810
Space L 2 -5 140 120 220 80
L I 1 1 120 132 260 140
I S -1 6 132 130 312 180
S T 1 -3 130 90 200 70
T Oemcomma -2 -3 90 90 2120 2030
Oemcomma Space -1 4 90 100 240 150
Space G 2 -1 100 100 1440 1340
G O 1 -4 100 80 3080 2980
O T 0 4 80 90 330 250
T Space -3 1 90 120 230 140
Space A 2 3 120 140 220 100
A Space -2 -3 140 140 3270 3130
Space C 1 1 140 140 320 180
C A 1 2 140 110 670 530
A L 0 -8 110 80 340 230
L L 0 0 80 90 140 60
L Space -2 5 90 130 600 510
Space I 3 -4 130 90 400 270
I N -2 2 90 100 170 80
N Space -1 2 100 150 170 70
Space T 3 -1 150 80 310 160
T H -1 -1 80 150 170 90
H E 1 3 150 110 130 -20
E Space -3 -1 110 120 180 70
Space M 1 -3 120 122 1340 1220
M I 2 -1 122 150 212 90
I D -1 5 150 80 380 230
D D 0 0 80 110 150 70
D L 0 -6 110 130 130 20
L E 1 6 130 100 150 20
E Space -3 -1 100 130 1620 1520
Space O 3 -5 130 170 240 110
O F -1 5 170 130 190 20
F Space -2 0 130 130 150 20
Space T 3 -1 130 80 340 210
T H -1 -1 80 150 160 80
H E 1 3 150 110 100 -50
E Space -3 -1 110 150 150 40
Space N 1 -2 150 130 1130 980
N I 2 -2 130 130 180 50
I G -1 3 130 160 200 70
G H 0 -1 160 180 120 -40
H T 1 1 180 130 160 -20
T Space -3 1 130 130 1160 1030
Space A 2 3 130 120 320 190
A S 0 -1 120 110 300 180
S K 0 -6 110 90 260 150
K I 1 0 90 90 170 80
I N -2 2 90 90 150 60
N G 1 1 90 100 190 100
G LShiftKey -1 5 100 130 4610 4510
LShiftKey Oem1 1 -10 130 80 40 -90
Oem1 Oem7 0 -1 80 60 360 280
Oem7 Back 2 -2 60 100 1112 1052
Back LShiftKey -3 13 100 140 700 600
LShiftKey Oem7 1 -11 140 110 30 -110
Oem7 LShiftKey -1 11 110 160 7270 7160
LShiftKey W 2 -2 160 140 40 -120
W E 0 -1 140 130 160 20
E Space -3 -1 130 120 310 180
Space H 2 -2 120 140 330 210
H A 0 5 140 132 240 100
A V -1 -3 132 150 322 190
V E 2 1 150 120 190 40
E Left -3 -8 120 110 1930 1810
Left Left 0 0 110 80 200 90
Left Left 0 0 80 80 130 50
Left Left 0 0 80 80 150 70
Left Left 0 0 80 80 150 70
Left Left 0 0 80 90 140 60
Left Left 0 0 90 90 140 50
Left Left 0 0 90 100 140 50
Left Left 0 0 100 110 540 440
Left Space 0 7 110 150 400 290
Space Right 0 -9 150 90 4950 4800
Right Back 4 0 90 130 1110 1020
Back LShiftKey -3 13 130 160 3420 3290
LShiftKey Oem1 1 -10 160 130 40 -120
Oem1 Space -2 6 130 100 730 600
Space Right 0 -9 100 100 750 650
Right Right 0 0 100 110 170 70
Right Right 0 0 110 30 210 100
Right Left 0 2 30 130 710 680
Left Left 0 0 130 100 170 40
Left Left 0 0 100 100 140 40
Left Left 0 0 100 60 180 80
Left Left 0 0 60 100 260 200
Left Space 0 7 100 122 620 520
Space Right 0 -9 122 82 522 400
Right Left 0 2 82 120 1082 1000
Left Left 0 0 120 120 430 310
Left Back 4 -2 120 150 1480 1360
Back Right -4 0 150 110 1230 1080
Right Right 0 0 110 100 330 220
Right Right 0 0 100 120 160 60
Right Right 0 0 120 80 170 50
Right Right 0 0 80 100 140 60
Right Right 0 0 100 90 150 50
Right Right 0 0 90 80 150 60
Right Right 0 0 80 80 150 70
Right Right 0 0 80 80 190 110
Right Right 0 0 80 90 200 120
Right Right 0 0 90 80 320 230
Right A 2 12 80 120 3180 3100
A N -1 -5 120 120 250 130
N Space -1 2 120 150 320 200
Space U 3 -3 150 110 590 440
U N -2 1 110 100 360 250
N E 2 3 100 100 340 240
E X -2 1 100 130 460 360
X P 2 -8 130 160 510 380
P E 0 7 160 120 210 50
E C -2 0 120 150 670 550
C T 2 -2 150 130 210 60
T E 0 2 130 80 120 -10
E D -1 0 80 120 170 90
D Space -2 -1 120 120 3390 3270
Space Back 4 -9 120 70 6130 6010
Back Space -4 9 70 150 2620 2550
Space B 1 -1 150 210 4480 4330
B A 1 4 210 100 210 0
A B -1 -4 100 170 140 40
B Y 2 -1 170 150 230 60
Y Space -3 2 150 150 230 80
Space B 1 -1 150 150 330 180
B O 2 -4 150 160 290 140
O Y 0 3 160 120 340 180
Y Oem1 -1 -4 120 80 4060 3940
Oem1 D 0 7 80 100 1370 1290
D O 1 -6 100 120 280 180
O Back 1 -4 120 150 3490 3370
Back Back 0 0 150 90 280 130
Back Space -4 9 90 130 520 430
Space D 2 1 130 110 660 530
D O 1 -6 110 110 180 70
O Space -3 5 110 130 150 40
Space G 2 -1 130 152 1250 1120
G R 1 1 152 140 732 580
R A -1 3 140 120 180 40
A D 0 -2 120 130 260 140
D U 1 -4 130 150 380 250
U A -1 6 150 140 290 140
A T 1 -4 140 120 210 70
T E 0 2 120 100 120 0
E Back 1 -10 100 120 6900 6800
Back Back 0 0 120 82 200 80
Back Back 0 0 82 80 152 70
Back Back 0 0 80 100 130 50
Back Back 0 0 100 90 140 40
Back Back 0 0 90 70 160 70
Back Back 0 0 70 70 140 70
Back Back 0 0 70 70 150 80
Back Back 0 0 70 70 260 190
Back Space -4 9 70 120 730 660
Space Y 3 -2 120 100 250 130
Y O 0 -3 100 150 150 50
O U 0 2 150 110 100 -50
U Space -3 3 110 140 200 90
Space W 3 2 140 100 290 150
W N -2 -4 100 120 330 230
N T 2 1 120 90 220 100
T Space -3 1 90 80 270 180
Space H 2 -2 80 110 250 170
H I 1 -2 110 120 150 40
I J -1 1 120 20 170 50
J M -1 0 20 70 50 30
M Back 3 -6 70 100 770 700
Back Back 0 0 100 80 170 70
Back Back 0 0 80 110 1210 1130
Back Back 0 0 110 70 370 260
Back Back 0 0 70 80 150 80
Back Back 0 0 80 70 160 80
Back Back 0 0 70 70 270 200
Back A -2 12 70 100 660 590
A N -1 -5 100 120 150 50
N T 2 1 120 80 220 100
T Space -3 1 80 110 200 120
Space H 2 -2 110 120 200 90
H I 1 -2 120 130 130 10
I M -2 1 130 90 220 90
M LShiftKey 0 7 90 160 2560 2470
LShiftKey OemQuestion 0 -10 160 120 60 -100
OemQuestion LShiftKey 0 10 120 152 1520 1400
LShiftKey Oem7 1 -11 152 102 40 -112
Oem7 Space -2 7 102 100 782 680
Space Space 0 0 100 120 6090 5990
Space Back 4 -9 120 90 2650 2530
Back Space -4 9 90 120 2110 2020
Space Back 4 -9 120 100 2580 2460
Back LShiftKey -3 13 100 182 3680 3580
LShiftKey T 2 -5 182 111 30 -152
T H -1 -1 111 200 222 111
H E 1 3 200 130 160 -40
E Y 0 -3 130 130 160 30
Y Space -3 2 130 132 7220 7090
Space Back 4 -9 132 80 3262 3130
Back S -2 11 80 122 17710 17630
S A 0 1 122 150 272 150
A I 1 -7 150 160 190 40
I D -1 5 160 120 210 50
D Left -2 -8 120 120 1600 1480
Left Left 0 0 120 100 180 60
Left Left 0 0 100 90 150 50
Left Left 0 0 90 120 190 100
Left Space 0 7 120 120 390 270
Space Right 0 -9 120 80 760 640
Right Right 0 0 80 80 130 50
Right Right 0 0 80 80 140 60
Right Right 0 0 80 60 160 80
Right LShiftKey 1 13 60 112 3340 3280
LShiftKey Oem1 1 -10 112 92 40 -72
Oem1 Space -2 6 92 92 2052 1960
Space Oem7 2 -7 92 110 1252 1160
Oem7 LShiftKey -1 11 110 110 20 -90
LShiftKey Back 3 -13 110 110 860 750
Back LShiftKey -3 13 110 130 750 640
LShiftKey Oem7 1 -11 130 100 50 -80
Oem7 Space -2 7 100 120 1200 1100
Space O 3 -5 120 160 1570 1450
O F -1 5 160 120 190 30
F Back 2 -9 120 130 3440 3320
Back Space -4 9 130 142 1610 1480
Space Back 4 -9 142 80 7502 7360
Back Left -4 2 80 100 5460 5380
Left Right 0 -2 100 100 860 760
Right Right 0 0 100 80 160 60
Right Right 0 0 80 80 140 60
Right Space 0 9 80 130 660 580
Space C 1 1 130 100 790 660
C O 2 -6 100 180 270 170
O U 0 2 180 130 260 80
U R 0 3 130 90 440 310
R S -1 2 90 100 380 290
S E 1 -1 100 80 200 100
E Left -3 -8 80 100 3280 3200
Left Left 0 0 100 90 180 80
Left Left 0 0 90 100 140 50
Left Left 0 0 100 110 150 50
Left Left 0 0 110 90 150 40
Left Left 0 0 90 80 160 70
Left Left 0 0 80 80 160 80
Left Left 0 0 80 80 230 150
Left Back 4 -2 80 80 730 650
Back LShiftKey -3 13 80 130 400 320
LShiftKey O 2 -9 130 90 40 -90
O Right -3 -4 90 90 640 550
Right Right 0 0 90 100 140 50
Right Right 0 0 100 90 140 40
Right Right 0 0 90 90 140 50
Right Right 0 0 90 90 150 60
Right Right 0 0 90 80 150 60
Right Right 0 0 80 100 140 60
Right Right 0 0 100 90 330 230
Right OemPeriod 1 4 90 80 2940 2850
OemPeriod LShiftKey 0 9 80 170 1180 1100
LShiftKey Oem7 1 -11 170 80 80 -90
Oem7 Space -2 7 80 100 3090 3010
Space LShiftKey 1 4 100 160 500 400
LShiftKey M 0 -7 160 160 20 -140
M Y 2 1 160 120 260 100
Y Space -3 2 120 170 3520 3400
Space B 1 -1 170 140 370 200
B I 2 -3 140 110 450 310
I O 0 -1 110 80 200 90
O L -1 0 80 190 180 100
L O 1 0 190 170 380 190
O G -1 4 170 120 2040 1870
G I 1 -3 120 160 160 40
I C -2 5 160 140 260 100
C A 1 2 140 150 220 80
A L 0 -8 150 140 160 10
L Back 2 -4 140 100 6340 6200
Back Space -4 9 100 130 730 630
Space Space 0 0 130 130 9210 9080
Space M 1 -3 130 120 960 830
M O 2 -2 120 160 160 40
O T 0 4 160 100 300 140
T H -1 -1 100 180 180 80
H E 1 3 180 120 140 -40
E R 0 -1 120 160 180 60
R Space -3 0 160 160 3250 3090
Space L 2 -5 160 170 550 390
L A 0 8 170 140 170 0
A T 1 -4 140 170 350 210
T E 0 2 170 110 180 10
E R 0 -1 110 80 210 100
R Space -3 0 80 142 190 110
Space F 2 0 142 110 422 280
F O 1 -5 110 190 150 40
O U 0 2 190 110 180 -10
U N -2 1 110 170 200 90
N D 1 3 170 110 180 10
D Space -2 -1 110 140 200 90
Space O 3 -5 140 180 2160 2020
O U 0 2 180 120 180 0
U T 0 2 120 120 230 110
T Space -3 1 120 130 1310 1190
Space T 3 -1 130 120 320 190
T A -1 4 120 140 190 70
A H 0 -5 140 120 40 -100
H T 1 1 120 110 180 60
T Back 1 -8 110 110 1370 1260
Back Back 0 0 110 80 170 60
Back Back 0 0 80 80 150 70
Back H -2 7 80 180 640 560
H A 0 5 180 140 160 -20
A T 1 -4 140 110 170 30
T Space -3 1 110 120 5690 5580
Space M 1 -3 120 120 320 200
M Y 2 1 120 90 350 230
Y Space -3 2 90 130 200 110
Space M 1 -3 130 120 310 180
M O 2 -2 120 160 200 80
O T 0 4 160 90 380 220
T H -1 -1 90 170 190 100
H E 1 3 170 90 190 20
E R 0 -1 90 110 160 70
R Space -3 0 110 160 2030 1920
Space H 2 -2 160 150 280 120
H A 0 5 150 132 130 -20
A D 0 -2 132 120 362 230
D Space -2 -1 120 150 450 330
Space N 1 -2 150 280 740 590
N E 2 3 280 170 310 30
E V -2 -1 170 160 470 300
V E 2 1 160 120 110 -50
E R 0 -1 120 90 200 80
R Space -3 0 90 130 2730 2640
Space G 2 -1 130 150 990 860
G R 1 1 150 110 260 110
R A -1 3 110 120 670 560
A D 0 -2 120 90 280 160
D U 1 -4 90 170 270 180
U A -1 6 170 140 2170 2000
A T 1 -4 140 180 190 50
T E 0 2 180 70 220 40
E D -1 0 70 90 200 130
D Space -2 -1 90 140 1820 1730
Space F 2 0 140 120 560 420
F R 1 0 120 120 410 290
R O 0 -5 120 120 200 80
O M -2 2 120 140 200 80
M Space -1 3 140 150 2140 2000
Space C 1 1 150 90 420 270
C O 2 -6 90 100 240 150
O L -1 0 100 80 270 170
L L 0 0 80 130 140 60
L E 1 6 130 100 690 560
E G -1 -2 100 130 150 50
G E 1 2 130 92 90 -40
E Space -3 -1 92 170 1832 1740
Space A 2 3 170 140 230 60
A N -1 -5 140 180 190 50
N D 1 3 180 120 210 30
D Space -2 -1 120 130 180 60
Space T 3 -1 130 100 320 190
T A -1 4 100 150 170 70
A H 0 -5 150 110 20 -130
H T 1 1 110 100 180 70
T Back 1 -8 100 120 1240 1140
Back Back 0 0 120 80 180 60
Back Back 0 0 80 80 140 60
Back H -2 7 80 170 640 560
H A 0 5 170 120 160 -10
A T 1 -4 120 110 330 210
T Space -3 1 110 100 1950 1840
Space M 1 -3 100 120 400 300
M Y 2 1 120 90 280 160
Y Space -3 2 90 160 200 110
Space F 2 0 160 140 380 220
F A 0 3 140 140 240 100
A T 1 -4 140 80 180 40
T H -1 -1 80 120 180 100
H E 1 3 120 130 50 -70
E R 0 -1 130 110 210 80
R Space -3 0 110 160 1920 1810
Space H 2 -2 160 150 1180 1020
H A 0 5 150 100 140 -10
A D 0 -2 100 110 220 120
D Space -2 -1 110 140 240 130
Space N 1 -2 140 190 1420 1280
N E 2 3 190 150 240 50
E V -2 -1 150 130 430 280
V E 2 1 130 120 90 -40
E R 0 -1 120 90 200 80
R Space -3 0 90 120 1580 1490
Space G 2 -1 120 120 820 700
G R 1 1 120 110 160 40
R A -1 3 110 130 310 200
A D 0 -2 130 120 290 160
D U 1 -4 120 192 150 30
U A -1 6 192 150 172 -20
A T 1 -4 150 130 260 110
T E 0 2 130 80 140 10
E D -1 0 80 80 190 110
D Space -2 -1 80 140 4900 4820
Space F 2 0 140 130 290 150
F R 1 0 130 170 330 200
R O 0 -5 170 90 240 70
O M -2 2 90 140 160 70
M Space -1 3 140 120 1400 1260
Space H 2 -2 120 110 960 840
H I 1 -2 110 180 90 -20
I G -1 3 180 170 260 80
G H 0 -1 170 160 130 -40
H Space -2 2 160 150 430 270
Space S 2 2 150 110 2220 2070
S C -1 -1 110 120 230 120
C H 1 -3 120 100 190 70
H O 1 -3 100 80 450 350
O O 0 0 80 70 130 50
O L -1 0 70 140 150 80
L OemPeriod -1 0 140 80 2930 2790
OemPeriod Space -1 5 80 90 260 180
Space LShiftKey 1 4 90 240 410 320
LShiftKey S 1 -2 240 70 80 -160
S H 0 -4 70 140 380 310
H E 1 3 140 140 120 -20
E Space -3 -1 140 130 2460 2320
Space R 3 0 130 90 1940 1810
R E 0 1 90 80 180 90
E F -1 -1 80 110 330 250
F U 1 -3 110 130 670 560
U S -1 5 130 120 560 430
S E 1 -1 120 80 200 80
E E 0 0 80 70 170 90
E Back 1 -10 70 150 1170 1100
Back D -2 10 150 100 910 760
D Space -2 -1 100 150 390 290
Space T 3 -1 150 80 680 530
T I 0 -3 80 120 160 80
I Back 1 -5 120 100 960 840
Back O -1 4 100 90 560 460
O Space -3 5 90 130 190 100
Space S 2 2 130 120 310 180
S I 1 -6 120 120 180 60
I G -1 3 120 130 240 120
G H 0 -1 130 150 100 -30
H Back 2 -7 150 100 570 420
Back N -3 7 100 90 290 190
N Space -1 2 90 160 320 230
Space T 3 -1 160 80 430 270
T H -1 -1 80 150 170 90
H E 1 3 150 120 130 -20
E Space -3 -1 120 130 160 40
Space F 2 0 130 130 230 100
F I 1 -4 130 120 150 20
I N -2 2 120 170 210 90
N A 1 5 170 120 160 -10
A L 0 -8 120 100 140 20
L Space -2 5 100 130 3260 3160
Space A 2 3 130 150 640 510
A D 0 -2 150 110 320 170
D O 1 -6 110 92 290 180
O P 0 -1 92 110 422 330
P T 0 5 110 100 490 380
T I 0 -3 100 90 180 80
I O 0 -1 90 100 180 90
O J -1 2 100 50 150 50
J Back 2 -6 50 110 1880 1830
Back N -3 7 110 90 790 680
N Space -1 2 90 110 210 120
Space P 3 -6 110 170 440 330
P A -1 9 170 150 280 110
A P 1 -9 150 120 120 -30
P E 0 7 120 90 190 70
E R 0 -1 90 110 170 80
R S -1 2 110 100 250 140
S OemPeriod -1 -7 100 90 2190 2090
OemPeriod Space -1 5 90 110 320 230
Space LShiftKey 1 4 110 180 1260 1150
LShiftKey S 1 -2 180 80 90 -90
S H 0 -4 80 240 410 330
H E 1 3 240 110 130 -110
E Space -3 -1 110 130 160 50
Space O 3 -5 130 120 1630 1500
O N -2 3 120 120 320 200
N L 1 -3 120 160 190 70
L Y 1 3 160 110 220 60
Y Space -3 2 110 120 310 200
Space R 3 0 120 90 810 690
R E 0 1 90 100 180 90
E L -1 -6 100 210 210 110
L E 1 6 210 100 210 0
E N -2 -3 100 140 250 150
N T 2 1 140 110 280 140
T D -1 2 110 100 630 520
D Back 2 -10 100 150 1110 1010
Back E -1 10 150 80 510 360
E D -1 0 80 90 180 100
D Space -2 -1 90 140 2090 2000
Space A 2 3 140 140 250 110
A Space -2 -3 140 160 250 110
Space F 2 0 160 120 260 100
F E 1 1 120 100 250 130
E W 0 1 100 110 210 110
W Space -3 -2 110 120 1880 1770
Space M 1 -3 120 120 490 370
M O 2 -2 120 110 470 350
O N -2 3 110 100 200 90
N T 2 1 100 70 300 200
T H -1 -1 70 160 160 90
H S 0 4 160 100 180 20
S Space -2 -2 100 130 5380 5280
Space L 2 -5 130 160 420 290
L A 0 8 160 110 160 0
A T 1 -4 110 110 350 240
T E 0 2 110 80 290 180
E R 0 -1 80 82 150 70
R Space -3 0 82 120 1522 1440
Space W 3 2 120 170 4740 4620
W H -1 -4 170 150 190 20
H E 1 3 150 120 110 -40
E N -2 -3 120 130 140 20
N Space -1 2 130 140 240 110
Space M 1 -3 140 120 750 610
M Y 2 1 120 90 350 230
Y Space -3 2 90 132 200 110
Space P 3 -6 132 100 512 380
P A -1 9 100 120 250 150
A R 1 -3 120 100 320 200
R E 0 1 100 130 170 70
E N -2 -3 130 150 190 60
N T 2 1 150 110 250 100
T S -1 3 110 110 160 50
S Space -2 -2 110 120 1740 1630
Space P 3 -6 120 150 620 500
P R 0 6 150 100 470 320
R O 0 -5 100 90 220 120
O M -2 2 90 130 210 120
M I 2 -1 130 170 150 20
I S -1 6 170 170 220 50
S E 1 -1 170 70 2060 1890
E D -1 0 70 60 200 130
D Space -2 -1 60 120 1610 1550
Space T 3 -1 120 90 310 190
T H -1 -1 90 110 180 90
H A 0 5 110 130 20 -90
A T 1 -4 130 100 170 40
T Space -3 1 100 140 870 770
Space LShiftKey 1 4 140 160 850 710
LShiftKey I 2 -8 160 130 70 -90
I Space -3 4 130 150 190 60
Space W 3 2 150 100 300 150
W O 0 -7 100 140 130 30
O U 0 2 140 120 170 30
U L -1 -2 120 190 150 30
L D 0 6 190 110 180 -10
D Space -2 -1 110 120 1500 1390
Space S 2 2 120 130 542 422
S O 1 -7 130 110 250 120
O M -2 2 110 230 180 70
M E 2 4 230 110 170 -60
E D -1 0 110 110 260 150
D A 0 2 110 120 290 180
A Y 1 -5 120 100 170 50
Y Space -3 2 100 120 1680 1580
Space G 2 -1 120 80 360 240
G O 1 -4 80 90 360 280
O Space -3 5 90 110 180 90
Space T 3 -1 110 80 240 130
T O 0 -4 80 130 200 120
O Space -3 5 130 120 1190 1060
Space C 1 1 120 120 370 250
C O 2 -6 120 100 480 360
O L -1 0 100 90 680 580
L L 0 0 90 120 160 70
L E 1 6 120 90 330 210
E G -1 -2 90 110 220 130
G E 1 2 110 90 100 -10
E OemPeriod -2 -6 90 90 1690 1600
OemPeriod Return 1 -3 90 90 750 660
Return Return 0 0 90 80 450 360
Return LShiftKey -1 12 80 150 2070 1990
LShiftKey A 1 -1 150 80 50 -100
A N -1 -5 80 140 660 580
N D 1 3 140 130 190 50
D Space -2 -1 130 120 550 420
Space D1 4 3 120 90 520 400
D1 D7 0 -6 90 90 280 190
D7 Space -4 3 90 150 210 120
Space Y 3 -2 150 110 360 210
Y E 0 3 110 90 340 230
E A -1 2 90 130 270 180
A R 1 -3 130 120 230 100
R S -1 2 120 102 160 40
S Space -2 -2 102 120 1302 1200
Space L 2 -5 120 120 480 360
L A 0 8 120 120 80 -40
A T 1 -4 120 140 380 260
T E 0 2 140 110 150 10
E R 0 -1 110 100 190 80
R Space -3 0 100 120 1090 990
Space LShiftKey 1 4 120 190 390 270
LShiftKey I 2 -8 190 140 50 -140
I Space -3 4 140 150 150 10
Space D 2 1 150 130 260 110
D I 1 -5 130 150 220 90
I D -1 5 150 120 100 -50
D Space -2 -1 120 150 250 130
Space G 2 -1 150 110 1970 1820
G O 1 -4 110 120 280 170
O Space -3 5 120 150 200 80
Space T 3 -1 150 90 920 770
T O 0 -4 90 120 210 120
O Space -3 5 120 100 180 60
Space C 1 1 100 100 1410 1310
C O 2 -6 100 100 210 110
O L -1 0 100 80 240 140
L L 0 0 80 130 150 70
L E 1 6 130 120 370 240
E G -1 -2 120 150 150 30
G E 1 2 150 110 80 -70
E OemPeriod -2 -6 110 80 1720 1610
OemPeriod Space -1 5 80 130 220 140
Space LShiftKey 1 4 130 160 420 290
LShiftKey B 0 -5 160 130 40 -120
B U 2 -2 130 180 150 20
U T 0 2 180 150 140 -40
T Space -3 1 150 140 630 480
Space LShiftKey 1 4 140 160 600 460
LShiftKey I 2 -8 160 130 80 -80
I Space -3 4 130 170 200 70
Space B 1 -1 170 160 520 350
B Back 3 -8 160 120 520 360
Back N -3 7 120 150 270 150
N A 1 5 150 130 180 30
A T 1 -4 130 90 230 100
T I 0 -3 90 130 190 100
I V -2 4 130 150 230 100
V E 2 1 150 120 230 80
E L -1 -6 120 140 270 150
L Y 1 3 140 80 470 330
Y Back 1 -7 80 90 2970 2890
Back Back 0 0 90 90 160 70
Back Back 0 0 90 90 160 70
Back Back 0 0 90 70 190 100
Back Back 0 0 70 80 300 230
Back Back 0 0 80 100 270 190
Back I -1 5 100 120 700 600
I V -2 4 120 130 490 370
V E 2 1 130 120 230 100
E L -1 -6 120 130 220 100
L Y 1 3 130 90 270 140
Y Space -3 2 90 120 1480 1390
Space C 1 1 120 90 2880 2760
C H 1 -3 90 130 230 140
H O 1 -3 130 130 500 370
O S -1 7 130 110 170 40
S E 1 -1 110 120 180 70
E Space -3 -1 120 140 1230 1110
Space A 2 3 140 110 280 140
A Space -2 -3 110 150 260 150
Space C 1 1 150 110 290 140
C L 1 -6 110 110 260 150
L Back 2 -4 110 120 690 580
Back O -1 4 120 90 250 130
O L -1 0 90 80 230 140
L L 0 0 80 132 140 60
L E 1 6 132 100 372 240
E G -1 -2 100 130 160 60
G E 1 2 130 100 90 -40
E Space -3 -1 100 120 1680 1580
Space T 3 -1 120 80 400 280
T H -1 -1 80 140 190 110
H A 0 5 140 140 120 -20
A T 1 -4 140 112 120 -20
T Space -3 1 112 130 1622 1510
Space W 3 2 130 92 450 320
W A -1 1 92 100 212 120
A S 0 -1 100 80 180 80
S Space -2 -2 80 120 210 130
Space A 2 3 120 90 830 710
A L 0 -8 90 160 360 270
L M -1 2 160 170 590 430
M S 1 5 170 120 250 80
S O 1 -7 120 160 160 40
O T 0 4 160 100 260 100
T Back 1 -8 100 120 1060 960
Back Back 0 0 120 100 160 40
Back Back 0 0 100 70 170 70
Back O -1 4 70 142 710 640
O S -1 7 142 100 162 20
S T 1 -3 100 90 180 80
T Space -3 1 90 140 2170 2080
Space A 2 3 140 90 280 140
A S 0 -1 90 140 170 80
S Space -2 -2 140 150 160 20
Space E 3 1 150 110 240 90
E X -2 1 110 110 320 210
X P 2 -8 110 160 350 240
P E 0 7 160 100 210 50
E N -2 -3 100 180 200 100
N S 1 4 180 120 640 460
S I 1 -6 120 140 210 90
I V -2 4 140 170 290 150
V E 2 1 170 120 150 -20
E Space -3 -1 120 150 3020 2900
Space A 2 3 150 120 360 210
A S 0 -1 120 120 200 80
S Space -2 -2 120 150 160 40
Space S 2 2 150 142 290 140
S Back 2 -11 142 80 4242 4100
Back LShiftKey -3 13 80 120 540 460
LShiftKey S 1 -2 120 90 40 -80
S T 1 -3 90 120 710 620
T N -2 -1 120 140 530 410
N Back 3 -7 140 110 930 790
Back A -2 12 110 90 750 640
A N -1 -5 90 130 520 430
N F 1 2 130 110 2240 2110
F O 1 -5 110 160 1220 1110
O R 0 5 160 90 350 190
R D -1 1 90 92 210 120
D Oemcomma -1 -5 92 90 2352 2260
Oemcomma A 1 7 90 120 5100 5010
A N -1 -5 120 180 140 20
N D 1 3 180 172 160 -20
D Space -2 -1 172 160 312 140
Space A 2 3 160 120 1010 850
A L 0 -8 120 70 670 550
L L 0 0 70 80 140 70
L Space -2 5 80 140 140 60
Space O 3 -5 140 140 180 40
O F -1 5 140 120 250 110
F Space -2 0 120 150 240 120
Space Left 0 -7 150 110 7362 7212
Left Left 0 0 110 80 170 60
Left Left 0 0 80 80 130 50
Left Left 0 0 80 100 140 60
Left Left 0 0 100 90 140 40
Left Left 0 0 90 100 130 40
Left Left 0 0 100 80 140 40
Left Left 0 0 80 90 140 60
Left Left 0 0 90 90 150 60
Left Left 0 0 90 90 150 60
Left Left 0 0 90 90 150 60
Left Left 0 0 90 100 140 50
Left Space 0 7 100 90 550 450
Space M 1 -3 90 142 7040 6950
M Y 2 1 142 89 562 420
Y Space -3 2 89 130 2352 2263
Space W 3 2 130 120 560 430
W O 0 -7 120 160 440 320
O R 0 5 160 120 190 30
R K -1 -4 120 80 330 210
K I 1 0 80 100 170 90
I N -2 2 100 120 160 60
N G 1 1 120 100 190 70
G OemMinus 2 -6 100 80 1720 1620
OemMinus C -3 8 80 130 1180 1100
C L 1 -6 130 120 1090 960
L A 0 8 120 110 210 90
A S 0 -1 110 70 210 100
S S 0 0 70 80 140 70
S Space -2 -2 80 110 2172 2092
Space P 3 -6 110 110 620 510
P A -1 9 110 90 840 730
A R 1 -3 90 80 290 200
R E 0 1 80 80 200 120
E N -2 -3 80 130 240 160
N T 2 1 130 120 280 150
T S -1 3 120 100 140 20
S Oem7 0 -9 100 70 4030 3930
Oem7 Space -2 7 70 120 1760 1690
Space S 2 2 120 110 540 420
S A 0 1 110 140 300 190
A V -1 -3 140 110 280 140
V I 2 -4 110 120 270 160
I N -2 2 120 130 160 40
N G 1 1 130 120 210 80
G S 0 3 120 110 1300 1180
S Space -2 -2 110 140 370 260
Space W 3 2 140 120 310 170
W E 0 -1 120 90 670 550
E R 0 -1 90 80 180 90
R E 0 1 80 100 160 80
E Space -3 -1 100 140 1860 1760
Space B 1 -1 140 180 540 400
B E 2 2 180 110 240 60
E I 0 -5 110 110 610 500
I N -2 2 110 110 160 50
N G 1 1 110 110 200 90
G Space -2 1 110 150 190 80
Space S 2 2 150 172 690 540
S P 1 -8 172 160 242 70
P E 0 7 160 120 140 -20
E N -2 -3 120 132 170 50
N T 2 1 132 120 252 120
T Space -3 1 120 120 2410 2290
Space O 3 -5 120 100 450 330
O N -2 3 100 110 180 80
N Space -1 2 110 170 210 100
Space M 1 -3 170 150 240 70
M Y 2 1 150 100 280 130
Y Space -3 2 100 140 190 90
Space C 1 1 140 110 410 270
C O 2 -6 110 90 210 100
O L -1 0 90 80 270 180
L L 0 0 80 150 140 60
L E 1 6 150 120 890 740
E G -1 -2 120 140 130 10
G E 1 2 140 100 100 -40
E Space -3 -1 100 140 2320 2220
Space T 3 -1 140 90 460 320
T U 0 -2 90 90 250 160
U I 0 -1 90 110 170 80
I T 0 3 110 120 220 110
T I 0 -3 120 100 180 60
I O 0 -1 100 100 170 70
O N -2 3 100 130 170 70
N OemPeriod 0 -3 130 80 2690 2560
OemPeriod Space -1 5 80 140 450 370
Space LShiftKey 1 4 140 180 1260 1120
LShiftKey A 1 -1 180 80 80 -100
A F 0 -3 80 100 600 520
F T 1 -1 100 180 160 60
T E 0 2 180 160 160 -20
E R 0 -1 160 160 200 40
R Back 1 -9 160 70 11710 11550
Back Left -4 2 70 120 2060 1990
Left Left 0 0 120 90 200 80
Left Left 0 0 90 100 180 90
Left Left 0 0 100 130 160 60
Left Space 0 7 130 150 780 650
Space Back 4 -9 150 100 1210 1060
Back Back 0 0 100 110 20670 20570
Back Space -4 9 110 130 1100 990
Space Right 0 -9 130 90 1540 1410
Right Right 0 0 90 90 150 60
Right Right 0 0 90 60 150 60
Right Right 0 0 60 90 250 190
Right R 3 9 90 70 1020 930
R Space -3 0 70 142 270 200
Space S 2 2 142 120 292 150
S I 1 -6 120 160 150 30
I X -2 6 160 50 370 210
X X 0 0 50 110 620 570
X Back 3 -11 110 110 2110 2000
Back M -3 6 110 120 4640 4530
M O 2 -2 120 160 240 120
O N -2 3 160 140 540 380
N T 2 1 140 82 300 160
T H -1 -1 82 140 172 90
H Left -2 -5 140 80 4740 4600
Left Left 0 0 80 90 140 60
Left Left 0 0 90 100 140 50
Left Left 0 0 100 100 140 40
Left Left 0 0 100 90 150 50
Left Left 0 0 90 90 160 70
Left Right 0 -2 90 100 540 450
Right Space 0 9 100 100 490 390
Space Right 0 -9 100 110 480 380
Right Right 0 0 110 90 150 40
Right Right 0 0 90 90 130 40
Right Right 0 0 90 90 150 60
Right Right 0 0 90 80 260 170
Right S 2 11 80 100 970 890
S Back 2 -11 100 80 2860 2760
Back Space -4 9 80 160 2220 2140
Space Oemcomma 1 -4 160 100 6260 6100
Oemcomma Back 3 -5 100 80 2520 2420
Back Oemcomma -3 5 80 90 4900 4820
Oemcomma Space -1 4 90 130 490 400
Space LShiftKey 1 4 130 150 990 860
LShiftKey I 2 -8 150 150 20 -130
I Space -3 4 150 130 320 170
Space C 1 1 130 160 2360 2230
C O 2 -6 160 170 160 0
O U 0 2 170 160 160 -10
U L -1 -2 160 220 200 40
L D 0 6 220 120 2120 1900
D N -1 -3 120 130 1330 1210
N Oem7 1 -5 130 110 1430 1300
Oem7 Y 1 5 110 80 332 222
Y Back 1 -7 80 100 690 610
Back T -1 8 100 80 600 500
T Space -3 1 80 140 2030 1950
Space S 2 2 140 110 300 160
S E 1 -1 110 100 280 170
E E 0 0 100 110 160 60
E Space -3 -1 110 140 960 850
Space T 3 -1 140 80 360 220
T H -1 -1 80 160 180 100
H E 1 3 160 110 140 -20
E Space -3 -1 110 100 200 90
Space V 1 0 100 140 470 370
V A 1 3 140 120 270 130
A L 0 -8 120 150 300 180
L U 1 2 150 150 410 260
U E 0 4 150 100 210 60
E Space -3 -1 100 140 1030 930
Space I 3 -4 140 110 260 120
I N -2 2 110 130 170 60
N Space -1 2 130 130 390 260
Space I 3 -4 130 150 410 280
I T 0 3 150 90 230 80
T OemPeriod -2 -4 90 90 1470 1380
OemPeriod Space -1 5 90 110 780 690
Space LShiftKey 1 4 110 160 880 770
LShiftKey I 2 -8 160 110 60 -100
I Space -3 4 110 180 150 40
Space H 2 -2 180 180 360 180
H A 0 5 180 120 160 -20
A D 0 -2 120 110 260 140
D Space -2 -1 110 140 190 80
Space N 1 -2 140 122 370 230
N O 2 -3 122 160 212 90
O Space -3 5 160 130 260 100
Space I 3 -4 130 100 430 300
I D -1 5 100 120 460 360
D E 1 0 120 100 220 100
E A -1 2 100 150 220 120
A Space -2 -3 150 130 1470 1320
Space W 3 2 130 120 400 270
W H -1 -4 120 170 190 70
H A 0 5 170 150 150 -20
A T 1 -4 150 120 190 40
T Space -3 1 120 130 1000 880
Space LShiftKey 1 4 130 150 280 150
LShiftKey I 2 -8 150 110 100 -50
I Space -3 4 110 150 150 40
Space W 3 2 150 90 220 70
W A -1 1 90 100 200 110
A N -1 -5 100 130 250 150
N T 2 1 130 130 260 130
T E 0 2 130 80 530 400
E D -1 0 80 80 180 100
D Space -2 -1 80 120 2030 1950
Space T 3 -1 120 90 542 422
T O 0 -4 90 120 180 90
O Space -3 5 120 180 180 60
Space D 2 1 180 100 280 100
D O 1 -6 100 130 320 220
O Space -3 5 130 122 330 200
Space W 3 2 122 70 1212 1090
W I 0 -6 70 150 150 80
I T 0 3 150 100 250 100
T H -1 -1 100 130 200 100
H Space -2 2 130 150 440 310
Space M 1 -3 150 120 500 350
M Y 2 1 120 90 300 180
Y Space -3 2 90 120 180 90
Space L 2 -5 120 120 250 130
L I 1 1 120 120 230 110
I F -1 4 120 100 290 170
F E 1 1 100 110 200 100
E Space -3 -1 110 130 1821 1711
Space A 2 3 130 112 210 80
A N -1 -5 112 180 132 20
N D 1 3 180 140 200 20
D Space -2 -1 140 130 250 110
Space N 1 -2 130 130 920 790
N O 2 -3 130 120 210 80
O Space -3 5 120 160 180 60
Space I 3 -4 160 150 200 40
I D -1 5 150 130 420 270
D E 1 0 130 80 210 80
E A -1 2 80 120 230 150
A Space -2 -3 120 120 880 760
Space H 2 -2 120 130 350 230
H O 1 -3 130 160 250 120
O W 0 7 160 110 240 80
W Space -3 -2 110 140 2610 2500
Space C 1 1 140 100 500 360
C O 2 -6 100 110 290 190
O L -1 0 110 80 260 150
L L 0 0 80 130 140 60
L E 1 6 130 142 210 80
E G -1 -2 142 140 282 140
G E 1 2 140 120 100 -40
E Space -3 -1 120 120 1240 1120
Space W 3 2 120 90 280 160
W A -1 1 90 100 220 130
A S 0 -1 100 80 190 90
S Space -2 -2 80 160 170 90
Space G 2 -1 160 100 660 500
G O 1 -4 100 100 220 120
O I 0 1 100 90 210 110
I N -2 2 90 130 160 70
N G 1 1 130 100 210 80
G Space -2 1 100 130 1330 1230
Space T 3 -1 130 100 330 200
T O 0 -4 100 130 210 110
O Space -3 5 130 160 170 40
Space H 2 -2 160 160 290 130
H E 1 3 160 112 380 220
E L -1 -6 112 120 162 50
L P 1 -1 120 80 450 330
P Space -3 6 80 130 1470 1390
Space M 1 -3 130 180 290 160
M E 2 4 180 110 220 40
E Space -3 -1 110 130 210 100
Space F 2 0 130 110 540 410
F I 1 -4 110 122 180 70
I G -1 3 122 150 272 150
G U 1 -2 150 130 160 10
U R 0 3 130 100 290 160
R E 0 1 100 90 180 80
E Space -3 -1 90 140 1200 1110
Space I 3 -4 140 140 310 170
I T 0 3 140 80 280 140
T Space -3 1 80 130 200 120
Space O 3 -5 130 130 300 170
O U 0 2 130 100 150 20
U T 0 2 100 110 220 120
T OemPeriod -2 -4 110 90 2330 2220
OemPeriod Space -1 5 90 130 1140 1050
Space LShiftKey 1 4 130 160 490 360
LShiftKey A 1 -1 160 80 40 -120
A N -1 -5 80 130 340 260
N D 1 3 130 120 150 20
D Space -2 -1 120 150 790 670
Space H 2 -2 150 140 1650 1500
H E 1 3 140 100 330 190
E R 0 -1 100 110 180 80
R E 0 1 110 90 180 70
E Space -3 -1 90 132 1090 1000
Space LShiftKey 1 4 132 150 392 260
LShiftKey I 2 -8 150 130 70 -80
I Space -3 4 130 150 140 10
Space W 3 2 150 53 450 300
W A -1 1 53 80 292 239
A S 0 -1 80 90 190 110
S Space -2 -2 90 120 2820 2730
Space S 2 2 120 150 1800 1680
S P 1 -8 150 170 190 40
P E 0 7 170 120 290 120
E D -1 0 120 120 230 110
D Back 2 -10 120 120 1380 1260
Back N -3 7 120 160 660 540
N D 1 3 160 110 170 10
D I 1 -5 110 100 100 -10
I N -2 2 100 140 130 30
N G 1 1 140 100 200 60
G Space -2 1 100 120 920 820
Space A 2 3 120 110 220 100
A L 0 -8 110 80 250 140
L L 0 0 80 90 140 60
L Space -2 5 90 120 210 120
Space O 3 -5 120 160 1370 1250
O F -1 5 160 110 180 20
F Space -2 0 110 120 150 40
Space T 3 -1 120 80 1120 1000
T H -1 -1 80 150 170 90
H E 1 3 150 100 120 -30
E Space -3 -1 100 120 150 50
Space M 1 -3 120 150 260 140
M O 2 -2 150 150 220 70
O N -2 3 150 180 230 80
N E 2 3 180 102 220 40
E Y 0 -3 102 90 252 150
Y Space -3 2 90 120 1130 1040
Space M 1 -3 120 120 600 480
M Y 2 1 120 100 280 160
Y Space -3 2 100 120 210 110
Space P 3 -6 120 120 3630 3510
P A -1 9 120 140 250 130
A R 1 -3 140 110 250 110
R E 0 1 110 90 210 100
E N -2 -3 90 160 300 210
N T 2 1 160 130 340 180
T S -1 3 130 140 140 10
S Space -2 -2 140 160 1530 1390
Space H 2 -2 160 180 290 130
H A 0 5 180 130 140 -40
A D 0 -2 130 110 520 390
D Space -2 -1 110 120 1250 1140
Space S 2 2 120 92 460 340
S A 0 1 92 140 182 90
A V -1 -3 140 170 210 70
V E 2 1 170 90 240 70
E D -1 0 90 110 190 100
D Space -2 -1 110 140 1220 1110
Space T 3 -1 140 80 460 320
T H -1 -1 80 170 200 120
H E 1 3 170 150 300 130
E I 0 -5 150 160 350 200
I R 0 4 160 80 170 10
R Space -3 0 80 130 1380 1300
Space E 3 1 130 110 420 290
E N -2 -3 110 130 230 120
N T 2 1 130 120 1560 1430
T I 0 -3 120 130 200 80
I R 0 4 130 120 110 -20
R E 0 1 120 60 240 120
E Space -3 -1 60 140 2460 2400
Space L 2 -5 140 150 390 250
L I 1 1 150 150 250 100
I F -1 4 150 110 270 120
F E 1 1 110 130 160 50
E OemPeriod -2 -6 130 100 2000 1870
OemPeriod Space -1 5 100 110 770 670
Space LShiftKey 1 4 110 170 380 270
LShiftKey S 1 -2 170 90 60 -110
S O 1 -7 90 130 380 290
O Space -3 5 130 140 290 160
Space LShiftKey 1 4 140 170 660 520
LShiftKey I 2 -8 170 140 40 -130
I Space -3 4 140 130 170 30
Space D 2 1 130 120 170 40
D E 1 0 120 110 200 80
E C -2 0 110 170 270 160
C I 2 -5 170 130 170 0
I D -1 5 130 110 160 30
D E 1 0 110 80 200 90
E D -1 0 80 120 170 90
D Space -2 -1 120 140 4880 4760
Space T 3 -1 140 80 400 260
T O 0 -4 80 110 500 420
O Space -3 5 110 110 180 70
Space D 2 1 110 140 340 230
D R 1 -1 140 110 280 140
R O 0 -5 110 80 390 280
O P 0 -1 80 130 170 90
P O 0 1 130 160 5530 5400
O U 0 2 160 90 230 70
U T 0 2 90 80 250 160
T Left -3 -6 80 100 1650 1570
Left Left 0 0 100 100 170 70
Left Left 0 0 100 110 150 50
Left Space 0 7 110 80 390 280
Space Right 0 -9 80 100 290 210
Right Right 0 0 100 100 190 90
Right Right 0 0 100 70 210 110
Right Space 0 9 70 120 8230 8160
Space A 2 3 120 130 460 340
A N -1 -5 130 190 230 100
N D 1 3 190 150 180 -10
D Space -2 -1 150 150 270 120
Space T 3 -1 150 80 1340 1190
T R 0 1 80 140 230 150
R U 0 -3 140 180 280 140
U S -1 5 180 120 250 70
S T 1 -3 120 110 250 130
T Space -3 1 110 130 2420 2310
Space T 3 -1 130 90 350 220
T A -1 4 90 152 180 90
A H 0 -5 152 112 10 -142
H T 1 1 112 110 182 70
T Space -3 1 110 160 1110 1000
Space I 3 -4 160 150 340 180
I T 0 3 150 110 270 120
T Space -3 1 110 160 240 130
Space W 3 2 160 120 2070 1910
W O 0 -7 120 160 210 90
O U 0 2 160 130 150 -10
U L -1 -2 130 210 180 50
L D 0 6 210 120 140 -70
D Space -2 -1 120 140 2176 2056
Space A 2 3 140 120 290 150
A L 0 -8 120 80 240 120
L L 0 0 80 70 190 110
L Space -2 5 70 150 580 510
Space W 3 2 150 110 830 680
W O 0 -7 110 180 600 490
O R 0 5 180 140 140 -40
R K -1 -4 140 140 360 220
K Space -2 4 140 120 920 780
Space O 3 -5 120 150 510 390
O U 0 2 150 110 230 80
U T 0 2 110 100 340 230
T Space -3 1 100 140 440 340
Space LShiftKey 1 4 140 160 830 690
LShiftKey O 2 -9 160 110 40 -120
O LShiftKey -2 9 110 122 250 140
LShiftKey K 1 -8 122 142 20 -102
K H 0 2 142 160 3722 3580
H A 0 5 160 132 350 190
A OemPeriod -1 -8 132 90 3974 3842
OemPeriod Space -1 5 90 140 1890 1800
Space LShiftKey 1 4 140 162 280 140
LShiftKey I 2 -8 162 132 90 -72
I T 0 3 132 110 1062 930
T Space -3 1 110 150 620 510
Space Left 0 -7 150 120 1970 1820
Left Left 0 0 120 120 170 50
Left Back 4 -2 120 110 860 740
Back LShiftKey -3 13 110 142 400 290
LShiftKey I 2 -8 142 132 30 -112
I Right -3 -5 132 150 712 580
Right Space 0 9 150 150 2470 2320
Space W 3 2 150 72 2510 2360
W A -1 1 72 90 192 120
A S 0 -1 90 100 190 100
S Space -2 -2 100 130 3620 3520
Space R 3 0 130 100 420 290
R Back 1 -9 100 160 540 440
Back P -1 3 160 150 520 360
P R 0 6 150 130 210 60
R E 0 1 130 160 230 100
E T 0 -2 160 60 370 210
T T 0 0 60 90 120 60
T Y 0 -1 90 120 140 50
Y Space -3 2 120 140 3050 2930
Space S 2 2 140 150 470 330
S C -1 -1 150 130 570 420
C A 1 2 130 120 1450 1320
A R 1 -3 120 102 150 30
R Y 0 -2 102 100 342 240
Y Space -3 2 100 130 2500 2400
Space A 2 3 130 130 300 170
A T 1 -4 130 100 230 100
T Space -3 1 100 160 180 80
Space T 3 -1 160 120 200 40
T H -1 -1 120 210 170 50
H E 1 3 210 120 150 -60
E Space -3 -1 120 140 140 20
Space T 3 -1 140 90 250 110
T I 0 -3 90 110 230 140
I M -2 1 110 190 180 70
M E 2 4 190 110 190 0
E Oemcomma -2 -5 110 100 2010 1900
Oemcomma Space -1 4 100 120 240 140
Space B 1 -1 120 110 320 200
B U 2 -2 110 130 160 50
U T 0 2 130 100 150 20
T Space -3 1 100 130 1860 1760
Space L 2 -5 130 100 550 420
L O 1 0 100 70 340 240
O O 0 0 70 100 120 50
O K -1 1 100 140 190 90
K I 1 0 140 100 260 120
I N -2 2 100 110 170 70
N G 1 1 110 100 180 70
G Space -2 1 100 130 1780 1680
Space B 1 -1 130 152 460 330
B A 1 4 152 130 262 110
A C -1 -2 130 112 270 140
C K 1 -5 112 100 242 130
K Space -2 4 100 140 1690 1590
Space I 3 -4 140 140 330 190
I T 0 3 140 100 260 120
T Space -3 1 100 130 180 80
Space W 3 2 130 100 250 120
W A -1 1 100 100 220 120
A S 0 -1 100 90 180 80
S Space -2 -2 90 120 960 870
Space O 3 -5 120 100 530 410
O N -2 3 100 172 270 170
N E 2 3 172 110 282 110
E Space -3 -1 110 140 170 60
Space O 3 -5 140 150 380 240
O F -1 5 150 110 130 -20
F Space -2 0 110 140 150 40
Space T 3 -1 140 70 1690 1550
T H -1 -1 70 150 170 100
H E 1 3 150 120 130 -20
E Space -3 -1 120 140 160 40
Space B 1 -1 140 170 280 140
B E 2 2 170 80 320 150
E S -1 1 80 90 200 120
S T 1 -3 90 110 180 90
T Space -3 1 110 150 880 770
Space D 2 1 150 120 420 270
D E 1 0 120 90 200 80
E C -2 0 90 110 280 190
C I 2 -5 110 140 270 160
I S -1 6 140 110 280 140
S I 1 -6 110 102 140 30
I O 0 -1 102 120 312 210
O N -2 3 120 118 170 50
N S 1 4 118 90 1462 1344
S Space -2 -2 90 130 3450 3360
Space LShiftKey 1 4 130 140 410 280
LShiftKey I 2 -8 140 120 60 -80
I Space -3 4 120 170 140 20
Space E 3 1 170 160 460 290
E V -2 -1 160 160 280 120
V E 2 1 160 110 90 -70
E R 0 -1 110 110 190 80
R Space -3 0 110 150 1300 1190
Space M 1 -3 150 280 410 260
M A 1 6 280 140 150 -130
A D 0 -2 140 110 230 90
D E 1 0 110 92 180 70
E OemPeriod -2 -6 92 90 1872 1780
OemPeriod Space -1 5 90 120 910 820
Space LShiftKey 1 4 120 170 350 230
LShiftKey T 2 -5 170 90 80 -90
T H -1 -1 90 170 190 100
H E 1 3 170 120 100 -70
E Space -3 -1 120 140 200 80
Space M 1 -3 140 130 2100 1960
M I 2 -1 130 150 180 50
I N -2 2 150 120 270 120
N U 2 -1 120 180 140 20
U T 0 2 180 160 210 30
T E 0 2 160 130 260 100
E Space -3 -1 130 140 840 710
Space LShiftKey 1 4 140 120 340 200
LShiftKey I 2 -8 120 130 70 -50
I Space -3 4 130 140 190 60
Space D 2 1 140 110 380 240
D R 1 -1 110 90 670 560
R O 0 -5 90 152 380 290
O P 0 -1 152 70 1092 940
P P 0 0 70 120 130 60
P E 0 7 120 90 280 160
E D -1 0 90 90 190 100
D Space -2 -1 90 140 3750 3660
Space O 3 -5 140 150 440 300
O U 0 2 150 130 170 20
U T 0 2 130 120 230 100
T Space -3 1 120 150 5070 4950
Space LShiftKey 1 4 150 160 420 270
LShiftKey I 2 -8 160 130 50 -110
I Space -3 4 130 180 160 30
Space C 1 1 180 130 380 200
C O 2 -6 130 150 150 20
O U 0 2 150 110 160 10
U O 0 -2 110 50 150 40
O L -1 0 50 180 40 -10
L D 0 6 180 120 160 -20
D Back 2 -10 120 110 1010 890
Back Back 0 0 110 120 240 130
Back Back 0 0 120 100 1030 910
Back L -2 4 100 110 730 630
L D 0 6 110 90 190 80
D Space -2 -1 90 130 2060 1970
Space S 2 2 130 110 540 410
S T 1 -3 110 100 340 230
T O 0 -4 100 80 480 380
O P 0 -1 80 100 160 80
P Space -3 6 100 170 810 710
Space T 3 -1 170 90 1260 1090
T A -1 4 90 100 260 170
A K 0 -7 100 70 260 160
K I 1 0 70 100 170 100
I N -2 2 100 120 160 60
N G 1 1 120 80 190 70
G Space -2 1 80 150 180 100
Space T 3 -1 150 90 260 110
T H -1 -1 90 180 180 90
H E 1 3 180 100 150 -30
E Space -3 -1 100 160 140 40
Space R 3 0 160 100 1040 880
R E 0 1 100 102 170 70
E Q 0 2 102 120 522 420
Q U 0 -6 120 100 380 260
U I 0 -1 100 160 200 100
I R 0 4 160 90 510 350
R E 0 1 90 80 170 80
E D -1 0 80 100 170 90
D Space -2 -1 100 120 1780 1680
Space C 1 1 120 110 600 480
C L 1 -6 110 150 380 270
L A 0 8 150 100 270 120
A S 0 -1 100 70 260 160
S S 0 0 70 80 140 70
S E 1 -1 80 100 170 90
E S -1 1 100 100 200 100
S Space -2 -2 100 140 2860 2760
Space T 3 -1 140 80 500 360
T H -1 -1 80 140 190 110
H A 0 5 140 150 80 -60
A T 1 -4 150 100 130 -20
T Space -3 1 100 150 210 110
Space D 2 1 150 170 400 250
D I 1 -5 170 190 220 50
I D -1 5 190 120 350 160
D N -1 -3 120 90 400 280
N Oem7 1 -5 90 80 640 550
Oem7 T 1 6 80 100 390 310
T Space -3 1 100 132 1740 1640
Space I 3 -4 132 120 402 270
I N -2 2 120 150 200 80
N T 2 1 150 120 610 460
T E 0 2 120 110 270 150
E R 0 -1 110 140 190 80
R E 0 1 140 80 680 540
E S -1 1 80 82 230 150
S T 1 -3 82 80 242 160
T Space -3 1 80 120 2340 2260
Space M 1 -3 120 190 310 190
M E 2 4 190 120 230 40
E Oemcomma -2 -5 120 90 1230 1110
Oemcomma Space -1 4 90 120 600 510
Space A 2 3 120 120 250 130
A N -1 -5 120 140 180 60
N D 1 3 140 140 160 20
D Space -2 -1 140 150 190 50
Space B 1 -1 150 160 1070 920
B E 2 2 160 120 240 80
E G -1 -2 120 100 600 480
G I 1 -3 100 150 140 40
I N -2 2 150 160 180 30
N Space -1 2 160 150 520 360
Space D 2 1 150 120 920 770
D R 1 -1 120 110 220 100
R O 0 -5 110 100 270 160
O P 0 -1 100 102 350 250
P P 0 0 102 130 152 50
P I 0 2 130 90 630 500
I N -2 2 90 110 160 70
N G 1 1 110 90 200 90
G Space -2 1 90 140 820 730
Space I 3 -4 140 90 280 140
I N -2 2 90 130 170 80
N Space -1 2 130 150 230 100
Space O 3 -5 150 120 630 480
O N -2 3 120 120 200 80
N Space -1 2 120 150 170 50
Space T 3 -1 150 80 270 120
T H -1 -1 80 180 170 90
H E 1 3 180 120 150 -30
E Space -3 -1 120 150 250 130
Space O 3 -5 150 100 1250 1100
O N -2 3 100 140 410 310
N E 2 3 140 86 500 360
E S -1 1 86 80 212 126
S Space -2 -2 80 130 960 880
Space T 3 -1 130 90 440 310
T H -1 -1 90 150 180 90
H A 0 5 150 130 80 -70
A T 1 -4 130 110 160 30
T Space -3 1 110 130 640 530
Space L 2 -5 130 100 490 360
L O 1 0 100 70 430 330
O O 0 0 70 110 112 42
O K -1 1 110 120 380 270
K E 1 5 120 90 380 260
E D -1 0 90 92 180 90
D Space -2 -1 92 130 682 590
Space I 3 -4 130 80 1440 1310
I N -2 2 80 160 160 80
N T 2 1 160 120 400 240
T E 0 2 120 112 410 290
E R 0 -1 112 120 182 70
R S -1 2 120 100 270 150
S T 1 -3 100 80 560 460
T I 0 -3 80 100 180 100
I N -2 2 100 90 1670 1570
N G 1 1 90 90 200 110
G OemPeriod -1 -4 90 80 1910 1820
