LShiftKey LShiftKey 0 0 546 437 2964 2418
LShiftKey I 2 -8 437 94 328 -109
I Space -3 4 94 93 281 187
Space A 2 3 93 109 421 328
A M -1 -6 109 110 140 31
M Space -1 3 110 109 219 109
Space H 2 -2 109 78 1388 1279
H O 1 -3 78 93 297 219
O N -2 3 93 94 2152 2059
N O 2 -3 94 109 250 156
O R 0 5 109 94 343 234
R E 0 1 94 94 187 93
E D -1 0 94 93 375 281
D Space -2 -1 93 94 296 203
Space T 3 -1 94 109 234 140
T O 0 -4 109 94 265 156
O Space -3 5 94 78 328 234
Space B 1 -1 78 110 530 452
B E 2 2 110 109 219 109
E Space -3 -1 109 109 203 94
Space W 3 2 109 78 1809 1700
W I 0 -6 78 109 281 203
I T 0 3 109 93 749 640
T H -1 -1 93 94 249 156
H Space -2 2 94 141 1092 998
Space Y 3 -2 141 78 952 811
Y O 0 -3 78 94 312 234
O U 0 2 94 94 234 140
U Space -3 3 94 109 343 249
Space T 3 -1 109 124 921 812
T O 0 -4 124 110 436 312
O D -1 6 110 109 266 156
D A 0 2 109 156 452 343
A Y 1 -5 156 93 406 250
Y Space -3 2 93 125 280 187
Space A 2 3 125 125 250 125
A T 1 -4 125 109 156 31
T Space -3 1 109 140 328 219
Space Y 3 -2 140 93 1326 1186
Y O 0 -3 93 109 296 203
O U 0 2 109 124 250 141
U R 0 3 124 140 296 172
R Space -3 0 140 140 234 94
Space C 1 1 140 125 1841 1701
C O 2 -6 125 78 499 374
O M -2 2 78 93 250 172
M M 0 0 93 62 187 94
M E 2 4 62 125 171 109
E N -2 -3 125 125 328 203
N C 0 3 125 141 1544 1419
C E 2 0 141 94 515 374
E M -2 -4 94 109 468 374
M E 2 4 109 140 172 63
E N -2 -3 140 109 296 156
N T 2 1 109 109 375 266
T Space -3 1 109 140 343 234
Space F 2 0 140 125 1419 1279
F R 1 0 125 109 250 125
R O 0 -5 109 109 312 203
O M -2 2 109 109 265 156
M Space -1 3 109 110 265 156
Space O 3 -5 110 109 593 483
O N -2 3 109 124 297 188
N E 2 3 124 109 218 94
E Space -3 -1 109 141 140 31
Space O 3 -5 141 109 1654 1513
O F -1 5 109 125 515 406
F Space -2 0 125 125 156 31
Space F 2 0 125 109 421 296
F I 1 -4 109 93 281 172
I N -2 2 93 125 405 312
N E 2 3 125 109 687 562
E D -1 0 109 78 265 156
D Back 2 -10 78 94 811 733
Back S -2 11 94 141 156 62
S T 1 -3 141 94 343 202
T Space -3 1 94 141 437 343
Space U 3 -3 141 109 1888 1747
U N -2 1 109 93 234 125
N I 2 -2 93 93 281 188
I V -2 4 93 125 327 234
V E 2 1 125 125 328 203
E R 0 -1 125 93 281 156
R S -1 2 93 110 358 265
S I 1 -6 110 93 344 234
I Y 0 2 93 93 390 297
Y Back 1 -7 93 78 561 468
Back T -1 8 78 125 671 593
T I 0 -3 125 124 172 47
I E 0 5 124 94 327 203
E S -1 1 94 140 375 281
S Space -2 -2 140 141 358 218
Space I 3 -4 141 62 2013 1872
I N -2 2 62 125 546 484
N Space -1 2 125 125 312 187
Space T 3 -1 125 125 2137 2012
T H -1 -1 125 109 250 125
H E 1 3 109 172 280 171
E Space -3 -1 172 125 312 140
Space W 3 2 125 141 203 78
W O 0 -7 141 109 359 218
O R 0 5 109 93 437 328
R L -1 -5 93 124 359 266
L D 0 6 124 156 374 250
D Space -2 -1 156 156 250 94
Space Back 4 -9 156 93 780 624
Back OemPeriod -3 4 93 93 546 453
OemPeriod Space -1 5 93 110 280 187
Space LShiftKey 1 4 110 281 234 124
LShiftKey I 2 -8 281 93 219 -62
I Space -3 4 93 94 296 203
Space N 1 -2 94 125 858 764
N E 2 3 125 125 250 125
E V -2 -1 125 93 936 811
V E 2 1 93 93 234 141
E R 0 -1 93 93 203 110
R Space -3 0 93 125 280 187
Space G 2 -1 125 125 1420 1295
G R 1 1 125 110 218 93
R A -1 3 110 140 328 218
A D 0 -2 140 125 452 312
D U 1 -4 125 124 344 219
U A -1 6 124 140 187 63
A T 1 -4 140 125 437 297
T E 0 2 125 110 171 46
E D -1 0 110 110 234 124
D Space -2 -1 110 156 219 109
Space F 2 0 156 110 1185 1029
F R 1 0 110 109 344 234
R O 0 -5 109 110 358 249
O M -2 2 110 94 234 124
M Space -1 3 94 94 234 140
Space C 1 1 94 110 858 764
C O 2 -6 110 93 219 109
O L -1 0 93 94 249 156
L L 0 0 94 125 156 62
L E 1 6 125 93 266 141
E G -1 -2 93 94 608 515
G E 1 2 94 140 234 140
E OemPeriod -2 -6 140 109 1607 1467
OemPeriod Space -1 5 109 124 281 172
Space LShiftKey 1 4 124 717 187 63
LShiftKey T 2 -5 717 93 593 -124
T R 0 1 93 94 998 905
R U 0 -3 94 110 296 202
U T 0 2 110 109 422 312
T H -1 -1 109 93 499 390
H Space -2 2 93 110 249 156
Space T 3 -1 110 125 281 171
T O 0 -4 125 109 219 94
O Space -3 5 109 140 265 156
Space B 1 -1 140 109 390 250
B E 2 2 109 109 203 94
E Space -3 -1 109 109 265 156
Space T 3 -1 109 109 733 624
T O 0 -4 109 94 218 109
O L -1 0 94 109 219 125
L D 0 6 109 125 327 218
D Space -2 -1 125 125 312 187
Space Back 4 -9 125 94 1373 1248
Back Oemcomma -3 5 94 109 359 265
Oemcomma Space -1 4 109 109 265 156
Space T 3 -1 109 109 687 578
T H -1 -1 109 110 280 171
H I 1 -2 110 109 297 187
I S -1 6 109 109 281 172
S Space -2 -2 109 78 234 125
Space I 3 -4 78 109 1700 1622
I S -1 6 109 125 281 172
S Space -2 -2 125 109 187 62
Space T 3 -1 109 109 2683 2574
T H -1 -1 109 109 219 110
H E 1 3 109 94 296 187
E Space -3 -1 94 140 125 31
Space C 1 1 140 125 546 406
C L 1 -6 125 93 281 156
L O 1 0 93 109 234 141
O S -1 7 109 109 312 203
S E 1 -1 109 93 234 125
E S -1 1 93 94 327 234
S T 1 -3 94 93 406 312
T Space -3 1 93 140 827 734
Space LShiftKey 1 4 140 296 577 437
LShiftKey I 2 -8 296 78 218 -78
I Oem7 -1 -3 78 78 1233 1155
Oem7 V -1 7 78 109 561 483
V E 2 1 109 109 141 32
E Space -3 -1 109 110 202 93
Space E 3 1 110 109 1342 1232
E V -2 -1 109 78 499 390
V E 2 1 78 94 234 156
E R 0 -1 94 125 562 468
R Space -3 0 125 110 1029 904
Space G 2 -1 110 125 515 405
G O 1 -4 125 93 297 172
O T 0 4 93 125 296 203
T T 0 0 125 109 187 62
T E 0 2 109 125 281 172
E N -2 -3 125 109 515 390
N Space -1 2 109 110 249 140
Space T 3 -1 110 125 1248 1138
T O 0 -4 125 93 375 250
O Space -3 5 93 125 296 203
Space A 2 3 125 124 219 94
A Space -2 -3 124 109 499 375
Space C 1 1 109 109 546 437
C O 2 -6 109 93 281 172
O L -1 0 93 94 218 125
L L 0 0 94 109 172 78
L E 1 6 109 109 218 109
E F -1 -1 109 109 421 312
F Back 2 -9 109 109 687 578
Back G -2 8 109 94 296 187
G E 1 2 94 124 250 156
E Space -3 -1 124 125 405 281
Space G 2 -1 125 110 1591 1466
G R 1 1 110 94 250 140
R A -1 3 94 140 172 78
A D 0 -2 140 78 1669 1529
D U 1 -4 78 109 390 312
U A -1 6 109 125 156 47
A T 1 -4 125 109 702 577
T I 0 -3 109 109 187 78
I O 0 -1 109 93 203 94
O N -2 3 93 125 405 312
N Oemcomma 0 -2 125 94 1638 1513
Oemcomma Back 3 -5 94 78 562 468
Back OemPeriod -3 4 78 78 577 499
OemPeriod Space -1 5 78 94 359 281
Space LShiftKey 1 4 94 624 452 358
LShiftKey T 2 -5 624 93 531 -93
T O 0 -4 93 78 421 328
O D -1 6 78 94 390 312
D A 0 2 94 109 250 156
A Y 1 -5 109 94 327 218
Y Space -3 2 94 140 1311 1217
Space LShiftKey 1 4 140 218 374 234
LShiftKey I 2 -8 218 78 187 -31
I Space -3 4 78 125 265 187
Space W 3 2 125 109 188 63
W A -1 1 109 109 234 125
A N -1 -5 109 93 421 312
N T 2 1 93 78 437 344
T Space -3 1 78 109 296 218
Space T 3 -1 109 109 281 172
T O 0 -4 109 93 234 125
O Space -3 5 93 125 265 172
Space T 3 -1 125 109 437 312
T E 0 2 109 109 2184 2075
E L -1 -6 109 78 390 281
L L 0 0 78 109 140 62
L Space -2 5 109 125 328 219
Space Y 3 -2 125 78 374 249
Y O 0 -3 78 110 265 187
O U 0 2 110 94 858 748
U Space -3 3 94 109 266 172
Space T 3 -1 109 93 1560 1451
T H -1 -1 93 110 748 655
H R 1 2 110 125 281 171
R E 0 1 125 125 250 125
E E 0 0 125 94 171 46
E Space -3 -1 94 125 281 187
Space S 2 2 125 140 172 47
S T 1 -3 140 94 249 109
T O 0 -4 94 110 468 374
O R 0 5 110 109 609 499
R E 0 1 109 124 281 172
E Back 1 -10 124 109 530 406
Back I -1 5 109 94 811 702
I E 0 5 94 109 203 109
E S -1 1 109 140 359 250
S Space -2 -2 140 110 249 109
Space O 3 -5 110 109 500 390
O Back 1 -4 109 109 2012 1903
Back F -2 9 109 140 624 515
F R 1 0 140 109 250 110
R O 0 -5 109 93 312 203
O M -2 2 93 94 296 203
M Space -1 3 94 109 234 140
Space M 1 -3 109 125 1154 1045
M Y 2 1 125 93 578 453
Y Space -3 2 93 109 265 172
Space L 2 -5 109 78 546 437
L I 1 1 78 110 249 171
I F -1 4 110 109 1342 1232
F E 1 1 109 109 250 141
E Oemcomma -2 -5 109 93 499 390
Oemcomma Back 3 -5 93 93 437 344
Back OemPeriod -3 4 93 93 546 453
OemPeriod Space -1 5 93 94 296 203
Space LShiftKey 1 4 94 203 593 499
LShiftKey N 0 -6 203 93 125 -78
N O 2 -3 93 94 249 156
O Space -3 5 94 125 281 187
Space B 1 -1 125 110 2870 2745
B I 2 -3 110 124 500 390
I G -1 3 124 109 483 359
G Space -2 1 109 94 203 94
Space D 2 1 94 109 655 561
D E 1 0 109 109 297 188
E A -1 2 109 140 296 187
A L 0 -8 140 94 390 250
L OemPeriod -1 0 94 125 437 343
OemPeriod Space -1 5 125 94 1388 1263
Space LShiftKey 1 4 94 687 187 93
LShiftKey J 1 -7 687 93 578 -109
J U 1 0 93 109 390 297
U S -1 5 109 172 327 218
S T 1 -3 172 109 219 47
T Space -3 1 109 109 327 218
Space T 3 -1 109 109 546 437
T H -1 -1 109 94 1763 1654
H R 1 2 94 94 390 296
R E 0 1 94 124 172 78
E E 0 0 124 94 171 47
E Space -3 -1 94 125 328 234
Space S 2 2 125 124 203 78
S T 1 -3 124 109 249 125
T O 0 -4 109 94 468 359
O R 0 5 94 141 421 327
R I 0 -4 141 94 484 343
I E 0 5 94 125 234 140
E S -1 1 125 93 484 359
S OemPeriod -1 -7 93 109 1653 1560
OemPeriod Return 1 -3 109 109 281 172
Return LShiftKey -1 12 109 515 1747 1638
LShiftKey T 2 -5 515 94 437 -78
T H -1 -1 94 94 530 436
H E 1 3 94 94 172 78
E Space -3 -1 94 124 172 78
Space F 2 0 124 93 546 422
F O 1 -5 93 94 296 203
O Back 1 -4 94 109 499 405
Back I -1 5 109 109 484 375
I R 0 4 109 109 499 390
R S -1 2 109 109 343 234
S T 1 -3 109 94 1763 1654
T Space -3 1 94 124 562 468
Space S 2 2 124 109 546 422
S T 1 -3 109 63 1029 920
T O 0 -4 63 93 406 343
O R 0 5 93 94 296 203
R Y 0 -2 94 94 780 686
Y Space -3 2 94 94 281 187
Space I 3 -4 94 109 265 171
I S -1 6 109 124 375 266
S Space -2 -2 124 110 280 156
Space A 2 3 110 109 3464 3354
A B -1 -4 109 125 951 842
B O 2 -4 125 110 234 109
O U 0 2 110 125 234 124
U T 0 2 125 93 453 328
T Space -3 1 93 109 296 203
Space C 1 1 109 93 609 500
C O 2 -6 93 94 405 312
O N -2 3 94 94 343 249
N N 0 0 94 109 172 78
N E 2 3 109 93 359 250
E C -2 0 93 78 343 250
C T 2 -2 78 109 203 125
T I 0 -3 109 94 639 530
I N -2 2 94 109 344 250
N G 1 1 109 94 436 327
G Space -2 1 94 94 281 187
Space D 2 1 94 93 375 281
D O 1 -6 93 109 234 141
O Y 0 3 109 78 592 483
Y Back 1 -7 78 109 578 500
Back T -1 8 109 93 577 468
T S -1 3 93 109 203 110
S Oemcomma -1 -6 109 125 967 858
Oemcomma Back 3 -5 125 93 4212 4087
Back OemPeriod -3 4 93 94 483 390
OemPeriod Return 1 -3 94 141 312 218
Return Capital 0 12 141 312 1202 1061
Capital I 1 -8 312 94 249 -63
I Space -3 4 94 93 297 203
Space D 2 1 93 94 280 187
D R 1 -1 94 109 375 281
R P 0 -6 109 31 312 203
P Back 1 -3 31 94 499 468
Back O -1 4 94 94 265 171
O P 0 -1 94 93 219 125
P P 0 0 93 78 187 94
P E 0 7 78 109 218 140
E D -1 0 109 109 250 141
D Space -2 -1 109 109 218 109
Space O 3 -5 109 93 375 266
O U 0 2 93 93 265 172
U T 0 2 93 109 593 500
T Space -3 1 109 125 296 187
Space O 3 -5 125 93 1763 1638
O F -1 5 93 93 359 266
F Space -2 0 93 141 202 109
Space LShiftKey 1 4 141 312 640 499
LShiftKey R 2 -4 312 94 234 -78
R E 0 1 94 141 218 124
E E 0 0 141 125 203 62
E D -1 0 125 110 577 452
D LShiftKey -1 3 110 359 609 499
LShiftKey C 0 -3 359 140 281 -78
C Back 3 -10 140 141 904 764
Back Back 0 0 141 94 1139 998
Back Back 0 0 94 78 187 93
Back Back 0 0 78 62 188 110
Back Back 0 0 62 62 187 125
Back Back 0 0 62 1154 125 63
Back Back 0 0 1154 93 1326 172
Back Space -4 9 93 141 982 889
Space Capital 2 4 141 141 702 561
Capital D 0 -3 141 110 1404 1263
D R 1 -1 110 94 234 124
R O 0 -5 94 78 999 905
O P 0 -1 78 93 203 125
P P 0 0 93 109 234 141
P E 0 7 109 94 202 93
E D -1 0 94 110 234 140
D Space -2 -1 110 93 297 187
Space O 3 -5 93 78 452 359
O U 0 2 78 94 312 234
U T 0 2 94 94 1326 1232
T Space -3 1 94 110 265 171
Space F 2 0 110 94 905 795
F R 1 0 94 93 219 125
R O 0 -5 93 140 608 515
O Back 1 -4 140 93 3526 3386
Back Back 0 0 93 78 187 94
Back Back 0 0 78 93 359 281
Back O -1 4 93 94 920 827
O F -1 5 94 109 203 109
F Space -2 0 109 109 218 109
Space LShiftKey 1 4 109 327 531 422
LShiftKey R 2 -4 327 94 218 -109
R E 0 1 94 125 203 109
E E 0 0 125 94 187 62
E D -1 0 94 109 172 78
D Space -2 -1 109 125 249 140
Space LShiftKey 1 4 125 312 702 577
LShiftKey C 0 -3 312 94 234 -78
C O 2 -6 94 78 297 203
O L -1 0 78 78 202 124
L L 0 0 78 109 141 63
L E 1 6 109 94 187 78
E G -1 -2 94 109 624 530
G E 1 2 109 125 343 234
E Space -3 -1 125 124 1935 1810
Space A 2 3 124 141 358 234
A F 0 -3 141 78 546 405
F T 1 -1 78 109 375 297
T E 0 2 109 94 140 31
E R 0 -1 94 110 187 93
R Space -3 0 110 125 234 124
Space T 3 -1 125 110 1326 1201
T H -1 -1 110 109 328 218
H E 1 3 109 110 218 109
E Space -3 -1 110 125 203 93
Space F 2 0 125 109 484 359
F I 1 -4 109 94 452 343
I R 0 4 94 109 281 187
R S -1 2 109 109 328 219
S T 1 -3 109 109 390 281
T Space -3 1 109 141 405 296
Space D3 4 1 141 78 811 670
D3 Space -4 -1 78 124 188 110
Space M 1 -3 124 110 514 390
M O 2 -2 110 94 640 530
O N -2 3 94 93 328 234
N T 2 1 93 109 452 359
T H -1 -1 109 110 218 109
H S 0 4 110 110 390 280
S Space -2 -2 110 156 422 312
Space Back 4 -9 156 94 873 717
Back Oemcomma -3 5 94 94 421 327
Oemcomma Space -1 4 94 109 266 172
Space B 1 -1 109 94 764 655
B U 2 -2 94 109 203 109
U T 0 2 109 93 281 172
T Space -3 1 93 110 202 109
Space T 3 -1 110 94 2340 2230
T H -1 -1 94 78 250 156
H E 1 3 78 93 281 203
E N -2 -3 93 93 281 188
N Space -1 2 93 94 218 125
Space D 2 1 94 93 328 234
D Back 2 -10 93 109 530 437
Back S -2 11 109 125 218 109
S T 1 -3 125 93 968 843
T A -1 4 93 125 202 109
A Y 1 -5 125 109 484 359
Y E 0 3 109 94 234 125
E D -1 0 94 125 203 109
D Space -2 -1 125 125 296 171
Space A 2 3 125 109 1498 1373
A R 1 -3 109 31 577 468
R O 0 -5 31 94 312 281
O U 0 2 94 78 312 218
U N -2 1 78 109 733 655
N D 1 3 109 94 655 546
D Space -2 -1 94 109 250 156
Space A 2 3 109 109 1888 1779
A S 0 -1 109 78 218 109
S Space -2 -2 78 125 187 109
Space A 2 3 125 110 187 62
A D 0 -2 110 109 1030 920
D R 1 -1 109 78 390 281
R O 0 -5 78 78 562 484
O P 0 -1 78 93 187 109
P Left -3 -1 93 94 4227 4134
Left Left 0 0 94 78 203 109
Left Left 0 0 78 78 172 94
Left Left 0 0 78 93 156 78
Left Space 0 7 93 250 842 749
Space Right 0 -9 250 156 827 577
Right Right 0 0 156 125 452 296
Right Right 0 0 125 78 203 78
Right Right 0 0 78 109 156 78
Right Space 0 9 109 93 765 656
Space Back 4 -9 93 94 748 655
Back OemMinus 0 2 94 78 312 218
OemMinus I -1 3 78 93 578 500
I N -2 2 93 94 296 203
N Space -1 2 94 110 218 124
Space F 2 0 110 94 2886 2776
F O 1 -5 94 94 281 187
O R 0 5 94 78 265 171
R Space -3 0 78 125 172 94
Space A 2 3 125 125 343 218
A N -1 -5 125 93 406 281
N O 2 -3 93 93 437 344
O T 0 4 93 78 920 827
T H -1 -1 78 94 218 140
H E 1 3 94 93 188 94
E R 0 -1 93 93 187 94
R Space -3 0 93 109 1544 1451
Space D1 4 3 109 109 687 578
D1 D8 0 -7 109 78 858 749
D8 Space -4 4 78 94 327 249
Space M 1 -3 94 78 531 437
M O 2 -2 78 94 327 249
O N -2 3 94 94 468 374
N Y 2 0 94 94 343 249
Y Back 1 -7 94 94 593 499
Back T -1 8 94 94 390 296
T H -1 -1 94 109 172 78
H S 0 4 109 94 343 234
S Space -2 -2 94 141 1232 1138
Space O 3 -5 141 125 671 530
O R 0 5 125 93 562 437
R Space -3 0 93 125 171 78
Space S 2 2 125 109 297 172
S O 1 -7 109 109 265 156
O Space -3 5 109 125 1154 1045
Space B 1 -1 125 109 1389 1264
B E 2 2 109 93 203 94
E F -1 -1 93 93 499 406
F O 1 -5 93 94 343 250
O R 0 5 94 94 265 171
R E 0 1 94 109 203 109
E Space -3 -1 109 140 156 47
Space LShiftKey 1 4 140 484 1357 1217
LShiftKey I 2 -8 484 93 375 -109
I Space -3 4 93 109 296 203
Space R 3 0 109 93 952 843
R E 0 1 93 94 187 94
E A -1 2 94 141 296 202
A L 0 -8 141 78 468 327
L L 0 0 78 93 141 63
L Y 1 3 93 78 405 312
Y Space -3 2 78 93 297 219
Space Q 3 3 93 93 1326 1233
Q U 0 -6 93 94 343 250
U I 0 -1 94 93 203 109
I T 0 3 93 93 593 500
T E 0 2 93 110 124 31
E OemPeriod -2 -6 110 94 1326 1216
OemPeriod Space -1 5 94 94 328 234
Space LShiftKey 1 4 94 281 359 265
LShiftKey Capital 1 0 281 63 15 -266
Capital S 0 -2 63 93 188 125
S O 1 -7 93 109 296 203
O Space -3 5 109 109 328 219
Space Capital 2 4 109 0 31 -78
Capital Back 2 -13 0 110 561 561
Back Back 0 0 110 109 188 78
Back Back 0 0 109 93 156 47
Back S -2 11 93 109 1045 952
S O 1 -7 109 94 1279 1170
O Space -3 5 94 93 328 234
Space W 3 2 93 94 1310 1217
W H -1 -4 94 94 811 717
H Y 1 0 94 78 1545 1451
Y Space -3 2 78 78 265 187
Space D 2 1 78 94 499 421
D I 1 -5 94 109 250 156
I D -1 5 109 93 390 281
D Space -2 -1 93 109 842 749
Space LShiftKey 1 4 109 437 452 343
LShiftKey I 2 -8 437 94 390 -47
I Space -3 4 94 109 328 234
Space D 2 1 109 94 1076 967
D R 1 -1 94 93 266 172
R O 0 -5 93 94 452 359
O P 0 -1 94 78 218 124
P Space -3 6 78 94 312 234
Space O 3 -5 94 94 437 343
O U 0 2 94 109 562 468
U T 0 2 109 93 359 250
T RShiftKey -2 -6 93 296 1248 1155
RShiftKey OemQuestion 0 1 296 140 187 -109
OemQuestion Return 1 -2 140 125 327 187
Return LShiftKey -1 12 125 562 1373 1248
LShiftKey I 2 -8 562 109 624 62
I T 0 3 109 94 390 281
T Space -3 1 94 93 375 281
Space S 2 2 93 94 1466 1373
S T 1 -3 94 94 156 62
T A -1 4 94 125 109 15
A R 1 -3 125 78 250 125
R T 0 -1 78 94 249 171
T E 0 2 94 94 281 187
E D -1 0 94 94 234 140
D Space -2 -1 94 93 250 156
Space B 1 -1 93 93 515 422
B E 2 2 93 109 140 47
E D -1 0 109 94 530 421
D Back 2 -10 94 93 687 593
Back F -2 9 93 93 281 188
F O 1 -5 93 110 592 499
O R 0 5 110 93 1358 1248
R E 0 1 93 141 249 156
E Space -3 -1 141 125 421 280
Space LShiftKey 1 4 125 250 468 343
LShiftKey I 2 -8 250 94 203 -47
I Space -3 4 94 109 297 203
Space W 3 2 109 94 1060 951
W A -1 1 94 93 219 125
A S 0 -1 93 78 203 110
S Space -2 -2 78 109 156 78
Space B 1 -1 109 93 811 702
B O 2 -4 93 78 608 515
O R 0 5 78 94 234 156
R N -2 -2 94 110 1747 1653
N Back 3 -7 110 94 5476 5366
Back OemPeriod -3 4 94 63 374 280
OemPeriod Space -1 5 63 93 266 203
Space LShiftKey 1 4 93 219 280 187
LShiftKey M 0 -7 219 78 188 -31
M Y 2 1 78 78 530 452
Y Space -3 2 78 109 265 187
Space B 1 -1 109 109 609 500
B I 2 -3 109 109 218 109
I O 0 -1 109 94 234 125
O L -1 0 94 78 655 561
L O 1 0 78 93 219 141
O G -1 4 93 109 795 702
G I 1 -3 109 109 234 125
I C -2 5 109 110 889 780
C A 1 2 110 140 141 31
A L 0 -8 140 78 452 312
L Space -2 5 78 94 343 265
Space M 1 -3 94 62 531 437
M O 2 -2 62 94 249 187
O T 0 4 94 109 453 359
T H -1 -1 109 109 281 172
H E 1 3 109 109 249 140
E R 0 -1 109 124 219 110
R Space -3 0 124 109 249 125
Space W 3 2 109 93 1311 1202
W A -1 1 93 140 343 250
A S 0 -1 140 140 234 94
S Space -2 -2 140 140 203 63
Space A 2 3 140 141 249 109
A Y 1 -5 141 93 531 390
Y O 0 -3 93 78 483 390
O U 0 2 78 78 250 172
U N -2 1 78 78 608 530
N G 1 1 78 109 468 390
G Oemcomma -1 -3 109 78 1248 1139
Oemcomma Space -1 4 78 94 234 156
Space U 3 -3 94 93 765 671
U N -2 1 93 94 296 203
N W 2 4 94 94 702 608
W E 0 -1 94 125 187 93
E D -1 0 125 125 281 156
D Space -2 -1 125 94 296 171
Space G 2 -1 94 94 905 811
G R 1 1 94 78 234 140
R A -1 3 78 125 421 343
A D 0 -2 125 109 281 156
D U 1 -4 109 94 281 172
U A -1 6 94 141 187 93
A T 1 -4 141 109 390 249
T E 0 2 109 125 156 47
E Space -3 -1 125 110 1279 1154
Space D 2 1 110 78 281 171
D Back 2 -10 78 109 687 609
Back S -2 11 109 125 639 530
S T 1 -3 125 110 187 62
T Space -3 1 110 125 2730 2620
Space Back 4 -9 125 93 1826 1701
Back A -2 12 93 109 405 312
A Space -2 -3 109 94 265 156
Space U 3 -3 94 94 2855 2761
U D -1 4 94 109 359 265
D E 1 0 109 125 187 78
E N -2 -3 125 93 406 281
N T 2 1 93 109 343 250
T Oemcomma -2 -3 109 78 1825 1716
Oemcomma Space -1 4 78 93 219 141
Space A 2 3 93 110 358 265
A N -1 -5 110 78 359 249
N D 1 3 78 93 796 718
D Space -2 -1 93 93 203 110
Space S 2 2 93 109 998 905
S H 0 -4 109 93 874 765
H E 1 3 93 93 187 94
E Space -3 -1 93 124 203 110
Space D 2 1 124 78 265 141
D E 1 0 78 94 218 140
E C -2 0 94 109 453 359
C I 2 -5 109 78 312 203
I D -1 5 78 110 358 280
D E 1 0 110 109 203 93
E D -1 0 109 94 234 125
D Space -2 -1 94 109 297 203
Space T 3 -1 109 93 390 281
T O 0 -4 93 63 280 187
O Space -3 5 63 124 344 281
Space P 3 -6 124 78 1201 1077
P U 0 3 78 78 515 437
U T 0 2 78 110 436 358
T Space -3 1 110 78 250 140
Space M 1 -3 78 93 281 203
M E 2 4 93 109 468 375
E Space -3 -1 109 93 234 125
Space F 2 0 93 141 452 359
F O 1 -5 141 110 265 124
O R 0 5 110 125 640 530
R Space -3 0 125 125 281 156
Space A 2 3 125 125 468 343
A D 0 -2 125 125 234 109
D O 1 -6 125 93 437 312
O P 0 -1 93 94 483 390
P T 0 5 94 78 889 795
T I 0 -3 78 78 328 250
I O 0 -1 78 93 203 125
O N -2 3 93 94 764 671
N OemPeriod 0 -3 94 78 1872 1778
OemPeriod S 1 7 78 109 1061 983
S H 0 -4 109 94 858 749
H E 1 3 94 94 156 62
E Space -3 -1 94 109 203 109
Space F 2 0 109 94 717 608
F E 1 1 94 109 203 109
E Left -3 -8 109 93 1342 1233
Left Left 0 0 93 94 171 78
Left Left 0 0 94 62 188 94
Left Left 0 0 62 78 156 94
Left Left 0 0 78 78 156 78
Left Left 0 0 78 93 156 78
Left Space 0 7 93 124 312 219
Space Right 0 -9 124 125 686 562
Right Back 4 0 125 94 686 561
Back LShiftKey -3 13 94 452 172 78
LShiftKey S 1 -2 452 141 374 -78
S Right -2 -11 141 110 1248 1107
Right Right 0 0 110 109 188 78
Right Right 0 0 109 94 171 62
Right Right 0 0 94 94 156 62
Right Right 0 0 94 94 156 62
Right Right 0 0 94 46 141 47
Right L 2 4 46 93 1045 999
L T 1 4 93 124 515 422
T Space -3 1 124 140 265 141
Space V 1 0 140 93 983 843
V E 2 1 93 94 249 156
E R 0 -1 94 94 203 109
R Y 0 -2 94 78 577 483
Y Space -3 2 78 109 250 172
Space S 2 2 109 93 546 437
S T 1 -3 93 93 203 110
T R 0 1 93 93 827 734
R O 0 -5 93 94 249 156
O N -2 3 94 78 671 577
N G 1 1 78 94 499 421
G E 1 2 94 78 297 203
E L -1 -6 78 78 405 327
L Y 1 3 78 78 499 421
Y Space -3 2 78 124 4244 4166
Space T 3 -1 124 110 826 702
T H -1 -1 110 109 172 62
H A 0 5 109 172 218 109
A T 1 -4 172 94 234 62
T Space -3 1 94 93 266 172
Space LShiftKey 1 4 93 296 296 203
LShiftKey I 2 -8 296 109 187 -109
I Back 1 -5 109 125 983 874
Back LShiftKey -3 13 125 296 874 749
LShiftKey Left -1 -11 296 78 2106 1810
Left Left 0 0 78 94 171 93
Left Left 0 0 94 78 156 62
Left Left 0 0 78 93 141 63
Left Left 0 0 93 78 156 63
Left Left 0 0 78 78 140 62
Left Left 0 0 78 93 125 47
Left Back 4 -2 93 93 858 765
Back Right -4 0 93 78 998 905
Right Right 0 0 78 78 156 78
Right Right 0 0 78 78 141 63
Right Right 0 0 78 78 140 62
Right Right 0 0 78 47 156 78
Right Right 0 0 47 78 125 78
Right Right 0 0 78 47 156 78
Right Right 0 0 47 62 109 62
Right Space 0 9 62 94 608 546
Space LShiftKey 1 4 94 47 281 187
LShiftKey LShiftKey 0 0 47 437 655 608
LShiftKey I 2 -8 437 78 390 -47
I Space -3 4 78 94 250 172
Space S 2 2 94 109 187 93
S H 0 -4 109 78 265 156
H O 1 -3 78 94 312 234
O U 0 2 94 93 375 281
U L -1 -2 93 93 936 843
L D 0 6 93 140 359 266
D Space -2 -1 140 125 202 62
Space B 1 -1 125 93 2247 2122
B E 2 2 93 109 312 219
E Space -3 -1 109 109 218 109
Space A 2 3 109 140 359 250
A D 0 -2 140 156 250 110
D O 1 -6 156 109 374 218
O P 0 -1 109 125 218 109
P T 0 5 125 124 578 453
T E 0 2 124 125 249 125
E D -1 0 125 109 219 94
D Space -2 -1 109 124 234 125
Space B 1 -1 124 125 717 593
B Y 2 -1 125 78 796 671
Y Space -3 2 78 109 749 671
Space C 1 1 109 94 2620 2511
C O 2 -6 94 93 266 172
O L -1 0 93 78 265 172
L L 0 0 78 109 140 62
L E 1 6 109 110 187 78
E G -1 -2 110 78 624 514
G E 1 2 78 125 125 47
E Space -3 -1 125 93 219 94
Space G 2 -1 93 94 592 499
G R 1 1 94 109 203 109
R A -1 3 109 125 156 47
A D 0 -2 125 109 702 577
D U 1 -4 109 109 281 172
U A -1 6 109 156 156 47
A T 1 -4 156 93 359 203
T E 0 2 93 109 203 110
E S -1 1 109 124 312 203
S Oemcomma -1 -6 124 78 1575 1451
Oemcomma Space -1 4 78 94 281 203
Space S 2 2 94 124 172 78
S O 1 -7 124 78 280 156
O Space -3 5 78 94 312 234
Space E 3 1 94 124 6272 6178
E V -2 -1 124 109 733 609
V E 2 1 109 110 249 140
E R 0 -1 110 94 203 93
R Y 0 -2 94 93 375 281
Y T 0 1 93 94 374 281
T H -1 -1 94 109 281 187
H I 1 -2 109 93 312 203
I N -2 2 93 93 515 422
N G 1 1 93 109 390 297
G Space -2 1 109 109 374 265
Space W 3 2 109 78 515 406
W A -1 1 78 109 203 125
A S 0 -1 109 125 187 78
S Space -2 -2 125 141 249 124
Space A 2 3 141 140 656 515
A L 0 -8 140 93 499 359
L L 0 0 93 109 156 63
L Space -2 5 109 124 281 172
Space S 2 2 124 125 187 63
S E 1 -1 125 140 203 78
E T 0 -2 140 110 280 140
T Space -3 1 110 109 281 171
Space M 1 -3 109 124 453 344
M Back 3 -6 124 109 3837 3713
Back F -2 9 109 109 687 578
F O 1 -5 109 93 265 156
O R 0 5 93 125 140 47
R Space -3 0 125 109 234 109
Space M 1 -3 109 140 671 562
M E 2 4 140 109 234 94
E Space -3 -1 109 109 265 156
Space T 3 -1 109 109 4228 4119
T O 0 -4 109 78 265 156
O Space -3 5 78 78 296 218
Space B 1 -1 78 94 593 515
B E 2 2 94 109 234 140
E Space -3 -1 109 124 141 32
Space A 2 3 124 125 514 390
A D 0 -2 125 94 328 203
D O 1 -6 94 93 250 156
O P 0 -1 93 109 218 125
P T 0 5 109 109 671 562
T E 0 2 109 109 265 156
E D -1 0 109 94 234 125
D Space -2 -1 94 110 296 202
Space A 2 3 110 172 312 202
A T 1 -4 172 93 297 125
T Space -3 1 93 125 312 219
Space B 1 -1 125 94 530 405
B I 2 -3 94 94 421 327
I R 0 4 94 78 328 234
R T 0 -1 78 94 234 156
T H -1 -1 94 109 468 374
H Space -2 2 109 109 2293 2184
Space B 1 -1 109 94 671 562
B Y 2 -1 94 78 640 546
Y Space -3 2 78 110 280 202
Space A 2 3 110 141 281 171
A Space -2 -3 141 125 250 109
Space L 2 -5 125 93 546 421
L A 0 8 93 156 312 219
A W 1 -1 156 124 749 593
W Y 0 -4 124 109 2558 2434
Y E 0 3 109 78 312 203
E R 0 -1 78 93 406 328
R Space -3 0 93 93 312 219
Space A 2 3 93 140 1700 1607
A N -1 -5 140 78 764 624
N D 1 3 78 109 453 375
D Space -2 -1 109 94 187 78
Space H 2 -2 94 109 1669 1575
H I 1 -2 109 109 562 453
I D -1 5 109 110 249 140
D Back 2 -10 110 109 562 452
Back S -2 11 109 124 172 63
S Space -2 -2 124 140 265 141
Space W 3 2 140 125 312 172
W I 0 -6 125 109 281 156
I F -1 4 109 109 421 312
F E 1 1 109 109 312 203
E Oemcomma -2 -5 109 62 1560 1451
Oemcomma Back 3 -5 62 93 437 375
Back OemPeriod -3 4 93 78 358 265
OemPeriod Space -1 5 78 93 297 219
Space E 3 1 93 109 624 531
E X -2 1 109 110 951 842
X C 0 -1 110 94 234 124
C E 2 0 94 141 281 187
E P 0 -7 141 125 1139 998
P T 0 5 125 109 437 312
T Space -3 1 109 109 359 250
Space T 3 -1 109 78 8782 8673
T H -1 -1 78 94 234 156
H A 0 5 94 156 266 172
A T 1 -4 156 109 265 109
T Space -3 1 109 124 281 172
Space W 3 2 124 110 514 390
W H -1 -4 110 109 281 171
H E 1 3 109 110 343 234
E N -2 -3 110 93 578 468
N Space -1 2 93 78 234 141
Space LShiftKey 1 4 78 234 655 577
LShiftKey I 2 -8 234 94 218 -16
I Space -3 4 94 109 297 203
Space P 3 -6 109 62 780 671
P O 0 1 62 94 202 140
O O 0 0 94 109 172 78
O Back 1 -4 109 125 983 874
Back P -1 3 125 93 780 655
P P 0 0 93 125 187 94
P E 0 7 125 109 515 390
E D -1 0 109 109 234 125
D Space -2 -1 109 110 249 140
Space O 3 -5 110 110 468 358
O U 0 2 110 93 578 468
U T 0 2 93 94 343 250
T Space -3 1 94 110 4976 4882
Space T 3 -1 110 110 312 202
T H -1 -1 110 94 234 124
H E 1 3 94 125 406 312
E Y 0 -3 125 109 265 140
Y Space -3 2 109 109 297 188
Space D 2 1 109 125 951 842
D E 1 0 125 110 265 140
E C -2 0 110 109 297 187
C I 2 -5 109 78 374 265
I D -1 5 78 109 359 281
D E 1 0 109 109 265 156
E D -1 0 109 94 265 156
D Space -2 -1 94 141 312 218
Space A 2 3 141 110 780 639
A T 1 -4 110 109 172 62
T Space -3 1 109 125 296 187
Space L 2 -5 125 93 687 562
L A 0 8 93 125 140 47
A S 0 -1 125 110 265 140
S T 1 -3 110 93 219 109
T Space -3 1 93 109 296 203
Space M 1 -3 109 93 328 219
M I 2 -1 93 110 249 156
I N -2 2 110 94 312 202
N U 2 -1 94 94 624 530
U T 0 2 94 78 468 374
T E 0 2 78 187 344 266
E Space -3 -1 187 125 795 608
Space T 3 -1 125 94 4961 4836
T H -1 -1 94 124 172 78
H E 1 3 124 124 312 188
E Y 0 -3 124 94 374 250
Y Space -3 2 94 125 265 171
Space R 3 0 125 93 406 281
R E 0 1 93 109 218 125
E A -1 2 109 140 359 250
A L 0 -8 140 78 515 375
L L 0 0 78 109 156 78
L Y 1 3 109 93 593 484
Y Space -3 2 93 109 265 172
Space W 3 2 109 109 421 312
W A -1 1 109 125 265 156
A N -1 -5 125 94 515 390
N T 2 1 94 109 390 296
T E 0 2 109 109 281 172
E D -1 0 109 109 234 125
D Space -2 -1 109 125 218 109
Space A 2 3 125 125 250 125
A Space -2 -3 125 125 421 296
Space G 2 -1 125 93 749 624
G I 1 -3 93 141 327 234
I R 0 4 141 93 219 78
R L -1 -5 93 125 530 437
L Oemcomma -1 1 125 93 9189 9064
Oemcomma Space -1 4 93 94 280 187
Space S 2 2 94 172 1451 1357
S O 1 -7 172 110 109 -63
O Space -3 5 110 125 406 296
Space Back 4 -9 125 94 1326 1201
Back Back 0 0 94 78 172 78
Back Back 0 0 78 78 156 78
Back Back 0 0 78 32 280 202
Back Back 0 0 32 78 156 124
Back OemPeriod -3 4 78 94 1014 936
OemPeriod Space -1 5 94 109 250 156
Space S 2 2 109 109 546 437
S O 1 -7 109 94 187 78
O Space -3 5 94 110 265 171
Space M 1 -3 110 110 312 202
M Y 2 1 110 78 500 390
Y Space -3 2 78 94 249 171
Space P 3 -6 94 109 468 374
P A -1 9 109 109 156 47
A R 1 -3 109 94 359 250
R E 0 1 94 110 218 124
E N -2 -3 110 94 359 249
N T 2 1 94 78 328 234
T S -1 3 78 94 343 265
S Oemcomma -1 -6 94 93 640 546
Oemcomma Space -1 4 93 94 280 187
Space W 3 2 94 93 3698 3604
W H -1 -4 93 78 343 250
H O 1 -3 78 78 249 171
O Space -3 5 78 109 266 188
Space W 3 2 109 109 374 265
W E 0 -1 109 94 218 109
E R 0 -1 94 78 219 125
R E 0 1 78 109 203 125
E Space -3 -1 109 94 249 140
Space O 3 -5 94 78 390 296
O N -2 3 78 94 265 187
N Space -1 2 94 109 219 125
Space W 3 2 109 109 312 203
W A -1 1 109 109 234 125
A I 1 -7 109 94 811 702
I Y 0 2 94 62 312 218
Y Back 1 -7 62 109 515 453
Back T -1 8 109 94 483 374
T I 0 -3 94 110 312 218
I N -2 2 110 78 328 218
N G 1 1 78 78 655 577
G Space -2 1 78 93 172 94
Space L 2 -5 93 93 593 500
L I 1 1 93 93 265 172
I S -1 6 93 125 405 312
S T 1 -3 125 94 718 593
T Oemcomma -2 -3 94 78 3245 3151
Oemcomma Space -1 4 78 93 234 156
Space G 2 -1 93 94 811 718
G O 1 -4 94 93 203 109
O T 0 4 93 93 312 219
T Space -3 1 93 93 234 141
Space A 2 3 93 109 2215 2122
A Space -2 -3 109 124 172 63
Space C 1 1 124 94 202 78
C A 1 2 94 141 281 187
A L 0 -8 141 109 281 140
L L 0 0 109 109 187 78
L Space -2 5 109 109 1030 921
Space I 3 -4 109 93 593 484
I N -2 2 93 94 296 203
N Space -1 2 94 109 187 93
Space M 1 -3 109 78 749 640
M I 2 -1 78 78 296 218
I D -1 5 78 109 437 359
D D 0 0 109 109 156 47
D L 0 -6 109 109 468 359
L E 1 6 109 94 187 78
E Space -3 -1 94 140 2247 2153
Space O 3 -5 140 94 655 515
O F -1 5 94 78 296 202
F Space -2 0 78 94 172 94
Space N 1 -2 94 94 733 639
N I 2 -2 94 93 250 156
I G -1 3 93 93 671 578
G H 0 -1 93 94 171 78
H T 1 1 94 94 343 249
T Space -3 1 94 78 219 125
Space A 2 3 78 110 249 171
A S 0 -1 110 94 250 140
S K 0 -6 94 109 437 343
K I 1 0 109 94 218 109
I N -2 2 94 94 265 171
N G 1 1 94 93 422 328
G RShiftKey -1 -6 93 359 5865 5772
RShiftKey Oem1 1 1 359 109 297 -62
Oem1 Space -2 6 109 94 2012 1903
Space Oem1 2 -6 94 62 1186 1092
Oem1 Oem1 0 0 62 78 187 125
Oem1 Back 2 -3 78 78 624 546
Back Back 0 0 78 94 171 93
Back RShiftKey -3 2 94 436 812 718
RShiftKey Oem7 1 0 436 125 343 -93
Oem7 Space -2 7 125 110 405 280
Space LShiftKey 1 4 110 343 1233 1123
LShiftKey W 2 -2 343 124 203 -140
W E 0 -1 124 125 327 203
E Space -3 -1 125 125 437 312
Space H 2 -2 125 94 1154 1029
H A 0 5 94 109 172 78
A V -1 -3 109 94 390 281
V E 2 1 94 110 140 46
E Space -3 -1 110 109 203 93
Space A 2 3 109 109 2465 2356
A N -1 -5 109 78 718 609
N Space -1 2 78 94 202 124
Space U 3 -3 94 93 1202 1108
U N -2 1 93 94 327 234
N E 2 3 94 110 421 327
E X -2 1 110 124 500 390
X C 0 -1 124 109 1170 1046
C E 2 0 109 109 249 140
E Back 1 -10 109 78 3604 3495
Back Back 0 0 78 78 156 78
Back Back 0 0 78 62 187 109
Back X -3 11 62 78 1919 1857
X P 2 -8 78 78 437 359
P E 0 7 78 94 249 171
E C -2 0 94 109 1217 1123
C T 2 -2 109 94 858 749
T E 0 2 94 93 172 78
E D -1 0 93 94 218 125
D Space -2 -1 94 93 250 156
Space B 1 -1 93 125 733 640
B A 1 4 125 125 1092 967
A B -1 -4 125 93 484 359
B Y 2 -1 93 93 780 687
Y Space -3 2 93 124 1404 1311
Space B 1 -1 124 125 436 312
B O 2 -4 125 109 500 375
O Y 0 3 109 109 312 203
Y Oem1 -1 -4 109 94 1653 1544
Oem1 Space -2 6 94 109 2434 2340
Space D 2 1 109 109 187 78
D O 1 -6 109 78 281 172
O Space -3 5 78 94 265 187
Space Y 3 -2 94 78 608 514
Y O 0 -3 78 78 328 250
O U 0 2 78 93 250 172
U Space -3 3 93 94 280 187
Space W 3 2 94 94 484 390
W A -1 1 94 109 234 140
A N -1 -5 109 94 296 187
N T 2 1 94 109 656 562
T Space -3 1 109 125 202 93
Space H 2 -2 125 94 624 499
H I 1 -2 94 125 234 140
I M -2 1 125 109 266 141
M RShiftKey 0 -4 109 452 842 733
RShiftKey OemQuestion 0 1 452 125 359 -93
OemQuestion Oem7 1 -1 125 94 2511 2386
Oem7 Back 2 -2 94 78 2122 2028
Back RShiftKey -3 2 78 281 374 296
RShiftKey Oem7 1 0 281 172 172 -109
Oem7 Space -2 7 172 93 1529 1357
Space LShiftKey 1 4 93 281 249 156
LShiftKey T 2 -5 281 78 266 -15
T H -1 -1 78 94 405 327
H E 1 3 94 124 297 203
E Y 0 -3 124 78 546 422
Y Space -3 2 78 109 249 171
Space Back 4 -9 109 125 1014 905
Back S -2 11 125 124 297 172
S Back 2 -11 124 109 655 531
Back Space -4 9 109 140 343 234
Space S 2 2 140 110 218 78
S A 0 1 110 125 203 93
A I 1 -7 125 109 546 421
I D -1 5 109 110 265 156
D RShiftKey -1 -8 110 265 3713 3603
RShiftKey Oem1 1 1 265 125 203 -62
Oem1 Space -2 6 125 110 842 717
Space LShiftKey 1 4 110 468 1264 1154
LShiftKey Oem7 1 -11 468 78 406 -62
Oem7 Space -2 7 78 94 530 452
Space Back 4 -9 94 110 1856 1762
Back LShiftKey -3 13 110 717 500 390
LShiftKey O 2 -9 717 78 670 -47
O F -1 5 78 63 624 546
F Space -2 0 63 93 141 78
Space C 1 1 93 93 468 375
C O 2 -6 93 62 203 110
O U 0 2 62 93 312 250
U R 0 3 93 94 280 187
R S -1 2 94 110 390 296
S E 1 -1 110 109 219 109
E LShiftKey -2 3 109 343 905 796
LShiftKey OemPeriod 0 -9 343 78 764 421
OemPeriod LShiftKey 0 9 78 453 140 62
LShiftKey Oem7 1 -11 453 94 390 -63
Oem7 Space -2 7 94 109 921 827
Space LShiftKey 1 4 109 499 265 156
LShiftKey M 0 -7 499 140 390 -109
M Y 2 1 140 78 452 312
Y Space -3 2 78 94 250 172
Space B 1 -1 94 109 874 780
B I 2 -3 109 94 296 187
I O 0 -1 94 109 203 109
O L -1 0 109 78 764 655
L O 1 0 78 94 234 156
O G -1 4 94 94 702 608
G I 1 -3 94 124 219 125
I C -2 5 124 94 717 593
C A 1 2 94 125 312 218
A L 0 -8 125 110 265 140
L Space -2 5 110 109 359 249
Space M 1 -3 109 93 5164 5055
M O 2 -2 93 94 249 156
O T 0 4 94 110 702 608
T H -1 -1 110 109 172 62
H E 1 3 109 125 203 94
E R 0 -1 125 93 234 109
R Space -3 0 93 125 249 156
Space L 2 -5 125 124 734 609
L A 0 8 124 94 202 78
A T 1 -4 94 109 359 265
T E 0 2 109 109 156 47
E R 0 -1 109 94 203 94
R Space -3 0 94 109 172 78
Space F 2 0 109 94 374 265
F O 1 -5 94 78 328 234
O U 0 2 78 93 312 234
U N -2 1 93 93 499 406
N D 1 3 93 109 530 437
D Space -2 -1 109 94 203 94
Space O 3 -5 94 62 640 546
O U 0 2 62 94 296 234
U Y 0 1 94 93 250 156
Y Back 1 -7 93 78 608 515
Back T -1 8 78 93 250 172
T Space -3 1 93 93 234 141
Space T 3 -1 93 109 686 593
T H -1 -1 109 93 172 63
H A 0 5 93 141 280 187
A T 1 -4 141 78 203 62
T Space -3 1 78 94 312 234
Space M 1 -3 94 78 5398 5304
M Y 2 1 78 78 327 249
Y Space -3 2 78 94 250 172
Space M 1 -3 94 94 343 249
M O 2 -2 94 78 265 171
O T 0 4 78 93 656 578
T H -1 -1 93 94 374 281
H R 1 2 94 109 406 312
R Back 1 -9 109 109 998 889
Back E -1 10 109 124 172 63
E R 0 -1 124 109 218 94
R Space -3 0 109 94 296 187
Space H 2 -2 94 94 640 546
H A 0 5 94 125 187 93
A D 0 -2 125 109 250 125
D Space -2 -1 109 109 234 125
Space N 1 -2 109 109 530 421
N E 2 3 109 94 515 406
E V -2 -1 94 93 874 780
V E 2 1 93 109 249 156
E R 0 -1 109 78 219 110
R Space -3 0 78 109 249 171
Space G 2 -1 109 110 265 156
G R 1 1 110 109 219 109
R A -1 3 109 140 359 250
A D 0 -2 140 125 296 156
D U 1 -4 125 78 328 203
U A -1 6 78 125 187 109
A T 1 -4 125 78 405 280
T E 0 2 78 93 141 63
E D -1 0 93 109 234 141
D Space -2 -1 109 78 281 172
Space F 2 0 78 110 514 436
F R 1 0 110 109 765 655
R O 0 -5 109 94 343 234
O M -2 2 94 109 437 343
M Space -1 3 109 109 9578 9469
Space H 2 -2 109 109 1389 1280
H I 1 -2 109 93 1716 1607
I G -1 3 93 109 889 796
G H 0 -1 109 94 187 78
H Space -2 2 94 93 250 156
Space S 2 2 93 109 452 359
S C -1 -1 109 94 2293 2184
C H 1 -3 94 78 343 249
H O 1 -3 78 93 297 219
O O 0 0 93 78 156 63
O L -1 0 78 78 187 109
L OemPeriod -1 0 78 78 390 312
OemPeriod Space -1 5 78 93 359 281
Space LShiftKey 1 4 93 234 327 234
LShiftKey S 1 -2 234 141 156 -78
S H 0 -4 141 93 453 312
H E 1 3 93 93 203 110
E Space -3 -1 93 94 218 125
Space R 3 0 94 93 125 31
R E 0 1 93 93 203 110
E F -1 -1 93 109 4602 4509
F U 1 -3 109 93 312 203
U S -1 5 93 94 374 281
S E 1 -1 94 109 250 156
E D -1 0 109 109 234 125
D Space -2 -1 109 47 265 156
Space T 3 -1 47 109 140 93
T O 0 -4 109 78 312 203
O Space -3 5 78 78 1373 1295
Space S 2 2 78 109 343 265
S I 1 -6 109 93 500 391
I G -1 3 93 110 592 499
G N -1 -1 110 78 312 202
N Space -1 2 78 62 250 172
Space F 2 0 62 109 905 843
F I 1 -4 109 93 312 203
I N -2 2 93 78 390 297
N A 1 5 78 125 171 93
A L 0 -8 125 78 375 250
L Space -2 5 78 93 281 203
Space A 2 3 93 125 187 94
A D 0 -2 125 125 249 124
D O 1 -6 125 78 484 359
O P 0 -1 78 94 218 140
P T 0 5 94 93 765 671
T I 0 -3 93 78 468 375
I O 0 -1 78 94 218 140
O N -2 3 94 78 281 187
N Space -1 2 78 78 218 140
Space P 3 -6 78 109 500 422
P A -1 9 109 124 156 47
A P 1 -9 124 109 546 422
P E 0 7 109 125 171 62
E R 0 -1 125 125 484 359
R S -1 2 125 109 1139 1014
S Oemcomma -1 -6 109 78 3026 2917
Oemcomma Back 3 -5 78 78 577 499
Back OemPeriod -3 4 78 78 359 281
OemPeriod Space -1 5 78 94 296 218
Space LShiftKey 1 4 94 218 266 172
LShiftKey S 1 -2 218 156 156 -62
S H 0 -4 156 94 327 171
H E 1 3 94 125 187 93
E Space -3 -1 125 94 203 78
Space O 3 -5 94 78 375 281
O N -2 3 78 78 312 234
N L 1 -3 78 78 296 218
L Y 1 3 78 78 1061 983
Y Space -3 2 78 78 1466 1388
Space R 3 0 78 93 562 484
R E 0 1 93 109 187 94
E L -1 -6 109 78 421 312
L E 1 6 78 94 125 47
E N -2 -3 94 78 499 405
N T 2 1 78 110 343 265
T E 0 2 110 109 250 140
E D -1 0 109 62 1014 905
D Space -2 -1 62 94 1357 1295
Space A 2 3 94 141 390 296
A Space -2 -3 141 156 265 124
Space F 2 0 156 109 359 203
F E 1 1 109 125 203 94
E W 0 1 125 109 312 187
W Space -3 -2 109 109 234 125
Space M 1 -3 109 94 624 515
M O 2 -2 94 78 296 202
O N -2 3 78 94 281 203
N Y 2 0 94 78 343 249
Y Back 1 -7 78 125 531 453
Back T -1 8 125 93 390 265
T H -1 -1 93 110 171 78
H S 0 4 110 109 484 374
S Space -2 -2 109 109 1186 1077
Space L 2 -5 109 109 2652 2543
L A 0 8 109 140 140 31
A T 1 -4 140 94 374 234
T E 0 2 94 109 110 16
E R 0 -1 109 110 202 93
R Space -3 0 110 140 843 733
Space W 3 2 140 94 764 624
W H -1 -4 94 94 421 327
H E 1 3 94 109 406 312
E N -2 -3 109 94 218 109
N Space -1 2 94 125 609 515
Space M 1 -3 125 94 265 140
M Y 2 1 94 78 484 390
Y Space -3 2 78 125 795 717
Space P 3 -6 125 109 765 640
P A -1 9 109 125 171 62
A R 1 -3 125 109 484 359
R E 0 1 109 109 140 31
E N -2 -3 109 78 1248 1139
N T 2 1 78 94 546 468
T S -1 3 94 109 250 156
S Space -2 -2 109 109 1482 1373
Space P 3 -6 109 94 561 452
P R 0 6 94 94 250 156
R O 0 -5 94 78 296 202
O M -2 2 78 94 312 234
M I 2 -1 94 110 312 218
I S -1 6 110 125 453 343
S E 1 -1 125 109 218 93
E D -1 0 109 140 219 110
D Space -2 -1 140 140 624 484
Space T 3 -1 140 109 842 702
T H -1 -1 109 109 234 125
H A 0 5 109 141 655 546
A T 1 -4 141 93 172 31
T Space -3 1 93 110 327 234
Space LShiftKey 1 4 110 250 468 358
LShiftKey I 2 -8 250 93 188 -62
I Space -3 4 93 94 374 281
Space W 3 2 94 78 1310 1216
W O 0 -7 78 78 390 312
O U 0 2 78 94 624 546
U L -1 -2 94 93 656 562
L D 0 6 93 125 577 484
D Space -2 -1 125 94 218 93
Space S 2 2 94 109 437 343
S O 1 -7 109 94 390 281
O M -2 2 94 109 281 187
M E 2 4 109 94 265 156
E Space -3 -1 94 93 281 187
Space D 2 1 93 109 234 141
D A 0 2 109 140 312 203
A Y 1 -5 140 109 312 172
Y Space -3 2 109 124 359 250
Space G 2 -1 124 124 2808 2684
G O 1 -4 124 78 390 266
O Space -3 5 78 109 296 218
Space T 3 -1 109 110 218 109
T O 0 -4 110 62 531 421
O Space -3 5 62 125 686 624
Space C 1 1 125 110 187 62
C O 2 -6 110 94 562 452
O L -1 0 94 94 218 124
L L 0 0 94 94 172 78
L E 1 6 94 109 250 156
E G -1 -2 109 109 702 593
G E 1 2 109 109 234 125
E OemPeriod -2 -6 109 94 686 577
OemPeriod Return 1 -3 94 109 936 842
Return LShiftKey -1 12 109 422 608 499
LShiftKey A 1 -1 422 156 344 -78
A N -1 -5 156 110 592 436
N D 1 3 110 124 266 156
D Space -2 -1 124 109 218 94
Space D1 4 3 109 94 1856 1747
D1 D7 0 -6 94 93 578 484
D7 Oemcomma -3 -1 93 78 842 749
Oemcomma Back 3 -5 78 94 1700 1622
Back Space -4 9 94 93 687 593
Space Y 3 -2 93 109 1045 952
Y E 0 3 109 124 172 63
E A -1 2 124 124 312 188
A R 1 -3 124 94 358 234
R S -1 2 94 110 234 140
S Space -2 -2 110 109 375 265
Space L 2 -5 109 94 452 343
L A 0 8 94 125 125 31
A T 1 -4 125 109 437 312
T E 0 2 109 125 140 31
E R 0 -1 125 78 203 78
R Space -3 0 78 125 3401 3323
Space LShiftKey 1 4 125 890 327 202
LShiftKey I 2 -8 890 94 780 -110
I LShiftKey -2 8 94 359 9329 9235
LShiftKey I 2 -8 359 93 297 -62
I Space -3 4 93 93 312 219
Space D 2 1 93 125 1232 1139
D I 1 -5 125 110 218 93
I D -1 5 110 125 156 46
D Space -2 -1 125 109 250 125
Space G 2 -1 109 94 1045 936
G O 1 -4 94 94 265 171
O Space -3 5 94 125 297 203
Space T 3 -1 125 94 218 93
T O 0 -4 94 78 281 187
O Space -3 5 78 109 265 187
Space C 1 1 109 94 749 640
C O 2 -6 94 94 218 124
O L -1 0 94 94 250 156
L L 0 0 94 78 187 93
L E 1 6 78 78 156 78
E F -1 -1 78 78 359 281
F Back 2 -9 78 94 655 577
Back G -2 8 94 94 889 795
G E 1 2 94 94 312 218
E OemPeriod -2 -6 94 94 5148 5054
OemPeriod Space -1 5 94 94 250 156
Space LShiftKey 1 4 94 749 234 140
LShiftKey B 0 -5 749 78 655 -94
B U 2 -2 78 94 468 390
U T 0 2 94 93 375 281
T Space -3 1 93 109 577 484
Space LShiftKey 1 4 109 328 452 343
LShiftKey I 2 -8 328 94 281 -47
I Space -3 4 94 94 312 218
Space N 1 -2 94 94 468 374
N A 1 5 94 125 109 15
A I 1 -7 125 78 2028 1903
I V -2 4 78 78 1108 1030
V E 2 1 78 124 203 125
E L -1 -6 124 93 312 188
L Y 1 3 93 93 343 250
Y Space -3 2 93 109 889 796
Space C 1 1 109 94 468 359
C H 1 -3 94 93 250 156
H O 1 -3 93 109 546 453
O S -1 7 109 124 281 172
S E 1 -1 124 93 234 110
E Space -3 -1 93 125 655 562
Space A 2 3 125 109 624 499
A Space -2 -3 109 124 203 94
Space C 1 1 124 109 249 125
C O 2 -6 109 78 281 172
O L -1 0 78 93 203 125
L L 0 0 93 110 171 78
L E 1 6 110 93 188 78
E G -1 -2 93 94 561 468
G E 1 2 94 109 281 187
E Space -3 -1 109 187 343 234
Space T 3 -1 187 78 733 546
T H -1 -1 78 93 297 219
H A 0 5 93 156 187 94
A T 1 -4 156 110 218 62
T Space -3 1 110 110 312 202
Space W 3 2 110 78 765 655
W A -1 1 78 94 218 140
A S 0 -1 94 94 234 140
S Space -2 -2 94 93 1935 1841
Space Back 4 -9 93 62 5101 5008
Back Right -4 0 62 109 10795 10733
Right Back 4 0 109 78 359 250
Back A -2 12 78 93 4025 3947
A L 0 -8 93 78 514 421
L M -1 2 78 78 796 718
M O 2 -2 78 109 234 156
O S -1 7 109 109 203 94
S T 1 -3 109 94 249 140
T Space -3 1 94 109 266 172
Space A 2 3 109 109 296 187
A S 0 -1 109 109 234 125
S Space -2 -2 109 125 203 94
Space E 3 1 125 109 624 499
E X -2 1 109 125 1575 1466
X P 2 -8 125 93 578 453
P E 0 7 93 94 171 78
E N -2 -3 94 93 484 390
N S 1 4 93 94 499 406
S I 1 -6 94 93 250 156
I V -2 4 93 94 717 624
V E 2 1 94 109 250 156
E L -1 -6 109 78 390 281
L Y 1 3 78 93 437 359
Y Space -3 2 93 109 639 546
Space A 2 3 109 109 1108 999
A S 0 -1 109 93 671 562
S Space -2 -2 93 94 202 109
Space LShiftKey 1 4 94 281 453 359
LShiftKey S 1 -2 281 140 203 -78
S T 1 -3 140 109 2823 2683
T A -1 4 109 109 156 47
A N -1 -5 109 94 546 437
N F 1 2 94 94 546 452
F O 1 -5 94 109 312 218
O R 0 5 109 47 468 359
R D -1 1 47 78 359 312
D Oemcomma -1 -5 78 94 1466 1388
Oemcomma Space -1 4 94 94 234 140
Space A 2 3 94 140 297 203
A N -1 -5 140 94 327 187
N D 1 3 94 94 562 468
D Space -2 -1 94 94 920 826
Space A 2 3 94 109 6147 6053
A L 0 -8 109 78 437 328
L K 0 1 78 78 187 109
K L 0 -1 78 63 15 -63
L Back 2 -4 63 78 999 936
Back Back 0 0 78 265 156 78
Back L -2 4 265 78 1139 874
L Space -2 5 78 78 249 171
Space M 1 -3 78 94 359 281
M Y 2 1 94 78 343 249
Y Space -3 2 78 110 265 187
Space W 3 2 110 109 328 218
W O 0 -7 109 93 328 219
O R 0 5 93 109 312 219
R K -1 -4 109 109 390 281
K I 1 0 109 109 234 125
I N -2 2 109 110 358 249
N G 1 1 110 109 765 655
G Space -2 1 109 109 265 156
Space C 1 1 109 125 608 499
C L 1 -6 125 94 328 203
L A 0 8 94 140 156 62
A S 0 -1 140 109 265 125
S S 0 0 109 109 141 32
S Space -2 -2 109 125 639 530
Space P 3 -6 125 78 858 733
P A -1 9 78 156 109 31
A R 1 -3 156 94 406 250
R E 0 1 94 125 187 93
E N -2 -3 125 109 328 203
N T 2 1 109 109 359 250
T Oem7 -1 -6 109 94 1622 1513
Oem7 S 0 9 94 124 172 78
S Space -2 -2 124 125 327 203
Space S 2 2 125 93 2278 2153
S A 0 1 93 172 171 78
A V -1 -3 172 125 375 203
V I 2 -4 125 94 327 202
I N -2 2 94 109 281 187
N G 1 1 109 109 406 297
G D 0 2 109 62 421 312
D Back 2 -10 62 109 1482 1420
Back S -2 11 109 109 655 546
S Space -2 -2 109 109 141 32
Space W 3 2 109 94 951 842
W E 0 -1 94 94 203 109
E R 0 -1 94 109 172 78
R E 0 1 109 125 202 93
E Space -3 -1 125 141 234 109
Space B 1 -1 141 93 578 437
B E 2 2 93 141 249 156
E I 0 -5 141 78 421 280
I N -2 2 78 78 266 188
N G 1 1 78 94 436 358
G Space -2 1 94 94 203 109
Space S 2 2 94 141 811 717
S A 0 1 141 140 250 109
A V -1 -3 140 125 686 546
V E 2 1 125 125 234 109
E D -1 0 125 125 234 109
D Back 2 -10 125 78 8643 8518
Back Back 0 0 78 94 140 62
Back Back 0 0 94 109 141 47
Back Back 0 0 109 125 296 187
Back P -1 3 125 78 1139 1014
P E 0 7 78 109 218 140
E N -2 -3 109 94 468 359
N T 2 1 94 93 2746 2652
T Space -3 1 93 94 296 203
Space O 3 -5 94 94 515 421
O N -2 3 94 94 421 327
N Space -1 2 94 109 219 125
Space M 1 -3 109 93 499 390
M Y 2 1 93 78 421 328
Y Space -3 2 78 125 265 187
Space C 1 1 125 141 468 343
C O 2 -6 141 110 343 202
O L -1 0 110 93 219 109
L L 0 0 93 125 171 78
L E 1 6 125 110 156 31
E G -1 -2 110 109 437 327
G E 1 2 109 125 234 125
E Space -3 -1 125 124 1467 1342
Space T 3 -1 124 125 202 78
T U 0 -2 125 110 468 343
U T 0 2 110 109 422 312
T I 0 -3 109 94 358 249
I O 0 -1 94 109 188 94
O N -2 3 109 93 390 281
N OemPeriod 0 -3 93 93 499 406
OemPeriod Return 1 -3 93 156 281 188
Return Back 2 -1 156 156 873 717
Back Space -4 9 156 78 1451 1295
Space LShiftKey 1 4 78 265 343 265
LShiftKey A 1 -1 265 140 203 -62
A F 0 -3 140 109 484 344
F E 1 1 109 140 234 125
E R 0 -1 140 141 327 187
R Space -3 0 141 141 312 171
Space S 2 2 141 125 421 280
S I 1 -6 125 124 500 375
I X -2 6 124 109 764 640
X Space -1 -2 109 125 842 733
Space M 1 -3 125 93 2138 2013
M O 2 -2 93 94 265 172
O N -2 3 94 93 281 187
N T 2 1 93 109 530 437
T H -1 -1 109 125 203 94
H S 0 4 125 109 343 218
S A 0 1 109 94 0 -109
A Back 2 -12 94 109 1077 983
Back Oemcomma -3 5 109 78 1123 1014
Oemcomma Space -1 4 78 93 234 156
Space Capital 2 4 93 203 296 203
Capital LShiftKey -1 0 203 281 47 -156
LShiftKey I 2 -8 281 78 156 -125
I I 0 0 78 110 764 686
I Back 1 -5 110 125 640 530
Back Back 0 0 125 93 172 47
Back LShiftKey -3 13 93 515 280 187
LShiftKey I 2 -8 515 78 468 -47
I Space -3 4 78 94 250 172
Space C 1 1 94 140 234 140
C O 2 -6 140 94 265 125
O U 0 2 94 94 390 296
U L -1 -2 94 94 499 405
L Oem1 0 -1 94 78 16 -78
Oem1 Back 2 -3 78 109 905 827
Back Back 0 0 109 94 187 78
Back Back 0 0 94 78 234 140
Back Back 0 0 78 94 156 78
Back Back 0 0 94 109 156 62
Back Back 0 0 109 47 187 78
Back Space -4 9 47 110 733 686
Space Capital 2 4 110 172 250 140
Capital C -1 -3 172 109 796 624
C O 2 -6 109 78 312 203
O U 0 2 78 94 280 202
U L -1 -2 94 94 437 343
L D 0 6 94 109 281 187
D E 1 0 109 109 265 156
E Back 1 -10 109 140 640 531
Back M -3 6 140 63 920 780
M Back 3 -6 63 93 484 421
Back N -3 7 93 93 312 219
N Oem7 1 -5 93 93 515 422
Oem7 T 1 6 93 124 858 765
T Space -3 1 124 125 1731 1607
Space S 2 2 125 94 671 546
S E 1 -1 94 93 250 156
E E 0 0 93 93 156 63
E Space -3 -1 93 141 249 156
Space V 1 0 141 94 1014 873
V A 1 3 94 109 312 218
A L 0 -8 109 125 390 281
L U 1 2 125 109 484 359
U E 0 4 109 125 296 187
E Space -3 -1 125 125 172 47
Space I 3 -4 125 109 546 421
I T 0 3 109 109 359 250
T Space -3 1 109 109 218 109
Space I 3 -4 109 125 359 250
I T 0 3 125 110 405 280
T Back 1 -8 110 78 1124 1014
Back Back 0 0 78 94 171 93
Back Back 0 0 94 63 187 93
Back Back 0 0 63 94 281 218
Back N -3 7 94 94 967 873
N Space -1 2 94 94 234 140
Space I 3 -4 94 93 375 281
I T 0 3 93 109 234 141
T Oemcomma -2 -3 109 78 2745 2636
Oemcomma Back 3 -5 78 109 640 562
Back OemPeriod -3 4 109 94 374 265
OemPeriod Space -1 5 94 109 297 203
Space Capital 2 4 109 203 187 78
Capital LShiftKey -1 0 203 280 16 -187
LShiftKey I 2 -8 280 93 156 -124
I Back 1 -5 93 124 1248 1155
Back Capital -2 13 124 171 109 -15
Capital LShiftKey -1 0 171 468 577 406
LShiftKey I 2 -8 468 78 437 -31
I Space -3 4 78 124 983 905
Space H 2 -2 124 94 608 484
H A 0 5 94 124 94 0
A D 0 -2 124 125 249 125
D Space -2 -1 125 125 265 140
Space N 1 -2 125 94 4446 4321
N O 2 -3 94 94 406 312
O Space -3 5 94 93 281 187
Space I 3 -4 93 109 374 281
I D -1 5 109 140 297 188
D E 1 0 140 140 218 78
E A -1 2 140 172 390 250
A Space -2 -3 172 140 328 156
Space W 3 2 140 125 296 156
W H -1 -4 125 109 546 421
H A 0 5 109 172 140 31
A T 1 -4 172 109 281 109
T Space -3 1 109 124 297 188
Space LShiftKey 1 4 124 281 514 390
LShiftKey I 2 -8 281 78 250 -31
I Space -3 4 78 109 265 187
Space W 3 2 109 109 390 281
W A -1 1 109 125 281 172
A N -1 -5 125 93 437 312
N T 2 1 93 94 499 406
T E 0 2 94 78 156 62
E D -1 0 78 109 203 125
D Space -2 -1 109 93 234 125
Space T 3 -1 93 93 468 375
T O 0 -4 93 78 249 156
O Space -3 5 78 109 266 188
Space W 3 2 109 109 2605 2496
W I 0 -6 109 94 405 296
I T 0 3 94 78 359 265
T H -1 -1 78 93 219 141
H Space -2 2 93 94 218 125
Space M 1 -3 94 109 749 655
M Y 2 1 109 62 1357 1248
Y Space -3 2 62 93 250 188
Space L 2 -5 93 78 483 390
L I 1 1 78 94 265 187
I F -1 4 94 110 468 374
F E 1 1 110 125 203 93
E Space -3 -1 125 109 1810 1685
Space A 2 3 109 156 936 827
A N -1 -5 156 109 530 374
N D 1 3 109 78 484 375
D Space -2 -1 78 110 171 93
Space N 1 -2 110 78 5757 5647
N O 2 -3 78 78 265 187
O Space -3 5 78 93 281 203
Space I 3 -4 93 109 468 375
I D -1 5 109 109 359 250
D E 1 0 109 78 202 93
E A -1 2 78 109 250 172
A D 0 -2 109 109 265 156
D Space -2 -1 109 94 343 234
Space H 2 -2 94 94 1092 998
H O 1 -3 94 94 468 374
O E 0 6 94 47 203 109
E Back 1 -10 47 109 562 515
Back W -1 11 109 94 140 31
W Space -3 -2 94 109 281 187
Space C 1 1 109 93 640 531
C O 2 -6 93 62 374 281
O L -1 0 62 63 218 156
L L 0 0 63 93 141 78
L E 1 6 93 78 171 78
E G -1 -2 78 93 531 453
G E 1 2 93 93 234 141
E Space -3 -1 93 63 296 203
Space O 3 -5 63 63 265 202
O Back 1 -4 63 94 624 561
Back I -1 5 94 109 531 437
I S -1 6 109 125 140 31
S Space -2 -2 125 125 234 109
Space G 2 -1 125 94 343 218
G O 1 -4 94 78 328 234
O I 0 1 78 93 281 203
I N -2 2 93 94 327 234
N G 1 1 94 78 375 281
G Space -2 1 78 93 234 156
Space T 3 -1 93 125 249 156
T P 0 -5 125 110 234 109
P Back 1 -3 110 125 453 343
Back O -1 4 125 78 312 187
O Space -3 5 78 109 296 218
Space H 2 -2 109 94 811 702
H R 1 2 94 78 219 125
R Back 1 -9 78 109 780 702
Back E -1 10 109 78 390 281
E L -1 -6 78 94 265 187
L P 1 -1 94 109 390 296
P Space -3 6 109 110 374 265
Space M 1 -3 110 94 2746 2636
M R 2 3 94 62 250 156
R Back 1 -9 62 125 483 421
Back E -1 10 125 94 203 78
E Space -3 -1 94 78 343 249
Space F 2 0 78 124 1935 1857
F I 1 -4 124 125 327 203
I G -1 3 125 110 499 374
G U 1 -2 110 109 281 171
U R 0 3 109 94 281 172
R E 0 1 94 94 187 93
E Space -3 -1 94 110 187 93
Space I 3 -4 110 94 312 202
I T 0 3 94 109 437 343
T Space -3 1 109 109 234 125
Space O 3 -5 109 94 468 359
O U 0 2 94 109 234 140
U T 0 2 109 78 375 266
T OemPeriod -2 -4 78 78 530 452
OemPeriod A 1 8 78 94 5522 5444
A N -1 -5 94 93 578 484
N D 1 3 93 124 312 219
D Space -2 -1 124 93 156 32
Space H 2 -2 93 78 764 671
H E 1 3 78 125 187 109
E R 0 -1 125 93 219 94
R E 0 1 93 125 171 78
E Space -3 -1 125 125 234 109
Space Left 0 -7 125 94 1357 1232
Left Left 0 0 94 78 188 94
Left Left 0 0 78 78 171 93
Left Left 0 0 78 78 141 63
Left Left 0 0 78 78 156 78
Left Left 0 0 78 62 140 62
Left Left 0 0 62 78 140 78
Left Left 0 0 78 63 156 78
Left Left 0 0 63 94 515 452
Left Space 0 7 94 94 655 561
Space Right 0 -9 94 109 874 780
Right Back 4 0 109 78 452 343
Back LShiftKey -3 13 78 297 359 281
LShiftKey A 1 -1 297 125 234 -63
A Right -2 -12 125 78 1139 1014
Right Right 0 0 78 94 140 62
Right Right 0 0 94 78 172 78
Right Right 0 0 78 62 156 78
Right Right 0 0 62 78 156 94
Right Right 0 0 78 62 172 94
Right Right 0 0 62 62 187 125
Right Space 0 9 62 94 639 577
Space I 3 -4 94 93 531 437
I LShiftKey -2 8 93 187 203 110
LShiftKey Space -1 -4 187 93 187 0
Space Back 4 -9 93 109 608 515
Back Space -4 9 109 109 952 843
Space W 3 2 109 93 671 562
W A -1 1 93 78 203 110
A S 0 -1 78 109 171 93
S Space -2 -2 109 109 234 125
Space S 2 2 109 125 6864 6755
S P 1 -8 125 94 577 452
P E 0 7 94 109 219 125
E M -2 -4 109 94 405 296
M Back 3 -6 94 93 500 406
Back N -3 7 93 94 530 437
N D 1 3 94 78 640 546
D I 1 -5 78 125 280 202
I N -2 2 125 109 968 843
N G 1 1 109 109 405 296
G Space -2 1 109 93 219 110
Space A 2 3 93 109 468 375
A S 0 -1 109 124 234 125
S S 0 0 124 78 187 63
S Back 2 -11 78 109 312 234
Back L -2 4 109 78 608 499
L L 0 0 78 94 156 78
L Space -2 5 94 94 515 421
Space Back 4 -9 94 109 3463 3369
Back Back 0 0 109 94 187 78
Back Back 0 0 94 124 110 16
Back Back 0 0 124 94 358 234
Back L -2 4 94 78 983 889
L L 0 0 78 78 141 63
L Space -2 5 78 94 280 202
Space O 3 -5 94 94 406 312
O F -1 5 94 109 359 265
F Space -2 0 109 93 156 47
Space T 3 -1 93 109 234 141
T H -1 -1 109 94 218 109
H E 1 3 94 110 187 93
E Space -3 -1 110 93 219 109
Space M 1 -3 93 94 561 468
M O 2 -2 94 93 266 172
O N -2 3 93 110 280 187
N E 2 3 110 93 609 499
E Y 0 -3 93 78 515 422
Y Space -3 2 78 93 5226 5148
Space M 1 -3 93 94 405 312
M Y 2 1 94 109 562 468
Y Space -3 2 109 109 281 172
Space P 3 -6 109 109 624 515
P A -1 9 109 125 109 0
A R 1 -3 125 109 343 218
R E 0 1 109 109 187 78
E N -2 -3 109 78 375 266
N T 2 1 78 94 280 202
T S -1 3 94 94 359 265
S Space -2 -2 94 109 250 156
Space H 2 -2 109 93 468 359
H A 0 5 93 109 125 32
A V -1 -3 109 109 405 296
V E 2 1 109 109 234 125
E Space -3 -1 109 124 219 110
Space S 2 2 124 109 1014 890
S A 0 1 109 124 936 827
A C -1 -2 124 110 436 312
C Back 3 -10 110 125 624 514
Back V -3 9 125 109 281 156
V E 2 1 109 110 265 156
E D -1 0 110 125 234 124
D Space -2 -1 125 125 328 203
Space T 3 -1 125 109 265 140
T H -1 -1 109 125 328 219
H E 1 3 125 109 530 405
E I 0 -5 109 109 749 640
I R 0 4 109 109 343 234
R Space -3 0 109 109 203 94
Space E 3 1 109 94 998 889
E N -2 -3 94 109 328 234
N T 2 1 109 93 515 406
T I 0 -3 93 110 249 156
I R 0 4 110 109 297 187
R E 0 1 109 109 218 109
E Space -3 -1 109 110 265 156
Space L 2 -5 110 93 375 265
L I 1 1 93 109 234 141
I F -1 4 109 110 405 296
F E 1 1 110 125 219 109
E OemPeriod -2 -6 125 94 483 358
OemPeriod Space -1 5 94 94 1950 1856
Space LShiftKey 1 4 94 234 328 234
LShiftKey S 1 -2 234 124 172 -62
S O 1 -7 124 78 374 250
O Space -3 5 78 93 281 203
Space LShiftKey 1 4 93 187 296 203
LShiftKey I 2 -8 187 93 141 -46
I Space -3 4 93 109 265 172
Space D 2 1 109 93 234 125
D E 1 0 93 94 187 94
E C -2 0 94 93 281 187
C I 2 -5 93 110 327 234
I D -1 5 110 109 422 312
D E 1 0 109 125 187 78
E D -1 0 125 109 218 93
D Space -2 -1 109 125 406 297
Space T 3 -1 125 109 4976 4851
T O 0 -4 109 78 297 188
O Space -3 5 78 125 686 608
Space D 2 1 125 109 187 62
D R 1 -1 109 109 219 110
R O 0 -5 109 110 280 171
O P 0 -1 110 94 203 93
P Space -3 6 94 109 671 577
Space O 3 -5 109 93 328 219
O U 0 2 93 109 468 375
U T 0 2 109 93 390 281
T Space -3 1 93 125 343 250
Space LShiftKey 1 4 125 1732 343 218
LShiftKey D7 3 -7 1732 62 1654 -78
D7 Space -4 3 62 124 702 640
Space D 2 1 124 125 187 63
D E 1 0 125 124 203 78
E C -2 0 124 125 889 765
C I 2 -5 125 109 359 234
I D -1 5 109 124 234 125
D E 1 0 124 125 202 78
E D -1 0 125 125 219 94
D Space -2 -1 125 156 265 140
Space T 3 -1 156 93 1342 1186
T O 0 -4 93 78 358 265
O Space -3 5 78 141 312 234
Space D 2 1 141 109 375 234
D R 1 -1 109 109 203 94
R O 0 -5 109 94 296 187
O P 0 -1 94 94 218 124
P Space -3 6 94 94 328 234
Space O 3 -5 94 109 624 530
O Back 1 -4 109 93 1841 1732
Back Back 0 0 93 140 156 63
Back Back 0 0 140 109 187 47
Back Back 0 0 109 125 156 47
Back Back 0 0 125 78 203 78
Back Back 0 0 78 125 5709 5631
Back Back 0 0 125 140 406 281
Back Back 0 0 140 156 187 47
Back Back 0 0 156 140 172 16
Back Back 0 0 140 702 390 250
Back Back 0 0 702 140 811 109
Back Back 0 0 140 125 203 63
Back Left -4 2 125 109 5803 5678
Left T 3 6 109 109 593 484
T Right -3 -8 109 93 5226 5117
Right Back 4 0 93 78 327 234
Back I -1 5 78 109 25148 25070
I T 0 3 109 93 35459 35350
T R 0 1 93 109 187 94
R U 0 -3 109 93 390 281
U S -1 5 93 125 249 156
S T 1 -3 125 78 250 125
T Space -3 1 78 156 1217 1139
Space T 3 -1 156 93 12090 11934
T H -1 -1 93 110 171 78
H A 0 5 110 141 671 561
A T 1 -4 141 93 172 31
T Space -3 1 93 156 655 562
Space I 3 -4 156 94 1076 920
I T 0 3 94 110 234 140
T Space -3 1 110 78 188 78
Space W 3 2 78 109 468 390
W O 0 -7 109 109 296 187
O U 0 2 109 109 234 125
U L -1 -2 109 78 421 312
L D 0 6 78 110 577 499
D Space -2 -1 110 78 234 124
Space A 2 3 78 124 422 344
A L 0 -8 124 78 374 250
L L 0 0 78 109 156 78
L Space -2 5 109 109 312 203
Space W 3 2 109 94 265 156
W O 0 -7 94 94 265 171
O R 0 5 94 93 422 328
R K -1 -4 93 94 374 281
K Space -2 4 94 78 265 171
Space O 3 -5 78 94 359 281
O U 0 2 94 124 640 546
U T 0 2 124 109 421 297
T Space -3 1 109 110 717 608
Space LShiftKey 1 4 110 1170 6131 6021
LShiftKey O 2 -9 1170 110 187 -983
O K -1 1 110 94 874 764
K OemPeriod -1 -1 94 94 374 280
OemPeriod Space -1 5 94 109 1358 1264
Space LShiftKey 1 4 109 452 421 312
LShiftKey I 2 -8 452 109 343 -109
I T 0 3 109 94 343 234
T Space -3 1 94 124 297 203
Space W 3 2 124 94 218 94
W A -1 1 94 62 234 140
A S 0 -1 62 94 234 172
S Space -2 -2 94 94 62 -32
Space Left 0 -7 94 78 3729 3635
Left Back 4 -2 78 94 327 249
Back P -1 3 94 109 4696 4602
P E 0 7 109 110 218 109
E Back 1 -10 110 110 624 514
Back R -1 9 110 109 188 78
R E 0 1 109 110 202 93
E T 0 -2 110 125 484 374
T T 0 0 125 109 187 62
T Y 0 -1 109 109 172 63
Y Space -3 2 109 140 281 172
Space S 2 2 140 140 343 203
S C -1 -1 140 94 249 109
C A 1 2 94 109 281 187
A R 1 -3 109 109 312 203
R Y 0 -2 109 93 375 266
Y Space -3 2 93 94 280 187
Space A 2 3 94 94 234 140
A T 1 -4 94 78 250 156
T Space -3 1 78 125 281 203
Space T 3 -1 125 125 343 218
T I 0 -3 125 109 234 109
I M -2 1 109 94 343 234
M E 2 4 94 124 297 203
E S -1 1 124 125 436 312
S Back 2 -11 125 109 2902 2777
Back Oemcomma -3 5 109 109 983 874
Oemcomma Space -1 4 109 124 1217 1108
Space B 1 -1 124 94 982 858
B U 2 -2 94 109 328 234
U T 0 2 109 94 374 265
T Space -3 1 94 125 156 62
Space L 2 -5 125 93 453 328
L O 1 0 93 78 187 94
O O 0 0 78 94 140 62
O K -1 1 94 109 219 125
K I 1 0 109 94 265 156
I N -2 2 94 93 281 187
N G 1 1 93 93 515 422
G Space -2 1 93 109 249 156
Space B 1 -1 109 93 1030 921
B A 1 4 93 125 109 16
A C -1 -2 125 109 562 437
C K 1 -5 109 78 1107 998
K Space -2 4 78 109 312 234
Space I 3 -4 109 93 10437 10328
I T 0 3 93 94 405 312
T Space -3 1 94 93 188 94
Space W 3 2 93 109 327 234
W A -1 1 109 94 265 156
A S 0 -1 94 94 234 140
S Space -2 -2 94 140 172 78
Space O 3 -5 140 78 780 640
O N -2 3 78 109 250 172
N E 2 3 109 78 234 125
E Space -3 -1 78 109 140 62
Space O 3 -5 109 110 530 421
O F -1 5 110 93 344 234
F Space -2 0 93 109 171 78
Space T 3 -1 109 94 265 156
T H -1 -1 94 93 188 94
H E 1 3 93 109 218 125
E Space -3 -1 109 125 203 94
Space B 1 -1 125 94 717 592
B E 2 2 94 78 281 187
E S -1 1 78 125 234 156
S T 1 -3 125 94 281 156
T Space -3 1 94 125 312 218
Space D 2 1 125 78 234 109
D E 1 0 78 94 187 109
E C -2 0 94 94 281 187
C I 2 -5 94 94 3510 3416
I S -1 6 94 109 328 234
S I 1 -6 109 94 249 140
I O 0 -1 94 109 203 109
O N -2 3 109 109 312 203
N D 1 3 109 94 343 234
D Back 2 -10 94 140 515 421
Back S -2 11 140 109 187 47
S Space -2 -2 109 125 234 125
Space LShiftKey 1 4 125 281 343 218
LShiftKey I 2 -8 281 94 203 -78
I Space -3 4 94 124 297 203
Space M 1 -3 124 109 1201 1077
M A 1 6 109 110 93 -16
A D 0 -2 110 109 968 858
D E 1 0 109 125 187 78
E Space -3 -1 125 93 203 78
Space Left 0 -7 93 125 3868 3775
Left OemPeriod 1 2 125 78 1108 983
OemPeriod Left -1 -2 78 62 406 328
Left Left 0 0 62 62 187 125
Left Left 0 0 62 78 140 78
Left Left 0 0 78 78 156 78
Left Left 0 0 78 62 141 63
Left Left 0 0 62 78 280 218
Left Space 0 7 78 78 718 640
Space E 3 1 78 94 1404 1326
E V -2 -1 94 94 608 514
V E 2 1 94 47 250 156
E R 0 -1 47 109 281 234
R Right -3 -9 109 78 1248 1139
Right Right 0 0 78 63 171 93
Right Right 0 0 63 78 141 78
Right Right 0 0 78 62 156 78
Right Right 0 0 62 78 125 63
Right Right 0 0 78 62 140 62
Right Space 0 9 62 110 2012 1950
Space LShiftKey 1 4 110 359 390 280
LShiftKey T 2 -5 359 78 312 -47
T H -1 -1 78 78 312 234
H E 1 3 78 94 172 94
E Space -3 -1 94 94 187 93
Space M 1 -3 94 62 609 515
M I 2 -1 62 109 249 187
I N -2 2 109 110 265 156
N U 2 -1 110 110 468 358
U T 0 2 110 110 702 592
T R 0 1 110 109 188 78
R Back 1 -9 109 172 639 530
Back E -1 10 172 109 328 156
E Space -3 -1 109 125 2090 1981
Space LShiftKey 1 4 125 187 406 281
LShiftKey I 2 -8 187 78 156 -31
I Space -3 4 78 140 265 187
Space D 2 1 140 109 546 406
D R 1 -1 109 125 203 94
R O 0 -5 125 94 374 249
O P 0 -1 94 78 234 140
P P 0 0 78 93 141 63
P E 0 7 93 125 187 94
E D -1 0 125 125 218 93
D Space -2 -1 125 125 281 156
Space O 3 -5 125 109 421 296
O U 0 2 109 140 437 328
U T 0 2 140 109 655 515
T Space -3 1 109 110 1513 1404
Space LShiftKey 1 4 110 484 749 639
LShiftKey I 2 -8 484 93 375 -109
I Space -3 4 93 109 312 219
Space C 1 1 109 109 624 515
C O 2 -6 109 109 218 109
O U 0 2 109 78 1529 1420
U L -1 -2 78 94 265 187
L D 0 6 94 78 390 296
D Space -2 -1 78 93 203 125
Space S 2 2 93 109 2933 2840
S T 1 -3 109 94 202 93
T O 0 -4 94 94 546 452
O P 0 -1 94 78 203 109
P Space -3 6 78 109 281 203
Space T 3 -1 109 93 328 219
T A -1 4 93 109 140 47
A K 0 -7 109 94 577 468
K I 1 0 94 93 219 125
I N -2 2 93 109 296 203
N G 1 1 109 109 421 312
G Space -2 1 109 125 1014 905
Space T 3 -1 125 93 484 359
T H -1 -1 93 94 296 203
H E 1 3 94 94 156 62
E Space -3 -1 94 109 172 78
Space R 3 0 109 94 218 109
R E 0 1 94 125 172 78
E Q 0 2 125 109 546 421
Q U 0 -6 109 93 312 203
U I 0 -1 93 109 234 141
I R 0 4 109 94 405 296
R E 0 1 94 93 188 94
E D -1 0 93 109 234 141
D Space -2 -1 109 94 296 187
Space C 1 1 94 109 4758 4664
C L 1 -6 109 78 1045 936
L A 0 8 78 94 187 109
A S 0 -1 94 109 188 94
S S 0 0 109 78 171 62
S E 1 -1 78 110 187 109
E S -1 1 110 109 375 265
S Space -2 -2 109 93 359 250
Space T 3 -1 93 63 405 312
T H -1 -1 63 94 281 218
H T 1 1 94 94 998 904
T Space -3 1 94 125 624 530
Space Back 4 -9 125 78 843 718
Back Back 0 0 78 78 156 78
Back A -2 12 78 125 405 327
A T 1 -4 125 78 468 343
T Space -3 1 78 109 281 203
Space D 2 1 109 109 312 203
D I 1 -5 109 109 468 359
I D -1 5 109 109 234 125
D N -1 -3 109 93 718 609
N Oem7 1 -5 93 93 1014 921
Oem7 T 1 6 93 109 749 656
T Space -3 1 109 124 312 203
Space I 3 -4 124 94 1060 936
I N -2 2 94 93 266 172
N T 2 1 93 78 374 281
T E 0 2 78 109 343 265
E R 0 -1 109 94 187 78
R E 0 1 94 125 219 125
E S -1 1 125 109 515 390
S T 1 -3 109 78 234 125
T Space -3 1 78 109 327 249
Space M 1 -3 109 94 624 515
M Oemcomma 0 -1 94 94 0 -94
Oemcomma E 2 5 94 109 156 62
E Back 1 -10 109 109 1186 1077
Back Back 0 0 109 78 156 47
Back E -1 10 78 109 920 842
E Oemcomma -2 -5 109 93 2824 2715
Oemcomma Space -1 4 93 109 265 172
Space A 2 3 109 93 562 453
A N -1 -5 93 78 343 250
N D 1 3 78 78 359 281
D Space -2 -1 78 94 327 249
Space B 1 -1 94 109 5507 5413
B E 2 2 109 78 593 484
E G -1 -2 78 46 749 671
G I 1 -3 46 110 280 234
I N -2 2 110 109 281 171
N E 2 3 109 93 219 110
E Space -3 -1 93 125 202 109
Space D 2 1 125 94 468 343
D R 1 -1 94 109 219 125
R O 0 -5 109 94 405 296
O P 0 -1 94 78 234 140
P P 0 0 78 109 141 63
P I 0 2 109 109 374 265
I M -2 1 109 124 297 188
M Back 3 -6 124 94 748 624
Back N -3 7 94 94 328 234
N G 1 1 94 109 359 265
G Space -2 1 109 109 218 109
Space I 3 -4 109 94 421 312
I N -2 2 94 94 1295 1201
N Space -1 2 94 78 421 327
Space O 3 -5 78 78 422 344
O N -2 3 78 94 452 374
N Space -1 2 94 109 468 374
Space T 3 -1 109 94 1279 1170
T H -1 -1 94 140 141 47
H E 1 3 140 125 327 187
E Space -3 -1 125 141 187 62
Space O 3 -5 141 94 780 639
O N -2 3 94 109 281 187
N E 2 3 109 109 796 687
E S -1 1 109 125 811 702
S Space -2 -2 125 125 1014 889
Space T 3 -1 125 93 562 437
T H -1 -1 93 94 218 125
H A 0 5 94 140 312 218
A T 1 -4 140 94 187 47
T Space -3 1 94 93 297 203
Space L 2 -5 93 94 561 468
L O 1 0 94 110 187 93
O O 0 0 110 78 172 62
O K -1 1 78 140 203 125
K E 1 5 140 78 530 390
E D -1 0 78 63 234 156
D Space -2 -1 63 109 609 546
Space I 3 -4 109 93 624 515
I N -2 2 93 93 265 172
N T 2 1 93 94 405 312
T E 0 2 94 125 219 125
E R 0 -1 125 109 218 93
R E 0 1 109 125 250 141
E S -1 1 125 110 561 436
S T 1 -3 110 110 359 249
T I 0 -3 110 94 390 280
I N -2 2 94 93 266 172
N G 1 1 93 109 421 328
G OemPeriod -1 -4 109 125 1092 983
OemPeriod Back 3 -4 125 93 6786 6661
Back Return -2 1 93 93 5351 5258
Return LShiftKey -1 12 93 296 421 328
LShiftKey I 2 -8 296 110 249 -47
I T 0 3 110 109 344 234
T Space -3 1 109 125 187 78
Space W 3 2 125 93 515 390
W A -1 1 93 110 202 109
A S 0 -1 110 93 843 733
S N -1 -4 93 78 374 281
N Oem7 1 -5 78 109 796 718
Oem7 T 1 6 109 93 624 515
T Space -3 1 93 110 171 78
Space A 2 3 110 125 219 109
A L 0 -8 125 78 312 187
L L 0 0 78 109 140 62
L Space -2 5 109 94 265 156
Space R 3 0 94 109 297 203
R O 0 -5 109 78 327 218
O M -2 2 78 109 328 250
M A 1 6 109 125 281 172
A N -1 -5 125 93 312 187
N T 2 1 93 125 405 312
T I 0 -3 125 109 281 156
I C -2 5 109 124 375 266
C OemPeriod 0 -6 124 78 1575 1451
OemPeriod Space -1 5 78 93 250 172
Space LShiftKey 1 4 93 187 156 63
LShiftKey I 2 -8 187 78 218 31
I Space -3 4 78 93 250 172
Space D 2 1 93 94 249 156
D I 1 -5 94 109 531 437
I D -1 5 109 109 234 125
D N -1 -3 109 94 608 499
N Oem7 1 -5 94 93 640 546
Oem7 T 1 6 93 94 561 468
T Space -3 1 94 94 234 140
Space H 2 -2 94 94 1295 1201
H A 0 5 94 125 109 15
A V -1 -3 125 94 468 343
V E 2 1 94 125 94 0
E Space -3 -1 125 109 234 109
Space A 2 3 109 125 296 187
A Space -2 -3 125 140 266 141
Space D 2 1 140 140 1482 1342
D O 1 -6 140 93 780 640
O R 0 5 93 93 343 250
R M -2 -3 93 109 530 437
M Space -1 3 109 109 1014 905
Space R 3 0 109 94 421 312
R P 0 -6 94 78 281 187
P Back 1 -3 78 94 546 468
Back O -1 4 94 94 281 187
O O 0 0 94 93 172 78
O M -2 2 93 94 249 156
M Oemcomma 0 -1 94 94 515 421
Oemcomma Space -1 4 94 94 343 249
Space S 2 2 94 109 1342 1248
S O 1 -7 109 78 437 328
O Space -3 5 78 125 265 187
Space LShiftKey 1 4 125 172 639 514
LShiftKey I 2 -8 172 94 156 -16
I Space -3 4 94 94 312 218
Space S 2 2 94 94 1217 1123
S L 0 -7 94 109 328 234
L E 1 6 109 109 312 203
E P 0 -7 109 110 951 842
P R 0 6 110 94 234 124
R Back 1 -9 94 125 593 499
Back T -1 8 125 125 203 78
T Space -3 1 125 125 530 405
Space O 3 -5 125 78 827 702
O N -2 3 78 94 265 187
N Space -1 2 94 93 188 94
Space F 2 0 93 94 530 437
F L 0 -5 94 94 312 218
L O 1 0 94 109 203 109
O O 0 0 109 109 156 47
O R 0 5 109 94 249 140
R Space -3 0 94 109 344 250
Space I 3 -4 109 94 1216 1107
I N -2 2 94 93 297 203
N Space -1 2 93 78 218 125
Space F 2 0 78 93 453 375
F R 1 0 93 109 343 250
R I 0 -4 109 125 296 187
I E 0 5 125 109 297 172
E N -2 -3 109 94 452 343
N S 1 4 94 109 874 780
S Back 2 -11 109 109 842 733
Back D -2 10 109 93 203 94
D Oem7 0 -8 93 78 1263 1170
Oem7 S 0 9 78 110 468 390
S Space -2 -2 110 125 312 202
Space R 3 0 125 78 1092 967
R O 0 -5 78 78 344 266
O O 0 0 78 93 156 78
O M -2 2 93 109 234 141
M S 1 5 109 94 374 265
S Oemcomma -1 -6 94 94 1700 1606
Oemcomma Space -1 4 94 94 312 218
Space LShiftKey 1 4 94 187 219 125
LShiftKey I 2 -8 187 78 218 31
I Space -3 4 78 110 265 187
Space R 3 0 110 93 141 31
R E 0 1 93 94 171 78
E T 0 -2 94 94 281 187
T U 0 -2 94 94 593 499
U R 0 3 94 93 359 265
R N -2 -2 93 125 811 718
N E 2 3 125 110 296 171
E D -1 0 110 125 234 124
D Space -2 -1 125 140 266 141
Space LShiftKey 1 4 140 421 1716 1576
LShiftKey C 0 -3 421 172 296 -125
C O 2 -6 172 78 437 265
O K -1 1 78 93 359 281
K E 1 5 93 125 327 234
E Space -3 -1 125 93 297 172
Space B 1 -1 93 109 546 453
B O 2 -4 109 94 327 218
O T 0 4 94 109 562 468
T T 0 0 109 93 203 94
T L -1 -4 93 94 1528 1435
L K 0 1 94 62 16 -78
K Back 2 -5 62 125 983 921
Back E -1 10 125 93 2106 1981
E S -1 1 93 109 265 172
S Space -2 -2 109 124 1108 999
Space F 2 0 124 109 6567 6443
F O 1 -5 109 110 265 156
O R 0 5 110 94 203 93
R Space -3 0 94 125 203 109
Space D5 4 -1 125 94 1326 1201
D5 Space -4 1 94 110 296 202
Space C 1 1 110 125 406 296
C E 2 0 125 125 281 156
E N -2 -3 125 94 608 483
N T 2 1 94 109 406 312
T S -1 3 109 109 374 265
S Space -2 -2 109 156 250 141
Space D 2 1 156 94 218 62
D E 1 0 94 109 203 109
E P 0 -7 109 94 421 312
P O 0 1 94 110 187 93
O I 0 1 110 93 297 187
I S -1 6 93 124 905 812
S I 1 -6 124 125 187 63
I T 0 3 125 78 374 249
T E 0 2 78 78 234 156
E Space -3 -1 78 125 281 203
Space T 3 -1 125 109 390 265
T O 0 -4 109 109 312 203
O Space -3 5 109 109 312 203
Space B 1 -1 109 93 905 796
B U 2 -2 93 78 624 531
U Y 0 1 78 78 218 140
Y Space -3 2 78 109 281 203
Space F 2 0 109 109 515 406
F O 1 -5 109 94 421 312
O O 0 0 94 109 172 78
O D -1 6 109 109 530 421
D Space -2 -1 109 125 203 94
Space W 3 2 125 109 296 171
W I 0 -6 109 93 297 188
I T 0 3 93 109 1076 983
T H -1 -1 109 94 218 109
H Oemcomma -1 -2 94 94 9563 9469
Oemcomma Space -1 4 94 109 234 140
Space LShiftKey 1 4 109 187 312 203
LShiftKey I 2 -8 187 94 125 -62
I Space -3 4 94 109 265 171
Space W 3 2 109 109 312 203
W O 0 -7 109 94 3744 3635
O U 0 2 94 78 312 218
U L -1 -2 78 94 499 421
L D 0 6 94 94 515 421
D Space -2 -1 94 94 156 62
Space W 3 2 94 78 577 483
W A -1 1 78 93 219 141
A L 0 -8 93 93 515 422
L K 0 1 93 93 234 141
K Space -2 4 93 109 4664 4571
Space T 3 -1 109 110 577 468
T H -1 -1 110 93 219 109
H E 1 3 93 124 203 110
E Space -3 -1 124 125 202 78
Space S 2 2 125 124 344 219
S E 1 -1 124 109 234 110
E V -2 -1 109 110 436 327
V E 2 1 110 109 250 140
E N -2 -3 109 109 421 312
N Space -1 2 109 78 250 141
Space Back 4 -9 78 125 1497 1419
Back Back 0 0 125 94 203 78
Back Back 0 0 94 78 156 62
Back Back 0 0 78 78 141 63
Back Back 0 0 78 250 140 62
Back Back 0 0 250 93 7769 7519
Back S -2 11 93 110 7347 7254
S Right -2 -11 110 109 8643 8533
Right Back 4 0 109 94 327 218
Back Back 0 0 94 94 2746 2652
Back D7 0 6 94 94 1014 920
D7 Space -4 3 94 78 2262 2168
Space M 1 -3 78 78 671 593
M I 2 -1 78 94 265 187
I L -1 -1 94 109 702 608
L E 1 6 109 125 203 94
E S -1 1 125 141 249 124
S Space -2 -2 141 94 281 140
Space A 2 3 94 110 4321 4227
A C -1 -2 110 78 453 343
C R 2 -1 78 93 281 203
R O 0 -5 93 94 405 312
O S -1 7 94 110 187 93
S S 0 0 110 94 203 93
S Space -2 -2 94 110 421 327
Space E 3 1 110 94 1529 1419
E V -2 -1 94 93 484 390
V E 2 1 93 109 234 141
E R 0 -1 109 109 234 125
R Y 0 -2 109 63 483 374
Y Space -3 2 63 109 266 203
Space LShiftKey 1 4 109 280 624 515
LShiftKey S 1 -2 280 141 171 -109
S U 1 -5 141 78 4275 4134
U N -2 1 78 93 265 187
N D 1 3 93 78 327 234
D A 0 2 78 125 203 125
A Y 1 -5 125 94 281 156
Y Space -3 2 94 125 281 187
Space N 1 -2 125 78 671 546
N I 2 -2 78 94 296 218
I G -1 3 94 109 1030 936
G H 0 -1 109 109 171 62
H T 1 1 109 78 187 78
T Space -3 1 78 109 203 125
Space T 3 -1 109 124 7707 7598
T O 0 -4 124 93 468 344
O Space -3 5 93 109 265 172
Space G 2 -1 109 124 2777 2668
G E 1 2 124 156 1029 905
E T 0 -2 156 110 889 733
T Space -3 1 110 109 281 171
Space O 3 -5 109 94 359 250
O N -2 3 94 109 281 187
N R 2 2 109 62 281 172
R Back 1 -9 62 141 514 452
Back E -1 10 141 109 188 47
E Space -3 -1 109 109 249 140
Space G 2 -1 109 93 484 375
G P 1 -5 93 78 327 234
P Back 1 -3 78 109 515 437
Back O -1 4 109 78 484 375
O O 0 0 78 109 125 47
O D -1 6 109 109 639 530
D Space -2 -1 109 93 172 63
Space M 1 -3 93 110 639 546
M E 2 4 110 109 297 187
E A -1 2 109 109 624 515
A L 0 -8 109 78 327 218
L Space -2 5 78 109 281 203
Space S 2 2 109 109 2824 2715
S Back 2 -11 109 124 593 484
Back A -2 12 124 124 234 110
A Space -2 -3 124 125 218 94
Space W 3 2 125 124 172 47
W E 0 -1 124 109 218 94
E E 0 0 109 109 156 47
E K -1 -5 109 78 998 889
K Space -2 4 78 78 266 188
Space A 2 3 78 141 249 171
A T 1 -4 141 78 250 109
T Space -3 1 78 109 390 312
Space LShiftKey 1 4 109 858 1544 1435
LShiftKey H 1 -6 858 109 765 -93
H A 0 5 109 93 655 546
A Q 1 0 93 78 0 -93
Q Back 1 -12 78 125 1560 1482
Back R -1 9 125 93 390 265
R E 0 1 93 109 187 94
E Space -3 -1 109 109 390 281
Space LShiftKey 1 4 109 686 390 281
LShiftKey K 1 -8 686 94 655 -31
K R 1 4 94 93 297 203
R I 0 -4 93 110 358 265
I S -1 6 110 109 250 140
S H 0 -4 109 110 452 343
H N -1 0 110 109 453 343
N A 1 5 109 125 218 109
A Space -2 -3 125 125 562 437
Space T 3 -1 125 78 546 421
T E 0 2 78 109 125 47
E M -2 -4 109 78 468 359
M P 2 -3 78 78 390 312
P L -1 1 78 94 202 124
L E 1 6 94 78 406 312
E OemPeriod -2 -6 78 94 2293 2215
OemPeriod Space -1 5 94 110 265 171
Space LShiftKey 1 4 110 172 203 93
LShiftKey I 2 -8 172 94 109 -63
I Space -3 4 94 93 266 172
Space L 2 -5 93 78 390 297
L O 1 0 78 63 202 124
O V -2 5 63 109 968 905
V E 2 1 109 109 234 125
E D -1 0 109 94 218 109
D Space -2 -1 94 93 250 156
Space I 3 -4 93 110 358 265
I T 0 3 110 110 546 436
T OemPeriod -2 -4 110 78 2309 2199
OemPeriod Space -1 5 78 94 281 203
Space LShiftKey 1 4 94 296 156 62
LShiftKey A 1 -1 296 140 234 -62
A N -1 -5 140 109 343 203
N D 1 3 109 125 593 484
D Space -2 -1 125 109 359 234
Space M 1 -3 109 62 2231 2122
M U 2 0 62 94 327 265
U C -2 4 94 125 484 390
C H 1 -3 125 94 327 202
H Space -2 2 94 110 234 140
Space O 3 -5 110 125 562 452
O F -1 5 125 93 250 125
F Space -2 0 93 109 203 110
Space LShiftKey 1 4 109 203 686 577
LShiftKey I 2 -8 203 109 156 -47
I Space -3 4 109 110 296 187
Space S 2 2 110 94 250 140
S T 1 -3 94 93 437 343
T U 0 -2 93 78 421 328
U M -2 0 78 94 312 234
M B 0 2 94 94 1170 1076
B L 1 -4 94 109 499 405
L E 1 6 109 109 250 141
E D -1 0 109 110 249 140
D Space -2 -1 110 140 1701 1591
Space I 3 -4 140 94 655 515
I N -2 2 94 109 250 156
N T 2 1 109 94 452 343
T O 0 -4 94 109 250 156
O Space -3 5 109 125 2215 2106
Space B 1 -1 125 93 1092 967
B Y 2 -1 93 78 296 203
Y Space -3 2 78 140 1061 983
Space F 2 0 140 94 577 437
F O 1 -5 94 94 312 218
O L -1 0 94 78 203 109
L L 0 0 78 94 140 62
L O 1 0 94 110 624 530
O W 0 7 110 109 796 686
W I 0 -6 109 109 515 406
I N -2 2 109 109 312 203
N G 1 1 109 93 390 281
G Space -2 1 93 94 452 359
Space N 1 -2 94 109 8284 8190
N Y 2 0 109 94 296 187
Y Space -3 2 94 93 250 156
Space Back 4 -9 93 125 1653 1560
Back Back 0 0 125 93 188 63
Back Back 0 0 93 78 124 31
Back M -3 6 78 94 1139 1061
M Y 2 1 94 93 375 281
Y Space -3 2 93 110 280 187
Space C 1 1 110 125 1264 1154
C U 2 -4 125 94 390 265
U R 0 3 94 94 343 249
R I 0 -4 94 78 343 249
I O 0 -1 78 93 219 141
O S -1 7 93 109 733 640
S I 1 -6 109 93 827 718
I T 0 3 93 93 390 297
T Y 0 -1 93 94 218 125
Y Space -3 2 94 93 3495 3401
Space A 2 3 93 141 561 468
A N -1 -5 141 78 328 187
N D 1 3 78 125 468 390
D Space -2 -1 125 94 171 46
Space I 3 -4 94 94 406 312
I N -2 2 94 94 265 171
N T 2 1 94 124 453 359
T U 0 -2 124 93 780 656
U O 0 -2 93 141 327 234
O T 0 4 141 109 3744 3603
T I 0 -3 109 94 265 156
I O 0 -1 94 109 203 109
O N -2 3 109 109 359 250
N Space -1 2 109 110 3182 3073
Space T 3 -1 110 125 640 530
T U 0 -2 125 94 265 140
U R 0 3 94 109 281 187
R N -2 -2 109 125 452 343
N R 2 2 125 93 266 141
R Back 1 -9 93 140 530 437
Back E -1 10 140 124 172 32
E D -1 0 124 125 280 156
D Space -2 -1 125 94 250 125
Space O 3 -5 94 94 546 452
O U 0 2 94 94 265 171
U T 0 2 94 109 375 281
T Space -3 1 109 94 296 187
Space T 3 -1 94 156 608 514
T O 0 -4 156 78 1358 1202
O Space -3 5 78 140 686 608
Space B 1 -1 140 109 187 47
B R 2 1 109 109 219 110
R Back 1 -9 109 140 530 421
Back E -1 10 140 124 172 32
E Space -3 -1 124 94 280 156
Space P 3 -6 94 141 390 296
P R 0 6 141 109 328 187
R I 0 -4 109 110 452 343
I V -2 4 110 63 312 202
V Back 3 -9 63 141 546 483
Back C -3 10 141 109 203 62
C E 2 0 109 94 858 749
E L -1 -6 94 124 375 281
L E 1 6 124 109 109 -15
E D -1 0 109 109 343 234
D Back 2 -10 109 140 437 328
Back S -2 11 140 93 905 765
S S 0 0 93 124 156 63
S Space -2 -2 124 109 577 453
Space K 2 -4 109 78 499 390
K Back 2 -5 78 109 515 437
Back L -2 4 109 109 437 328
L A 0 8 109 156 140 31
A T 1 -4 156 109 421 265
T E 0 2 109 78 141 32
E R 0 -1 78 93 187 109
R Space -3 0 93 125 1778 1685
Space O 3 -5 125 109 328 203
O N -2 3 109 110 405 296
N Oemcomma 0 -2 110 78 2091 1981
Oemcomma Back 3 -5 78 94 483 405
Back OemPeriod -3 4 94 62 406 312
OemPeriod Space -1 5 62 94 390 328
Space LShiftKey 1 4 94 172 234 140
LShiftKey L 1 -9 172 93 172 0
L E 1 6 93 125 280 187
E T 0 -2 125 94 359 234
T Space -3 1 94 109 281 187
Space M 1 -3 109 125 312 203
M E 2 4 125 109 156 31
E Space -3 -1 109 109 234 125
Space G 2 -1 109 94 3853 3744
G I 1 -3 94 94 312 218
I V -2 4 94 109 609 515
V E 2 1 109 109 312 203
E Space -3 -1 109 78 280 171
Space Y 3 -2 78 78 858 780
Y O 0 -3 78 78 422 344
O U 0 2 78 78 280 202
U Space -3 3 78 93 297 219
Space O 3 -5 93 94 421 328
O N -2 3 94 110 296 202
N E 2 3 110 110 234 124
E Space -3 -1 110 109 219 109
Space E 3 1 109 124 359 250
E X -2 1 124 110 982 858
X A 1 1 110 156 422 312
A M -1 -6 156 94 483 327
M P 2 -3 94 78 343 249
P L -1 1 78 125 203 125
L E 1 6 125 109 312 187
E RShiftKey -2 -8 109 296 2699 2590
RShiftKey Oem1 1 1 296 140 234 -62
Oem1 Return 0 -2 140 110 452 312
Return LShiftKey -1 12 110 359 1529 1419
LShiftKey R 2 -4 359 109 250 -109
R E 0 1 109 109 203 94
E E 0 0 109 93 187 78
E D -1 0 93 140 187 94
D Space -2 -1 140 125 655 515
Space C 1 1 125 109 406 281
C O 2 -6 109 110 327 218
O L -1 0 110 109 219 109
L L 0 0 109 94 187 78
L E 1 6 94 93 172 78
E G -1 -2 93 94 592 499
G E 1 2 94 110 624 530
E Space -3 -1 110 125 390 280
Space A 2 3 125 141 359 234
A T 1 -4 141 94 265 124
T Left -3 -6 94 94 1576 1482
Left Left 0 0 94 78 172 78
Left Left 0 0 78 78 156 78
Left Left 0 0 78 62 140 62
Left Left 0 0 62 78 140 78
Left Left 0 0 78 47 156 78
Left Left 0 0 47 78 125 78
Left Left 0 0 78 62 172 94
Left Left 0 0 62 63 140 78
Left Back 4 -2 63 94 827 764
Back LShiftKey -3 13 94 671 109 15
LShiftKey C 0 -3 671 78 593 -78
C Right -1 -10 78 109 983 905
Right Right 0 0 109 94 187 78
Right Right 0 0 94 94 156 62
Right Right 0 0 94 78 156 62
Right Right 0 0 78 78 156 78
Right Right 0 0 78 656 140 62
Right Space 0 9 656 110 1950 1294
Space T 3 -1 110 109 2871 2761
T H -1 -1 109 94 577 468
H A 0 5 94 156 62 -32
A T 1 -4 156 93 219 63
T Space -3 1 93 109 296 203
Space T 3 -1 109 125 468 359
T I 0 -3 125 94 343 218
I O 0 -1 94 78 16 -78
O Back 1 -4 78 109 640 562
Back M -3 6 109 109 998 889
M E 2 4 109 109 203 94
E Space -3 -1 109 109 203 94
Space O 3 -5 109 94 7082 6973
O F -1 5 94 93 328 234
F F 0 0 93 109 452 359
F E 1 1 109 125 343 234
E R 0 -1 125 93 219 94
R E 0 1 93 94 265 172
E D -1 0 94 110 218 124
D Space -2 -1 110 94 312 202
Space P 3 -6 94 78 531 437
P E 0 7 78 109 265 187
E R 0 -1 109 109 250 141
R F -1 0 109 47 561 452
F Back 2 -9 47 203 2340 2293
Back H -2 7 203 94 3245 3042
H A 0 5 94 125 109 15
A P 1 -9 125 110 421 296
P S -1 8 110 94 359 249
S Space -2 -2 94 125 343 249
Space B 1 -1 125 109 1311 1186
B E 2 2 109 110 327 218
E S -1 1 110 109 344 234
S T 1 -3 109 94 374 265
T Space -3 1 94 125 312 218
Space C 1 1 125 110 218 93
C A 1 2 110 93 297 187
A L 0 -8 93 78 359 266
L K 0 1 78 78 1450 1372
K Back 2 -5 78 125 546 468
Back L -2 4 125 94 328 203
L I 1 1 94 94 218 124
I G -1 3 94 110 546 452
G R 1 1 110 109 297 187
R A -1 3 109 140 156 47
A P 1 -9 140 141 795 655
P H -1 4 141 93 2325 2184
H Y 1 0 93 93 359 266
Y Space -3 2 93 124 390 297
Space I 3 -4 124 110 1138 1014
I N -2 2 110 93 266 156
N S 1 4 93 109 561 468
S T 1 -3 109 93 219 110
T R 0 1 93 78 826 733
R U 0 -3 78 109 297 219
U C -2 4 109 94 561 452
C T 2 -2 94 125 359 265
T I 0 -3 125 93 328 203
I O 0 -1 93 109 203 110
O N -2 3 109 110 358 249
N Space -1 2 110 140 1342 1232
Space I 3 -4 140 93 671 531
I N -2 2 93 93 281 188
N Space -1 2 93 109 187 94
Space T 3 -1 109 93 312 203
T H -1 -1 93 125 187 94
H E 1 3 125 109 203 78
E Space -3 -1 109 141 296 187
Space C 1 1 141 125 593 452
C O 2 -6 125 93 359 234
O U 0 2 93 94 249 156
U M -2 0 94 109 266 172
M T 2 2 109 109 421 312
T R 0 1 109 78 639 530
R Y 0 -2 78 124 266 188
Y OemPeriod -2 -3 124 110 670 546
OemPeriod Space -1 5 110 109 640 530
Space LShiftKey 1 4 109 344 296 187
LShiftKey T 2 -5 344 78 266 -78
T H -1 -1 78 94 280 202
H Back 2 -7 94 62 5601 5507
Back N -3 7 62 93 624 562
N S 1 4 93 125 608 515
S R 1 -2 125 110 4555 4430
R O 0 -5 110 94 328 218
O U 0 2 94 109 250 156
U G -1 2 109 125 3931 3822
G H 0 -1 125 124 281 156
H O 1 -3 124 62 1622 1498
O U 0 2 62 78 296 234
U T 0 2 78 109 375 297
T Space -3 1 109 125 858 749
Space T 3 -1 125 109 577 452
T H -1 -1 109 93 203 94
H R 1 2 93 94 171 78
R Back 1 -9 94 109 593 499
Back E -1 10 109 93 172 63
E Space -3 -1 93 125 249 156
Space C 1 1 125 94 546 421
C A 1 2 94 124 344 250
A M -1 -6 124 93 421 297
M P 2 -3 93 78 343 250
P U 0 3 78 93 328 250
U S -1 5 93 93 468 375
S Space -2 -2 93 93 312 219
Space E 3 1 93 94 1216 1123
E V -2 -1 94 78 406 312
V E 2 1 78 109 250 172
E R 0 -1 109 93 343 234
R Y 0 -2 93 93 437 344
Y Space -3 2 93 94 280 187
Space P 3 -6 94 93 344 250
P O 0 1 93 110 202 109
O S -1 7 110 93 188 78
S T 1 -3 93 94 296 203
T E 0 2 94 93 125 31
E R 0 -1 93 78 203 110
R Space -3 0 78 93 312 234
Space Back 4 -9 93 93 655 562
Back Oemcomma -3 5 93 93 437 344
Oemcomma Space -1 4 93 109 249 156
Space E 3 1 109 109 312 203
E V -2 -1 109 78 733 624
V E 2 1 78 93 219 141
E R 0 -1 93 94 187 94
R Y 0 -2 94 94 374 280
Y Space -3 2 94 94 780 686
Space L 2 -5 94 93 531 437
L A 0 8 93 109 156 63
A B -1 -4 109 109 499 390
B E 2 2 109 94 234 125
E L -1 -6 94 110 608 514
L Space -2 5 110 125 624 514
Space O 3 -5 125 110 702 577
O M -2 2 110 78 281 171
M Back 3 -6 78 93 531 453
Back N -3 7 93 78 327 234
N Space -1 2 78 78 219 141
Space E 3 1 78 94 436 358
E V -2 -1 94 78 656 562
V E 2 1 78 94 218 140
E R 0 -1 94 94 218 124
R Y 0 -2 94 109 578 484
Y Space -3 2 109 93 2106 1997
Space D 2 1 93 94 483 390
D R 1 -1 94 109 375 281
R A -1 3 109 109 405 296
A W 1 -1 109 78 468 359
W E 0 -1 78 93 219 141
E R 0 -1 93 94 202 109
R Oemcomma -2 -4 94 94 3058 2964
Oemcomma Space -1 4 94 93 250 156
Space W 3 2 93 94 764 671
W A -1 1 94 109 203 109
A S 0 -1 109 94 187 78
S Space -2 -2 94 93 250 156
Space B 1 -1 93 78 1123 1030
B E 2 2 78 93 3510 3432
E A -1 2 93 141 1341 1248
A U 1 -6 141 94 1108 967
U T 0 2 94 93 484 390
T I 0 -3 93 93 421 328
I F -1 4 93 78 530 437
F U 1 -3 78 94 312 234
U L -1 -2 94 78 437 343
L L 0 0 78 94 140 62
L Y 1 3 94 94 359 265
Y Space -3 2 94 93 2559 2465
Space H 2 -2 93 109 452 359
H A 0 5 109 109 203 94
A N -1 -5 109 109 468 359
N D 1 3 109 94 421 312
D Space -2 -1 94 94 156 62
Space C 1 1 94 109 359 265
C A 1 2 109 93 281 172
A L 0 -8 93 78 468 375
L I 1 1 78 124 234 156
I Back 1 -5 124 78 1653 1529
Back L -2 4 78 78 406 328
L I 1 1 78 94 218 140
I G -1 3 94 109 515 421
G R 1 1 109 110 218 109
R A -1 3 110 94 172 62
A P 1 -9 94 109 811 717
P H -1 4 109 78 453 344
H E 1 3 78 109 530 452
E D -1 0 109 109 234 125
D OemPeriod -1 -6 109 78 1825 1716
OemPeriod Space -1 5 78 78 281 203
Space LShiftKey 1 4 78 281 437 359
LShiftKey B 0 -5 281 78 249 -32
B E 2 2 78 94 624 546
E C -2 0 94 94 484 390
C A 1 2 94 109 359 265
A U 1 -6 109 94 577 468
U S -1 5 94 125 265 171
S E 1 -1 125 125 219 94
E Space -3 -1 125 110 2511 2386
Space LShiftKey 1 4 110 203 406 296
LShiftKey I 2 -8 203 94 78 -125
I Space -3 4 94 94 374 280
Space H 2 -2 94 93 500 406
H A 0 5 93 109 156 63
A D 0 -2 109 94 249 140
D Space -2 -1 94 93 297 203
Space D 2 1 93 109 33087 32994
D R 1 -1 109 94 234 125
R O 0 -5 94 94 390 296
O P 0 -1 94 110 187 93
P P 0 0 110 110 2184 2074
P E 0 7 110 109 266 156
E D -1 0 109 125 218 109
D Space -2 -1 125 109 250 125
Space O 3 -5 109 125 374 265
O U 0 2 125 109 312 187
U T 0 2 109 93 328 219
T Space -3 1 93 187 780 687
Space LShiftKey 1 4 187 234 951 764
LShiftKey A 1 -1 234 125 749 515
A N -1 -5 125 109 390 265
N D 1 3 109 93 437 328
D Space -2 -1 93 109 125 32
Space D 2 1 109 93 265 156
D I 1 -5 93 78 733 640
I D -1 5 78 125 671 593
D N -1 -3 125 78 515 390
N Oem7 1 -5 78 93 499 421
Oem7 T 1 6 93 109 546 453
T Space -3 1 109 125 312 203
Space H 2 -2 125 109 5195 5070
H A 0 5 109 110 124 15
A V -1 -3 110 78 375 265
V E 2 1 78 93 125 47
E Space -3 -1 93 109 312 219
Space T 3 -1 109 94 374 265
T O 0 -4 94 94 234 140
O Space -3 5 94 94 296 202
Space T 3 -1 94 78 656 562
T A -1 4 78 93 312 234
A K 0 -7 93 78 639 546
K E 1 5 78 93 219 141
E Space -3 -1 93 78 156 63
Space N 1 -2 78 78 670 592
N O 2 -3 78 109 266 188
O R 0 5 109 94 327 218
R M -2 -3 94 94 468 374
M A 1 6 94 124 141 47
A L 0 -8 124 78 904 780
L Space -2 5 78 93 266 188
Space C 1 1 93 94 592 499
C L 1 -6 94 93 188 94
L A 0 8 93 109 187 94
A S 0 -1 109 93 234 125
S S 0 0 93 109 156 63
S E 1 -1 109 110 171 62
E S -1 1 110 125 234 124
S Oemcomma -1 -6 125 93 2216 2091
Oemcomma Space -1 4 93 109 218 125
Space LShiftKey 1 4 109 172 218 109
LShiftKey I 2 -8 172 109 110 -62
I Space -3 4 109 94 280 171
Space D 2 1 94 93 375 281
D E 1 0 93 78 187 94
E C -2 0 78 94 296 218
C I 2 -5 94 94 359 265
I D -1 5 94 78 421 327
D E 1 0 78 110 156 78
E D -1 0 110 93 219 109
D Space -2 -1 93 140 9828 9735
Space T 3 -1 140 109 390 250
T O 0 -4 109 109 281 172
O Space -3 5 109 110 280 171
Space T 3 -1 110 110 312 202
T A -1 4 110 109 172 62
A K 0 -7 109 93 484 375
K R 1 4 93 94 171 78
R Back 1 -9 94 109 546 452
Back E -1 10 109 109 156 47
E Space -3 -1 109 109 234 125
Space A 2 3 109 110 265 156
A Space -2 -3 110 109 188 78
Space C 1 1 109 110 514 405
C A 1 2 110 110 234 124
A S 0 -1 110 78 16 -94
S L 0 -7 78 94 343 265
L I 1 1 94 109 375 281
I G -1 3 109 94 561 452
G R 1 1 94 78 203 109
R A -1 3 78 110 140 62
A Left -2 -10 110 94 4446 4336
Left Left 0 0 94 78 156 62
Left Left 0 0 78 78 156 78
Left Left 0 0 78 78 141 63
Left Left 0 0 78 62 156 78
Left Back 4 -2 62 94 764 702
Back Right -4 0 94 78 453 359
Right Right 0 0 78 78 171 93
Right Right 0 0 78 63 156 78
Right Right 0 0 63 78 125 62
Right Right 0 0 78 63 140 62
Right P 3 3 63 78 2684 2621
P H -1 4 78 109 873 795
H Y 1 0 109 94 702 593
Y Space -3 2 94 94 281 187
Space C 1 1 94 94 452 358
C L 1 -6 94 93 266 172
L A 0 8 93 93 156 63
A S 0 -1 93 93 234 141
S S 0 0 93 124 156 63
S Space -2 -2 124 109 842 718
Space T 3 -1 109 109 577 468
T O 0 -4 109 94 265 156
O Space -3 5 94 93 297 203
Space L 2 -5 93 94 405 312
L E 1 6 94 78 266 172
E A -1 2 78 78 249 171
A R 1 -3 78 78 265 187
R N -2 -2 78 94 624 546
N Space -1 2 94 125 1451 1357
Space H 2 -2 125 78 1545 1420
H O 1 -3 78 94 296 218
O W 0 7 94 94 421 327
W Space -3 -2 94 109 219 125
Space T 3 -1 109 31 249 140
T O 0 -4 31 109 796 765
O Space -3 5 109 93 593 484
Space D 2 1 93 78 998 905
D O 1 -6 78 78 203 125
O Space -3 5 78 47 327 249
Space T 3 -1 47 94 172 125
T H -1 -1 94 78 265 171
H I 1 -2 78 94 343 265
I S -1 6 94 110 234 140
S OemPeriod -1 -7 110 109 1373 1263
OemPeriod Space -1 5 109 109 297 188
Space LShiftKey 1 4 109 203 296 187
LShiftKey I 2 -8 203 78 156 -47
I Space -3 4 78 125 234 156
Space L 2 -5 125 94 390 265
L E 1 6 94 94 218 124
E A -1 2 94 109 250 156
A R 1 -3 109 94 265 156
R N -2 -2 94 109 796 702
N E 2 3 109 93 281 172
E D -1 0 93 110 202 109
D Space -2 -1 110 124 3901 3791
Space A 2 3 124 94 405 281
A D 0 -2 94 94 265 171
D O 1 -6 94 78 453 359
O U 0 2 78 94 296 218
U T 0 2 94 93 484 390
T Space -3 1 93 94 343 250
Space S 2 2 94 93 796 702
S E 1 -1 93 94 218 125
E R 0 -1 94 110 296 202
R I 0 -4 110 109 406 296
I F -1 4 109 93 328 219
F Space -2 0 93 125 967 874
Space T 3 -1 125 109 983 858
T Y 0 -1 109 94 280 171
Y P 0 -4 94 93 422 328
P E 0 7 93 109 234 141
E I 0 -5 109 110 592 483
I Back 1 -5 110 125 4150 4040
Back F -2 9 125 93 1030 905
F A 0 3 93 110 124 31
A C -1 -2 110 109 250 140
C E 2 0 109 125 156 47
E S -1 1 125 110 2324 2199
S Left -2 -9 110 796 749 639
Left Left 0 0 796 78 952 156
Left Left 0 0 78 78 171 93
Left Left 0 0 78 94 156 78
Left Left 0 0 94 94 156 62
Left Left 0 0 94 78 172 78
Left Left 0 0 78 78 156 78
Left Left 0 0 78 109 499 421
Left Left 0 0 109 78 343 234
Left Left 0 0 78 110 156 78
Left Back 4 -2 110 93 765 655
Back B -3 8 93 94 639 546
B Right -1 -8 94 1046 780 686
Right Right 0 0 1046 124 1436 390
Right Oemcomma 1 5 124 93 3120 2996
Oemcomma Space -1 4 93 94 296 203
Space A 2 3 94 94 187 93
A B -1 -4 94 109 827 733
B O 2 -4 109 109 359 250
O U 0 2 109 110 249 140
U T 0 2 110 94 312 202
T Space -3 1 94 140 656 562
Space V 1 0 140 94 842 702
V A 1 3 94 125 140 46
A R 1 -3 125 125 468 343
R I 0 -4 125 110 312 187
I N -2 2 110 93 375 265
N G 1 1 93 93 390 297
G Space -2 1 93 125 1248 1155
Space T 3 -1 125 93 827 702
T H -1 -1 93 125 93 0
H E 1 3 125 93 172 47
E Space -3 -1 93 109 234 141
Space A 2 3 109 93 858 749
A M -1 -6 93 93 437 344
M O 2 -2 93 78 265 172
O U 0 2 78 109 281 203
U N -2 1 109 93 390 281
N Y 2 0 93 47 327 234
Y Back 1 -7 47 110 499 452
Back T -1 8 110 93 1124 1014
T Space -3 1 93 109 218 125
Space O 3 -5 109 93 2044 1935
O F -1 5 93 93 312 219
F Space -2 0 93 109 187 94
Space A 2 3 109 94 218 109
A Back 2 -12 94 93 484 390
Back S -2 11 93 125 156 63
S P 1 -8 125 109 234 109
P A -1 9 109 125 93 -16
A C -1 -2 125 125 484 359
C E 2 0 125 109 234 109
E Space -3 -1 109 125 1232 1123
Space B 1 -1 125 94 3448 3323
B E 2 2 94 109 172 78
E T 0 -2 109 94 280 171
T W 0 3 94 93 453 359
W E 0 -1 93 109 203 110
E E 0 0 109 109 156 47
E N -2 -3 109 94 405 296
N Space -1 2 94 109 203 109
Space D 2 1 109 94 374 265
D I 1 -5 94 109 406 312
I F -1 4 109 109 390 281
F F 0 0 109 109 172 63
F E 1 1 109 110 202 93
E R 0 -1 110 109 172 62
R N -2 -2 109 93 406 297
N T 2 1 93 93 936 843
T Space -3 1 93 94 280 187
Space L 2 -5 94 94 390 296
L E 1 6 94 140 188 94
E R 0 -1 140 125 265 125
R Back 1 -9 125 94 499 374
Back T -1 8 94 93 359 265
T T 0 0 93 78 171 78
T E 0 2 78 109 203 125
E R 0 -1 109 94 187 78
R Space -3 0 94 109 250 156
Space C 1 1 109 125 265 156
C O 2 -6 125 94 265 140
O M -2 2 94 110 234 140
M B 0 2 110 94 858 748
B I 2 -3 94 93 266 172
I N -2 2 93 93 312 219
N A 1 5 93 124 156 63
A T 1 -4 124 94 374 250
T I 0 -3 94 94 499 405
I O 0 -1 94 94 234 140
O N -2 3 94 125 406 312
N S 1 4 125 78 1825 1700
S OemPeriod -1 -7 78 78 640 562
OemPeriod Space -1 5 78 94 249 171
Space A 2 3 94 109 172 78
A B -1 -4 109 109 686 577
B O 2 -4 109 93 297 188
O U 0 2 93 109 234 141
U T 0 2 109 93 421 312
T Space -3 1 93 125 3057 2964
Space W 3 2 125 94 3557 3432
W H -1 -4 94 94 265 171
H A 0 5 94 125 125 31
A T 1 -4 125 93 219 94
T Space -3 1 93 109 265 172
Space M 1 -3 109 109 515 406
M A 1 6 109 110 124 15
A K 0 -7 110 94 671 561
K E 1 5 94 109 312 218
E D -1 0 109 78 250 141
D Back 2 -10 78 109 530 452
Back S -2 11 109 93 141 32
S Space -2 -2 93 109 327 234
Space G 2 -1 109 110 2683 2574
G R 1 1 110 109 266 156
R E 0 1 109 94 202 93
E A -1 2 94 125 94 0
A T 1 -4 125 93 406 281
T Space -3 1 93 110 436 343
Space T 3 -1 110 78 359 249
T Y 0 -1 78 94 281 203
Y P 0 -4 94 93 406 312
P O 0 1 93 109 218 125
O G -1 4 109 93 515 406
G R 1 1 93 109 218 125
R A -1 3 109 109 203 94
A P 1 -9 109 78 1186 1077
P H -1 4 78 78 608 530
H Y 1 0 78 93 281 203
Y Space -3 2 93 109 281 188
Space G 2 -1 109 125 1357 1248
G R 1 1 125 109 234 109
R E 0 1 109 109 234 125
E A -1 2 109 125 15 -94
A T 1 -4 125 109 1576 1451
T Y 0 -1 109 94 8299 8190
Y OemPeriod -2 -3 94 93 3105 3011
OemPeriod Space -1 5 93 140 5210 5117
Space LShiftKey 1 4 140 203 733 593
LShiftKey I 2 -8 203 109 125 -78
I T 0 3 109 109 312 203
T Space -3 1 109 125 265 156
Space W 3 2 125 94 187 62
W S -1 0 94 156 437 343
S Back 2 -11 156 94 1248 1092
Back A -2 12 94 109 141 47
A S 0 -1 109 125 187 78
S Space -2 -2 125 93 281 156
Space B 1 -1 93 78 3712 3619
B E 2 2 78 94 484 406
E A -1 2 94 140 484 390
A U 1 -6 140 109 343 203
U T 0 2 109 93 515 406
T I 0 -3 93 109 421 328
I F -1 4 109 93 359 250
F U 1 -3 93 94 577 484
U L -1 -2 94 93 515 421
L Oemcomma -1 1 93 93 1170 1077
Oemcomma Space -1 4 93 78 2293 2200
Space H 2 -2 78 93 281 203
H O 1 -3 93 78 296 203
O Back 1 -4 78 110 499 421
Back I -1 5 110 78 359 249
I S -1 6 78 109 328 250
S T 1 -3 109 109 281 172
T O 0 -4 109 94 452 343
O R 0 5 94 109 359 265
R I 0 -4 109 124 281 172
I C -2 5 124 78 1263 1139
C A 1 2 78 109 234 156
A L 0 -8 109 110 421 312
L Oemcomma -1 1 110 94 1326 1216
Oemcomma Space -1 4 94 109 250 156
Space A 2 3 109 125 187 78
A R 1 -3 125 94 343 218
R T 0 -1 94 93 2481 2387
T I 0 -3 93 94 686 593
I S -1 6 94 110 187 93
S T 1 -3 110 94 312 202
T I 0 -3 94 94 390 296
I C -2 5 94 93 1904 1810
C A 1 2 93 125 124 31
A L 0 -8 125 94 515 390
L L 0 0 94 93 141 47
L Y 1 3 93 94 374 281
Y Space -3 2 94 125 359 265
Space S 2 2 125 125 764 639
S U 1 -5 125 94 499 374
U B -2 2 94 93 656 562
B T 2 0 93 94 280 187
T L -1 -4 94 141 749 655
L E 1 6 141 93 1545 1404
E Space -3 -1 93 93 156 63
Space I 3 -4 93 94 374 281
I N -2 2 94 93 250 156
N Space -1 2 93 93 187 94
Space A 2 3 93 140 421 328
A Space -2 -3 140 125 281 141
Space W 3 2 125 93 468 343
W A -1 1 93 140 203 110
A Y 1 -5 140 78 2886 2746
Y Space -3 2 78 109 249 171
Space T 3 -1 109 78 312 203
T H -1 -1 78 109 250 172
H A 0 5 109 109 78 -31
A T 1 -4 109 94 187 78
T Space -3 1 94 110 296 202
Space S 2 2 110 94 718 608
S C -1 -1 94 109 265 171
C I 2 -5 109 109 390 281
I E 0 5 109 109 375 266
E N -2 -3 109 125 343 234
N C 0 3 125 109 374 249
C E 2 0 109 125 250 141
E Space -3 -1 125 156 842 717
Space C 1 1 156 78 655 499
C A 1 2 78 125 219 141
A N -1 -5 125 109 343 218
N Oem7 1 -5 109 93 1186 1077
Oem7 R 1 7 93 94 280 187
R Back 1 -9 94 94 515 421
Back T -1 8 94 125 156 62
T Space -3 1 125 125 265 140
Space C 1 1 125 109 718 593
C A 1 2 109 124 94 -15
A P 1 -9 124 109 686 562
P T 0 5 109 94 468 359
T U 0 -2 94 110 530 436
U R 0 3 110 109 344 234
R E 0 1 109 141 951 842
E Space -3 -1 141 125 546 405
Space Back 4 -9 125 109 796 671
Back Oemcomma -3 5 109 78 421 312
Oemcomma Space -1 4 78 93 250 172
Space A 2 3 93 125 280 187
A N -1 -5 125 109 297 172
N D 1 3 109 94 577 468
D Space -2 -1 94 124 172 78
Space LShiftKey 1 4 124 624 826 702
LShiftKey I 2 -8 624 94 546 -78
I Space -3 4 94 94 281 187
Space F 2 0 94 94 234 140
F O 1 -5 94 93 250 156
O U 0 2 93 93 281 188
U N -2 1 93 78 468 375
N D 1 3 78 109 452 374
D Space -2 -1 109 125 140 31
Space I 3 -4 125 109 328 203
I T 0 3 109 78 421 312
T Space -3 1 78 125 702 624
Space F 2 0 125 94 1170 1045
F A 0 3 94 94 109 15
A S 0 -1 94 110 1560 1466
S C -1 -1 110 109 250 140
C I 2 -5 109 109 1248 1139
I N -2 2 109 109 796 687
N A 1 5 109 125 140 31
A T 1 -4 125 109 421 296
T I 0 -3 109 94 421 312
I N -2 2 94 109 250 156
N G 1 1 109 78 437 328
G OemPeriod -1 -4 78 93 2231 2153
OemPeriod S 1 7 93 234 4898 4805
S E 1 -1 234 203 23088 22854
E O 0 -6 203 0 12246 12043
