LShiftKey U 2 -7 515 124 281 -234
U LShiftKey -2 7 124 1201 1076 952
LShiftKey Back 3 -13 1201 187 1966 765
Back LShiftKey -3 13 187 1606 1794 1607
LShiftKey U 2 -7 1606 109 390 -1216
U B -2 2 109 156 1014 905
B Space -1 1 156 203 374 218
Space I 3 -4 203 125 920 717
I S -1 6 125 156 125 0
S Space -2 -2 156 109 219 63
Space O 3 -5 109 110 280 171
O N -2 3 110 125 250 140
N E 2 3 125 140 125 0
E Space -3 -1 140 125 171 31
Space O 3 -5 125 94 359 234
O F -1 5 94 141 109 15
F Space -2 0 141 156 203 62
Space T 3 -1 156 125 94 -62
T H -1 -1 125 109 187 62
H E 1 3 109 140 78 -31
E Space -3 -1 140 156 203 63
Space F 2 0 156 140 203 47
F I 1 -4 140 94 218 78
I N -2 2 94 124 250 156
N E 2 3 124 141 124 0
E S -1 1 141 125 219 78
S T 1 -3 125 125 296 171
T Space -3 1 125 156 172 47
Space C 1 1 156 141 764 608
C O 2 -6 141 93 172 31
O L -1 0 93 63 218 125
L L 0 0 63 109 141 78
L E 1 6 109 124 78 -31
E G -1 -2 124 125 296 172
G E 1 2 125 93 125 0
E Space -3 -1 93 140 1747 1654
Space I 3 -4 140 109 749 609
I N -2 2 109 110 249 140
N Space -1 2 110 171 266 156
Space LShiftKey 1 4 171 764 296 125
LShiftKey U 2 -7 764 125 312 -452
U S -1 5 125 109 234 109
S Space -2 -2 109 141 218 109
Space O 3 -5 141 110 546 405
O F -1 5 110 109 203 93
F F 0 0 109 109 172 63
F E 1 1 109 140 187 78
E R 0 -1 140 93 250 110
R I 0 -4 93 94 218 125
I N -2 2 94 125 437 343
N G 1 1 125 140 203 78
G Space -2 1 140 172 171 31
Space M 1 -3 172 125 2293 2121
M N 0 1 125 94 281 156
N Back 3 -7 94 140 593 499
Back A -2 12 140 109 172 32
A N -1 -5 109 140 468 359
N Y 2 0 140 141 639 499
Y Space -3 2 141 156 312 171
Space R 3 0 156 93 141 -15
R E 0 1 93 94 202 109
E P 0 -7 94 234 156 62
P U 0 3 234 125 437 203
U T 0 2 125 109 141 16
T E 0 2 109 124 234 125
E D -1 0 124 109 234 110
D Space -2 -1 109 172 140 31
Space C 1 1 172 141 421 249
C O 2 -6 141 109 219 78
O U 0 2 109 125 265 156
U R 0 3 125 156 265 140
R S -1 2 156 109 281 125
S E 1 -1 109 78 203 94
E S -1 1 78 125 218 140
S Space -2 -2 125 140 203 78
Space I 3 -4 140 125 296 156
I N -2 2 125 93 250 125
N Space -1 2 93 140 203 110
Space C 1 1 140 156 124 -16
C I 2 -5 156 94 203 47
I Back 1 -5 94 109 453 359
Back O -1 4 109 93 343 234
O M -2 2 93 109 234 141
M P 2 -3 109 78 249 140
P U 0 3 78 203 328 250
U I 0 -1 203 109 0 -203
I T 0 3 109 31 312 203
T Back 1 -8 31 125 296 265
Back Back 0 0 125 140 188 63
Back T -1 8 140 94 686 546
T E 0 2 94 172 265 171
E R 0 -1 172 109 281 109
R Space -3 0 109 203 1529 1420
Space S 2 2 203 156 749 546
S C -1 -1 156 140 296 140
C I 2 -5 140 125 187 47
I E 0 5 125 140 125 0
E N -2 -3 140 187 203 63
N C 0 3 187 140 187 0
C E 2 0 140 109 203 63
E Space -3 -1 109 156 140 31
Space W 3 2 156 109 531 375
W H -1 -4 109 125 187 78
H I 1 -2 125 125 265 140
I C -2 5 125 140 312 187
C H 1 -3 140 109 187 47
H Space -2 2 109 156 312 203
Space M 1 -3 156 124 609 453
M A 1 6 124 109 93 -31
A D 0 -2 109 93 250 141
D E 1 0 93 94 218 125
E Space -3 -1 94 140 125 31
Space M 1 -3 140 141 1388 1248
M E 2 4 141 94 125 -16
E Space -3 -1 94 203 250 156
Space C 1 1 203 140 1357 1154
C H 1 -3 140 109 172 32
H O 1 -3 109 156 374 265
O S -1 7 156 109 172 16
S E 1 -1 109 109 218 109
E Space -3 -1 109 187 172 63
Space LShiftKey 1 4 187 2886 452 265
LShiftKey U 2 -7 2886 110 1544 -1342
U B -2 2 110 188 1014 904
B OemPeriod 0 -4 188 109 2309 2121
OemPeriod Space -1 5 109 188 343 234
Space LShiftKey 1 4 188 484 390 202
LShiftKey T 2 -5 484 94 328 -156
T H -1 -1 94 93 406 312
H E 1 3 93 110 124 31
E Space -3 -1 110 109 172 62
Space M 1 -3 109 94 234 125
M S 1 5 94 109 125 31
S O 1 -7 109 109 125 16
O T 0 4 109 93 265 156
T Space -3 1 93 125 140 47
Space I 3 -4 125 94 281 156
I M -2 1 94 109 234 140
M P 2 -3 109 93 250 141
P O 0 1 93 78 202 109
O R 0 5 78 110 1404 1326
R T 0 -1 110 125 219 109
T A -1 4 125 141 296 171
A N -1 -5 141 156 156 15
N T 2 1 156 141 187 31
T Space -3 1 141 171 141 0
Space Q 3 3 171 94 3151 2980
Q I 0 -7 94 63 156 62
I Back 1 -5 63 125 437 374
Back U -1 6 125 125 468 343
U A -1 6 125 156 172 47
A L 0 -8 156 125 748 592
L I 1 1 125 109 297 172
I T 0 3 109 93 281 172
T Y 0 -1 93 109 140 47
Y Space -3 2 109 172 312 203
Space I 3 -4 172 93 983 811
I N -2 2 93 125 234 141
N Space -1 2 125 156 234 109
Space A 2 3 156 109 218 62
A Space -2 -3 109 156 125 16
Space U 3 -3 156 94 296 140
U N -2 1 94 125 219 125
N I 2 -2 125 125 234 109
I V -2 4 125 140 156 31
V E 2 1 140 125 218 78
E R 0 -1 125 78 234 109
R S -1 2 78 156 203 125
S I 1 -6 156 141 218 62
I T 0 3 141 109 188 47
T Y 0 -1 109 94 171 62
Y Space -3 2 94 125 265 171
Space I 3 -4 125 109 250 125
I S -1 6 109 141 62 -47
S Space -2 -2 141 156 234 93
Space T 3 -1 156 109 141 -15
T H -1 -1 109 78 140 31
H E 1 3 78 109 94 16
E Space -3 -1 109 187 140 31
Space R 3 0 187 125 780 593
R E 0 1 125 140 219 94
E S -1 1 140 125 374 234
S E 1 -1 125 110 218 93
E A -1 2 110 110 234 124
A R 1 -3 110 94 250 140
R C -2 1 94 265 250 156
C H 1 -3 265 125 358 93
H Space -2 2 125 187 437 312
Space Q 3 3 187 125 671 484
Q U 0 -6 125 94 390 265
U A -1 6 94 141 109 15
A L 0 -8 141 78 577 436
L I 1 1 78 109 266 188
I T 0 3 109 94 452 343
T Y 0 -1 94 125 140 46
Y Space -3 2 125 203 406 281
Space Back 4 -9 203 78 2231 2028
Back OemPeriod -3 4 78 156 1263 1185
OemPeriod Space -1 5 156 187 531 375
Space LShiftKey 1 4 187 343 905 718
LShiftKey I 2 -8 343 109 218 -125
I Space -3 4 109 141 265 156
Space W 3 2 141 109 156 15
W O 0 -7 109 125 172 63
O U 0 2 125 94 249 124
U L -1 -2 94 125 250 156
L D 0 6 125 125 125 0
D Space -2 -1 125 156 187 62
Space R 3 0 156 125 140 -16
R E 0 1 125 140 219 94
E C -2 0 140 156 265 125
C O 2 -6 156 171 203 47
O M -2 2 171 94 327 156
M M 0 0 94 109 141 47
M E 2 4 109 125 93 -16
E N -2 -3 125 125 156 31
N D 1 3 125 125 94 -31
D Space -2 -1 125 140 156 31
Space F 2 0 140 110 140 0
F O 1 -5 110 125 172 62
O R 0 5 125 109 109 -16
R Space -3 0 109 187 234 125
Space S 2 2 187 172 1014 827
S U 1 -5 172 109 671 499
U R 0 3 109 109 624 515
R E 0 1 109 94 218 109
E Space -3 -1 94 203 203 109
Space Left 0 -7 203 140 3417 3214
Left Left 0 0 140 156 187 47
Left Left 0 0 156 140 203 47
Left Left 0 0 140 156 171 31
Left Left 0 0 156 125 187 31
Left Left 0 0 125 124 188 63
Left Left 0 0 124 125 202 78
Left Left 0 0 125 93 188 63
Left Left 0 0 93 63 280 187
Left LShiftKey 1 11 63 1061 375 312
LShiftKey U 2 -7 1061 93 390 -671
U B -2 2 93 109 468 375
B Space -1 1 109 109 312 203
Space Right 0 -9 109 593 1123 1014
Right Right 0 0 593 141 686 93
Right Right 0 0 141 93 219 78
Right Right 0 0 93 78 171 78
Right Right 0 0 78 78 156 78
Right Space 0 9 78 234 749 671
Space T 3 -1 234 109 609 375
T O 0 -4 109 94 124 15
O Space -3 5 94 203 312 218
Space H 2 -2 203 125 1529 1326
H I 1 -2 125 125 265 140
I G -1 3 125 109 250 125
G H 0 -1 109 109 109 0
H Space -2 2 109 156 234 125
Space S 2 2 156 172 343 187
S C -1 -1 172 156 266 94
C H 1 -3 156 110 904 748
H O 1 -3 110 124 266 156
O O 0 0 124 93 187 63
O Oemtilde 1 9 93 141 296 203
Oemtilde Space -4 -4 141 156 827 686
Space Back 4 -9 156 109 515 359
Back Back 0 0 109 109 187 78
Back Back 0 0 109 78 187 78
Back O -1 4 78 94 858 780
O L -1 0 94 94 203 109
L Space -2 5 94 187 250 156
Space G 2 -1 187 125 202 15
G R 1 1 125 94 234 109
R A -1 3 94 156 266 172
A D 0 -2 156 124 546 390
D U 1 -4 124 125 171 47
U A -1 6 125 140 94 -31
A T 1 -4 140 141 374 234
T E 0 2 141 141 234 93
E D -1 0 141 156 250 109
D OemMinus 2 -8 156 171 1919 1763
OemMinus E -1 8 171 140 296 125
E M -2 -4 140 124 640 500
M P 2 -3 124 93 265 141
P L -1 1 93 109 234 141
L O 1 0 109 78 234 125
O Y 0 3 78 125 312 234
Y E 0 3 125 109 234 109
E E 0 0 109 109 187 78
E S -1 1 109 140 203 94
S Space -2 -2 140 188 249 109
Space Left 0 -7 188 826 1982 1794
Left Right 0 -2 826 156 1248 422
Right Back 4 0 156 94 639 483
Back OemMinus 0 2 94 94 967 873
OemMinus Right -4 -2 94 764 531 437
Right B 1 8 764 140 3510 2746
B E 2 2 140 140 234 94
E C -2 0 140 140 234 94
C A 1 2 140 141 249 109
A U 1 -6 141 94 172 31
U S -1 5 94 156 109 15
S E 1 -1 156 125 250 94
E Space -3 -1 125 140 156 31
Space O 3 -5 140 125 327 187
O F -1 5 125 124 188 63
F Space -2 0 124 171 187 63
Space T 3 -1 171 140 109 -62
T H -1 -1 140 78 187 47
H E 1 3 78 109 63 -15
E Space -3 -1 109 172 171 62
Space L 2 -5 172 94 702 530
L E 1 6 94 125 203 109
E A -1 2 125 124 250 125
A R 1 -3 124 94 327 203
R N -2 -2 94 125 265 171
N I 2 -2 125 78 250 125
I N -2 2 78 125 218 140
N G 1 1 125 109 110 -15
G Space -2 1 109 203 171 62
Space E 3 1 203 125 858 655
E X -2 1 125 172 343 218
X P 2 -8 172 125 219 47
P E 0 7 125 140 125 0
E R 0 -1 140 109 249 109
R I 0 -4 109 109 203 94
I E 0 5 109 109 125 16
E N -2 -3 109 156 203 94
N C 0 3 156 125 171 15
C E 2 0 125 110 187 62
E Space -3 -1 110 172 125 15
Space Y 3 -2 172 109 515 343
Y O 0 -3 109 109 312 203
O U 0 2 109 62 250 141
U Space -3 3 62 156 249 187
Space W 3 2 156 109 141 -15
W O 0 -7 109 109 171 62
O U 0 2 109 93 250 141
U L -1 -2 93 94 249 156
L D 0 6 94 140 172 78
D Space -2 -1 140 172 156 16
Space G 2 -1 172 109 234 62
G O 1 -4 109 94 234 125
O Space -3 5 94 156 265 171
Space T 3 -1 156 125 94 -62
T H -1 -1 125 125 218 93
H R 1 2 125 109 843 718
R O 0 -5 109 94 249 140
O U 0 2 94 94 265 171
U G -1 2 94 124 266 172
G H 0 -1 124 109 109 -15
H Space -2 2 109 234 296 187
Space H 2 -2 234 94 577 343
H E 1 3 94 140 94 0
E R 0 -1 140 78 250 110
R E 0 1 78 78 202 124
E Space -3 -1 78 172 94 16
Space A 2 3 172 125 140 -32
A N -1 -5 125 94 156 31
N D 1 3 94 109 110 16
D Space -2 -1 109 203 124 15
Space T 3 -1 203 78 453 250
T H -1 -1 78 125 93 15
H E 1 3 125 125 156 31
E Space -3 -1 125 141 156 31
Space O 3 -5 141 109 359 218
O P 0 -1 109 78 219 110
P P 0 0 78 124 156 78
P U 0 3 124 93 702 578
U T 0 2 93 110 1450 1357
T Back 1 -8 110 141 437 327
Back R -1 9 141 125 187 46
R T 0 -1 125 110 234 109
T U 0 -2 110 94 203 93
U N -2 1 94 109 219 125
N I 2 -2 109 94 218 109
I T 0 3 94 109 109 15
T I 0 -3 109 125 125 16
I E 0 5 125 109 265 140
E S -1 1 109 109 219 110
S Space -2 -2 109 172 140 31
Space Left 0 -7 172 780 2168 1996
Left Back 4 -2 780 94 1560 780
Back O -1 4 94 109 344 250
O Back 1 -4 109 78 2308 2199
Back Right -4 0 78 780 484 406
Right Space 0 9 780 109 1092 312
Space Back 4 -9 109 94 733 624
Back Back 0 0 94 94 203 109
Back Space -4 9 94 234 671 577
Space H 2 -2 234 140 2605 2371
H E 1 3 140 109 203 63
E R 0 -1 109 94 218 109
R E 0 1 94 141 187 93
E OemPeriod -2 -6 141 125 843 702
OemPeriod Space -1 5 125 140 1123 998
Space LShiftKey 1 4 140 546 13978 13838
LShiftKey LShiftKey 0 0 546 265 842 296
LShiftKey I 2 -8 265 110 140 -125
I Space -3 4 110 171 297 187
Space W 3 2 171 79 249 78
W I 0 -6 79 109 141 62
I S -1 6 109 187 94 -15
S H 0 -4 187 110 280 93
H Space -2 2 110 141 281 171
Space T 3 -1 141 140 125 -16
T O 0 -4 140 93 203 63
O Space -3 5 93 156 296 203
Space S 2 2 156 141 655 499
S P 1 -8 141 140 172 31
P E 0 7 140 141 140 0
E N -2 -3 141 141 437 296
N D 1 3 141 125 125 -16
D Space -2 -1 125 156 156 31
Space T 3 -1 156 110 686 530
T I 0 -3 110 94 156 46
I Back 1 -5 94 125 437 343
Back Back 0 0 125 124 219 94
Back M -3 6 124 141 670 546
M Y 2 1 141 125 375 234
Y Space -3 2 125 187 312 187
Space S 2 2 187 156 1638 1451
S P 1 -8 156 141 218 62
P A -1 9 141 141 78 -63
A R 1 -3 141 140 297 156
R E 0 1 140 140 218 78
E Space -3 -1 140 172 140 0
Space T 3 -1 172 156 172 0
T I 0 -3 156 93 172 16
I M -2 1 93 140 218 125
M E 2 4 140 125 125 -15
E Space -3 -1 125 141 140 15
Space L 2 -5 141 125 265 124
L S 0 7 125 124 188 63
S I 1 -6 124 94 62 -62
I T 0 3 94 93 359 265
T E 0 2 93 109 203 110
E N -2 -3 109 110 124 15
N I 2 -2 110 78 234 124
I N -2 2 78 109 219 141
N G 1 1 109 140 78 -31
G Space -2 1 140 156 140 0
Space T 3 -1 156 125 109 -47
T O 0 -4 125 109 172 47
O Space -3 5 109 125 265 156
Space M 1 -3 125 93 219 94
M U 2 0 93 109 234 141
U S -1 5 109 94 140 31
S I 1 -6 94 172 156 62
I C -2 5 172 156 172 0
C OemPeriod 0 -6 156 93 2418 2262
OemPeriod Space -1 5 93 156 265 172
Space LShiftKey 1 4 156 281 140 -16
LShiftKey I 2 -8 281 109 219 -62
I Space -3 4 109 109 296 187
Space L 2 -5 109 125 218 109
L O 1 0 125 110 234 109
O V -2 5 110 125 765 655
V E 2 1 125 109 187 62
E Space -3 -1 109 125 140 31
Space B 1 -1 125 141 749 624
B O 2 -4 141 125 281 140
O T 0 4 125 94 312 187
T H -1 -1 94 109 109 15
H Space -2 2 109 187 281 172
Space A 2 3 187 141 187 0
A Back 2 -12 141 156 671 530
Back M -3 6 156 140 718 562
M U 2 0 140 110 280 140
U S -1 5 110 124 266 156
S I 1 -6 124 109 109 -15
I C -2 5 109 125 156 47
C Space -1 -1 125 188 249 124
Space A 2 3 188 109 905 717
A S 0 -1 109 78 219 110
S Space -2 -2 78 172 140 62
Space Left 0 -7 172 1684 718 546
Left Left 0 0 1684 94 1918 234
Left Back 4 -2 94 94 749 655
Back Back 0 0 94 78 172 78
Back I -1 5 78 109 437 359
I S -1 6 109 125 140 31
S Right -2 -11 125 1731 749 624
Right W 3 11 1731 109 2574 843
W E 0 -1 109 125 218 109
E L -1 -6 125 110 265 140
L L 0 0 110 109 188 78
L Space -2 5 109 171 265 156
Space A 2 3 171 109 140 -31
A S 0 -1 109 109 203 94
S Space -2 -2 109 218 94 -15
Space T 3 -1 218 125 1606 1388
T H -1 -1 125 124 188 63
H E 1 3 124 124 312 188
E T 0 -2 124 78 421 297
T A -1 4 78 140 281 203
A R 1 -3 140 109 312 172
R Back 1 -9 109 63 561 452
Back Back 0 0 63 140 531 468
Back R -1 9 140 94 374 234
R E 0 1 94 94 187 93
E OemPeriod -2 -6 94 109 2247 2153
OemPeriod Space -1 5 109 171 265 156
Space LShiftKey 1 4 171 344 171 0
LShiftKey I 2 -8 344 109 219 -125
I Space -3 4 109 172 265 156
Space W 3 2 172 140 156 -16
W O 0 -7 140 141 187 47
O U 0 2 141 93 250 109
U L -1 -2 93 110 249 156
L D 0 6 110 78 125 15
D Space -2 -1 78 172 187 109
Space Left 0 -7 172 811 1342 1170
Left Left 0 0 811 141 1076 265
Left Left 0 0 141 140 250 109
Left A 2 10 140 109 858 718
A Right -2 -12 109 889 203 94
Right L 2 4 889 110 1965 1076
L I 1 1 110 78 234 124
I K -1 0 78 125 219 141
K E 1 5 125 125 93 -32
E Space -3 -1 125 218 266 141
Space T 3 -1 218 109 858 640
T O 0 -4 109 78 93 -16
O Space -3 5 78 125 250 172
Space P 3 -6 125 109 281 156
P L -1 1 109 172 218 109
L A 0 8 172 125 218 46
A Y 1 -5 125 109 188 63
Y Space -3 2 109 187 265 156
Space C 1 1 187 140 359 172
C R 2 -1 140 141 280 140
R I 0 -4 141 109 250 109
I C -2 5 109 140 172 63
C K 1 -5 140 140 140 0
K E 1 5 140 141 109 -31
E T 0 -2 141 109 281 140
T Space -3 1 109 218 125 16
Space A 2 3 218 109 468 250
A N -1 -5 109 140 125 16
N D 1 3 140 109 998 858
D Space -2 -1 109 172 140 31
Space B 1 -1 172 156 328 156
B A 1 4 156 124 328 172
A D 0 -2 124 140 234 110
D M -1 -4 140 125 187 47
M I 2 -1 125 94 265 140
I N -2 2 94 141 218 124
N T 2 1 141 94 125 -16
T O 0 -4 94 125 156 62
O N -2 3 125 140 281 156
N OemPeriod 0 -3 140 93 874 734
OemPeriod Space -1 5 93 156 234 141
Space LShiftKey 1 4 156 359 140 -16
LShiftKey T 2 -5 359 125 265 -94
T H -1 -1 125 140 281 156
H E 1 3 140 94 109 -31
E S -1 1 94 109 203 109
S E 1 -1 109 94 218 109
E Space -3 -1 94 171 110 16
Space A 2 3 171 140 109 -62
A R 1 -3 140 140 312 172
R E 0 1 140 110 249 109
E Space -3 -1 110 171 141 31
Space M 1 -3 171 125 733 562
M Y 2 1 125 94 296 171
Y Space -3 2 94 156 250 156
Space F 2 0 156 125 140 -16
F A 0 3 125 125 250 125
A V -1 -3 125 171 328 203
V O 2 -5 171 94 374 203
O R 0 5 94 109 484 390
R I 0 -4 109 171 156 47
I T 0 3 171 94 171 0
T E 0 2 94 93 219 125
E Space -3 -1 93 187 156 63
Space O 3 -5 187 94 764 577
O U 0 2 94 125 234 140
U T 0 2 125 125 281 156
T D -1 2 125 125 483 358
D O 1 -6 125 78 266 141
O O 0 0 78 109 156 78
O R 0 5 109 109 265 156
R Space -3 0 109 171 156 47
Space A 2 3 171 125 156 -15
A C -1 -2 125 156 265 140
C T 2 -2 156 140 312 156
T I 0 -3 140 125 218 78
I V -2 4 125 140 297 172
V I 2 -4 140 141 140 0
I T 0 3 141 125 125 -16
T I 0 -3 125 125 140 15
I E 0 5 125 156 188 63
E S -1 1 156 156 265 109
S OemPeriod -1 -7 156 94 5647 5491
OemPeriod Space -1 5 94 140 437 343
Space LShiftKey 1 4 140 1046 327 187
LShiftKey I 2 -8 1046 93 890 -156
I N -2 2 93 124 234 141
N Space -1 2 124 187 234 110
Space LShiftKey 1 4 187 873 780 593
LShiftKey B 0 -5 873 140 655 -218
B U 2 -2 140 94 327 187
U F -1 3 94 109 281 187
F F 0 0 109 125 172 63
F A 0 3 125 172 265 140
A L 0 -8 172 156 312 140
L O 1 0 156 78 250 94
O Space -3 5 78 109 343 265
Space LShiftKey 1 4 109 873 203 94
LShiftKey I 2 -8 873 78 780 -93
I Space -3 4 78 141 249 171
Space W 3 2 141 172 156 15
W O 0 -7 172 94 187 15
O U 0 2 94 109 281 187
U L -1 -2 109 110 265 156
L D 0 6 110 140 94 -16
D Space -2 -1 140 109 203 63
Space L 2 -5 109 156 203 94
L O 1 0 156 109 265 109
O V -2 5 109 187 125 16
V E 2 1 187 109 296 109
E Space -3 -1 109 156 109 0
Space T 3 -1 156 125 172 16
T O 0 -4 125 109 265 140
O Space -3 5 109 188 296 187
Space V 1 0 188 156 312 124
V I 2 -4 156 125 156 0
I S -1 6 125 140 110 -15
S I 1 -6 140 109 156 16
I T 0 3 109 93 265 156
T Space -3 1 93 172 140 47
Space LShiftKey 1 4 172 203 187 15
LShiftKey N 0 -6 203 125 125 -78
N I 2 -2 125 93 219 94
I A -1 7 93 219 171 78
A G 0 -4 219 156 343 124
G A 0 4 156 140 110 -46
A R 1 -3 140 93 1248 1108
R A -1 3 93 140 234 141
A Space -2 -3 140 266 202 62
Space A 2 3 266 125 1545 1279
A S 0 -1 125 109 234 109
S Space -2 -2 109 125 577 468
Space M 1 -3 125 140 234 109
M A 1 6 140 141 109 -31
A N -1 -5 141 125 172 31
N Y 2 0 125 93 234 109
Y Space -3 2 93 141 249 156
Space T 3 -1 141 125 156 15
T I 0 -3 125 78 141 16
I M -2 1 78 140 234 156
M E 2 4 140 125 109 -31
E Space -3 -1 125 171 203 78
Space Back 4 -9 171 172 686 515
Back S -2 11 172 109 484 312
S Space -2 -2 109 156 125 16
Space A 2 3 156 110 124 -32
A S 0 -1 110 125 203 93
S Space -2 -2 125 203 109 -16
Space P 3 -6 203 109 562 359
P O 0 1 109 94 234 125
O S -1 7 94 93 125 31
S S 0 0 93 125 171 78
S I 1 -6 125 109 141 16
I B -2 3 109 156 717 608
B L 1 -4 156 109 203 47
L E 1 6 109 171 172 63
E OemPeriod -2 -6 171 203 327 156
OemPeriod Space -1 5 203 219 593 390
Space LShiftKey 1 4 219 671 9532 9313
LShiftKey I 2 -8 671 125 530 -141
I Space -3 4 125 125 343 218
Space D 2 1 125 93 890 765
D O 1 -6 93 110 124 31
O N -2 3 110 125 297 187
N T 2 1 125 94 140 15
T Space -3 1 94 203 187 93
Space S 2 2 203 125 1092 889
S E 1 -1 125 125 234 109
E E 0 0 125 78 203 78
E R 0 -1 78 63 0 -78
R Space -3 0 63 188 109 46
Space Back 4 -9 188 140 531 343
Back Back 0 0 140 125 343 203
Back Space -4 9 125 156 390 265
Space M 1 -3 156 110 296 140
M U 2 0 110 93 266 156
U C -2 4 93 141 358 265
C H 1 -3 141 94 125 -16
H Space -2 2 94 140 250 156
Space O 3 -5 140 124 281 141
O G -1 4 124 94 124 0
G Back 2 -8 94 125 390 296
Back F -2 9 125 109 141 16
F Space -2 0 109 187 203 94
Space T 3 -1 187 125 140 -47
T H -1 -1 125 94 156 31
H E 1 3 94 125 78 -16
E Space -3 -1 125 172 187 62
Space S 2 2 172 109 921 749
S O 1 -7 109 125 202 93
O C -2 6 125 140 219 94
C I 2 -5 140 93 125 -15
I A -1 7 93 140 156 63
A L 0 -8 140 78 156 16
L Space -2 5 78 156 390 312
Space A 2 3 156 140 234 78
A C -1 -2 140 94 733 593
C T 2 -2 94 156 296 202
T I 0 -3 156 109 297 141
I V -2 4 109 156 156 47
V I 2 -4 156 125 156 0
I E 0 5 125 141 140 15
E S -1 1 141 125 234 93
S Space -2 -2 125 218 172 47
Space Back 4 -9 218 110 1263 1045
Back Back 0 0 110 125 172 62
Back Back 0 0 125 109 187 62
Back Back 0 0 109 78 172 63
Back I -1 5 78 125 1404 1326
I T 0 3 125 109 218 93
T I 0 -3 109 109 125 16
I E 0 5 109 125 125 16
E S -1 1 125 140 265 140
S D 0 -1 140 78 0 -140
D Back 2 -10 78 140 702 624
Back Space -4 9 140 218 437 297
Space I 3 -4 218 110 2979 2761
I N -2 2 110 94 281 171
N Space -1 2 94 156 281 187
Space A 2 3 156 140 203 47
A N -1 -5 140 109 156 16
N D 1 3 109 156 140 31
D Space -2 -1 156 187 250 94
Space A 2 3 187 125 577 390
A R 1 -3 125 125 281 156
R O 0 -5 125 109 156 31
O U 0 2 109 78 249 140
U N -2 1 78 156 250 172
N D 1 3 156 109 437 281
D Space -2 -1 109 171 125 16
Space T 3 -1 171 109 171 0
T H -1 -1 109 109 125 16
H E 1 3 109 125 125 16
E Space -3 -1 125 172 140 15
Space C 1 1 172 141 546 374
C A 1 2 141 125 203 62
A M -1 -6 125 140 172 47
M P 2 -3 140 156 280 140
P U 0 3 156 110 312 156
U S -1 5 110 125 141 31
S Space -2 -2 125 187 187 62
Space Back 4 -9 187 110 1154 967
Back OemPeriod -3 4 110 94 390 280
OemPeriod Space -1 5 94 140 297 203
Space LShiftKey 1 4 140 218 78 -62
LShiftKey I 2 -8 218 78 203 -15
I Space -3 4 78 125 249 171
Space W 3 2 125 109 141 16
W O 0 -7 109 125 140 31
O U 0 2 125 94 265 140
U L -1 -2 94 109 250 156
L D 0 6 109 156 140 31
D Space -2 -1 156 125 187 31
Space P 3 -6 125 141 281 156
P R 0 6 141 141 109 -32
R E 0 1 141 109 219 78
E F -1 -1 109 125 234 125
F E 1 1 125 109 218 93
E R 0 -1 109 156 203 94
R Space -3 0 156 140 156 0
Space T 3 -1 140 156 203 63
T O 0 -4 156 94 171 15
O Space -3 5 94 187 266 172
Space A 2 3 187 140 109 -78
A R 1 -3 140 78 296 156
R R 0 0 78 78 187 109
R A -1 3 78 109 188 110
A N -1 -5 109 125 109 0
N G 1 1 125 187 390 265
G E 1 2 187 156 140 -47
E Space -3 -1 156 203 250 94
Space A 2 3 203 140 234 31
A N -1 -5 140 109 125 -15
N Y 2 0 109 78 234 125
Y Space -3 2 78 141 249 171
Space C 1 1 141 156 156 15
C U 2 -4 156 94 343 187
U L -1 -2 94 94 250 156
L T 1 4 94 94 452 358
T U 0 -2 94 93 141 47
U R 0 3 93 93 312 219
R A -1 3 93 140 265 172
A L 0 -8 140 109 125 -15
L Space -2 5 109 203 296 187
Space E 3 1 203 156 109 -94
E V -2 -1 156 125 281 125
V E 2 1 125 94 203 78
E N -2 -3 94 125 125 31
N T 2 1 125 109 156 31
T S -1 3 109 140 343 234
S Space -2 -2 140 187 172 32
Space O 3 -5 187 125 748 561
O F -1 5 125 109 172 47
F Space -2 0 109 187 203 94
Space LShiftKey 1 4 187 390 639 452
LShiftKey B 0 -5 390 140 266 -124
B U 2 -2 140 110 358 218
U F -1 3 110 109 203 93
F F 0 0 109 93 172 63
F A 0 3 93 140 234 141
A L 0 -8 140 109 140 0
L O 1 0 109 94 203 94
O Space -3 5 94 172 265 171
Space F 2 0 172 125 156 -16
F O 1 -5 125 93 172 47
O R 0 5 93 140 78 -15
R Space -3 0 140 171 203 63
Space T 3 -1 171 109 109 -62
T H -1 -1 109 78 187 78
H E 1 3 78 140 47 -31
E Space -3 -1 140 140 187 47
Space LShiftKey 1 4 140 188 452 312
LShiftKey I 2 -8 188 94 125 -63
I N -2 2 94 125 234 140
N T 2 1 125 109 125 0
T E 0 2 109 110 218 109
E R 0 -1 110 93 219 109
R N -2 -2 93 140 109 16
N A 1 5 140 125 187 47
A T 1 -4 125 125 328 203
T I 0 -3 125 109 156 31
I O 0 -1 109 78 218 109
O N -2 3 78 124 219 141
N Space -1 2 124 172 218 94
Space Back 4 -9 172 125 515 343
Back A -2 12 125 141 140 15
A Oemtilde 2 1 141 125 250 109
Oemtilde L -2 -9 125 94 15 -110
L Back 2 -4 94 125 671 577
Back Back 0 0 125 109 219 94
Back L -2 4 109 78 764 655
L Space -2 5 78 202 250 172
Space S 2 2 202 125 187 -15
S T 1 -3 125 125 327 202
T U 0 -2 125 109 250 125
U D -1 4 109 109 234 125
D E 1 0 109 93 203 94
E N -2 -3 93 141 140 47
N T 2 1 141 93 172 31
T S -1 3 93 141 249 156
S OemPeriod -1 -7 141 93 3854 3713
OemPeriod LShiftKey 0 9 93 312 25599 25506
LShiftKey T 2 -5 312 110 187 -125
T H -1 -1 110 125 531 421
H E 1 3 125 125 140 15
E Space -3 -1 125 156 172 47
Space P 3 -6 156 109 889 733
P I 0 2 109 156 265 156
I C -2 5 156 156 297 141
C Space -1 -1 156 172 202 46
Space L 2 -5 172 125 1545 1373
L O 1 0 125 78 249 124
O O 0 0 78 78 172 94
O K -1 1 78 110 218 140
K S 0 6 110 125 125 15
S Space -2 -2 125 93 172 47
Space L 2 -5 93 94 218 125
L I 1 1 94 94 234 140
I K -1 0 94 125 203 109
K E 1 5 125 125 125 0
E Space -3 -1 125 219 249 124
Space A 2 3 219 140 3994 3775
A Space -2 -3 140 250 936 796
Space B 1 -1 250 109 5538 5288
B E 2 2 109 156 265 156
E A -1 2 156 141 265 109
A C -1 -2 141 140 250 109
C H 1 -3 140 109 156 16
H Space -2 2 109 187 234 125
Space C 1 1 187 125 234 47
C R 2 -1 125 125 234 109
R O 0 -5 125 125 296 171
O W 0 7 125 124 188 63
W E 0 -1 124 125 218 94
E Back 1 -10 125 141 421 296
Back D -2 10 141 109 156 15
D E 1 0 109 110 187 78
E D -1 0 110 94 203 93
D Space -2 -1 94 203 172 78
Space Right 0 -9 203 718 12027 11824
Right Right 0 0 718 218 999 281
Right W 3 11 218 94 842 624
W I 0 -6 94 140 125 31
I T 0 3 140 125 218 78
T H -1 -1 125 94 125 0
H Space -2 2 94 141 234 140
Space L 2 -5 141 78 265 124
L O 1 0 78 93 219 141
O T 0 4 93 109 109 16
T Space -3 1 109 188 218 109
Space O 3 -5 188 172 1732 1544
O F -1 5 172 125 265 93
F Space -2 0 125 125 172 47
Space P 3 -6 125 125 296 171
P E 0 7 125 140 141 16
E O 0 -6 140 109 312 172
O P 0 -1 109 110 202 93
P L -1 1 110 125 484 374
L E 1 6 125 63 140 15
E OemPeriod -2 -6 63 94 1139 1076
OemPeriod Space -1 5 94 172 281 187
Space LShiftKey 1 4 172 358 172 0
LShiftKey T 2 -5 358 93 265 -93
T H -1 -1 93 109 281 188
H E 1 3 109 141 124 15
E Space -3 -1 141 250 203 62
Space S 2 2 250 125 749 499
S H 0 -4 125 110 140 15
H O 1 -3 110 125 281 171
O R 0 5 125 109 312 187
R E 0 1 109 109 203 94
E Space -3 -1 109 125 125 16
Space I 3 -4 125 109 234 109
I S -1 6 109 141 93 -16
S Space -2 -2 141 171 188 47
Space W 3 2 171 109 156 -15
W E 0 -1 109 94 218 109
E E 0 0 94 93 172 78
E L -1 -6 93 125 93 0
L Space -2 5 125 171 266 141
Space C 1 1 171 125 499 328
C P 2 -7 125 78 530 405
P O 0 1 78 78 0 -78
O Back 1 -4 78 156 827 749
Back Back 0 0 156 141 218 62
Back Back 0 0 141 125 203 62
Back Back 0 0 125 110 187 62
Back Back 0 0 110 125 172 62
Back Back 0 0 125 125 452 327
Back L -2 4 125 78 406 281
L L 0 0 78 78 156 78
L Space -2 5 78 156 218 140
Space C 1 1 156 156 188 32
C O 2 -6 156 109 187 31
O N -2 3 109 140 515 406
N S 1 4 140 125 218 78
S T 1 -3 125 124 328 203
T R 0 1 124 109 218 94
R U 0 -3 109 141 140 31
U C -2 4 141 124 422 281
C T 2 -2 124 140 265 141
T E 0 2 140 109 265 125
E D -1 0 109 125 218 109
D Space -2 -1 125 172 125 0
Space W 3 2 172 140 125 -47
W I 0 -6 140 140 203 63
I T 0 3 140 125 296 156
T H -1 -1 125 94 125 0
H Space -2 2 94 156 234 140
Space A 2 3 156 125 140 -16
A Space -2 -3 125 172 156 31
Space S 2 2 172 125 156 -16
S W 1 0 125 125 234 109
W I 0 -6 125 93 453 328
I M -2 1 93 78 234 141
M M 0 0 78 109 156 78
M I 2 -1 109 94 218 109
I N -2 2 94 125 234 140
N G 1 1 125 125 125 0
G Space -2 1 125 125 156 31
Space P 3 -6 125 93 281 156
P O 0 1 93 78 218 125
O O 0 0 78 78 172 94
O L -1 0 78 110 249 171
L Space -2 5 110 234 375 265
Space S 2 2 234 109 1466 1232
S O 1 -7 109 78 125 16
O Space -3 5 78 187 312 234
Space T 3 -1 187 109 78 -109
T A -1 4 109 47 312 203
A Back 2 -12 47 141 1279 1232
Back H -2 7 141 110 733 592
H A 0 5 110 141 125 15
A T 1 -4 141 78 203 62
T Space -3 1 78 203 265 187
Space T 3 -1 203 140 203 0
T H -1 -1 140 110 140 0
H E 1 3 110 141 125 15
E Space -3 -1 141 234 203 62
Space C 1 1 234 141 889 655
C H 1 -3 141 94 156 15
H O 1 -3 94 125 250 156
O Back 1 -4 125 140 468 343
Back I -1 5 140 94 499 359
I L -1 -1 94 156 265 171
L D 0 6 156 109 749 593
D R 1 -1 109 109 281 172
R E 0 1 109 93 203 94
E N -2 -3 93 141 171 78
N Space -1 2 141 219 312 171
Space C 1 1 219 109 219 0
C A 1 2 109 109 218 109
A N -1 -5 109 109 125 16
N Space -1 2 109 250 249 140
Space D 2 1 250 109 1857 1607
D O 1 -6 109 109 125 16
O Space -3 5 109 172 280 171
Space S 2 2 172 125 234 62
S W 1 0 125 110 234 109
W I 0 -6 110 78 297 187
I I 0 0 78 110 171 93
I N -2 2 110 171 266 156
N G 1 1 171 125 265 94
G Space -2 1 125 187 203 78
Space Back 4 -9 187 109 655 468
Back Back 0 0 109 125 171 62
Back Back 0 0 125 109 188 63
Back Back 0 0 109 124 156 47
Back M -3 6 124 93 811 687
M M 0 0 93 125 156 63
M I 2 -1 125 78 234 109
I N -2 2 78 125 218 140
N G 1 1 125 125 125 0
G OemPeriod -1 -4 125 109 1014 889
OemPeriod Space -1 5 109 171 328 219
Space LShiftKey 1 4 171 1124 280 109
LShiftKey F 1 -4 1124 109 999 -125
F E 1 1 109 109 312 203
E W 0 1 109 109 187 78
W Space -3 -2 109 203 187 78
Space O 3 -5 203 110 811 608
O F -1 5 110 156 203 93
F Space -2 0 156 156 203 47
Space T 3 -1 156 110 140 -16
T H -1 -1 110 141 156 46
H E 1 3 141 140 110 -31
E Space -3 -1 140 140 218 78
Space P 3 -6 140 109 562 422
P E 0 7 109 110 124 15
E O 0 -6 110 94 250 140
O P 0 -1 94 93 203 109
P L -1 1 93 109 218 125
L E 1 6 109 109 125 16
E Space -3 -1 109 172 187 78
Space A 2 3 172 125 187 15
A R 1 -3 125 125 250 125
R E 0 1 125 125 218 93
E Space -3 -1 125 171 141 16
Space B 1 -1 171 171 390 219
B Back 3 -8 171 156 577 406
Back D -2 10 156 94 936 780
D O 1 -6 94 94 265 171
O I 0 1 94 94 234 140
I N -2 2 94 125 265 171
N G 1 1 125 124 110 -15
G Space -2 1 124 203 187 63
Space B 1 -1 203 141 1700 1497
B O 2 -4 141 125 468 327
O A -1 8 125 125 109 -16
A T 1 -4 125 156 390 265
T I 0 -3 156 93 266 110
I N -2 2 93 156 249 156
N G 1 1 156 125 172 16
G Space -2 1 125 172 296 171
Space A 2 3 172 110 1045 873
A N -1 -5 110 109 188 78
N D 1 3 109 109 93 -16
D Space -2 -1 109 250 1139 1030
Space F 2 0 250 93 1217 967
F E 1 1 93 109 218 125
E W 0 1 109 94 203 94
W Space -3 -2 94 156 156 62
Space O 3 -5 156 140 328 172
O T 0 4 140 110 202 62
T H -1 -1 110 125 156 46
H E 1 3 125 109 94 -31
E R 0 -1 109 110 218 109
R Space -3 0 110 219 125 15
Space Back 4 -9 219 140 796 577
Back S -2 11 140 110 171 31
S Space -2 -2 110 219 203 93
Space B 1 -1 219 124 453 234
B U 2 -2 124 94 124 0
U S -1 5 94 141 281 187
S Y 1 -4 141 94 125 -16
Y Space -3 2 94 187 281 187
Space F 2 0 187 109 203 16
F S 0 2 109 109 936 827
S H 0 -4 109 125 171 62
H I 1 -2 125 94 234 109
I N -2 2 94 125 250 156
N G 1 1 125 125 93 -32
G OemPeriod -1 -4 125 125 531 406
OemPeriod Space -1 5 125 156 359 234
Space Back 4 -9 156 109 780 624
Back Back 0 0 109 94 218 109
Back Back 0 0 94 109 187 93
Back Back 0 0 109 125 156 47
Back Back 0 0 125 203 156 31
Back Back 0 0 203 93 250 47
Back Back 0 0 93 109 140 47
Back I -1 5 109 109 1498 1389
I S -1 6 109 94 93 -16
S H 0 -4 94 125 281 187
H I 1 -2 125 94 234 109
I N -2 2 94 140 219 125
N G 1 1 140 109 93 -47
G OemPeriod -1 -4 109 78 1108 999
OemPeriod Space -1 5 78 171 281 203
Space LShiftKey 1 4 171 374 19453 19282
LShiftKey D 1 -3 374 156 249 -125
D I 1 -5 156 140 266 110
I F -1 4 140 125 187 47
F F 0 0 125 109 187 62
F E 1 1 109 140 203 94
E R 0 -1 140 109 234 94
R E 0 1 109 109 203 94
E N -2 -3 109 141 202 93
N T 2 1 141 125 141 0
T Space -3 1 125 172 187 62
Space V 1 0 172 141 343 171
V A 1 3 141 125 234 93
A R 1 -3 125 156 343 218
R I 0 -4 156 125 250 94
I E 0 5 125 109 265 140
E T 0 -2 109 109 359 250
T Y 0 -1 109 94 156 47
Y Space -3 2 94 156 250 156
Space O 3 -5 156 94 296 140
O F -1 5 94 109 156 62
F Space -2 0 109 156 218 109
Space B 1 -1 156 124 422 266
B P 2 -5 124 124 390 266
P O 0 1 124 109 15 -109
O A -1 8 109 124 141 32
A Back 2 -12 124 125 873 749
Back Back 0 0 125 140 203 78
Back Back 0 0 140 125 421 281
Back O -1 4 125 109 999 874
O A -1 8 109 141 327 218
A T 1 -4 141 94 265 124
T S -1 3 94 140 63 -31
S Space -2 -2 140 218 265 125
Space A 2 3 218 140 671 453
A R 1 -3 140 109 889 749
R E 0 1 109 94 234 125
E Space -3 -1 94 156 218 124
Space A 2 3 156 141 234 78
A L 0 -8 141 93 266 125
L L 0 0 93 93 187 94
L Space -2 5 93 140 281 188
Space A 2 3 140 141 93 -47
A R 1 -3 141 125 343 202
R O 0 -5 125 110 156 31
O U 0 2 110 93 266 156
U N -2 1 93 124 312 219
N D 1 3 124 156 171 47
D Space -2 -1 156 265 203 47
Space T 3 -1 265 110 6692 6427
T H -1 -1 110 109 110 0
H E 1 3 109 140 234 125
E Space -3 -1 140 171 187 47
Space S 2 2 171 156 437 266
S H 0 -4 156 125 140 -16
H O 1 -3 125 125 281 156
O R 0 5 125 110 171 46
R E 0 1 110 156 219 109
E OemPeriod -2 -6 156 109 374 218
OemPeriod Space -1 5 109 187 297 188
Space LShiftKey 1 4 187 546 1263 1076
LShiftKey LShiftKey 0 0 546 1263 765 219
LShiftKey S 1 -2 1263 109 1170 -93
S O 1 -7 109 78 234 125
O M -2 2 78 140 218 140
M E 2 4 140 156 140 0
E Space -3 -1 156 140 188 32
Space P 3 -6 140 109 327 187
P E 0 7 109 125 109 0
E O 0 -6 125 78 156 31
O P 0 -1 78 78 188 110
P L -1 1 78 94 202 124
L E 1 6 94 124 110 16
E Space -3 -1 124 109 187 63
Space L 2 -5 109 93 234 125
L O 1 0 93 78 218 125
O O 0 0 78 94 156 78
O K -1 1 94 78 219 125
K Space -2 4 78 156 218 140
Space C 1 1 156 109 156 0
C R 2 -1 109 109 593 484
R A -1 3 109 125 312 203
A Z -1 0 125 125 249 124
Z Y 2 -5 125 141 437 312
Y Space -3 2 141 203 328 187
Space F 2 0 203 141 3884 3681
F E 1 1 141 125 250 109
E L -1 -6 125 109 234 109
L L 0 0 109 109 203 94
L Space -2 5 109 203 296 187
Space D 2 1 203 109 718 515
D O 1 -6 109 124 437 328
O W 0 7 124 125 187 63
W N -2 -4 125 140 187 62
N Space -1 2 140 203 296 156
Space A 2 3 203 125 2013 1810
A N -1 -5 125 156 140 15
N D 1 3 156 125 156 0
D Space -2 -1 125 171 172 47
Space T 3 -1 171 141 171 0
T R 0 1 141 125 250 109
R Y 0 -2 125 171 172 47
Y I 0 -2 171 109 327 156
I N -2 2 109 140 250 141
N G 1 1 140 109 109 -31
G Space -2 1 109 125 156 47
Space T 3 -1 125 109 94 -31
T O 0 -4 109 141 202 93
O Space -3 5 141 234 344 203
Space J 2 -3 234 109 1653 1419
J U 1 0 109 94 234 125
U M -2 0 94 125 265 171
M P 2 -3 125 93 297 172
P Space -3 6 93 156 327 234
Space O 3 -5 156 109 656 500
O F -1 5 109 94 530 421
F Space -2 0 94 187 187 93
Space A 2 3 187 109 406 219
A N -1 -5 109 140 125 16
N D 1 3 140 141 124 -16
D Space -2 -1 141 124 188 47
Space L 2 -5 124 109 483 359
L O 1 0 109 93 219 110
O O 0 0 93 78 202 109
O K -1 1 78 125 297 219
K S 0 6 125 109 390 265
S Space -2 -2 109 187 156 47
Space T 3 -1 187 93 624 437
T H -1 -1 93 125 140 47
H E 1 3 125 141 109 -16
E Y 0 -3 141 187 172 31
Y Space -3 2 187 172 374 187
Space A 2 3 172 125 156 -16
A R 1 -3 125 109 484 359
R E 0 1 109 93 203 94
E Space -3 -1 93 140 125 32
Space U 3 -3 140 78 296 156
U N -2 1 78 94 234 156
N A 1 5 94 172 109 15
A B -1 -4 172 140 515 343
B L 1 -4 140 109 515 375
L E 1 6 109 109 125 16
E Space -3 -1 109 140 187 78
Space T 3 -1 140 140 156 16
T O 0 -4 140 156 171 31
O Space -3 5 156 140 375 219
Space T 3 -1 140 141 171 31
T Back 1 -8 141 124 812 671
Back D -2 10 124 125 733 609
D O 1 -6 125 78 218 93
O Space -3 5 78 156 265 187
Space T 3 -1 156 109 125 -31
T H -1 -1 109 109 406 297
H A 0 5 109 140 156 47
A T 1 -4 140 93 234 94
T Space -3 1 93 156 296 203
Space A 2 3 156 140 172 16
A S 0 -1 140 109 234 94
S Space -2 -2 109 141 140 31
Space W 3 2 141 125 156 15
W E 0 -1 125 125 281 156
E L -1 -6 125 78 234 109
L L 0 0 78 140 172 94
L OemPeriod -1 0 140 109 5912 5772
OemPeriod Space -1 5 109 171 281 172
Space LShiftKey 1 4 171 422 249 78
LShiftKey F 1 -4 422 140 297 -125
F E 1 1 140 125 265 125
E W 0 1 125 110 218 93
W Space -3 -2 110 141 156 46
Space O 3 -5 141 125 468 327
O F -1 5 125 141 156 31
F Space -2 0 141 125 250 109
Space T 3 -1 125 110 62 -63
T H -1 -1 110 125 156 46
H E 1 3 125 219 125 0
E M -2 -4 219 93 328 109
M Space -1 3 93 125 234 141
Space A 2 3 125 125 93 -32
A R 1 -3 125 94 281 156
R E 0 1 94 94 187 93
E Space -3 -1 94 171 141 47
Space R 3 0 171 110 327 156
R E 0 1 110 94 203 93
E S -1 1 94 109 203 109
S T 1 -3 109 156 281 172
T I 0 -3 156 93 156 0
I N -2 2 93 125 218 125
N G 1 1 125 109 94 -31
G Space -2 1 109 109 156 47
Space P 3 -6 109 156 281 172
P E 0 7 156 140 156 0
E A -1 2 140 218 312 172
A C -1 -2 218 156 374 156
C U 2 -4 156 140 203 47
U F -1 3 140 140 343 203
F U 1 -3 140 109 390 250
U L -1 -2 109 62 281 172
L L 0 0 62 93 156 94
L Y 1 3 93 94 1123 1030
Y Space -3 2 94 234 343 249
Space C 1 1 234 93 1264 1030
C O 2 -6 93 109 140 47
O M -2 2 109 125 250 141
M I 2 -1 125 63 249 124
I N -2 2 63 140 219 156
N G 1 1 140 125 93 -47
G Space -2 1 125 141 203 78
Space B 1 -1 141 140 219 78
B A 1 4 140 188 280 140
A C -1 -2 188 141 312 124
C K 1 -5 141 109 250 109
K Space -2 4 109 156 250 141
Space F 2 0 156 125 109 -47
F R 1 0 125 109 234 109
R O 0 -5 109 109 78 -31
O N -2 3 109 125 249 140
N M 0 -1 125 125 0 -125
M Back 3 -6 125 93 609 484
Back Back 0 0 93 125 249 156
Back M -3 6 125 109 640 515
M Space -1 3 109 156 234 125
Space T 3 -1 156 110 140 -16
T H -1 -1 110 109 172 62
H E 1 3 109 124 94 -15
E Space -3 -1 124 234 234 110
Space B 1 -1 234 140 6926 6692
B E 2 2 140 171 406 266
E A -1 2 171 156 280 109
A C -1 -2 156 172 328 172
C H 1 -3 172 125 281 109
H Space -2 2 125 156 374 249
Space O 3 -5 156 78 624 468
O N -2 3 78 78 250 172
N Space -1 2 78 125 218 140
Space T 3 -1 125 110 109 -16
T H -1 -1 110 94 156 46
H E 1 3 94 124 110 16
E Space -3 -1 124 172 202 78
Space R 3 0 172 110 156 -16
R E 0 1 110 94 203 93
E S -1 1 94 94 203 109
S T 1 -3 94 109 281 187
T Space -3 1 109 171 125 16
Space C 1 1 171 125 343 172
C H 1 -3 125 109 125 0
H A 0 5 109 141 124 15
A Back 2 -12 141 125 1373 1232
Back Back 0 0 125 125 203 78
Back Back 0 0 125 125 421 296
Back B -3 8 125 109 999 874
B E 2 2 109 125 265 156
E N -2 -3 125 171 203 78
N C 0 3 171 140 218 47
C H 1 -3 140 140 390 250
H E 1 3 140 125 156 16
E S -1 1 125 140 234 109
S OemPeriod -1 -7 140 156 1576 1436
OemPeriod Back 3 -4 156 172 9796 9640
Back LShiftKey -3 13 172 468 1170 998
LShiftKey LShiftKey 0 0 468 890 3900 3432
LShiftKey T 2 -5 890 110 780 -110
T Back 1 -8 110 109 1061 951
Back LShiftKey -3 13 109 983 484 375
LShiftKey B 0 -5 983 156 858 -125
B E 2 2 156 125 249 93
E I 0 -5 125 109 219 94
I N -2 2 109 156 249 140
N G 1 1 156 125 203 47
G Space -2 1 125 219 156 31
Space A 2 3 219 109 999 780
A Space -2 -3 109 156 124 15
Space S 2 2 156 171 110 -46
S T 1 -3 171 109 374 203
T A -1 4 109 124 94 -15
A T 1 -4 124 78 140 16
T E 0 2 78 94 686 608
E Space -3 -1 94 140 141 47
Space U 3 -3 140 109 281 141
U N -2 1 109 124 234 125
N I 2 -2 124 156 265 141
I V -2 4 156 156 234 78
V E 2 1 156 125 234 78
E R 0 -1 125 109 234 109
R S -1 2 109 125 218 109
S I 1 -6 125 125 281 156
I T 0 3 125 94 265 140
T Y 0 -1 94 109 156 62
Y Space -3 2 109 265 297 188
Space LShiftKey 1 4 265 172 904 639
LShiftKey LShiftKey 0 0 172 1232 375 203
LShiftKey B 0 -5 1232 124 1061 -171
B U 2 -2 124 125 358 234
U F -1 3 125 94 203 78
F F 0 0 94 94 156 62
F A 0 3 94 141 234 140
A L 0 -8 141 125 187 46
L O 1 0 125 125 234 109
O Back 1 -4 125 609 827 702
Back Back 0 0 609 109 796 187
Back Back 0 0 109 156 203 94
Back LShiftKey -3 13 156 1263 499 343
LShiftKey U 2 -7 1263 109 515 -748
U B -2 2 109 124 546 437
B Space -1 1 124 171 343 219
Space T 3 -1 171 125 655 484
T U 0 -2 125 109 265 140
U T 0 2 109 94 187 78
T I 0 -3 94 125 125 31
I Back 1 -5 125 125 1264 1139
Back Back 0 0 125 125 187 62
Back I -1 5 125 110 530 405
I T 0 3 110 47 203 93
T I 0 -3 47 78 1233 1186
I O 0 -1 78 78 187 109
O N -2 3 78 140 234 156
N Space -1 2 140 156 249 109
Space F 2 0 156 94 172 16
F E 1 1 94 125 218 124
E E 0 0 125 125 219 94
E S -1 1 125 125 234 109
S Space -2 -2 125 156 171 46
Space I 3 -4 156 110 390 234
I S -1 6 110 109 125 15
S Space -2 -2 109 141 187 78
Space A 2 3 141 124 110 -31
A L 0 -8 124 125 187 63
L S 0 7 125 125 93 -32
S O 1 -7 125 94 156 31
O Space -3 5 94 187 297 203
Space V 1 0 187 109 218 31
V E 2 1 109 94 203 94
E R 0 -1 94 141 218 124
R Y 0 -2 141 109 453 312
Y Space -3 2 109 124 281 172
Space L 2 -5 124 93 265 141
L E 1 6 93 125 171 78
E S -1 1 125 93 219 94
S S 0 0 93 110 171 78
S Space -2 -2 110 140 172 62
Space A 2 3 140 109 2964 2824
A D 0 -2 109 94 265 156
D D 0 0 94 141 499 405
D I 1 -5 141 124 968 827
I T 0 3 124 109 156 32
T I 0 -3 109 78 124 15
I O 0 -1 78 93 188 110
O N -2 3 93 109 249 156
N Space -1 2 109 109 234 125
Space T 3 -1 109 109 125 16
T O 0 -4 109 94 156 47
O P 0 -1 94 78 16 -78
P Back 1 -3 78 124 1404 1326
Back Space -4 9 124 265 374 250
Space T 3 -1 265 110 608 343
T H -1 -1 110 94 141 31
H E 1 3 94 125 109 15
E Space -3 -1 125 172 203 78
Space R 3 0 172 93 562 390
R E 0 1 93 94 202 109
E S -1 1 94 125 234 140
S E 1 -1 125 78 219 94
E A -1 2 78 140 655 577
A R 1 -3 140 63 265 125
R C -2 1 63 125 936 873
C H 1 -3 125 78 172 47
H Space -2 2 78 125 234 156
Space O 3 -5 125 125 343 218
O P 0 -1 125 62 250 125
P P 0 0 62 125 140 78
P U 0 3 125 93 484 359
U R 0 3 93 110 358 265
R T 0 -1 110 78 234 124
T U 0 -2 78 109 141 63
U N -2 1 109 109 234 125
N I 2 -2 109 93 234 125
I T 0 3 93 94 109 16
T E 0 2 94 94 218 124
E S -1 1 94 141 234 140
S Space -2 -2 141 172 203 62
Space Left 0 -7 172 827 1045 873
Left Right 0 -2 827 203 1077 250
Right Right 0 0 203 172 265 62
Right Back 4 0 172 93 749 577
Back O -1 4 93 94 343 250
O Right -3 -4 94 733 515 421
Right Right 0 0 733 234 967 234
Right Left 0 2 234 172 530 296
Left Left 0 0 172 202 266 94
Left Back 4 -2 202 94 1497 1295
Back Back 0 0 94 141 858 764
Back I -1 5 141 125 3276 3135
I E 0 5 125 109 156 31
E S -1 1 109 140 219 110
S Space -2 -2 140 187 187 47
Space Back 4 -9 187 78 1841 1654
Back OemPeriod -3 4 78 93 421 343
OemPeriod Space -1 5 93 172 265 172
Space LShiftKey 1 4 172 359 125 -47
LShiftKey S 1 -2 359 156 203 -156
S O 1 -7 156 94 124 -32
O I 0 1 94 110 546 452
I Back 1 -5 110 109 812 702
Back Back 0 0 109 125 717 608
Back O -1 4 125 94 827 702
O Space -3 5 94 218 281 187
Space LShiftKey 1 4 218 281 218 0
LShiftKey I 2 -8 281 110 187 -94
I Space -3 4 110 171 266 156
Space W 3 2 171 156 156 -15
W O 0 -7 156 124 156 0
O U 0 2 124 124 234 110
U L -1 -2 124 140 312 188
L D 0 6 140 110 124 -16
D Space -2 -1 110 265 765 655
Space R 3 0 265 140 343 78
R E 0 1 140 141 218 78
E C -2 0 141 156 250 109
C O 2 -6 156 78 187 31
O M -2 2 78 94 234 156
M M 0 0 94 109 172 78
M E 2 4 109 156 109 0
E N -2 -3 156 140 172 16
N D 1 3 140 125 171 31
D Space -2 -1 125 219 156 31
Space LShiftKey 1 4 219 952 390 171
LShiftKey U 2 -7 952 156 250 -702
U B -2 2 156 125 530 374
B Space -1 1 125 203 484 359
Space T 3 -1 203 78 359 156
T O 0 -4 78 125 109 31
O Space -3 5 125 172 405 280
Space A 2 3 172 109 344 172
A N -1 -5 109 109 109 0
N Y 2 0 109 93 234 125
Y O 0 -3 93 94 1029 936
O N -2 3 94 156 266 172
N E 2 3 156 124 234 78
E OemPeriod -2 -6 124 78 1560 1436
OemPeriod S 1 7 78 187 32822 32744
S U 1 -5 187 125 69810 69623
U B -2 2 125 140 297 172
B C 0 2 140 156 390 250
C O 2 -6 156 94 280 124
O L -1 0 94 78 219 125
L L 0 0 78 93 156 78
L E 1 6 93 171 47 -46
E C -2 0 171 156 249 78
C T 2 -2 156 125 312 156
T I 0 -3 125 93 219 94
I O 0 -1 93 109 187 94
O N -2 3 109 156 296 187
N D4 3 2 156 109 1233 1077
D4 LShiftKey -3 4 109 499 421 312
LShiftKey D2 3 -2 499 125 374 -125
D2 G -2 -3 125 141 1014 889
G M -1 -2 141 156 281 140
M A 1 6 156 156 390 234
A I 1 -7 156 109 203 47
I L -1 -1 109 109 296 187
L OemPeriod -1 0 109 171 250 141
OemPeriod C 0 6 171 156 249 78
C O 2 -6 156 141 312 156
O M -2 2 141 47 468 327
M Left -1 -4 47 577 2387 2340
Left Left 0 0 577 125 952 375
Left Left 0 0 125 125 187 62
Left Left 0 0 125 109 187 62
Left Left 0 0 109 125 172 63
Left Left 0 0 125 125 187 62
Left Back 4 -2 125 125 686 561
Back LShiftKey -3 13 125 546 141 16
LShiftKey D2 3 -2 546 125 390 -156
D2 Back 0 -11 125 125 1185 1060
Back LShiftKey -3 13 125 1888 1498 1373
LShiftKey D2 3 -2 1888 328 1404 -484
D2 Back 0 -11 328 109 983 655
Back LShiftKey -3 13 109 1060 8393 8284
LShiftKey D2 3 -2 1060 125 686 -374
D2 D2 0 0 125 78 234 109
D2 Back 0 -11 78 94 858 780
Back Back 0 0 94 78 203 109
Back D -2 10 78 94 13782 13704
D A 0 2 94 156 187 93
A T 1 -4 156 109 141 -15
T A -1 4 109 109 109 0
A C -1 -2 109 141 811 702
C O 2 -6 141 94 265 124
O L -1 0 94 78 219 125
L L 0 0 78 78 156 78
L E 1 6 78 141 62 -16
E C -2 0 141 172 203 62
C T 2 -2 172 125 312 140
T I 0 -3 125 109 234 109
I O 0 -1 109 78 203 94
O N -2 3 78 156 249 171
N P 2 -4 156 130 24300 24144
P A -1 9 130 155 90 -40
A D 0 -2 155 175 305 150
D I 1 -5 175 117 185 10
I D -1 5 117 117 75 -42
D E 1 0 117 115 207 90
E L -1 -6 115 145 135 20
L A 0 8 145 150 485 340
A V -1 -3 150 105 478 328
V A 1 3 105 132 135 30
A M -1 -6 132 155 347 215
M S 1 5 155 210 135 -20
S H 0 -4 210 100 260 50
H I 1 -2 100 125 225 125
I K -1 0 125 120 245 120
K R 1 4 120 135 175 55
R I 0 -4 135 115 205 70
I S -1 6 115 135 165 50
S H 0 -4 135 90 175 40
H N -1 0 90 130 185 95
N A 1 5 130 153 90 -40
A V -1 -3 153 175 24867 24714
V Return 1 -8 175 198 2687 2512
Return Back 2 -1 198 122 8900 8702
Back D0 0 3 122 135 7670 7548
D0 Back 0 -3 135 110 1165 1030
Back LShiftKey -3 13 110 552 2665 2555
LShiftKey D2 3 -2 552 140 372 -180
D2 Back 0 -11 140 115 1000 860
Back P -1 3 115 95 995 880
P A -1 9 95 110 85 -10
A D 0 -2 110 133 235 125
D I 1 -5 133 105 153 20
I D -1 5 105 135 85 -20
D E 1 0 135 105 225 90
E L -1 -6 105 155 135 30
L A 0 8 155 152 125 -30
A V -1 -3 152 115 955 803
V A 1 3 115 155 135 20
A M -1 -6 155 175 325 170
M S 1 5 175 120 185 10
S H 0 -4 120 90 275 155
H I 1 -2 90 100 320 230
I K -1 0 100 115 225 125
K R 1 4 115 110 195 80
R I 0 -4 110 135 205 95
I S -1 6 135 145 215 80
S H 0 -4 145 112 155 10
H N -1 0 112 125 232 120
N LShiftKey 0 6 125 160 365 240
LShiftKey A 1 -1 160 115 1463 1303
A LShiftKey -1 1 115 1570 1870 1755
LShiftKey D2 3 -2 1570 145 1225 -345
D2 Back 0 -11 145 135 1250 1105
Back LShiftKey -3 13 135 745 255 120
LShiftKey D2 3 -2 745 165 540 -205
D2 Back 0 -11 165 87 1605 1440
Back Y -1 7 87 125 19010 18923
Y Return -1 -6 125 93 1547 1422
Return Back 2 -1 93 95 4460 4367
Back D1 0 12 95 0 37602 37507
D1 D2 0 -1 0 0 262 262
D2 LShiftKey -3 2 0 1123 41902 41902
LShiftKey LShiftKey 0 0 1123 927 19988 18865
LShiftKey D2 3 -2 927 145 612 -315
D2 Back 0 -11 145 115 1305 1160
Back LShiftKey -3 13 115 1185 2158 2043
LShiftKey LShiftKey 0 0 1185 530 1915 730
LShiftKey LShiftKey 0 0 530 340 1355 825
LShiftKey LShiftKey 0 0 340 875 980 640
LShiftKey D2 3 -2 875 155 600 -275
D2 Back 0 -11 155 112 955 800
Back LShiftKey -3 13 112 755 7307 7195
LShiftKey D2 3 -2 755 185 360 -395
D2 Back 0 -11 185 185 2250 2065
Back LShiftKey -3 13 185 620 1587 1402
LShiftKey LShiftKey 0 0 620 965 4155 3535
LShiftKey D2 3 -2 965 235 620 -345
D2 Back 0 -11 235 100 5553 5318
Back P -1 3 100 110 445 345
P A -1 9 110 112 120 10
A D 0 -2 112 135 232 120
D I 1 -5 135 115 155 20
I D -1 5 115 135 70 -45
D E 1 0 135 125 230 95
E L -1 -6 125 195 185 60
L A 0 8 195 135 185 -10
A V -1 -3 135 125 575 440
V A 1 3 125 125 135 10
A M -1 -6 125 105 425 300
M S 1 5 105 105 18012 17907
S H 0 -4 105 115 125 20
H I 1 -2 115 100 585 470
I K -1 0 100 110 285 185
K R 1 4 110 125 625 515
R I 0 -4 125 125 195 70
I S -1 6 125 140 225 100
S H 0 -4 140 90 145 5
H N -1 0 90 125 218 128
N A 1 5 125 125 135 10
A V -1 -3 125 90 1970 1845
V I 2 -4 90 150 780 690
I R 0 4 150 110 270 120
R T 0 -1 110 130 310 200
T A -1 4 130 120 2809 2679
A K 0 -7 120 120 310 190
K E 1 5 120 140 220 100
E Y 0 -3 140 120 500 360
Y B -2 1 120 110 370 250
B O 2 -4 110 120 400 290
O A -1 8 120 50 322 202
A Return 0 -11 50 90 1190 1140
Return U 1 5 90 0 563 473
U U 0 0 0 0 20845 20845
U T 0 2 0 180 7525 7525
T LShiftKey -2 5 180 2218 12087 11907
LShiftKey Back 3 -13 2218 153 4090 1872
Back Back 0 0 153 130 1638 1485
Back K -2 5 130 120 11729 11599
K E 1 5 120 140 180 60
E Y 0 -3 140 100 650 510
Y B -2 1 100 150 550 450
B O 2 -4 150 120 200 50
O A -1 8 120 120 590 470
A R 1 -3 120 110 280 160
R D -1 1 110 140 300 190
D Space -2 -1 140 160 220 80
Space N 1 -2 160 120 920 760
N Back 3 -7 120 160 710 590
Back S -2 11 160 120 8550 8390
S O 1 -7 120 80 110 -10
O M -2 2 80 120 230 150
M E 2 4 120 110 110 -10
E Space -3 -1 110 110 170 60
Space K 2 -4 110 90 230 120
K E 1 5 90 120 110 20
E Y 0 -3 120 110 460 340
Y S -1 4 110 140 140 30
S Space -2 -2 140 150 190 50
Space G 2 -1 150 120 790 640
G I 1 -3 120 120 240 120
I V -2 4 120 140 290 170
V I 2 -4 140 80 150 10
I N -2 2 80 140 280 200
N G 1 1 140 120 120 -20
G Space -2 1 120 160 160 40
Space D 2 1 160 150 290 130
D I 1 -5 150 100 220 70
I F -1 4 100 150 170 70
F F 0 0 150 110 210 60
F E 1 1 110 120 190 80
E R 0 -1 120 110 200 80
R E 0 1 110 110 200 90
E N -2 -3 110 150 120 10
N T 2 1 150 110 180 30
T Space -3 1 110 140 140 30
Space M 1 -3 140 120 240 100
M E 2 4 120 130 140 20
E S -1 1 130 90 330 200
S S 0 0 90 100 170 80
S Back 2 -11 100 70 500 400
Back Back 0 0 70 80 230 160
Back Back 0 0 80 120 640 560
Back Back 0 0 120 110 240 120
Back C -3 10 110 160 710 600
C H 1 -3 160 130 470 310
H A 0 5 130 150 110 -20
A R 1 -3 150 90 330 180
R C -2 1 90 140 340 250
C T 2 -2 140 120 210 70
T E 0 2 120 120 140 20
E R 0 -1 120 120 220 100
R Return -1 -8 120 100 220 100
Return C -1 9 100 138 75541 75441
C O 2 -6 138 115 210 72
O N -2 3 115 120 337 222
N T 2 1 120 102 243 123
T R 0 1 102 113 214 112
R Return -1 -8 113 134 1652 1539
Return R 1 8 134 122 24176 24042
R E 0 1 122 141 227 105
E G -1 -2 141 160 317 176
G I 1 -3 160 100 290 130
I O 0 -1 100 100 200 100
O N -2 3 100 102 290 190
N A 1 5 102 150 172 70
A L 0 -8 150 123 200 50
L Space -2 5 123 120 402 279
Space Return 2 -8 120 140 2333 2213
Return T 1 7 140 120 87336 87196
T B -2 0 120 90 482 362
B U 2 -2 90 100 390 300
U F -1 3 100 120 210 110
F F 0 0 120 100 190 70
F A 0 3 100 80 250 150
A A 0 0 80 160 170 90
A L 0 -8 160 100 260 100
L O 1 0 100 90 220 120
O Back 1 -4 90 90 1100 1010
Back Back 0 0 90 120 200 110
Back Back 0 0 120 110 560 440
Back L -2 4 110 120 770 660
L O 1 0 120 80 230 110
O Space -3 5 80 192 290 210
Space T 3 -1 192 120 252 60
T E 0 2 120 150 280 160
E M -2 -4 150 130 280 130
M P 2 -3 130 120 270 140
P E 0 7 120 150 130 10
E R 0 -1 150 100 250 100
R A -1 3 100 180 260 160
A T 1 -4 180 100 240 60
T U 0 -2 100 120 470 370
U R 0 3 120 90 170 50
R E 0 1 90 97 200 110
E Space -3 -1 97 140 152 55
Space Return 2 -8 140 120 720 580
Return H 0 6 120 130 15891 15771
H Y 1 0 130 95 220 90
Y D -1 3 95 122 175 80
D E 1 0 122 153 222 100
E R 0 -1 153 100 248 95
R A -1 3 100 160 252 152
A B -1 -4 160 122 180 20
B A 1 4 122 110 112 -10
A D 0 -2 110 150 233 123
D Return 0 -9 150 95 632 482
Return Return 0 0 95 110 338 243
Return Space -2 8 110 46 2216055 2215945
Space E 3 1 46 156 17004 16958
