LShiftKey I 2 -8 266 94 156 -110
I Space -3 4 94 172 1139 1045
Space A 2 3 172 78 421 249
A M -1 -6 78 109 94 16
M Space -1 3 109 125 218 109
Space H 2 -2 125 93 2216 2091
H O 1 -3 93 109 218 125
O N -2 3 109 94 452 343
N O 2 -3 94 109 203 109
O R 0 5 109 124 375 266
R E 0 1 124 109 78 -46
E D -1 0 109 109 156 47
D Space -2 -1 109 125 1201 1092
Space T 3 -1 125 93 702 577
T O 0 -4 93 109 78 -15
O Space -3 5 109 124 203 94
Space B 1 -1 124 109 795 671
B E 2 2 109 109 375 266
E Space -3 -1 109 140 1622 1513
Space W 3 2 140 124 718 578
W I 0 -6 124 94 124 0
I T 0 3 94 109 609 515
T H -1 -1 109 109 78 -31
H Space -2 2 109 94 187 78
Space Y 3 -2 94 110 998 904
Y O 0 -3 110 109 110 0
O U 0 2 109 109 2137 2028
U Space -3 3 109 140 203 94
Space T 3 -1 140 109 218 78
T O 0 -4 109 78 109 0
O D -1 6 78 156 437 359
D A 0 2 156 109 109 -47
A U 1 -6 109 109 141 32
U Back 1 -6 109 94 998 889
Back Y -1 7 94 78 312 218
Y Space -3 2 78 93 203 125
Space A 2 3 93 125 4321 4228
A T 1 -4 125 109 203 78
T Space -3 1 109 141 171 62
Space Y 3 -2 141 109 203 62
Y P 0 -4 109 109 172 63
P U 0 3 109 93 203 94
U R 0 3 93 109 218 125
R Space -3 0 109 125 125 16
Space Back 4 -9 125 93 2465 2340
Back Back 0 0 93 94 140 47
Back Back 0 0 94 94 140 46
Back Back 0 0 94 109 125 31
Back Back 0 0 109 109 141 32
Back Y -1 7 109 125 1310 1201
Y O 0 -3 125 78 172 47
O U 0 2 78 109 234 156
U R 0 3 109 94 218 109
R Space -3 0 94 110 1076 982
Space C 1 1 110 78 749 639
C O 2 -6 78 78 94 16
O M -2 2 78 78 187 109
M M 0 0 78 94 109 31
M E 2 4 94 78 265 171
E N -2 -3 78 109 266 188
N C 0 3 109 156 3884 3775
C E 2 0 156 94 78 -78
E M -2 -4 94 94 156 62
M E 2 4 94 109 94 0
E N -2 -3 109 109 218 109
N T 2 1 109 78 296 187
T Space -3 1 78 125 125 47
Space F 2 0 125 94 1373 1248
F R 1 0 94 93 172 78
R O 0 -5 93 94 124 31
O M -2 2 94 78 172 78
M Space -1 3 78 94 156 78
Space O 3 -5 94 93 203 109
O N -2 3 93 93 234 141
N E 2 3 93 78 312 219
E Space -3 -1 78 109 109 31
Space O 3 -5 109 93 874 765
O F -1 5 93 125 124 31
F Space -2 0 125 109 110 -15
Space T 3 -1 109 109 218 109
T H -1 -1 109 78 94 -15
H E 1 3 78 78 202 124
E Space -3 -1 78 93 110 32
Space F 2 0 93 93 390 297
F I 1 -4 93 93 109 16
I N -2 2 93 93 156 63
N E 2 3 93 78 265 172
E S -1 1 78 94 1248 1170
S T 1 -3 94 78 187 93
T Space -3 1 78 125 109 31
Space U 3 -3 125 94 2746 2621
U N -2 1 94 93 172 78
N I 2 -2 93 93 187 94
I V -2 4 93 93 203 110
V E 2 1 93 156 171 78
E R 0 -1 156 109 94 -62
R S -1 2 109 109 156 47
S I 1 -6 109 109 421 312
I T 0 3 109 94 187 78
T I 0 -3 94 94 78 -16
I E 0 5 94 78 234 140
E S -1 1 78 94 156 78
S Space -2 -2 94 125 2200 2106
Space I 3 -4 125 78 374 249
I N -2 2 78 109 141 63
N Space -1 2 109 62 31 -78
Space N 1 -2 62 78 140 78
N Space -1 2 78 94 0 -78
Space Back 4 -9 94 78 811 717
Back Back 0 0 78 93 141 63
Back T -1 8 93 109 733 640
T H -1 -1 109 78 94 -15
H E 1 3 78 78 234 156
E Space -3 -1 78 109 109 31
Space W 3 2 109 109 2917 2808
W O 0 -7 109 93 250 141
O R 0 5 93 93 187 94
R L -1 -5 93 78 187 94
L S 0 7 78 94 312 234
S Back 2 -11 94 94 780 686
Back D -2 10 94 94 109 15
D OemPeriod -1 -6 94 94 1638 1544
OemPeriod Space -1 5 94 109 234 140
Space I 3 -4 109 94 281 172
I Space -3 4 94 109 187 93
Space N 1 -2 109 109 1326 1217
N W 2 4 109 78 156 47
W V -2 -2 78 78 343 265
V Back 3 -9 78 63 1264 1186
Back Back 0 0 63 94 109 46
Back E -1 10 94 78 780 686
E V -2 -1 78 93 297 219
V E 2 1 93 124 125 32
E R 0 -1 124 109 78 -46
R T 0 -1 109 62 31 -78
T Back 1 -8 62 94 889 827
Back Space -4 9 94 110 374 280
Space G 2 -1 110 78 1919 1809
G R 1 1 78 110 187 109
R A -1 3 110 93 1077 967
A D 0 -2 93 94 608 515
D U 1 -4 94 109 141 47
U A -1 6 109 109 140 31
A T 1 -4 109 125 187 78
T E 0 2 125 171 94 -31
E D -1 0 171 93 156 -15
D Space -2 -1 93 94 3416 3323
Space F 2 0 94 156 328 234
F R 1 0 156 93 78 -78
R O 0 -5 93 94 265 172
O M -2 2 94 94 296 202
M Space -1 3 94 94 172 78
Space C 1 1 94 109 250 156
C O 2 -6 109 78 140 31
O L -1 0 78 78 172 94
L L 0 0 78 109 109 31
L E 1 6 109 94 93 -16
E G -1 -2 94 109 250 156
G E 1 2 109 109 78 -31
E OemPeriod -2 -6 109 109 2387 2278
OemPeriod Space -1 5 109 94 1279 1170
Space LShiftKey 1 4 94 796 764 670
LShiftKey T 2 -5 796 93 687 -109
T R 0 1 93 94 452 359
R U 0 -3 94 93 141 47
U T 0 2 93 93 343 250
T H -1 -1 93 78 109 16
H Space -2 2 78 94 1513 1435
Space B 1 -1 94 109 593 499
B E 2 2 109 125 109 0
E Space -3 -1 125 109 172 47
Space T 3 -1 109 78 125 16
T O 0 -4 78 78 312 234
O L -1 0 78 109 140 62
L D 0 6 109 94 140 31
D Space -2 -1 94 109 141 47
Space Back 4 -9 109 93 1404 1295
Back Oemcomma -3 5 93 109 452 359
Oemcomma Space -1 4 109 109 219 110
Space T 3 -1 109 109 1029 920
T H -1 -1 109 93 94 -15
H I 1 -2 93 63 171 78
I Space -3 4 63 109 172 109
Space Back 4 -9 109 109 390 281
Back S -2 11 109 93 125 16
S Space -2 -2 93 110 327 234
Space I 3 -4 110 94 203 93
I S -1 6 94 218 125 31
S Space -2 -2 218 109 109 -109
Space T 3 -1 109 78 109 0
T H -1 -1 78 125 47 -31
H E 1 3 125 62 172 47
E Space -3 -1 62 78 78 16
Space C 1 1 78 109 2106 2028
C L 1 -6 109 78 203 94
L O 1 0 78 94 140 62
O S -1 7 94 93 125 31
S E 1 -1 93 78 187 94
E S -1 1 78 109 156 78
S T 1 -3 109 93 172 63
T Space -3 1 93 109 140 47
Space LShiftKey 1 4 109 250 1903 1794
LShiftKey I 2 -8 250 93 141 -109
I Oem7 -1 -3 93 78 1076 983
Oem7 V -1 7 78 140 156 78
V E 2 1 140 93 94 -46
E Space -3 -1 93 93 156 63
Space Back 4 -9 93 93 733 640
Back Back 0 0 93 109 125 32
Back Back 0 0 109 94 140 31
Back Back 0 0 94 109 125 31
Back Back 0 0 109 78 140 31
Back Oem7 -2 2 78 94 1685 1607
Oem7 Back 2 -2 94 94 811 717
Back LShiftKey -3 13 94 951 718 624
LShiftKey Oem7 1 -11 951 78 561 -390
Oem7 Back 2 -2 78 110 624 546
Back LShiftKey -3 13 110 266 1638 1528
LShiftKey I 2 -8 266 125 78 -188
I Oem7 -1 -3 125 78 2325 2200
Oem7 Back 2 -2 78 110 561 483
Back LShiftKey -3 13 110 546 344 234
LShiftKey Oem7 1 -11 546 78 234 -312
Oem7 Back 2 -2 78 78 1076 998
Back V -3 9 78 156 2558 2480
V E 2 1 156 94 94 -62
E Space -3 -1 94 94 858 764
Space Back 4 -9 94 94 702 608
Back Back 0 0 94 94 140 46
Back Back 0 0 94 109 125 31
Back RShiftKey -3 2 109 1061 8705 8596
RShiftKey Oem7 1 0 1061 109 655 -406
Oem7 Back 2 -2 109 110 967 858
Back Oemplus 0 1 110 94 25272 25162
Oemplus Back 0 -1 94 109 952 858
Back LShiftKey -3 13 109 234 593 484
LShiftKey Oemplus 3 -12 234 78 125 -109
Oemplus Back 0 -1 78 94 530 452
Back Oemplus 0 1 94 78 6427 6333
Oemplus V -3 8 78 156 63 -15
V E 2 1 156 109 62 -94
E Space -3 -1 109 78 499 390
Space E 3 1 78 109 2184 2106
E V -2 -1 109 78 250 141
V B 0 -1 78 47 15 -63
B E 2 2 47 94 47 0
E Back 1 -10 94 109 780 686
Back Back 0 0 109 109 125 16
Back E -1 10 109 140 671 562
E R 0 -1 140 109 78 -62
R Space -3 0 109 93 156 47
Space G 2 -1 93 125 3354 3261
G O 1 -4 125 93 156 31
O T 0 4 93 63 171 78
T T 0 0 63 93 110 47
T E 0 2 93 93 187 94
E N -2 -3 93 78 1232 1139
N Space -1 2 78 109 141 63
Space T 3 -1 109 93 156 47
T O 0 -4 93 78 109 16
O Space -3 5 78 94 171 93
Space Space 0 0 94 78 203 109
Space Back 4 -9 78 124 375 297
Back A -2 12 124 94 140 16
A Space -2 -3 94 125 234 140
Space C 1 1 125 109 515 390
C O 2 -6 109 78 156 47
O L -1 0 78 63 171 93
L L 0 0 63 109 94 31
L E 1 6 109 94 31 -78
E G -1 -2 94 125 203 109
G E 1 2 125 110 62 -63
E Space -3 -1 110 94 1888 1778
Space G 2 -1 94 94 390 296
G R 1 1 94 109 172 78
R D -1 1 109 109 296 187
D U 1 -4 109 78 203 94
U A -1 6 78 109 109 31
A T 1 -4 109 94 156 47
T I 0 -3 94 78 296 202
I O 0 -1 78 78 156 78
O P 0 -1 78 63 0 -78
P M -2 3 63 78 250 187
M Back 3 -6 78 94 374 296
Back Back 0 0 94 109 141 47
Back Back 0 0 109 94 140 31
Back Back 0 0 94 109 125 31
Back Back 0 0 109 78 140 31
Back T -1 8 78 93 781 703
T I 0 -3 93 78 171 78
I O 0 -1 78 93 141 63
O N -2 3 93 62 296 203
N Back 3 -7 62 702 1622 1560
Back Back 0 0 702 94 780 78
Back Back 0 0 94 94 125 31
Back R -1 9 94 124 921 827
R A -1 3 124 109 93 -31
A D 0 -2 109 110 187 78
D U 1 -4 110 93 188 78
U A -1 6 93 78 156 63
A T 1 -4 78 78 234 156
T I 0 -3 78 78 171 93
I O 0 -1 78 78 125 47
O N -2 3 78 78 281 203
N Space -1 2 78 78 234 156
Space Back 4 -9 78 93 1950 1872
Back OemPeriod -3 4 93 94 327 234
OemPeriod Space -1 5 94 109 219 125
Space T 3 -1 109 109 749 640
T O 0 -4 109 94 93 -16
O D -1 6 94 156 297 203
D A 0 2 156 93 109 -47
A U 1 -6 93 62 109 16
U Back 1 -6 62 93 359 297
Back Y -1 7 93 78 515 422
Y Space -3 2 78 109 187 109
Space I 3 -4 109 78 2059 1950
I Space -3 4 78 125 187 109
Space W 3 2 125 125 125 0
W A -1 1 125 140 94 -31
A N -1 -5 140 78 280 140
N T 2 1 78 78 156 78
T Space -3 1 78 109 110 32
Space T 3 -1 109 94 1778 1669
T O 0 -4 94 78 140 46
O Space -3 5 78 78 203 125
Space T 3 -1 78 125 156 78
T E 0 2 125 109 63 -62
E L -1 -6 109 63 171 62
L L 0 0 63 94 125 62
L Space -2 5 94 125 983 889
Space Y 3 -2 125 110 405 280
Y O 0 -3 110 172 94 -16
O U 0 2 172 109 94 -78
U Space -3 3 109 109 249 140
Space T 3 -1 109 109 2434 2325
T H -1 -1 109 110 93 -16
H R 1 2 110 93 141 31
R E 0 1 93 78 171 78
E E 0 0 78 94 125 47
E Space -3 -1 94 109 172 78
Space S 2 2 109 109 203 94
S T 1 -3 109 94 249 140
T O 0 -4 94 94 312 218
O R 0 5 94 94 156 62
R I 0 -4 94 93 172 78
I E 0 5 93 93 125 32
E S -1 1 93 93 187 94
S Space -2 -2 93 94 140 47
Space F 2 0 94 140 141 47
F R 1 0 140 109 78 -62
R O 0 -5 109 109 187 78
O M -2 2 109 125 171 62
M Space -1 3 125 109 718 593
Space M 1 -3 109 94 1154 1045
M Y 2 1 94 94 328 234
Y Space -3 2 94 93 203 109
Space L 2 -5 93 94 265 172
L I 1 1 94 94 140 46
I F -1 4 94 141 234 140
F E 1 1 141 94 468 327
E OemPeriod -2 -6 94 109 1358 1264
OemPeriod Space -1 5 109 94 280 171
Space T 3 -1 94 109 344 250
T H -1 -1 109 94 124 15
H A 0 5 94 109 110 16
A T 1 -4 109 109 702 593
T S -1 3 109 78 218 109
S Space -2 -2 78 78 140 62
Space I 3 -4 78 94 1014 936
I T 0 3 94 78 156 62
T OemPeriod -2 -4 78 93 1670 1592
OemPeriod Space -1 5 93 109 234 141
Space N 1 -2 109 109 764 655
N O 2 -3 109 94 218 109
O Space -3 5 94 124 1046 952
Space B 1 -1 124 110 1138 1014
B I 2 -3 110 94 94 -16
I G -1 3 94 78 359 265
G Space -2 1 78 94 140 62
Space D 2 1 94 171 375 281
D E 1 0 171 187 62 -109
E L -1 -6 187 93 484 297
L OemPeriod -1 0 93 78 1856 1763
OemPeriod Space -1 5 78 125 203 125
Space J 2 -3 125 94 249 124
J U 1 0 94 93 141 47
U S -1 5 93 94 140 47
S T 1 -3 94 93 141 47
T Space -3 1 93 94 124 31
Space T 3 -1 94 94 250 156
T H -1 -1 94 109 234 140
H R 1 2 109 94 140 31
R E 0 1 94 62 172 78
E E 0 0 62 94 109 47
E Space -3 -1 94 125 156 62
Space S 2 2 125 94 905 780
S T 1 -3 94 110 374 280
T O 0 -4 110 93 188 78
O R 0 5 93 78 249 156
R I 0 -4 78 94 156 78
I E 0 5 94 78 109 15
E S -1 1 78 78 156 78
S OemPeriod -1 -7 78 109 1295 1217
OemPeriod Return 1 -3 109 109 5866 5757
Return T 1 7 109 109 2184 2075
T H -1 -1 109 93 78 -31
H E 1 3 93 93 156 63
E Space -3 -1 93 109 140 47
Space F 2 0 109 109 1716 1607
F I 1 -4 109 94 187 78
I R 0 4 94 78 125 31
R S -1 2 78 93 172 94
S T 1 -3 93 78 156 63
T Space -3 1 78 109 140 62
Space S 2 2 109 110 187 78
S T 1 -3 110 109 266 156
T O 0 -4 109 93 187 78
O R 0 5 93 93 546 453
R Y 0 -2 93 78 125 32
Y Space -3 2 78 78 171 93
Space I 3 -4 78 93 1467 1389
I S -1 6 93 78 93 0
S Space -2 -2 78 110 109 31
Space A 2 3 110 109 125 15
A B -1 -4 109 94 624 515
B O 2 -4 94 78 141 47
O U 0 2 78 78 265 187
U T 0 2 78 94 140 62
T Space -3 1 94 78 125 31
Space C 1 1 78 93 1997 1919
C O 2 -6 93 93 125 32
O N -2 3 93 63 280 187
N N 0 0 63 94 78 15
N E 2 3 94 93 141 47
E C -2 0 93 125 187 94
C T 2 -2 125 93 874 749
T I 0 -3 93 78 124 31
I N -2 2 78 78 484 406
N G 1 1 78 94 468 390
G Space -2 1 94 125 1217 1123
Space T 3 -1 125 109 312 187
T H -1 -1 109 94 109 0
H E 1 3 94 93 172 78
E Space -3 -1 93 110 124 31
Space D 2 1 110 93 188 78
D O 1 -6 93 78 405 312
O T 0 4 78 110 109 31
T S -1 3 110 78 125 15
S OemPeriod -1 -7 78 93 2122 2044
OemPeriod Return 1 -3 93 94 421 328
Return I 1 4 94 94 1513 1419
I Space -3 4 94 109 203 109
Space D 2 1 109 94 140 31
D R 1 -1 94 78 172 78
R O 0 -5 78 78 265 187
O P 0 -1 78 47 187 109
P P 0 0 47 109 94 47
P E 0 7 109 140 94 -15
E D -1 0 140 109 78 -62
D Space -2 -1 109 110 124 15
Space O 3 -5 110 94 1342 1232
O U 0 2 94 78 187 93
U T 0 2 78 78 172 94
T Space -3 1 78 93 78 0
Space O 3 -5 93 93 203 110
O F -1 5 93 109 93 0
F Space -2 0 109 110 109 0
Space R 3 0 110 78 141 31
R Back 1 -9 78 109 811 733
Back LShiftKey -3 13 109 358 172 63
LShiftKey R 2 -4 358 93 265 -93
R E 0 1 93 94 218 125
E E 0 0 94 140 125 31
E D -1 0 140 125 78 -62
D Space -2 -1 125 94 1544 1419
Space LShiftKey 1 4 94 234 203 109
LShiftKey C 0 -3 234 109 125 -109
C O 2 -6 109 78 343 234
O L -1 0 78 63 187 109
L L 0 0 63 94 94 31
L E 1 6 94 94 78 -16
E F -1 -1 94 63 109 15
F Back 2 -9 63 109 390 327
Back G -2 8 109 141 78 -31
G E 1 2 141 109 63 -78
E Space -3 -1 109 94 1263 1154
Space A 2 3 94 125 546 452
A F 0 -3 125 93 219 94
F T 1 -1 93 78 171 78
T E 0 2 78 141 109 31
E R 0 -1 141 78 78 -63
R Space -3 0 78 125 125 47
Space D6 4 -2 125 78 1763 1638
D6 Space -4 2 78 94 187 109
Space M 1 -3 94 110 187 93
M O 2 -2 110 78 219 109
O P 0 -1 78 47 15 -63
P N -2 4 47 78 203 156
N Back 3 -7 78 78 515 437
Back Back 0 0 78 93 125 47
Back Back 0 0 93 63 140 47
Back O -1 4 63 78 1061 998
O N -2 3 78 94 234 156
N T 2 1 94 109 343 249
T H -1 -1 109 78 94 -15
H S 0 4 78 94 93 15
S Oemcomma -1 -6 94 94 2200 2106
Oemcomma Space -1 4 94 125 187 93
Space B 1 -1 125 125 780 655
B U 2 -2 125 78 109 -16
U T 0 2 78 94 125 47
T Space -3 1 94 94 109 15
Space T 3 -1 94 94 78 -16
T H -1 -1 94 78 94 0
H E 1 3 78 78 109 31
E N -2 -3 78 140 141 63
N Space -1 2 140 93 109 -31
Space D 2 1 93 78 265 172
D Back 2 -10 78 109 406 328
Back S -2 11 109 109 171 62
S T 1 -3 109 124 219 110
T A -1 4 124 140 140 16
A Y 1 -5 140 78 437 297
Y E 0 3 78 156 109 31
E D -1 0 156 93 94 -62
D Space -2 -1 93 109 140 47
Space A 2 3 109 124 1966 1857
A R 1 -3 124 78 156 32
R O 0 -5 78 94 296 218
O U 0 2 94 63 187 93
U I 0 -1 63 47 0 -63
I Back 1 -5 47 47 796 749
Back Back 0 0 47 62 125 78
Back U -1 6 62 78 733 671
U N -2 1 78 78 218 140
N D 1 3 78 93 718 640
D Space -2 -1 93 78 125 32
Space A 2 3 78 218 1513 1435
A Space -2 -3 218 109 265 47
Space Back 4 -9 109 109 718 609
Back S -2 11 109 109 171 62
S Space -2 -2 109 125 125 16
Space A 2 3 125 124 94 -31
A Space -2 -3 124 94 93 -31
Space D 2 1 94 109 1763 1669
D R 1 -1 109 93 172 63
R O 0 -5 93 94 202 109
O P 0 -1 94 62 172 78
P Oemplus 1 -2 62 62 546 484
Oemplus I -1 4 62 78 312 250
I Back 1 -5 78 109 2059 1981
Back Back 0 0 109 93 250 141
Back OemOpenBrackets -1 2 93 94 1185 1092
OemOpenBrackets Back 1 -2 94 94 546 452
Back Back 0 0 94 110 390 296
Back Oemplus 0 1 110 93 2840 2730
Oemplus Back 0 -1 93 93 1014 921
Back I -1 5 93 93 3011 2918
I N -2 2 93 62 296 203
N Space -1 2 62 109 1669 1607
Space F 2 0 109 141 421 312
F R 1 0 141 62 110 -31
R Back 1 -9 62 94 452 390
Back O -1 4 94 78 718 624
O R 0 5 78 109 93 15
R Space -3 0 109 94 125 16
Space A 2 3 94 109 109 15
A N -1 -5 109 93 94 -15
N O 2 -3 93 93 156 63
O T 0 4 93 94 218 125
T H -1 -1 94 94 125 31
H E 1 3 94 141 109 15
E R 0 -1 141 125 47 -94
R Space -3 0 125 110 140 15
Space D1 4 3 110 109 3651 3541
D1 D8 0 -7 109 78 125 16
D8 Space -4 4 78 93 577 499
Space M 1 -3 93 94 218 125
M O 2 -2 94 78 141 47
O N -2 3 78 109 156 78
N T 2 1 109 93 421 312
T H -1 -1 93 78 109 16
H S 0 4 78 93 125 47
S Space -2 -2 93 110 2199 2106
Space O 3 -5 110 93 266 156
O R 0 5 93 94 124 31
R Space -3 0 94 124 110 16
Space S 2 2 124 93 265 141
S O 1 -7 93 78 109 16
O Space -3 5 78 109 172 94
Space B 1 -1 109 94 951 842
B E 2 2 94 78 250 156
E F -1 -1 78 78 327 249
F O 1 -5 78 78 188 110
O R 0 5 78 125 62 -16
R E 0 1 125 94 78 -47
E Space -3 -1 94 109 156 62
Space I 3 -4 109 94 1778 1669
I Space -3 4 94 109 188 94
Space R 3 0 109 140 140 31
R E 0 1 140 125 62 -78
E A -1 2 125 140 172 47
A L 0 -8 140 78 499 359
L L 0 0 78 78 109 31
L Y 1 3 78 109 219 141
Y Space -3 2 109 109 187 78
Space Q 3 3 109 62 515 406
Q U 0 -6 62 78 171 109
U I 0 -1 78 78 141 63
I T 0 3 78 109 109 31
T OemPeriod -2 -4 109 94 1154 1045
OemPeriod Space -1 5 94 125 219 125
Space S 2 2 125 125 483 358
S O 1 -7 125 94 94 -31
O Space -3 5 94 94 218 124
Space W 3 2 94 94 156 62
W H -1 -4 94 93 188 94
H Y 1 0 93 78 156 63
Y Space -3 2 78 140 1388 1310
Space D 2 1 140 94 842 702
D I 1 -5 94 94 94 0
I D -1 5 94 94 78 -16
D Space -2 -1 94 110 140 46
Space I 3 -4 110 94 328 218
I Space -3 4 94 93 203 109
Space D 2 1 93 110 1107 1014
D R 1 -1 110 78 188 78
R O 0 -5 78 62 296 218
O P 0 -1 62 62 156 94
P Space -3 6 62 94 296 234
Space O 3 -5 94 94 234 140
O U 0 2 94 78 172 78
U T 0 2 78 93 94 16
T RShiftKey -2 -6 93 203 1840 1747
RShiftKey OemMinus 3 0 203 109 63 -140
OemMinus Back 0 -2 109 125 889 780
Back RShiftKey -3 2 125 453 2683 2558
RShiftKey Oem7 1 0 453 125 156 -297
Oem7 Back 2 -2 125 124 609 484
Back Back 0 0 124 63 280 156
Back T -1 8 63 109 968 905
T OemMinus 1 -6 109 109 624 515
OemMinus Back 0 -2 109 109 811 702
Back OemOpenBrackets -1 2 109 109 2309 2200
OemOpenBrackets Back 1 -2 109 110 826 717
Back OemPeriod -3 4 110 94 484 374
OemPeriod Back 3 -4 94 78 1404 1310
Back RShiftKey -3 2 78 749 4415 4337
RShiftKey Oemtilde 3 11 749 140 1357 608
Oemtilde Back 0 -13 140 94 2184 2044
Back OemQuestion -3 3 94 110 764 670
OemQuestion Back 3 -3 110 78 2668 2558
Back RShiftKey -3 2 78 1560 2980 2902
RShiftKey OemPeriod 0 2 1560 110 1060 -500
OemPeriod Back 3 -4 110 109 812 702
Back RShiftKey -3 2 109 858 3541 3432
RShiftKey Oemcomma 0 3 858 78 452 -406
Oemcomma Back 3 -5 78 93 1420 1342
Back Back 0 0 93 94 1622 1529
Back OemPeriod -3 4 94 62 359 265
OemPeriod Return 1 -3 62 78 811 749
Return I 1 4 78 94 2075 1997
I T 0 3 94 109 109 15
T Space -3 1 109 93 141 32
Space A 2 3 93 63 202 109
A S 0 -1 63 47 16 -47
S Back 2 -11 47 93 874 827
Back Back 0 0 93 78 140 47
Back S -2 11 78 109 125 47
S T 1 -3 109 110 171 62
T A -1 4 110 125 203 93
A R 1 -3 125 125 156 31
R T 0 -1 125 109 250 125
T E 0 2 109 203 109 0
E D -1 0 203 109 125 -78
D Space -2 -1 109 125 171 62
Space B 1 -1 125 78 1514 1389
B E 2 2 78 109 234 156
E F -1 -1 109 93 156 47
F O 1 -5 93 78 187 94
O R 0 5 78 171 78 0
R E 0 1 171 110 93 -78
E Space -3 -1 110 93 141 31
Space I 3 -4 93 94 1669 1576
I Space -3 4 94 124 172 78
Space W 3 2 124 109 109 -15
W A -1 1 109 125 156 47
A S 0 -1 125 109 31 -94
S Space -2 -2 109 93 125 16
Space B 1 -1 93 109 546 453
B O 2 -4 109 93 156 47
O R 0 5 93 94 187 94
R N -2 -2 94 78 203 109
N OemPeriod 0 -3 78 94 2012 1934
OemPeriod Space -1 5 94 109 172 78
Space M 1 -3 109 93 234 125
M Y 2 1 93 93 281 188
Y Space -3 2 93 93 187 94
Space B 1 -1 93 109 3026 2933
B I 2 -3 109 93 141 32
I O 0 -1 93 62 156 63
O L -1 0 62 78 140 78
L O 1 0 78 94 140 62
O G -1 4 94 94 437 343
G I 1 -3 94 78 109 15
I C -2 5 78 172 359 281
C A 1 2 172 125 109 -63
A Oemtilde 2 1 125 62 141 16
Oemtilde Back 0 -13 62 93 468 406
Back L -2 4 93 93 624 531
L Space -2 5 93 125 187 94
Space M 1 -3 125 109 1716 1591
M O 2 -2 109 109 187 78
O T 0 4 109 109 281 172
T H -1 -1 109 110 140 31
H E 1 3 110 156 94 -16
E R 0 -1 156 125 78 -78
R Space -3 0 125 94 109 -16
Space W 3 2 94 93 1030 936
W A -1 1 93 125 171 78
A S 0 -1 125 109 32 -93
S Space -2 -2 109 125 499 390
Space O 3 -5 125 94 296 171
O Back 1 -4 94 94 780 686
Back Y -1 7 94 78 671 577
Y O 0 -3 78 94 218 140
O U 0 2 94 78 188 94
U N -2 1 78 125 1232 1154
N G 1 1 125 110 140 15
G Space -2 1 110 109 125 15
Space Back 4 -9 109 109 2091 1982
Back Oemcomma -3 5 109 78 405 296
Oemcomma Space -1 4 78 94 593 515
Space U 3 -3 94 110 1778 1684
U N -2 1 110 109 219 109
N W 2 4 109 109 499 390
W E 0 -1 109 78 265 156
E D -1 0 78 93 687 609
D Space -2 -1 93 109 1201 1108
Space C 1 1 109 109 312 203
C O 2 -6 109 78 156 47
O L -1 0 78 63 171 93
L L 0 0 63 109 94 31
L E 1 6 109 78 109 0
E G -1 -2 78 93 172 94
G E 1 2 93 78 218 125
E Space -3 -1 78 110 1201 1123
Space G 2 -1 110 109 562 452
G R 1 1 109 93 203 94
R A -1 3 93 109 140 47
A D 0 -2 109 94 187 78
D U 1 -4 94 109 125 31
U A -1 6 109 94 125 16
A T 1 -4 94 141 109 15
T E 0 2 141 125 94 -47
E Space -3 -1 125 94 187 62
Space S 2 2 94 94 218 124
S T 1 -3 94 110 234 140
T U 0 -2 110 93 344 234
U D -1 4 93 156 156 63
D E 1 0 156 124 78 -78
E N -2 -3 124 94 249 125
N T 2 1 94 93 172 78
T Oemcomma -2 -3 93 94 2121 2028
Oemcomma Space -1 4 94 110 203 109
Space A 2 3 110 124 110 0
A N -1 -5 124 93 78 -46
N D 1 3 93 93 109 16
D Space -2 -1 93 93 78 -15
Space S 2 2 93 109 2215 2122
S H 0 -4 109 94 187 78
H E 1 3 94 109 94 0
E Space -3 -1 109 109 140 31
Space D 2 1 109 125 343 234
D E 1 0 125 109 63 -62
E C -2 0 109 109 203 94
C I 2 -5 109 78 124 15
I D -1 5 78 125 172 94
D E 1 0 125 172 78 -47
E D -1 0 172 124 94 -78
D Space -2 -1 124 94 202 78
Space T 3 -1 94 110 1482 1388
T O 0 -4 110 94 156 46
O Space -3 5 94 109 219 125
Space P 3 -6 109 94 405 296
P U 0 3 94 94 203 109
U T 0 2 94 109 156 62
T Space -3 1 109 94 125 16
Space M 1 -3 94 94 686 592
M E 2 4 94 93 141 47
E Space -3 -1 93 125 1872 1779
Space U 3 -3 125 78 452 327
U P 0 -3 78 94 343 265
P Space -3 6 94 125 234 140
Space F 2 0 125 140 172 47
F R 1 0 140 109 78 -62
R O 0 -5 109 109 281 172
O Back 1 -4 109 203 327 218
Back Back 0 0 203 93 765 562
Back P -1 3 93 62 265 172
P Back 1 -3 62 94 343 281
Back O -1 4 94 94 624 530
O R 0 5 94 94 156 62
R Space -3 0 94 78 203 109
Space A 2 3 78 94 577 499
A D 0 -2 94 109 141 47
D O 1 -6 109 94 140 31
O P 0 -1 94 94 218 124
P T 0 5 94 94 390 296
T I 0 -3 94 78 110 16
I O 0 -1 78 78 171 93
O N -2 3 78 78 219 141
N Oemcomma 0 -2 78 109 2184 2106
Oemcomma Space -1 4 109 125 171 62
Space Back 4 -9 125 93 453 328
Back Back 0 0 93 93 109 16
Back OemPeriod -3 4 93 94 561 468
OemPeriod Space -1 5 94 124 188 94
Space S 2 2 124 109 171 47
S H 0 -4 109 93 141 32
H E 1 3 93 110 124 31
E Space -3 -1 110 125 406 296
Space F 2 0 125 94 140 15
F E 1 1 94 109 110 16
E L -1 -6 109 94 140 31
L T 1 4 94 93 281 187
T Space -3 1 93 141 93 0
Space V 1 0 141 93 1826 1685
V E 2 1 93 156 171 78
E R 0 -1 156 109 78 -78
R Y 0 -2 109 109 125 16
Y Space -3 2 109 124 172 63
Space S 2 2 124 109 171 47
S T 1 -3 109 62 203 94
T R 0 1 62 78 140 78
R O 0 -5 78 78 156 78
O N -2 3 78 78 203 125
N Space -1 2 78 62 16 -62
Space Back 4 -9 62 94 842 780
Back G -2 8 94 94 1482 1388
G L 0 -4 94 78 125 31
L U 1 2 78 62 172 94
U Back 1 -6 62 125 436 374
Back Y -1 7 125 94 203 78
Y Space -3 2 94 93 250 156
Space T 3 -1 93 93 2465 2372
T H -1 -1 93 109 187 94
H A 0 5 109 109 125 16
A T 1 -4 109 109 62 -47
T Space -3 1 109 140 156 47
Space I 3 -4 140 93 359 219
I Space -3 4 93 124 203 110
Space S 2 2 124 93 3120 2996
S H 0 -4 93 109 78 -15
H O 1 -3 109 110 280 171
O U 0 2 110 78 172 62
U L -1 -2 78 78 218 140
L D 0 6 78 94 125 47
D Space -2 -1 94 93 172 78
Space B 1 -1 93 156 686 593
B E 2 2 156 94 125 -31
E Space -3 -1 94 94 140 46
Space A 2 3 94 109 812 718
A D 0 -2 109 94 514 405
D O 1 -6 94 78 141 47
O P 0 -1 78 62 156 78
P T 0 5 62 93 281 219
T E 0 2 93 171 78 -15
E D -1 0 171 109 156 -15
D Space -2 -1 109 93 1981 1872
Space B 1 -1 93 78 374 281
B Y 2 -1 78 109 546 468
Y Space -3 2 109 140 203 94
Space A 2 3 140 109 156 16
A Space -2 -3 109 124 94 -15
Space Back 4 -9 124 93 2028 1904
Back Back 0 0 93 94 249 156
Back C -3 10 94 93 375 281
C O 2 -6 93 78 187 94
O L -1 0 78 62 187 109
L L 0 0 62 94 109 47
L E 1 6 94 93 94 0
E G -1 -2 93 125 109 16
G E 1 2 125 110 62 -63
E Space -3 -1 110 109 172 62
Space G 2 -1 109 94 655 546
G R 1 1 94 125 203 109
R A -1 3 125 109 94 -31
A D 0 -2 109 93 187 78
D U 1 -4 93 93 156 63
U A -1 6 93 109 125 32
A T 1 -4 109 125 124 15
T E 0 2 125 109 63 -62
E S -1 1 109 94 187 78
S Oemcomma -1 -6 94 94 1981 1887
Oemcomma Space -1 4 94 125 187 93
Space S 2 2 125 78 141 16
S O 1 -7 78 93 125 47
O Space -3 5 93 94 249 156
Space E 3 1 94 94 1560 1466
E V -2 -1 94 110 265 171
V E 2 1 110 171 110 0
E R 0 -1 171 110 124 -47
R Y 0 -2 110 78 406 296
Y T 0 1 78 78 265 187
T H -1 -1 78 78 125 47
H I 1 -2 78 94 187 109
I N -2 2 94 109 203 109
N Space -1 2 109 63 31 -78
Space Back 4 -9 63 109 640 577
Back G -2 8 109 109 140 31
G Space -2 1 109 109 156 47
Space W 3 2 109 109 437 328
W A -1 1 109 171 125 16
A S 0 -1 171 109 78 -93
S Space -2 -2 109 109 109 0
Space A 2 3 109 109 1061 952
A L 0 -8 109 47 171 62
L L 0 0 47 94 94 47
L Space -2 5 94 109 203 109
Space S 2 2 109 78 125 16
S E 1 -1 78 94 171 93
E Back 1 -10 94 78 453 359
Back E -1 10 78 78 561 483
E T 0 -2 78 109 1014 936
T Space -3 1 109 94 156 47
Space F 2 0 94 109 1498 1404
F O 1 -5 109 78 156 47
O R 0 5 78 125 62 -16
R Space -3 0 125 94 156 31
Space M 1 -3 94 93 141 47
M E 2 4 93 94 124 31
E Space -3 -1 94 110 156 62
Space T 3 -1 110 78 1763 1653
T O 0 -4 78 78 94 16
O Space -3 5 78 141 218 140
Space B 1 -1 141 125 484 343
B E 2 2 125 109 125 0
E R 0 -1 109 78 15 -94
R Back 1 -9 78 109 796 718
Back Space -4 9 109 125 483 374
Space A 2 3 125 125 172 47
A D 0 -2 125 109 172 47
D O 1 -6 109 78 374 265
O P 0 -1 78 94 156 78
P T 0 5 94 124 172 78
T E 0 2 124 203 109 -15
E D -1 0 203 109 125 -78
D Space -2 -1 109 109 1825 1716
Space A 2 3 109 109 218 109
A T 1 -4 109 93 172 63
T Space -3 1 93 125 140 47
Space B 1 -1 125 109 671 546
B I 2 -3 109 94 140 31
I R 0 4 94 109 422 328
R T 0 -1 109 78 202 93
T H -1 -1 78 93 110 32
H Space -2 2 93 78 2028 1935
Space B 1 -1 78 93 343 265
B Y 2 -1 93 109 140 47
Y Space -3 2 109 109 203 94
Space A 2 3 109 110 140 31
A Space -2 -3 110 125 125 15
Space L 2 -5 125 93 874 749
L A 0 8 93 141 218 125
A W 1 -1 141 94 203 62
W Y 0 -4 94 109 562 468
Y E 0 3 109 109 156 47
E R 0 -1 109 140 31 -78
R Space -3 0 140 124 2153 2013
Space A 2 3 124 93 156 32
A N -1 -5 93 125 296 203
N D 1 3 125 109 172 47
D Space -2 -1 109 94 124 15
Space H 2 -2 94 109 172 78
H I 1 -2 109 109 172 63
I S -1 6 109 110 124 15
S Space -2 -2 110 94 125 15
Space W 3 2 94 94 359 265
W I 0 -6 94 93 172 78
I F -1 4 93 125 343 250
F E 1 1 125 78 156 31
E OemPeriod -2 -6 78 94 1154 1076
OemPeriod Space -1 5 94 125 203 109
Space E 3 1 125 78 234 109
E X -2 1 78 63 343 265
X C 0 -1 63 141 936 873
C E 2 0 141 94 125 -16
E P 0 -7 94 93 827 733
P T 0 5 93 93 156 63
T Space -3 1 93 94 171 78
Space T 3 -1 94 109 2153 2059
T H -1 -1 109 94 125 16
H A 0 5 94 109 125 31
A T 1 -4 109 109 47 -62
T Space -3 1 109 110 202 93
Space W 3 2 110 109 1030 920
W H -1 -4 109 93 406 297
H E 1 3 93 94 140 47
E N -2 -3 94 140 125 31
N Space -1 2 140 125 1014 874
Space I 3 -4 125 109 234 109
I Space -3 4 109 94 265 156
Space P 3 -6 94 94 624 530
P O 0 1 94 78 156 62
O P 0 -1 78 62 172 94
P P 0 0 62 93 109 47
P E 0 7 93 156 78 -15
E D -1 0 156 109 78 -78
D Space -2 -1 109 93 203 94
Space O 3 -5 93 94 1341 1248
O U 0 2 94 93 219 125
U T 0 2 93 94 140 47
T Space -3 1 94 125 109 15
Space T 3 -1 125 110 109 -16
T H -1 -1 110 94 94 -16
H E 1 3 94 125 156 62
E Y 0 -3 125 78 156 31
Y Space -3 2 78 109 172 94
Space D 2 1 109 140 296 187
D E 1 0 140 109 78 -62
E C -2 0 109 93 437 328
C I 2 -5 93 94 140 47
I D -1 5 94 141 187 93
D E 1 0 141 172 94 -47
E D -1 0 172 140 78 -94
D Space -2 -1 140 125 187 47
Space A 2 3 125 125 1342 1217
A T 1 -4 125 109 827 702
T Space -3 1 109 109 156 47
Space T 3 -1 109 109 78 -31
T H -1 -1 109 93 109 0
H E 1 3 93 94 62 -31
E Space -3 -1 94 109 125 31
Space L 2 -5 109 109 1279 1170
L I 1 1 109 47 203 94
I Back 1 -5 47 109 359 312
Back A -2 12 109 187 125 16
A S 0 -1 187 125 109 -78
S T 1 -3 125 78 577 452
T Space -3 1 78 109 94 16
Space M 1 -3 109 109 234 125
M N 0 1 109 78 327 218
N Back 3 -7 78 93 640 562
Back I -1 5 93 109 499 406
I N -2 2 109 124 172 63
N U 2 -1 124 94 140 16
U T 0 2 94 110 140 46
T E 0 2 110 140 63 -47
E Space -3 -1 140 124 359 219
Space T 3 -1 124 110 1684 1560
T H -1 -1 110 94 125 15
H A 0 5 94 156 125 31
A T 1 -4 156 78 140 -16
T Space -3 1 78 124 110 32
Space T 3 -1 124 94 171 47
T H -1 -1 94 78 125 31
H E 1 3 78 94 140 62
E Y 0 -3 94 109 203 109
Y Space -3 2 109 109 219 110
Space R 3 0 109 125 171 62
R E 0 1 125 93 63 -62
E D -1 0 93 78 187 94
D Back 2 -10 78 125 312 234
Back A -2 12 125 125 140 15
A L 0 -8 125 63 577 452
L L 0 0 63 78 110 47
L Y 1 3 78 109 234 156
Y Space -3 2 109 109 1700 1591
Space W 3 2 109 125 577 468
W A -1 1 125 125 172 47
A N -1 -5 125 109 156 31
N T 2 1 109 109 156 47
T E 0 2 109 171 78 -31
E D -1 0 171 124 125 -46
D Space -2 -1 124 94 171 47
Space A 2 3 94 94 109 15
A Space -2 -3 94 109 94 0
Space G 2 -1 109 109 1560 1451
G I 1 -3 109 78 453 344
I R 0 4 78 94 171 93
R L -1 -5 94 78 343 249
L OemPeriod -1 0 78 93 1935 1857
OemPeriod Space -1 5 93 109 187 94
Space LShiftKey 1 4 109 281 624 515
LShiftKey S 1 -2 281 125 187 -94
S O 1 -7 125 94 125 0
O Space -3 5 94 110 218 124
Space M 1 -3 110 109 1857 1747
M Y 2 1 109 93 234 125
Y Space -3 2 93 125 171 78
Space P 3 -6 125 78 422 297
P A -1 9 78 125 109 31
A R 1 -3 125 171 125 0
R E 0 1 171 141 124 -47
E N -2 -3 141 109 344 203
N T 2 1 109 110 124 15
T S -1 3 110 109 110 0
S Space -2 -2 109 78 140 31
Space Back 4 -9 78 110 1622 1544
Back Oemcomma -3 5 110 93 375 265
Oemcomma Space -1 4 93 109 312 219
Space W 3 2 109 93 312 203
W H -1 -4 93 94 109 16
H O 1 -3 94 93 562 468
O Space -3 5 93 94 280 187
Space W 3 2 94 94 2699 2605
W E 0 -1 94 109 203 109
E R 0 -1 109 141 140 31
R E 0 1 141 125 78 -63
E Space -3 -1 125 78 203 78
Space O 3 -5 78 94 546 468
O N -2 3 94 78 203 109
N Space -1 2 78 109 156 78
Space T 3 -1 109 93 125 16
T H -1 -1 93 94 62 -31
H E 1 3 94 94 109 15
E Space -3 -1 94 109 94 0
Space W 3 2 109 109 2309 2200
W A -1 1 109 125 156 47
A I 1 -7 125 93 156 31
I T 0 3 93 110 171 78
T I 0 -3 110 125 94 -16
I N -2 2 125 78 234 109
N G 1 1 78 93 484 406
G Space -2 1 93 125 187 94
Space L 2 -5 125 78 452 327
L I 1 1 78 109 156 78
I S -1 6 109 93 94 -15
S T 1 -3 93 93 156 63
T Space -3 1 93 94 93 0
Space G 2 -1 94 94 468 374
G O 1 -4 94 93 141 47
O T 0 4 93 94 93 0
T Space -3 1 94 78 156 62
Space A 2 3 78 125 94 16
A Space -2 -3 125 109 109 -16
Space C 1 1 109 141 187 78
C A 1 2 141 140 110 -31
A L 0 -8 140 94 140 0
L L 0 0 94 78 125 31
L Space -2 5 78 94 2293 2215
Space I 3 -4 94 171 328 234
I N -2 2 171 94 124 -47
N Space -1 2 94 141 156 62
Space T 3 -1 141 125 94 -47
T H -1 -1 125 140 94 -31
H E 1 3 140 109 93 -47
E Space -3 -1 109 109 78 -31
Space M 1 -3 109 109 468 359
M I 2 -1 109 94 156 47
I D -1 5 94 78 187 93
D D 0 0 78 109 125 47
D L 0 -6 109 94 125 16
L E 1 6 94 93 94 0
E Space -3 -1 93 125 109 16
Space O 3 -5 125 94 218 93
O F -1 5 94 125 94 0
F Space -2 0 125 94 140 15
Space T 3 -1 94 78 109 15
T H -1 -1 78 93 63 -15
H E 1 3 93 109 78 -15
E Space -3 -1 109 94 109 0
Space N 1 -2 94 109 655 561
N I 2 -2 109 109 156 47
I G -1 3 109 109 141 32
G H 0 -1 109 93 109 0
H T 1 1 93 93 78 -15
T Space -3 1 93 93 125 32
Space A 2 3 93 188 2074 1981
A S 0 -1 188 94 125 -63
S K 0 -6 94 78 219 125
K I 1 0 78 109 140 62
I N -2 2 109 140 94 -15
N G 1 1 140 78 171 31
G Oemtilde 2 5 78 109 2309 2231
Oemtilde Back 0 -13 109 93 827 718
Back Oem7 -2 2 93 78 390 297
Oem7 Back 2 -2 78 94 499 421
Back OemPeriod -3 4 94 94 842 748
OemPeriod Back 3 -4 94 94 827 733
Back Oemcomma -3 5 94 93 375 281
Oemcomma Back 3 -5 93 110 592 499
Back Oem1 -2 3 110 94 2231 2121
Oem1 Back 2 -3 94 109 687 593
Back Back 0 0 109 94 405 296
Back Back 0 0 94 78 297 203
Back G -2 8 78 93 1014 936
G Oemtilde 2 5 93 94 608 515
Oemtilde Back 0 -13 94 125 499 405
Back OemOpenBrackets -1 2 125 109 1233 1108
OemOpenBrackets Back 1 -2 109 109 655 546
Back Back 0 0 109 125 343 234
Back OemQuestion -3 3 125 110 1622 1497
OemQuestion Back 3 -3 110 109 515 405
Back Oem7 -2 2 109 124 1779 1670
Oem7 Back 2 -2 124 125 452 328
Back RShiftKey -3 2 125 312 764 639
RShiftKey Oem7 1 0 312 125 141 -171
Oem7 Back 2 -2 125 124 515 390
Back RShiftKey -3 2 124 577 405 281
RShiftKey Oemtilde 3 11 577 124 297 -280
Oemtilde Back 0 -13 124 124 624 500
Back Oemcomma -3 5 124 125 4118 3994
Oemcomma Space -1 4 125 94 2480 2355
Space OemQuestion 1 -6 94 93 110 16
OemQuestion Back 3 -3 93 109 1045 952
Back RShiftKey -3 2 109 921 327 218
RShiftKey Oem1 1 1 921 78 531 -390
Oem1 Back 2 -3 78 109 608 530
Back Back 0 0 109 140 406 297
Back OemOpenBrackets -1 2 140 109 1435 1295
OemOpenBrackets LShiftKey -2 11 109 578 3104 2995
LShiftKey W 2 -2 578 124 500 -78
W E 0 -1 124 94 171 47
E Space -3 -1 94 125 156 62
Space H 2 -2 125 109 1716 1591
H A 0 5 109 125 78 -31
A V -1 -3 125 140 219 94
V E 2 1 140 124 78 -62
E Space -3 -1 124 110 124 0
Space A 2 3 110 124 110 0
A N -1 -5 124 141 171 47
N Space -1 2 141 125 94 -47
Space U 3 -3 125 93 359 234
U N -2 1 93 125 171 78
N W 2 4 125 140 437 312
W A -1 1 140 156 78 -62
A N -1 -5 156 109 172 16
N T 2 1 109 109 140 31
T E 0 2 109 187 78 -31
E D -1 0 187 109 125 -62
D Space -2 -1 109 125 140 31
Space Back 4 -9 125 109 2777 2652
Back Back 0 0 109 94 140 31
Back Back 0 0 94 78 125 31
Back Back 0 0 78 94 156 78
Back Back 0 0 94 78 156 62
Back Back 0 0 78 78 141 63
Back Back 0 0 78 78 171 93
Back Back 0 0 78 78 281 203
Back Back 0 0 78 78 374 296
Back U -1 6 78 93 1701 1623
U N -2 1 93 94 171 78
N E 2 3 94 94 1342 1248
E X -2 1 94 94 390 296
X P 2 -8 94 94 265 171
P E 0 7 94 94 109 15
E C -2 0 94 109 188 94
C T 2 -2 109 93 234 125
T E 0 2 93 187 78 -15
E D -1 0 187 94 124 -63
D Space -2 -1 94 94 156 62
Space B 1 -1 94 78 2262 2168
B A 1 4 78 125 203 125
A B -1 -4 125 109 281 156
B Y 2 -1 109 109 234 125
Y Space -3 2 109 109 203 94
Space B 1 -1 109 94 483 374
B O 2 -4 94 94 156 62
O Y 0 3 94 109 266 172
Y Oemtilde 1 6 109 109 2730 2621
Oemtilde Back 0 -13 109 109 764 655
Back Oem7 -2 2 109 94 421 312
Oem7 Back 2 -2 94 124 531 437
Back OemPeriod -3 4 124 94 1762 1638
OemPeriod Back 3 -4 94 109 578 484
Back OemMinus 0 2 109 93 1045 936
OemMinus Back 0 -2 93 110 483 390
Back Oem7 -2 2 110 109 1030 920
Oem7 Back 2 -2 109 94 452 343
Back OemQuestion -3 3 94 125 796 702
OemQuestion Back 3 -3 125 141 499 374
Back Oem6 -1 1 141 109 1545 1404
Oem6 Back 1 -1 109 124 468 359
Back RShiftKey -3 2 124 483 889 765
RShiftKey Oem6 2 -1 483 140 234 -249
Oem6 Back 1 -1 140 141 452 312
Back Oemcomma -3 5 141 94 1794 1653
Oemcomma D 1 5 94 110 2839 2745
D P 1 -7 110 47 141 31
P Back 1 -3 47 93 359 312
Back O -1 4 93 78 639 546
O Space -3 5 78 109 219 141
Space Back 4 -9 109 94 1232 1123
Back Back 0 0 94 78 125 31
Back Back 0 0 78 109 125 47
Back Space -4 9 109 109 561 452
Space D 2 1 109 94 343 234
D O 1 -6 94 78 203 109
O Space -3 5 78 109 234 156
Space Y 3 -2 109 93 2871 2762
Y O 0 -3 93 124 234 141
O U 0 2 124 94 218 94
U Space -3 3 94 93 203 109
Space W 3 2 93 94 265 172
W A -1 1 94 124 172 78
A N -1 -5 124 109 140 16
N T 2 1 109 109 156 47
T Space -3 1 109 94 140 31
Space H 2 -2 94 94 281 187
H I 1 -2 94 109 219 125
I M -2 1 109 93 312 203
M OemPeriod 0 -2 93 109 6677 6584
OemPeriod RShiftKey 0 -2 109 702 904 795
RShiftKey OemOpenBrackets 2 0 702 78 437 -265
OemOpenBrackets Back 1 -2 78 124 765 687
Back Back 0 0 124 110 436 312
Back OemOpenBrackets -1 2 110 93 344 234
OemOpenBrackets LShiftKey -2 11 93 687 2511 2418
LShiftKey T 2 -5 687 125 546 -141
T H -1 -1 125 78 531 406
H E 1 3 78 78 93 15
E Y 0 -3 78 78 94 16
Y Space -3 2 78 125 218 140
Space Back 4 -9 125 78 749 624
Back Back 0 0 78 94 140 62
Back Back 0 0 94 62 141 47
Back Back 0 0 62 78 125 63
Back Back 0 0 78 78 124 46
Back Space -4 9 78 109 983 905
Space LShiftKey 1 4 109 406 312 203
LShiftKey T 2 -5 406 141 265 -141
T H -1 -1 141 78 188 47
H E 1 3 78 94 249 171
E Y 0 -3 94 78 141 47
Y Space -3 2 78 125 202 124
Space S 2 2 125 125 2013 1888
S A 0 1 125 124 47 -78
A I 1 -7 124 78 249 125
I D -1 5 78 94 156 78
D Oemtilde 2 3 94 110 1669 1575
Oemtilde Back 0 -13 110 125 453 343
Back O -1 4 125 78 2433 2308
O F -1 5 78 78 141 63
F Back 2 -9 78 78 2246 2168
Back Back 0 0 78 94 125 47
Back Space -4 9 94 125 1529 1435
Space OemOpenBrackets 3 -7 125 78 312 187
OemOpenBrackets LShiftKey -2 11 78 203 1107 1029
LShiftKey O 2 -9 203 94 125 -78
O F -1 5 94 94 203 109
F Space -2 0 94 125 1825 1731
Space C 1 1 125 110 343 218
C O 2 -6 110 109 266 156
O U 0 2 109 109 187 78
U R 0 3 109 94 171 62
R S -1 2 94 78 188 94
S E 1 -1 78 78 171 93
E OemPeriod -2 -6 78 78 3136 3058
OemPeriod OemOpenBrackets 2 -2 78 94 327 249
OemOpenBrackets Space -3 7 94 125 5710 5616
Space LShiftKey 1 4 125 249 749 624
LShiftKey M 0 -7 249 94 109 -140
M Y 2 1 94 94 265 171
Y Space -3 2 94 124 219 125
Space B 1 -1 124 93 1747 1623
B I 2 -3 93 93 156 63
I O 0 -1 93 63 171 78
O L -1 0 63 109 125 62
L O 1 0 109 78 156 47
O G -1 4 78 94 437 359
G I 1 -3 94 78 234 140
I C -2 5 78 171 281 203
C A 1 2 171 140 125 -46
A L 0 -8 140 78 187 47
L Space -2 5 78 78 234 156
Space M 1 -3 78 94 951 873
M O 2 -2 94 93 141 47
O T 0 4 93 93 281 188
T H -1 -1 93 109 140 47
H E 1 3 109 156 94 -15
E R 0 -1 156 124 78 -78
R Space -3 0 124 93 109 -15
Space L 2 -5 93 78 249 156
L A 0 8 78 94 94 16
A T 1 -4 94 109 156 62
T E 0 2 109 187 78 -31
E R 0 -1 187 93 125 -62
R Space -3 0 93 109 125 32
Space F 2 0 109 94 2324 2215
F U 1 -3 94 63 296 202
U Back 1 -6 63 125 390 327
Back O -1 4 125 78 656 531
O U 0 2 78 78 171 93
U N -2 1 78 94 156 78
N F 1 2 94 109 172 78
F Space -2 0 109 94 140 31
Space Back 4 -9 94 94 343 249
Back Back 0 0 94 109 110 16
Back D -2 10 109 78 109 0
D Space -2 -1 78 94 187 109
Space O 3 -5 94 78 2605 2511
O U 0 2 78 78 172 94
U T 0 2 78 125 93 15
T Space -3 1 125 93 141 16
Space T 3 -1 93 93 78 -15
T H -1 -1 93 94 93 0
H A 0 5 94 156 78 -16
A T 1 -4 156 109 94 -62
T Space -3 1 109 109 187 78
Space M 1 -3 109 94 2137 2028
M Y 2 1 94 109 266 172
Y Space -3 2 109 125 202 93
Space M 1 -3 125 94 281 156
M O 2 -2 94 109 172 78
O T 0 4 109 109 296 187
T H -1 -1 109 94 125 16
H E 1 3 94 141 62 -32
E R 0 -1 141 140 63 -78
R Space -3 0 140 109 156 16
Space H 2 -2 109 94 327 218
H A 0 5 94 124 110 16
A D 0 -2 124 109 171 47
D Space -2 -1 109 93 141 32
Space N 1 -2 93 109 312 219
N E 2 3 109 109 109 0
E V -2 -1 109 94 187 78
V E 2 1 94 187 78 -16
E R 0 -1 187 125 125 -62
R Space -3 0 125 109 140 15
Space G 2 -1 109 110 421 312
G R 1 1 110 109 203 93
R A -1 3 109 141 78 -31
A D 0 -2 141 109 234 93
D U 1 -4 109 94 156 47
U A -1 6 94 110 109 15
A T 1 -4 110 125 125 15
T E 0 2 125 187 94 -31
E D -1 0 187 78 140 -47
D Space -2 -1 78 109 125 47
Space F 2 0 109 141 1279 1170
F R 1 0 141 124 63 -78
R O 0 -5 124 93 187 63
O M -2 2 93 93 156 63
M Space -1 3 93 110 171 78
Space C 1 1 110 141 546 436
C O 2 -6 141 94 671 530
O L -1 0 94 78 187 93
L L 0 0 78 109 110 32
L E 1 6 109 109 109 0
E G -1 -2 109 141 140 31
G E 1 2 141 109 63 -78
E Space -3 -1 109 125 1981 1872
Space A 2 3 125 109 125 0
A N -1 -5 109 125 124 15
N D 1 3 125 78 156 31
D Space -2 -1 78 109 94 16
Space T 3 -1 109 94 187 78
T H -1 -1 94 78 94 0
H A 0 5 78 141 93 15
A T 1 -4 141 125 94 -47
T Space -3 1 125 109 172 47
Space M 1 -3 109 78 483 374
M Y 2 1 78 94 234 156
Y Space -3 2 94 125 187 93
Space F 2 0 125 141 312 187
F A 0 3 141 156 110 -31
A T 1 -4 156 109 187 31
T H -1 -1 109 94 109 0
H E 1 3 94 156 47 -47
E R 0 -1 156 125 78 -78
R Space -3 0 125 94 187 62
Space H 2 -2 94 125 1279 1185
H A 0 5 125 125 125 0
A D 0 -2 125 140 78 -47
D Space -2 -1 140 110 140 0
Space N 1 -2 110 94 406 296
N E 2 3 94 94 109 15
E V -2 -1 94 78 172 78
V E 2 1 78 171 78 0
E R 0 -1 171 125 109 -62
R Space -3 0 125 94 187 62
Space G 2 -1 94 109 1482 1388
G R 1 1 109 125 187 78
R A -1 3 125 109 110 -15
A D 0 -2 109 93 187 78
D U 1 -4 93 93 156 63
U A -1 6 93 94 109 16
A T 1 -4 94 141 109 15
T E 0 2 141 203 94 -47
E D -1 0 203 109 140 -63
D Space -2 -1 109 93 141 32
Space F 2 0 93 140 156 63
F R 1 0 140 109 78 -62
R O 0 -5 109 46 390 281
O O 0 0 46 78 904 858
O M -2 2 78 109 219 141
M Back 3 -6 109 78 343 234
Back Back 0 0 78 109 94 16
Back M -3 6 109 78 717 608
M Space -1 3 78 78 187 109
Space H 2 -2 78 94 2933 2855
H I 1 -2 94 93 640 546
I G -1 3 93 94 483 390
G H 0 -1 94 78 125 31
H Space -2 2 78 109 406 328
Space S 2 2 109 93 156 47
S C -1 -1 93 109 312 219
C H 1 -3 109 93 156 47
H O 1 -3 93 62 312 219
O O 0 0 62 94 109 47
O L -1 0 94 78 187 93
L OemPeriod -1 0 78 93 7395 7317
OemPeriod Space -1 5 93 124 2418 2325
Space LShiftKey 1 4 124 141 592 468
LShiftKey S 1 -2 141 93 297 156
S H 0 -4 93 93 125 32
H E 1 3 93 78 343 250
E Space -3 -1 78 93 156 78
Space R 3 0 93 109 1685 1592
R E 0 1 109 110 46 -63
E F -1 -1 110 94 250 140
F U 1 -3 94 94 234 140
U S -1 5 94 78 156 62
S E 1 -1 78 140 172 94
E D -1 0 140 94 93 -47
D Space -2 -1 94 110 109 15
Space T 3 -1 110 93 1389 1279
T O 0 -4 93 94 140 47
O Space -3 5 94 109 203 109
Space S 2 2 109 94 187 78
S I 1 -6 94 78 172 78
I G -1 3 78 94 327 249
G N -1 -1 94 125 406 312
N Space -1 2 125 125 2792 2667
Space T 3 -1 125 109 375 250
T H -1 -1 109 93 125 16
H E 1 3 93 109 93 0
E Space -3 -1 109 94 125 16
Space F 2 0 94 109 172 78
F I 1 -4 109 47 202 93
I I 0 0 47 94 250 203
I Back 1 -5 94 109 1045 951
Back N -3 7 109 62 328 219
N A 1 5 62 109 125 63
A L 0 -8 109 78 265 156
L Space -2 5 78 109 1170 1092
Space A 2 3 109 125 359 250
A D 0 -2 125 93 281 156
D P 1 -7 93 47 171 78
P Back 1 -3 47 109 312 265
Back O -1 4 109 93 250 141
O P 0 -1 93 62 203 110
P T 0 5 62 93 624 562
T I 0 -3 93 78 156 63
I O 0 -1 78 94 140 62
O N -2 3 94 47 203 109
N Space -1 2 47 78 156 109
Space P 3 -6 78 109 1279 1201
P A -1 9 109 109 109 0
A P 1 -9 109 109 468 359
P E 0 7 109 140 219 110
E R 0 -1 140 94 93 -47
R S -1 2 94 62 141 47
S OemPeriod -1 -7 62 93 1669 1607
OemPeriod Space -1 5 93 93 234 141
Space S 2 2 93 109 312 219
S J 0 -5 109 62 125 16
J E 1 4 62 78 156 94
E Back 1 -10 78 78 234 156
Back Back 0 0 78 94 140 62
Back H -2 7 94 110 530 436
H E 1 3 110 78 156 46
E Space -3 -1 78 93 110 32
Space O 3 -5 93 109 1965 1872
O N -2 3 109 110 187 78
N L 1 -3 110 94 234 124
L Y 1 3 94 109 437 343
Y Space -3 2 109 109 219 110
Space R 3 0 109 156 358 249
R E 0 1 156 110 78 -78
E N -2 -3 110 109 188 78
N T 2 1 109 94 140 31
T E 0 2 94 172 78 -16
E R 0 -1 172 94 109 -63
R Back 1 -9 94 109 359 265
Back D -2 10 109 94 109 0
D Space -2 -1 94 156 1123 1029
Space A 2 3 156 94 281 125
A Back 2 -12 94 62 1576 1482
Back Back 0 0 62 78 140 78
Back Back 0 0 78 94 125 47
Back Back 0 0 94 94 140 46
Back Back 0 0 94 93 141 47
Back Back 0 0 93 94 140 47
Back L -2 4 94 94 655 561
L E 1 6 94 78 125 31
E N -2 -3 78 109 297 219
N T 2 1 109 93 156 47
T E 0 2 93 202 78 -15
E D -1 0 202 94 296 94
D Space -2 -1 94 125 140 46
Space A 2 3 125 125 1139 1014
A Space -2 -3 125 109 94 -31
Space F 2 0 109 94 218 109
F E 1 1 94 93 141 47
E W 0 1 93 78 187 94
W Space -3 -2 78 78 93 15
Space M 1 -3 78 94 312 234
M O 2 -2 94 78 156 62
O N -2 3 78 94 156 78
N T 2 1 94 93 110 16
T H -1 -1 93 93 78 -15
H S 0 4 93 109 93 0
S Space -2 -2 109 94 156 47
Space L 2 -5 94 94 1981 1887
L A 0 8 94 94 125 31
A T 1 -4 94 94 156 62
T E 0 2 94 171 63 -31
E R 0 -1 171 93 109 -62
R Space -3 0 93 109 109 16
Space W 3 2 109 93 1607 1498
W H -1 -4 93 93 125 32
H E 1 3 93 94 124 31
E N -2 -3 94 124 110 16
N Space -1 2 124 109 93 -31
Space M 1 -3 109 110 343 234
M Y 2 1 110 94 234 124
Y Space -3 2 94 109 219 125
Space P 3 -6 109 109 1529 1420
P A -1 9 109 125 109 0
A R 1 -3 125 141 140 15
R E 0 1 141 141 78 -63
E N -2 -3 141 109 219 78
N T 2 1 109 125 124 15
T S -1 3 125 93 110 -15
S Space -2 -2 93 109 140 47
Space P 3 -6 109 109 593 484
P R 0 6 109 94 218 109
R O 0 -5 94 78 156 62
O M -2 2 78 93 172 94
M I 2 -1 93 78 156 63
I S -1 6 78 109 109 31
S E 1 -1 109 156 172 63
E D -1 0 156 109 93 -63
D Space -2 -1 109 110 109 0
Space T 3 -1 110 125 1311 1201
T H -1 -1 125 109 140 15
H A 0 5 109 141 78 -31
A T 1 -4 141 125 78 -63
T Space -3 1 125 125 109 -16
Space I 3 -4 125 94 250 125
I Space -3 4 94 94 187 93
Space W 3 2 94 93 172 78
W O 0 -7 93 78 187 94
O U 0 2 78 94 156 78
U L -1 -2 94 94 187 93
L D 0 6 94 94 109 15
D Space -2 -1 94 125 1763 1669
Space S 2 2 125 94 780 655
S O 1 -7 94 109 156 62
O M -2 2 109 110 187 78
M E 2 4 110 62 188 78
E D -1 0 62 124 156 94
D A 0 2 124 109 93 -31
A Y 1 -5 109 94 125 16
Y Space -3 2 94 109 1326 1232
Space G 2 -1 109 94 842 733
G O 1 -4 94 78 125 31
O Space -3 5 78 93 219 141
Space T 3 -1 93 94 140 47
T O 0 -4 94 93 125 31
O Space -3 5 93 93 203 110
Space C 1 1 93 94 171 78
C O 2 -6 94 93 141 47
O L -1 0 93 78 171 78
L L 0 0 78 125 109 31
L E 1 6 125 94 47 -78
E G -1 -2 94 125 172 78
G E 1 2 125 94 62 -63
E OemPeriod -2 -6 94 93 1576 1482
OemPeriod Return 1 -3 93 125 2293 2200
Return A 0 11 125 125 2168 2043
A N -1 -5 125 93 110 -15
N D 1 3 93 78 109 16
D Space -2 -1 78 78 93 15
Space Space 0 0 78 125 2902 2824
Space Y 3 -2 125 78 328 203
Y E 0 3 78 140 234 156
E A -1 2 140 141 124 -16
A R 1 -3 141 109 110 -31
R S -1 2 109 109 140 31
S Space -2 -2 109 125 140 31
Space L 2 -5 125 94 1295 1170
L A 0 8 94 109 78 -16
A T 1 -4 109 62 172 63
T E 0 2 62 156 31 -31
E R 0 -1 156 125 281 125
R Space -3 0 125 124 1295 1170
Space I 3 -4 124 109 296 172
I Space -3 4 109 109 187 78
Space D 2 1 109 124 141 32
D I 1 -5 124 109 109 -15
I D -1 5 109 78 93 -16
D Space -2 -1 78 109 125 47
Space G 2 -1 109 93 375 266
G O 1 -4 93 78 187 94
O Space -3 5 78 125 187 109
Space T 3 -1 125 78 125 0
T O 0 -4 78 94 109 31
O Space -3 5 94 109 172 78
Space C 1 1 109 110 1450 1341
C O 2 -6 110 78 94 -16
O L -1 0 78 78 172 94
L L 0 0 78 94 124 46
L E 1 6 94 109 94 0
E G -1 -2 109 125 140 31
G E 1 2 125 109 63 -62
E OemPeriod -2 -6 109 109 749 640
OemPeriod Space -1 5 109 125 218 109
Space B 1 -1 125 109 1201 1076
B U 2 -2 109 94 125 16
U T 0 2 94 93 125 31
T Space -3 1 93 109 109 16
Space I 3 -4 109 93 1108 999
I Space -3 4 93 125 187 94
Space N 1 -2 125 109 967 842
N A 1 5 109 109 203 94
A I 1 -7 109 78 218 109
I V -2 4 78 109 359 281
V E 2 1 109 110 140 31
E L -1 -6 110 110 1092 982
L Y 1 3 110 125 312 202
Y Space -3 2 125 125 297 172
Space C 1 1 125 109 1154 1029
C H 1 -3 109 93 141 32
H O 1 -3 93 93 234 141
O S -1 7 93 94 171 78
S E 1 -1 94 93 172 78
E Space -3 -1 93 93 156 63
Space A 2 3 93 109 577 484
A Space -2 -3 109 94 140 31
Space C 1 1 94 78 203 109
C O 2 -6 78 62 281 203
O L -1 0 62 94 842 780
L L 0 0 94 78 125 31
L E 1 6 78 93 94 16
E G -1 -2 93 140 156 63
G E 1 2 140 109 78 -62
E Space -3 -1 109 94 920 811
Space T 3 -1 94 94 281 187
T H -1 -1 94 94 140 46
H A 0 5 94 141 78 -16
A T 1 -4 141 110 78 -63
T Space -3 1 110 109 125 15
Space W 3 2 109 140 172 63
W A -1 1 140 171 125 -15
A S 0 -1 171 125 109 -62
S Space -2 -2 125 140 109 -16
Space A 2 3 140 109 796 656
A L 0 -8 109 47 405 296
L M -1 2 47 94 468 421
M O 2 -2 94 93 141 47
O S -1 7 93 93 109 16
S T 1 -3 93 93 156 63
T Space -3 1 93 141 842 749
Space A 2 3 141 172 125 -16
A S 0 -1 172 93 94 -78
S Space -2 -2 93 124 78 -15
Space E 3 1 124 94 374 250
E X -2 1 94 109 281 187
X P 2 -8 109 93 234 125
P E 0 7 93 78 140 47
E N -2 -3 78 124 531 453
N S 1 4 124 94 327 203
S I 1 -6 94 94 156 62
I V -2 4 94 140 203 109
V E 2 1 140 124 94 -46
E Space -3 -1 124 124 156 32
Space A 2 3 124 172 608 484
A S 0 -1 172 94 109 -63
S Space -2 -2 94 125 125 31
Space LShiftKey 1 4 125 219 811 686
LShiftKey S 1 -2 219 109 156 -63
S T 1 -3 109 94 499 390
T A -1 4 94 94 172 78
A N -1 -5 94 125 546 452
N F 1 2 125 93 250 125
F O 1 -5 93 109 140 47
O R 0 5 109 94 140 31
R D -1 1 94 109 328 234
D Oemcomma -1 -5 109 110 2090 1981
Oemcomma Space -1 4 110 110 234 124
Space A 2 3 110 109 94 -16
A N -1 -5 109 93 94 -15
N D 1 3 93 109 78 -15
D Space -2 -1 109 109 109 0
Space A 2 3 109 93 1638 1529
A L 0 -8 93 78 140 47
L L 0 0 78 110 109 31
L Space -2 5 110 109 203 93
Space O 3 -5 109 109 203 94
O F -1 5 109 94 109 0
F Space -2 0 94 78 94 0
Space M 1 -3 78 109 125 47
M Y 2 1 109 110 748 639
Y Space -3 2 110 140 718 608
Space W 3 2 140 110 5132 4992
W O 0 -7 110 94 156 46
O R 0 5 94 110 156 62
R K -1 -4 110 94 203 93
K I 1 0 94 109 141 47
I N -2 2 109 93 421 312
N G 1 1 93 109 624 531
G C -1 2 109 125 2917 2808
C L 1 -6 125 78 359 234
L A 0 8 78 156 93 15
A S 0 -1 156 78 234 78
S S 0 0 78 78 141 63
S Space -2 -2 78 125 951 873
Space P 3 -6 125 94 562 437
P A -1 9 94 140 78 -16
A R 1 -3 140 140 156 16
R E 0 1 140 110 62 -78
E N -2 -3 110 109 578 468
N T 2 1 109 93 546 437
T S -1 3 93 109 78 -15
S OemQuestion -1 -8 109 63 3088 2979
OemQuestion Space -1 6 63 78 2590 2527
Space S 2 2 78 156 125 47
S A 0 1 156 125 93 -63
A V -1 -3 125 110 702 577
V I 2 -4 110 109 94 -16
I N -2 2 109 109 187 78
N G 1 1 109 78 281 172
G S 0 3 78 109 390 312
S Space -2 -2 109 140 2184 2075
Space W 3 2 140 125 390 250
W E 0 -1 125 109 234 109
E R 0 -1 109 125 125 16
R E 0 1 125 109 62 -63
E Space -3 -1 109 124 141 32
Space B 1 -1 124 94 1045 921
B E 2 2 94 109 203 109
E I 0 -5 109 94 249 140
I N -2 2 94 94 172 78
N G 1 1 94 93 94 0
G Space -2 1 93 78 124 31
Space S 2 2 78 109 1124 1046
S P 1 -8 109 94 202 93
P E 0 7 94 93 110 16
E N -2 -3 93 94 280 187
N T 2 1 94 94 172 78
T Space -3 1 94 94 109 15
Space O 3 -5 94 93 796 702
O N -2 3 93 78 187 94
N Space -1 2 78 109 156 78
Space M 1 -3 109 125 156 47
M Y 2 1 125 94 187 62
Y Space -3 2 94 110 187 93
Space C 1 1 110 109 609 499
C O 2 -6 109 93 125 16
O L -1 0 93 62 187 94
L L 0 0 62 110 93 31
L E 1 6 110 110 156 46
E G -1 -2 110 125 125 15
G E 1 2 125 109 63 -62
E Space -3 -1 109 109 546 437
Space T 3 -1 109 94 249 140
T U 0 -2 94 93 141 47
U I 0 -1 93 78 171 78
I T 0 3 78 78 109 31
T U 0 -2 78 94 156 78
U I 0 -1 94 94 0 -94
I Back 1 -5 94 125 531 437
Back Back 0 0 125 109 468 343
Back I -1 5 109 78 483 374
I O 0 -1 78 94 125 47
O N -2 3 94 94 203 109
N OemPeriod 0 -3 94 93 2855 2761
OemPeriod Space -1 5 93 125 187 94
Space LShiftKey 1 4 125 219 187 62
LShiftKey A 1 -1 219 124 141 -78
A F 0 -3 124 94 218 94
F T 1 -1 94 109 265 171
T E 0 2 109 156 125 16
E R 0 -1 156 109 78 -78
R Space -3 0 109 110 140 31
Space S 2 2 110 109 2122 2012
S I 1 -6 109 94 140 31
I X -2 6 94 94 172 78
X Space -1 -2 94 62 125 31
Space M 1 -3 62 93 281 219
M O 2 -2 93 78 171 78
O N -2 3 78 124 141 63
N T 2 1 124 109 93 -31
T H -1 -1 109 94 78 -31
H S 0 4 94 94 109 15
S Space -2 -2 94 93 110 16
Space Back 4 -9 93 110 2152 2059
Back Oemcomma -3 5 110 78 500 390
Oemcomma Space -1 4 78 94 1544 1466
Space I 3 -4 94 78 421 327
I Space -3 4 78 109 172 94
Space C 1 1 109 94 187 78
C O 2 -6 94 78 109 15
O U 0 2 78 78 141 63
U L -1 -2 78 94 171 93
L D 0 6 94 94 109 15
D N -1 -3 94 94 156 62
N T 2 1 94 94 125 31
T Space -3 1 94 94 109 15
Space S 2 2 94 93 344 250
S E 1 -1 93 93 156 63
E E 0 0 93 94 124 31
E Space -3 -1 94 125 219 125
Space T 3 -1 125 78 31 -94
T H -1 -1 78 93 250 172
H E 1 3 93 94 561 468
E Space -3 -1 94 110 109 15
Space V 1 0 110 141 312 202
V A 1 3 141 124 110 -31
A U 1 -6 124 93 187 63
U Back 1 -6 93 94 374 281
Back L -2 4 94 93 219 125
L U 1 2 93 94 561 468
U E 0 4 94 94 125 31
E Space -3 -1 94 109 109 15
Space I 3 -4 109 94 1607 1498
I N -2 2 94 62 156 62
N Space -1 2 62 78 515 453
Space I 3 -4 78 109 187 109
I T 0 3 109 93 94 -15
T Oemcomma -2 -3 93 78 1466 1373
Oemcomma Back 3 -5 78 94 452 374
Back OemPeriod -3 4 94 78 281 187
OemPeriod Space -1 5 78 109 156 78
Space I 3 -4 109 78 219 110
I Space -3 4 78 94 171 93
Space H 2 -2 94 125 1825 1731
H A 0 5 125 125 141 16
A D 0 -2 125 109 140 15
D Space -2 -1 109 109 78 -31
Space N 1 -2 109 94 343 234
N O 2 -3 94 93 188 94
O Space -3 5 93 78 202 109
Space I 3 -4 78 110 156 78
I D -1 5 110 140 141 31
D E 1 0 140 94 62 -78
E A -1 2 94 109 203 109
A Space -2 -3 109 94 156 47
Space W 3 2 94 78 1466 1372
W H -1 -4 78 78 141 63
H A 0 5 78 94 109 31
A T 1 -4 94 109 125 31
T Space -3 1 109 109 78 -31
Space I 3 -4 109 93 234 125
I Space -3 4 93 94 187 94
Space W 3 2 94 109 78 -16
W A -1 1 109 109 125 16
A N -1 -5 109 94 93 -16
N T 2 1 94 109 94 0
T E 0 2 109 187 78 -31
E D -1 0 187 125 125 -62
D Space -2 -1 125 109 109 -16
Space T 3 -1 109 109 1529 1420
T O 0 -4 109 94 109 0
O Space -3 5 94 109 203 109
Space D 2 1 109 94 187 78
D O 1 -6 94 94 140 46
O Space -3 5 94 94 203 109
Space W 3 2 94 94 499 405
W I 0 -6 94 94 156 62
I T 0 3 94 94 125 31
T H -1 -1 94 156 125 31
H Space -2 2 156 109 624 468
Space M 1 -3 109 78 218 109
M Y 2 1 78 109 687 609
Y Space -3 2 109 109 187 78
Space L 2 -5 109 78 452 343
L I 1 1 78 93 141 63
I F -1 4 93 156 203 110
F E 1 1 156 124 78 -78
E Space -3 -1 124 140 1092 968
Space A 2 3 140 124 156 16
A N -1 -5 124 93 265 141
N D 1 3 93 94 140 47
D Space -2 -1 94 94 109 15
Space N 1 -2 94 94 250 156
N O 2 -3 94 109 187 93
O Space -3 5 109 94 187 78
Space I 3 -4 94 94 156 62
I D -1 5 94 140 110 16
D E 1 0 140 296 62 -78
E A -1 2 296 94 343 47
A Space -2 -3 94 109 1498 1404
Space H 2 -2 109 93 437 328
H O 1 -3 93 125 187 94
O W 0 7 125 78 296 171
W Space -3 -2 78 109 141 63
Space C 1 1 109 109 4695 4586
C O 2 -6 109 94 125 16
O L -1 0 94 78 172 78
L L 0 0 78 93 109 31
L E 1 6 93 94 62 -31
E G -1 -2 94 125 125 31
G E 1 2 125 110 62 -63
E Space -3 -1 110 109 110 0
Space W 3 2 109 125 171 62
W A -1 1 125 188 109 -16
A S 0 -1 188 109 110 -78
S Space -2 -2 109 109 93 -16
Space G 2 -1 109 94 515 406
G O 1 -4 94 47 156 62
O I 0 1 47 94 624 577
I N -2 2 94 110 140 46
N G 1 1 110 93 110 0
G Space -2 1 93 93 109 16
Space T 3 -1 93 93 156 63
T O 0 -4 93 78 109 16
O Space -3 5 78 109 172 94
Space H 2 -2 109 94 436 327
H E 1 3 94 93 110 16
E L -1 -6 93 93 312 219
L P 1 -1 93 78 171 78
P M -2 3 78 93 297 219
M Back 3 -6 93 109 483 390
Back Space -4 9 109 94 265 156
Space M 1 -3 94 110 156 62
M E 2 4 110 78 141 31
E Space -3 -1 78 110 10311 10233
Space F 2 0 110 109 219 109
F I 1 -4 109 94 140 31
I G -1 3 94 93 843 749
G U 1 -2 93 109 156 63
U R 0 3 109 125 171 62
R E 0 1 125 110 31 -94
E Space -3 -1 110 125 156 46
Space I 3 -4 125 109 640 515
I T 0 3 109 78 140 31
T Space -3 1 78 109 141 63
Space O 3 -5 109 94 483 374
O U 0 2 94 78 203 109
U T 0 2 78 78 125 47
T Oemcomma -2 -3 78 63 1934 1856
Oemcomma Back 3 -5 63 78 531 468
Back OemPeriod -3 4 78 94 265 187
OemPeriod Space -1 5 94 109 172 78
Space A 2 3 109 125 249 140
A N -1 -5 125 94 156 31
N D 1 3 94 109 125 31
D Space -2 -1 109 78 140 31
Space H 2 -2 78 94 1607 1529
H E 1 3 94 109 125 31
E R 0 -1 109 156 109 0
R E 0 1 156 109 94 -62
E Space -3 -1 109 109 1763 1654
Space I 3 -4 109 78 234 125
I O 0 -1 78 46 0 -78
O Back 1 -4 46 109 1045 999
Back Space -4 9 109 125 312 203
Space W 3 2 125 109 702 577
W S -1 0 109 124 203 94
S A 0 1 124 78 0 -124
A Space -2 -3 78 94 124 46
Space S 2 2 94 93 141 47
S P 1 -8 93 94 140 47
P E 0 7 94 78 94 0
E N -2 -3 78 94 187 109
N D 1 3 94 125 296 202
D I 1 -5 125 156 110 -15
I N -2 2 156 109 109 -47
N G 1 1 109 93 125 16
G Space -2 1 93 109 93 0
Space Back 4 -9 109 811 999 890
Back Back 0 0 811 109 920 109
Back Back 0 0 109 94 156 47
Back Back 0 0 94 94 140 46
Back Back 0 0 94 125 141 47
Back A -2 12 125 187 374 249
A S 0 -1 187 109 94 -93
S Space -2 -2 109 109 125 16
Space S 2 2 109 109 468 359
S P 1 -8 109 94 202 93
P E 0 7 94 94 328 234
E N -2 -3 94 78 172 78
N D 1 3 78 94 124 46
D I 1 -5 94 156 125 31
I N -2 2 156 125 94 -62
N G 1 1 125 78 140 15
G Space -2 1 78 110 1591 1513
Space A 2 3 110 93 266 156
A L 0 -8 93 94 218 125
L L 0 0 94 94 109 15
L Space -2 5 94 125 203 109
Space O 3 -5 125 109 234 109
O F -1 5 109 141 3884 3775
F Space -2 0 141 109 188 47
Space T 3 -1 109 141 124 15
T H -1 -1 141 110 78 -63
H E 1 3 110 93 110 0
E Space -3 -1 93 93 109 16
Space M 1 -3 93 109 281 188
M O 2 -2 109 78 202 93
O N -2 3 78 94 281 203
N E 2 3 94 78 250 156
E Y 0 -3 78 94 140 62
Y Space -3 2 94 125 1264 1170
Space M 1 -3 125 94 452 327
M Y 2 1 94 109 312 218
Y Space -3 2 109 125 203 94
Space P 3 -6 125 94 312 187
P A -1 9 94 109 109 15
A R 1 -3 109 94 156 47
R T 0 -1 94 78 0 -94
T E 0 2 78 156 31 -47
E N -2 -3 156 94 156 0
N Back 3 -7 94 78 468 374
Back Back 0 0 78 78 141 63
Back Back 0 0 78 93 312 234
Back R -1 9 93 156 203 110
R E 0 1 156 124 78 -78
E N -2 -3 124 109 187 63
N Back 3 -7 109 109 515 406
Back Back 0 0 109 109 156 47
Back Back 0 0 109 109 452 343
Back E -1 10 109 94 546 437
E N -2 -3 94 110 218 124
N T 2 1 110 110 156 46
T Space -3 1 110 93 266 156
Space Back 4 -9 93 109 405 312
Back S -2 11 109 125 125 16
S Space -2 -2 125 109 250 125
Space H 2 -2 109 110 2074 1965
H A 0 5 110 156 110 0
A D 0 -2 156 125 109 -47
D Space -2 -1 125 93 156 31
Space S 2 2 93 140 858 765
S A 0 1 140 125 78 -62
A V -1 -3 125 124 359 234
V E 2 1 124 203 109 -15
E D -1 0 203 109 140 -63
D Space -2 -1 109 109 125 16
Space T 3 -1 109 109 125 16
T H -1 -1 109 93 125 16
H E 1 3 93 78 109 16
E I 0 -5 78 110 171 93
I R 0 4 110 109 110 0
R Space -3 0 109 94 171 62
Space E 3 1 94 94 109 15
E N -2 -3 94 94 172 78
N T 2 1 94 109 156 62
T E 0 2 109 63 140 31
E Back 1 -10 63 110 624 561
Back R -1 9 110 156 344 234
R Back 1 -9 156 109 374 218
Back I -1 5 109 94 499 390
I R 0 4 94 125 94 0
R E 0 1 125 125 62 -63
E Space -3 -1 125 94 172 47
Space L 2 -5 94 94 546 452
L I 1 1 94 93 172 78
I F -1 4 93 140 234 141
F E 1 1 140 109 62 -78
E OemPeriod -2 -6 109 78 2402 2293
OemPeriod Space -1 5 78 109 297 219
Space S 2 2 109 125 405 296
S O 1 -7 125 78 125 0
O Space -3 5 78 94 546 468
Space I 3 -4 94 124 219 125
I Space -3 4 124 109 312 188
Space D 2 1 109 140 1201 1092
D E 1 0 140 125 78 -62
E C -2 0 125 109 296 171
C I 2 -5 109 125 156 47
I D -1 5 125 94 156 31
D E 1 0 94 141 78 -16
E D -1 0 141 109 94 -47
D Space -2 -1 109 109 125 16
Space T 3 -1 109 109 109 0
T O 0 -4 109 94 171 62
O Space -3 5 94 125 219 125
Space D 2 1 125 93 1404 1279
D R 1 -1 93 94 171 78
R O 0 -5 94 94 203 109
O P 0 -1 94 78 187 93
P Space -3 6 78 109 1966 1888
Space O 3 -5 109 109 640 531
O U 0 2 109 78 296 187
U T 0 2 78 109 172 94
T Space -3 1 109 109 93 -16
Space A 2 3 109 141 109 0
A N -1 -5 141 109 110 -31
N D 1 3 109 110 124 15
D Space -2 -1 110 46 188 78
Space T 3 -1 46 93 1326 1280
T R 0 1 93 93 156 63
R U 0 -3 93 93 156 63
U S -1 5 93 94 140 47
S T 1 -3 94 93 172 78
T Space -3 1 93 94 124 31
Space T 3 -1 94 110 78 -16
T H -1 -1 110 93 110 0
H A 0 5 93 125 62 -31
A T 1 -4 125 125 62 -63
T Space -3 1 125 109 125 0
Space I 3 -4 109 93 1732 1623
I T 0 3 93 125 140 47
T Space -3 1 125 93 141 16
Space W 3 2 93 94 249 156
W O 0 -7 94 78 156 62
O U 0 2 78 93 297 219
U L -1 -2 93 94 218 125
L D 0 6 94 109 125 31
D Space -2 -1 109 93 156 47
Space A 2 3 93 125 2059 1966
A L 0 -8 125 62 234 109
L L 0 0 62 94 109 47
L Space -2 5 94 109 219 125
Space W 3 2 109 94 202 93
W O 0 -7 94 110 156 62
O R 0 5 110 109 671 561
R K -1 -4 109 94 125 16
K Space -2 4 94 94 234 140
Space O 3 -5 94 94 1560 1466
O U 0 2 94 78 218 124
U T 0 2 78 93 188 110
T Space -3 1 93 109 140 47
Space LShiftKey 1 4 109 499 234 125
LShiftKey O 2 -9 499 78 125 -374
O K -1 1 78 78 171 93
K OemPeriod -1 -1 78 109 1982 1904
OemPeriod Space -1 5 109 110 202 93
Space I 3 -4 110 109 250 140
I T 0 3 109 109 125 16
T Space -3 1 109 109 109 0
Space W 3 2 109 94 156 47
W S -1 0 94 125 203 109
S Space -2 -2 125 141 140 15
Space P 3 -6 141 110 811 670
P R 0 6 110 125 156 46
R E 0 1 125 93 63 -62
E T 0 -2 93 63 171 78
T T 0 0 63 109 110 47
T Y 0 -1 109 93 156 47
Y Space -3 2 93 125 1185 1092
Space S 2 2 125 109 437 312
S C -1 -1 109 125 203 94
C A 1 2 125 125 109 -16
A R 1 -3 125 110 140 15
R Y 0 -2 110 109 203 93
Y Space -3 2 109 109 203 94
Space A 2 3 109 109 406 297
A T 1 -4 109 94 218 109
T Space -3 1 94 109 125 31
Space T 3 -1 109 109 62 -47
T H -1 -1 109 110 109 0
H A 0 5 110 109 94 -16
A T 1 -4 109 125 78 -31
T Space -3 1 125 125 140 15
Space T 3 -1 125 94 250 125
T I 0 -3 94 93 281 187
I M -2 1 93 78 171 78
M E 2 4 78 94 156 78
E Oemcomma -2 -5 94 78 1342 1248
Oemcomma Space -1 4 78 109 187 109
Space B 1 -1 109 110 577 468
B U 2 -2 110 78 203 93
U T 0 2 78 110 109 31
T Space -3 1 110 109 110 0
Space L 2 -5 109 94 327 218
L O 1 0 94 47 203 109
O O 0 0 47 78 94 47
O K -1 1 78 62 187 109
K I 1 0 62 140 125 63
I N -2 2 140 109 93 -47
N G 1 1 109 109 94 -15
G Space -2 1 109 93 125 16
Space B 1 -1 93 93 1825 1732
B A 1 4 93 109 187 94
A C -1 -2 109 78 281 172
C K 1 -5 78 78 234 156
K Space -2 4 78 109 1092 1014
Space I 3 -4 109 109 343 234
I T 0 3 109 94 140 31
T Space -3 1 94 109 110 16
Space W 3 2 109 125 124 15
W A -1 1 125 93 188 63
A S 0 -1 93 109 31 -62
S Space -2 -2 109 125 93 -16
Space O 3 -5 125 109 281 156
O N -2 3 109 78 172 63
N E 2 3 78 94 140 62
E Space -3 -1 94 125 125 31
Space O 3 -5 125 94 2059 1934
O F -1 5 94 94 187 93
F Space -2 0 94 109 125 31
Space T 3 -1 109 109 94 -15
T H -1 -1 109 94 109 0
H E 1 3 94 109 31 -63
E Space -3 -1 109 109 156 47
Space B 1 -1 109 125 749 640
B E 2 2 125 94 140 15
E S -1 1 94 78 297 203
S T 1 -3 78 78 125 47
T Space -3 1 78 109 140 62
Space D 2 1 109 125 203 94
D E 1 0 125 125 62 -63
E C -2 0 125 94 546 421
C I 2 -5 94 94 109 15
I S -1 6 94 78 125 31
S I 1 -6 78 78 94 16
I O 0 -1 78 109 125 47
O N -2 3 109 93 156 47
N S 1 4 93 109 140 47
S Space -2 -2 109 93 125 16
Space I 3 -4 93 94 1310 1217
I Space -3 4 94 125 172 78
Space W 3 2 125 94 109 -16
W W 0 0 94 156 281 187
W E 0 -1 156 93 125 -31
E Back 1 -10 93 78 312 219
Back Back 0 0 78 110 124 46
Back Back 0 0 110 78 141 31
Back Back 0 0 78 94 140 62
Back Space -4 9 94 94 546 452
Space E 3 1 94 93 172 78
E V -2 -1 93 93 203 110
V E 2 1 93 187 93 0
E R 0 -1 187 94 109 -78
R Space -3 0 94 93 110 16
Space M 1 -3 93 93 468 375
M A 1 6 93 125 109 16
A D 0 -2 125 156 93 -32
D E 1 0 156 109 110 -46
E Space -3 -1 109 109 156 47
Space Back 4 -9 109 109 3276 3167
Back OemPeriod -3 4 109 78 405 296
OemPeriod Space -1 5 78 109 203 125
Space T 3 -1 109 94 546 437
T H -1 -1 94 109 94 0
H A 0 5 109 156 78 -31
A T 1 -4 156 124 78 -78
T Space -3 1 124 110 124 0
Space Back 4 -9 110 78 1108 998
Back Back 0 0 78 78 125 47
Back Back 0 0 78 93 125 47
Back E -1 10 93 94 93 0
E Space -3 -1 94 110 265 171
Space M 1 -3 110 109 1280 1170
M I 2 -1 109 94 171 62
I N -2 2 94 94 156 62
N U 2 -1 94 109 125 31
U T 0 2 109 125 140 31
T E 0 2 125 110 78 -47
E Space -3 -1 110 109 141 31
Space A 2 3 109 93 5195 5086
A I 1 -7 93 110 3946 3853
I Space -3 4 110 110 234 124
Space D 2 1 110 140 1077 967
D R 1 -1 140 94 249 109
R O 0 -5 94 94 250 156
O P 0 -1 94 62 203 109
P P 0 0 62 110 93 31
P E 0 7 110 156 94 -16
E D -1 0 156 78 94 -62
D Space -2 -1 78 93 109 31
Space O 3 -5 93 78 1622 1529
O U 0 2 78 109 702 624
U T 0 2 109 93 94 -15
T Space -3 1 93 140 156 63
Space I 3 -4 140 94 1123 983
I Space -3 4 94 109 203 109
Space C 1 1 109 94 218 109
C O 2 -6 94 78 109 15
O U 0 2 78 93 141 63
U L -1 -2 93 94 187 94
L D 0 6 94 94 109 15
D Space -2 -1 94 110 109 15
Space S 2 2 110 94 234 124
S T 1 -3 94 93 188 94
T O 0 -4 93 78 514 421
O P 0 -1 78 94 172 94
P Space -3 6 94 109 593 499
Space T 3 -1 109 109 343 234
T A -1 4 109 125 78 -31
A L 0 -8 125 93 328 203
L Back 2 -4 93 93 343 250
Back K -2 5 93 78 249 156
K I 1 0 78 156 156 78
I N -2 2 156 109 94 -62
N G 1 1 109 94 764 655
G Space -2 1 94 125 687 593
Space T 3 -1 125 109 265 140
T H -1 -1 109 109 281 172
H E 1 3 109 93 156 47
E Space -3 -1 93 109 125 32
Space R 3 0 109 156 124 15
R E 0 1 156 110 78 -78
E Q 0 2 110 94 562 452
Q U 0 -6 94 78 156 62
U I 0 -1 78 110 140 62
I R 0 4 110 109 63 -47
R E 0 1 109 172 62 -47
E D -1 0 172 109 125 -47
D Space -2 -1 109 78 125 16
Space C 1 1 78 109 936 858
C L 1 -6 109 109 359 250
L A 0 8 109 125 93 -16
A S 0 -1 125 62 203 78
S S 0 0 62 109 125 63
S E 1 -1 109 94 187 78
E S -1 1 94 78 172 78
S Space -2 -2 78 94 140 62
Space T 3 -1 94 94 187 93
T H -1 -1 94 109 125 31
H A 0 5 109 125 109 0
A T 1 -4 125 124 63 -62
T Space -3 1 124 109 140 16
Space D 2 1 109 93 593 484
D I 1 -5 93 110 93 0
I D -1 5 110 94 94 -16
D N -1 -3 94 63 343 249
N T 2 1 63 110 109 46
T Space -3 1 110 109 172 62
Space I 3 -4 109 109 1732 1623
I N -2 2 109 109 171 62
N T 2 1 109 109 94 -15
T E 0 2 109 110 405 296
E R 0 -1 110 124 188 78
R E 0 1 124 93 78 -46
E S -1 1 93 78 187 94
S T 1 -3 78 109 109 31
T Space -3 1 109 78 125 16
Space M 1 -3 78 94 265 187
M E 2 4 94 93 125 31
E M -2 -4 93 47 1248 1155
M Back 3 -6 47 78 749 702
Back Oemcomma -3 5 78 94 561 483
Oemcomma Space -1 4 94 109 203 109
Space A 2 3 109 94 109 0
A N -1 -5 94 93 63 -31
N D 1 3 93 110 124 31
D Space -2 -1 110 109 94 -16
Space B 1 -1 109 94 1591 1482
B E 2 2 94 110 187 93
E G -1 -2 110 78 2122 2012
G I 1 -3 78 93 125 47
I N -2 2 93 78 187 94
N Space -1 2 78 109 156 78
Space D 2 1 109 124 2200 2091
D R 1 -1 124 78 202 78
R O 0 -5 78 94 203 125
O P 0 -1 94 78 203 109
P P 0 0 78 93 125 47
P I 0 2 93 78 203 110
I N -2 2 78 109 187 109
N G 1 1 109 94 249 140
G Space -2 1 94 109 141 47
Space I 3 -4 109 93 749 640
I N -2 2 93 93 187 94
N Space -1 2 93 93 156 63
Space O 3 -5 93 93 234 141
O N -2 3 93 94 187 94
N Space -1 2 94 109 156 62
Space T 3 -1 109 78 1810 1701
T H -1 -1 78 93 109 31
H E 1 3 93 109 125 32
E Space -3 -1 109 78 109 0
Space O 3 -5 78 93 359 281
O N -2 3 93 93 187 94
N E 2 3 93 94 109 16
E S -1 1 94 93 172 78
S Space -2 -2 93 94 140 47
Space T 3 -1 94 109 967 873
T H -1 -1 109 109 125 16
H A 0 5 109 125 109 0
A T 1 -4 125 109 63 -62
T Space -3 1 109 93 78 -31
Space I 3 -4 93 94 374 281
I Space -3 4 94 109 203 109
Space L 2 -5 109 93 281 172
L O 1 0 93 78 202 109
O O 0 0 78 78 125 47
O K -1 1 78 94 187 109
K E 1 5 94 156 157 63
E D -1 0 156 109 109 -47
D Space -2 -1 109 109 140 31
Space Back 4 -9 109 734 499 390
Back Back 0 0 734 94 1139 405
Back Back 0 0 94 78 187 93
Back Back 0 0 78 93 141 63
Back Space -4 9 93 94 483 390
Space L 2 -5 94 78 453 359
L O 1 0 78 78 171 93
O O 0 0 78 78 110 32
O K -1 1 78 109 171 93
K E 1 5 109 156 125 16
E D -1 0 156 125 62 -94
D Space -2 -1 125 109 94 -31
Space I 3 -4 109 172 234 125
I N -2 2 172 125 109 -63
N T 2 1 125 109 125 0
T E 0 2 109 156 78 -31
E R 0 -1 156 156 109 -47
R E 0 1 156 94 109 -47
E S -1 1 94 78 172 78
S T 1 -3 78 109 94 16
T I 0 -3 109 187 546 437
I N -2 2 187 125 140 -47
N G 1 1 125 109 156 31
G OemPeriod -1 -4 109 78 998 889
OemPeriod Return 1 -3 78 109 6038 5960
Return LShiftKey -1 12 109 172 3213 3104
LShiftKey I 2 -8 172 93 94 -78
I T 0 3 93 110 171 78
T Space -3 1 110 94 125 15
Space W 3 2 94 124 141 47
W A -1 1 124 187 109 -15
A S 0 -1 187 78 421 234
S N -1 -4 78 109 624 546
N T 2 1 109 94 140 31
T Space -3 1 94 109 94 0
Space A 2 3 109 93 1763 1654
A L 0 -8 93 62 187 94
L L 0 0 62 94 109 47
L Space -2 5 94 109 203 109
Space R 3 0 109 94 187 78
R O 0 -5 94 78 109 15
O M -2 2 78 94 172 94
M A 1 6 94 109 125 31
A N -1 -5 109 94 109 0
N T 2 1 94 94 140 46
T I 0 -3 94 78 203 109
I C -2 5 78 93 952 874
C Space -1 -1 93 141 171 78
Space Back 4 -9 141 109 952 811
Back OemPeriod -3 4 109 109 515 406
OemPeriod Space -1 5 109 124 203 94
Space I 3 -4 124 109 218 94
I Space -3 4 109 125 359 250
Space D 2 1 125 110 249 124
D I 1 -5 110 94 94 -16
I D -1 5 94 109 94 0
D N -1 -3 109 94 124 15
N T 2 1 94 93 110 16
T Space -3 1 93 93 109 16
Space H 2 -2 93 93 1794 1701
H A 0 5 93 125 78 -15
A V -1 -3 125 156 234 109
V E 2 1 156 125 109 -47
E Space -3 -1 125 94 140 15
Space A 2 3 94 109 110 16
A Space -2 -3 109 125 124 15
Space D 2 1 125 109 1108 983
D O 1 -6 109 94 140 31
O R 0 5 94 94 172 78
R M -2 -3 94 78 234 140
M Space -1 3 78 94 187 109
Space R 3 0 94 109 281 187
R O 0 -5 109 62 156 47
O O 0 0 62 78 109 47
O M -2 2 78 78 203 125
M Oemcomma 0 -1 78 93 1732 1654
Oemcomma Space -1 4 93 93 187 94
Space O 3 -5 93 93 234 141
O Back 1 -4 93 93 437 344
Back S -2 11 93 78 140 47
S O 1 -7 78 78 125 47
O Space -3 5 78 78 312 234
Space I 3 -4 78 109 203 125
I Space -3 4 109 110 202 93
Space S 2 2 110 94 203 93
S L 0 -7 94 78 234 140
L E 1 6 78 93 484 406
E P 0 -7 93 93 156 63
P T 0 5 93 109 187 94
T Space -3 1 109 94 156 47
Space O 3 -5 94 94 1092 998
O N -2 3 94 78 187 93
N Space -1 2 78 94 156 78
Space T 3 -1 94 93 94 0
T H -1 -1 93 93 78 -15
H E 1 3 93 125 78 -15
E Space -3 -1 125 109 109 -16
Space F 2 0 109 110 530 421
F K 0 -4 110 63 156 46
K L 0 -1 63 63 0 -63
L O 1 0 63 78 141 78
O O 0 0 78 94 109 31
O R 0 5 94 94 78 -16
R Back 1 -9 94 93 796 702
Back Back 0 0 93 78 156 63
Back Back 0 0 78 94 124 46
Back Back 0 0 94 78 141 47
Back Back 0 0 78 93 125 47
Back L -2 4 93 94 608 515
L O 1 0 94 47 187 93
O O 0 0 47 94 109 62
O R 0 5 94 94 125 31
R Space -3 0 94 93 1810 1716
Space I 3 -4 93 93 359 266
I N -2 2 93 78 171 78
N Space -1 2 78 109 141 63
Space M 1 -3 109 109 265 156
M Y 2 1 109 109 296 187
Y Space -3 2 109 110 265 156
Space F 2 0 110 109 1186 1076
F R 1 0 109 78 218 109
R I 0 -4 78 93 141 63
I E 0 5 93 109 109 16
E N -2 -3 109 93 125 16
N D 1 3 93 156 109 16
D S 0 1 156 140 94 -62
S Space -2 -2 140 109 624 484
Space Back 4 -9 109 78 639 530
Back Back 0 0 78 94 125 47
Back OemQuestion -3 3 94 109 983 889
OemQuestion S 1 8 109 93 624 515
S Space -2 -2 93 109 1388 1295
Space R 3 0 109 93 297 188
R O 0 -5 93 78 187 94
O O 0 0 78 78 109 31
O M -2 2 78 93 172 94
M S 1 5 93 93 109 16
S Back 2 -11 93 110 3525 3432
Back OemQuestion -3 3 110 78 671 561
OemQuestion Oemcomma 0 2 78 94 6677 6599
Oemcomma Space -1 4 94 93 172 78
Space I 3 -4 93 94 171 78
I Space -3 4 94 93 172 78
Space R 3 0 93 125 140 47
R E 0 1 125 109 63 -62
E T 0 -2 109 109 187 78
T U 0 -2 109 93 156 47
U R 0 3 93 125 109 16
R E 0 1 125 94 78 -47
E Back 1 -10 94 109 421 327
Back N -3 7 109 93 2637 2528
N E 2 3 93 171 78 -15
E D -1 0 171 109 93 -78
D Space -2 -1 109 125 2621 2512
Space LShiftKey 1 4 125 265 702 577
LShiftKey C 0 -3 265 140 125 -140
C O 2 -6 140 78 125 -15
O K -1 1 78 93 156 78
K E 1 5 93 93 109 16
E Space -3 -1 93 94 1154 1061
Space B 1 -1 94 109 2590 2496
B O 2 -4 109 93 125 16
O T 0 4 93 63 202 109
T T 0 0 63 78 110 47
T L -1 -4 78 109 140 62
L E 1 6 109 78 78 -31
E S -1 1 78 94 156 78
S Space -2 -2 94 93 172 78
Space F 2 0 93 110 2776 2683
F O 1 -5 110 94 94 -16
O R 0 5 94 93 125 31
R Space -3 0 93 94 140 47
Space T 3 -1 94 125 78 -16
T H -1 -1 125 78 125 0
H E 1 3 78 94 62 -16
E Space -3 -1 94 109 125 31
Space D5 4 -1 109 109 1623 1514
D5 Space -4 1 109 93 312 203
Space C 1 1 93 140 140 47
C E 2 0 140 140 94 -46
E N -2 -3 140 93 234 94
N T 2 1 93 125 171 78
T S -1 3 125 125 109 -16
S Space -2 -2 125 125 780 655
Space D 2 1 125 140 266 141
D E 1 0 140 125 46 -94
E P 0 -7 125 109 297 172
P O 0 1 109 94 187 78
O S -1 7 94 109 203 109
S I 1 -6 109 94 109 0
I T 0 3 94 125 125 31
T S -1 3 125 125 312 187
S Space -2 -2 125 109 827 702
Space T 3 -1 109 93 468 359
T O 0 -4 93 93 156 63
O Space -3 5 93 109 234 141
Space B 1 -1 109 110 670 561
B U 2 -2 110 78 94 -16
U Y 0 1 78 78 172 94
Y Space -3 2 78 125 187 109
Space F 2 0 125 94 1544 1419
F O 1 -5 94 94 187 93
O O 0 0 94 109 125 31
O D -1 6 109 93 172 63
D Space -2 -1 93 109 109 16
Space W 3 2 109 109 187 78
W I 0 -6 109 109 125 16
I T 0 3 109 109 156 47
T H -1 -1 109 94 156 47
H Oemcomma -1 -2 94 78 1529 1435
Oemcomma Space -1 4 78 109 156 78
Space A 2 3 109 125 109 0
A N -1 -5 125 93 94 -31
N D 1 3 93 125 109 16
D Space -2 -1 125 109 109 -16
Space W 3 2 109 78 1186 1077
W O 0 -7 78 94 140 62
O U 0 2 94 94 156 62
U L -1 -2 94 94 187 93
L D 0 6 94 125 78 -16
D Space -2 -1 125 94 156 31
Space W 3 2 94 94 281 187
W A -1 1 94 125 125 31
A L 0 -8 125 78 140 15
L K 0 1 78 94 624 546
K Space -2 4 94 93 952 858
Space T 3 -1 93 109 296 203
T H -1 -1 109 94 125 16
H E 1 3 94 109 94 0
E Space -3 -1 109 109 109 0
Space D7 4 -3 109 109 858 749
D7 Space -4 3 109 125 249 140
Space M 1 -3 125 93 219 94
M L 1 -2 93 62 343 250
L Back 2 -4 62 109 312 250
Back I -1 5 109 94 702 593
I L -1 -1 94 78 187 93
L E 1 6 78 93 94 16
E S -1 1 93 78 187 94
S Space -2 -2 78 94 140 62
Space A 2 3 94 109 1810 1716
A C -1 -2 109 109 172 63
C R 2 -1 109 109 187 78
R O 0 -5 109 94 171 62
O S -1 7 94 203 125 31
S S 0 0 203 109 780 577
S Space -2 -2 109 109 1326 1217
Space T 3 -1 109 78 281 172
T O 0 -4 78 94 468 390
O W 0 7 94 78 140 46
W N -2 -4 78 94 172 94
N Space -1 2 94 93 172 78
Space E 3 1 93 78 1981 1888
E V -2 -1 78 94 218 140
V E 2 1 94 156 156 62
E R 0 -1 156 109 94 -62
R Y 0 -2 109 78 187 78
Y Space -3 2 78 94 218 140
Space LShiftKey 1 4 94 234 2574 2480
LShiftKey S 1 -2 234 109 172 -62
S U 1 -5 109 94 218 109
U N -2 1 94 109 172 78
N D 1 3 109 140 203 94
D A 0 2 140 125 78 -62
A Y 1 -5 125 78 171 46
Y Space -3 2 78 109 188 110
Space N 1 -2 109 109 2340 2231
N I 2 -2 109 94 171 62
I G -1 3 94 94 281 187
G H 0 -1 94 109 94 0
H T 1 1 109 94 109 0
T Space -3 1 94 109 109 15
Space T 3 -1 109 109 125 16
T O 0 -4 109 78 187 78
O Space -3 5 78 94 203 125
Space G 2 -1 94 125 390 296
G E 1 2 125 125 78 -47
E T 0 -2 125 109 172 47
T Space -3 1 109 124 156 47
Space A 2 3 124 109 343 219
A Space -2 -3 109 109 125 16
Space Back 4 -9 109 265 1638 1529
Back Back 0 0 265 125 1076 811
Back O -1 4 125 78 296 171
O N -2 3 78 109 188 110
N E 2 3 109 109 156 47
E Space -3 -1 109 109 93 -16
Space G 2 -1 109 93 2169 2060
G O 1 -4 93 62 140 47
O O 0 0 62 78 109 47
O D -1 6 78 125 156 78
D Space -2 -1 125 110 265 140
Space M 1 -3 110 94 1919 1809
M E 2 4 94 78 172 78
E E 0 0 78 94 140 62
E Back 1 -10 94 109 390 296
Back A -2 12 109 78 125 16
A L 0 -8 78 93 172 94
L Space -2 5 93 94 1029 936
Space A 2 3 94 109 94 0
A Space -2 -3 109 94 109 0
Space W 3 2 94 109 265 171
W E 0 -1 109 46 219 110
E E 0 0 46 78 93 47
E K -1 -5 78 93 172 94
K Space -2 4 93 109 889 796
Space A 2 3 109 78 156 47
A T 1 -4 78 78 203 125
T Space -3 1 78 94 109 31
Space T 3 -1 94 94 62 -32
T H -1 -1 94 125 125 31
H E 1 3 125 93 63 -62
E Space -3 -1 93 140 140 47
Space LShiftKey 1 4 140 234 1451 1311
LShiftKey H 1 -6 234 109 156 -78
H A 0 5 109 125 171 62
A R 1 -3 125 156 125 0
R E 0 1 156 63 109 -47
E Space -3 -1 63 110 936 873
Space LShiftKey 1 4 110 312 344 234
LShiftKey K 1 -8 312 94 218 -94
K R 1 4 94 94 468 374
R I 0 -4 94 109 109 15
I S -1 6 109 94 187 78
S H 0 -4 94 94 172 78
H N -1 0 94 93 328 234
N A 1 5 93 94 140 47
A Space -2 -3 94 93 1139 1045
Space T 3 -1 93 109 343 250
T E 0 2 109 110 62 -47
E M -2 -4 110 125 125 15
M P 2 -3 125 187 234 109
P L -1 1 187 140 94 -93
L E 1 6 140 93 156 16
E OemPeriod -2 -6 93 93 780 687
OemPeriod Space -1 5 93 125 234 141
Space I 3 -4 125 93 905 780
I Space -3 4 93 94 202 109
Space L 2 -5 94 78 219 125
L O 1 0 78 94 140 62
O V -2 5 94 109 297 203
V E 2 1 109 124 78 -31
E D -1 0 124 109 156 32
D Space -2 -1 109 94 124 15
Space I 3 -4 94 125 156 62
I T 0 3 125 78 110 -15
T OemPeriod -2 -4 78 78 2199 2121
OemPeriod Space -1 5 78 110 187 109
Space A 2 3 110 110 156 46
A N -1 -5 110 94 94 -16
N D 1 3 94 93 94 0
D Space -2 -1 93 78 109 16
Space M 1 -3 78 94 187 109
M U 2 0 94 93 1061 967
U C -2 4 93 93 234 141
C H 1 -3 93 93 156 63
H Space -2 2 93 124 1139 1046
Space O 3 -5 124 94 639 515
O F -1 5 94 125 125 31
F Space -2 0 125 93 125 0
Space W 3 2 93 94 405 312
W H -1 -4 94 109 141 47
H A 0 5 109 94 140 31
A T 1 -4 94 109 78 -16
T Space -3 1 109 125 125 16
Space I 3 -4 125 109 250 125
I Space -3 4 109 110 202 93
Space S 2 2 110 78 2621 2511
S T 1 -3 78 109 219 141
T U 0 -2 109 94 140 31
U M -2 0 94 109 265 171
M B 0 2 109 109 562 453
B L 1 -4 109 93 234 125
L E 1 6 93 172 171 78
E D -1 0 172 125 94 -78
D Space -2 -1 125 94 140 15
Space I 3 -4 94 125 1576 1482
I N -2 2 125 94 218 93
N Space -1 2 94 62 32 -62
Space T 3 -1 62 78 187 125
T O 0 -4 78 94 140 62
O Back 1 -4 94 93 843 749
Back Back 0 0 93 78 140 47
Back Back 0 0 78 94 140 62
Back Back 0 0 94 46 188 94
Back N -3 7 46 109 655 609
N T 2 1 109 78 171 62
T O 0 -4 78 78 78 0
O Space -3 5 78 109 203 125
Space B 1 -1 109 125 2418 2309
B Y 2 -1 125 78 203 78
Y Space -3 2 78 93 203 125
Space F 2 0 93 94 265 172
F O 1 -5 94 78 140 46
O L -1 0 78 78 203 125
L L 0 0 78 110 109 31
L O 1 0 110 94 718 608
O W 0 7 94 93 671 577
W I 0 -6 93 93 125 32
I N -2 2 93 109 171 78
N G 1 1 109 94 203 94
G Space -2 1 94 93 125 31
Space M 1 -3 93 171 390 297
M Y 2 1 171 125 811 640
Y Space -3 2 125 125 265 140
Space C 1 1 125 141 1591 1466
C U 2 -4 141 78 141 0
U I 0 -1 78 94 265 187
I Back 1 -5 94 125 983 889
Back R -1 9 125 110 171 46
R I 0 -4 110 78 546 436
I O 0 -1 78 109 141 63
O S -1 7 109 125 171 62
S I 1 -6 125 93 110 -15
I T 0 3 93 93 156 63
T Y 0 -1 93 94 202 109
Y Space -3 2 94 125 999 905
Space A 2 3 125 109 686 561
A N -1 -5 109 94 109 0
N D 1 3 94 94 125 31
D Space -2 -1 94 125 94 0
Space I 3 -4 125 110 249 124
I Space -3 4 110 109 1077 967
Space S 2 2 109 93 156 47
S Back 2 -11 93 78 515 422
Back Back 0 0 78 110 124 46
Back Back 0 0 110 94 156 46
Back I -1 5 94 78 593 499
I N -2 2 78 94 187 109
N S 1 4 94 93 531 437
S T 1 -3 93 110 717 624
T I 0 -3 110 93 141 31
I T 0 3 93 109 109 16
T U 0 -2 109 78 125 16
U T 0 2 78 94 249 171
T I 0 -3 94 62 94 0
I O 0 -1 62 125 109 47
O N -2 3 125 94 203 78
N Space -1 2 94 109 1763 1669
Space T 3 -1 109 125 655 546
T U 0 -2 125 94 140 15
U R 0 3 94 94 125 31
R N -2 -2 94 94 203 109
N E 2 3 94 156 140 46
E D -1 0 156 125 78 -78
D Space -2 -1 125 93 141 16
Space O 3 -5 93 109 343 250
O U 0 2 109 109 203 94
U T 0 2 109 93 125 16
T Space -3 1 93 94 140 47
Space T 3 -1 94 109 1591 1497
T O 0 -4 109 78 141 32
O Space -3 5 78 109 187 109
Space B 1 -1 109 93 671 562
B E 2 2 93 93 156 63
E Space -3 -1 93 94 140 47
Space P 3 -6 94 109 328 234
P R 0 6 109 94 124 15
R I 0 -4 94 109 125 31
I C -2 5 109 172 234 125
C E 2 0 172 125 109 -63
E L -1 -6 125 109 500 375
L E 1 6 109 94 93 -16
E S -1 1 94 78 187 93
S S 0 0 78 78 125 47
S Space -2 -2 78 124 1389 1311
Space L 2 -5 124 109 452 328
L A 0 8 109 125 78 -31
A T 1 -4 125 110 140 15
T E 0 2 110 203 78 -32
E R 0 -1 203 109 110 -93
R Space -3 0 109 109 156 47
Space O 3 -5 109 109 249 140
O N -2 3 109 110 187 78
N OemPeriod 0 -3 110 93 734 624
OemPeriod Space -1 5 93 124 390 297
Space L 2 -5 124 124 624 500
L E 1 6 124 109 93 -31
E T 0 -2 109 109 125 16
T Space -3 1 109 94 109 0
Space M 1 -3 94 109 156 62
M E 2 4 109 94 125 16
E Space -3 -1 94 94 78 -16
Space G 2 -1 94 93 1763 1669
G I 1 -3 93 93 125 32
I V -2 4 93 141 124 31
V E 2 1 141 109 94 -47
E Space -3 -1 109 94 140 31
Space O 3 -5 94 94 484 390
O Back 1 -4 94 94 374 280
Back Y -1 7 94 94 827 733
Y O 0 -3 94 110 187 93
O U 0 2 110 94 172 62
U Space -3 3 94 109 281 187
Space O 3 -5 109 78 1700 1591
O N -2 3 78 78 203 125
N E 2 3 78 94 156 78
E Space -3 -1 94 78 140 46
Space E 3 1 78 94 406 328
E X -2 1 94 94 234 140
X A 1 1 94 78 359 265
A M -1 -6 78 94 140 62
M P 2 -3 94 156 203 109
P L -1 1 156 140 78 -78
L S 0 7 140 94 140 0
S Back 2 -11 94 110 858 764
Back E -1 10 110 78 359 249
E Oemtilde 1 3 78 109 2434 2356
Oemtilde Back 0 -13 109 110 405 296
Back RShiftKey -3 2 110 468 453 343
RShiftKey Oemtilde 3 11 468 109 234 -234
Oemtilde Back 0 -13 109 124 515 406
Back RShiftKey -3 2 124 702 2106 1982
RShiftKey Oemplus 3 -1 702 109 390 -312
Oemplus Back 0 -1 109 125 483 374
Back RShiftKey -3 2 125 1373 15865 15740
RShiftKey Oemplus 3 -1 1373 94 952 -421
Oemplus Back 0 -1 94 109 10858 10764
Back RShiftKey -3 2 109 858 390 281
RShiftKey Oemplus 3 -1 858 125 577 -281
Oemplus RShiftKey -3 1 125 967 11029 10904
RShiftKey Oem1 1 1 967 141 577 -390
Oem1 Back 2 -3 141 93 1077 936
Back Back 0 0 93 109 140 47
Back Oem1 -2 3 109 94 889 780
Oem1 Back 2 -3 94 110 702 608
Back Back 0 0 110 109 172 62
Back Oem6 -1 1 109 93 749 640
Oem6 Back 1 -1 93 140 593 500
Back RShiftKey -3 2 140 593 717 577
RShiftKey Oem6 2 -1 593 124 297 -296
Oem6 Back 1 -1 124 172 561 437
Back RShiftKey -3 2 172 452 1342 1170
RShiftKey OemQuestion 0 1 452 109 218 -234
OemQuestion Back 3 -3 109 125 593 484
Back RShiftKey -3 2 125 920 2980 2855
RShiftKey D0 3 1 920 141 592 -328
D0 Back 0 -3 141 109 593 452
Back RShiftKey -3 2 109 983 967 858
RShiftKey D9 3 2 983 140 640 -343
D9 Back 0 -4 140 109 1326 1186
Back OemPeriod -3 4 109 78 1248 1139
OemPeriod Return 1 -3 78 110 6848 6770
Return LShiftKey -1 12 110 343 749 639
LShiftKey R 2 -4 343 78 297 -46
R T 0 -1 78 47 15 -63
T Back 1 -8 47 93 562 515
Back E -1 10 93 78 296 203
E E 0 0 78 156 141 63
E D -1 0 156 141 93 -63
D Space -2 -1 141 125 203 62
Space LShiftKey 1 4 125 234 1435 1310
LShiftKey C 0 -3 234 124 141 -93
C O 2 -6 124 94 202 78
O L -1 0 94 78 188 94
L L 0 0 78 93 109 31
L E 1 6 93 109 47 -46
E G -1 -2 109 156 109 0
G E 1 2 156 94 93 -63
E Space -3 -1 94 110 156 62
Space A 2 3 110 125 827 717
A T 1 -4 125 93 219 94
T Space -3 1 93 94 140 47
Space T 3 -1 94 109 47 -47
T H -1 -1 109 109 125 16
H E 1 3 109 110 46 -63
E Back 1 -10 110 140 500 390
Back A -2 12 140 109 109 -31
A T 1 -4 109 125 78 -31
T T 0 0 125 94 265 140
T I 0 -3 94 109 125 31
I Back 1 -5 109 125 421 312
Back Back 0 0 125 124 328 203
Back Space -4 9 124 109 312 188
Space T 3 -1 109 78 358 249
T I 0 -3 78 94 281 203
I M -2 1 94 110 733 639
M E 2 4 110 94 172 62
E Space -3 -1 94 78 172 78
Space O 3 -5 78 109 6037 5959
O F -1 5 109 78 156 47
F F 0 0 78 78 125 47
F E 1 1 78 141 93 15
E R 0 -1 141 141 78 -63
R E 0 1 141 188 109 -32
E D -1 0 188 124 110 -78
D Space -2 -1 124 78 156 32
Space P 3 -6 78 94 2823 2745
P E 0 7 94 125 125 31
E R 0 -1 125 110 62 -63
R H -1 -2 110 93 453 343
H A 0 5 93 93 156 63
A P 1 -9 93 93 281 188
P S -1 8 93 94 124 31
S Space -2 -2 94 125 671 577
Space T 3 -1 125 109 390 265
T H -1 -1 109 94 125 16
H E 1 3 94 93 94 0
E Space -3 -1 93 125 109 16
Space B 1 -1 125 156 1856 1731
B E 2 2 156 109 141 -15
E S -1 1 109 93 312 203
S T 1 -3 93 78 140 47
T Space -3 1 78 109 172 94
Space C 1 1 109 140 1950 1841
C A 1 2 140 125 109 -31
A L 0 -8 125 78 203 78
L L 0 0 78 93 109 31
L I 1 1 93 94 171 78
I G -1 3 94 94 234 140
G R 1 1 94 125 172 78
R A -1 3 125 94 78 -47
A P 1 -9 94 110 296 202
P H -1 4 110 140 328 218
H Y 1 0 140 109 203 63
Y Space -3 2 109 109 1669 1560
Space I 3 -4 109 93 484 375
I N -2 2 93 109 171 78
N S 1 4 109 93 219 110
S T 1 -3 93 94 171 78
T R 0 1 94 62 172 78
R U 0 -3 62 94 109 47
U C -2 4 94 94 156 62
C T 2 -2 94 78 203 109
T I 0 -3 78 78 156 78
I O 0 -1 78 78 156 78
O N -2 3 78 94 171 93
N Space -1 2 94 125 1061 967
Space I 3 -4 125 109 297 172
I N -2 2 109 93 187 78
N Space -1 2 93 78 171 78
Space T 3 -1 78 78 94 16
T H -1 -1 78 125 62 -16
H E 1 3 125 109 110 -15
E Space -3 -1 109 78 124 15
Space C 1 1 78 109 328 250
C O 2 -6 109 78 140 31
O U 0 2 78 78 141 63
U N -2 1 78 109 156 78
N T 2 1 109 172 140 31
T R 0 1 172 109 141 -31
R Y 0 -2 109 94 171 62
Y OemPeriod -2 -3 94 94 1607 1513
OemPeriod Space -1 5 94 94 234 140
Space T 3 -1 94 125 468 374
T H -1 -1 125 93 125 0
H R 1 2 93 109 140 47
R O 0 -5 109 109 515 406
O U 0 2 109 93 172 63
U G -1 2 93 94 202 109
G H 0 -1 94 109 94 0
H O 1 -3 109 109 1841 1732
O U 0 2 109 78 203 94
U T 0 2 78 109 93 15
T Space -3 1 109 124 297 188
Space T 3 -1 124 94 530 406
T H -1 -1 94 110 140 46
H E 1 3 110 109 94 -16
E Space -3 -1 109 110 140 31
Space C 1 1 110 171 188 78
C A 1 2 171 125 93 -78
A M -1 -6 125 109 156 31
M P 2 -3 109 94 203 94
P U 0 3 94 78 203 109
U I 0 -1 78 63 15 -63
I S -1 6 63 93 141 78
S Back 2 -11 93 78 702 609
Back Back 0 0 78 94 140 62
Back S -2 11 94 94 203 109
S Space -2 -2 94 94 702 608
Space E 3 1 94 109 811 717
E V -2 -1 109 140 219 110
V E 2 1 140 156 187 47
E R 0 -1 156 125 187 31
R Y 0 -2 125 109 156 31
Y Space -3 2 109 110 218 109
Space P 3 -6 110 78 312 202
P O 0 1 78 109 125 47
O S -1 7 109 125 94 -15
S T 1 -3 125 110 171 46
T E 0 2 110 187 94 -16
E R 0 -1 187 78 125 -62
R Oemcomma -2 -4 78 93 1841 1763
Oemcomma Space -1 4 93 125 608 515
Space E 3 1 125 78 109 -16
E V -2 -1 78 125 172 94
V E 2 1 125 172 109 -16
E R 0 -1 172 141 109 -63
R Y 0 -2 141 109 141 0
Y Space -3 2 109 110 202 93
Space L 2 -5 110 94 281 171
L A 0 8 94 124 141 47
A N -1 -5 124 109 140 16
N Back 3 -7 109 109 484 375
Back B -3 8 109 94 124 15
B L 1 -4 94 109 765 671
L E 1 6 109 78 156 47
E Space -3 -1 78 109 2262 2184
Space O 3 -5 109 110 327 218
O N -2 3 110 93 219 109
N Space -1 2 93 109 140 47
Space E 3 1 109 93 250 141
E V -2 -1 93 63 171 78
V E 2 1 63 125 63 0
E R 0 -1 125 125 140 15
R Y 0 -2 125 47 187 62
Y Back 1 -7 47 858 2262 2215
Back Back 0 0 858 94 952 94
Back Back 0 0 94 94 156 62
Back Back 0 0 94 93 125 31
Back Back 0 0 93 109 265 172
Back E -1 10 109 94 3900 3791
E L -1 -6 94 78 218 124
L Space -2 5 78 94 234 156
Space O 3 -5 94 94 1186 1092
O N -2 3 94 78 390 296
N Space -1 2 78 93 172 94
Space E 3 1 93 109 140 47
E V -2 -1 109 93 172 63
V E 2 1 93 172 124 31
E R 0 -1 172 125 125 -47
R Y 0 -2 125 94 109 -16
Y Space -3 2 94 124 2528 2434
Space D 2 1 124 93 421 297
D R 1 -1 93 94 187 94
R A -1 3 94 94 140 46
A W 1 -1 94 109 188 94
W E 0 -1 109 109 437 328
E R 0 -1 109 109 156 47
R Oemcomma -2 -4 109 94 1466 1357
Oemcomma Space -1 4 94 109 187 93
Space W 3 2 109 124 141 32
W A -1 1 124 156 109 -15
A S 0 -1 156 110 93 -63
S Space -2 -2 110 109 110 0
Space B 1 -1 109 94 1887 1778
B E 2 2 94 93 172 78
E A -1 2 93 125 187 94
A U 1 -6 125 109 546 421
U T 0 2 109 93 172 63
T I 0 -3 93 94 171 78
I F -1 4 94 93 406 312
F U 1 -3 93 94 140 47
U L -1 -2 94 78 1435 1341
L L 0 0 78 93 110 32
L Y 1 3 93 94 327 234
Y Space -3 2 94 109 250 156
Space H 2 -2 109 94 639 530
H A 0 5 94 125 141 47
A N -1 -5 125 94 374 249
N D 1 3 94 125 156 62
D Space -2 -1 125 125 2387 2262
Space C 1 1 125 94 390 265
C A 1 2 94 110 140 46
A L 0 -8 110 78 188 78
L L 0 0 78 93 109 31
L I 1 1 93 109 156 63
I G -1 3 109 110 171 62
G R 1 1 110 78 562 452
R A -1 3 78 46 172 94
A P 1 -9 46 93 1170 1124
P H -1 4 93 110 358 265
H E 1 3 110 187 219 109
E D -1 0 187 94 140 -47
D OemPeriod -1 -6 94 78 1872 1778
OemPeriod Space -1 5 78 110 187 109
Space B 1 -1 110 94 406 296
B E 2 2 94 109 172 78
E C -2 0 109 94 358 249
C A 1 2 94 172 78 -16
A S 0 -1 172 140 141 -31
S U 1 -5 140 94 218 78
U Back 1 -6 94 78 359 265
Back Back 0 0 78 109 109 31
Back Back 0 0 109 78 328 219
Back Back 0 0 78 78 140 62
Back Back 0 0 78 93 141 63
Back Back 0 0 93 94 140 47
Back Back 0 0 94 109 593 499
Back Space -4 9 109 141 14102 13993
Space LShiftKey 1 4 141 187 484 343
LShiftKey B 0 -5 187 94 109 -78
B E 2 2 94 94 156 62
E C -2 0 94 140 437 343
C A 1 2 140 171 78 -62
A U 1 -6 171 109 156 -15
U S -1 5 109 93 437 328
S E 1 -1 93 93 156 63
E Space -3 -1 93 109 218 125
Space I 3 -4 109 94 1950 1841
I Space -3 4 94 125 1076 982
Space H 2 -2 125 93 188 63
H A 0 5 93 141 124 31
A D 0 -2 141 125 78 -63
D Space -2 -1 125 94 156 31
Space D 2 1 94 109 1685 1591
D R 1 -1 109 93 172 63
R O 0 -5 93 78 234 141
O P 0 -1 78 62 187 109
P P 0 0 62 109 109 47
P E 0 7 109 172 125 16
E D -1 0 172 94 109 -63
D Space -2 -1 94 78 156 62
Space O 3 -5 78 94 343 265
O U 0 2 94 94 172 78
U T 0 2 94 93 125 31
T Space -3 1 93 125 1341 1248
Space A 2 3 125 93 344 219
A N -1 -5 93 31 156 63
N N 0 0 31 124 156 125
N Back 3 -7 124 125 920 796
Back D -2 10 125 140 125 0
D Space -2 -1 140 125 499 359
Space D 2 1 125 109 359 234
D I 1 -5 109 93 125 16
I D -1 5 93 109 156 63
D N -1 -3 109 94 280 171
N T 2 1 94 94 125 31
T Space -3 1 94 109 702 608
Space H 2 -2 109 109 468 359
H A 0 5 109 124 63 -46
A V -1 -3 124 141 561 437
V E 2 1 141 109 78 -63
E Space -3 -1 109 125 1888 1779
Space T 3 -1 125 109 608 483
T O 0 -4 109 94 156 47
O Space -3 5 94 109 234 140
Space T 3 -1 109 94 125 16
T A -1 4 94 125 140 46
A K 0 -7 125 78 156 31
K E 1 5 78 94 94 16
E Space -3 -1 94 93 172 78
Space N 1 -2 93 94 218 125
N O 2 -3 94 78 187 93
O R 0 5 78 125 172 94
R N -2 -2 125 63 218 93
N M 0 -1 63 63 0 -63
M Back 3 -6 63 94 655 592
Back Back 0 0 94 93 141 47
Back M -3 6 93 109 577 484
M A 1 6 109 110 140 31
A L 0 -8 110 94 94 -16
L Space -2 5 94 94 733 639
Space C 1 1 94 109 297 203
C L 1 -6 109 94 140 31
L A 0 8 94 141 109 15
A S 0 -1 141 93 250 109
S S 0 0 93 78 171 78
S E 1 -1 78 94 156 78
E S -1 1 94 94 172 78
S Oemcomma -1 -6 94 94 3104 3010
Oemcomma Space -1 4 94 94 203 109
Space I 3 -4 94 94 203 109
I Space -3 4 94 109 203 109
Space D 2 1 109 125 156 47
D E 1 0 125 125 78 -47
E C -2 0 125 109 187 62
C I 2 -5 109 94 156 47
I D -1 5 94 124 94 0
D E 1 0 124 141 93 -31
E D -1 0 141 141 78 -63
D Space -2 -1 141 109 1919 1778
Space T 3 -1 109 94 374 265
T O 0 -4 94 93 141 47
O Space -3 5 93 109 218 125
Space T 3 -1 109 78 109 0
T A -1 4 78 78 156 78
A Q 1 0 78 47 16 -62
Q K -1 -7 47 78 62 15
K Back 2 -5 78 78 702 624
Back Back 0 0 78 109 110 32
Back K -2 5 109 93 733 624
K E 1 5 93 94 109 16
E Space -3 -1 94 93 203 109
Space A 2 3 93 140 1123 1030
A Space -2 -3 140 109 125 -15
Space C 1 1 109 94 249 140
C A 1 2 94 109 125 31
A L 0 -8 109 63 187 78
L L 0 0 63 78 110 47
L I 1 1 78 109 140 62
I G -1 3 109 109 156 47
G R 1 1 109 94 218 109
R A -1 3 94 140 63 -31
A P 1 -9 140 94 265 125
P H -1 4 94 110 218 124
H Y 1 0 110 109 172 62
Y Space -3 2 109 125 2106 1997
Space C 1 1 125 109 406 281
C L 1 -6 109 109 93 -16
L A 0 8 109 140 141 32
A S 0 -1 140 46 234 94
S S 0 0 46 93 109 63
S Space -2 -2 93 141 1076 983
Space T 3 -1 141 109 312 171
T O 0 -4 109 78 172 63
O Space -3 5 78 94 218 140
Space L 2 -5 94 109 234 140
L E 1 6 109 172 78 -31
E A -1 2 172 156 109 -63
A R 1 -3 156 140 110 -46
R N -2 -2 140 78 202 62
N Space -1 2 78 109 250 172
Space H 2 -2 109 94 2293 2184
H O 1 -3 94 94 203 109
O W 0 7 94 78 250 156
W Space -3 -2 78 110 124 46
Space T 3 -1 110 124 1358 1248
T O 0 -4 124 110 514 390
O Space -3 5 110 94 359 249
Space D 2 1 94 125 172 78
D O 1 -6 125 110 93 -32
O Space -3 5 110 78 266 156
Space T 3 -1 78 94 639 561
T H -1 -1 94 78 109 15
H I 1 -2 78 93 188 110
I S -1 6 93 93 109 16
S OemPeriod -1 -7 93 93 1763 1670
OemPeriod Space -1 5 93 110 202 109
Space I 3 -4 110 109 219 109
I Space -3 4 109 93 203 94
Space L 2 -5 93 78 218 125
L E 1 6 78 125 109 31
E A -1 2 125 93 687 562
A R 1 -3 93 125 140 47
R N -2 -2 125 110 218 93
N E 2 3 110 156 125 15
E D -1 0 156 109 78 -78
D Space -2 -1 109 140 141 32
Space A 2 3 140 125 1310 1170
A B -1 -4 125 125 608 483
B O 2 -4 125 93 188 63
O U 0 2 93 94 171 78
U T 0 2 94 78 109 15
T Space -3 1 78 141 1092 1014
Space S 2 2 141 93 609 468
S E 1 -1 93 141 171 78
E R 0 -1 141 125 94 -47
R I 0 -4 125 94 187 62
I F -1 4 94 93 718 624
F Space -2 0 93 94 1887 1794
Space A 2 3 94 140 297 203
A M -1 -6 140 78 171 31
M Back 3 -6 78 109 406 328
Back N -3 7 109 109 265 156
N D 1 3 109 125 125 16
D Space -2 -1 125 94 140 15
Space S 2 2 94 125 203 109
S A 0 1 125 125 109 -16
A N -1 -5 125 109 250 125
N S 1 4 109 94 187 78
S Space -2 -2 94 125 1186 1092
Space S 2 2 125 93 234 109
S E 1 -1 93 109 187 94
E R 0 -1 109 109 359 250
R I 0 -4 109 93 156 47
I F -1 4 93 94 109 16
F Space -2 0 94 141 1934 1840
Space T 3 -1 141 94 484 343
T Y 0 -1 94 110 296 202
Y P 0 -4 110 94 484 374
P E 0 7 94 109 125 31
E F -1 -1 109 125 1076 967
F A 0 3 125 156 78 -47
A C -1 -2 156 171 484 328
C E 2 0 171 109 125 -46
E S -1 1 109 94 218 109
S Oemcomma -1 -6 94 94 1279 1185
Oemcomma Space -1 4 94 94 203 109
Space A 2 3 94 124 94 0
A N -1 -5 124 78 140 16
N Back 3 -7 78 93 359 281
Back B -3 8 93 125 140 47
B O 2 -4 125 93 141 16
O U 0 2 93 109 171 78
U T 0 2 109 94 125 16
T Space -3 1 94 94 140 46
Space V 1 0 94 109 1514 1420
V A 1 3 109 124 156 47
A R 1 -3 124 94 140 16
R Y 0 -2 94 93 281 187
Y I 0 -2 93 94 171 78
I N -2 2 94 110 156 62
N G 1 1 110 109 125 15
G Space -2 1 109 94 156 47
Space T 3 -1 94 110 889 795
T H -1 -1 110 78 156 46
H E 1 3 78 109 94 16
E Space -3 -1 109 93 125 16
Space A 2 3 93 94 249 156
A M -1 -6 94 93 141 47
M O 2 -2 93 62 203 110
O U 0 2 62 109 1154 1092
U N -2 1 109 94 218 109
N T 2 1 94 93 141 47
T Space -3 1 93 94 140 47
Space O 3 -5 94 93 1467 1373
O F -1 5 93 93 156 63
F Space -2 0 93 78 140 47
Space S 2 2 78 94 187 109
S P 1 -8 94 78 219 125
P A -1 9 78 109 109 31
A C -1 -2 109 156 218 109
C E 2 0 156 125 78 -78
E Space -3 -1 125 94 1498 1373
Space B 1 -1 94 109 718 624
B E 2 2 109 110 202 93
E T 0 -2 110 78 203 93
T W 0 3 78 110 187 109
W E 0 -1 110 78 188 78
E E 0 0 78 78 124 46
E N -2 -3 78 109 219 141
N Space -1 2 109 93 234 125
Space D 2 1 93 93 1529 1436
D I 1 -5 93 93 156 63
I F -1 4 93 62 156 63
F F 0 0 62 94 124 62
F E 1 1 94 140 110 16
E R 0 -1 140 156 93 -47
R E 0 1 156 141 109 -47
E N -2 -3 141 94 172 31
N T 2 1 94 93 125 31
T Space -3 1 93 93 156 63
Space L 2 -5 93 109 936 843
L E 1 6 109 109 109 0
E T 0 -2 109 78 172 63
T T 0 0 78 78 156 78
T E 0 2 78 141 93 15
E R 0 -1 141 125 94 -47
R Space -3 0 125 141 873 748
Space C 1 1 141 125 671 530
C O 2 -6 125 94 203 78
O M -2 2 94 94 218 124
M B 0 2 94 110 546 452
B I 2 -3 110 78 156 46
I N -2 2 78 125 141 63
N A 1 5 125 109 109 -16
A T 1 -4 109 94 109 0
T I 0 -3 94 78 172 78
I O 0 -1 78 78 140 62
O N -2 3 78 94 156 78
N S 1 4 94 125 109 15
S Oemcomma -1 -6 125 78 1794 1669
Oemcomma Space -1 4 78 109 188 110
Space A 2 3 109 109 109 0
A B -1 -4 109 93 749 640
B O 2 -4 93 78 265 172
O U 0 2 78 93 156 78
U T 0 2 93 78 125 32
T Space -3 1 78 93 187 109
Space W 3 2 93 94 1310 1217
W H -1 -4 94 109 141 47
H A 0 5 109 94 93 -16
A T 1 -4 94 125 109 15
T Space -3 1 125 93 110 -15
Space M 1 -3 93 109 218 125
M A 1 6 109 93 125 16
A K 0 -7 93 109 125 32
K E 1 5 109 78 93 -16
E S -1 1 78 78 156 78
S Space -2 -2 78 78 141 63
Space G 2 -1 78 94 3057 2979
G R 1 1 94 93 172 78
R E 0 1 93 140 156 63
E A -1 2 140 125 140 0
A T 1 -4 125 109 125 0
T Space -3 1 109 124 1342 1233
Space T 3 -1 124 109 2371 2247
T Y 0 -1 109 94 249 140
Y P 0 -4 94 94 468 374
P O 0 1 94 110 156 62
O G -1 4 110 110 390 280
G R 1 1 110 124 188 78
R A -1 3 124 125 93 -31
A P 1 -9 125 78 219 94
P H -1 4 78 93 265 187
H Y 1 0 93 94 140 47
Y Space -3 2 94 125 187 93
Space G 2 -1 125 94 858 733
G R 1 1 94 125 172 78
R E 0 1 125 172 156 31
E A -1 2 172 140 156 -16
A T 1 -4 140 109 109 -31
T OemPeriod -2 -4 109 78 858 749
OemPeriod Space -1 5 78 78 843 765
Space I 3 -4 78 93 343 265
I T 0 3 93 109 109 16
T Space -3 1 109 109 94 -15
Space W 3 2 109 125 171 62
W A -1 1 125 125 156 31
A S 0 -1 125 124 63 -62
S Space -2 -2 124 109 109 -15
Space B 1 -1 109 93 1139 1030
B E 2 2 93 109 171 78
E A -1 2 109 125 187 78
A U 1 -6 125 94 390 265
U T 0 2 94 93 141 47
T I 0 -3 93 94 187 94
I F -1 4 94 78 343 249
F U 1 -3 78 94 125 47
U L -1 -2 94 93 203 109
L Oemcomma -1 1 93 94 1107 1014
Oemcomma Space -1 4 94 109 890 796
Space H 2 -2 109 78 327 218
H I 1 -2 78 109 125 47
I S -1 6 109 47 140 31
S T 1 -3 47 109 94 47
T O 0 -4 109 93 125 16
O R 0 5 93 110 93 0
R I 0 -4 110 94 125 15
I C -2 5 94 140 219 125
C A 1 2 140 109 93 -47
A L 0 -8 109 78 109 0
L Oemcomma -1 1 78 94 983 905
Oemcomma Space -1 4 94 93 219 125
Space A 2 3 93 125 826 733
A R 1 -3 125 78 203 78
R T 0 -1 78 93 328 250
T I 0 -3 93 94 109 16
I S -1 6 94 78 125 31
S T 1 -3 78 94 249 171
T I 0 -3 94 93 141 47
I C -2 5 93 156 140 47
C A 1 2 156 110 109 -47
A L 0 -8 110 78 172 62
L Back 2 -4 78 93 1763 1685
Back L -2 4 93 94 733 640
L L 0 0 94 78 125 31
L Y 1 3 78 109 296 218
Y Space -3 2 109 125 1825 1716
Space S 2 2 125 78 375 250
S U 1 -5 78 78 125 47
U B -2 2 78 94 374 296
B T 2 0 94 78 203 109
T U 0 -2 78 78 203 125
U Back 1 -6 78 109 296 218
Back L -2 4 109 93 250 141
L E 1 6 93 78 140 47
E Space -3 -1 78 93 1529 1451
Space I 3 -4 93 78 359 266
I N -2 2 78 78 140 62
N Space -1 2 78 78 156 78
Space A 2 3 78 94 78 0
A Space -2 -3 94 109 109 15
Space W 3 2 109 124 141 32
W A -1 1 124 94 124 0
A U 1 -6 94 78 281 187
U Back 1 -6 78 93 406 328
Back Y -1 7 93 78 249 156
Y Space -3 2 78 94 234 156
Space T 3 -1 94 125 1794 1700
T H -1 -1 125 93 110 -15
H A 0 5 93 140 62 -31
A T 1 -4 140 110 62 -78
T Space -3 1 110 109 94 -16
Space S 2 2 109 109 265 156
S C -1 -1 109 94 203 94
C I 2 -5 94 78 140 46
I E 0 5 78 94 125 47
E N -2 -3 94 93 141 47
N C 0 3 93 156 109 16
C E 2 0 156 140 78 -78
E Space -3 -1 140 78 171 31
Space C 1 1 78 140 2122 2044
C A 1 2 140 140 78 -62
A N -1 -5 140 94 187 47
N T 2 1 94 109 125 31
T Space -3 1 109 78 125 16
Space C 1 1 78 156 343 265
C A 1 2 156 124 94 -62
A P 1 -9 124 94 452 328
P T 0 5 94 109 203 109
T U 0 -2 109 94 109 0
U R 0 3 94 156 109 15
R E 0 1 156 94 109 -47
E Oemcomma -2 -5 94 93 1701 1607
Oemcomma Space -1 4 93 110 171 78
Space A 2 3 110 109 94 -16
A N -1 -5 109 109 94 -15
N D 1 3 109 109 140 31
D Space -2 -1 109 93 125 16
Space I 3 -4 93 94 1263 1170
I Space -3 4 94 109 203 109
Space F 2 0 109 109 203 94
F O 1 -5 109 62 125 16
O U 0 2 62 94 140 78
U N -2 1 94 93 328 234
N Space -1 2 93 94 15 -78
Space D 2 1 94 109 125 31
D Back 2 -10 109 78 484 375
Back Back 0 0 78 93 125 47
Back D -2 10 93 109 296 203
D Space -2 -1 109 109 156 47
Space I 3 -4 109 109 1186 1077
I T 0 3 109 110 124 15
T Space -3 1 110 94 156 46
Space F 2 0 94 125 593 499
F A 0 3 125 125 94 -31
A C -1 -2 125 109 187 62
C I 2 -5 109 109 1186 1077
I N -2 2 109 124 1170 1061
N A 1 5 124 109 171 47
A T 1 -4 109 94 187 78
T I 0 -3 94 93 1077 983
I N -2 2 93 94 655 562
N G 1 1 94 47 3338 3244
G OemPeriod -1 -4 47 109 4119 4072
