LShiftKey U 2 -7 1248 156 219 -1029
U B -2 2 156 109 795 639
B Space -1 1 109 172 437 328
Space I 3 -4 172 172 19079 18907
I S -1 6 172 140 156 -16
S Space -2 -2 140 187 499 359
Space O 3 -5 187 124 609 422
O N -2 3 124 125 218 94
N E 2 3 125 140 390 265
E Space -3 -1 140 187 203 63
Space O 3 -5 187 140 515 328
O F -1 5 140 203 171 31
F Space -2 0 203 140 203 0
Space T 3 -1 140 94 296 156
T H -1 -1 94 109 203 109
H E 1 3 109 171 94 -15
E Space -3 -1 171 140 281 110
Space T 3 -1 140 156 826 686
T O 0 -4 156 125 281 125
O P 0 -1 125 109 234 109
P Space -3 6 109 172 1045 936
Space P 3 -6 172 140 640 468
P U 0 3 140 156 265 125
U N -2 1 156 109 484 328
N Back 3 -7 109 110 1029 920
Back B -3 8 110 140 141 31
B L 1 -4 140 125 187 47
L I 1 1 125 125 218 93
I C -2 5 125 156 453 328
C Space -1 -1 156 141 140 -16
Space R 3 0 141 109 328 187
R E 0 1 109 156 109 0
E S -1 1 156 125 312 156
S E 1 -1 125 156 234 109
E A -1 2 156 203 218 62
A R 1 -3 203 78 125 -78
R C -2 1 78 219 156 78
C H 1 -3 219 110 421 202
H Space -2 2 110 140 219 109
Space U 3 -3 140 125 1794 1654
U N -2 1 125 156 203 78
N I 2 -2 156 141 171 15
I V -2 4 141 141 343 202
V E 2 1 141 156 125 -16
E R 0 -1 156 141 234 78
R S -1 2 141 156 359 218
S I 1 -6 156 140 250 94
I T 0 3 140 171 234 94
T I 0 -3 171 109 171 0
I E 0 5 109 124 375 266
E S -1 1 124 172 296 172
S Oemcomma -1 -6 172 109 312 140
Oemcomma Space -1 4 109 141 343 234
Space LShiftKey 1 4 141 359 359 218
LShiftKey B 0 -5 359 109 172 -187
B U 2 -2 109 124 312 203
U T 0 2 124 140 296 172
T Space -3 1 140 140 203 63
Space T 3 -1 140 124 593 453
T H -1 -1 124 125 280 156
H E 1 3 125 125 141 16
E S -1 1 125 172 561 436
S Space -2 -2 172 140 172 0
Space I 3 -4 140 109 265 125
I F -1 4 109 125 343 234
F OemOpenBrackets 1 -7 125 124 500 375
OemOpenBrackets Back 1 -2 124 94 405 281
Back Back 0 0 94 94 187 93
Back Back 0 0 94 125 156 62
Back Back 0 0 125 171 188 63
Back Back 0 0 171 78 249 78
Back Back 0 0 78 62 297 219
Back Back 0 0 62 78 78 16
Back Back 0 0 78 47 187 109
Back H -2 7 47 140 1061 1014
H I 1 -2 140 140 234 94
I S -1 6 140 156 109 -31
S Space -2 -2 156 172 374 218
Space F 2 0 172 125 1139 967
F C -1 1 125 140 359 234
C A 1 2 140 202 125 -15
A T 1 -4 202 125 202 0
T Space -3 1 125 140 297 172
Space A 2 3 140 203 140 0
A L 0 -8 203 109 219 16
L O 1 0 109 125 218 109
O N -2 3 125 140 234 109
N E 2 3 140 125 187 47
E Space -3 -1 125 141 187 62
Space D 2 1 141 202 188 47
D I 1 -5 202 140 1045 843
I D -1 5 140 156 265 125
D Space -2 -1 156 140 312 156
Space N 1 -2 140 125 234 94
N T 2 1 125 140 234 109
T O 0 -4 140 125 140 0
O Space -3 5 125 172 281 156
Space Back 4 -9 172 109 749 577
Back Back 0 0 109 93 203 94
Back Back 0 0 93 842 187 94
Back Back 0 0 842 125 936 94
Back Back 0 0 125 109 203 78
Back Back 0 0 109 109 187 78
Back Back 0 0 109 78 234 125
Back A -2 12 78 156 920 842
A C -1 -2 156 172 172 16
C T 2 -2 172 78 125 -47
T Space -3 1 78 141 218 140
Space A 2 3 141 203 281 140
A L 0 -8 203 109 406 203
L O 1 0 109 109 171 62
O N -2 3 109 124 219 110
N E 2 3 124 141 171 47
E Space -3 -1 141 141 187 46
Space D 2 1 141 218 375 234
D I 1 -5 218 125 405 187
I D -1 5 125 187 141 16
D Space -2 -1 187 125 1700 1513
Space N 1 -2 125 172 234 109
N O 2 -3 172 124 297 125
O T 0 4 124 140 156 32
T Space -3 1 140 171 156 16
Space I 3 -4 171 140 1123 952
I N -2 2 140 140 234 94
N F 1 2 140 140 811 671
F L 0 -5 140 140 827 687
L U 1 2 140 109 312 172
U E 0 4 109 156 515 406
E N -2 -3 156 140 140 -16
N C 0 3 140 171 250 110
C E 2 0 171 156 140 -31
E Space -3 -1 156 172 156 0
Space M 1 -3 172 78 374 202
M Y 2 1 78 125 437 359
Y Space -3 2 125 125 281 156
Space D 2 1 125 187 250 125
D E 1 0 187 141 327 140
E C -2 0 141 218 1155 1014
C I 2 -5 218 125 249 31
I S -1 6 125 156 187 62
S I 1 -6 156 156 1701 1545
I O 0 -1 156 140 125 -31
O N -2 3 140 94 249 109
N Space -1 2 94 171 172 78
Space T 3 -1 171 156 218 47
T O 0 -4 156 93 172 16
O Space -3 5 93 140 187 94
Space C 1 1 140 187 390 250
C O 2 -6 187 109 156 -31
O M -2 2 109 125 187 78
M E 2 4 125 141 156 31
E Space -3 -1 141 156 141 0
Space T 3 -1 156 187 218 62
T O 0 -4 187 109 156 -31
O Space -3 5 109 140 234 125
Space LShiftKey 1 4 140 1092 749 609
LShiftKey U 2 -7 1092 125 156 -936
U B -2 2 125 140 702 577
B Oemcomma 0 -3 140 109 1154 1014
Oemcomma Space -1 4 109 94 421 312
Space Back 4 -9 94 94 1888 1794
Back Back 0 0 94 93 250 156
Back OemPeriod -3 4 93 141 1216 1123
OemPeriod Space -1 5 141 125 515 374
Space Space 0 0 125 156 4821 4696
Space Right 0 -9 156 109 5912 5756
Right Right 0 0 109 78 203 94
Right Left 0 2 78 141 483 405
Left Left 0 0 141 124 188 47
Left Right 0 -2 124 124 1092 968
Right Back 4 0 124 109 655 531
Back B -3 8 109 94 1279 1170
B I 2 -3 94 78 5008 4914
I OemQuestion -2 -2 78 78 811 733
OemQuestion Back 3 -3 78 109 234 156
Back Back 0 0 109 93 203 94
Back LShiftKey -3 13 93 296 842 749
LShiftKey I 2 -8 296 110 140 -156
I Space -3 4 110 110 234 124
Space H 2 -2 110 141 1092 982
H E 1 3 141 109 203 62
E A -1 2 109 171 172 63
A R 1 -3 171 94 109 -62
R D -1 1 94 140 952 858
D Space -2 -1 140 156 156 16
Space F 2 0 156 219 670 514
F R 1 0 219 187 219 0
R O 0 -5 187 124 203 16
O M -2 2 124 125 374 250
M Space -1 3 125 124 250 125
Space T 3 -1 124 78 624 500
T H -1 -1 78 156 265 187
H E 1 3 156 187 140 -16
E Space -3 -1 187 156 250 63
Space S 2 2 156 203 1154 998
S T 1 -3 203 109 172 -31
T U 0 -2 109 140 437 328
U D -1 4 140 203 109 -31
D E 1 0 203 156 234 31
E N -2 -3 156 141 140 -16
N T 2 1 141 125 265 124
T S -1 3 125 172 125 0
S Back 2 -11 172 93 874 702
Back Back 0 0 93 94 171 78
Back Back 0 0 94 78 172 78
Back Back 0 0 78 94 156 78
Back Back 0 0 94 62 156 62
Back Back 0 0 62 63 140 78
Back Back 0 0 63 78 734 671
Back Back 0 0 78 125 608 530
Back G -2 8 125 110 608 483
G R 1 1 110 109 203 93
R A -1 3 109 172 78 -31
A D 0 -2 172 172 265 93
D U 1 -4 172 140 328 156
U A -1 6 140 187 94 -46
A T 1 -4 187 110 202 15
T E 0 2 110 187 125 15
E Space -3 -1 187 125 250 63
Space S 2 2 125 250 3307 3182
S T 1 -3 250 93 219 -31
T U 0 -2 93 125 577 484
U D -1 4 125 171 156 31
D E 1 0 171 156 203 32
E N -2 -3 156 125 109 -47
N S 1 4 125 156 296 171
S T 1 -3 156 109 531 375
T Back 1 -8 109 109 483 374
Back Back 0 0 109 109 203 94
Back Back 0 0 109 109 187 78
Back N -3 7 109 124 1077 968
N T 2 1 124 125 280 156
T S -1 3 125 171 141 16
S Space -2 -2 171 125 187 16
Space Back 4 -9 125 1092 3307 3182
Back Back 0 0 1092 109 1217 125
Back Back 0 0 109 63 296 187
Back Back 0 0 63 109 219 156
Back Back 0 0 109 94 265 156
Back Back 0 0 94 109 2621 2527
Back M -3 6 109 110 1653 1544
M Space -1 3 110 141 234 124
Space T 3 -1 141 94 406 265
T H -1 -1 94 125 281 187
H E 1 3 125 156 156 31
E Space -3 -1 156 124 125 -31
Space P 3 -6 124 125 873 749
P R 0 6 125 109 281 156
R E 0 1 109 125 203 94
E S -1 1 125 109 203 78
S E 1 -1 109 156 202 93
E N -2 -3 156 140 250 94
N T 2 1 140 109 328 188
T Space -3 1 109 140 218 109
Space G 2 -1 140 125 281 141
G R 1 1 125 110 249 124
R A -1 3 110 187 94 -16
A D 0 -2 187 203 234 47
D U 1 -4 203 125 203 0
U A -1 6 125 187 125 0
A T 1 -4 187 125 171 -16
T E 0 2 125 187 125 0
E Space -3 -1 187 141 265 78
Space S 2 2 141 203 406 265
S T 1 -3 203 125 156 -47
T U 0 -2 125 140 437 312
U D -1 4 140 203 140 0
D E 1 0 203 140 172 -31
E N -2 -3 140 140 31 -109
N T 2 1 140 125 296 156
T S -1 3 125 172 125 0
S Space -2 -2 172 172 265 93
Space A 2 3 172 172 1139 967
A B -1 -4 172 203 312 140
B O 2 -4 203 110 218 15
O U 0 2 110 125 219 109
U T 0 2 125 124 437 312
T Back 1 -8 124 1716 4149 4025
Back Back 0 0 1716 140 1810 94
Back Back 0 0 140 124 203 63
Back Back 0 0 124 125 218 94
Back Back 0 0 125 125 203 78
Back Back 0 0 125 140 203 78
Back Back 0 0 140 140 218 78
Back Back 0 0 140 93 250 110
Back Back 0 0 93 78 249 156
Back Back 0 0 78 124 219 141
Back Back 0 0 124 125 826 702
Back LShiftKey -3 13 125 374 9891 9766
LShiftKey I 2 -8 374 141 171 -203
I T 0 3 141 109 359 218
T Space -3 1 109 109 312 203
Space W 3 2 109 140 671 562
W A -1 1 140 234 187 47
A S 0 -1 234 187 219 -15
S Space -2 -2 187 140 187 0
Space T 3 -1 140 78 686 546
T H -1 -1 78 156 250 172
H E 1 3 156 172 171 15
E Space -3 -1 172 141 203 31
Space P 3 -6 141 172 2137 1996
P R 0 6 172 171 1124 952
R A -1 3 171 203 202 31
A C -1 -2 203 125 328 125
C T 2 -2 125 110 764 639
T I 0 -3 110 140 734 624
I C -2 5 140 156 124 -16
C A 1 2 156 265 110 -46
A L 0 -8 265 125 421 156
L Space -2 5 125 156 265 140
Space E 3 1 156 172 343 187
E S -1 1 172 187 531 359
S P 1 -8 187 110 202 15
P O 0 1 110 125 203 93
O Back 1 -4 125 109 593 468
Back Back 0 0 109 109 203 94
Back Back 0 0 109 109 452 343
Back X -3 11 109 187 640 531
X P 2 -8 187 110 171 -16
P O 0 1 110 124 188 78
O S -1 7 124 234 312 188
S I 1 -6 234 93 312 78
I Back 1 -5 93 141 483 390
Back U -1 6 141 125 733 592
U R 0 3 125 234 94 -31
R E 0 1 234 156 187 -47
E Space -3 -1 156 172 187 31
Space A 2 3 172 202 266 94
A N -1 -5 202 125 124 -78
N D 1 3 125 171 531 406
D Space -2 -1 171 156 140 -31
Space T 3 -1 156 93 1108 952
T H -1 -1 93 125 218 125
H E 1 3 125 172 109 -16
E Space -3 -1 172 156 203 31
Space I 3 -4 156 125 796 640
I N -2 2 125 172 1045 920
N D 1 3 172 171 172 0
D U 1 -4 171 125 187 16
U S -1 5 125 156 234 109
S T 1 -3 156 93 203 47
T R 0 1 93 140 156 63
R Y 0 -2 140 125 202 62
Y Space -3 2 125 156 266 141
Space E 3 1 156 171 265 109
E X -2 1 171 156 452 281
X P 2 -8 156 125 250 94
P E 0 7 125 124 125 0
E R 0 -1 124 187 218 94
R I 0 -4 187 141 218 31
I E 0 5 141 187 110 -31
E N -2 -3 187 141 171 -16
N C 0 3 141 171 250 109
C E 2 0 171 187 125 -46
E Space -3 -1 187 125 202 15
Space W 3 2 125 109 328 203
W E 0 -1 109 187 203 94
E Space -3 -1 187 156 203 16
Space G 2 -1 156 109 374 218
G E 1 2 109 172 234 125
E T 0 -2 172 109 94 -78
T Space -3 1 109 125 249 140
Space I 3 -4 125 109 6942 6817
I N -2 2 109 109 702 593
N Space -1 2 109 141 265 156
Space Space 0 0 141 500 936 795
Space LShiftKey 1 4 500 1638 812 312
LShiftKey U 2 -7 1638 125 717 -921
U B -2 2 125 94 780 655
B Space -1 1 94 172 655 561
Space T 3 -1 172 94 546 374
T A -1 4 94 234 141 47
A H 0 -5 234 125 109 -125
H T 1 1 125 109 281 156
T Space -3 1 109 156 234 125
Space I 3 -4 156 140 1248 1092
I N -2 2 140 125 265 125
N F 1 2 125 140 234 109
F L 0 -5 140 125 452 312
L U 1 2 125 109 266 141
U E 0 4 109 188 280 171
E N -2 -3 188 125 250 62
N C 0 3 125 172 296 171
C E 2 0 172 62 172 0
E D -1 0 62 172 109 47
D Space -2 -1 172 156 234 62
Space M 1 -3 156 140 203 47
M Y 2 1 140 110 296 156
Y Space -3 2 110 125 234 124
Space D 2 1 125 187 250 125
D E 1 0 187 141 218 31
E C -2 0 141 156 234 93
C I 2 -5 156 203 281 125
I S -1 6 203 156 265 62
S O 1 -7 156 156 125 -31
O N -2 3 156 125 1045 889
N Space -1 2 125 156 203 78
Space T 3 -1 156 156 406 250
T O 0 -4 156 125 156 0
O Space -3 5 125 141 249 124
Space C 1 1 141 171 422 281
C O 2 -6 171 124 156 -15
O M -2 2 124 125 187 63
M E 2 4 125 156 171 46
E Space -3 -1 156 156 546 390
Space T 3 -1 156 140 172 16
T O 0 -4 140 125 156 16
O Space -3 5 125 203 234 109
Space LShiftKey 1 4 203 811 281 78
LShiftKey U 2 -7 811 125 156 -655
U B -2 2 125 125 390 265
B Space -1 1 125 188 873 748
Space A 2 3 188 250 156 -32
A N -1 -5 250 187 827 577
N D 1 3 187 187 94 -93
D Space -2 -1 187 203 327 140
Space LShiftKey 1 4 203 1872 640 437
LShiftKey I 2 -8 1872 141 218 -1654
I Oem7 -1 -3 141 109 2559 2418
Oem7 M -1 4 109 125 452 343
M Space -1 3 125 140 219 94
Space P 3 -6 140 141 405 265
P R 0 6 141 187 297 156
R O 0 -5 187 156 202 15
O U 0 2 156 156 203 47
U D -1 4 156 156 297 141
D Space -2 -1 156 188 124 -32
Space O 3 -5 188 140 328 140
O F -1 5 140 171 172 32
F Space -2 0 171 203 140 -31
Space M 1 -3 203 156 234 31
M Y 2 1 156 125 265 109
Y Space -3 2 125 156 250 125
Space D 2 1 156 156 187 31
D E 1 0 156 172 468 312
E C -2 0 172 172 499 327
C I 2 -5 172 203 156 -16
I O 0 -1 203 141 187 -16
O S -1 7 141 187 94 -47
S N -1 -4 187 140 281 94
N Back 3 -7 140 93 671 531
Back Back 0 0 93 109 187 94
Back Back 0 0 109 94 405 296
Back S -2 11 94 156 562 468
S I 1 -6 156 156 109 -47
I O 0 -1 156 141 109 -47
O N -2 3 141 125 297 156
N OemPeriod 0 -3 125 125 421 296
OemPeriod Oem7 1 -2 125 109 6427 6302
Oem7 Back 2 -2 109 140 1498 1389
Back LShiftKey -3 13 140 266 530 390
LShiftKey Oem7 1 -11 266 125 156 -110
Oem7 Back 2 -2 125 125 624 499
Back Back 0 0 125 109 203 78
Back Right -4 0 109 125 702 593
Right Right 0 0 125 93 219 94
Right Back 4 0 93 93 577 484
Back Back 0 0 93 109 187 94
Back LShiftKey -3 13 109 312 702 593
LShiftKey I 2 -8 312 94 140 -172
I Oem7 -1 -3 94 109 1420 1326
Oem7 Back 2 -2 109 93 1108 999
Back Back 0 0 93 125 9094 9001
Back I -1 5 125 94 1326 1201
I Space -3 4 94 188 234 140
Space A 2 3 188 234 172 -16
A M -1 -6 234 141 296 62
M Space -1 3 141 109 281 140
Space Right 0 -9 109 141 6271 6162
Right Back 4 0 141 109 328 187
Back Left -4 2 109 141 1123 1014
Left Right 0 -2 141 109 453 312
Right Back 4 0 109 78 842 733
Back Space -4 9 78 203 577 499
Space A 2 3 203 234 312 109
A N -1 -5 234 140 250 16
N D 1 3 140 156 171 31
D Space -2 -1 156 187 141 -15
Space Y 3 -2 187 156 842 655
Y E 0 3 156 141 78 -78
E S -1 1 141 156 234 93
S Oemcomma -1 -6 156 93 952 796
Oemcomma Space -1 4 93 156 281 188
Space I 3 -4 156 156 733 577
I Back 1 -5 156 140 780 624
Back LShiftKey -3 13 140 249 234 94
LShiftKey I 2 -8 249 109 125 -124
I Space -3 4 109 140 234 125
Space W 3 2 140 187 951 811
W O 0 -7 187 171 219 32
O U 0 2 171 124 2184 2013
U L -1 -2 124 140 296 172
L D 0 6 140 141 187 47
D Space -2 -1 141 140 141 0
Space D 2 1 140 141 202 62
D E 1 0 141 171 219 78
E F -1 -1 171 187 218 47
F I 1 -4 187 110 187 0
I N -2 2 110 125 219 109
N E 2 3 125 203 78 -47
E T 0 -2 203 156 733 530
T L -1 -4 156 125 156 0
L Y 1 3 125 109 265 140
Y Space -3 2 109 140 203 94
Space R 3 0 140 125 218 78
R E 0 1 125 171 219 94
E C -2 0 171 156 452 281
C M 0 -4 156 110 2995 2839
M M 0 0 110 110 156 46
M E 2 4 110 141 125 15
E N -2 -3 141 109 328 187
N D 1 3 109 156 109 0
D Space -2 -1 156 125 187 31
Space LShiftKey 1 4 125 920 1935 1810
LShiftKey U 2 -7 920 140 156 -764
U B -2 2 140 94 530 390
B Space -1 1 94 141 218 124
Space T 3 -1 141 140 406 265
T O 0 -4 140 125 78 -62
O Space -3 5 125 203 218 93
Space H 2 -2 203 140 500 297
H I 1 -2 140 109 171 31
I G -1 3 109 140 297 188
G H 0 -1 140 94 140 0
H Space -2 2 94 140 203 109
Space S 2 2 140 141 1778 1638
S C -1 -1 141 156 219 78
C H 1 -3 156 109 405 249
H O 1 -3 109 109 250 141
O O 0 0 109 109 156 47
O L -1 0 109 109 187 78
L Space -2 5 109 140 312 203
Space G 2 -1 140 141 1232 1092
G R 1 1 141 93 734 593
R A -1 3 93 218 78 -15
A D 0 -2 218 156 280 62
D U 1 -4 156 109 266 110
U A -1 6 109 187 140 31
A T 1 -4 187 124 172 -15
T E 0 2 124 156 109 -15
E S -1 1 156 171 234 78
S OemMinus 2 -9 171 156 1591 1420
OemMinus Back 0 -2 156 125 967 811
Back LShiftKey -3 13 125 718 187 62
LShiftKey OemMinus 3 -11 718 125 484 -234
OemMinus Back 0 -2 125 125 1201 1076
Back OemMinus 0 2 125 109 1950 1825
OemMinus Back 0 -2 109 109 687 578
Back LShiftKey -3 13 109 390 234 125
LShiftKey OemMinus 3 -11 390 187 187 -203
OemMinus Back 0 -2 187 125 686 499
Back OemMinus 0 2 125 328 1061 936
OemMinus OemMinus 0 0 328 312 671 343
OemMinus OemMinus 0 0 312 125 390 78
OemMinus OemMinus 0 0 125 140 187 62
OemMinus Back 0 -2 140 47 593 453
Back Back 0 0 47 110 171 124
Back Back 0 0 110 94 1529 1419
Back Back 0 0 94 94 187 93
Back Capital -2 13 94 203 1950 1856
Capital OemMinus 2 -11 203 234 968 765
OemMinus Back 0 -2 234 110 592 358
Back Back 0 0 110 31 203 93
Back S -2 11 31 187 1872 1841
S Capital 0 2 187 203 718 531
Capital Back 2 -13 203 171 7379 7176
Back E -1 10 171 140 156 -15
E Back 1 -10 140 94 1138 998
Back Right -4 0 94 110 2262 2168
Right Right 0 0 110 359 141 31
Right Right 0 0 359 109 624 265
Right Right 0 0 109 94 1107 998
Right Left 0 2 94 2075 1326 1232
Left Right 0 -2 2075 109 2325 250
Right Right 0 0 109 141 171 62
Right Right 0 0 141 109 203 62
Right Right 0 0 109 140 328 219
Right Back 4 0 140 125 795 655
Back Right -4 0 125 1887 531 406
Right Left 0 2 1887 125 2246 359
Left Left 0 0 125 140 203 78
Left Left 0 0 140 109 250 110
Left I 3 3 109 109 1029 920
I Right -3 -5 109 94 733 624
Right Right 0 0 94 109 484 390
Right Right 0 0 109 93 203 94
Right Right 0 0 93 109 530 437
Right Right 0 0 109 125 172 63
Right Back 4 0 125 109 624 499
Back Back 0 0 109 109 187 78
Back Back 0 0 109 109 172 63
Back Back 0 0 109 109 187 78
Back Back 0 0 109 109 203 94
Back Back 0 0 109 109 218 109
Back Back 0 0 109 110 218 109
Back Back 0 0 110 93 266 156
Back Back 0 0 93 109 218 125
Back D -2 10 109 171 3604 3495
D E 1 0 171 187 140 -31
E F -1 -1 187 78 250 63
F E 1 1 78 187 62 -16
E N -2 -3 187 140 702 515
N I 2 -2 140 109 172 32
I T 0 3 109 93 312 203
T E 0 2 93 172 124 31
E L -1 -6 172 125 468 296
L Y 1 3 125 78 281 156
Y Space -3 2 78 124 219 141
Space Right 0 -9 124 343 2043 1919
Right Back 4 0 343 125 952 609
Back Left -4 2 125 156 827 702
Left Right 0 -2 156 109 390 234
Right Back 4 0 109 93 468 359
Back S -2 11 93 125 405 312
S Space -2 -2 125 156 1342 1217
Space A 2 3 156 156 125 -31
A N -1 -5 156 124 125 -31
N D 1 3 124 156 140 16
D Space -2 -1 156 141 109 -47
Space E 3 1 141 187 156 15
E M -2 -4 187 140 297 110
M P 2 -3 140 125 202 62
P L -1 1 125 109 188 63
L O 1 0 109 109 171 62
O Y 0 3 109 110 967 858
Y E 0 3 110 140 110 0
E S -1 1 140 156 234 94
S S 0 0 156 156 202 46
S Back 2 -11 156 109 484 328
Back Back 0 0 109 94 187 78
Back E -1 10 94 93 141 47
E S -1 1 93 156 171 78
S OemPeriod -1 -7 156 94 858 702
OemPeriod I 2 1 94 109 41824 41730
I Space -3 4 109 172 608 499
Space W 3 2 172 203 125 -47
W O 0 -7 203 94 265 62
O U 0 2 94 93 219 125
U L -1 -2 93 125 187 94
L D 0 6 125 156 203 78
D Space -2 -1 156 156 124 -32
Space L 2 -5 156 109 250 94
L O 1 0 109 78 203 94
O V -2 5 78 125 561 483
V E 2 1 125 124 110 -15
E Space -3 -1 124 124 156 32
Space T 3 -1 124 125 1419 1295
T O 0 -4 125 78 156 31
O Space -3 5 78 156 250 172
Space G 2 -1 156 140 281 125
G O 1 -4 140 78 202 62
O O 0 0 78 125 156 78
O Back 1 -4 125 125 1763 1638
Back Space -4 9 125 156 328 203
Space O 3 -5 156 109 312 156
O U 0 2 109 78 265 156
U T 0 2 78 141 296 218
T D -1 2 141 171 1155 1014
D O 1 -6 171 94 249 78
O O 0 0 94 125 156 62
O R 0 5 125 140 172 47
R Space -3 0 140 124 172 32
Space F 2 0 124 203 140 16
F O 1 -5 203 125 218 15
O R 0 5 125 156 125 0
R Space -3 0 156 156 203 47
Space S 2 2 156 203 593 437
S O 1 -7 203 125 140 -63
O M -2 2 125 125 187 62
M E 2 4 125 140 172 47
E Space -3 -1 140 125 187 47
Space A 2 3 125 202 375 250
A D 0 -2 202 156 171 -31
D V -1 -1 156 124 219 63
V E 2 1 124 187 171 47
E N -2 -3 187 140 281 94
N T 2 1 140 140 328 188
T U 0 -2 140 109 218 78
U R 0 3 109 156 390 281
R E 0 1 156 156 250 94
E Space -3 -1 156 109 561 405
Space D 2 1 109 234 999 890
D U 1 -4 234 140 390 156
U R 0 3 140 140 156 16
R I 0 -4 140 110 124 -16
I N -2 2 110 109 203 93
N G 1 1 109 140 219 110
G Space -2 1 140 156 124 -16
Space M 1 -3 156 125 219 63
M Y 2 1 125 110 405 280
Y Space -3 2 110 171 219 109
Space S 2 2 171 187 608 437
S P 1 -8 187 109 219 32
P A -1 9 109 188 124 15
A R 1 -3 188 93 297 109
R E 0 1 93 140 109 16
E Space -3 -1 140 172 187 47
Space T 3 -1 172 172 187 15
T I 0 -3 172 109 203 31
I M -2 1 109 141 187 78
M E 2 4 141 141 125 -16
E OemPeriod -2 -6 141 109 1139 998
OemPeriod LShiftKey 0 9 109 250 46301 46192
LShiftKey T 2 -5 250 125 109 -141
T Back 1 -8 125 125 1123 998
Back Space -4 9 125 125 671 546
Space LShiftKey 1 4 125 249 250 125
LShiftKey T 2 -5 249 94 93 -156
T H -1 -1 94 140 250 156
H E 1 3 140 140 156 16
E Space -3 -1 140 125 140 0
Space B 1 -1 125 125 905 780
B E 2 2 125 109 141 16
E S -1 1 109 156 202 93
S T 1 -3 156 94 78 -78
T Space -3 1 94 141 234 140
Space P 3 -6 141 109 562 421
P A -1 9 109 171 125 16
A R 1 -3 171 109 296 125
R T 0 -1 109 125 156 47
T Space -3 1 125 156 250 125
Space A 2 3 156 187 749 593
A B -1 -4 187 203 280 93
B O 2 -4 203 110 234 31
O U 0 2 110 109 219 109
U T 0 2 109 140 671 562
T Space -3 1 140 156 265 125
Space LShiftKey 1 4 156 702 1419 1263
LShiftKey U 2 -7 702 140 94 -608
U B -2 2 140 124 328 188
B Space -1 1 124 124 312 188
Space I 3 -4 124 156 842 718
I S -1 6 156 202 172 16
S Space -2 -2 202 156 202 0
Space C 1 1 156 250 3978 3822
C A 1 2 250 203 718 468
A N -1 -5 203 140 172 -31
N O 2 -3 140 78 296 156
O E 0 6 78 187 265 187
E I 0 -5 187 125 187 0
I N -2 2 125 156 172 47
N G 1 1 156 94 312 156
G Space -2 1 94 171 203 109
Space A 2 3 171 218 234 63
A N -1 -5 218 156 359 141
N D 1 3 156 141 280 124
D Space -2 -1 141 172 156 15
Space K 2 -4 172 141 234 62
K A 0 7 141 187 141 0
A Y 1 -5 187 109 281 94
Y A -1 5 109 172 280 171
A K 0 -7 172 109 266 94
K I 1 0 109 125 171 62
I N -2 2 125 140 219 94
N G 1 1 140 125 343 203
G Space -2 1 125 171 234 109
Space A 2 3 171 203 3759 3588
A R 1 -3 203 109 188 -15
R E 0 1 109 172 140 31
E Space -3 -1 172 140 328 156
Space A 2 3 140 218 10686 10546
A V -1 -3 218 187 343 125
V A 1 3 187 187 187 0
A I 1 -7 187 124 484 297
I L -1 -1 124 140 234 110
L A 0 8 140 202 156 16
A B -1 -4 202 156 826 624
B L 1 -4 156 156 172 16
L R 1 5 156 156 390 234
R Space -3 0 156 234 296 140
Space F 2 0 234 187 172 -62
F O 1 -5 187 94 312 125
O Back 1 -4 94 93 328 234
Back Back 0 0 93 109 187 94
Back Back 0 0 109 94 171 62
Back Back 0 0 94 63 203 109
Back E -1 10 63 156 671 608
E Space -3 -1 156 172 187 31
Space F 2 0 172 171 219 47
F O 1 -5 171 125 171 0
O R 0 5 125 140 63 -62
R Space -3 0 140 140 218 78
Space F 2 0 140 187 203 63
F R 1 0 187 125 234 47
R E 0 1 125 125 234 109
E E 0 0 125 171 203 78
E Back 1 -10 171 1092 2948 2777
Back Back 0 0 1092 110 1232 140
Back Back 0 0 110 109 453 343
Back Back 0 0 109 94 1357 1248
Back Back 0 0 94 125 1295 1201
Back Oemcomma -3 5 125 124 1061 936
Oemcomma Back 3 -5 124 109 530 406
Back OemPeriod -3 4 109 109 1295 1186
OemPeriod Space -1 5 109 140 390 281
Space LShiftKey 1 4 140 312 608 468
LShiftKey T 2 -5 312 125 172 -140
T H -1 -1 125 141 405 280
H E 1 3 141 172 125 -16
E Y 0 -3 172 109 203 31
Y Space -3 2 109 125 1201 1092
Space Back 4 -9 125 124 4431 4306
Back Back 0 0 124 125 218 94
Back Back 0 0 125 110 218 93
Back Back 0 0 110 125 203 93
Back Back 0 0 125 109 219 94
Back Back 0 0 109 94 280 171
Back LShiftKey -3 13 94 265 4353 4259
LShiftKey I 2 -8 265 124 125 -140
I Space -3 4 124 156 343 219
Space Back 4 -9 156 109 905 749
Back Back 0 0 109 94 202 93
Back Space -4 9 94 125 671 577
Space LShiftKey 1 4 125 312 468 343
LShiftKey I 2 -8 312 109 156 -156
I Space -3 4 109 140 250 141
Space L 2 -5 140 125 218 78
L O 1 0 125 78 219 94
O V -2 5 78 140 608 530
V E 2 1 140 109 187 47
E Space -3 -1 109 172 125 16
Space W 3 2 172 125 312 140
W A -1 1 125 202 172 47
A T 1 -4 202 110 46 -156
T R 0 1 110 109 219 109
R E 0 1 109 171 78 -31
E Space -3 -1 171 140 265 94
Space S 2 2 140 187 1139 999
S P 1 -8 187 109 842 655
P O 0 1 109 109 219 110
O R 0 5 109 109 390 281
R T 0 -1 109 140 156 47
T S -1 3 140 156 171 31
S Space -2 -2 156 171 172 16
Space A 2 3 171 218 156 -15
A N -1 -5 218 124 203 -15
N F 1 2 124 110 202 78
F OemOpenBrackets 1 -7 110 124 578 468
OemOpenBrackets D -1 8 124 171 109 -15
D Back 2 -10 171 140 593 422
Back Back 0 0 140 110 202 62
Back Back 0 0 110 93 188 78
Back Back 0 0 93 109 171 78
Back D -2 10 109 141 390 281
D Space -2 -1 141 125 250 109
Space Back 4 -9 125 94 2043 1918
Back Back 0 0 94 125 141 47
Back Back 0 0 125 109 203 78
Back Back 0 0 109 109 187 78
Back A -2 12 109 203 1279 1170
A N -1 -5 203 125 125 -78
N D 1 3 125 171 125 0
D Space -2 -1 171 187 140 -31
Space LShiftKey 1 4 187 764 390 203
LShiftKey U 2 -7 764 140 156 -608
U B -2 2 140 156 437 297
B Space -1 1 156 203 421 265
Space S 2 2 203 202 562 359
S I 1 -6 202 109 156 -46
I Space -3 4 109 156 265 156
Space P 3 -6 156 172 1123 967
P R 0 6 172 156 125 -47
R O 0 -5 156 172 327 171
O V -2 5 172 188 624 452
V I 2 -4 188 141 203 15
I D -1 5 141 141 234 93
D Back 2 -10 141 109 1248 1107
Back Back 0 0 109 110 187 78
Back Back 0 0 110 125 156 46
Back Back 0 0 125 125 172 47
Back Back 0 0 125 78 187 62
Back Back 0 0 78 109 234 156
Back Back 0 0 109 125 172 63
Back Back 0 0 125 124 203 78
Back Back 0 0 124 125 421 297
Back I -1 5 125 109 437 312
I S -1 6 109 188 124 15
S Space -2 -2 188 188 156 -32
Space P 3 -6 188 156 453 265
P R 0 6 156 156 452 296
R O 0 -5 156 125 624 468
O V -2 5 125 156 281 156
V I 2 -4 156 156 172 16
I D -1 5 156 187 343 187
D I 1 -5 187 109 187 0
I N -2 2 109 156 203 94
N G 1 1 156 125 468 312
G Space -2 1 125 172 187 62
Space T 3 -1 172 124 328 156
T H -1 -1 124 172 218 94
H E 1 3 172 172 140 -32
E M -2 -4 172 93 999 827
M Space -1 3 93 125 5397 5304
Space F 2 0 125 203 375 250
F O 1 -5 203 125 140 -63
O R 0 5 125 140 219 94
R Space -3 0 140 156 234 94
Space F 2 0 156 172 93 -63
F R 1 0 172 94 187 15
R E 0 1 94 156 281 187
E E 0 0 156 124 219 63
E OemPeriod -2 -6 124 94 1263 1139
OemPeriod Space -1 5 94 187 1763 1669
Space LShiftKey 1 4 187 484 7129 6942
LShiftKey I 2 -8 484 94 312 -172
I Space -3 4 94 156 344 250
Space T 3 -1 156 187 187 31
T H -1 -1 187 140 187 0
H I 1 -2 140 125 187 47
I N -2 2 125 156 250 125
N K 1 -2 156 125 187 31
K Space -2 4 125 156 234 109
Space T 3 -1 156 109 484 328
T H -1 -1 109 109 249 140
H E 1 3 109 141 156 47
E R 0 -1 141 125 359 218
R E 0 1 125 125 140 15
E Space -3 -1 125 172 359 234
Space I 3 -4 172 140 1545 1373
I S -1 6 140 203 124 -16
S Space -2 -2 203 156 234 31
Space A 2 3 156 203 359 203
A V -1 -3 203 125 187 -16
V E 2 1 125 156 156 31
E R 0 -1 156 109 94 -62
R Y 0 -2 109 125 1123 1014
Y Space -3 2 125 156 250 125
Space G 2 -1 156 109 281 125
G O 1 -4 109 78 218 109
O O 0 0 78 110 140 62
O D -1 6 110 156 188 78
D Space -2 -1 156 156 202 46
Space B 1 -1 156 109 422 266
B A 1 4 109 203 124 15
A L 0 -8 203 140 266 63
L A 0 8 140 187 327 187
A N -1 -5 187 140 125 -62
N C 0 3 140 171 359 219
C E 2 0 171 187 218 47
E Space -3 -1 187 141 156 -31
Space B 1 -1 141 110 265 124
B E 2 2 110 141 125 15
E T 0 -2 141 78 172 31
T T 0 0 78 93 156 78
T W 0 3 93 63 296 203
W E 0 -1 63 156 312 249
E E 0 0 156 140 219 63
E Back 1 -10 140 110 826 686
Back Back 0 0 110 93 188 78
Back Back 0 0 93 125 171 78
Back Back 0 0 125 94 203 78
Back W -1 11 94 125 749 655
W E 0 -1 125 140 203 78
E E 0 0 140 141 202 62
E N -2 -3 141 93 188 47
N Space -1 2 93 141 202 109
Space I 3 -4 141 140 344 203
I N -2 2 140 125 202 62
N D 1 3 125 156 312 187
D D 0 0 156 156 468 312
D O 1 -6 156 140 141 -15
O R 0 5 140 156 218 78
R Space -3 0 156 124 219 63
Space A 2 3 124 203 140 16
A Back 2 -12 203 109 577 374
Back Back 0 0 109 94 187 78
Back Back 0 0 94 93 188 94
Back Back 0 0 93 109 171 78
Back Back 0 0 109 109 406 297
Back O -1 4 109 78 624 515
O O 0 0 78 125 140 62
O R 0 5 125 141 187 62
R Space -3 0 141 140 188 47
Space A 2 3 140 187 156 16
A N -1 -5 187 124 156 -31
N D 1 3 124 156 140 16
D Space -2 -1 156 140 156 0
Space O 3 -5 140 109 265 125
O Y 0 3 109 94 343 234
Y Back 1 -7 94 93 531 437
Back U -1 6 93 110 951 858
U T 0 2 110 109 484 374
T D -1 2 109 125 374 265
D O 1 -6 125 94 390 265
O O 0 0 94 125 156 62
O R 0 5 125 124 188 63
R Space -3 0 124 125 218 94
Space A 2 3 125 249 172 47
A C -1 -2 249 188 280 31
C T 2 -2 188 109 437 249
T I 0 -3 109 125 437 328
I V -2 4 125 187 328 203
V I 2 -4 187 109 156 -31
I T 0 3 109 109 951 842
T I 0 -3 109 125 328 219
I E 0 5 125 109 140 15
E S -1 1 109 140 203 94
S OemPeriod -1 -7 140 125 1373 1233
OemPeriod Space -1 5 125 125 1045 920
Space LShiftKey 1 4 125 281 671 546
LShiftKey I 2 -8 281 125 156 -125
I Space -3 4 125 125 296 171
Space F 2 0 125 188 187 62
F O 1 -5 188 125 141 -47
O U 0 2 125 109 265 140
U N -2 1 109 141 218 109
N D 1 3 141 172 359 218
D Space -2 -1 172 171 141 -31
Space M 1 -3 171 156 187 16
M A 1 6 156 203 140 -16
A N -1 -5 203 109 156 -47
N Y 2 0 109 93 328 219
Y Space -3 2 93 125 327 234
Space C 1 1 125 156 344 219
C L 1 -6 156 141 124 -32
L U 1 2 141 140 328 187
U B -2 2 140 125 764 624
B S 1 3 125 218 110 -15
S Space -2 -2 218 78 280 62
Space Back 4 -9 78 125 3916 3838
Back E -1 10 125 141 374 249
E P 0 -7 141 156 6303 6162
P R 0 6 156 140 109 -47
R O 0 -5 140 156 1513 1373
O M -2 2 156 124 1389 1233
M O 2 -2 124 125 280 156
O T 0 4 125 172 515 390
T I 0 -3 172 125 1997 1825
I N -2 2 125 140 250 125
N G 1 1 140 172 374 234
G Space -2 1 172 125 187 15
Space T 3 -1 125 125 250 125
T H -1 -1 125 109 265 140
H E 1 3 109 203 125 16
E I 0 -5 203 109 187 -16
I R 0 4 109 187 125 16
R Space -3 0 187 140 187 0
Space A 2 3 140 234 858 718
A C -1 -2 234 187 234 0
C T 2 -2 187 140 749 562
T I 0 -3 140 141 218 78
I V -2 4 141 156 390 249
V I 2 -4 156 172 125 -31
I T 0 3 172 140 468 296
T I 0 -3 140 140 1248 1108
I W 0 6 140 125 109 -31
W S -1 0 125 203 265 140
S Space -2 -2 203 109 921 718
Space Space 0 0 109 125 218 109
Space Back 4 -9 125 109 1014 889
Back Back 0 0 109 93 297 188
Back Back 0 0 93 109 187 94
Back Back 0 0 109 109 187 78
Back E -1 10 109 109 780 671
E S -1 1 109 187 203 94
S Space -2 -2 187 141 249 62
Space L 2 -5 141 141 702 561
L I 1 1 141 110 234 93
I K -1 0 110 140 328 218
K E 1 5 140 156 281 141
E Space -3 -1 156 109 203 47
Space S 2 2 109 187 2137 2028
S K 0 -6 187 109 234 47
K I 1 0 109 93 234 125
I I 0 0 93 141 140 47
I N -2 2 141 125 234 93
N G 1 1 125 94 312 187
G Space -2 1 94 125 234 140
Space C 1 1 125 156 1155 1030
C L 1 -6 156 109 156 0
L U 1 2 109 125 296 187
U B -2 2 125 93 562 437
B Oemcomma 0 -3 93 140 530 437
Oemcomma H 1 2 140 125 655 515
H I 1 -2 125 140 531 406
I K -1 0 140 156 218 78
K I 1 0 156 124 1108 952
I N -2 2 124 125 202 78
N G 1 1 125 93 297 172
G Space -2 1 93 124 203 110
Space C 1 1 124 140 421 297
C L 1 -6 140 124 125 -15
L U 1 2 124 141 249 125
U B -2 2 141 110 499 358
B Left -1 -6 110 874 3292 3182
Left Right 0 -2 874 125 1248 374
Right Right 0 0 125 141 187 62
Right Space 0 9 141 125 343 202
Space Right 0 -9 125 125 250 125
Right Right 0 0 125 499 172 47
Right Right 0 0 499 219 561 62
Right Right 0 0 219 733 281 62
Right Right 0 0 733 109 811 78
Right Space 0 9 109 172 1139 1030
Space E 3 1 172 140 281 109
E T 0 -2 140 125 109 -31
T C -2 2 125 156 203 78
C OemPeriod 0 -6 156 140 1373 1217
OemPeriod Space -1 5 140 140 1076 936
Space LShiftKey 1 4 140 296 8970 8830
LShiftKey I 2 -8 296 156 187 -109
I Space -3 4 156 203 499 343
Space F 2 0 203 156 843 640
F O 1 -5 156 141 249 93
O U 0 2 141 125 281 140
U Space -3 3 125 109 297 172
Space Back 4 -9 109 109 889 780
Back N -3 7 109 140 1045 936
N D 1 3 140 187 187 47
D Space -2 -1 187 140 141 -46
Space I 3 -4 140 125 655 515
I T 0 3 125 110 327 202
T Space -3 1 110 125 250 140
Space E 3 1 125 172 343 218
E N -2 -3 172 140 874 702
N C 0 3 140 219 93 -47
C O 2 -6 219 109 203 -16
O U 0 2 109 109 281 172
U R 0 3 109 125 343 234
R A -1 3 125 171 219 94
A G 0 -4 171 172 249 78
G I 1 -3 172 109 234 62
I N -2 2 109 125 203 94
N G 1 1 125 109 343 218
G Space -2 1 109 156 219 110
Space B 1 -1 156 125 218 62
B E 2 2 125 156 172 47
E C -2 0 156 156 280 124
C A 1 2 156 203 531 375
A U 1 -6 203 125 140 -63
U E 0 4 125 93 219 94
E S -1 1 93 156 187 94
S Back 2 -11 156 109 858 702
Back Back 0 0 109 109 187 78
Back S -2 11 109 109 390 281
S E 1 -1 109 140 234 125
E Space -3 -1 140 125 437 297
Space T 3 -1 125 109 359 234
T H -1 -1 109 140 218 109
H E 1 3 140 140 78 -62
E S -1 1 140 109 421 281
S E 1 -1 109 156 219 110
E Space -3 -1 156 203 202 46
Space K 2 -4 203 125 1264 1061
K I 1 0 125 109 203 78
I N -2 2 109 140 203 94
N D 1 3 140 125 421 281
D Space -2 -1 125 171 156 31
Space O 3 -5 171 125 249 78
O F -1 5 125 141 203 78
F Space -2 0 141 140 172 31
Space A 2 3 140 219 187 47
A C -1 -2 219 140 219 0
C T 2 -2 140 124 468 328
T I 0 -3 124 140 234 110
I V -2 4 140 187 374 234
V I 2 -4 187 124 172 -15
I T 0 3 124 109 405 281
T U 0 -2 109 125 250 141
U E 0 4 125 141 93 -32
E S -1 1 141 187 281 140
S Space -2 -2 187 141 187 0
Space D 2 1 141 202 188 47
D E 1 0 202 187 873 671
E V -2 -1 187 171 219 32
V I 2 -4 171 140 686 515
I A -1 7 140 187 109 -31
A T 1 -4 187 125 234 47
T E 0 2 125 141 109 -16
E S -1 1 141 172 250 109
S Space -2 -2 172 172 109 -63
Space T 3 -1 172 125 265 93
T H -1 -1 125 125 250 125
H E 1 3 125 172 109 -16
E Space -3 -1 172 156 187 15
Space S 2 2 156 156 203 47
S T 1 -3 156 78 172 16
T U 0 -2 78 109 312 234
U D -1 4 109 156 296 187
D E 1 0 156 140 203 47
E N -2 -3 140 125 109 -31
N T 2 1 125 141 265 140
T S -1 3 141 156 172 31
S Space -2 -2 156 141 187 31
Space F 2 0 141 171 1108 967
F R 1 0 171 156 218 47
R O 0 -5 156 124 141 -15
O M -2 2 124 94 202 78
M Space -1 3 94 140 172 78
Space T 3 -1 140 125 343 203
T H -1 -1 125 125 234 109
H E 1 3 125 171 172 47
E I 0 -5 171 140 265 94
I R 0 4 140 171 203 63
R Space -3 0 171 140 187 16
Space R 3 0 140 187 187 47
R O 0 -5 187 109 312 125
O U 0 2 109 156 1513 1404
U T 0 2 156 125 156 0
T I 0 -3 125 172 172 47
I N -2 2 172 156 998 826
N E 2 3 156 156 437 281
E Space -3 -1 156 156 203 47
Space S 2 2 156 171 749 593
S C -1 -1 171 187 390 219
C H 1 -3 187 125 156 -31
H E 1 3 125 171 156 31
E D -1 0 171 171 515 344
D U 1 -4 171 140 140 -31
U L -1 -2 140 171 749 609
L E 1 6 171 140 109 -62
E OemPeriod -2 -6 140 125 1154 1014
OemPeriod Space -1 5 125 125 297 172
Space LShiftKey 1 4 125 312 140 15
LShiftKey A 1 -1 312 156 234 -78
A S 0 -1 156 140 437 281
S Space -2 -2 140 172 156 16
Space F 2 0 172 171 1061 889
F A 0 3 171 156 156 -15
A R 1 -3 156 125 93 -63
R Space -3 0 125 203 484 359
Space A 2 3 203 203 546 343
A S 0 -1 203 202 172 -31
S Space -2 -2 202 171 265 63
Space A 2 3 171 203 2277 2106
A R 1 -3 203 109 125 -78
R T 0 -1 109 109 203 94
T Oemcomma -2 -3 109 125 2324 2215
Oemcomma Space -1 4 125 140 1030 905
Space M 1 -3 140 140 203 63
M U 2 0 140 109 234 94
U S -1 5 109 156 78 -31
S I 1 -6 156 125 187 31
I C -2 5 125 156 203 78
C Space -1 -1 156 156 156 0
Space O 3 -5 156 172 421 265
O R 0 5 172 156 218 46
R Space -3 0 156 156 141 -15
Space T 3 -1 156 109 312 156
T H -1 -1 109 140 234 125
H E 1 3 140 171 156 16
E A -1 2 171 171 234 63
A T 1 -4 171 109 47 -124
T R 0 1 109 109 234 125
R E 0 1 109 171 109 0
E Space -3 -1 171 156 265 94
Space G 2 -1 156 203 1076 920
G O 1 -4 203 125 219 16
O R 0 5 125 94 296 171
R Back 1 -9 94 141 655 561
Back E -1 10 141 125 125 -16
E S -1 1 125 125 234 109
S Space -2 -2 125 125 562 437
Space Oemcomma 1 -4 125 93 1061 936
Oemcomma Space -1 4 93 141 202 109
Space LShiftKey 1 4 141 266 468 327
LShiftKey I 2 -8 266 93 110 -156
I Space -3 4 93 125 265 172
Space H 2 -2 125 141 1310 1185
H A 0 5 141 187 172 31
A V -1 -3 187 156 671 484
V E 2 1 156 140 109 -47
E Space -3 -1 140 140 234 94
Space A 2 3 140 203 499 359
A Space -2 -3 203 188 296 93
Space I 3 -4 188 156 2715 2527
I N -2 2 156 156 281 125
N C 0 3 156 187 546 390
C L 1 -6 187 109 171 -16
L I 1 1 109 140 250 141
I N -2 2 140 125 234 94
N A 1 5 125 156 156 31
A T 1 -4 156 140 499 343
T I 0 -3 140 187 78 -62
I O 0 -1 187 140 125 -62
O N -2 3 140 109 281 141
N Space -1 2 109 187 499 390
Space T 3 -1 187 156 390 203
T O 0 -4 156 140 187 31
O W 0 7 140 141 421 281
W A -1 1 141 171 250 109
A R 1 -3 171 109 156 -15
R D -1 1 109 187 125 16
D Space -2 -1 187 172 218 31
Space S 2 2 172 188 218 46
S P 1 -8 188 156 546 358
P E 0 7 156 171 141 -15
E C -2 0 171 187 421 250
C I 2 -5 187 187 421 234
I F -1 4 187 140 203 16
F I 1 -4 140 109 94 -46
I C -2 5 109 140 187 78
C Space -1 -1 140 140 234 94
Space K 2 -4 140 140 936 796
K I 1 0 140 109 218 78
I Space -3 4 109 109 281 172
Space Back 4 -9 109 141 686 577
Back Back 0 0 141 110 312 171
Back Back 0 0 110 109 188 78
Back G -2 8 109 125 811 702
G E 1 2 125 171 156 31
E N -2 -3 171 124 983 812
N E 2 3 124 125 187 63
E R 0 -1 125 124 203 78
R Back 1 -9 124 94 561 437
Back Back 0 0 94 109 172 78
Back R -1 9 109 172 530 421
R E 0 1 172 141 187 15
E Space -3 -1 141 188 468 327
Space O 3 -5 188 156 266 78
O D -1 6 156 47 218 62
D Back 2 -10 47 125 655 608
Back Back 0 0 125 78 453 328
Back O -1 4 78 109 1201 1123
O F -1 5 109 187 156 47
F Space -2 0 187 140 203 16
Space M 1 -3 140 125 998 858
M U 2 0 125 125 234 109
U S -1 5 125 156 94 -31
S I 1 -6 156 141 171 15
I C -2 5 141 172 499 358
C Space -1 -1 172 156 250 78
Space A 2 3 156 218 156 0
A N -1 -5 218 140 234 16
N D 1 3 140 172 218 78
D Space -2 -1 172 172 125 -47
Space T 3 -1 172 125 484 312
T H -1 -1 125 109 733 608
H E 1 3 109 156 156 47
E A -1 2 156 250 140 -16
A T 1 -4 250 125 172 -78
T R 0 1 125 109 203 78
R E 0 1 109 187 78 -31
E OemPeriod -2 -6 187 93 1217 1030
OemPeriod LShiftKey 0 9 93 234 22760 22667
LShiftKey T 2 -5 234 109 78 -156
T H -1 -1 109 140 562 453
H E 1 3 140 187 78 -62
E Space -3 -1 187 156 296 109
Space X 1 2 156 141 686 530
X Back 3 -11 141 141 983 842
Back S -2 11 141 171 172 31
S C -1 -1 171 125 764 593
C E 2 0 125 125 312 187
E N -2 -3 125 141 1123 998
N E 2 3 141 187 125 -16
E Space -3 -1 187 141 187 0
Space A 2 3 141 187 656 515
A B -1 -4 187 218 265 78
B O 2 -4 218 156 265 47
O V -2 5 156 125 546 390
V E 2 1 125 171 172 47
E Space -3 -1 171 125 187 16
Space D 2 1 125 187 998 873
D E 1 0 187 125 250 63
E S -1 1 125 187 1310 1185
S C -1 -1 187 172 234 47
C I 2 -5 172 125 156 -16
I Back 1 -5 125 140 983 858
Back R -1 9 140 141 109 -31
R I 0 -4 141 188 967 826
I B -2 3 188 140 562 374
B E 2 2 140 140 234 94
E S -1 1 140 172 265 125
S Space -2 -2 172 172 11154 10982
Space A 2 3 172 172 28673 28501
A Space -2 -3 172 171 1077 905
Space B 1 -1 171 172 405 234
B E 2 2 172 156 141 -31
E A -1 2 156 234 249 93
A T 1 -4 234 110 265 31
T I 0 -3 110 171 453 343
I F -1 4 171 188 249 78
F U 1 -3 188 109 515 327
U L -1 -2 109 156 265 156
L Space -2 5 156 125 406 250
Space D 2 1 125 171 1529 1404
D A 0 2 171 249 125 -46
A Y 1 -5 249 94 670 421
Y Space -3 2 94 156 297 203
Space A 2 3 156 249 359 203
A N -1 -5 249 140 218 -31
N D 1 3 140 172 312 172
D Space -2 -1 172 188 218 46
Space T 3 -1 188 125 780 592
T H -1 -1 125 109 266 141
H E 1 3 109 140 265 156
E Space -3 -1 140 156 249 109
Space P 3 -6 156 93 812 656
P P 0 0 93 109 171 78
P Back 1 -3 109 125 546 437
Back E -1 10 125 125 546 421
E O 0 -6 125 156 453 328
O P 0 -1 156 140 140 -16
P L -1 1 140 140 203 63
L E 1 6 140 140 156 16
E Space -3 -1 140 125 374 234
Space A 2 3 125 250 312 187
A R 1 -3 250 140 453 203
R E 0 1 140 156 265 125
E Space -3 -1 156 187 218 62
Space E 3 1 187 140 827 640
E N -2 -3 140 140 874 734
N J 1 -1 140 156 280 140
J O 1 -2 156 156 390 234
O Y 0 3 156 125 406 250
Y O 0 -3 125 125 218 93
O N -2 3 125 141 234 109
N G 1 1 141 94 312 171
G Space -2 1 94 156 203 109
Space T 3 -1 156 109 250 94
T H -1 -1 109 156 203 94
H E 1 3 156 156 140 -16
E I 0 -5 156 124 172 16
I R 0 4 124 156 156 32
R Space -3 0 156 141 171 15
Space W 3 2 141 141 889 748
W A -1 1 141 203 156 15
A T 1 -4 203 125 125 -78
T E 0 2 125 140 141 16
E R 0 -1 140 171 234 94
R Space -3 0 171 125 171 0
Space A 2 3 125 218 141 16
A C -1 -2 218 219 171 -47
C T 2 -2 219 125 624 405
T I 0 -3 125 125 187 62
I V -2 4 125 156 266 141
V I 2 -4 156 125 124 -32
I E 0 5 125 141 156 31
E S -1 1 141 156 234 93
S OemPeriod -1 -7 156 78 1810 1654
OemPeriod LShiftKey 0 9 78 375 3338 3260
LShiftKey Space -1 -4 375 188 624 249
Space LShiftKey 1 4 188 546 328 140
LShiftKey Back 3 -13 546 46 1654 1108
Back Back 0 0 46 93 312 266
Back Back 0 0 93 125 187 94
Back Back 0 0 125 109 218 93
Back T -1 8 109 172 936 827
T I 0 -3 172 141 187 15
I E 0 5 141 140 141 0
E S -1 1 140 171 234 94
S Oemcomma -1 -6 171 78 1029 858
Oemcomma Back 3 -5 78 94 640 562
Back OemPeriod -3 4 94 140 936 842
OemPeriod Space -1 5 140 141 218 78
Space Back 4 -9 141 109 24945 24804
Back Right -4 0 109 125 1170 1061
Right Right 0 0 125 94 499 374
Right Right 0 0 94 124 172 78
Right Right 0 0 124 109 187 63
Right Right 0 0 109 94 187 78
Right Right 0 0 94 109 172 78
Right Right 0 0 109 93 156 47
Right Right 0 0 93 78 280 187
Right N 1 7 78 94 874 796
N G 1 1 94 109 37659 37565
G M -1 -2 109 124 468 359
M A 1 6 124 202 78 -46
A I 1 -7 202 78 234 32
I L -1 -1 78 109 624 546
L Return 0 -3 109 94 1653 1544
Return U 1 5 94 140 17990 17896
U B -2 2 140 140 343 203
B C 0 2 140 156 390 250
C O 2 -6 156 109 265 109
O L -1 0 109 125 187 78
L E 1 6 125 125 281 156
E Back 1 -10 125 125 1123 998
Back L -2 4 125 125 749 624
L E 1 6 125 172 156 31
E C -2 0 172 171 203 31
C T 2 -2 171 187 359 188
T I 0 -3 187 156 218 31
I O 0 -1 156 141 109 -47
O N -2 3 141 110 265 124
N D4 3 2 110 125 1841 1731
D4 LShiftKey -3 4 125 296 219 94
LShiftKey D2 3 -2 296 110 124 -172
D2 Back 0 -11 110 156 1248 1138
Back Oem5 -1 0 156 109 4727 4571
Oem5 Back 1 0 109 140 2200 2091
Back LShiftKey -3 13 140 1294 2122 1982
LShiftKey D2 3 -2 1294 577 249 -1045
D2 D2 0 0 577 125 655 78
D2 D2 0 0 125 93 219 94
D2 Back 0 -11 93 110 951 858
Back Back 0 0 110 109 188 78
Back Back 0 0 109 109 187 78
Back Back 0 0 109 94 187 78
Back Back 0 0 94 124 172 78
Back Back 0 0 124 78 218 94
Back D2 0 11 78 265 1092 1014
D2 Back 0 -11 265 109 858 593
Back LShiftKey -3 13 109 343 13182 13073
LShiftKey D2 3 -2 343 140 156 -187
D2 Back 0 -11 140 109 952 812
Back D2 0 11 109 203 24252 24143
D2 Capital -2 2 203 468 2059 1856
Capital D2 2 -2 468 203 172 -296
D2 Back 0 -11 203 202 1373 1170
Back Capital -2 13 202 156 249 47
Capital LShiftKey -1 0 156 561 9986 9830
LShiftKey LShiftKey 0 0 561 2621 2901 2340
LShiftKey D2 3 -2 2621 203 671 -1950
D2 D2 0 0 203 172 858 655
D2 D2 0 0 172 109 297 125
D2 D2 0 0 109 140 187 78
D2 D2 0 0 140 312 203 63
D2 Back 0 -11 312 609 904 592
Back Back 0 0 609 94 702 93
Back D4 0 9 94 94 1470 1376
D4 LShiftKey -3 4 94 312 1030 936
LShiftKey D5 3 -5 312 110 140 -172
D5 Back 0 -8 110 94 3588 3478
Back LShiftKey -3 13 94 468 406 312
LShiftKey D4 3 -4 468 156 281 -187
D4 Back 0 -9 156 156 1092 936
Back LShiftKey -3 13 156 312 748 592
LShiftKey D6 3 -6 312 171 156 -156
D6 Back 0 -7 171 125 1887 1716
Back LShiftKey -3 13 125 390 25449 25324
LShiftKey D2 3 -2 390 109 234 -156
D2 Back 0 -11 109 109 998 889
Back U -1 6 109 109 10188 10079
U B -2 2 109 169 785 676
B C 0 2 169 172 512 343
C O 2 -6 172 110 265 93
O L -1 0 110 109 203 93
L L 0 0 109 94 156 47
L E 1 6 94 156 109 15
E C -2 0 156 156 266 110
C T 2 -2 156 109 187 31
T I 0 -3 109 140 421 312
I O 0 -1 140 125 125 -15
O N -2 3 125 110 249 124
N D4 3 2 110 109 749 639
D4 LShiftKey -3 4 109 406 9049 8940
LShiftKey D2 3 -2 406 172 172 -234
D2 Back 0 -11 172 110 1544 1372
Back LShiftKey -3 13 110 250 16539 16429
LShiftKey D2 3 -2 250 109 94 -156
D2 Back 0 -11 109 93 967 858
Back LShiftKey -3 13 93 448 457 364
LShiftKey D2 3 -2 448 312 120 -328
D2 D2 0 0 312 125 468 156
D2 Back 0 -11 125 140 2933 2808
Back Back 0 0 140 109 406 266
Back LShiftKey -3 13 109 359 6819 6710
LShiftKey D2 3 -2 359 187 172 -187
D2 LShiftKey -3 2 187 3870 10952 10765
LShiftKey D2 3 -2 3870 327 3184 -686
D2 LShiftKey -3 2 327 686 3120 2793
LShiftKey D2 3 -2 686 266 358 -328
