D9 D8 0 1 93 109 187 94
D8 D0 0 -2 109 110 218 109
D0 D9 0 1 110 93 188 78
D9 D9 0 0 93 109 5694 5601
D9 D8 0 1 109 125 202 93
D8 D0 0 -2 125 125 281 156
D0 D9 0 1 125 110 187 62
D9 Return -2 -3 110 140 2528 2418
Return Return 0 0 140 78 1123 983
Return RShiftKey -1 1 78 421 13213 13135
RShiftKey I 2 3 421 109 281 -140
I Space -3 4 109 125 1622 1513
Space A 2 3 125 156 780 655
A M -1 -6 156 94 187 31
M Space -1 3 94 141 702 608
Space H 2 -2 141 109 344 203
H O 1 -3 109 125 265 156
O M -2 2 125 125 265 140
M O 2 -2 125 141 265 140
O U 0 2 141 141 343 202
U R 0 3 141 109 734 593
R E 0 1 109 109 187 78
E D -1 0 109 109 156 47
D Space -2 -1 109 109 312 203
Space Back 4 -9 109 94 2090 1981
Back Back 0 0 94 94 156 62
Back Back 0 0 94 94 156 62
Back Back 0 0 94 93 141 47
Back Back 0 0 93 109 140 47
Back Back 0 0 109 94 156 47
Back Back 0 0 94 94 140 46
Back N -3 7 94 125 1077 983
N O 2 -3 125 125 468 343
O U 0 2 125 140 390 265
U R 0 3 140 110 639 499
R E 0 1 110 93 188 78
E D -1 0 93 93 156 63
D Space -2 -1 93 125 280 187
Space Back 4 -9 125 109 2637 2512
Back Back 0 0 109 94 171 62
Back Back 0 0 94 78 172 78
Back Back 0 0 78 94 140 62
Back Back 0 0 94 94 172 78
Back R -1 9 94 110 842 748
R E 0 1 110 94 172 62
E D -1 0 94 94 156 62
D Space -2 -1 94 109 265 171
Space T 3 -1 109 156 1763 1654
T O 0 -4 156 109 421 265
O Space -3 5 109 156 187 78
Space B 1 -1 156 109 437 281
B E 2 2 109 156 156 47
E Space -3 -1 156 94 203 47
Space W 3 2 94 156 2683 2589
W I 0 -6 156 109 359 203
I T 0 3 109 140 562 453
T H -1 -1 140 109 156 16
H Space -2 2 109 109 234 125
Space Y 3 -2 109 140 156 47
Y O 0 -3 140 109 187 47
O U 0 2 109 124 125 16
U Space -3 3 124 218 608 484
Space T 3 -1 218 125 811 593
T O 0 -4 125 109 172 47
O D -1 6 109 93 624 515
D A 0 2 93 140 109 16
A Y 1 -5 140 109 421 281
Y Space -3 2 109 187 1139 1030
Space A 2 3 187 218 874 687
A T 1 -4 218 94 202 -16
T Space -3 1 94 140 266 172
Space Y 3 -2 140 140 390 250
Y O 0 -3 140 109 234 94
O U 0 2 109 125 124 15
U R 0 3 125 140 609 484
R Space -3 0 140 218 702 562
Space C 1 1 218 172 1419 1201
C O 2 -6 172 94 281 109
O M -2 2 94 78 219 125
M M 0 0 78 94 124 46
M E 2 4 94 156 234 140
E N -2 -3 156 94 172 16
N C 0 3 94 124 1654 1560
C E 2 0 124 187 546 422
E M -2 -4 187 94 2667 2480
M E 2 4 94 187 125 31
E N -2 -3 187 110 140 -47
N T 2 1 110 109 406 296
T Space -3 1 109 187 265 156
Space F 2 0 187 203 2356 2169
F R 1 0 203 188 1029 826
R O 0 -5 188 109 562 374
O M -2 2 109 125 203 94
M Space -1 3 125 218 203 78
Space O 3 -5 218 110 1918 1700
O N -2 3 110 109 328 218
N E 2 3 109 172 530 421
E Space -3 -1 172 109 188 16
Space O 3 -5 109 218 312 203
O F -1 5 218 156 374 156
F Space -2 0 156 125 203 47
Space T 3 -1 125 156 203 78
T H -1 -1 156 94 140 -16
H E 1 3 94 171 203 109
E Space -3 -1 171 78 218 47
Space F 2 0 78 203 1607 1529
F I 1 -4 203 94 234 31
I N -2 2 94 125 218 124
N E 2 3 125 125 219 94
E S -1 1 125 156 343 218
S T 1 -3 156 172 343 187
T Space -3 1 172 187 297 125
Space U 3 -3 187 125 2168 1981
U N -2 1 125 93 250 125
N I 2 -2 93 94 218 125
I V -2 4 94 109 406 312
V E 2 1 109 140 156 47
E R 0 -1 140 140 234 94
R S -1 2 140 172 358 218
S I 1 -6 172 125 203 31
I T 0 3 125 140 406 281
T I 0 -3 140 125 405 265
I E 0 5 125 109 141 16
E S -1 1 109 171 234 125
S Space -2 -2 171 203 561 390
Space I 3 -4 203 156 2684 2481
I N -2 2 156 94 265 109
N Space -1 2 94 109 172 78
Space T 3 -1 109 140 187 78
T H -1 -1 140 109 125 -15
H E 1 3 109 156 202 93
E Space -3 -1 156 125 203 47
Space W 3 2 125 203 156 31
W O 0 -7 203 109 843 640
O R 0 5 109 140 390 281
R L -1 -5 140 94 405 265
L D 0 6 94 188 577 483
D OemPeriod -1 -6 188 109 375 187
OemPeriod Space -1 5 109 172 1232 1123
Space RShiftKey 1 -7 172 453 624 452
RShiftKey I 2 3 453 93 328 -125
I Space -3 4 93 156 218 125
Space N 1 -2 156 110 343 187
N E 2 3 110 140 297 187
E V -2 -1 140 110 327 187
V E 2 1 110 109 110 0
E R 0 -1 109 125 187 78
R Space -3 0 125 109 156 31
Space G 2 -1 109 125 3603 3494
G R 1 1 125 93 219 94
R A -1 3 93 125 156 63
A D 0 -2 125 109 125 0
D U 1 -4 109 110 514 405
U A -1 6 110 172 172 62
A T 1 -4 172 93 203 31
T E 0 2 93 140 156 63
E D -1 0 140 156 234 94
D Space -2 -1 156 109 187 31
Space F 2 0 109 78 125 16
F R 1 0 78 109 187 109
R O 0 -5 109 109 172 63
O M -2 2 109 94 202 93
M Space -1 3 94 94 203 109
Space C 1 1 94 141 312 218
C O 2 -6 141 109 234 93
O L -1 0 109 78 219 110
L L 0 0 78 93 156 78
L E 1 6 93 93 156 63
E G -1 -2 93 110 436 343
G E 1 2 110 124 110 0
E Space -3 -1 124 171 421 297
Space Back 4 -9 171 125 1279 1108
Back OemPeriod -3 4 125 109 343 218
OemPeriod Space -1 5 109 156 312 203
Space RShiftKey 1 -7 156 312 1747 1591
RShiftKey T 2 6 312 124 188 -124
T R 0 1 124 125 280 156
R U 0 -3 125 94 406 281
U T 0 2 94 125 452 358
T H -1 -1 125 93 141 16
H Space -2 2 93 93 234 141
Space B 1 -1 93 109 2153 2060
B R 2 1 109 78 140 31
R Back 1 -9 78 94 624 546
Back E -1 10 94 109 125 31
E Space -3 -1 109 94 218 109
Space T 3 -1 94 110 187 93
T O 0 -4 110 93 422 312
O L -1 0 93 109 171 78
L D 0 6 109 125 203 94
D Oemcomma -1 -5 125 110 452 327
Oemcomma Space -1 4 110 218 219 109
Space T 3 -1 218 125 1170 952
T H -1 -1 125 109 140 15
H I 1 -2 109 110 187 78
I D -1 5 110 93 141 31
D Back 2 -10 93 110 483 390
Back S -2 11 110 140 172 62
S Space -2 -2 140 203 1092 952
Space I 3 -4 203 109 187 -16
I S -1 6 109 188 187 78
S Space -2 -2 188 109 266 78
Space T 3 -1 109 94 1606 1497
T H -1 -1 94 124 344 250
H E 1 3 124 125 218 94
E Space -3 -1 125 93 250 125
Space C 1 1 93 140 140 47
C L 1 -6 140 94 218 78
L O 1 0 94 93 188 94
O S -1 7 93 109 109 16
S E 1 -1 109 93 234 125
E S -1 1 93 171 1326 1233
S T 1 -3 171 109 203 32
T Space -3 1 109 203 249 140
Space RShiftKey 1 -7 203 359 733 530
RShiftKey I 2 3 359 109 219 -140
I Oemcomma -2 0 109 125 702 593
Oemcomma V 0 4 125 109 530 405
V E 2 1 109 187 156 47
E Space -3 -1 187 125 203 16
Space E 3 1 125 172 1903 1778
E V -2 -1 172 109 141 -31
V E 2 1 109 156 140 31
E R 0 -1 156 125 265 109
R Space -3 0 125 109 156 31
Space RShiftKey 1 -7 109 905 468 359
RShiftKey T 2 6 905 156 1716 811
T O 0 -4 156 109 172 16
O Space -3 5 109 141 296 187
Space Back 4 -9 141 94 1123 982
Back Back 0 0 94 94 172 78
Back Back 0 0 94 93 172 78
Back Back 0 0 93 109 140 47
Back Back 0 0 109 748 172 63
Back Back 0 0 748 109 920 172
Back Oem7 -2 2 109 93 1061 952
Oem7 V -1 7 93 109 1123 1030
V E 2 1 109 109 203 94
E Space -3 -1 109 110 171 62
Space E 3 1 110 125 141 31
E V -2 -1 125 94 327 202
V E 2 1 94 109 94 0
E R 0 -1 109 109 203 94
R Space -3 0 109 109 140 31
Space G 2 -1 109 125 187 78
G O 1 -4 125 109 250 125
O T 0 4 109 109 328 219
T T 0 0 109 109 140 31
T E 0 2 109 125 78 -31
E V -2 -1 125 109 250 125
V Back 3 -9 109 93 499 390
Back N -3 7 93 93 390 297
N Space -1 2 93 110 717 624
Space T 3 -1 110 156 968 858
T O 0 -4 156 94 218 62
O Space -3 5 94 109 234 140
Space A 2 3 109 156 140 31
A Space -2 -3 156 125 219 63
Space C 1 1 125 187 593 468
C O 2 -6 187 109 187 0
O L -1 0 109 78 218 109
L L 0 0 78 78 125 47
L E 1 6 78 125 78 0
E G -1 -2 125 110 218 93
G E 1 2 110 109 94 -16
E Space -3 -1 109 187 406 297
Space G 2 -1 187 109 2137 1950
G R 1 1 109 94 218 109
R A -1 3 94 171 172 78
A D 0 -2 171 109 140 -31
D U 1 -4 109 94 546 437
U A -1 6 94 156 156 62
A T 1 -4 156 109 156 0
T I 0 -3 109 125 671 562
I O 0 -1 125 109 203 78
O N -2 3 109 109 499 390
N OemPeriod 0 -3 109 94 343 234
OemPeriod Space -1 5 94 203 780 686
Space RShiftKey 1 -7 203 109 609 406
RShiftKey RShiftKey 0 0 109 406 9812 9703
RShiftKey T 2 6 406 172 265 -141
T O 0 -4 172 109 281 109
O D -1 6 109 93 484 375
D A 0 2 93 141 124 31
A Y 1 -5 141 109 266 125
Y Space -3 2 109 172 202 93
Space I 3 -4 172 109 172 0
I Back 1 -5 109 94 608 499
Back RShiftKey -3 2 94 327 297 203
RShiftKey I 2 3 327 94 218 -109
I Space -3 4 94 156 203 109
Space W 3 2 156 140 234 78
W A -1 1 140 140 250 110
A N -1 -5 140 94 140 0
N T 2 1 94 141 265 171
T Space -3 1 141 94 203 62
Space T 3 -1 94 140 2746 2652
T O 0 -4 140 94 249 109
O Space -3 5 94 93 250 156
Space T 3 -1 93 141 405 312
T E 0 2 141 140 141 0
E L -1 -6 140 109 780 640
L L 0 0 109 125 140 31
L Space -2 5 125 218 297 172
Space Y 3 -2 218 141 2386 2168
Y O 0 -3 141 109 141 0
O U 0 2 109 124 125 16
U Space -3 3 124 203 265 141
Space T 3 -1 203 109 1529 1326
T H -1 -1 109 124 234 125
H R 1 2 124 93 156 32
R E 0 1 93 109 187 94
E E 0 0 109 94 171 62
E Space -3 -1 94 125 141 47
Space S 2 2 125 141 140 15
S T 1 -3 141 110 187 46
T O 0 -4 110 93 453 343
O R 0 5 93 109 156 63
R I 0 -4 109 109 203 94
I E 0 5 109 109 171 62
E S -1 1 109 125 250 141
S Space -2 -2 125 109 125 0
Space O 3 -5 109 109 234 125
O F -1 5 109 156 343 234
F Space -2 0 156 78 171 15
Space M 1 -3 78 110 156 78
M Y 2 1 110 110 234 124
Y Space -3 2 110 110 234 124
Space L 2 -5 110 94 281 171
L I 1 1 94 109 203 109
I F -1 4 109 109 234 125
F E 1 1 109 125 218 109
E OemPeriod -2 -6 125 141 1170 1045
OemPeriod Space -1 5 141 141 234 93
Space RShiftKey 1 -7 141 499 718 577
RShiftKey T 2 6 499 171 437 -62
T H -1 -1 171 109 234 63
H A 0 5 109 187 187 78
A T 1 -4 187 125 203 16
T S -1 3 125 109 187 62
S Back 2 -11 109 110 530 421
Back Oem7 -2 2 110 109 250 140
Oem7 S 0 9 109 140 94 -15
S Space -2 -2 140 109 218 78
Space I 3 -4 109 109 265 156
I T 0 3 109 110 265 156
T Space -3 1 110 140 172 62
Space Back 4 -9 140 109 1404 1264
Back OemPeriod -3 4 109 94 343 234
OemPeriod Space -1 5 94 156 156 62
Space RShiftKey 1 -7 156 343 125 -31
RShiftKey N 0 5 343 156 265 -78
N O 2 -3 156 78 219 63
O Space -3 5 78 93 234 156
Space B 1 -1 93 125 889 796
B I 2 -3 125 94 187 62
I G -1 3 94 141 499 405
G Space -2 1 141 156 1435 1294
Space D 2 1 156 110 624 468
D E 1 0 110 94 172 62
E A -1 2 94 156 78 -16
A L 0 -8 156 93 328 172
L OemPeriod -1 0 93 94 202 109
OemPeriod Space -1 5 94 203 936 842
Space RShiftKey 1 -7 203 655 656 453
RShiftKey J 1 4 655 141 561 -94
J U 1 0 141 78 312 171
U I 0 -1 78 78 0 -78
I Back 1 -5 78 124 609 531
Back Back 0 0 124 172 249 125
Back U -1 6 172 109 921 749
U S -1 5 109 172 140 31
S T 1 -3 172 94 187 15
T Space -3 1 94 125 250 156
Space T 3 -1 125 78 281 156
T H -1 -1 78 109 218 140
H R 1 2 109 94 109 0
R E 0 1 94 78 203 109
E E 0 0 78 78 156 78
E Space -3 -1 78 78 203 125
Space S 2 2 78 109 374 296
S T 1 -3 109 109 281 172
T O 0 -4 109 93 203 94
O R 0 5 93 125 140 47
R I 0 -4 125 78 265 140
I E 0 5 78 93 266 188
E S -1 1 93 140 234 141
S OemPeriod -1 -7 140 94 171 31
OemPeriod Return 1 -3 94 219 2964 2870
Return Return 0 0 219 187 266 47
Return Return 0 0 187 156 780 593
Return RShiftKey -1 1 156 390 1903 1747
RShiftKey T 2 6 390 141 296 -94
T H -1 -1 141 125 265 124
H E 1 3 125 110 156 31
E Space -3 -1 110 140 406 296
Space F 2 0 140 140 281 141
F I 1 -4 140 109 203 63
I R 0 4 109 94 452 343
R S -1 2 94 109 125 31
S T 1 -3 109 109 109 0
T Space -3 1 109 125 265 156
Space S 2 2 125 156 250 125
S T 1 -3 156 141 405 249
T O 0 -4 141 109 266 125
O R 0 5 109 109 312 203
R Y 0 -2 109 125 421 312
Y Space -3 2 125 187 546 421
Space I 3 -4 187 94 1154 967
I S -1 6 94 172 156 62
S Space -2 -2 172 109 219 47
Space A 2 3 109 156 218 109
A B -1 -4 156 188 920 764
B O 2 -4 188 94 281 93
O U 0 2 94 109 203 109
U T 0 2 109 94 265 156
T Space -3 1 94 109 281 187
Space C 1 1 109 125 234 125
C O 2 -6 125 94 140 15
O N -2 3 94 94 234 140
N N 0 0 94 109 125 31
N E 2 3 109 156 203 94
E C -2 0 156 110 296 140
C T 2 -2 110 141 390 280
T I 0 -3 141 109 172 31
I N -2 2 109 110 608 499
N G 1 1 110 140 453 343
G Space -2 1 140 187 1045 905
Space T 3 -1 187 109 889 702
T H -1 -1 109 109 234 125
H E 1 3 109 125 156 47
E Space -3 -1 125 109 172 47
Space D 2 1 109 172 140 31
D O 1 -6 172 93 250 78
O T 0 4 93 109 312 219
T S -1 3 109 172 140 31
S OemPeriod -1 -7 172 109 702 530
OemPeriod Return 1 -3 109 141 343 234
Return Return 0 0 141 93 219 78
Return Return 0 0 93 140 468 375
Return RShiftKey -1 1 140 484 1029 889
RShiftKey I 2 3 484 171 297 -187
I Space -3 4 171 110 405 234
Space D 2 1 110 125 203 93
D R 1 -1 125 172 234 109
R O 0 -5 172 109 219 47
O P 0 -1 109 78 218 109
P P 0 0 78 93 125 47
P E 0 7 93 125 140 47
E D -1 0 125 156 234 109
D Space -2 -1 156 187 2387 2231
Space O 3 -5 187 94 546 359
O U 0 2 94 94 265 171
U T 0 2 94 140 453 359
T Space -3 1 140 93 187 47
Space O 3 -5 93 109 265 172
O F -1 5 109 125 156 47
F Space -2 0 125 125 203 78
Space RShiftKey 1 -7 125 343 1373 1248
RShiftKey R 2 7 343 109 265 -78
R E 0 1 109 109 218 109
E E 0 0 109 78 156 47
E D -1 0 78 125 187 109
D Space -2 -1 125 109 203 78
Space RShiftKey 1 -7 109 873 718 609
RShiftKey C 0 8 873 172 764 -109
C O 2 -6 172 94 281 109
O L -1 0 94 78 203 109
L L 0 0 78 93 125 47
L E 1 6 93 156 93 0
E G -1 -2 156 93 219 63
G E 1 2 93 125 93 0
E Space -3 -1 125 172 343 218
Space A 2 3 172 188 1014 842
A F 0 -3 188 109 219 31
F T 1 -1 109 94 218 109
T E 0 2 94 156 63 -31
E R 0 -1 156 110 202 46
R Space -3 0 110 109 266 156
Space T 3 -1 109 94 249 140
T H -1 -1 94 109 312 218
H E 1 3 109 187 156 47
E Space -3 -1 187 94 234 47
Space F 2 0 94 171 1654 1560
F I 1 -4 171 109 203 32
I R 0 4 109 93 390 281
R S -1 2 93 156 93 0
S T 1 -3 156 94 156 0
T Space -3 1 94 125 281 187
Space D6 4 -2 125 110 296 171
D6 Space -4 2 110 109 375 265
Space M 1 -3 109 125 187 78
M O 2 -2 125 94 218 93
O N -2 3 94 94 250 156
N T 2 1 94 110 374 280
T H -1 -1 110 94 250 140
H D 0 3 94 172 109 15
D Back 2 -10 172 125 437 265
Back S -2 11 125 172 140 15
S Oemcomma -1 -6 172 94 2590 2418
Oemcomma Space -1 4 94 94 218 124
Space B 1 -1 94 172 1342 1248
B U 2 -2 172 78 218 46
U T 0 2 78 109 266 188
T Space -3 1 109 110 202 93
Space T 3 -1 110 94 125 15
T H -1 -1 94 94 109 15
H E 1 3 94 140 172 78
E N -2 -3 140 93 250 110
N Space -1 2 93 125 202 109
Space S 2 2 125 125 203 78
S T 1 -3 125 109 203 78
T A -1 4 109 156 94 -15
A Y 1 -5 156 125 218 62
Y E 0 3 125 109 187 62
E D -1 0 109 156 234 125
D Space -2 -1 156 109 203 47
Space A 2 3 109 140 1654 1545
A R 1 -3 140 140 390 250
R O 0 -5 140 125 218 78
O U 0 2 125 109 250 125
U N -2 1 109 93 265 156
N D 1 3 93 125 530 437
D Space -2 -1 125 62 219 94
Space A 2 3 62 125 93 31
A S 0 -1 125 125 234 109
S Space -2 -2 125 172 203 78
Space A 2 3 172 171 1217 1045
A Space -2 -3 171 171 468 297
Space D 2 1 171 124 203 32
D R 1 -1 124 156 234 110
R O 0 -5 156 109 171 15
O P 0 -1 109 110 187 78
P OemMinus 1 -1 110 156 484 374
OemMinus O -1 2 156 78 1451 1295
O Back 1 -4 78 110 405 327
Back I -1 5 110 94 281 171
I M -2 1 94 62 219 125
M Space -1 3 62 109 171 109
Space Back 4 -9 109 125 640 531
Back Back 0 0 125 93 156 31
Back N -3 7 93 94 296 203
N Space -1 2 94 78 765 671
Space F 2 0 78 140 733 655
F O 1 -5 140 94 187 47
O R 0 5 94 172 140 46
R Space -3 0 172 109 203 31
Space A 2 3 109 203 1435 1326
A N -1 -5 203 109 453 250
N O 2 -3 109 93 234 125
O T 0 4 93 93 515 422
T H -1 -1 93 125 218 125
H E 1 3 125 94 109 -16
E R 0 -1 94 125 156 62
R Space -3 0 125 94 156 31
Space D1 4 3 94 110 1279 1185
D1 D8 0 -7 110 93 656 546
D8 Space -4 4 93 78 296 203
Space M 1 -3 78 125 156 78
M P 2 -3 125 172 312 187
P N -2 4 172 156 265 93
N T 2 1 156 109 1108 952
T H -1 -1 109 125 249 140
H S 0 4 125 124 110 -15
S Back 2 -11 124 109 1154 1030
Back Back 0 0 109 109 156 47
Back Back 0 0 109 110 140 31
Back Back 0 0 110 93 188 78
Back Back 0 0 93 62 156 63
Back O -1 4 62 109 873 811
O N -2 3 109 110 265 156
N T 2 1 110 109 484 374
T H -1 -1 109 109 234 125
H S 0 4 109 156 125 16
S Space -2 -2 156 172 1825 1669
Space O 3 -5 172 125 437 265
O R 0 5 125 110 249 124
R Space -3 0 110 109 203 93
Space S 2 2 109 171 172 63
S O 1 -7 171 109 187 16
O Space -3 5 109 187 359 250
Space B 1 -1 187 125 1622 1435
B E 2 2 125 109 172 47
E F -1 -1 109 125 265 156
F O 1 -5 125 109 281 156
O R 0 5 109 109 78 -31
R E 0 1 109 156 203 94
E Space -3 -1 156 219 1497 1341
Space RShiftKey 1 -7 219 452 671 452
RShiftKey I 2 3 452 125 281 -171
I Space -3 4 125 172 265 140
Space R 3 0 172 93 359 187
R E 0 1 93 78 187 94
E A -1 2 78 156 78 0
A L 0 -8 156 94 312 156
L L 0 0 94 94 140 46
L Y 1 3 94 110 234 140
Y Space -3 2 110 125 312 202
Space Q 3 3 125 172 1295 1170
Q U 0 -6 172 110 265 93
U I 0 -1 110 94 172 62
I T 0 3 94 78 281 187
T Oemcomma -2 -3 78 93 515 437
Oemcomma Back 3 -5 93 109 795 702
Back OemPeriod -3 4 109 109 359 250
OemPeriod Space -1 5 109 203 1014 905
Space RShiftKey 1 -7 203 358 1186 983
RShiftKey S 1 9 358 203 249 -109
S O 1 -7 203 110 265 62
O Space -3 5 110 109 344 234
Space W 3 2 109 187 858 749
W H -1 -4 187 110 202 15
H Y 1 0 110 94 172 62
Y Space -3 2 94 125 234 140
Space D 2 1 125 156 187 62
D I 1 -5 156 109 125 -31
I D -1 5 109 171 125 16
D Space -2 -1 171 94 218 47
Space I 3 -4 94 93 219 125
I Back 1 -5 93 125 421 328
Back RShiftKey -3 2 125 250 343 218
RShiftKey I 2 3 250 141 218 -32
I Space -3 4 141 218 921 780
Space D 2 1 218 140 905 687
D R 1 -1 140 125 265 125
R O 0 -5 125 109 359 234
O P 0 -1 109 109 171 62
P Space -3 6 109 141 187 78
Space O 3 -5 141 94 156 15
O U 0 2 94 125 406 312
U T 0 2 125 110 140 15
T RShiftKey -2 -6 110 250 1248 1138
RShiftKey OemQuestion 0 1 250 156 110 -140
OemQuestion Return 1 -2 156 172 4586 4430
Return Return 0 0 172 219 1045 873
Return Back 2 -1 219 109 5008 4789
Back Back 0 0 109 125 1076 967
Back RShiftKey -3 2 125 421 5726 5601
RShiftKey I 2 3 421 125 296 -125
I T 0 3 125 125 608 483
T Space -3 1 125 109 203 78
Space S 2 2 109 140 172 63
S T 1 -3 140 109 187 47
T A -1 4 109 141 109 0
A R 1 -3 141 93 141 0
R T 0 -1 93 125 202 109
T E 0 2 125 109 203 78
E R 0 -1 109 47 234 125
R Back 1 -9 47 171 640 593
Back D -2 10 171 187 265 94
D Space -2 -1 187 124 484 297
Space B 1 -1 124 109 998 874
B E 2 2 109 109 437 328
E F -1 -1 109 109 203 94
F O 1 -5 109 110 358 249
O R 0 5 110 93 344 234
R E 0 1 93 110 436 343
E Space -3 -1 110 94 203 93
Space I 3 -4 94 93 250 156
I Back 1 -5 93 93 390 297
Back RShiftKey -3 2 93 296 281 188
RShiftKey I 2 3 296 78 202 -94
I Space -3 4 78 109 266 188
Space W 3 2 109 94 140 31
W A -1 1 94 93 203 109
A S 0 -1 93 110 171 78
S Space -2 -2 110 109 141 31
Space B 1 -1 109 125 967 858
B O 2 -4 125 93 203 78
O R 0 5 93 125 187 94
R N -2 -2 125 109 421 296
N OemPeriod 0 -3 109 125 359 250
OemPeriod Space -1 5 125 203 749 624
Space RShiftKey 1 -7 203 718 421 218
RShiftKey M 0 4 718 94 608 -110
M Y 2 1 94 109 375 281
Y Space -3 2 109 109 359 250
Space B 1 -1 109 171 1981 1872
B I 2 -3 171 109 281 110
I O 0 -1 109 94 171 62
O L -1 0 94 94 312 218
L O 1 0 94 109 156 62
O G -1 4 109 171 843 734
G I 1 -3 171 109 218 47
I C -2 5 109 110 530 421
C A 1 2 110 172 156 46
A L 0 -8 172 94 234 62
L Space -2 5 94 94 234 140
Space M 1 -3 94 78 172 78
M O 2 -2 78 94 187 109
O T 0 4 94 109 406 312
T H -1 -1 109 109 218 109
H E 1 3 109 109 94 -15
E R 0 -1 109 124 203 94
R Space -3 0 124 187 1263 1139
Space W 3 2 187 109 468 281
W A -1 1 109 109 234 125
A S 0 -1 109 156 172 63
S Space -2 -2 156 125 218 62
Space A 2 3 125 171 141 16
A Space -2 -3 171 109 187 16
Space Y 3 -2 109 109 764 655
Y O 0 -3 109 109 234 125
O U 0 2 109 109 219 110
U N -2 1 109 109 249 140
N G 1 1 109 156 328 219
G Oemcomma -1 -3 156 140 1248 1092
Oemcomma Space -1 4 140 203 1326 1186
Space U 3 -3 203 172 343 140
U N -2 1 172 109 1061 889
N W 2 4 109 62 390 281
W E 0 -1 62 125 1310 1248
E D -1 0 125 203 265 140
D Space -2 -1 203 218 1810 1607
Space C 1 1 218 172 920 702
C O 2 -6 172 110 156 -16
O L -1 0 110 78 203 93
L L 0 0 78 78 125 47
L E 1 6 78 124 94 16
E G -1 -2 124 93 1123 999
G E 1 2 93 125 78 -15
E Space -3 -1 125 109 218 93
Space G 2 -1 109 109 702 593
G R 1 1 109 78 203 94
R A -1 3 78 156 94 16
A D 0 -2 156 93 156 0
D U 1 -4 93 94 436 343
U A -1 6 94 156 125 31
A T 1 -4 156 94 187 31
T E 0 2 94 156 94 0
E Space -3 -1 156 125 218 62
Space S 2 2 125 140 250 125
S T 1 -3 140 94 156 16
T U 0 -2 94 94 390 296
U D -1 4 94 141 218 124
D E 1 0 141 172 250 109
E N -2 -3 172 93 203 31
N T 2 1 93 156 374 281
T Oemcomma -2 -3 156 109 1638 1482
Oemcomma Space -1 4 109 202 453 344
Space A 2 3 202 187 1154 952
A N -1 -5 187 94 842 655
N D 1 3 94 140 172 78
D Space -2 -1 140 109 203 63
Space S 2 2 109 187 187 78
S H 0 -4 187 93 281 94
H E 1 3 93 156 171 78
E Space -3 -1 156 109 266 110
Space D 2 1 109 109 156 47
D E 1 0 109 110 202 93
E C -2 0 110 156 266 156
C I 2 -5 156 109 234 78
I D -1 5 109 140 140 31
D E 1 0 140 109 250 110
E D -1 0 109 125 218 109
D Space -2 -1 125 187 250 125
Space T 3 -1 187 141 1840 1653
T O 0 -4 141 109 188 47
O Space -3 5 109 109 296 187
Space P 3 -6 109 78 312 203
P U 0 3 78 93 281 203
U T 0 2 93 124 359 266
T Space -3 1 124 93 187 63
Space M 1 -3 93 78 203 110
M E 2 4 78 234 468 390
E Space -3 -1 234 203 717 483
Space U 3 -3 203 109 827 624
U P 0 -3 109 94 296 187
P Space -3 6 94 140 250 156
Space F 2 0 140 156 437 297
F O 1 -5 156 94 187 31
O R 0 5 94 109 125 31
R Space -3 0 109 141 249 140
Space A 2 3 141 125 172 31
A D 0 -2 125 124 250 125
D O 1 -6 124 94 171 47
O P 0 -1 94 110 187 93
P T 0 5 110 140 344 234
T I 0 -3 140 94 436 296
I O 0 -1 94 110 156 62
O N -2 3 110 94 406 296
N OemPeriod 0 -3 94 78 1934 1840
OemPeriod Space -1 5 78 94 234 156
Space RShiftKey 1 -7 94 203 297 203
RShiftKey S 1 9 203 202 125 -78
S H 0 -4 202 94 249 47
H E 1 3 94 109 141 47
E Back 1 -10 109 172 608 499
Back E -1 10 172 156 546 374
E Space -3 -1 156 109 281 125
Space F 2 0 109 109 109 0
F E 1 1 109 172 218 109
E L -1 -6 172 93 219 47
L T 1 4 93 109 515 422
T Space -3 1 109 219 249 140
Space V 1 0 219 125 4805 4586
V E 2 1 125 141 109 -16
E R 0 -1 141 93 250 109
R Y 0 -2 93 93 468 375
Y Space -3 2 93 109 234 141
Space S 2 2 109 172 171 62
S T 1 -3 172 93 188 16
T R 0 1 93 110 202 109
R O 0 -5 110 109 219 109
O N -2 3 109 125 390 281
N G 1 1 125 110 327 202
G L 0 -4 110 156 250 140
L Y 1 3 156 93 827 671
Y Space -3 2 93 109 218 125
Space T 3 -1 109 109 172 63
T H -1 -1 109 78 93 -16
H A 0 5 78 140 250 172
A T 1 -4 140 109 109 -31
T Space -3 1 109 110 265 156
Space RShiftKey 1 -7 110 328 406 296
RShiftKey I 2 3 328 109 203 -125
I Space -3 4 109 110 171 62
Space S 2 2 110 140 266 156
S H 0 -4 140 93 187 47
H O 1 -3 93 109 218 125
O U 0 2 109 94 234 125
U L -1 -2 94 94 203 109
L D 0 6 94 140 156 62
D Space -2 -1 140 78 172 32
Space B 1 -1 78 109 452 374
B E 2 2 109 94 140 31
E Space -3 -1 94 125 172 78
Space A 2 3 125 94 187 62
A D 0 -2 94 125 250 156
D O 1 -6 125 110 249 124
O P 0 -1 110 94 250 140
P T 0 5 94 109 234 140
T E 0 2 109 125 608 499
E D -1 0 125 125 250 125
D Space -2 -1 125 187 468 343
Space B 1 -1 187 140 234 47
B Y 2 -1 140 93 172 32
Y Space -3 2 93 203 202 109
Space C 1 1 203 202 2762 2559
C O 2 -6 202 93 187 -15
O L -1 0 93 78 187 94
L L 0 0 78 93 125 47
L E 1 6 93 109 109 16
E G -1 -2 109 94 343 234
G E 1 2 94 110 109 15
E Space -3 -1 110 109 203 93
Space G 2 -1 109 109 375 266
G R 1 1 109 109 265 156
R A -1 3 109 109 265 156
A D 0 -2 109 93 328 219
D U 1 -4 93 109 421 328
U A -1 6 109 125 140 31
A T 1 -4 125 109 172 47
T E 0 2 109 109 140 31
E S -1 1 109 156 250 141
S Oemcomma -1 -6 156 125 390 234
Oemcomma Space -1 4 125 203 1575 1450
Space S 2 2 203 187 2824 2621
S O 1 -7 187 94 265 78
O Space -3 5 94 110 265 171
Space E 3 1 110 140 188 78
E V -2 -1 140 78 296 156
V E 2 1 78 109 78 0
E R 0 -1 109 140 250 141
R Y 0 -2 140 94 249 109
Y T 0 1 94 109 297 203
T H -1 -1 109 125 249 140
H I 1 -2 125 78 297 172
I O 0 -1 78 47 15 -63
O Back 1 -4 47 172 1014 967
Back N -3 7 172 109 640 468
N G 1 1 109 124 281 172
G Space -2 1 124 78 202 78
Space W 3 2 78 171 266 188
W A -1 1 171 125 296 125
A S 0 -1 125 109 203 78
S Space -2 -2 109 94 187 78
Space A 2 3 94 125 140 46
A L 0 -8 125 78 156 31
L L 0 0 78 78 141 63
L Space -2 5 78 94 218 140
Space S 2 2 94 109 94 0
S E 1 -1 109 93 203 94
E T 0 -2 93 109 218 125
T Space -3 1 109 109 156 47
Space F 2 0 109 156 452 343
F O 1 -5 156 78 156 0
O R 0 5 78 109 125 47
R Space -3 0 109 109 624 515
Space M 1 -3 109 94 187 78
M E 2 4 94 125 94 0
E Space -3 -1 125 218 6006 5881
Space T 3 -1 218 125 1014 796
T O 0 -4 125 109 328 203
O Space -3 5 109 140 265 156
Space B 1 -1 140 109 359 219
B E 2 2 109 218 218 109
E Space -3 -1 218 203 515 297
Space A 2 3 203 141 218 15
A D 0 -2 141 124 297 156
D O 1 -6 124 94 202 78
O P 0 -1 94 109 172 78
P T 0 5 109 109 390 281
T E 0 2 109 125 109 0
E D -1 0 125 203 234 109
D Space -2 -1 203 203 234 31
Space A 2 3 203 203 1045 842
A T 1 -4 203 125 375 172
T Space -3 1 125 125 312 187
Space B 1 -1 125 172 265 140
B U 2 -2 172 62 234 62
U Back 1 -6 62 110 452 390
Back I -1 5 110 109 344 234
I R 0 4 109 125 280 171
R T 0 -1 125 109 250 125
T H -1 -1 109 110 296 187
H Space -2 2 110 110 234 124
Space B 1 -1 110 203 1748 1638
B Y 2 -1 203 172 187 -16
Y Space -3 2 172 141 452 280
Space S 2 2 141 156 219 78
S Back 2 -11 156 187 530 374
Back A -2 12 187 171 250 63
A Space -2 -3 171 234 686 515
Space L 2 -5 234 93 1654 1420
L A 0 8 93 172 140 47
A W 1 -1 172 187 593 421
W Y 0 -4 187 110 374 187
Y E 0 3 110 141 125 15
E R 0 -1 141 124 219 78
R Space -3 0 124 140 156 32
Space A 2 3 140 156 187 47
A N -1 -5 156 110 171 15
N D 1 3 110 125 375 265
D Space -2 -1 125 93 203 78
Space H 2 -2 93 109 327 234
H I 1 -2 109 109 219 110
I S -1 6 109 125 187 78
S Space -2 -2 125 109 203 78
Space W 3 2 109 140 421 312
W I 0 -6 140 110 249 109
I F -1 4 110 110 234 124
F E 1 1 110 125 219 109
E OemPeriod -2 -6 125 94 1778 1653
OemPeriod Space -1 5 94 172 125 31
Space RShiftKey 1 -7 172 219 218 46
RShiftKey W 2 9 219 234 110 -109
W Back 1 -11 234 109 483 249
Back RShiftKey -3 2 109 218 297 188
RShiftKey E 2 8 218 109 93 -125
E X -2 1 109 110 265 156
X C 0 -1 110 78 219 109
C E 2 0 78 172 218 140
E P 0 -7 172 109 234 62
P T 0 5 109 171 406 297
T Space -3 1 171 203 421 250
Space T 3 -1 203 171 1061 858
T H -1 -1 171 125 187 16
H A 0 5 125 219 218 93
A T 1 -4 219 109 141 -78
T Space -3 1 109 218 1139 1030
Space W 3 2 218 172 2714 2496
W H -1 -4 172 94 187 15
H E 1 3 94 203 172 78
E N -2 -3 203 93 281 78
N Space -1 2 93 78 202 109
Space I 3 -4 78 125 234 156
I Back 1 -5 125 124 422 297
Back RShiftKey -3 2 124 374 312 188
RShiftKey I 2 3 374 93 234 -140
I Space -3 4 93 187 156 63
Space P 3 -6 187 109 265 78
P O 0 1 109 94 187 78
O P 0 -1 94 109 156 62
P P 0 0 109 94 156 47
P E 0 7 94 109 577 483
E D -1 0 109 140 219 110
D Space -2 -1 140 125 124 -16
Space O 3 -5 125 93 297 172
O U 0 2 93 94 218 125
U T 0 2 94 156 203 109
T Oemcomma -2 -3 156 93 827 671
Oemcomma Back 3 -5 93 156 2012 1919
Back Space -4 9 156 156 219 63
Space T 3 -1 156 140 421 265
T H -1 -1 140 94 171 31
H E 1 3 94 172 156 62
E Y 0 -3 172 93 141 -31
Y Space -3 2 93 202 905 812
Space D 2 1 202 125 811 609
D E 1 0 125 109 218 93
E C -2 0 109 156 250 141
C U 2 -4 156 62 203 47
U Back 1 -6 62 140 452 390
Back I -1 5 140 94 374 234
I D -1 5 94 78 110 16
D E 1 0 78 125 187 109
E D -1 0 125 172 218 93
D Space -2 -1 172 234 343 171
Space A 2 3 234 265 765 531
A T 1 -4 265 94 1029 764
T Space -3 1 94 125 234 140
Space T 3 -1 125 93 266 141
T H -1 -1 93 93 577 484
H E 1 3 93 156 187 94
E Space -3 -1 156 125 218 62
Space L 2 -5 125 78 578 453
L A 0 8 78 125 124 46
A S 0 -1 125 94 234 109
S T 1 -3 94 109 125 31
T Space -3 1 109 109 297 188
Space M 1 -3 109 125 280 171
M I 2 -1 125 93 219 94
I U 0 1 93 109 780 687
U T 0 2 109 94 421 312
T E 0 2 94 172 156 62
E Back 1 -10 172 125 920 748
Back Back 0 0 125 109 172 47
Back Back 0 0 109 94 156 47
Back N -3 7 94 110 608 514
N U 2 -1 110 109 203 93
U T 0 2 109 109 453 344
T E 0 2 109 172 93 -16
E Space -3 -1 172 172 1560 1388
Space T 3 -1 172 93 718 546
T H -1 -1 93 93 281 188
H A 0 5 93 188 124 31
A T 1 -4 188 93 141 -47
T Space -3 1 93 110 249 156
Space T 3 -1 110 93 297 187
T H -1 -1 93 109 218 125
H E 1 3 109 124 141 32
E Y 0 -3 124 94 62 -62
Y Space -3 2 94 172 468 374
Space R 3 0 172 109 1810 1638
R E 0 1 109 78 187 78
E A -1 2 78 219 140 62
A L 0 -8 219 94 624 405
L L 0 0 94 93 141 47
L Y 1 3 93 78 249 156
Y Space -3 2 78 124 219 141
Space W 3 2 124 125 140 16
W A -1 1 125 156 250 125
A N -1 -5 156 93 109 -47
N T 2 1 93 94 296 203
T E 0 2 94 110 109 15
E D -1 0 110 141 203 93
D Space -2 -1 141 125 187 46
Space A 2 3 125 140 172 47
A Space -2 -3 140 109 172 32
Space G 2 -1 109 203 171 62
G I 1 -3 203 188 889 686
I R 0 4 188 187 375 187
R L -1 -5 187 78 296 109
L OemPeriod -1 0 78 94 234 156
OemPeriod Space -1 5 94 219 1123 1029
Space RShiftKey 1 -7 219 297 2964 2745
RShiftKey S 1 9 297 187 172 -125
S O 1 -7 187 94 452 265
O Space -3 5 94 203 1311 1217
Space M 1 -3 203 109 546 343
M Y 2 1 109 94 343 234
Y Space -3 2 94 171 250 156
Space P 3 -6 171 93 265 94
P A -1 9 93 172 140 47
A R 1 -3 172 78 250 78
R E 0 1 78 156 93 15
E M -2 -4 156 78 375 219
M Back 3 -6 78 93 546 468
Back N -3 7 93 94 296 203
N T 2 1 94 78 297 203
T S -1 3 78 156 140 62
S Oemcomma -1 -6 156 78 515 359
Oemcomma Space -1 4 78 125 140 62
Space W 3 2 125 171 250 125
W H -1 -4 171 93 156 -15
H O 1 -3 93 94 265 172
O Space -3 5 94 109 328 234
Space W 3 2 109 124 156 47
W E 0 -1 124 140 234 110
E R 0 -1 140 94 249 109
R E 0 1 94 171 219 125
E Space -3 -1 171 94 249 78
Space O 3 -5 94 109 4883 4789
O N -2 3 109 93 250 141
N Space -1 2 93 109 187 94
Space A 2 3 109 187 187 78
A Space -2 -3 187 78 218 31
Space W 3 2 78 125 125 47
W A -1 1 125 141 265 140
A I 1 -7 141 109 125 -16
I T 0 3 109 156 203 94
T I 0 -3 156 125 62 -94
I N -2 2 125 125 234 109
N G 1 1 125 156 468 343
G Space -2 1 156 125 156 0
Space L 2 -5 125 78 578 453
L I 1 1 78 109 171 93
I S -1 6 109 156 141 32
S T 1 -3 156 94 218 62
T Oemcomma -2 -3 94 109 1123 1029
Oemcomma Space -1 4 109 187 219 110
Space G 2 -1 187 156 904 717
G O 1 -4 156 110 234 78
O T 0 4 110 140 172 62
T Space -3 1 140 140 234 94
Space A 2 3 140 172 187 47
A Space -2 -3 172 125 172 0
Space C 1 1 125 140 265 140
C A 1 2 140 188 296 156
A L 0 -8 188 93 188 0
L L 0 0 93 94 171 78
L Space -2 5 94 202 765 671
Space I 3 -4 202 109 530 328
I N -2 2 109 78 234 125
N Space -1 2 78 140 172 94
Space T 3 -1 140 124 234 94
T H -1 -1 124 93 31 -93
H E 1 3 93 172 265 172
E Space -3 -1 172 187 203 31
Space M 1 -3 187 109 343 156
M I 2 -1 109 109 203 94
I D -1 5 109 124 125 16
D D 0 0 124 140 187 63
D L 0 -6 140 78 156 16
L E 1 6 78 140 109 31
E Space -3 -1 140 78 218 78
Space O 3 -5 78 125 375 297
O F -1 5 125 141 140 15
F Space -2 0 141 109 250 109
Space T 3 -1 109 109 2184 2075
T H -1 -1 109 109 390 281
H E 1 3 109 156 109 0
E Space -3 -1 156 109 234 78
Space N 1 -2 109 93 281 172
N I 2 -2 93 203 249 156
I G -1 3 203 171 297 94
G H 0 -1 171 141 296 125
H T 1 1 141 156 156 15
T Space -3 1 156 188 1045 889
Space A 2 3 188 156 2060 1872
A S 0 -1 156 156 265 109
S K 0 -6 156 125 374 218
K I 1 0 125 109 203 78
I N -2 2 109 125 234 125
N G 1 1 125 203 296 171
G RShiftKey -1 -6 203 1373 1888 1685
RShiftKey Oem1 1 1 1373 94 218 -1155
Oem1 Space -2 6 94 156 250 156
Space Oem7 2 -7 156 109 187 31
Oem7 RShiftKey -1 0 109 546 1170 1061
RShiftKey W 2 9 546 110 421 -125
W E 0 -1 110 125 203 93
E Space -3 -1 125 109 234 109
Space H 2 -2 109 93 219 110
H A 0 5 93 171 109 16
A V -1 -3 171 109 234 63
V E 2 1 109 156 93 -16
E Space -3 -1 156 203 203 47
Space A 2 3 203 171 1342 1139
A N -1 -5 171 109 1092 921
N Space -1 2 109 172 561 452
Space U 3 -3 172 94 328 156
U N -2 1 94 125 218 124
N E 2 3 125 125 359 234
E X -2 1 125 156 531 406
X P 2 -8 156 109 468 312
P E 0 7 109 141 171 62
E C -2 0 141 156 281 140
C T 2 -2 156 94 265 109
T E 0 2 94 94 78 -16
E D -1 0 94 202 219 125
D Space -2 -1 202 156 234 32
Space B 1 -1 156 94 2074 1918
B A 1 4 94 187 110 16
A B -1 -4 187 171 577 390
B Y 2 -1 171 109 187 16
Y Space -3 2 109 141 296 187
Space B 1 -1 141 156 406 265
B O 2 -4 156 109 250 94
O T 0 4 109 110 124 15
T Back 1 -8 110 172 390 280
Back Y -1 7 172 93 375 203
Y Oem1 -1 -4 93 109 2621 2528
Oem1 Space -2 6 109 187 577 468
Space D 2 1 187 187 2059 1872
D O 1 -6 187 109 250 63
O Space -3 5 109 94 280 171
Space Y 3 -2 94 109 531 437
Y O 0 -3 109 109 265 156
O U 0 2 109 110 218 109
U Space -3 3 110 125 250 140
Space W 3 2 125 125 140 15
W A -1 1 125 171 235 110
A N -1 -5 171 93 78 -93
N T 2 1 93 94 327 234
T Space -3 1 94 125 250 156
Space H 2 -2 125 109 218 93
H I 1 -2 109 94 234 125
I M -2 1 94 109 375 281
M RShiftKey 0 -4 109 686 1326 1217
RShiftKey OemQuestion 0 1 686 125 265 -421
OemQuestion Oem7 1 -1 125 125 218 93
Oem7 Space -2 7 125 203 780 655
Space RShiftKey 1 -7 203 608 359 156
RShiftKey T 2 6 608 171 484 -124
T H -1 -1 171 109 296 125
H E 1 3 109 171 250 141
E Y 0 -3 171 109 234 63
Y Space -3 2 109 125 280 171
Space S 2 2 125 109 125 0
S A 0 1 109 140 219 110
A I 1 -7 140 109 109 -31
I D -1 5 109 140 499 390
D RShiftKey -1 -8 140 343 187 47
RShiftKey Oem1 1 1 343 140 172 -171
Oem1 Space -2 6 140 172 1965 1825
Space RShiftKey 1 -7 172 530 375 203
RShiftKey Oem7 1 0 530 140 187 -343
Oem7 Oem7 0 0 140 125 187 47
Oem7 Left -2 0 125 109 484 359
Left RShiftKey 1 0 109 608 390 281
RShiftKey O 2 2 608 140 312 -296
O F -1 5 140 124 1061 921
F Space -2 0 124 124 234 110
Space C 1 1 124 187 312 188
C O 2 -6 187 109 234 47
O U 0 2 109 109 249 140
U R 0 3 109 124 219 110
R S -1 2 124 140 265 141
S E 1 -1 140 172 218 78
E OemPeriod -2 -6 172 140 3058 2886
OemPeriod Right -1 -4 140 171 156 16
Right Space 0 9 171 218 2699 2528
Space RShiftKey 1 -7 218 421 1201 983
RShiftKey M 0 4 421 141 249 -172
M Y 2 1 141 93 422 281
Y Space -3 2 93 203 218 125
Space RShiftKey 1 -7 203 203 390 187
RShiftKey B 0 6 203 171 515 312
B I 2 -3 171 109 218 47
I O 0 -1 109 94 187 78
O L -1 0 94 78 250 156
L O 1 0 78 94 156 78
O G -1 4 94 156 359 265
G I 1 -3 156 93 234 78
I C -2 5 93 93 437 344
C A 1 2 93 171 156 63
A L 0 -8 171 94 249 78
L M -1 2 94 141 390 296
M Back 3 -6 141 109 515 374
Back Space -4 9 109 156 156 47
Space M 1 -3 156 94 452 296
M O 2 -2 94 109 203 109
O T 0 4 109 110 265 156
T H -1 -1 110 110 156 46
H E 1 3 110 78 141 31
E R 0 -1 78 47 0 -78
R Space -3 0 47 172 1154 1107
Space L 2 -5 172 78 4353 4181
L A 0 8 78 187 140 62
A T 1 -4 187 110 218 31
T E 0 2 110 110 156 46
E R 0 -1 110 124 188 78
R Space -3 0 124 109 187 63
Space F 2 0 109 125 140 31
F O 1 -5 125 94 203 78
O U 0 2 94 93 250 156
U N -2 1 93 109 265 172
N D 1 3 109 219 608 499
D Space -2 -1 219 250 546 327
Space T 3 -1 250 109 7457 7207
T H -1 -1 109 94 296 187
H A 0 5 94 187 110 16
A T 1 -4 187 94 171 -16
T Space -3 1 94 94 265 171
Space M 1 -3 94 109 219 125
M Y 2 1 109 94 265 156
Y Space -3 2 94 78 250 156
Space M 1 -3 78 109 171 93
M O 2 -2 109 94 234 125
O T 0 4 94 124 375 281
T H -1 -1 124 109 140 16
H E 1 3 109 94 156 47
E R 0 -1 94 62 16 -78
R Space -3 0 62 188 1372 1310
Space H 2 -2 188 109 1514 1326
H A 0 5 109 109 140 31
A D 0 -2 109 141 218 109
D Space -2 -1 141 125 203 62
Space N 1 -2 125 94 390 265
N E 2 3 94 188 187 93
E V -2 -1 188 78 281 93
V E 2 1 78 141 78 0
E R 0 -1 141 141 234 93
R Space -3 0 141 172 265 124
Space G 2 -1 172 93 8409 8237
G R 1 1 93 94 187 94
R A -1 3 94 109 94 0
A D 0 -2 109 124 234 125
D U 1 -4 124 94 358 234
U A -1 6 94 156 125 31
A T 1 -4 156 94 187 31
T E 0 2 94 93 141 47
E D -1 0 93 109 218 125
D Space -2 -1 109 110 187 78
Space F 2 0 110 109 125 15
F R 1 0 109 109 203 94
R O 0 -5 109 110 140 31
O M -2 2 110 93 219 109
M Space -1 3 93 78 234 141
Space C 1 1 78 140 1872 1794
C O 2 -6 140 93 125 -15
O L -1 0 93 62 187 94
L L 0 0 62 94 93 31
L E 1 6 94 109 172 78
E E 0 0 109 140 780 671
E G -1 -2 140 125 109 -31
G Back 2 -8 125 62 718 593
Back Back 0 0 62 125 561 499
Back G -2 8 125 93 765 640
G E 1 2 93 156 78 -15
E Space -3 -1 156 141 483 327
Space A 2 3 141 171 297 156
A N -1 -5 171 94 218 47
N D 1 3 94 156 187 93
D Space -2 -1 156 110 468 312
Space M 1 -3 110 94 203 93
M Y 2 1 94 94 203 109
Y Space -3 2 94 109 234 140
Space F 2 0 109 109 281 172
F A 0 3 109 140 156 47
A T 1 -4 140 94 249 109
T H -1 -1 94 125 468 374
H E 1 3 125 125 141 16
E R 0 -1 125 156 234 109
R Space -3 0 156 203 171 15
Space H 2 -2 203 94 1888 1685
H A 0 5 94 109 109 15
A D 0 -2 109 156 234 125
D Space -2 -1 156 94 187 31
Space N 1 -2 94 93 266 172
N E 2 3 93 187 156 63
E V -2 -1 187 109 327 140
V E 2 1 109 125 94 -15
E R 0 -1 125 172 218 93
R Space -3 0 172 202 219 47
Space Left 0 -7 202 842 4430 4228
Left Right 0 -2 842 156 1279 437
Right Right 0 0 156 78 234 78
Right Right 0 0 78 93 141 63
Right Right 0 0 93 78 156 63
Right Right 0 0 78 124 156 78
Right Right 0 0 124 93 265 141
Right Back 4 0 93 140 546 453
Back Back 0 0 140 94 218 78
Back Back 0 0 94 93 141 47
Back Back 0 0 93 109 156 63
Back Back 0 0 109 93 187 78
Back Space -4 9 93 156 717 624
Space Right 0 -9 156 156 188 32
Right Right 0 0 156 125 218 62
Right Right 0 0 125 93 203 78
Right Right 0 0 93 93 156 63
Right Right 0 0 93 109 156 63
Right Space 0 9 109 218 905 796
Space H 2 -2 218 78 374 156
H A 0 5 78 124 94 16
A D 0 -2 124 156 218 94
D Space -2 -1 156 109 156 0
Space Back 4 -9 109 734 3182 3073
Back Back 0 0 734 156 952 218
Back Back 0 0 156 63 296 140
Back H -2 7 63 109 656 593
H A 0 5 109 109 93 -16
A D 0 -2 109 156 219 110
D Space -2 -1 156 187 187 31
Space N 1 -2 187 94 499 312
N E 2 3 94 141 140 46
E V -2 -1 141 140 375 234
V E 2 1 140 140 109 -31
E R 0 -1 140 172 218 78
R Space -3 0 172 109 188 16
Space G 2 -1 109 94 1544 1435
G R 1 1 94 78 218 124
R A -1 3 78 141 125 47
A D 0 -2 141 94 187 46
D U 1 -4 94 93 375 281
U A -1 6 93 109 125 32
A T 1 -4 109 109 140 31
T E 0 2 109 125 109 0
E D -1 0 125 124 219 94
D Space -2 -1 124 187 156 32
Space F 2 0 187 109 140 -47
F R 1 0 109 140 203 94
R O 0 -5 140 93 156 16
O M -2 2 93 109 187 94
M Space -1 3 109 171 203 94
Space H 2 -2 171 109 296 125
H I 1 -2 109 93 219 110
I G -1 3 93 93 343 250
G H 0 -1 93 93 203 110
H Space -2 2 93 110 202 109
Space S 2 2 110 125 141 31
S C -1 -1 125 141 249 124
C H 1 -3 141 94 234 93
H O 1 -3 94 109 250 156
O O 0 0 109 109 172 63
O L -1 0 109 78 202 93
L OemPeriod -1 0 78 62 1280 1202
OemPeriod Space -1 5 62 140 156 94
Space RShiftKey 1 -7 140 250 171 31
RShiftKey S 1 9 250 156 172 -78
S H 0 -4 156 109 218 62
H E 1 3 109 125 125 16
E Space -3 -1 125 156 421 296
Space R 3 0 156 94 343 187
R E 0 1 94 93 219 125
E F -1 -1 93 124 203 110
F U 1 -3 124 93 187 63
U S -1 5 93 109 156 63
S E 1 -1 109 109 187 78
E D -1 0 109 125 218 109
D Space -2 -1 125 78 219 94
Space T 3 -1 78 125 3260 3182
T O 0 -4 125 109 219 94
O Space -3 5 109 109 312 203
Space S 2 2 109 109 265 156
S I 1 -6 109 109 218 109
I G -1 3 109 109 546 437
G N -1 -1 109 93 172 63
N Space -1 2 93 125 171 78
Space T 3 -1 125 124 188 63
T H -1 -1 124 78 140 16
H E 1 3 78 125 187 109
E Space -3 -1 125 63 390 265
Space F 2 0 63 141 265 202
F I 1 -4 141 94 156 15
I N -2 2 94 109 203 109
N A 1 5 109 171 94 -15
A L 0 -8 171 62 234 63
L Space -2 5 62 188 1029 967
Space A 2 3 188 109 328 140
A D 0 -2 109 140 234 125
D O 1 -6 140 109 203 63
O P 0 -1 109 93 234 125
P T 0 5 93 140 312 219
T I 0 -3 140 93 172 32
I O 0 -1 93 78 171 78
O N -2 3 78 110 187 109
N Space -1 2 110 187 1280 1170
Space P 3 -6 187 93 546 359
P A -1 9 93 156 109 16
A P 1 -9 156 93 156 0
P E 0 7 93 93 203 110
E R 0 -1 93 94 249 156
R S -1 2 94 141 234 140
S Oemcomma -1 -6 141 78 187 46
Oemcomma Back 3 -5 78 93 344 266
Back OemPeriod -3 4 93 94 249 156
OemPeriod Space -1 5 94 156 172 78
Space RShiftKey 1 -7 156 281 1825 1669
RShiftKey S 1 9 281 172 187 -94
S H 0 -4 172 110 265 93
H E 1 3 110 125 125 15
E Space -3 -1 125 109 219 94
Space O 3 -5 109 140 1045 936
O N -2 3 140 78 546 406
N L 1 -3 78 78 281 203
L Y 1 3 78 94 296 218
Y Space -3 2 94 125 234 140
Space R 3 0 125 110 140 15
R E 0 1 110 110 234 124
E L -1 -6 110 94 203 93
L E 1 6 94 125 78 -16
E N -2 -3 125 93 250 125
N T 2 1 93 109 312 219
T E 0 2 109 109 125 16
E D -1 0 109 156 234 125
D Space -2 -1 156 218 312 156
Space A 2 3 218 218 733 515
A Space -2 -3 218 203 343 125
Space F 2 0 203 109 406 203
F E 1 1 109 94 218 109
E W 0 1 94 109 203 109
W Space -3 -2 109 93 203 94
Space M 1 -3 93 124 312 219
M O 2 -2 124 125 280 156
O N -2 3 125 110 936 811
N T 2 1 110 109 188 78
T H -1 -1 109 94 124 15
H S 0 4 94 141 234 140
S Space -2 -2 141 203 203 62
Space L 2 -5 203 94 2137 1934
L A 0 8 94 171 110 16
A T 1 -4 171 93 312 141
T E 0 2 93 93 109 16
E R 0 -1 93 94 187 94
R Space -3 0 94 125 187 93
Space W 3 2 125 140 172 47
W H -1 -4 140 125 156 16
H E 1 3 125 141 171 46
E N -2 -3 141 94 250 109
N Space -1 2 94 78 203 109
Space M 1 -3 78 94 171 93
M Y 2 1 94 109 219 125
Y Space -3 2 109 187 343 234
Space P 3 -6 187 109 1357 1170
P A -1 9 109 140 125 16
A R 1 -3 140 94 374 234
R E 0 1 94 109 125 31
E N -2 -3 109 125 2044 1935
N T 2 1 125 93 468 343
T S -1 3 93 171 125 32
S Space -2 -2 171 109 265 94
Space P 3 -6 109 109 499 390
P R 0 6 109 140 94 -15
R O 0 -5 140 109 249 109
O M -2 2 109 94 265 156
M I 2 -1 94 109 203 109
I S -1 6 109 125 125 16
S E 1 -1 125 93 250 125
E D -1 0 93 156 202 109
D Space -2 -1 156 219 827 671
Space T 3 -1 219 109 718 499
T H -1 -1 109 125 265 156
H A 0 5 125 187 156 31
A T 1 -4 187 109 156 -31
T Space -3 1 109 187 359 250
Space RShiftKey 1 -7 187 546 795 608
RShiftKey I 2 3 546 140 344 -202
I Space -3 4 140 109 452 312
Space W 3 2 109 156 94 -15
W O 0 -7 156 171 499 343
O U 0 2 171 110 717 546
U L -1 -2 110 109 250 140
L D 0 6 109 172 187 78
D Space -2 -1 172 218 593 421
Space S 2 2 218 219 1076 858
S O 1 -7 219 109 297 78
O M -2 2 109 109 265 156
M E 2 4 109 78 312 203
E D -1 0 78 94 218 140
D A 0 2 94 125 219 125
A Y 1 -5 125 94 140 15
Y Space -3 2 94 125 265 171
Space G 2 -1 125 140 172 47
G O 1 -4 140 93 203 63
O Space -3 5 93 94 249 156
Space T 3 -1 94 109 125 31
T O 0 -4 109 94 156 47
O Space -3 5 94 109 250 156
Space C 1 1 109 156 296 187
C O 2 -6 156 94 187 31
O L -1 0 94 78 203 109
L L 0 0 78 78 141 63
L E 1 6 78 125 171 93
E G -1 -2 125 109 234 109
G E 1 2 109 125 109 0
E OemPeriod -2 -6 125 125 780 655
OemPeriod Return 1 -3 125 140 375 250
Return Return 0 0 140 109 203 63
Return Return 0 0 109 93 234 125
Return Back 2 -1 93 172 483 390
Back RShiftKey -3 2 172 546 1092 920
RShiftKey A 1 10 546 203 406 -140
A N -1 -5 203 94 343 140
N D 1 3 94 187 671 577
D Space -2 -1 187 94 187 0
Space D1 4 3 94 125 218 124
D1 D7 0 -6 125 110 468 343
D7 Space -4 3 110 219 1014 904
Space Y 3 -2 219 156 437 218
Y E 0 3 156 109 1092 936
E A -1 2 109 125 156 47
A R 1 -3 125 109 125 0
R S -1 2 109 140 125 16
S Space -2 -2 140 109 234 94
Space L 2 -5 109 93 437 328
L A 0 8 93 141 124 31
A T 1 -4 141 94 203 62
T E 0 2 94 93 94 0
E R 0 -1 93 109 187 94
R Space -3 0 109 172 842 733
Space RShiftKey 1 -7 172 437 640 468
RShiftKey I 2 3 437 124 250 -187
I Space -3 4 124 110 202 78
Space D 2 1 110 156 234 124
D I 1 -5 156 109 172 16
I D -1 5 109 156 140 31
D Space -2 -1 156 109 250 94
Space G 2 -1 109 156 499 390
G O 1 -4 156 109 172 16
O Space -3 5 109 125 312 203
Space T 3 -1 125 140 234 109
T O 0 -4 140 93 905 765
O Space -3 5 93 140 546 453
Space C 1 1 140 93 265 125
C O 2 -6 93 94 93 0
O L -1 0 94 78 234 140
L L 0 0 78 78 390 312
L E 1 6 78 187 188 110
E G -1 -2 187 110 592 405
G E 1 2 110 124 110 0
E OemPeriod -2 -6 124 109 374 250
OemPeriod Space -1 5 109 156 640 531
Space RShiftKey 1 -7 156 702 312 156
RShiftKey B 0 6 702 156 577 -125
B U 2 -2 156 93 312 156
U T 0 2 93 156 171 78
T Space -3 1 156 125 172 16
Space RShiftKey 1 -7 125 343 359 234
RShiftKey I 2 3 343 125 218 -125
I Space -3 4 125 109 281 156
Space N 1 -2 109 78 187 78
N A 1 5 78 171 94 16
A I 1 -7 171 109 218 47
I V -2 4 109 94 421 312
V E 2 1 94 156 125 31
E L -1 -6 156 110 265 109
L Y 1 3 110 109 250 140
Y Space -3 2 109 187 811 702
Space C 1 1 187 187 718 531
C H 1 -3 187 94 249 62
H O 1 -3 94 109 266 172
O D -1 6 109 94 140 31
D Back 2 -10 94 140 390 296
Back S -2 11 140 109 172 32
S E 1 -1 109 188 202 93
E Space -3 -1 188 171 219 31
Space A 2 3 171 187 1451 1280
A Space -2 -3 187 188 358 171
Space C 1 1 188 172 250 62
C O 2 -6 172 109 156 -16
O L -1 0 109 78 218 109
L L 0 0 78 94 125 47
L E 1 6 94 156 109 15
E G -1 -2 156 94 250 94
G E 1 2 94 140 78 -16
E Space -3 -1 140 172 780 640
Space T 3 -1 172 109 624 452
T H -1 -1 109 110 296 187
H A 0 5 110 156 156 46
A T 1 -4 156 78 125 -31
T Space -3 1 78 125 234 156
Space W 3 2 125 124 141 16
W A -1 1 124 124 234 110
A S 0 -1 124 140 234 110
S Space -2 -2 140 94 249 109
Space A 2 3 94 187 203 109
A L 0 -8 187 78 749 562
L M -1 2 78 109 312 234
M O 2 -2 109 94 218 109
O S -1 7 94 140 125 31
S T 1 -3 140 94 234 94
T Space -3 1 94 124 250 156
Space A 2 3 124 94 140 16
A S 0 -1 94 125 187 93
S Space -2 -2 125 93 172 47
Space E 3 1 93 140 109 16
E X -2 1 140 172 343 203
X P 2 -8 172 109 406 234
P E 0 7 109 187 125 16
E N -2 -3 187 93 265 78
N S 1 4 93 172 187 94
S U 1 -5 172 62 234 62
U I 0 -1 62 62 0 -62
I Back 1 -5 62 94 764 702
Back Back 0 0 94 94 172 78
Back I -1 5 94 94 624 530
I V -2 4 94 109 390 296
V E 2 1 109 171 125 16
E Space -3 -1 171 125 234 63
Space A 2 3 125 172 327 202
A S 0 -1 172 188 312 140
S Space -2 -2 188 203 297 109
Space RShiftKey 1 -7 203 218 936 733
RShiftKey S 1 9 218 219 140 -78
S T 1 -3 219 94 312 93
T A -1 4 94 172 125 31
A N -1 -5 172 109 250 78
N D 1 3 109 124 624 515
D F 0 -1 124 140 234 110
F O 1 -5 140 141 280 140
O R 0 5 141 125 156 15
R D -1 1 125 141 390 265
D Oemcomma -1 -5 141 109 1030 889
Oemcomma Space -1 4 109 187 94 -15
Space A 2 3 187 172 436 249
A N -1 -5 172 93 266 94
N D 1 3 93 124 390 297
D Space -2 -1 124 109 156 32
Space A 2 3 109 156 156 47
A L 0 -8 156 78 140 -16
L L 0 0 78 78 140 62
L Space -2 5 78 93 219 141
Space O 3 -5 93 78 218 125
O F -1 5 78 140 141 63
F Space -2 0 140 78 171 31
Space M 1 -3 78 93 172 94
M Y 2 1 93 94 249 156
Y Space -3 2 94 219 234 140
Space W 3 2 219 140 1810 1591
W O 0 -7 140 78 203 63
O R 0 5 78 187 187 109
R K -1 -4 187 94 265 78
K I 1 0 94 94 187 93
I N -2 2 94 94 250 156
N G 1 1 94 140 359 265
G OemMinus 2 -6 140 78 920 780
OemMinus C -3 8 78 156 297 219
C L 1 -6 156 62 218 62
L A 0 8 62 125 109 47
A S 0 -1 125 94 234 109
S S 0 0 94 110 187 93
S Space -2 -2 110 218 640 530
Space P 3 -6 218 93 983 765
P A -1 9 93 124 125 32
A R 1 -3 124 78 421 297
R E 0 1 78 140 125 47
E N -2 -3 140 125 405 265
N T 2 1 125 93 328 203
T S -1 3 93 125 109 16
S Oem7 0 -9 125 78 874 749
Oem7 Space -2 7 78 202 1404 1326
Space S 2 2 202 124 858 656
S A 0 1 124 125 265 141
A C -1 -2 125 109 296 171
C Back 3 -10 109 93 406 297
Back V -3 9 93 203 234 141
V I 2 -4 203 93 234 31
I N -2 2 93 109 203 110
N G 1 1 109 109 468 359
G S 0 3 109 172 124 15
S Space -2 -2 172 109 219 47
Space W 3 2 109 125 296 187
W E 0 -1 125 124 219 94
E R 0 -1 124 125 249 125
R E 0 1 125 156 281 156
E Space -3 -1 156 172 234 78
Space S 2 2 172 109 2371 2199
S P 1 -8 109 109 390 281
P E 0 7 109 171 94 -15
E N -2 -3 171 93 281 110
N D 1 3 93 140 218 125
D Back 2 -10 140 156 452 312
Back T -1 8 156 140 250 94
T Space -3 1 140 94 234 94
Space O 3 -5 94 93 281 187
O N -2 3 93 93 203 110
N Space -1 2 93 93 187 94
Space M 1 -3 93 94 171 78
M Y 2 1 94 78 219 125
Y Space -3 2 78 94 218 140
Space C 1 1 94 125 562 468
C V 0 -1 125 125 0 -125
V Back 3 -9 125 125 483 358
Back C -3 10 125 156 250 125
C O 2 -6 156 93 203 47
O Back 1 -4 93 93 359 266
Back Back 0 0 93 78 171 78
Back O -1 4 78 94 749 671
O L -1 0 94 78 187 93
L L 0 0 78 78 141 63
L E 1 6 78 141 124 46
E G -1 -2 141 94 172 31
G E 1 2 94 156 109 15
E OemPeriod -2 -6 156 94 936 780
OemPeriod Back 3 -4 94 125 1186 1092
Back Space -4 9 125 140 390 265
Space T 3 -1 140 202 281 141
T U 0 -2 202 78 187 -15
U I 0 -1 78 94 171 93
I T 0 3 94 156 172 78
T I 0 -3 156 94 187 31
I O 0 -1 94 94 187 93
O M -2 2 94 78 390 296
M Back 3 -6 78 109 328 250
Back N -3 7 109 140 203 94
N OemPeriod 0 -3 140 93 125 -15
OemPeriod Space -1 5 93 219 405 312
Space RShiftKey 1 -7 219 250 1170 951
RShiftKey A 1 10 250 141 125 -125
A F 0 -3 141 109 437 296
F T 1 -1 109 93 203 94
T E 0 2 93 78 140 47
E R 0 -1 78 110 265 187
R Space -3 0 110 109 219 109
Space S 2 2 109 125 140 31
S I 1 -6 125 93 172 47
I X -2 6 93 124 359 266
X Space -1 -2 124 140 764 640
Space M 1 -3 140 110 2948 2808
M O 2 -2 110 93 219 109
O N -2 3 93 93 203 110
N T 2 1 93 78 296 203
T H -1 -1 78 78 218 140
H S 0 4 78 171 141 63
S Oemcomma -1 -6 171 93 437 266
Oemcomma Space -1 4 93 125 140 47
Space RShiftKey 1 -7 125 281 156 31
RShiftKey I 2 3 281 93 203 -78
I Oem7 -1 -3 93 109 296 203
Oem7 Back 2 -2 109 109 640 531
Back Space -4 9 109 140 187 78
Space Left 0 -7 140 156 4025 3885
Left Left 0 0 156 125 234 78
Left Left 0 0 125 172 265 140
Left Left 0 0 172 125 1217 1045
Left Back 4 -2 125 94 249 124
Back Right -4 0 94 109 827 733
Right Right 0 0 109 109 172 63
Right Right 0 0 109 94 171 62
Right Right 0 0 94 109 141 47
Right Right 0 0 109 93 156 47
Right Right 0 0 93 125 140 47
Right Space 0 9 125 171 531 406
Space C 1 1 171 172 405 234
C O 2 -6 172 78 203 31
O U 0 2 78 109 203 125
U L -1 -2 109 125 218 109
L D 0 6 125 109 156 31
D N -1 -3 109 93 1030 921
N Oem7 1 -5 93 94 343 250
Oem7 T 1 6 94 125 359 265
T Space -3 1 125 109 265 140
Space T 3 -1 109 125 3073 2964
T H -1 -1 125 109 141 16
H E 1 3 109 125 171 62
E Space -3 -1 125 109 156 31
Space V 1 0 109 109 468 359
V A 1 3 109 140 94 -15
A L 0 -8 140 109 265 125
L U 1 2 109 109 234 125
U E 0 4 109 140 406 297
E Space -3 -1 140 94 140 0
Space O 3 -5 94 94 218 124
O F -1 5 94 124 188 94
F Space -2 0 124 125 124 0
Space I 3 -4 125 93 219 94
I T 0 3 93 141 62 -31
T OemPeriod -2 -4 141 94 343 202
OemPeriod Space -1 5 94 187 827 733
Space RShiftKey 1 -7 187 593 2699 2512
RShiftKey I 2 3 593 109 421 -172
I Space -3 4 109 156 219 110
Space H 2 -2 156 109 265 109
H A 0 5 109 125 171 62
A S 0 -1 125 140 531 406
S Space -2 -2 140 187 1388 1248
Space N 1 -2 187 93 453 266
N O 2 -3 93 94 218 125
O Space -3 5 94 94 265 171
Space I 3 -4 94 109 250 156
I D -1 5 109 125 156 47
D E 1 0 125 94 218 93
E A -1 2 94 125 234 140
A Space -2 -3 125 109 219 94
Space W 3 2 109 172 218 109
W H -1 -4 172 110 140 -32
H A 0 5 110 156 203 93
A T 1 -4 156 110 109 -47
T Space -3 1 110 125 312 202
Space RShiftKey 1 -7 125 312 344 219
RShiftKey I 2 3 312 141 171 -141
I W 0 6 141 109 234 93
W A -1 1 109 141 234 125
A N -1 -5 141 109 125 -16
N T 2 1 109 94 265 156
T E 0 2 94 110 109 15
E D -1 0 110 141 203 93
D Space -2 -1 141 94 203 62
Space T 3 -1 94 140 125 31
T O 0 -4 140 94 187 47
O Space -3 5 94 109 281 187
Space D 2 1 109 140 203 94
D O 1 -6 140 94 171 31
O Space -3 5 94 94 281 187
Space W 3 2 94 156 250 156
W I 0 -6 156 110 202 46
I T 0 3 110 94 406 296
T H -1 -1 94 109 234 140
H Space -2 2 109 94 218 109
Space M 1 -3 94 94 203 109
M Y 2 1 94 93 219 125
Y Space -3 2 93 93 234 141
Space L 2 -5 93 94 202 109
L I 1 1 94 109 203 109
I F -1 4 109 93 141 32
F E 1 1 93 110 202 109
E Space -3 -1 110 156 2559 2449
Space A 2 3 156 188 1029 873
A N -1 -5 188 109 172 -16
N D 1 3 109 140 172 63
D Space -2 -1 140 109 140 0
Space N 1 -2 109 94 374 265
N O 2 -3 94 94 203 109
O Space -3 5 94 156 593 499
Space I 3 -4 156 94 296 140
I D -1 5 94 109 110 16
D E 1 0 109 109 187 78
E A -1 2 109 125 234 125
A Space -2 -3 125 109 218 93
Space H 2 -2 109 109 2122 2013
H P 1 -4 109 78 281 172
P O 0 1 78 93 0 -78
O Back 1 -4 93 140 499 406
Back W -1 11 140 156 265 125
W Back 1 -11 156 125 780 624
Back Back 0 0 125 94 187 62
Back O -1 4 94 94 1201 1107
O W 0 7 94 125 125 31
W Space -3 -2 125 125 406 281
Space C 1 1 125 156 593 468
C O 2 -6 156 94 140 -16
O L -1 0 94 94 187 93
L L 0 0 94 78 141 47
L E 1 6 78 109 109 31
E G -1 -2 109 93 281 172
G E 1 2 93 110 124 31
E Space -3 -1 110 93 219 109
Space Left 0 -7 93 125 1981 1888
Left Left 0 0 125 125 218 93
Left Left 0 0 125 967 203 78
Left Left 0 0 967 1528 1545 578
Left Right 0 -2 1528 265 2246 718
Right Space 0 9 265 218 234 -31
Space Right 0 -9 218 1279 5928 5710
Right Right 0 0 1279 453 1669 390
Right Right 0 0 453 187 1888 1435
Right Right 0 0 187 187 1622 1435
Right Right 0 0 187 156 375 188
Right Right 0 0 156 109 249 93
Right Right 0 0 109 94 203 94
Right Right 0 0 94 156 343 249
Right Right 0 0 156 140 250 94
Right Right 0 0 140 78 234 94
Right Space 0 9 78 171 359 281
Space Back 4 -9 171 109 1029 858
Back Back 0 0 109 109 172 63
Back Space -4 9 109 125 702 593
Space W 3 2 125 110 171 46
W A -1 1 110 125 219 109
A S 0 -1 125 109 218 93
S Space -2 -2 109 125 125 16
Space G 2 -1 125 140 234 109
G O 1 -4 140 94 234 94
O I 0 1 94 93 172 78
I N -2 2 93 94 202 109
N G 1 1 94 140 219 125
G Space -2 1 140 109 140 0
Space T 3 -1 109 124 141 32
T O 0 -4 124 93 156 32
O Space -3 5 93 78 296 203
Space H 2 -2 78 110 218 140
H E 1 3 110 141 125 15
E Oem1 -1 -7 141 94 187 46
Oem1 Back 2 -3 94 78 422 328
Back L -2 4 78 94 218 140
L P 1 -1 94 109 156 62
P Space -3 6 109 202 6568 6459
Space M 1 -3 202 124 312 110
M E 2 4 124 140 187 63
E Space -3 -1 140 125 171 31
Space F 2 0 125 125 234 109
F I 1 -4 125 110 390 265
I G -1 3 110 125 702 592
G U 1 -2 125 109 188 63
U R 0 3 109 94 405 296
R E 0 1 94 110 109 15
E Space -3 -1 110 109 188 78
Space T 3 -1 109 94 249 140
T H -1 -1 94 109 219 125
H A 0 5 109 141 171 62
A T 1 -4 141 94 109 -32
T Back 1 -8 94 109 2231 2137
Back Back 0 0 109 93 172 63
Back Back 0 0 93 109 140 47
Back Back 0 0 109 109 531 422
Back I -1 5 109 109 421 312
I T 0 3 109 125 218 109
T Space -3 1 125 94 187 62
Space O 3 -5 94 109 250 156
O U 0 2 109 109 234 125
U T 0 2 109 125 203 94
T OemPeriod -2 -4 125 109 359 234
OemPeriod Space -1 5 109 187 1388 1279
Space RShiftKey 1 -7 187 218 1810 1623
RShiftKey A 1 10 218 172 124 -94
A N -1 -5 172 109 359 187
N D 1 3 109 124 141 32
D Space -2 -1 124 125 171 47
Space H 2 -2 125 109 250 125
H E 1 3 109 110 93 -16
E R 0 -1 110 109 188 78
R E 0 1 109 125 218 109
E Space -3 -1 125 125 140 15
Space RShiftKey 1 -7 125 296 531 406
RShiftKey I 2 3 296 109 203 -93
I Space -3 4 109 125 280 171
Space W 3 2 125 94 78 -47
W A -1 1 94 109 219 125
A S 0 -1 109 109 203 94
S Space -2 -2 109 109 140 31
Space S 2 2 109 124 94 -15
S P 1 -8 124 94 218 94
P E 0 7 94 140 78 -16
E N -2 -3 140 109 265 125
N D 1 3 109 187 125 16
D I 1 -5 187 94 234 47
I N -2 2 94 125 827 733
N G 1 1 125 172 109 -16
G Space -2 1 172 109 234 62
Space A 2 3 109 203 2402 2293
A L 0 -8 203 78 1420 1217
L L 0 0 78 125 125 47
L Space -2 5 125 156 343 218
Space O 3 -5 156 93 10047 9891
O F -1 5 93 109 530 437
F Space -2 0 109 109 156 47
Space T 3 -1 109 109 125 16
T H -1 -1 109 94 109 0
H E 1 3 94 140 172 78
E Space -3 -1 140 141 171 31
Space N 1 -2 141 94 2995 2854
N Back 3 -7 94 109 375 281
Back M -3 6 109 109 281 172
M O 2 -2 109 93 234 125
O N -2 3 93 125 218 125
N E 2 3 125 202 250 125
E Y 0 -3 202 94 140 -62
Y Space -3 2 94 234 296 202
Space M 1 -3 234 125 1576 1342
M Y 2 1 125 94 265 140
Y Space -3 2 94 94 265 171
Space P 3 -6 94 93 344 250
P A -1 9 93 156 124 31
A R 1 -3 156 94 312 156
R E 0 1 94 109 94 0
E N -2 -3 109 125 296 187
N S 1 4 125 140 219 94
S T 1 -3 140 94 140 0
T S -1 3 94 156 141 47
S Space -2 -2 156 172 686 530
Space Back 4 -9 172 141 655 483
Back Back 0 0 141 93 219 78
Back Back 0 0 93 93 156 63
Back Back 0 0 93 109 156 63
Back T -1 8 109 124 702 593
T S -1 3 124 171 109 -15
S Space -2 -2 171 187 390 219
Space H 2 -2 187 110 15459 15272
H A 0 5 110 171 110 0
A D 0 -2 171 156 390 219
D Space -2 -1 156 141 202 46
Space S 2 2 141 141 125 -16
S A 0 1 141 156 250 109
A V -1 -3 156 109 530 374
V E 2 1 109 109 141 32
E D -1 0 109 141 202 93
D Space -2 -1 141 109 141 0
Space T 3 -1 109 78 265 156
T H -1 -1 78 93 250 172
H E 1 3 93 172 171 78
E I 0 -5 172 109 172 0
I R 0 4 109 141 171 62
R Space -3 0 141 140 266 125
Space E 3 1 140 187 218 78
E N -2 -3 187 94 234 47
N T 2 1 94 109 328 234
T I 0 -3 109 93 187 78
I R 0 4 93 109 218 125
R E 0 1 109 109 219 110
E Space -3 -1 109 171 390 281
Space L 2 -5 171 124 312 141
L I 1 1 124 93 234 110
I F -1 4 93 109 234 141
F E 1 1 109 124 234 125
E Oemcomma -2 -5 124 93 2839 2715
Oemcomma Back 3 -5 93 94 499 406
Back OemPeriod -3 4 94 78 296 202
OemPeriod Space -1 5 78 78 219 141
Space RShiftKey 1 -7 78 156 203 125
RShiftKey S 1 9 156 156 78 -78
S O 1 -7 156 93 234 78
O Space -3 5 93 125 249 156
Space RShiftKey 1 -7 125 312 343 218
RShiftKey I 2 3 312 94 203 -109
I Space -3 4 94 109 297 203
Space D 2 1 109 110 124 15
D E 1 0 110 109 203 93
E C -2 0 109 110 265 156
C I 2 -5 110 110 156 46
I D -1 5 110 94 125 15
D E 1 0 94 109 172 78
E D -1 0 109 141 218 109
D Space -2 -1 141 234 515 374
Space T 3 -1 234 109 2902 2668
T O 0 -4 109 93 234 125
O Space -3 5 93 125 265 172
Space D 2 1 125 110 171 46
D R 1 -1 110 110 234 124
R O 0 -5 110 93 266 156
O P 0 -1 93 94 171 78
P Space -3 6 94 140 297 203
Space O 3 -5 140 109 374 234
O U 0 2 109 109 234 125
U T 0 2 109 125 343 234
T Oemcomma -2 -3 125 47 1404 1279
Oemcomma Back 3 -5 47 94 499 452
Back OemPeriod -3 4 94 94 250 156
OemPeriod Back 3 -4 94 94 1591 1497
Back Space -4 9 94 172 125 31
Space A 2 3 172 141 374 202
A N -1 -5 141 94 172 31
N D 1 3 94 109 125 31
D Space -2 -1 109 109 125 16
Space T 3 -1 109 110 280 171
T R 0 1 110 125 141 31
R U 0 -3 125 141 405 280
U S -1 5 141 156 234 93
S T 1 -3 156 109 172 16
T Space -3 1 109 109 281 172
Space T 3 -1 109 124 125 16
T H -1 -1 124 94 124 0
H A 0 5 94 125 219 125
A T 1 -4 125 78 62 -63
T Space -3 1 78 203 328 250
Space I 3 -4 203 110 3213 3010
I T 0 3 110 109 188 78
T Space -3 1 109 141 171 62
Space W 3 2 141 140 453 312
W O 0 -7 140 124 156 16
O U 0 2 124 110 280 156
U L -1 -2 110 109 250 140
L D 0 6 109 125 140 31
D Space -2 -1 125 140 188 63
Space A 2 3 140 141 171 31
A L 0 -8 141 78 172 31
L L 0 0 78 94 140 62
L Space -2 5 94 110 265 171
Space W 3 2 110 125 156 46
W O 0 -7 125 94 203 78
O R 0 5 94 125 203 109
R K -1 -4 125 109 265 140
K Space -2 4 109 94 265 156
Space O 3 -5 94 93 266 172
O U 0 2 93 109 218 125
U T 0 2 109 125 187 78
T Space -3 1 125 171 219 94
Space RShiftKey 1 -7 171 421 4165 3994
RShiftKey O 2 2 421 125 234 -187
O K -1 1 125 109 218 93
K OemPeriod -1 -1 109 125 265 156
OemPeriod Space -1 5 125 203 952 827
Space RShiftKey 1 -7 203 562 218 15
RShiftKey I 2 3 562 93 422 -140
I T 0 3 93 78 702 609
T Space -3 1 78 124 234 156
Space W 3 2 124 78 140 16
W A -1 1 78 125 218 140
A S 0 -1 125 141 203 78
S Space -2 -2 141 125 172 31
Space P 3 -6 125 94 421 296
P R 0 6 94 94 374 280
R E 0 1 94 94 234 140
E T 0 -2 94 78 188 94
T T 0 0 78 94 124 46
T Y 0 -1 94 110 234 140
Y Space -3 2 110 203 297 187
Space S 2 2 203 140 1529 1326
S C -1 -1 140 94 249 109
C A 1 2 94 110 109 15
A R 1 -3 110 109 125 15
R Y 0 -2 109 93 640 531
Y Space -3 2 93 109 234 141
Space A 2 3 109 141 140 31
A T 1 -4 141 63 156 15
T Space -3 1 63 109 234 171
Space T 3 -1 109 109 250 141
T H -1 -1 109 93 234 125
H A 0 5 93 124 125 32
A T 1 -4 124 47 171 47
T Space -3 1 47 110 187 140
Space T 3 -1 110 125 141 31
T I 0 -3 125 94 171 46
I M -2 1 94 94 203 109
M E 2 4 94 172 390 296
E Oemcomma -2 -5 172 94 1669 1497
Oemcomma Space -1 4 94 109 250 156
Space B 1 -1 109 156 577 468
B U 2 -2 156 93 141 -15
U T 0 2 93 125 218 125
T Space -3 1 125 234 265 140
Space L 2 -5 234 94 1716 1482
L O 1 0 94 94 187 93
O K -1 1 94 94 172 78
K Back 2 -5 94 94 452 358
Back O -1 4 94 78 281 187
O K -1 1 78 94 156 78
K I 1 0 94 78 172 78
I N -2 2 78 109 203 125
N G 1 1 109 110 358 249
G Space -2 1 110 110 234 124
Space B 1 -1 110 110 546 436
B A 1 4 110 125 141 31
A C -1 -2 125 125 327 202
C K 1 -5 125 109 1919 1794
K Oemcomma -1 0 109 203 749 640
Oemcomma Back 3 -5 203 140 780 577
Back Space -4 9 140 203 203 63
Space I 3 -4 203 93 312 109
I T 0 3 93 94 296 203
T Space -3 1 94 125 234 140
Space W 3 2 125 109 141 16
W A -1 1 109 93 234 125
A S 0 -1 93 141 171 78
S Space -2 -2 141 94 109 -32
Space O 3 -5 94 93 266 172
O N -2 3 93 109 218 125
N R 2 2 109 109 156 47
R Back 1 -9 109 125 421 312
Back E -1 10 125 110 109 -16
E Space -3 -1 110 141 312 202
Space O 3 -5 141 140 250 109
O F -1 5 140 125 577 437
F Space -2 0 125 109 203 78
Space T 3 -1 109 110 62 -47
T H -1 -1 110 125 312 202
H E 1 3 125 109 141 16
E Space -3 -1 109 203 1934 1825
Space B 1 -1 203 109 1326 1123
B E 2 2 109 125 109 0
E S -1 1 125 141 234 109
S T 1 -3 141 94 156 15
T Space -3 1 94 125 234 140
Space D 2 1 125 94 125 0
D E 1 0 94 94 187 93
E C -2 0 94 125 234 140
C U 2 -4 125 78 203 78
U Back 1 -6 78 124 453 375
Back I -1 5 124 109 421 297
I S -1 6 109 141 140 31
S I 1 -6 141 125 1139 998
I O 0 -1 125 125 203 78
O N -2 3 125 93 546 421
N S 1 4 93 109 125 32
S Space -2 -2 109 125 124 15
Space RShiftKey 1 -7 125 327 1514 1389
RShiftKey I 2 3 327 110 202 -125
I Space -3 4 110 140 297 187
Space E 3 1 140 125 187 47
E V -2 -1 125 93 203 78
V E 2 1 93 109 47 -46
E R 0 -1 109 140 218 109
R Space -3 0 140 124 172 32
Space M 1 -3 124 109 421 297
M A 1 6 109 110 93 -16
A D 0 -2 110 93 219 109
D E 1 0 93 109 187 94
E OemPeriod -2 -6 109 187 858 749
OemPeriod Space -1 5 187 172 187 0
Space RShiftKey 1 -7 172 437 250 78
RShiftKey T 2 6 437 140 312 -125
T H -1 -1 140 109 312 172
H E 1 3 109 141 140 31
E Space -3 -1 141 93 219 78
Space M 1 -3 93 93 234 141
M I 2 -1 93 93 234 141
I N -2 2 93 109 218 125
N U 2 -1 109 109 203 94
U T 0 2 109 109 359 250
T E 0 2 109 140 125 16
E Space -3 -1 140 140 234 94
Space RShiftKey 1 -7 140 343 1419 1279
RShiftKey I 2 3 343 109 203 -140
I Space -3 4 109 125 312 203
Space D 2 1 125 109 172 47
D R 1 -1 109 125 218 109
R O 0 -5 125 110 218 93
O P 0 -1 110 63 203 93
P P 0 0 63 93 141 78
P E 0 7 93 109 78 -15
E D -1 0 109 171 234 125
D Space -2 -1 171 187 218 47
Space O 3 -5 187 94 1622 1435
O U 0 2 94 109 297 203
U T 0 2 109 109 374 265
T Space -3 1 109 93 297 188
Space RShiftKey 1 -7 93 327 312 219
RShiftKey I 2 3 327 125 202 -125
I Space -3 4 125 141 312 187
Space C 1 1 141 172 172 31
C O 2 -6 172 94 187 15
O U 0 2 94 109 219 125
U L -1 -2 109 94 249 140
L D 0 6 94 187 78 -16
D Space -2 -1 187 140 1217 1030
Space S 2 2 140 187 312 172
S T 1 -3 187 94 296 109
T O 0 -4 94 110 546 452
O P 0 -1 110 93 188 78
P Space -3 6 93 125 296 203
Space T 3 -1 125 110 296 171
T A -1 4 110 203 125 15
A K 0 -7 203 109 359 156
K I 1 0 109 94 218 109
I N -2 2 94 125 234 140
N G 1 1 125 172 515 390
G Space -2 1 172 187 3261 3089
Space T 3 -1 187 109 639 452
T H -1 -1 109 125 265 156
H E 1 3 125 156 172 47
E Space -3 -1 156 125 203 47
Space R 3 0 125 109 140 15
R E 0 1 109 156 234 125
E Q 0 2 156 171 375 219
Q U 0 -6 171 94 171 0
U I 0 -1 94 110 187 93
I R 0 4 110 141 234 124
R E 0 1 141 109 266 125
E D -1 0 109 187 218 109
D Space -2 -1 187 218 312 125
Space C 1 1 218 156 1030 812
C L 1 -6 156 109 343 187
L A 0 8 109 125 156 47
A S 0 -1 125 93 234 109
S S 0 0 93 141 140 47
S E 1 -1 141 124 219 78
E S -1 1 124 171 234 110
S Space -2 -2 171 218 468 297
Space T 3 -1 218 109 811 593
T H -1 -1 109 125 234 125
H A 0 5 125 124 125 0
A T 1 -4 124 93 156 32
T Space -3 1 93 125 249 156
Space D 2 1 125 171 172 47
D I 1 -5 171 93 203 32
I D -1 5 93 156 124 31
D N -1 -3 156 93 531 375
N Oem7 1 -5 93 94 811 718
Oem7 T 1 6 94 219 218 124
T Space -3 1 219 281 687 468
Space I 3 -4 281 125 951 670
I N -2 2 125 78 250 125
N T 2 1 78 110 452 374
T E 0 2 110 109 125 15
E R 0 -1 109 109 203 94
R E 0 1 109 110 218 109
E S -1 1 110 171 219 109
S T 1 -3 171 93 156 -15
T Space -3 1 93 109 265 172
Space M 1 -3 109 109 265 156
M E 2 4 109 172 47 -62
E Oemcomma -2 -5 172 93 2153 1981
Oemcomma Space -1 4 93 109 234 141
Space A 2 3 109 141 140 31
A N -1 -5 141 78 125 -16
N D 1 3 78 172 156 78
D Space -2 -1 172 234 702 530
Space B 1 -1 234 124 1576 1342
B E 2 2 124 125 343 219
E G -1 -2 125 219 951 826
G I 1 -3 219 141 1841 1622
I N -2 2 141 109 702 561
N Space -1 2 109 234 265 156
Space D 2 1 234 125 5117 4883
D R 1 -1 125 124 219 94
R O 0 -5 124 93 265 141
O P 0 -1 93 94 187 94
P P 0 0 94 93 125 31
P I 0 2 93 94 218 125
I N -2 2 94 109 203 109
N G 1 1 109 124 406 297
G Space -2 1 124 109 171 47
Space I 3 -4 109 94 2137 2028
I N -2 2 94 93 219 125
N Space -1 2 93 140 187 94
Space O 3 -5 140 78 296 156
O N -2 3 78 93 219 141
N E 2 3 93 187 359 266
E S -1 1 187 219 1372 1185
S Space -2 -2 219 219 312 93
Space T 3 -1 219 94 2590 2371
T H -1 -1 94 125 234 140
H A 0 5 125 140 172 47
A T 1 -4 140 94 140 0
T Space -3 1 94 140 234 140
Space L 2 -5 140 125 374 234
L O 1 0 125 78 219 94
O O 0 0 78 109 140 62
O K -1 1 109 109 203 94
K E 1 5 109 110 140 31
E D -1 0 110 125 234 124
D Space -2 -1 125 125 172 47
Space I 3 -4 125 109 250 125
I N -2 2 109 125 202 93
N T 2 1 125 110 312 187
T E 0 2 110 125 125 15
E R 0 -1 125 124 219 94
R E 0 1 124 109 218 94
E S -1 1 109 156 218 109
S T 1 -3 156 109 328 172
T I 0 -3 109 94 577 468
I N -2 2 94 124 219 125
N G 1 1 124 187 249 125
G OemPeriod -1 -4 187 171 640 453
OemPeriod Return 1 -3 171 141 608 437
Return Return 0 0 141 93 5554 5413
Return RShiftKey -1 1 93 624 296 203
RShiftKey I 2 3 624 109 531 -93
I T 0 3 109 94 374 265
T Space -3 1 94 125 234 140
Space W 3 2 125 110 140 15
W A -1 1 110 94 250 140
A S 0 -1 94 141 187 93
S N -1 -4 141 109 172 31
N Oem7 1 -5 109 93 983 874
Oem7 T 1 6 93 125 140 47
T Space -3 1 125 125 234 109
Space A 2 3 125 141 218 93
A L 0 -8 141 93 219 78
L L 0 0 93 110 171 78
L Space -2 5 110 250 796 686
Space R 3 0 250 156 499 249
R O 0 -5 156 93 250 94
O M -2 2 93 109 218 125
M A 1 6 109 125 156 47
A N -1 -5 125 124 219 94
N T 2 1 124 125 358 234
T I 0 -3 125 141 203 78
I C -2 5 141 172 343 202
C OemPeriod 0 -6 172 109 297 125
OemPeriod Space -1 5 109 218 1248 1139
Space RShiftKey 1 -7 218 531 639 421
RShiftKey I 2 3 531 140 344 -187
I Space -3 4 140 172 249 109
Space D 2 1 172 171 375 203
D I 1 -5 171 94 202 31
I D -1 5 94 156 94 0
D N -1 -3 156 125 359 203
N Oem7 1 -5 125 109 702 577
Oem7 T 1 6 109 203 483 374
T Space -3 1 203 249 344 141
Space H 2 -2 249 93 1092 843
H A 0 5 93 125 140 47
A V -1 -3 125 125 343 218
V E 2 1 125 125 172 47
E Space -3 -1 125 140 203 78
Space A 2 3 140 125 187 47
A Space -2 -3 125 156 187 62
Space D 2 1 156 141 109 -47
D I 1 -5 141 47 359 218
I Back 1 -5 47 156 889 842
Back O -1 4 156 94 593 437
O R 0 5 94 125 78 -16
R M -2 -3 125 109 187 62
M Space -1 3 109 109 234 125
Space R 3 0 109 141 156 47
R O 0 -5 141 109 219 78
O O 0 0 109 94 140 31
O M -2 2 94 94 265 171
M Space -1 3 94 219 577 483
Space Back 4 -9 219 125 624 405
Back Oemcomma -3 5 125 93 344 219
Oemcomma Space -1 4 93 187 187 94
Space S 2 2 187 172 421 234
S O 1 -7 172 125 125 -47
O Space -3 5 125 203 249 124
Space RShiftKey 1 -7 203 296 406 203
RShiftKey I 2 3 296 109 172 -124
I Space -3 4 109 125 296 187
Space S 2 2 125 156 172 47
S L 0 -7 156 109 171 15
L E 1 6 109 172 156 47
E P 0 -7 172 94 125 -47
P T 0 5 94 203 265 171
T Space -3 1 203 234 562 359
Space O 3 -5 234 93 3042 2808
O N -2 3 93 78 218 125
N Space -1 2 78 109 172 94
Space T 3 -1 109 140 203 94
T H -1 -1 140 109 78 -62
H E 1 3 109 156 265 156
E Space -3 -1 156 141 218 62
Space F 2 0 141 109 219 78
F L 0 -5 109 94 171 62
L O 1 0 94 94 187 93
O O 0 0 94 110 156 62
O R 0 5 110 140 110 0
R Space -3 0 140 203 358 218
Space I 3 -4 203 94 983 780
I N -2 2 94 93 219 125
N Space -1 2 93 94 218 125
Space F 2 0 94 94 187 93
F R 1 0 94 125 203 109
R I 0 -4 125 109 156 31
I E 0 5 109 140 328 219
E N -2 -3 140 109 171 31
N D 1 3 109 125 156 47
D S 0 1 125 187 531 406
S Oem7 0 -9 187 171 187 0
Oem7 Space -2 7 171 203 468 297
Space R 3 0 203 203 951 748
R O 0 -5 203 109 437 234
O O 0 0 109 110 187 78
O M -2 2 110 141 234 124
M S 1 5 141 187 125 -16
S Oemcomma -1 -6 187 94 1295 1108
Oemcomma Space -1 4 94 187 156 62
Space RShiftKey 1 -7 187 577 203 16
RShiftKey I 2 3 577 109 359 -218
I Space -3 4 109 203 436 327
Space R 3 0 203 125 858 655
R E 0 1 125 140 219 94
E T 0 -2 140 125 296 156
T U 0 -2 125 94 187 62
U R 0 3 94 141 312 218
R N -2 -2 141 94 234 93
N E 2 3 94 141 281 187
E D -1 0 141 156 265 124
D Space -2 -1 156 219 281 125
Space RShiftKey 1 -7 219 312 1077 858
RShiftKey C 0 8 312 171 187 -125
C O 2 -6 171 109 296 125
O K -1 1 109 125 203 94
K E 1 5 125 125 125 0
E Space -3 -1 125 187 218 93
Space B 1 -1 187 140 328 141
B O 2 -4 140 109 390 250
O T 0 4 109 78 327 218
T T 0 0 78 109 125 47
T L -1 -4 109 94 390 281
L E 1 6 94 109 78 -16
E S -1 1 109 156 250 141
S Space -2 -2 156 187 1092 936
Space F 2 0 187 172 530 343
F O 1 -5 172 93 172 0
O R 0 5 93 171 156 63
R Space -3 0 171 109 187 16
Space T 3 -1 109 110 140 31
T H -1 -1 110 94 94 -16
H E 1 3 94 140 203 109
E Space -3 -1 140 109 187 47
Space D5 4 -1 109 109 297 188
D5 Space -4 1 109 172 140 31
Space C 1 1 172 202 328 156
C E 2 0 202 110 358 156
E N -2 -3 110 110 156 46
N T 2 1 110 141 359 249
T S -1 3 141 156 125 -16
S Space -2 -2 156 219 1123 967
Space D 2 1 219 141 421 202
D E 1 0 141 171 219 78
E P 0 -7 171 94 265 94
P O 0 1 94 94 187 93
O S -1 7 94 172 187 93
S I 1 -6 172 125 234 62
I S -1 6 125 171 188 63
S T 1 -3 171 93 234 63
T S -1 3 93 203 202 109
S Space -2 -2 203 203 952 749
Space T 3 -1 203 140 546 343
T O 0 -4 140 110 218 78
O Space -3 5 110 172 250 140
Space B 1 -1 172 141 265 93
B U 2 -2 141 78 156 15
U Y 0 1 78 94 281 203
Y Space -3 2 94 141 265 171
Space F 2 0 141 125 172 31
F O 1 -5 125 93 203 78
O O 0 0 93 94 140 47
O D -1 6 94 171 203 109
D Space -2 -1 171 203 390 219
Space W 3 2 203 171 983 780
W I 0 -6 171 124 234 63
I T 0 3 124 156 218 94
T H -1 -1 156 140 172 16
H Oemcomma -1 -2 140 110 514 374
Oemcomma Space -1 4 110 202 188 78
Space A 2 3 202 234 873 671
A N -1 -5 234 140 281 47
N F 1 2 140 63 265 125
F Back 2 -9 63 140 453 390
Back D -2 10 140 172 249 109
D Left -2 -8 172 1326 2262 2090
Left Right 0 -2 1326 234 1872 546
Right Right 0 0 234 203 796 562
Right Right 0 0 203 171 468 265
Right Back 4 0 171 140 546 375
Back RShiftKey -3 2 140 327 4025 3885
RShiftKey I 2 3 327 94 218 -109
I Space -3 4 94 125 265 171
Space W 3 2 125 140 141 16
W O 0 -7 140 78 171 31
O U 0 2 78 110 187 109
U L -1 -2 110 78 234 124
L D 0 6 78 125 94 16
D Space -2 -1 125 109 187 62
Space W 3 2 109 140 125 16
W A -1 1 140 140 250 110
A L 0 -8 140 78 109 -31
L K 0 1 78 93 156 78
K Space -2 4 93 203 265 172
Space T 3 -1 203 109 1326 1123
T H -1 -1 109 93 250 141
H E 1 3 93 140 187 94
E Space -3 -1 140 140 156 16
Space D7 4 -3 140 93 624 484
D7 Space -4 3 93 172 171 78
Space M 1 -3 172 109 219 47
M I 2 -1 109 109 234 125
I L -1 -1 109 124 203 94
L E 1 6 124 172 124 0
E S -1 1 172 187 422 250
S Space -2 -2 187 218 546 359
Space A 2 3 218 156 514 296
A C -1 -2 156 109 562 406
C R 2 -1 109 140 312 203
R P 0 -6 140 93 281 141
P Back 1 -3 93 94 327 234
Back O -1 4 94 110 234 140
O S -1 7 110 94 172 62
S S 0 0 94 125 156 62
S Space -2 -2 125 125 218 93
Space T 3 -1 125 156 344 219
T O 0 -4 156 110 202 46
O W 0 7 110 172 250 140
W N -2 -4 172 110 218 46
N Space -1 2 110 187 203 93
Space E 3 1 187 140 1654 1467
E V -2 -1 140 109 140 0
V E 2 1 109 140 141 32
E R 0 -1 140 141 249 109
R Y 0 -2 141 125 406 265
Y Space -3 2 125 188 873 748
Space RShiftKey 1 -7 188 296 656 468
RShiftKey S 1 9 296 203 187 -109
S U 1 -5 203 93 312 109
U N -2 1 93 109 234 141
N D 1 3 109 93 437 328
D A 0 2 93 171 109 16
A Y 1 -5 171 94 249 78
Y Space -3 2 94 94 312 218
Space N 1 -2 94 109 203 109
N I 2 -2 109 109 219 110
I G -1 3 109 125 358 249
G H 0 -1 125 125 78 -47
H T 1 1 125 172 172 47
T Space -3 1 172 187 780 608
Space T 3 -1 187 125 577 390
T O 0 -4 125 109 219 94
O Space -3 5 109 140 265 156
Space G 2 -1 140 109 296 156
G E 1 2 109 125 94 -15
E T 0 -2 125 110 93 -32
T Space -3 1 110 109 281 171
Space O 3 -5 109 124 297 188
O N -2 3 124 125 249 125
N E 2 3 125 125 172 47
E Space -3 -1 125 187 920 795
Space G 2 -1 187 124 843 656
G O 1 -4 124 141 202 78
O O 0 0 141 109 203 62
O D -1 6 109 125 156 47
D Space -2 -1 125 141 187 62
Space N 1 -2 141 63 515 374
N Back 3 -7 63 140 921 858
Back M -3 6 140 109 421 281
M E 2 4 109 125 468 359
E A -1 2 125 156 265 140
A L 0 -8 156 78 156 0
L Space -2 5 78 156 671 593
Space A 2 3 156 172 187 31
A Space -2 -3 172 156 234 62
Space W 3 2 156 141 187 31
W W 0 0 141 141 265 124
W E 0 -1 141 171 344 203
E Back 1 -10 171 94 374 203
Back Back 0 0 94 187 172 78
Back E -1 10 187 156 280 93
E E 0 0 156 141 281 125
E K -1 -5 141 156 312 171
K Space -2 4 156 202 1545 1389
Space A 2 3 202 250 452 250
A T 1 -4 250 93 359 109
T Space -3 1 93 140 281 188
Space T 3 -1 140 78 312 172
T H -1 -1 78 94 218 140
H E 1 3 94 172 140 46
E Space -3 -1 172 140 188 16
Space RShiftKey 1 -7 140 827 1528 1388
RShiftKey H 1 5 827 125 702 -125
H A 0 5 125 156 141 16
A R 1 -3 156 109 296 140
R E 0 1 109 141 156 47
E Space -3 -1 141 140 203 62
Space RShiftKey 1 -7 140 312 437 297
RShiftKey K 1 3 312 140 156 -156
K R 1 4 140 140 203 63
R I 0 -4 140 93 265 125
I S -1 6 93 203 171 78
S H 0 -4 203 94 234 31
H N -1 0 94 93 219 125
N A 1 5 93 156 93 0
A Space -2 -3 156 78 234 78
Space RShiftKey 1 -7 78 281 1264 1186
RShiftKey T 2 6 281 109 499 218
T E 0 2 109 187 328 219
E M -2 -4 187 140 749 562
M P 2 -3 140 93 265 125
P L -1 1 93 109 187 94
L E 1 6 109 156 94 -15
E OemPeriod -2 -6 156 141 748 592
OemPeriod Space -1 5 141 171 188 47
Space RShiftKey 1 -7 171 921 436 265
RShiftKey I 2 3 921 125 593 -328
I Space -3 4 125 124 219 94
Space L 2 -5 124 94 374 250
L O 1 0 94 94 218 124
O V -2 5 94 109 453 359
V E 2 1 109 109 156 47
E D -1 0 109 172 218 109
D Space -2 -1 172 187 141 -31
Space I 3 -4 187 124 780 593
I T 0 3 124 187 187 63
T OemPeriod -2 -4 187 94 343 156
OemPeriod Back 3 -4 94 94 3026 2932
Back Space -4 9 94 203 3292 3198
Space RShiftKey 1 -7 203 234 811 608
RShiftKey A 1 10 234 203 125 -109
A M -1 -6 203 78 343 140
M Back 3 -6 78 110 343 265
Back N -3 7 110 109 297 187
N D 1 3 109 141 140 31
D Space -2 -1 141 94 109 -32
Space N 1 -2 94 63 203 109
N M 0 -1 63 47 16 -47
M Back 3 -6 47 109 499 452
Back Back 0 0 109 110 686 577
Back M -3 6 110 110 312 202
M U 2 0 110 109 219 109
U C -2 4 109 203 218 109
C H 1 -3 203 110 109 -94
H Space -2 2 110 109 250 140
Space O 3 -5 109 94 234 125
O F -1 5 94 188 140 46
F Space -2 0 188 94 172 -16
Space I 3 -4 94 110 218 124
I T 0 3 110 156 78 -32
T Back 1 -8 156 110 4368 4212
Back Back 0 0 110 94 172 62
Back W -1 11 94 125 842 748
W H -1 -4 125 109 125 0
H A 0 5 109 156 156 47
A T 1 -4 156 109 125 -31
T Space -3 1 109 109 281 172
Space I 3 -4 109 124 281 172
I T 0 3 124 109 296 172
T Space -3 1 109 187 499 390
Space S 2 2 187 202 531 344
S T 1 -3 202 140 343 141
T U 0 -2 140 124 515 375
U M -2 0 124 93 312 188
M B 0 2 93 171 936 843
B L 1 -4 171 109 265 94
L E 1 6 109 156 140 31
E D -1 0 156 187 281 125
D Space -2 -1 187 187 421 234
Space I 3 -4 187 109 1030 843
I N -2 2 109 109 234 125
N T 2 1 109 141 218 109
T O 0 -4 141 93 172 31
O Space -3 5 93 109 281 188
Space F 2 0 109 124 234 125
F O 1 -5 124 110 202 78
O L -1 0 110 62 219 109
L L 0 0 62 94 109 47
L O 1 0 94 94 187 93
O W 0 7 94 172 125 31
W I 0 -6 172 109 250 78
I N -2 2 109 109 234 125
N G 1 1 109 140 234 125
G Space -2 1 140 187 265 125
Space M 1 -3 187 94 1341 1154
M Y 2 1 94 94 234 140
Y Space -3 2 94 124 266 172
Space C 1 1 124 187 218 94
C U 2 -4 187 125 343 156
U T 0 2 125 94 234 109
T Back 1 -8 94 110 421 327
Back R -1 9 110 187 141 31
R I 0 -4 187 109 218 31
I O 0 -1 109 78 203 94
O U 0 2 78 93 203 125
U D -1 4 93 109 187 94
D Back 2 -10 109 202 484 375
Back S -2 11 202 172 873 671
S I 1 -6 172 109 562 390
I T 0 3 109 140 655 546
T Y 0 -1 140 93 125 -15
Y Space -3 2 93 218 187 94
Space Back 4 -9 218 110 2090 1872
Back Back 0 0 110 93 188 78
Back Back 0 0 93 94 171 78
Back Back 0 0 94 109 156 62
Back Back 0 0 109 125 156 47
Back Back 0 0 125 140 172 47
Back S -2 11 140 187 4571 4431
S T 1 -3 187 156 421 234
T Y 0 -1 156 110 93 -63
Y Back 1 -7 110 93 2341 2231
Back Back 0 0 93 109 140 47
Back I -1 5 109 94 343 234
I Y 0 2 94 78 219 125
Y Back 1 -7 78 141 436 358
Back T -1 8 141 140 141 0
T Y 0 -1 140 109 187 47
Y Space -3 2 109 218 1654 1545
Space A 2 3 218 234 889 671
A N -1 -5 234 125 390 156
N D 1 3 125 171 390 265
D Space -2 -1 171 94 187 16
Space I 3 -4 94 110 218 124
I N -2 2 110 78 234 124
N T 2 1 78 156 297 219
T U 0 -2 156 94 187 31
U I 0 -1 94 124 172 78
I T 0 3 124 140 374 250
T I 0 -3 140 94 140 0
I O 0 -1 94 94 172 78
O N -2 3 94 109 234 140
N Space -1 2 109 172 187 78
Space T 3 -1 172 125 2995 2823
T U 0 -2 125 93 219 94
U R 0 3 93 109 203 110
R N -2 -2 109 109 187 78
N E 2 3 109 109 140 31
E D -1 0 109 125 203 94
D Space -2 -1 125 93 125 0
Space O 3 -5 93 94 249 156
O U 0 2 94 93 219 125
U T 0 2 93 125 140 47
T Space -3 1 125 124 141 16
Space T 3 -1 124 109 140 16
T O 0 -4 109 78 140 31
O Space -3 5 78 110 234 156
Space B 1 -1 110 93 297 187
B E 2 2 93 124 125 32
E Space -3 -1 124 109 187 63
Space P 3 -6 109 93 546 437
P R 0 6 93 109 109 16
R I 0 -4 109 94 218 109
I C -2 5 94 94 328 234
C E 2 0 94 110 218 124
E L -1 -6 110 94 234 124
L E 1 6 94 94 78 -16
E S -1 1 94 109 219 125
S S 0 0 109 141 171 62
S Space -2 -2 141 234 1186 1045
Space L 2 -5 234 78 764 530
L A 0 8 78 156 94 16
A T 1 -4 156 109 265 109
T E 0 2 109 124 63 -46
E R 0 -1 124 109 218 94
R Space -3 0 109 110 218 109
Space O 3 -5 110 93 266 156
O N -2 3 93 94 218 125
N OemPeriod 0 -3 94 125 780 686
OemPeriod Space -1 5 125 171 359 234
Space RShiftKey 1 -7 171 1139 546 375
RShiftKey L 1 2 1139 141 951 -188
L E 1 6 141 171 188 47
E T 0 -2 171 109 312 141
T Space -3 1 109 125 265 156
Space M 1 -3 125 110 249 124
M E 2 4 110 141 156 46
E Space -3 -1 141 109 172 31
Space G 2 -1 109 141 296 187
G U 1 -2 141 78 156 15
U Back 1 -6 78 109 359 281
Back I -1 5 109 110 265 156
I V -2 4 110 94 328 218
V E 2 1 94 109 125 31
E Space -3 -1 109 109 156 47
Space Y 3 -2 109 125 546 437
Y O 0 -3 125 31 312 187
O U 0 2 31 93 1482 1451
U Space -3 3 93 93 234 141
Space A 2 3 93 124 125 32
A N -1 -5 124 62 78 -46
N Space -1 2 62 124 156 94
Space E 3 1 124 156 156 32
E X -2 1 156 124 312 156
X A 1 1 124 156 218 94
A M -1 -6 156 93 203 47
M P 2 -3 93 94 249 156
P L -1 1 94 94 203 109
L E 1 6 94 156 125 31
E RShiftKey -2 -8 156 296 312 156
RShiftKey Oem1 1 1 296 125 140 -156
Oem1 Back 2 -3 125 94 1997 1872
Back Back 0 0 94 93 172 78
Back Back 0 0 93 109 156 63
Back Back 0 0 109 94 171 62
Back Back 0 0 94 141 125 31
Back Back 0 0 141 94 203 62
Back Back 0 0 94 93 172 78
Back Back 0 0 93 94 171 78
Back Back 0 0 94 125 156 62
Back Back 0 0 125 124 141 16
Back Back 0 0 124 94 452 328
Back O -1 4 94 94 390 296
O N -2 3 94 109 234 140
N E 2 3 109 125 187 78
E Space -3 -1 125 93 141 16
Space E 3 1 93 109 171 78
E C -2 0 109 78 250 141
C Back 3 -10 78 110 405 327
Back X -3 11 110 109 141 31
X A 1 1 109 218 281 172
A M -1 -6 218 109 374 156
M P 2 -3 109 110 218 109
P L -1 1 110 94 172 62
L E 1 6 94 172 109 15
E RShiftKey -2 -8 172 250 187 15
RShiftKey Oem1 1 1 250 156 125 -125
Oem1 Return 0 -2 156 109 531 375
Return Return 0 0 109 109 156 47
Return RShiftKey -1 1 109 436 1326 1217
RShiftKey R 2 7 436 93 343 -93
R E 0 1 93 93 234 141
E E 0 0 93 109 125 32
E D -1 0 109 109 218 109
D Space -2 -1 109 125 281 172
Space C 1 1 125 203 296 171
C Back 3 -10 203 94 499 296
Back RShiftKey -3 2 94 156 250 156
RShiftKey C 0 8 156 172 78 -78
C O 2 -6 172 78 187 15
O L -1 0 78 78 172 94
L L 0 0 78 63 140 62
L E 1 6 63 141 31 -32
E G -1 -2 141 109 219 78
G E 1 2 109 125 62 -47
E Space -3 -1 125 124 297 172
Space A 2 3 124 187 1279 1155
A T 1 -4 187 94 249 62
T Space -3 1 94 125 250 156
Space T 3 -1 125 94 265 140
T H -1 -1 94 93 219 125
H A 0 5 93 171 109 16
A T 1 -4 171 78 156 -15
T Space -3 1 78 140 234 156
Space T 3 -1 140 140 187 47
T I 0 -3 140 93 172 32
I M -2 1 93 62 234 141
M E 2 4 62 141 46 -16
E Space -3 -1 141 94 281 140
Space O 3 -5 94 94 1981 1887
O F -1 5 94 94 234 140
F F 0 0 94 78 156 62
F E 1 1 78 124 188 110
E R 0 -1 124 94 218 94
R E 0 1 94 125 187 93
E D -1 0 125 141 234 109
D Space -2 -1 141 78 265 124
Space P 3 -6 78 109 1139 1061
P E 0 7 109 125 156 47
E R 0 -1 125 124 219 94
R H -1 -2 124 125 483 359
H A 0 5 125 156 125 0
A P 1 -9 156 156 296 140
P S -1 8 156 172 172 16
S Space -2 -2 172 172 702 530
Space T 3 -1 172 93 749 577
T H -1 -1 93 109 218 125
H E 1 3 109 141 156 47
E Space -3 -1 141 109 125 -16
Space B 1 -1 109 109 577 468
B E 2 2 109 125 94 -15
E S -1 1 125 156 265 140
S T 1 -3 156 93 125 -31
T Space -3 1 93 203 218 125
Space C 1 1 203 109 2481 2278
C A 1 2 109 172 171 62
A L 0 -8 172 94 265 93
L L 0 0 94 78 141 47
L I 1 1 78 94 187 109
I G -1 3 94 78 390 296
G R 1 1 78 94 187 109
R A -1 3 94 156 125 31
A P 1 -9 156 94 577 421
P H -1 4 94 125 468 374
H Y 1 0 125 110 187 62
Y Space -3 2 110 203 905 795
Space I 3 -4 203 94 1014 811
I N -2 2 94 109 219 125
N D 1 3 109 109 296 187
D S 0 1 109 109 0 -109
S Back 2 -11 109 140 593 484
Back Back 0 0 140 141 530 390
Back S -2 11 141 187 203 62
S T 1 -3 187 94 374 187
T R 0 1 94 187 110 16
R U 0 -3 187 172 405 218
U C -2 4 172 187 203 31
C T 2 -2 187 78 218 31
T I 0 -3 78 109 375 297
I O 0 -1 109 78 203 94
O N -2 3 78 109 234 156
N Space -1 2 109 203 1263 1154
Space I 3 -4 203 93 484 281
I N -2 2 93 93 203 110
N Space -1 2 93 109 187 94
Space T 3 -1 109 109 140 31
T H -1 -1 109 78 78 -31
H E 1 3 78 124 219 141
E Space -3 -1 124 109 156 32
Space C 1 1 109 172 249 140
C O 2 -6 172 109 234 62
O U 0 2 109 93 250 141
U N -2 1 93 109 234 141
N T 2 1 109 93 390 281
T R 0 1 93 125 109 16
R Y 0 -2 125 109 203 78
Y Space -3 2 109 234 265 156
Space Back 4 -9 234 109 1654 1420
Back OemPeriod -3 4 109 109 312 203
OemPeriod Space -1 5 109 187 218 109
Space RShiftKey 1 -7 187 281 125 -62
RShiftKey T 2 6 281 141 249 -32
T H -1 -1 141 110 234 93
H R 1 2 110 93 141 31
R E 0 1 93 78 0 -93
E O 0 -6 78 93 936 858
O Back 1 -4 93 110 405 312
Back Back 0 0 110 94 156 46
Back O -1 4 94 93 266 172
O U 0 2 93 94 249 156
U G -1 2 94 140 484 390
G H 0 -1 140 125 109 -31
H O 1 -3 125 109 328 203
O U 0 2 109 109 218 109
U T 0 2 109 187 187 78
T Space -3 1 187 281 1950 1763
Space T 3 -1 281 141 1045 764
T H -1 -1 141 94 172 31
H E 1 3 94 140 203 109
E Space -3 -1 140 187 218 78
Space C 1 1 187 110 421 234
C A 1 2 110 141 281 171
A M -1 -6 141 109 156 15
M OemOpenBrackets 2 -4 109 109 359 250
OemOpenBrackets Back 1 -2 109 156 1763 1654
Back P -1 3 156 109 671 515
P U 0 3 109 93 421 312
U S -1 5 93 187 499 406
S Space -2 -2 187 328 577 390
Space E 3 1 328 172 1669 1341
E V -2 -1 172 109 219 47
V E 2 1 109 125 93 -16
E R 0 -1 125 125 234 109
R Y 0 -2 125 94 234 109
Y Space -3 2 94 109 266 172
Space P 3 -6 109 94 327 218
P O 0 1 94 93 172 78
O S -1 7 93 171 125 32
S T 1 -3 171 109 249 78
T E 0 2 109 125 78 -31
E R 0 -1 125 156 219 94
R Oemcomma -2 -4 156 110 358 202
Oemcomma Space -1 4 110 203 203 93
Space E 3 1 203 141 1248 1045
E V -2 -1 141 125 125 -16
V E 2 1 125 94 156 31
E R 0 -1 94 125 203 109
R Y 0 -2 125 109 203 78
Y Space -3 2 109 156 187 78
Space L 2 -5 156 94 296 140
L A 0 8 94 156 172 78
A B -1 -4 156 109 530 374
B E 2 2 109 156 141 32
E L -1 -6 156 140 312 156
L Space -2 5 140 203 327 187
Space O 3 -5 203 94 1638 1435
O N -2 3 94 93 219 125
N Space -1 2 93 94 218 125
Space T 3 -1 94 109 156 62
T H -1 -1 109 94 78 -31
H E 1 3 94 125 234 140
E Space -3 -1 125 109 172 47
Space D 2 1 109 94 171 62
D R 1 -1 94 94 187 93
R A -1 3 94 140 250 156
A W 1 -1 140 109 234 94
W E 0 -1 109 94 218 109
E R 0 -1 94 109 172 78
R Left -3 -7 109 109 2543 2434
Left Left 0 0 109 110 171 62
Left Left 0 0 110 109 141 31
Left Left 0 0 109 94 187 78
Left Left 0 0 94 78 187 93
Left Left 0 0 78 94 234 156
Left E 3 8 94 156 671 577
E V -2 -1 156 78 250 94
V E 2 1 78 110 46 -32
E R 0 -1 110 125 203 93
R Y 0 -2 125 109 172 47
Y Space -3 2 109 203 140 31
Space Oemcomma 1 -4 203 93 4119 3916
Oemcomma Space -1 4 93 156 93 0
Space W 3 2 156 125 234 78
W A -1 1 125 109 234 109
A S 0 -1 109 125 203 94
S Space -2 -2 125 109 172 47
Space B 1 -1 109 94 296 187
B E 2 2 94 141 62 -32
E A -1 2 141 187 297 156
A U 1 -6 187 109 218 31
U T 0 2 109 140 250 141
T I 0 -3 140 94 140 0
I F -1 4 94 124 375 281
F U 1 -3 124 110 358 234
U L -1 -2 110 94 234 124
L L 0 0 94 94 156 62
L Y 1 3 94 156 344 250
Y Space -3 2 156 141 1684 1528
Space H 2 -2 141 78 796 655
H A 0 5 78 156 94 16
A N -1 -5 156 94 171 15
N D 1 3 94 156 437 343
D Space -2 -1 156 110 187 31
Space C 1 1 110 140 422 312
C A 1 2 140 187 312 172
A L 0 -8 187 109 234 47
L L 0 0 109 125 140 31
L I 1 1 125 109 328 203
I G -1 3 109 109 468 359
G R 1 1 109 109 234 125
R A -1 3 109 187 374 265
A P 1 -9 187 109 312 125
P H -1 4 109 109 312 203
H E 1 3 109 125 156 47
E D -1 0 125 125 265 140
D OemPeriod -1 -6 125 187 1264 1139
OemPeriod Space -1 5 187 172 187 0
Space RShiftKey 1 -7 172 670 718 546
RShiftKey B 0 6 670 125 514 -156
B E 2 2 125 110 312 187
E C -2 0 110 93 453 343
C A 1 2 93 125 93 0
A U 1 -6 125 109 281 156
U S -1 5 109 94 78 -31
S E 1 -1 94 110 187 93
E Space -3 -1 110 110 546 436
Space RShiftKey 1 -7 110 453 1607 1497
RShiftKey I 2 3 453 109 328 -125
I Space -3 4 109 156 327 218
Space H 2 -2 156 125 281 125
H A 0 5 125 141 109 -16
A D 0 -2 141 172 250 109
D Space -2 -1 172 203 218 46
Space D 2 1 203 125 2325 2122
D R 1 -1 125 109 234 109
R O 0 -5 109 109 265 156
O P 0 -1 109 78 218 109
P P 0 0 78 94 125 47
P E 0 7 94 125 109 15
E D -1 0 125 156 234 109
D Space -2 -1 156 140 1108 952
Space O 3 -5 140 78 452 312
O U 0 2 78 93 219 141
U T 0 2 93 141 405 312
T Space -3 1 141 203 531 390
Space A 2 3 203 172 452 249
A N -1 -5 172 125 390 218
N D 1 3 125 109 468 343
D Space -2 -1 109 94 203 94
Space D 2 1 94 234 187 93
D I 1 -5 234 140 250 16
I D -1 5 140 156 203 63
D N -1 -3 156 124 702 546
N Oem7 1 -5 124 110 436 312
Oem7 T 1 6 110 109 125 15
T Space -3 1 109 203 359 250
Space H 2 -2 203 94 1903 1700
H A 0 5 94 140 125 31
A V -1 -3 140 109 343 203
V E 2 1 109 125 156 47
E Space -3 -1 125 125 203 78
Space T 3 -1 125 125 125 0
T O 0 -4 125 109 203 78
O Space -3 5 109 93 312 203
Space T 3 -1 93 94 249 156
T A -1 4 94 141 78 -16
A K 0 -7 141 109 297 156
K E 1 5 109 156 218 109
E Space -3 -1 156 249 640 484
Space T 3 -1 249 109 920 671
T H -1 -1 109 109 265 156
H E 1 3 109 125 156 47
E Space -3 -1 125 109 172 47
Space N 1 -2 109 93 203 94
N O 2 -3 93 94 280 187
O R 0 5 94 141 203 109
R M -2 -3 141 109 172 31
M A 1 6 109 156 203 94
A L 0 -8 156 63 124 -32
L Space -2 5 63 94 234 171
Space C 1 1 94 141 156 62
C L 1 -6 141 94 156 15
L A 0 8 94 140 188 94
A S 0 -1 140 109 234 94
S S 0 0 109 94 171 62
S E 1 -1 94 125 187 93
E S -1 1 125 202 266 141
S Oemcomma -1 -6 202 94 998 796
Oemcomma Space -1 4 94 156 140 46
Space RShiftKey 1 -7 156 390 188 32
RShiftKey I 2 3 390 78 280 -110
I Space -3 4 78 94 312 234
Space D 2 1 94 109 141 47
D E 1 0 109 109 203 94
E C -2 0 109 140 265 156
C I 2 -5 140 109 281 141
I D -1 5 109 124 78 -31
D E 1 0 124 125 202 78
E D -1 0 125 141 234 109
D Space -2 -1 141 125 219 78
Space T 3 -1 125 109 1544 1419
T O 0 -4 109 140 406 297
O T 0 4 140 156 125 -15
T Back 1 -8 156 140 655 499
Back Left -4 2 140 1654 1045 905
Left Left 0 0 1654 171 3916 2262
Left Left 0 0 171 125 265 94
Left Left 0 0 125 125 234 109
Left Left 0 0 125 951 390 265
Left Left 0 0 951 592 1295 344
Left Left 0 0 592 1030 842 250
Left Left 0 0 1030 188 2714 1684
Left Left 0 0 188 795 297 109
Left Space 0 7 795 187 23072 22277
Space T 3 -1 187 93 687 500
T A -1 4 93 203 124 31
A K 0 -7 203 109 406 203
K E 1 5 109 140 156 47
E Space -3 -1 140 140 156 16
Space A 2 3 140 187 187 47
A Space -2 -3 187 140 125 -62
Space C 1 1 140 109 2434 2294
C A 1 2 109 187 140 31
A L 0 -8 187 94 936 749
L L 0 0 94 110 140 46
L I 1 1 110 109 219 109
I G -1 3 109 78 421 312
G R 1 1 78 94 187 109
R A -1 3 94 156 141 47
A P 1 -9 156 93 343 187
P H -1 4 93 94 265 172
H Y 1 0 94 93 172 78
Y Space -3 2 93 109 265 172
Space C 1 1 109 156 249 140
C L 1 -6 156 78 219 63
L A 0 8 78 140 156 78
A S 0 -1 140 109 234 94
S S 0 0 109 140 156 47
S Space -2 -2 140 109 234 94
Space T 3 -1 109 140 1763 1654
T O 0 -4 140 94 202 62
O Space -3 5 94 78 297 203
Space L 2 -5 78 93 234 156
L E 1 6 93 94 109 16
E A -1 2 94 125 281 187
A R 1 -3 125 125 296 171
R N -2 -2 125 94 156 31
N Space -1 2 94 218 749 655
Space H 2 -2 218 109 889 671
H O 1 -3 109 110 265 156
O W 0 7 110 141 203 93
W Space -3 -2 141 109 203 62
Space T 3 -1 109 140 172 63
T O 0 -4 140 171 156 16
O Space -3 5 171 140 390 219
Space D 2 1 140 156 592 452
D O 1 -6 156 109 172 16
O Space -3 5 109 140 203 94
Space T 3 -1 140 109 187 47
T H -1 -1 109 109 125 16
H I 1 -2 109 125 187 78
I S -1 6 125 203 1529 1404
S Oemcomma -1 -6 203 78 546 343
Oemcomma Back 3 -5 78 94 374 296
Back OemPeriod -3 4 94 93 297 203
OemPeriod Space -1 5 93 156 156 63
Space RShiftKey 1 -7 156 312 109 -47
RShiftKey I 2 3 312 94 218 -94
I Space -3 4 94 109 234 140
Space L 2 -5 109 109 203 94
L E 1 6 109 93 94 -15
E A -1 2 93 125 218 125
A R 1 -3 125 124 250 125
R N -2 -2 124 109 187 63
N E 2 3 109 93 125 16
E D -1 0 93 156 187 94
D Space -2 -1 156 125 156 0
Space A 2 3 125 187 1217 1092
A B -1 -4 187 156 702 515
B O 2 -4 156 93 187 31
O U 0 2 93 94 218 125
U T 0 2 94 110 187 93
T Space -3 1 110 94 203 93
Space S 2 2 94 109 156 62
S E 1 -1 109 125 796 687
E R 0 -1 125 140 234 109
R I 0 -4 140 109 421 281
I F -1 4 109 140 234 125
F Space -2 0 140 234 1248 1108
Space A 2 3 234 172 265 31
A N -1 -5 172 94 671 499
N F 1 2 94 47 218 124
F Back 2 -9 47 140 484 437
Back D -2 10 140 109 172 32
D Space -2 -1 109 156 249 140
Space S 2 2 156 93 141 -15
S A 0 1 93 125 218 125
A N -1 -5 125 109 172 47
N S 1 4 109 94 124 15
S Space -2 -2 94 93 375 281
Space S 2 2 93 125 171 78
S E 1 -1 125 156 406 281
E R 0 -1 156 109 265 109
R I 0 -4 109 109 312 203
I F -1 4 109 125 94 -15
F Space -2 0 125 109 218 93
Space T 3 -1 109 109 3011 2902
T Y 0 -1 109 94 312 203
Y P 0 -4 94 125 359 265
P E 0 7 125 125 187 62
E F -1 -1 125 109 577 452
F A 0 3 109 124 141 32
A C -1 -2 124 110 124 0
C E 2 0 110 109 141 31
E S -1 1 109 141 296 187
S Oemcomma -1 -6 141 94 2215 2074
Oemcomma Space -1 4 94 109 250 156
Space A 2 3 109 156 140 31
A B -1 -4 156 156 484 328
B O 2 -4 156 109 172 16
O U 0 2 109 93 234 125
U T 0 2 93 109 187 94
T Space -3 1 109 125 187 78
Space V 1 0 125 109 406 281
V A 1 3 109 62 187 78
A R 1 -3 62 93 125 63
R Y 0 -2 93 109 483 390
Y I 0 -2 109 109 250 141
I N -2 2 109 109 234 125
N G 1 1 109 140 203 94
G Space -2 1 140 203 2137 1997
Space T 3 -1 203 141 811 608
T H -1 -1 141 109 156 15
H R 1 2 109 109 219 110
R E 0 1 109 78 15 -94
E Back 1 -10 78 156 1092 1014
Back Back 0 0 156 156 172 16
Back E -1 10 156 125 265 109
E Space -3 -1 125 171 328 203
Space A 2 3 171 250 296 125
A M -1 -6 250 109 827 577
M O 2 -2 109 78 249 140
O U 0 2 78 94 905 827
U N -2 1 94 94 203 109
N T 2 1 94 125 78 -16
T Space -3 1 125 172 499 374
Space O 3 -5 172 156 437 265
O F -1 5 156 125 203 47
F Space -2 0 125 125 218 93
Space D 2 1 125 125 187 62
D P 1 -7 125 172 250 125
P S -1 8 172 109 967 795
S Back 2 -11 109 94 1825 1716
Back Back 0 0 94 94 172 78
Back Back 0 0 94 93 172 78
Back S -2 11 93 125 686 593
S P 1 -8 125 94 296 171
P A -1 9 94 124 110 16
A C -1 -2 124 125 374 250
C E 2 0 125 187 94 -31
E Space -3 -1 187 187 4274 4087
Space B 1 -1 187 109 1123 936
B E 2 2 109 125 172 63
E T 0 -2 125 94 140 15
T W 0 3 94 110 187 93
W E 0 -1 110 93 219 109
E E 0 0 93 125 171 78
E N -2 -3 125 109 219 94
N Space -1 2 109 93 234 125
Space D 2 1 93 140 125 32
D I 1 -5 140 109 265 125
I F -1 4 109 78 390 281
F F 0 0 78 109 140 62
F E 1 1 109 109 94 -15
E R 0 -1 109 124 203 94
R E 0 1 124 141 249 125
E N -2 -3 141 125 359 218
N T 2 1 125 94 374 249
T Space -3 1 94 218 1030 936
Space L 2 -5 218 94 5647 5429
L E 1 6 94 156 156 62
E T 0 -2 156 93 219 63
T T 0 0 93 109 140 47
T E 0 2 109 109 94 -15
E R 0 -1 109 125 202 93
R Space -3 0 125 125 172 47
Space C 1 1 125 203 187 62
C P 2 -7 203 109 234 31
P Back 1 -3 109 94 390 281
Back O -1 4 94 94 281 187
O M -2 2 94 141 218 124
M B 0 2 141 171 500 359
B I 2 -3 171 93 499 328
I N -2 2 93 125 218 125
N A 1 5 125 171 172 47
A T 1 -4 171 94 187 16
T I 0 -3 94 109 406 312
I O 0 -1 109 93 187 78
O N -2 3 93 109 218 125
N S 1 4 109 187 203 94
S Oemcomma -1 -6 187 109 1919 1732
Oemcomma Space -1 4 109 109 281 172
Space A 2 3 109 140 156 47
A B -1 -4 140 172 514 374
B O 2 -4 172 110 156 -16
O U 0 2 110 94 234 124
U T 0 2 94 109 141 47
T Space -3 1 109 140 203 94
Space W 3 2 140 125 202 62
W H -1 -4 125 125 156 31
H A 0 5 125 187 141 16
A T 1 -4 187 110 171 -16
T Space -3 1 110 234 609 499
Space M 1 -3 234 109 1170 936
M A 1 6 109 156 140 31
A L 0 -8 156 94 125 -31
L E 1 6 94 109 187 93
E S -1 1 109 141 265 156
S Space -2 -2 141 218 219 78
Space G 2 -1 218 109 421 203
G R 1 1 109 78 203 94
R E 0 1 78 78 171 93
E A -1 2 78 125 94 16
A T 1 -4 125 125 140 15
T Space -3 1 125 172 281 156
Space C 1 1 172 110 265 93
C A 1 2 110 125 281 171
A L 0 -8 125 93 141 16
L L 0 0 93 93 156 63
L I 1 1 93 110 202 109
I G -1 3 110 94 437 327
G R 1 1 94 78 234 140
R A -1 3 78 109 94 16
A P 1 -9 109 109 343 234
P H -1 4 109 94 296 187
H Y 1 0 94 109 344 250
Y Back 1 -7 109 655 2948 2839
Back Back 0 0 655 1342 998 343
Back Back 0 0 1342 78 1560 218
Back Back 0 0 78 109 188 110
Back K -2 5 109 94 842 733
K E 1 5 94 125 109 15
E S -1 1 125 203 265 140
S Space -2 -2 203 124 188 -15
Space G 2 -1 124 109 795 671
G R 1 1 109 109 203 94
R E 0 1 109 93 172 63
E A -1 2 93 172 124 31
A T 1 -4 172 125 141 -31
T Space -3 1 125 234 2075 1950
Space T 3 -1 234 110 826 592
T R 0 1 110 172 281 171
R Back 1 -9 172 78 718 546
Back Y -1 7 78 109 296 218
Y P 0 -4 109 94 499 390
P O 0 1 94 109 172 78
O G -1 4 109 94 421 312
G R 1 1 94 109 203 109
R A -1 3 109 156 94 -15
A P 1 -9 156 93 421 265
P H -1 4 93 109 281 188
H Y 1 0 109 109 171 62
Y Space -3 2 109 140 281 172
Space G 2 -1 140 93 328 188
G R 1 1 93 94 202 109
R E 0 1 94 94 172 78
E A -1 2 94 171 125 31
A T 1 -4 171 109 125 -46
T OemPeriod -2 -4 109 203 982 873
OemPeriod Space -1 5 203 234 500 297
Space RShiftKey 1 -7 234 390 499 265
RShiftKey I 2 3 390 110 249 -141
I T 0 3 110 94 593 483
T Space -3 1 94 125 234 140
Space W 3 2 125 93 141 16
W A -1 1 93 109 234 141
A S 0 -1 109 125 187 78
S Space -2 -2 125 218 983 858
Space B 1 -1 218 141 1029 811
B E 2 2 141 141 109 -32
E A -1 2 141 156 328 187
A U 1 -6 156 93 172 16
U T 0 2 93 124 312 219
T I 0 -3 124 109 249 125
I F -1 4 109 125 265 156
F U 1 -3 125 109 203 78
U L -1 -2 109 125 281 172
L Oemcomma -1 1 125 109 1654 1529
Oemcomma Space -1 4 109 187 187 78
Space H 2 -2 187 94 1045 858
H I 1 -2 94 110 218 124
I S -1 6 110 172 156 46
S T 1 -3 172 109 281 109
T O 0 -4 109 93 406 297
O R 0 5 93 156 234 141
R I 0 -4 156 125 187 31
I C -2 5 125 109 624 499
C A 1 2 109 140 125 16
A L 0 -8 140 125 374 234
L Oemcomma -1 1 125 93 1701 1576
Oemcomma Space -1 4 93 125 249 156
Space A 2 3 125 141 187 62
A T 1 -4 141 94 250 109
T Back 1 -8 94 125 546 452
Back R -1 9 125 156 234 109
R T 0 -1 156 110 374 218
T I 0 -3 110 94 484 374
I S -1 6 94 171 125 31
S T 1 -3 171 124 281 110
T I 0 -3 124 93 1357 1233
I C -2 5 93 109 546 453
C A 1 2 109 141 140 31
A L 0 -8 141 94 312 171
L L 0 0 94 109 156 62
L Y 1 3 109 109 281 172
Y Space -3 2 109 234 515 406
Space S 2 2 234 202 515 281
S U 1 -5 202 109 249 47
U B -2 2 109 125 593 484
B L 1 -4 125 78 281 156
L E 1 6 78 125 109 31
E Space -3 -1 125 234 718 593
Space I 3 -4 234 110 670 436
I N -2 2 110 93 219 109
N Space -1 2 93 109 203 110
Space A 2 3 109 110 124 15
A Space -2 -3 110 109 141 31
Space W 3 2 109 109 109 0
W A -1 1 109 124 250 141
A Y 1 -5 124 125 140 16
Y Space -3 2 125 249 593 468
Space T 3 -1 249 125 842 593
T H -1 -1 125 156 250 125
H A 0 5 156 141 140 -16
A T 1 -4 141 94 156 15
T Space -3 1 94 110 265 171
Space S 2 2 110 93 110 0
S C -1 -1 93 125 218 125
C I 2 -5 125 94 187 62
I E 0 5 94 140 141 47
E N -2 -3 140 109 312 172
N C 0 3 109 93 468 359
C E 2 0 93 109 109 16
E Space -3 -1 109 187 374 265
Space C 1 1 187 94 1123 936
C A 1 2 94 156 110 16
A N -1 -5 156 94 514 358
N Oem7 1 -5 94 94 484 390
Oem7 T 1 6 94 110 140 46
T Space -3 1 110 141 546 436
Space C 1 1 141 78 156 15
C A 1 2 78 125 250 172
A P 1 -9 125 94 156 31
P T 0 5 94 125 312 218
T U 0 -2 125 109 343 218
U R 0 3 109 125 312 203
R E 0 1 125 141 265 140
E Space -3 -1 141 187 921 780
Space Back 4 -9 187 109 577 390
Back Oemcomma -3 5 109 94 343 234
Oemcomma Space -1 4 94 62 250 156
Space A 2 3 62 202 47 -15
A N -1 -5 202 109 234 32
N F 1 2 109 125 218 109
F Back 2 -9 125 109 437 312
Back D -2 10 109 171 125 16
D Space -2 -1 171 187 234 63
Space I 3 -4 187 63 202 15
I Back 1 -5 63 94 406 343
Back RShiftKey -3 2 94 327 250 156
RShiftKey I 2 3 327 109 187 -140
I Space -3 4 109 156 125 16
Space F 2 0 156 187 733 577
F O 1 -5 187 93 234 47
O U 0 2 93 93 234 141
U N -2 1 93 125 234 141
N D 1 3 125 156 296 171
D Space -2 -1 156 187 13775 13619
Space F 2 0 187 78 531 344
F A 0 3 78 125 109 31
A S 0 -1 125 94 218 93
S C -1 -1 94 125 234 140
C I 2 -5 125 94 2995 2870
I N -2 2 94 125 219 125
N A 1 5 125 156 171 46
A T 1 -4 156 78 141 -15
T I 0 -3 78 94 452 374
I O 0 -1 94 78 172 78
O N -2 3 78 93 468 390
N G 1 1 93 140 312 219
G OemPeriod -1 -4 140 78 265 125
OemPeriod Space -1 5 78 140 406 328
Space Back 4 -9 140 109 764 624
Back Back 0 0 109 94 187 78
Back Back 0 0 94 94 156 62
Back Back 0 0 94 109 156 62
Back Back 0 0 109 109 156 47
Back N -3 7 109 94 858 749
N G 1 1 94 156 219 125
G OemPeriod -1 -4 156 78 312 156
OemPeriod Space -1 5 78 156 156 78
Space Return 2 -8 156 110 1918 1762
Return Return 0 0 110 109 203 93
