LShiftKey I 2 -8 281 93 219 -62
I Space -3 4 93 109 187 94
Space C 1 1 109 93 390 281
C H 1 -3 93 93 390 297
H O 1 -3 93 62 281 188
O O 0 0 62 78 124 62
O S -1 7 78 62 141 63
S E 1 -1 62 78 156 94
E Space -3 -1 78 94 140 62
Space T 3 -1 94 78 141 47
T O 0 -4 78 109 140 62
O Space -3 5 109 109 187 78
Space S 2 2 109 94 1825 1716
S T 1 -3 94 93 110 16
T U 0 -2 93 94 374 281
U D -1 4 94 94 296 202
D Y 1 -3 94 78 468 374
Y Space -3 2 78 93 188 110
Space I 3 -4 93 94 280 187
I N -2 2 94 141 203 109
N Space -1 2 141 109 125 -16
Space T 3 -1 109 93 203 94
T H -1 -1 93 94 109 16
H E 1 3 94 78 109 15
E Space -3 -1 78 78 141 63
Space LShiftKey 1 4 78 733 967 889
LShiftKey Back 3 -13 733 249 827 94
Back Back 0 0 249 94 296 47
Back Back 0 0 94 141 109 15
Back Back 0 0 141 109 156 15
Back Back 0 0 109 78 172 63
Back Back 0 0 78 78 140 62
Back Back 0 0 78 109 141 63
Back A -2 12 109 93 655 546
A T 1 -4 93 78 156 63
T Space -3 1 78 93 156 78
Space LShiftKey 1 4 93 328 109 16
LShiftKey U 2 -7 328 94 187 -141
U LShiftKey -2 7 94 203 593 499
LShiftKey B 0 -5 203 78 140 -63
B Space -1 1 78 94 125 47
Space D 2 1 94 78 1669 1575
D U 1 -4 78 94 125 47
U E 0 4 94 93 94 0
E Space -3 -1 93 78 171 78
Space T 3 -1 78 78 125 47
T O 0 -4 78 94 125 47
O Space -3 5 94 93 281 187
Space T 3 -1 93 78 156 63
T H -1 -1 78 78 93 15
H E 1 3 78 78 110 32
E Space -3 -1 78 94 140 62
Space E 3 1 94 78 218 124
E X -2 1 78 94 203 125
X C 0 -1 94 78 203 109
C E 2 0 78 62 172 94
E L -1 -6 62 62 234 172
L L 0 0 62 93 109 47
L E 1 6 93 78 125 32
E N -2 -3 78 78 421 343
N T 2 1 78 62 109 31
T Space -3 1 62 78 94 32
Space R 3 0 78 62 452 374
R E 0 1 62 94 140 78
E S -1 1 94 62 500 406
S E 1 -1 62 78 187 125
E A -1 2 78 109 156 78
A R 1 -3 109 78 249 140
R C -2 1 78 93 219 141
C H 1 -3 93 63 171 78
H Space -2 2 63 94 125 62
Space A 2 3 94 78 141 47
A N -1 -5 78 93 156 78
N D 1 3 93 94 93 0
D Space -2 -1 94 94 109 15
Space A 2 3 94 94 125 31
A C -1 -2 94 94 203 109
C A 1 2 94 93 203 109
A D 0 -2 93 78 203 110
D E 1 0 78 78 140 62
E M -2 -4 78 109 187 109
M I 2 -1 109 110 187 78
I C -2 5 110 94 702 592
C Space -1 -1 94 94 468 374
Space O 3 -5 94 78 437 343
O P 0 -1 78 78 312 234
P P 0 0 78 94 125 47
P O 0 1 94 63 842 748
O R 0 5 63 93 422 359
R T 0 -1 93 78 202 109
T U 0 -2 78 78 125 47
U N -2 1 78 78 265 187
N I 2 -2 78 94 172 94
I T 0 3 94 94 218 124
T I 0 -3 94 78 141 47
I E 0 5 78 94 109 31
E S -1 1 94 78 172 78
S Space -2 -2 78 94 140 62
Space A 2 3 94 78 156 62
A V -1 -3 78 78 827 749
V Back 3 -9 78 63 764 686
Back Back 0 0 63 110 109 46
Back U -1 6 110 78 1358 1248
U N -2 1 78 94 202 124
N D 1 3 94 109 281 187
D E 1 0 109 94 187 78
E R 0 -1 94 94 172 78
R T 0 -1 94 78 296 202
T A -1 4 78 109 250 172
A K 0 -7 109 94 187 78
K E 1 5 94 78 125 31
E N -2 -3 78 109 172 94
N Space -1 2 109 94 124 15
Space H 2 -2 94 78 312 218
H E 1 3 78 94 94 16
E R 0 -1 94 47 203 109
R E 0 1 47 94 109 62
E Space -3 -1 94 94 140 46
Space O 3 -5 94 63 234 140
O N -2 3 63 110 312 249
N Space -1 2 110 109 125 15
Space C 1 1 109 93 1389 1280
C A 1 2 93 125 187 94
A M -1 -6 125 78 405 280
M P 2 -3 78 94 515 437
P U 0 3 94 78 234 140
U S -1 5 78 94 109 31
S Oemcomma -1 -6 94 78 328 234
Oemcomma Space -1 4 78 110 140 62
Space Back 4 -9 110 140 250 140
Back Back 0 0 140 93 172 32
Back OemPeriod -3 4 93 78 670 577
OemPeriod Space -1 5 78 109 94 16
Space LShiftKey 1 4 109 344 1388 1279
LShiftKey I 2 -8 344 94 250 -94
I Space -3 4 94 94 187 93
Space A 2 3 94 78 141 47
A M -1 -6 78 93 577 499
M Space -1 3 93 109 125 32
Space Q 3 3 109 62 624 515
Q U 0 -6 62 78 156 94
U I 0 -1 78 93 156 78
I T 0 3 93 78 140 47
T E 0 2 78 62 172 94
E Space -3 -1 62 78 124 62
Space S 2 2 78 78 531 453
S A 0 1 78 93 359 281
A T 1 -4 93 93 343 250
T I 0 -3 93 78 327 234
I S -1 6 78 93 110 32
S F 0 -2 93 93 421 328
F I 1 -4 93 94 187 94
I E 0 5 94 78 125 31
E D -1 0 78 63 171 93
D Space -2 -1 63 93 141 78
Space W 3 2 93 93 78 -15
W I 0 -6 93 93 156 63
I T 0 3 93 94 109 16
T H -1 -1 94 109 109 15
H Space -2 2 109 110 109 0
Space T 3 -1 110 78 156 46
T H -1 -1 78 94 125 47
H E 1 3 94 78 94 0
E Space -3 -1 78 109 125 47
Space D 2 1 109 78 4882 4773
D E 1 0 78 78 172 94
E C -2 0 78 78 218 140
C I 2 -5 78 78 952 874
I S -1 6 78 93 125 47
S I 1 -6 93 78 125 32
I O 0 -1 78 78 140 62
O N -2 3 78 109 187 109
N Space -1 2 109 140 63 -46
Space O 3 -5 140 109 249 109
O F -1 5 109 78 187 78
F Space -2 0 78 78 125 47
Space C 1 1 78 78 499 421
C H 1 -3 78 93 141 63
H O 1 -3 93 47 234 141
O O 0 0 47 94 93 46
O S -1 7 94 78 141 47
S I 1 -6 78 78 312 234
I N -2 2 78 109 187 109
N G 1 1 109 63 140 31
G Space -2 1 63 78 110 47
Space LShiftKey 1 4 78 749 265 187
LShiftKey U 2 -7 749 93 125 -624
U B -2 2 93 78 483 390
B Oemcomma 0 -3 78 110 733 655
Oemcomma Space -1 4 110 94 172 62
Space T 3 -1 94 78 1872 1778
T H -1 -1 78 94 109 31
H E 1 3 94 78 125 31
E Space -3 -1 78 78 156 78
Space F 2 0 78 78 156 78
F A 0 3 78 94 187 109
A C -1 -2 94 94 203 109
C I 2 -5 94 94 187 93
I L -1 -1 94 94 203 109
L I 1 1 94 93 172 78
I T 0 3 93 78 343 250
T I 0 -3 78 78 218 140
I E 0 5 78 62 203 125
E S -1 1 62 78 172 110
S Space -2 -2 78 109 78 0
Space A 2 3 109 94 218 109
A R 1 -3 94 78 125 31
R E 0 1 78 78 140 62
E Space -3 -1 78 94 125 47
Space S 2 2 94 78 140 46
S T 1 -3 78 78 110 32
T A -1 4 78 78 93 15
A T 1 -4 78 94 125 47
T E 0 2 94 78 140 46
E Space -3 -1 78 78 125 47
Space O 3 -5 78 78 312 234
O F -1 5 78 93 141 63
F Space -2 0 93 78 109 16
Space T 3 -1 78 78 140 62
T H -1 -1 78 78 94 16
H E 1 3 78 94 93 15
E Space -3 -1 94 93 141 47
Space A 2 3 93 141 218 125
A R 1 -3 141 94 281 140
R T 0 -1 94 94 234 140
T Oemcomma -2 -3 94 78 2090 1996
Oemcomma Space -1 4 78 94 172 94
Space T 3 -1 94 63 187 93
T H -1 -1 63 94 78 15
H E 1 3 94 94 125 31
E Space -3 -1 94 78 156 62
Space D 2 1 78 47 234 156
D Back 2 -10 47 94 468 421
Back F -2 9 94 78 94 0
F A 0 3 78 94 202 124
A C -1 -2 94 94 905 811
C U 2 -4 94 62 203 109
U L -1 -2 62 78 343 281
L T 1 4 78 78 359 281
T Y 0 -1 78 78 94 16
Y Space -3 2 78 93 156 78
Space I 3 -4 93 109 171 78
I S -1 6 109 78 109 0
S Space -2 -2 78 94 125 47
Space A 2 3 94 94 499 405
A M -1 -6 94 94 172 78
M A 1 6 94 109 125 31
A Z -1 0 109 109 546 437
Z I 2 -7 109 78 218 109
I N -2 2 78 94 203 125
N G 1 1 94 93 203 109
G Space -2 1 93 78 109 16
Space A 2 3 78 109 437 359
A N -1 -5 109 94 187 78
N F 1 2 94 78 109 15
F Back 2 -9 78 94 515 437
Back D -2 10 94 62 94 0
D Space -2 -1 62 109 717 655
Space T 3 -1 109 78 172 63
T H -1 -1 78 94 93 15
H E 1 3 94 78 125 31
E Space -3 -1 78 78 156 78
Space C 1 1 78 93 3074 2996
C I 2 -5 93 94 202 109
I Back 1 -5 94 109 718 624
Back O -1 4 109 94 811 702
O U 0 2 94 78 219 125
U R 0 3 78 78 265 187
R S -1 2 78 94 249 171
S E 1 -1 94 78 219 125
E OemMinus 1 -8 78 78 1076 998
OemMinus W -1 9 78 94 125 47
W O 0 -7 94 94 265 171
O R 0 5 94 78 468 374
R K -1 -4 78 109 125 47
K Space -2 4 109 93 172 63
Space I 3 -4 93 93 187 94
I S -1 6 93 93 125 32
S Space -2 -2 93 78 140 47
Space B 1 -1 78 94 421 343
B R 2 1 94 110 187 93
R I 0 -4 110 94 234 124
I L -1 -1 94 47 219 125
L L 0 0 47 78 125 78
L I 1 1 78 94 483 405
I A -1 7 94 78 125 31
A N -1 -5 78 78 156 78
N T 2 1 78 63 140 62
T Space -3 1 63 78 141 78
Space Back 4 -9 78 109 359 281
Back OemPeriod -3 4 109 62 733 624
OemPeriod Space -1 5 62 78 78 16
Space LShiftKey 1 4 78 484 1700 1622
LShiftKey I 2 -8 484 93 375 -109
I Space -3 4 93 110 202 109
Space P 3 -6 110 94 546 436
P E 0 7 94 94 125 31
E R 0 -1 94 62 203 109
R S -1 2 62 78 218 156
S O 1 -7 78 78 94 16
O A -1 8 78 94 140 62
A N -1 -5 94 109 172 78
N L 1 -3 109 93 905 796
L L 0 0 93 109 140 47
L Back 2 -4 109 280 531 422
Back Back 0 0 280 78 327 47
Back Back 0 0 78 94 125 47
Back Back 0 0 94 110 140 46
Back N -3 7 110 94 702 592
N A 1 5 94 78 110 16
A L 0 -8 78 78 156 78
L L 0 0 78 94 124 46
L Y 1 3 94 94 515 421
Y Space -3 2 94 110 187 93
Space F 2 0 110 78 250 140
F E 1 1 78 78 172 94
E E 0 0 78 94 124 46
E L -1 -6 94 78 141 47
L Oemcomma -1 1 78 94 296 218
Oemcomma Space -1 4 94 109 156 62
Space T 3 -1 109 94 359 250
T H -1 -1 94 78 125 31
H T 1 1 78 78 249 171
T Back 1 -8 78 78 500 422
Back A -2 12 78 78 109 31
A T 1 -4 78 78 702 624
T Space -3 1 78 93 156 78
Space A 2 3 93 78 109 16
A Space -2 -3 78 94 140 62
Space G 2 -1 94 78 312 218
G O 1 -4 78 78 297 219
O O 0 0 78 93 125 47
O D -1 6 93 78 156 63
D Space -2 -1 78 94 124 46
Space U 3 -3 94 78 312 218
U N -2 1 78 94 250 172
N I 2 -2 94 93 515 421
I V -2 4 93 94 140 47
V E 2 1 94 93 219 125
E R 0 -1 93 78 187 94
R S -1 2 78 109 187 109
S I 1 -6 109 78 203 94
I T 0 3 78 78 327 249
T Y 0 -1 78 93 110 32
Y Space -3 2 93 93 156 63
Space M 1 -3 93 94 2620 2527
M U 2 0 94 78 250 156
U S -1 5 78 78 125 47
S T 1 -3 78 78 156 78
T Space -3 1 78 109 140 62
Space C 1 1 109 94 281 172
C O 2 -6 94 94 140 46
O N -2 3 94 94 359 265
N S 1 4 94 78 234 140
S I 1 -6 78 94 109 31
I S -1 6 94 78 156 62
S T 1 -3 78 78 125 47
T Space -3 1 78 93 172 94
Space O 3 -5 93 78 1669 1576
O F -1 5 78 94 156 78
F Space -2 0 94 94 156 62
Space T 3 -1 94 78 515 421
T H -1 -1 78 93 125 47
H R 1 2 93 78 124 31
R E 0 1 78 78 172 94
E E 0 0 78 63 140 62
E Space -3 -1 63 78 110 47
Space T 3 -1 78 78 109 31
T H -1 -1 78 78 93 15
H I 1 -2 78 94 156 78
I N -2 2 94 93 188 94
N G 1 1 93 78 234 141
G S 0 3 78 78 421 343
S Oemcomma -1 -6 78 94 140 62
Oemcomma Space -1 4 94 109 156 62
Space Back 4 -9 109 93 718 609
Back Back 0 0 93 93 125 32
Back RShiftKey -3 2 93 250 249 156
RShiftKey Oem1 1 1 250 94 187 -63
Oem1 Space -2 6 94 93 219 125
Space LShiftKey 1 4 93 312 811 718
LShiftKey G 1 -5 312 109 203 -109
G O 1 -4 109 93 281 172
O O 0 0 93 78 140 47
O D -1 6 78 78 203 125
D Space -2 -1 78 94 140 62
Space F 2 0 94 78 328 234
F A 0 3 78 94 171 93
A C -1 -2 94 94 203 109
C U 2 -4 94 93 172 78
U L -1 -2 93 78 203 110
L T 1 4 78 62 156 78
T Y 0 -1 62 94 124 62
Y Space -3 2 94 93 219 125
Space Back 4 -9 93 93 437 344
Back Oemcomma -3 5 93 93 1014 921
Oemcomma Space -1 4 93 125 140 47
Space LShiftKey 1 4 125 172 6427 6302
LShiftKey H 1 -6 172 62 125 -47
H I 1 -2 62 93 172 110
I G -1 3 93 94 202 109
G H 0 -1 94 93 110 16
H Space -2 2 93 93 187 94
Space T 3 -1 93 94 93 0
T E 0 2 94 93 188 94
E C -2 0 93 93 234 141
C H 1 -3 93 46 390 297
H Space -2 2 46 109 171 125
Space G 2 -1 109 94 1045 936
G Back 2 -8 94 125 406 312
Back F -2 9 125 94 140 15
F A 0 3 94 109 172 78
A C -1 -2 109 78 203 94
C I 2 -5 78 94 187 109
I L -1 -1 94 109 203 109
L I 1 1 109 93 203 94
I T 0 3 93 94 124 31
T I 0 -3 94 94 172 78
I E 0 5 94 78 94 0
E S -1 1 78 62 187 109
S Space -2 -2 62 94 109 47
Space A 2 3 94 93 94 0
A N -1 -5 93 94 124 31
N D 1 3 94 78 94 0
D Space -2 -1 78 93 125 47
Space LShiftKey 1 4 93 561 2574 2481
LShiftKey R 2 -4 561 125 468 -93
R E 0 1 125 93 203 78
E A -1 2 93 78 280 187
A S 0 -1 78 78 437 359
S O 1 -7 78 93 219 141
O N -2 3 93 78 234 141
N A 1 5 78 78 109 31
A B -1 -4 78 93 359 281
B L 1 -4 93 109 296 203
L E 1 6 109 93 172 63
E Space -3 -1 93 109 140 47
Space F 2 0 109 78 156 47
F E 1 1 78 94 187 109
E E 0 0 94 78 172 78
E S -1 1 78 93 203 125
S OemPeriod -1 -7 93 78 1138 1045
OemPeriod Space -1 5 78 109 94 16
Space RShiftKey 1 -7 109 749 187 78
RShiftKey RShiftKey 0 0 749 312 1701 952
RShiftKey Return 1 -1 312 94 124 -188
Return Return 0 0 94 125 156 62
Return Back 2 -1 125 94 827 702
Back Back 0 0 94 94 125 31
Back LShiftKey -3 13 94 515 655 561
LShiftKey I 2 -8 515 93 406 -109
I Space -3 4 93 110 171 78
Space W 3 2 110 93 188 78
W O 0 -7 93 109 109 16
O U 0 2 109 63 218 109
U L -1 -2 63 94 156 93
L D 0 6 94 94 125 31
D Space -2 -1 94 93 125 31
Space S 2 2 93 94 140 47
S U 1 -5 94 63 187 93
U U 0 0 63 94 437 374
U R 0 3 94 63 109 15
R E 0 1 63 94 125 62
E Space -3 -1 94 78 141 47
Space Back 4 -9 78 78 624 546
Back Back 0 0 78 78 124 46
Back Back 0 0 78 78 141 63
Back Back 0 0 78 63 140 62
Back R -1 9 63 78 749 686
R E 0 1 78 94 156 78
E L -1 -6 94 109 156 62
L Y 1 3 109 62 515 406
Y Space -3 2 62 78 125 63
Space R 3 0 78 94 218 140
R E 0 1 94 47 203 109
E C -2 0 47 93 515 468
C C 0 0 93 78 1185 1092
C O 2 -6 78 78 203 125
O M -2 2 78 94 265 187
M E 2 4 94 78 1888 1794
E N -2 -3 78 109 140 62
N D 1 3 109 78 250 141
D Space -2 -1 78 78 125 47
Space T 3 -1 78 94 1232 1154
T H -1 -1 94 94 109 15
H I 1 -2 94 109 172 78
I S -1 6 109 94 140 31
S Space -2 -2 94 93 172 78
Space U 3 -3 93 78 421 328
U N -2 1 78 94 218 140
N I 2 -2 94 78 406 312
I V -2 4 78 93 172 94
V E 2 1 93 78 218 125
E R 0 -1 78 78 156 78
R S -1 2 78 93 172 94
S I 1 -6 93 109 93 0
I T 0 3 109 78 328 219
T Y 0 -1 78 78 109 31
Y Space -3 2 78 109 156 78
Space T 3 -1 109 93 640 531
T O 0 -4 93 78 109 16
O Space -3 5 78 109 156 78
Space A 2 3 109 93 125 16
A N -1 -5 93 78 124 31
N Y 2 0 78 78 172 94
Y Space -3 2 78 109 125 47
Space O 3 -5 109 78 265 156
O F -1 5 78 78 140 62
F Space -2 0 78 78 156 78
Space M 1 -3 78 94 562 484
M Y 2 1 94 94 218 124
Y Space -3 2 94 109 141 47
Space F 2 0 109 78 218 109
F R 1 0 78 94 156 78
R I 0 -4 94 78 141 47
I E 0 5 78 78 109 31
E N -2 -3 78 94 109 31
N D 1 3 94 94 109 15
D S 0 1 94 78 172 78
S Space -2 -2 78 94 109 31
Space P 3 -6 94 93 1966 1872
P L -1 1 93 78 187 94
L A 0 8 78 78 593 515
A N -1 -5 78 93 733 655
N N 0 0 93 62 187 94
N I 2 -2 62 94 187 125
I N -2 2 94 109 234 140
N G 1 1 109 78 172 63
G Space -2 1 78 93 125 47
Space O 3 -5 93 78 234 141
O N -2 3 78 94 171 93
N Space -1 2 94 109 94 0
Space P 3 -6 109 93 624 515
P U 0 3 93 93 624 531
U R 0 3 93 93 234 141
R S -1 2 93 93 437 344
S U 1 -5 93 78 156 63
U I 0 -1 78 94 140 62
I N -2 2 94 93 203 109
N G 1 1 93 94 249 156
G Space -2 1 94 78 125 31
Space A 2 3 78 78 2028 1950
A Space -2 -3 78 78 125 47
Space M 1 -3 78 109 156 78
M A 1 6 109 47 125 16
A S 0 -1 47 78 125 78
S T 1 -3 78 94 124 46
T E 0 2 94 47 78 -16
E R 0 -1 47 78 110 63
R Oem7 -1 -7 78 47 686 608
Oem7 S 0 9 47 78 78 31
S Space -2 -2 78 94 156 78
Space O 3 -5 94 93 1186 1092
O R 0 5 93 62 140 47
R Space -3 0 62 78 140 78
Space A 2 3 78 93 110 32
A Space -2 -3 93 78 156 63
Space LShiftKey 1 4 78 296 530 452
LShiftKey D 1 -3 296 109 203 -93
D O 1 -6 109 78 312 203
O C -2 6 78 78 374 296
C T 2 -2 78 94 281 203
T O 0 -4 94 78 250 156
O R 0 5 78 78 234 156
R A -1 3 78 78 187 109
A T 1 -4 78 94 93 15
T E 0 2 94 63 125 31
E Space -3 -1 63 78 109 46
Space P 3 -6 78 78 375 297
P R 0 6 78 78 156 78
R O 0 -5 78 94 187 109
O G -1 4 94 93 593 499
G R 1 1 93 78 187 94
R A -1 3 78 94 218 140
A M -1 -6 94 78 219 125
M OemPeriod 0 -2 78 62 312 234
OemPeriod Space -1 5 62 93 78 16
Space RShiftKey 1 -7 93 187 156 63
RShiftKey Return 1 -1 187 93 125 -62
Return RShiftKey -1 1 93 94 530 437
RShiftKey Return 1 -1 94 109 47 -47
Return Back 2 -1 109 109 998 889
Back Back 0 0 109 109 172 63
Back LShiftKey -3 13 109 359 30170 30061
LShiftKey I 2 -8 359 109 188 -171
I N -2 2 109 156 218 109
N Space -1 2 156 125 140 -16
Space M 1 -3 125 109 250 125
M Y 2 1 109 93 203 94
Y Space -3 2 93 109 156 63
Space S 2 2 109 78 608 499
S A 0 1 78 62 16 -62
A P 1 -9 62 110 93 31
P Back 1 -3 110 78 1342 1232
Back Back 0 0 78 109 125 47
Back P -1 3 109 78 421 312
P A -1 9 78 78 515 437
A R 1 -3 78 78 187 109
R E 0 1 78 78 109 31
E Space -3 -1 78 94 125 47
Space T 3 -1 94 78 218 124
T I 0 -3 78 78 156 78
I N -2 2 78 94 250 172
N Back 3 -7 94 109 437 343
Back M -3 6 109 125 249 140
M E 2 4 125 78 110 -15
E Space -3 -1 78 63 124 46
Space LShiftKey 1 4 63 546 156 93
LShiftKey I 2 -8 546 94 468 -78
I Space -3 4 94 110 156 62
Space L 2 -5 110 93 297 187
L I 1 1 93 78 171 78
I K -1 0 78 125 125 47
K E 1 5 125 78 141 16
E Space -3 -1 78 94 124 46
Space T 3 -1 94 78 125 31
T O 0 -4 78 94 109 31
O Space -3 5 94 109 172 78
Space R 3 0 109 94 156 47
R E 0 1 94 110 140 46
E A -1 2 110 78 203 93
A D 0 -2 78 78 172 94
D Space -2 -1 78 93 125 47
Space LShiftKey 1 4 93 280 546 453
LShiftKey S 1 -2 280 125 202 -78
S C -1 -1 125 94 484 359
C I 2 -5 94 93 172 78
I M -2 1 93 93 1092 999
M Back 3 -6 93 93 702 609
Back E -1 10 93 62 1310 1217
E N -2 -3 62 78 109 47
N C 0 3 78 94 281 203
C E 2 0 94 78 125 31
E OemMinus 1 -8 78 78 327 249
OemMinus F -2 7 78 94 390 312
F I 1 -4 94 78 624 530
I C -2 5 78 47 156 78
C T 2 -2 47 78 219 172
T I 0 -3 78 62 109 31
I O 0 -1 62 78 125 63
O N -2 3 78 62 187 109
N Space -1 2 62 125 62 0
Space N 1 -2 125 94 905 780
N O 2 -3 94 94 203 109
O V -2 5 94 93 406 312
V E 2 1 93 94 124 31
E L -1 -6 94 78 219 125
L S 0 7 78 94 93 15
S OemPeriod -1 -7 94 62 874 780
OemPeriod Space -1 5 62 94 78 16
Space LShiftKey 1 4 94 374 2262 2168
LShiftKey I 2 -8 374 78 250 -124
I Space -3 4 78 94 202 124
Space A 2 3 94 93 110 16
A M -1 -6 93 94 452 359
M Space -1 3 94 109 125 31
Space A 2 3 109 93 281 172
A L 0 -8 93 78 187 94
L S 0 7 78 78 109 31
S O 1 -7 78 94 78 0
O Space -3 5 94 94 156 62
Space I 3 -4 94 78 187 93
I N -2 2 78 109 141 63
N T 2 1 109 78 265 156
T O 0 -4 78 94 93 15
O Space -3 5 94 94 172 78
Space M 1 -3 94 109 1451 1357
M U 2 0 109 93 437 328
U S -1 5 93 94 171 78
S I 1 -6 94 94 156 62
I C -2 5 94 78 109 15
C Space -1 -1 78 78 156 78
Space A 2 3 78 93 63 -15
A N -1 -5 93 78 140 47
N D 1 3 78 78 94 16
D Space -2 -1 78 78 125 47
Space L 2 -5 78 93 1357 1279
L I 1 1 93 93 156 63
I S -1 6 93 93 125 32
S T 1 -3 93 78 202 109
T E 0 2 78 78 110 32
E N -2 -3 78 109 499 421
N Space -1 2 109 109 156 47
Space O 3 -5 109 47 312 203
O Back 1 -4 47 141 561 514
Back T -1 8 141 78 562 421
T O 0 -4 78 94 187 109
O Space -3 5 94 109 172 78
Space LShiftKey 1 4 109 250 249 140
LShiftKey P 2 -10 250 78 156 -94
P O 0 1 78 63 156 78
O P 0 -1 63 78 281 218
P OemMinus 1 -1 78 78 328 250
OemMinus LShiftKey -3 11 78 328 218 140
LShiftKey P 2 -10 328 94 203 -125
P U 0 3 94 78 671 577
U N -2 1 78 93 234 156
N L 1 -3 93 78 327 234
L Back 2 -4 78 93 375 297
Back K -2 5 93 94 483 390
K Back 2 -5 94 110 390 296
Back Back 0 0 110 94 156 46
Back Back 0 0 94 78 141 47
Back Back 0 0 78 94 140 62
Back Back 0 0 94 94 156 62
Back Back 0 0 94 109 125 31
Back Back 0 0 109 78 156 47
Back Back 0 0 78 93 125 47
Back T -1 8 93 78 811 718
T H -1 -1 78 94 109 31
H E 1 3 94 78 109 15
E Space -3 -1 78 93 141 63
Space LShiftKey 1 4 93 249 312 219
LShiftKey P 2 -10 249 93 156 -93
P O 0 1 93 78 249 156
O P 0 -1 78 94 125 47
P OemMinus 1 -1 94 78 577 483
OemMinus P -1 1 78 46 734 656
P LShiftKey -2 10 46 328 46 0
LShiftKey U 2 -7 328 62 375 47
U N -2 1 62 78 187 125
N K 1 -2 78 109 468 390
K Space -2 4 109 124 172 63
Space G 2 -1 124 94 826 702
G E 1 2 94 78 203 109
E N -2 -3 78 94 468 390
N R 2 2 94 78 297 203
R E 0 1 78 94 140 62
E OemPeriod -2 -6 94 94 452 358
OemPeriod Space -1 5 94 94 94 0
Space RShiftKey 1 -7 94 203 156 62
RShiftKey Return 1 -1 203 94 156 -47
Return Back 2 -1 94 78 1841 1747
Back LShiftKey -3 13 78 2106 2714 2636
LShiftKey I 2 -8 2106 94 1997 -109
I Space -3 4 94 94 218 124
Space E 3 1 94 93 734 640
E N -2 -3 93 78 171 78
N J 1 -1 78 78 562 484
J O 1 -2 78 94 187 109
O Y 0 3 94 78 125 31
Y Space -3 2 78 94 140 62
Space C 1 1 94 93 1420 1326
C Y 2 -3 93 78 546 453
Y C -2 3 78 94 249 171
C L 1 -6 94 93 999 905
L I 1 1 93 78 171 78
I N -2 2 78 109 219 141
N G 1 1 109 78 187 78
G Space -2 1 78 94 109 31
Space Back 4 -9 94 78 421 327
Back Oemcomma -3 5 78 94 468 390
Oemcomma Space -1 4 94 125 156 62
Space W 3 2 125 62 15460 15335
W A -1 1 62 78 156 94
A L 0 -8 78 78 125 47
L K 0 1 78 78 156 78
K I 1 0 78 94 140 62
I N -2 2 94 109 203 109
N G 1 1 109 62 125 16
G Space -2 1 62 94 109 47
Space A 2 3 94 78 172 78
A N -1 -5 78 94 140 62
N D 1 3 94 78 109 15
D Space -2 -1 78 78 109 31
Space P 3 -6 78 78 1607 1529
P L -1 1 78 78 141 63
L A 0 8 78 63 93 15
A Y 1 -5 63 78 468 405
Y I 0 -2 78 78 250 172
I N -2 2 78 94 218 140
N G 1 1 94 78 203 109
G Space -2 1 78 62 125 47
Space C 1 1 62 78 452 390
C E 2 0 78 78 172 94
E R 0 -1 78 94 140 62
R T 0 -1 94 94 265 171
T A -1 4 94 93 110 16
A I 1 -7 93 78 171 78
I N -2 2 78 110 187 109
N Space -1 2 110 124 110 0
Space S 2 2 124 78 343 219
S P 1 -8 78 78 156 78
P O 0 1 78 94 171 93
O R 0 5 94 78 156 62
R T 0 -1 78 94 156 78
T S -1 3 94 78 188 94
S Space -2 -2 78 94 124 46
Space L 2 -5 94 78 203 109
L I 1 1 78 78 141 63
I K -1 0 78 125 140 62
K E 1 5 125 78 94 -31
E Space -3 -1 78 94 140 62
Space V 1 0 94 94 9734 9640
V I 2 -4 94 78 203 109
I Back 1 -5 78 93 375 297
Back O -1 4 93 94 218 125
O L -1 0 94 63 187 93
L L 0 0 63 94 109 46
L E 1 6 94 78 156 62
E Y 0 -3 78 78 266 188
Y B -2 1 78 78 436 358
B A 1 4 78 93 110 32
A L 0 -8 93 62 234 141
L L 0 0 62 63 124 62
L Space -2 5 63 109 266 203
Space O 3 -5 109 78 702 593
O N -2 3 78 125 187 109
N Space -1 2 125 125 93 -32
Space A 2 3 125 78 157 32
A Space -2 -3 78 94 124 46
Space N 1 -2 94 94 515 421
N I 2 -2 94 94 203 109
I C -2 5 94 93 359 265
C E 2 0 93 78 156 63
E Space -3 -1 78 78 109 31
Space S 2 2 78 94 156 78
S U 1 -5 94 78 218 124
U N -2 1 78 78 328 250
N N 0 0 78 62 125 47
N Y 2 0 62 78 156 94
Y Space -3 2 78 93 156 78
Space D 2 1 93 94 327 234
D A 0 2 94 78 484 390
A Y 1 -5 78 93 125 47
Y OemPeriod -2 -3 93 62 421 328
OemPeriod Space -1 5 62 78 78 16
Space RShiftKey 1 -7 78 203 109 31
RShiftKey Return 1 -1 203 78 16 -187
Return Return 0 0 78 124 125 47
Return Back 2 -1 124 94 608 484
Back Back 0 0 94 78 125 31
Back LShiftKey -3 13 78 468 1872 1794
LShiftKey H 1 -6 468 78 405 -63
H E 1 3 78 78 203 125
E R 0 -1 78 78 156 78
R E 0 1 78 62 125 47
E Space -3 -1 62 109 109 47
Space I 3 -4 109 62 219 110
I N -2 2 62 141 171 109
N Space -1 2 141 94 156 15
Space LShiftKey 1 4 94 187 125 31
LShiftKey B 0 -5 187 78 125 -62
B U 2 -2 78 93 234 156
U F -1 3 93 94 218 125
F F 0 0 94 78 156 62
F A 0 3 78 94 187 109
A L 0 -8 94 62 141 47
L O 1 0 62 94 109 47
O Oemcomma -2 1 94 94 343 249
Oemcomma Space -1 4 94 93 141 47
Space LShiftKey 1 4 93 250 140 47
LShiftKey I 2 -8 250 94 156 -94
I Space -3 4 94 109 172 78
Space H 2 -2 109 78 390 281
H A 0 5 78 78 140 62
A V -1 -3 78 110 140 62
V E 2 1 110 63 156 46
E Space -3 -1 63 78 125 62
Space V 1 0 78 78 1155 1077
V I 2 -4 78 78 327 249
I I 0 0 78 78 265 187
I T 0 3 78 78 125 47
T E 0 2 78 78 187 109
E D -1 0 78 78 141 63
D Space -2 -1 78 78 125 47
Space Back 4 -9 78 234 468 390
Back Back 0 0 234 109 265 31
Back Back 0 0 109 109 125 16
Back Back 0 0 109 94 140 31
Back Back 0 0 94 109 109 15
Back Back 0 0 109 94 359 250
Back I -1 5 94 78 967 873
I S -1 6 78 78 94 16
S I 1 -6 78 78 593 515
I T 0 3 78 78 374 296
T E 0 2 78 78 109 31
E D -1 0 78 78 156 78
D Space -2 -1 78 78 94 16
Space A 2 3 78 78 109 31
A Space -2 -3 78 78 109 31
Space LShiftKey 1 4 78 530 359 281
LShiftKey B 0 -5 530 78 156 -374
B B 0 0 78 47 156 78
B LShiftKey 0 5 47 219 686 639
LShiftKey Q 2 -1 219 94 156 -63
Q Back 1 -12 94 234 687 593
Back Back 0 0 234 78 296 62
Back Back 0 0 78 78 125 47
Back Back 0 0 78 78 125 47
Back N -3 7 78 94 733 655
N Space -1 2 94 94 140 46
Space O 3 -5 94 110 234 140
O U 0 2 110 93 188 78
U T 0 2 93 78 156 63
T D -1 2 78 94 358 280
D O 1 -6 94 78 156 62
O O 0 0 78 94 125 47
O R 0 5 94 78 125 31
R Space -3 0 78 94 140 62
Space B 1 -1 94 63 359 265
B A 1 4 63 78 94 31
A R 1 -3 78 78 249 171
R B -2 -1 78 62 531 453
B E 2 2 62 47 312 250
E Q 0 2 47 93 359 312
Q U 0 -6 93 78 187 94
U E 0 4 78 78 156 78
E Space -3 -1 78 78 125 47
Space S 2 2 78 78 670 592
S E 1 -1 78 78 234 156
E S -1 1 78 46 266 188
S S 0 0 46 78 93 47
S I 1 -6 78 78 156 78
I O 0 -1 78 62 141 63
O N -2 3 62 109 171 109
N Space -1 2 109 110 109 0
Space A 2 3 110 78 141 31
A N -1 -5 78 94 109 31
N D 1 3 94 78 94 0
D Space -2 -1 78 62 109 31
Space A 2 3 62 78 171 109
A Space -2 -3 78 78 94 16
Space C 1 1 78 94 1279 1201
C O 2 -6 94 78 141 47
O U 0 2 78 78 218 140
U P 0 -3 78 93 203 125
P L -1 1 93 93 780 687
L E 1 6 93 78 93 0
E Space -3 -1 78 94 125 47
Space O 3 -5 94 78 811 717
O F -1 5 78 78 453 375
F Space -2 0 78 78 109 31
Space E 3 1 78 94 889 811
E V -2 -1 94 78 219 125
V E 2 1 78 78 93 15
E N -2 -3 78 78 406 328
N T 2 1 78 94 218 140
T S -1 3 94 78 94 0
S Space -2 -2 78 78 140 62
Space D 2 1 78 78 203 125
D O 1 -6 78 78 125 47
O W 0 7 78 94 483 405
W N -2 -4 94 94 125 31
N T 2 1 94 78 141 47
T O 0 -4 78 78 171 93
O W 0 7 78 93 250 172
W N -2 -4 93 109 109 16
N Space -1 2 109 109 125 16
Space Back 4 -9 109 109 1451 1342
Back Space -4 9 109 109 2823 2714
Space W 3 2 109 78 141 32
W H -1 -4 78 78 171 93
H C -1 3 78 109 593 515
C H 1 -3 109 78 250 141
H Space -2 2 78 109 156 78
Space W 3 2 109 94 124 15
W E 0 -1 94 78 188 94
E R 0 -1 78 62 156 78
R E 0 1 62 94 140 78
E Space -3 -1 94 78 125 31
Space Q 3 3 78 46 281 203
Q U 0 -6 46 78 78 32
U I 0 -1 78 109 171 93
I T 0 3 109 78 94 -15
T E 0 2 78 94 171 93
E Space -3 -1 94 94 125 31
Space F 2 0 94 78 297 203
F U 1 -3 78 78 140 62
U N -2 1 78 62 250 172
N OemPeriod 0 -3 62 94 452 390
OemPeriod Space -1 5 94 94 109 15
Space RShiftKey 1 -7 94 234 109 15
RShiftKey Return 1 -1 234 125 172 -62
Return RShiftKey -1 1 125 78 140 15
RShiftKey Return 1 -1 78 110 0 -78
Return LShiftKey -1 12 110 483 7629 7519
LShiftKey I 2 -8 483 109 359 -124
I Space -3 4 109 110 202 93
Space F 2 0 110 78 156 46
F E 1 1 78 63 203 125
E E 0 0 63 78 109 46
E L -1 -6 78 109 110 32
L Space -2 5 109 78 171 62
Space LShiftKey 1 4 78 406 187 109
LShiftKey B 0 -5 406 78 328 -78
B U 2 -2 78 109 250 172
U F -1 3 109 94 280 171
F F 0 0 94 93 141 47
F A 0 3 93 94 218 125
A L 0 -8 94 62 141 47
L O 1 0 62 94 93 31
O Space -3 5 94 93 219 125
Space H 2 -2 93 78 265 172
H A 0 5 78 78 125 47
A S 0 -1 78 78 218 140
S Space -2 -2 78 78 125 47
Space T 3 -1 78 78 156 78
T H -1 -1 78 78 93 15
H E 1 3 78 78 110 32
E Space -3 -1 78 78 124 46
Space P 3 -6 78 78 344 266
P E 0 7 78 78 93 15
E R 0 -1 78 78 172 94
R F -1 0 78 78 234 156
F E 1 1 78 78 171 93
E C -2 0 78 62 188 110
C T 2 -2 62 78 78 16
T Space -3 1 78 109 140 62
Space B 1 -1 109 78 1279 1170
B A 1 4 78 78 94 16
A L 0 -8 78 62 281 203
L A 0 8 62 78 93 31
A N -1 -5 78 78 406 328
N C 0 3 78 78 187 109
C E 2 0 78 94 140 62
E Space -3 -1 94 78 141 47
Space O 3 -5 78 63 296 218
O F -1 5 63 78 219 156
F Space -2 0 78 78 124 46
Space I 3 -4 78 62 219 141
I N -2 2 62 94 140 78
N D 1 3 94 93 250 156
D O 1 -6 93 62 109 16
O O 0 0 62 78 125 63
O R 0 5 78 78 93 15
R Space -3 0 78 78 141 63
Space A 2 3 78 94 93 15
A N -1 -5 94 78 125 31
N D 1 3 78 93 63 -15
D Space -2 -1 93 78 124 31
Space O 3 -5 78 94 281 203
O U 0 2 94 94 187 93
U T 0 2 94 94 156 62
T D -1 2 94 93 500 406
D O 1 -6 93 63 124 31
O O 0 0 63 93 110 47
O R 0 5 93 63 124 31
R Space -3 0 63 94 125 62
Space A 2 3 94 109 1545 1451
A C -1 -2 109 94 202 93
C T 2 -2 94 78 234 140
T I 0 -3 78 94 234 156
I V -2 4 94 94 390 296
V I 2 -4 94 78 141 47
I T 0 3 78 78 203 125
T I 0 -3 78 94 124 46
I E 0 5 94 78 110 16
E S -1 1 78 78 140 62
S Oemcomma -1 -6 78 78 437 359
Oemcomma Back 3 -5 78 93 359 281
Back OemPeriod -3 4 93 78 218 125
OemPeriod Space -1 5 78 94 78 0
Space LShiftKey 1 4 94 390 437 343
LShiftKey Back 3 -13 390 47 577 187
Back Back 0 0 47 93 94 47
Back Oemcomma -3 5 93 109 218 125
Oemcomma Space -1 4 109 93 172 63
Space S 2 2 93 93 234 141
S P 1 -8 93 94 140 47
P E 0 7 94 94 265 171
E C -2 0 94 78 219 125
C A 1 2 78 78 171 93
A I 1 -7 78 78 187 109
I L -1 -1 78 47 219 141
L L 0 0 47 94 93 46
L A 0 8 94 94 468 374
A Y 1 -5 94 93 141 47
Y Space -3 2 93 93 156 63
Space O 3 -5 93 63 1466 1373
O N -2 3 63 109 219 156
N Space -1 2 109 110 124 15
Space C 1 1 110 93 609 499
C A 1 2 93 110 171 78
A M -1 -6 110 78 125 15
M P 2 -3 78 78 234 156
P U 0 3 78 94 187 109
U S -1 5 94 78 125 31
S OemPeriod -1 -7 78 78 343 265
OemPeriod Space -1 5 78 94 94 16
Space Return 2 -8 94 93 484 390
Return RShiftKey -1 1 93 172 15 -78
RShiftKey Return 1 -1 172 94 125 -47
Return LShiftKey -1 12 94 296 234 140
LShiftKey A 1 -1 296 141 218 -78
A L 0 -8 141 78 156 15
L L 0 0 78 94 125 47
L Space -2 5 94 109 156 62
Space T 3 -1 109 63 109 0
T Y 0 -1 63 47 94 31
Y H -1 0 47 78 16 -31
H E 1 3 78 78 78 0
E Space -3 -1 78 93 109 31
Space D 2 1 93 93 156 63
D I 1 -5 93 94 140 47
I F -1 4 94 94 187 93
F F 0 0 94 47 203 109
F E 1 1 47 63 234 187
E R 0 -1 63 62 141 78
R E 0 1 62 63 124 62
E N -2 -3 63 94 94 31
N T 2 1 94 78 109 15
T Space -3 1 78 78 94 16
Space C 1 1 78 93 983 905
C L 1 -6 93 94 436 343
L A 0 8 94 78 125 31
A U 1 -6 78 93 172 94
U Back 1 -6 93 202 1217 1124
Back Back 0 0 202 110 436 234
Back U -1 6 110 94 468 358
U B -2 2 94 78 297 203
B S 1 3 78 78 93 15
S Space -2 -2 78 62 141 63
Space A 2 3 62 78 78 16
A N -1 -5 78 93 437 359
N D 1 3 93 78 109 16
D Space -2 -1 78 78 234 156
Space A 2 3 78 78 140 62
A S 0 -1 78 62 172 94
S S 0 0 62 78 109 47
S O 1 -7 78 94 390 312
O C -2 6 94 78 109 15
C A 1 2 78 78 172 94
A I 1 -7 78 109 109 31
I Back 1 -5 109 78 1856 1747
Back Back 0 0 78 78 141 63
Back I -1 5 78 78 296 218
I A -1 7 78 94 125 47
A T 1 -4 94 78 515 421
T I 0 -3 78 63 327 249
I O 0 -1 63 93 110 47
O N -2 3 93 94 202 109
N Space -1 2 94 125 78 -16
Space H 2 -2 125 78 219 94
H A 0 5 78 93 125 47
A V -1 -3 93 78 171 78
V E 2 1 78 93 94 16
E Space -3 -1 93 94 109 16
Space A 2 3 94 78 109 15
A L 0 -8 78 93 141 63
L W 1 7 93 94 717 624
W A -1 1 94 78 172 78
A Y 1 -5 78 78 296 218
Y S -1 4 78 78 109 31
S Space -2 -2 78 62 141 63
Space M 1 -3 62 78 468 406
M A 1 6 78 93 78 0
A D 0 -2 93 78 171 78
D E 1 0 78 78 156 78
E Space -3 -1 78 78 110 32
Space S 2 2 78 93 109 31
S U 1 -5 93 78 125 32
U R 0 3 78 78 124 46
R E 0 1 78 109 125 47
E Space -3 -1 109 78 109 0
Space T 3 -1 78 78 890 812
T H -1 -1 78 78 109 31
H E 1 3 78 93 125 47
E Back 1 -10 93 63 514 421
Back A -2 12 63 94 78 15
A T 1 -4 94 78 624 530
T Space -3 1 78 93 141 63
Space V 1 0 93 63 327 234
V A 1 3 63 63 78 15
A R 1 -3 63 78 219 156
R U 0 -3 78 47 140 62
U I 0 -1 47 47 0 -47
I Back 1 -5 47 94 1014 967
Back Back 0 0 94 62 141 47
Back I -1 5 62 62 1981 1919
I O 0 -1 62 94 140 78
O U 0 2 94 93 172 78
U S -1 5 93 78 156 63
S Space -2 -2 78 78 140 62
Space E 3 1 78 93 718 640
E V -2 -1 93 62 203 110
V E 2 1 62 93 156 94
E N -2 -3 93 94 140 47
N T 2 1 94 78 796 702
T S -1 3 78 94 93 15
S Space -2 -2 94 94 156 62
Space A 2 3 94 94 468 374
A R 1 -3 94 94 125 31
R E 0 1 94 78 140 46
E Space -3 -1 78 78 125 47
Space O 3 -5 78 78 281 203
O R 0 5 78 78 172 94
R G -1 -1 78 78 249 171
G A 0 4 78 78 125 47
A N -1 -5 78 93 484 406
N I 2 -2 93 94 202 109
I Z -2 7 94 78 406 312
Z E 2 -2 78 78 187 109
E D -1 0 78 78 156 78
D Space -2 -1 78 94 109 31
Space T 3 -1 94 78 125 31
T O 0 -4 78 94 125 47
O Space -3 5 94 94 187 93
Space K 2 -4 94 93 484 390
K E 1 5 93 94 249 156
E E 0 0 94 78 156 62
E P 0 -7 78 94 125 47
P Space -3 6 94 94 187 93
Space T 3 -1 94 78 188 94
T H -1 -1 78 78 109 31
H A 0 5 78 94 109 31
A T 1 -4 94 78 140 46
T Space -3 1 78 109 125 47
Space B 1 -1 109 78 1560 1451
B A 1 4 78 78 109 31
A L 0 -8 78 78 266 188
L A 0 8 78 78 124 46
A N -1 -5 78 78 422 344
N C 0 3 78 78 296 218
C E 2 0 78 78 359 281
E Space -3 -1 78 78 140 62
Space W 3 2 78 78 94 16
W E 0 -1 78 94 140 62
E L -1 -6 94 46 531 437
L L 0 0 46 109 93 47
L Space -2 5 109 94 156 47
Space M 1 -3 94 110 109 15
M A 1 6 110 94 125 15
A I 1 -7 94 78 94 0
I N -2 2 78 109 125 47
N T 2 1 109 78 187 78
T A -1 4 78 93 203 125
A I 1 -7 93 78 93 0
I N -2 2 78 109 141 63
N E 2 3 109 78 124 15
E D -1 0 78 110 156 78
D Oemcomma -1 -5 110 78 172 62
Oemcomma OemPeriod 0 -1 78 62 16 -62
OemPeriod Space -1 5 62 78 109 47
Space RShiftKey 1 -7 78 234 94 16
RShiftKey Return 1 -1 234 78 46 -188
Return Return 0 0 78 109 110 32
Return Back 2 -1 109 78 1045 936
Back Back 0 0 78 94 140 62
Back Back 0 0 94 124 141 47
Back Back 0 0 124 63 873 749
Back Back 0 0 63 110 109 46
Back OemPeriod -3 4 110 93 297 187
OemPeriod RShiftKey 0 -2 93 141 140 47
RShiftKey Return 1 -1 141 109 94 -47
Return Return 0 0 109 62 156 47
Return RShiftKey -1 1 62 140 5429 5367
RShiftKey Return 1 -1 140 140 78 -62
Return LShiftKey -1 12 140 312 202 62
LShiftKey Back 3 -13 312 78 1124 812
Back Back 0 0 78 78 717 639
Back Back 0 0 78 78 468 390
Back Space -4 9 78 110 967 889
Space LShiftKey 1 4 110 250 156 46
LShiftKey T 2 -5 250 78 188 -62
T H -1 -1 78 93 265 187
H E 1 3 93 78 125 32
E Space -3 -1 78 78 124 46
Space O 3 -5 78 62 250 172
O N -2 3 62 78 187 125
N L 1 -3 78 94 203 125
L Y 1 3 94 78 218 124
Y Space -3 2 78 94 125 47
Space T 3 -1 94 78 156 62
T H -1 -1 78 78 109 31
H I 1 -2 78 94 156 78
I N -2 2 94 94 172 78
N G 1 1 94 63 140 46
G Space -2 1 63 78 110 47
Space LShiftKey 1 4 78 203 998 920
LShiftKey I 2 -8 203 78 156 -47
I Space -3 4 78 78 172 94
Space C 1 1 78 78 124 46
C O 2 -6 78 94 156 78
O U 0 2 94 62 188 94
U L -1 -2 62 109 156 94
L D 0 6 109 78 93 -16
D Space -2 -1 78 78 141 63
Space S 2 2 78 78 109 31
S U 1 -5 78 94 93 15
U G -1 2 94 62 297 203
G G 0 0 62 78 109 47
G E 1 2 78 62 94 16
E S -1 1 62 78 156 94
S T 1 -3 78 78 78 0
T Space -3 1 78 78 187 109
Space W 3 2 78 78 468 390
W A -1 1 78 62 156 78
A S 0 -1 62 63 140 78
S Space -2 -2 63 94 78 15
Space LShiftKey 1 4 94 359 48173 48079
LShiftKey I 2 -8 359 110 218 -141
I Space -3 4 110 109 219 109
Space W 3 2 109 78 265 156
W O 0 -7 78 109 109 31
O U 0 2 109 63 234 125
U L -1 -2 63 109 172 109
L D 0 6 109 78 140 31
D Space -2 -1 78 94 125 47
Space S 2 2 94 78 125 31
S U 1 -5 78 78 125 47
U G -1 2 78 78 358 280
G G 0 0 78 62 141 63
G E 1 2 62 78 62 0
E S -1 1 78 93 141 63
S T 1 -3 93 94 62 -31
T Space -3 1 94 94 156 62
Space M 1 -3 94 94 390 296
M O 2 -2 94 109 156 62
O R 0 5 109 78 140 31
R E 0 1 78 78 125 47
E Space -3 -1 78 109 78 0
Space I 3 -4 109 94 156 47
I N -2 2 94 109 156 62
N D 1 3 109 78 172 63
D O 1 -6 78 62 109 31
O O 0 0 62 94 109 47
O R 0 5 94 78 125 31
R Space -3 0 78 93 125 47
Space S 2 2 93 78 1295 1202
S T 1 -3 78 94 140 62
T A -1 4 94 78 78 -16
A D 0 -2 78 94 577 499
D I 1 -5 94 94 125 31
I U 0 1 94 94 187 93
U M -2 0 94 94 234 140
M S 1 5 94 78 125 31
S Space -2 -2 78 78 125 47
Space T 3 -1 78 62 156 78
T O 0 -4 62 93 78 16
O Space -3 5 93 109 187 94
Space C 1 1 109 78 468 359
C O 2 -6 78 78 140 62
O N -2 3 78 78 234 156
N T 2 1 78 94 749 671
T Y 0 -1 94 78 172 78
Y Back 1 -7 78 94 483 405
Back I -1 5 94 93 812 718
I N -2 2 93 93 187 94
N U 2 -1 93 93 203 110
U E 0 4 93 78 234 141
E Space -3 -1 78 62 109 31
Space H 2 -2 62 78 296 234
H A 0 5 78 78 94 16
A V -1 -3 78 78 218 140
V I 2 -4 78 62 297 219
I N -2 2 62 109 187 125
N F 1 2 109 78 125 16
F Space -2 0 78 93 109 31
Space E 3 1 93 78 125 32
E V -2 -1 78 94 280 202
V E 2 1 94 78 110 16
E N -2 -3 78 109 171 93
N T 2 1 109 78 250 141
T S -1 3 78 78 93 15
S Space -2 -2 78 93 110 32
Space E 3 1 93 94 904 811
E V -2 -1 94 78 375 281
V E 2 1 78 78 125 47
E N -2 -3 78 109 234 156
N Space -1 2 109 109 140 31
Space I 3 -4 109 78 234 125
I N -2 2 78 109 203 125
N Space -1 2 109 125 93 -16
Space T 3 -1 125 78 562 437
T H -1 -1 78 94 109 31
H E 1 3 94 63 109 15
E Space -3 -1 63 93 110 47
Space W 3 2 93 94 124 31
W I 0 -6 94 78 172 78
I N -2 2 78 109 156 78
N T 2 1 109 78 218 109
T E 0 2 78 62 188 110
E R 0 -1 62 94 124 62
R OemPeriod -2 -5 94 78 188 94
OemPeriod Space -1 5 78 93 78 0
Space RShiftKey 1 -7 93 156 109 16
RShiftKey Return 1 -1 156 78 0 -156
Return Return 0 0 78 94 109 31
Return LShiftKey -1 12 94 561 33010 32916
LShiftKey T 2 -5 561 93 156 -405
T H -1 -1 93 94 530 437
H E 1 3 94 78 141 47
E Space -3 -1 78 62 140 62
Space P 3 -6 62 109 593 531
P I 0 2 109 94 218 109
I C -2 5 94 78 765 671
C T 2 -2 78 78 234 156
T U 0 -2 78 93 187 109
U R 0 3 93 93 125 32
R E 0 1 93 78 171 78
E Space -3 -1 78 78 109 31
Space A 2 3 78 78 125 47
A B -1 -4 78 63 312 234
B O 2 -4 63 109 250 187
O V -2 5 109 110 327 218
V E 2 1 110 78 110 0
E Space -3 -1 78 94 140 62
Space L 2 -5 94 78 234 140
L O 1 0 78 78 156 78
O O 0 0 78 62 125 47
O K -1 1 62 109 374 312
K S 0 6 109 78 156 47
S Space -2 -2 78 78 94 16
Space L 2 -5 78 78 140 62
L I 1 1 78 78 156 78
I K -1 0 78 125 125 47
K E 1 5 125 78 94 -31
E Space -3 -1 78 94 124 46
Space A 2 3 94 78 94 0
A Space -2 -3 78 78 109 31
Space LShiftKey 1 4 78 436 297 219
LShiftKey W 2 -2 436 109 374 -62
W E 0 -1 109 78 234 125
E E 0 0 78 78 608 530
E K -1 -5 78 93 110 32
K E 1 5 93 62 140 47
E N -2 -3 62 78 889 827
N D 1 3 78 78 94 16
D Space -2 -1 78 62 125 47
Space H 2 -2 62 78 358 296
H O 1 -3 78 62 219 141
O L -1 0 62 94 1341 1279
L I 1 1 94 94 172 78
I D -1 5 94 78 187 93
D A 0 2 78 93 172 94
A Y 1 -5 93 94 140 47
Y Space -3 2 94 78 187 93
Space O 3 -5 78 78 266 188
O N -2 3 78 110 202 124
N Space -1 2 110 141 78 -32
Space T 3 -1 141 78 188 47
T H -1 -1 78 78 93 15
H E 1 3 78 78 94 16
E Space -3 -1 78 78 109 31
Space C 1 1 78 63 265 187
C A 1 2 63 109 156 93
A N -1 -5 109 62 172 63
N A 1 5 62 63 218 156
A L 0 -8 63 109 125 62
L Space -2 5 109 94 187 78
Space S 2 2 94 94 187 93
S I 1 -6 94 78 156 62
I D -1 5 78 62 94 16
D E 1 0 62 93 125 63
E Space -3 -1 93 78 125 32
Space Oemcomma 1 -4 78 94 951 873
Oemcomma Space -1 4 94 94 125 31
Space N 1 -2 94 94 421 327
N E 2 3 94 63 109 15
E A -1 2 63 93 141 78
A R 1 -3 93 62 203 110
R Space -3 0 62 93 78 16
Space D 2 1 93 78 873 780
D O 1 -6 78 94 156 78
O W 0 7 94 94 47 -47
W N -2 -4 94 94 764 670
N T 2 1 94 93 110 16
T O 0 -4 93 78 124 31
O E 0 6 78 62 500 422
E Back 1 -10 62 94 358 296
Back W -1 11 94 78 94 0
W N -2 -4 78 109 125 47
N Space -1 2 109 93 125 16
Space B 1 -1 93 94 1029 936
B U 2 -2 94 78 187 93
U F -1 3 78 78 203 125
F F 0 0 78 78 141 63
F A 0 3 78 109 171 93
A L 0 -8 109 63 156 47
L O 1 0 63 78 125 62
O OemPeriod -2 0 78 78 281 203
OemPeriod Space -1 5 78 109 78 0
Space RShiftKey 1 -7 109 202 125 16
RShiftKey Return 1 -1 202 63 15 -187
Return Return 0 0 63 141 109 46
Return LShiftKey -1 12 141 328 624 483
LShiftKey I 2 -8 328 78 250 -78
I T 0 3 78 93 328 250
T Space -3 1 93 94 171 78
Space A 2 3 94 93 94 0
A P 1 -9 93 78 171 78
P P 0 0 78 94 125 47
P E 0 7 94 93 297 203
E A -1 2 93 93 234 141
A R 1 -3 93 78 202 109
R S -1 2 78 78 172 94
S Space -2 -2 78 93 172 94
Space T 3 -1 93 63 202 109
T H -1 -1 63 94 94 31
H A 0 5 94 78 140 46
A T 1 -4 78 94 94 16
T Space -3 1 94 110 140 46
Space C 1 1 110 78 2091 1981
C E 2 0 78 78 156 78
E R 0 -1 78 78 156 78
R T 0 -1 78 93 234 156
T A -1 4 93 94 109 16
A I 1 -7 94 93 203 109
I N -2 2 93 109 203 110
N Space -1 2 109 109 93 -16
Space P 3 -6 109 94 359 250
P E 0 7 94 78 125 31
E O 0 -6 78 62 125 47
O P 0 -1 62 78 124 62
P L -1 1 78 109 141 63
L E 1 6 109 63 171 62
E Space -3 -1 63 78 125 62
Space A 2 3 78 62 2278 2200
A R 1 -3 62 78 78 16
R E 0 1 78 78 125 47
E Space -3 -1 78 78 109 31
Space E 3 1 78 78 296 218
E N -2 -3 78 78 250 172
N J 1 -1 78 93 203 125
J P 1 -3 93 94 202 109
P Y 0 4 94 63 281 187
Y I 0 -2 63 78 109 46
I N -2 2 78 78 219 141
N T 2 1 78 78 281 203
T G -1 0 78 78 15 -63
G Space -2 1 78 94 109 31
Space Space 0 0 94 62 9688 9594
Space A 2 3 62 62 281 219
A Space -2 -3 62 78 109 47
Space N 1 -2 78 94 390 312
N I 2 -2 94 109 172 78
I C -2 5 109 62 234 125
C E 2 0 62 78 156 94
E Space -3 -1 78 62 156 78
Space D 2 1 62 62 265 203
D I 1 -5 62 94 171 109
I P 0 -2 94 110 156 62
P Space -3 6 110 109 281 171
Space I 3 -4 109 93 219 110
I N -2 2 93 125 171 78
N Space -1 2 125 125 125 0
Space T 3 -1 125 78 172 47
T H -1 -1 78 109 78 0
H E 1 3 109 94 140 31
E Space -3 -1 94 93 125 31
Space S 2 2 93 78 577 484
S E 1 -1 78 62 172 94
E Back 1 -10 62 94 405 343
Back W -1 11 94 78 1404 1310
W I 0 -6 78 63 265 187
I I 0 0 63 63 156 93
I Back 1 -5 63 78 609 546
Back M -3 6 78 78 249 171
M M 0 0 78 94 125 47
M I 2 -1 94 78 156 62
I N -2 2 78 109 156 78
N G 1 1 109 78 141 32
G Space -2 1 78 78 109 31
Space P 3 -6 78 94 218 140
P O 0 1 94 78 328 234
O O 0 0 78 62 125 47
O L -1 0 62 109 156 94
L Space -2 5 109 78 218 109
Space Oemcomma 1 -4 78 93 172 94
Oemcomma Space -1 4 93 109 140 47
Space W 3 2 109 78 312 203
W H -1 -4 78 78 187 109
H I 1 -2 78 94 265 187
I L -1 -1 94 109 172 78
L E 1 6 109 78 140 31
E Space -3 -1 78 78 125 47
Space O 3 -5 78 94 2808 2730
O T 0 4 94 93 531 437
T H -1 -1 93 78 109 16
H E 1 3 78 78 140 62
E R 0 -1 78 78 141 63
R S -1 2 78 78 171 93
S Space -2 -2 78 78 141 63
Space J 2 -3 78 46 546 468
J U 1 0 46 78 109 63
U S -1 5 78 78 125 47
S T 1 -3 78 78 140 62
T Space -3 1 78 93 125 47
Space M 1 -3 93 94 343 250
M I 2 -1 94 78 156 62
I N -2 2 78 109 156 78
N G 1 1 109 78 390 281
G L 0 -4 78 94 109 31
L E 1 6 94 94 187 93
E Space -3 -1 94 78 141 47
Space N 1 -2 78 94 171 93
N E 2 3 94 78 110 16
E A -1 2 78 94 202 124
A R 1 -3 94 78 234 140
R B -2 -1 78 94 874 796
B Y 2 -1 94 78 312 218
Y OemPeriod -2 -3 78 78 312 234
OemPeriod Space -1 5 78 125 62 -16
Space RShiftKey 1 -7 125 265 203 78
RShiftKey Return 1 -1 265 78 94 -171
Return Return 0 0 78 109 125 47
Return Back 2 -1 109 78 577 468
Back Back 0 0 78 94 109 31
Back LShiftKey -3 13 94 687 140 46
LShiftKey I 2 -8 687 78 593 -94
I Space -3 4 78 94 156 78
Space A 2 3 94 78 125 31
A L 0 -8 78 78 140 62
L K 0 1 78 63 0 -78
K S 0 6 63 78 110 47
S O 1 -7 78 93 78 0
O Space -3 5 93 94 171 78
Space H 2 -2 94 78 265 171
H A 0 5 78 93 110 32
A V -1 -3 93 93 234 141
V E 2 1 93 78 124 31
E Space -3 -1 78 78 125 47
Space N 1 -2 78 78 375 297
N O 2 -3 78 78 218 140
O T 0 4 78 63 421 343
T I 0 -3 63 78 172 109
I C -2 5 78 94 405 327
C E 2 0 94 62 188 94
E D -1 0 62 62 140 78
D Space -2 -1 62 78 94 32
Space Back 4 -9 78 125 3853 3775
Back Back 0 0 125 125 15319 15194
Back Back 0 0 125 124 1108 983
Back A -2 12 124 78 1950 1826
A Space -2 -3 78 78 140 62
Space F 2 0 78 78 109 31
F E 1 1 78 94 156 78
E W 0 1 94 93 141 47
W Space -3 -2 93 78 140 47
Space P 3 -6 78 93 827 749
P E 0 7 93 94 140 47
E O 0 -6 94 78 109 15
O P 0 -1 78 94 125 47
P L -1 1 94 78 156 62
L E 1 6 78 62 94 16
E Space -3 -1 62 93 125 63
Space O 3 -5 93 78 280 187
O U 0 2 78 94 281 203
U T 0 2 94 94 312 218
T Space -3 1 94 78 141 47
Space O 3 -5 78 94 249 171
O Back 1 -4 94 109 624 530
Back I -1 5 109 110 265 156
I N -2 2 110 94 234 124
N Space -1 2 94 125 78 -16
Space T 3 -1 125 63 203 78
T H -1 -1 63 93 63 0
H E 1 3 93 78 140 47
E Space -3 -1 78 93 125 47
Space S 2 2 93 78 187 94
S E 1 -1 78 78 156 78
E A -1 2 78 78 156 78
A Space -2 -3 78 78 125 47
Space O 3 -5 78 78 686 608
O N -2 3 78 94 203 125
N Space -1 2 94 109 78 -16
Space T 3 -1 109 78 156 47
T H -1 -1 78 94 109 31
H E 1 3 94 94 156 62
E R 0 -1 94 78 172 78
R I 0 -4 78 78 62 -16
I Space -3 4 78 78 187 109
Space B 1 -1 78 78 952 874
B O 2 -4 78 78 265 187
O A -1 8 78 94 109 31
A T 1 -4 94 78 250 156
T S -1 3 78 63 109 31
S Space -2 -2 63 94 109 46
Space L 2 -5 94 93 656 562
L O 1 0 93 78 171 78
O O 0 0 78 62 141 63
O K -1 1 62 93 156 94
K I 1 0 93 78 156 63
I N -2 2 78 109 187 109
N G 1 1 109 78 156 47
G Space -2 1 78 78 109 31
Space T 3 -1 78 62 172 94
T O 0 -4 62 93 78 16
O Space -3 5 93 109 156 63
Space V 1 0 109 94 218 109
V C 0 1 94 78 515 421
C Back 3 -10 78 78 468 390
Back Back 0 0 78 62 624 546
Back C -3 10 62 78 390 328
C A 1 2 78 78 203 125
A T 1 -4 78 62 234 156
T C -2 2 62 78 936 874
C Space -1 -1 78 94 296 218
Space Back 4 -9 94 109 390 296
Back H -2 7 109 109 328 219
H Space -2 2 109 78 249 140
Space S 2 2 78 93 250 172
S O 1 -7 93 78 437 344
O O 0 0 78 78 140 62
O Back 1 -4 78 94 733 655
Back M -3 6 94 78 234 140
M E 2 4 78 62 110 32
E Space -3 -1 62 78 124 62
Space F 2 0 78 62 718 640
F I 1 -4 62 78 109 47
I S -1 6 78 78 109 31
S H 0 -4 78 62 578 500
H J 0 -1 62 62 0 -62
J Back 2 -6 62 93 577 515
Back H -2 7 93 78 140 47
H OemPeriod -1 -3 78 62 125 47
OemPeriod Space -1 5 62 109 94 32
Space RShiftKey 1 -7 109 483 156 47
RShiftKey LShiftKey 0 11 483 359 3931 3448
LShiftKey T 2 -5 359 78 281 -78
T H -1 -1 78 78 202 124
H Y 1 0 78 47 0 -78
Y E 0 3 47 94 94 47
E R 0 -1 94 63 187 93
R E 0 1 63 94 109 46
E Back 1 -10 94 94 2184 2090
Back Back 0 0 94 93 141 47
Back Back 0 0 93 93 125 32
Back Back 0 0 93 94 436 343
Back E -1 10 94 78 281 187
E R 0 -1 78 78 156 78
R E 0 1 78 94 125 47
E Space -3 -1 94 109 109 15
Space A 2 3 109 78 141 32
A R 1 -3 78 78 109 31
R E 0 1 78 78 93 15
E Space -3 -1 78 94 125 47
Space A 2 3 94 94 125 31
A L 0 -8 94 78 125 31
L S 0 7 78 78 140 62
S O 1 -7 78 93 94 16
O Space -3 5 93 93 156 63
Space S 2 2 93 78 780 687
S O 1 -7 78 78 234 156
O M -2 2 78 62 187 109
M E 2 4 62 78 109 47
E Space -3 -1 78 78 141 63
Space K 2 -4 78 78 514 436
K A 0 7 78 94 94 16
A Y 1 -5 94 78 218 124
Y A -1 5 78 93 110 32
A K 0 -7 93 78 374 281
K O 1 -1 78 63 140 62
O Back 1 -4 63 109 484 421
Back I -1 5 109 94 234 125
I N -2 2 94 125 218 124
N G 1 1 125 78 827 702
G Space -2 1 78 94 109 31
Space A 2 3 94 78 141 47
A N -1 -5 78 94 109 31
N D 1 3 94 78 109 15
D Space -2 -1 78 94 109 31
Space C 1 1 94 78 156 62
C A 1 2 78 78 188 110
A N -1 -5 78 78 202 124
N O 2 -3 78 109 203 125
O E 0 6 109 94 343 234
E I 0 -5 94 94 156 62
I N -2 2 94 109 188 94
N G 1 1 109 62 156 47
G Space -2 1 62 93 109 47
Space T 3 -1 93 78 405 312
T E 0 2 78 94 203 125
E A -1 2 94 78 203 109
A M -1 -6 78 93 172 94
M S 1 5 93 78 109 16
S Space -2 -2 78 78 109 31
Space O 3 -5 78 125 296 218
O U 0 2 125 93 219 94
U T 0 2 93 78 187 94
T Space -3 1 78 78 109 31
Space T 3 -1 78 78 109 31
T H -1 -1 78 94 94 16
H E 1 3 94 78 109 15
E R 0 -1 78 62 141 63
R E 0 1 62 78 140 78
E Space -3 -1 78 78 109 31
Space P 3 -6 78 94 234 156
P R 0 6 94 78 187 93
R A -1 3 78 109 203 125
A C -1 -2 109 78 234 125
C T 2 -2 78 78 187 109
T I 0 -3 78 94 390 312
I C -2 5 94 78 328 234
C I 2 -5 78 62 484 406
I N -2 2 62 78 171 109
N G 1 1 78 78 141 63
G Space -2 1 78 63 124 46
Space O 3 -5 63 110 1326 1263
O R 0 5 110 78 156 46
R Space -3 0 78 94 125 47
Space P 3 -6 94 78 609 515
P A -1 9 78 94 124 46
A R 1 -3 94 78 281 187
R T 0 -1 78 62 203 125
T I 0 -3 62 78 156 94
I C -2 5 78 94 655 577
C I 2 -5 94 78 141 47
I P 0 -2 78 78 639 561
P A -1 9 78 93 94 16
A T 1 -4 93 78 296 203
T I 0 -3 78 78 203 125
I N -2 2 78 94 265 187
N G 1 1 94 94 125 31
G Space -2 1 94 94 109 15
Space I 3 -4 94 78 234 140
I N -2 2 78 125 187 109
N Space -1 2 125 93 141 16
Space S 2 2 93 78 249 156
S O 1 -7 78 109 125 47
O M -2 2 109 109 203 94
M E 2 4 109 93 125 16
E Space -3 -1 93 78 125 32
Space K 2 -4 78 109 842 764
K I 1 0 109 78 172 63
I N -2 2 78 124 156 78
N D 1 3 124 78 156 32
D Space -2 -1 78 94 93 15
Space O 3 -5 94 94 203 109
O F -1 5 94 78 312 218
F Space -2 0 78 93 125 47
Space T 3 -1 93 63 171 78
T H -1 -1 63 94 125 62
H E 1 3 94 94 109 15
E Back 1 -10 94 94 702 608
Back Back 0 0 94 94 125 31
Back Back 0 0 94 94 125 31
Back Space -4 9 94 94 998 904
Space A 2 3 94 78 328 234
A Space -2 -3 78 78 109 31
Space C 1 1 78 94 671 593
C O 2 -6 94 62 234 140
O M -2 2 62 93 172 110
M P 2 -3 93 109 218 125
P E 0 7 109 78 265 156
E T 0 -2 78 94 234 156
T I 0 -3 94 94 343 249
I T 0 3 94 78 156 62
T I 0 -3 78 78 110 32
I O 0 -1 78 94 124 46
O N -2 3 94 78 203 109
N OemPeriod 0 -3 78 78 312 234
OemPeriod Space -1 5 78 110 109 31
Space RShiftKey 1 -7 110 172 94 -16
RShiftKey Return 1 -1 172 109 94 -78
Return Back 2 -1 109 110 2308 2199
Back Back 0 0 110 94 1794 1684
Back LShiftKey -3 13 94 343 8237 8143
LShiftKey O 2 -9 343 125 203 -140
O U 0 2 125 94 218 93
U T 0 2 94 94 172 78
T Space -3 1 94 93 125 31
Space I 3 -4 93 94 187 94
I N -2 2 94 109 187 93
N Space -1 2 109 125 109 0
Space T 3 -1 125 78 141 16
T H -1 -1 78 78 93 15
H E 1 3 78 78 125 47
E Space -3 -1 78 110 109 31
Space D 2 1 110 78 110 0
D E 1 0 78 62 156 78
E E 0 0 62 78 109 47
E P 0 -7 78 94 171 93
P E 0 7 94 78 110 16
E R 0 -1 78 78 140 62
R Space -3 0 78 93 125 47
Space O 3 -5 93 78 343 250
O C -2 6 78 109 406 328
C E 2 0 109 94 218 109
E A -1 2 94 78 203 109
A N -1 -5 78 78 171 93
N Space -1 2 78 93 110 32
Space LShiftKey 1 4 93 156 156 63
LShiftKey I 2 -8 156 94 93 -63
I Space -3 4 94 109 156 62
Space S 2 2 109 78 125 16
S E 1 -1 78 63 187 109
E E 0 0 63 63 109 46
E Space -3 -1 63 94 94 31
Space A 2 3 94 78 125 31
A Space -2 -3 78 62 109 31
Space F 2 0 62 78 390 328
F E 1 1 78 78 187 109
E W 0 1 78 93 141 63
W Space -3 -2 93 78 124 31
Space LShiftKey 1 4 78 734 1092 1014
LShiftKey O 2 -9 734 94 593 -141
O I 0 1 94 62 172 78
I L -1 -1 62 93 156 94
L Space -2 5 93 94 171 78
Space T 3 -1 94 109 188 94
T A -1 4 109 78 312 203
A N -1 -5 78 78 124 46
N K 1 -2 78 78 250 172
K E 1 5 78 78 94 16
E R 0 -1 78 78 171 93
R S -1 2 78 78 172 94
S Space -2 -2 78 78 171 93
Space A 2 3 78 78 78 0
A N -1 -5 78 93 110 32
N D 1 3 93 78 93 0
D Space -2 -1 78 78 125 47
Space C 1 1 78 78 546 468
C R 2 -1 78 78 203 125
R U 0 -3 78 63 249 171
U I 0 -1 63 78 156 93
I S -1 6 78 93 141 63
S E 1 -1 93 78 171 78
E R 0 -1 78 78 141 63
R S -1 2 78 78 171 93
S Space -2 -2 78 78 141 63
Space O 3 -5 78 47 2449 2371
O N -2 3 47 94 343 296
N Space -1 2 94 93 141 47
Space A 2 3 93 78 140 47
A Space -2 -3 78 78 140 62
Space Back 4 -9 78 78 312 234
Back Back 0 0 78 78 125 47
Back T -1 8 78 78 827 749
T H -1 -1 78 93 94 16
H E 1 3 93 78 140 47
E I 0 -5 78 94 390 312
I R 0 4 94 62 125 31
R Space -3 0 62 78 125 63
Space V 1 0 78 78 858 780
V A 1 3 78 94 202 124
A Y 1 -5 94 78 609 515
Y O 0 -3 78 78 218 140
O G -1 4 78 78 406 328
G E 1 2 78 78 109 31
E OemPeriod -2 -6 78 94 374 296
OemPeriod Space -1 5 94 110 78 -16
Space RShiftKey 1 -7 110 187 125 15
RShiftKey Return 1 -1 187 78 16 -171
Return Return 0 0 78 109 109 31
Return G 0 7 109 109 54975 54866
G M -1 -2 109 93 234 125
M A 1 6 93 93 187 94
A I 1 -7 93 94 218 125
I L -1 -1 94 93 219 125
L OemPeriod -1 0 93 93 312 219
OemPeriod C 0 6 93 93 187 94
C O 2 -6 93 94 140 47
O M -2 2 94 93 141 47
M Return 1 -5 93 94 218 125
Return U 1 5 94 109 18283 18189
U B -2 2 109 94 468 359
B C 0 2 94 78 468 374
C O 2 -6 78 62 219 141
O L -1 0 62 203 140 78
L L 0 0 203 78 359 156
L Return 0 -3 78 78 2777 2699
Return U 1 5 78 93 2059 1981
U B -2 2 93 78 530 437
B C 0 2 78 78 343 265
C O 2 -6 78 63 203 125
O L -1 0 63 63 265 202
L L 0 0 63 93 110 47
L E 1 6 93 62 140 47
E C -2 0 62 78 172 110
C T 2 -2 78 94 218 140
T I 0 -3 94 62 234 140
I O 0 -1 62 78 125 63
O N -2 3 78 124 281 203
N D4 3 2 124 78 998 874
D4 LShiftKey -3 4 78 624 640 562
LShiftKey D2 3 -2 624 125 577 -47
D2 G -2 -3 125 93 624 499
G M -1 -2 93 93 390 297
M A 1 6 93 94 109 16
A I 1 -7 94 93 172 78
I L -1 -1 93 94 171 78
L OemPeriod -1 0 94 94 281 187
OemPeriod C 0 6 94 78 281 187
C O 2 -6 78 109 125 47
O M -2 2 109 78 140 31
M D 1 4 78 93 4576 4498
D A 0 2 93 94 218 125
A T 1 -4 94 94 156 62
T A -1 4 94 94 156 62
A C -1 -2 94 78 250 156
C O 2 -6 78 78 530 452
O L -1 0 78 62 250 172
L L 0 0 62 94 109 47
L E 1 6 94 94 109 15
E C -2 0 94 78 203 109
C T 2 -2 78 78 203 125
T I 0 -3 78 78 234 156
I O 0 -1 78 93 125 47
O N -2 3 93 94 202 109
N J 1 -1 94 83 32552 32458
J A 0 6 83 82 113 30
A Y 1 -5 82 83 327 245
Y N -2 0 83 85 273 190
N E 2 3 85 70 215 130
E E 0 0 70 75 140 70
E S -1 1 75 60 185 110
S H 0 -4 60 80 457 397
H OemPeriod -1 -3 80 70 475 395
OemPeriod Back 3 -4 70 105 828 758
Back RShiftKey -3 2 105 585 225 120
RShiftKey D2 3 9 585 80 440 -145
D2 B -3 -3 80 80 1295 1215
B U 2 -2 80 92 160 80
U F -1 3 92 70 460 368
F F 0 0 70 85 130 60
F A 0 3 85 92 115 30
A L 0 -8 92 85 272 180
L O 1 0 85 80 135 50
O OemPeriod -2 0 80 80 545 465
OemPeriod E 2 6 80 80 285 205
E D -1 0 80 75 160 80
D U 1 -4 75 80 160 85
U LShiftKey -2 7 80 424 2825 2745
LShiftKey P 2 -10 424 82 322 -102
P R 0 6 82 93 267 185
R O 0 -5 93 82 493 400
O J -1 2 82 93 692 610
J E 1 4 93 82 213 120
E C -2 0 82 72 215 133
C T 2 -2 72 83 102 30
T Space -3 1 83 87 163 80
Space D1 4 3 87 78 497 410
D1 Space -4 -3 78 72 158 80
Space LShiftKey 1 4 72 980 1407 1335
LShiftKey C 0 -3 980 93 300 -680
C S 1 1 93 115 183 90
S E 1 -1 115 82 345 230
E Space -3 -1 82 103 242 160
Space D5 4 -1 103 92 963 860
D5 D7 0 -2 92 73 152 60
D7 D4 0 3 73 72 313 240
D4 LShiftKey -3 4 72 392 2512 2440
LShiftKey H 1 -6 392 75 262 -130
H I 1 -2 75 83 330 255
I Oemcomma -2 0 83 80 323 240
Oemcomma RShiftKey 0 -3 80 340 220 140
RShiftKey Return 1 -1 340 95 152 -188
Return Return 0 0 95 103 145 50
Return LShiftKey -1 12 103 540 203 100
LShiftKey P 2 -10 540 83 427 -113
P L -1 1 83 102 143 60
L E 1 6 102 85 252 150
E A -1 2 85 92 238 153
A S 0 -1 92 83 152 60
S E 1 -1 83 72 153 70
E Space -3 -1 72 88 122 50
Space F 2 0 88 80 238 150
F I 1 -4 80 82 415 335
I N -2 2 82 100 162 80
N D 1 3 100 83 110 10
D Space -2 -1 83 85 123 40
Space T 3 -1 85 70 135 50
T H -1 -1 70 82 70 0
H E 1 3 82 73 112 30
E Space -3 -1 73 85 123 50
Space C 1 1 85 90 125 40
C O 2 -6 90 72 280 190
O P 0 -1 72 73 152 80
P Y 0 4 73 83 495 422
Y Space -3 2 83 80 133 50
Space O 3 -5 80 95 190 110
O F -1 5 95 102 155 60
F Space -2 0 102 103 162 60
Space T 3 -1 103 85 93 -10
T H -1 -1 85 92 135 50
H E 1 3 92 83 92 0
E Space -3 -1 83 85 123 40
Space T 3 -1 85 87 470 385
T W 0 3 87 53 287 200
W O 0 -7 53 75 205 152
O Space -3 5 75 113 155 80
Space T 3 -1 113 92 273 160
T A -1 4 92 82 225 133
A S 0 -1 82 83 172 90
S K 0 -6 83 82 123 40
K Space -2 4 82 75 242 160
Space P 3 -6 75 87 358 283
P E 0 7 87 73 117 30
E R 0 -1 73 85 143 70
R F -1 0 85 87 700 615
F O 1 -5 87 83 97 10
O R 0 5 83 82 113 30
R M -2 -3 82 83 92 10
M E 2 4 83 90 123 40
E D -1 0 90 82 160 70
D Space -2 -1 82 85 112 30
Space T 3 -1 85 73 175 90
T O 0 -4 73 82 143 70
O D -1 6 82 83 232 150
D A 0 2 83 72 233 150
A Y 1 -5 72 68 302 230
Y OemPeriod -2 -3 68 83 530 462
OemPeriod Space -1 5 83 92 103 20
Space RShiftKey 1 -7 92 258 102 10
RShiftKey Return 1 -1 258 62 83 -175
Return Return 0 0 62 113 112 50
Return LShiftKey -1 12 113 452 1068 955
LShiftKey R 2 -4 452 87 345 -107
R E 0 1 87 93 227 140
E G -1 -2 93 92 273 180
G A 0 4 92 90 112 20
A R 1 -3 90 83 100 10
R D -1 1 83 72 143 60
D S 0 1 72 75 152 80
S Oemcomma -1 -6 75 82 548 473
Oemcomma Space -1 4 82 93 102 20
Space RShiftKey 1 -7 93 127 153 60
RShiftKey Return 1 -1 127 125 52 -75
Return LShiftKey -1 12 125 410 365 240
LShiftKey J 1 -7 410 90 370 -40
J A 0 6 90 108 120 30
A Y 1 -5 108 70 148 40
Y N -2 0 70 112 170 100
N E 2 3 112 88 152 40
E E 0 0 88 83 150 62
E S -1 1 83 75 163 80
S H 0 -4 75 82 135 60
H OemPeriod -1 -3 82 72 425 343
OemPeriod Space -1 5 72 75 82 10
Space Return 2 -8 75 98 85 10
Return RShiftKey -1 1 98 78 0 -98
RShiftKey N 0 5 78 100 53479 53401
N E 2 3 100 70 360 260
E W 0 1 70 80 160 90
W Space -3 -2 80 90 150 70
Space Y 3 -2 90 90 500 410
Y O 0 -3 90 90 120 30
O R 0 5 90 80 320 230
R K -1 -4 80 90 140 60
K Space -2 4 90 90 150 60
Space T 3 -1 90 90 180 90
T I 0 -3 90 80 160 70
I M -2 1 80 90 200 120
M E 2 4 90 80 130 40
E S -1 1 80 82 160 80
S Return 0 -10 82 80 142 60
Return Back 2 -1 80 140 24147 24067
Back B -3 8 140 110 133723 133583
B E 2 2 110 80 210 100
E S -1 1 80 90 160 80
S T 1 -3 90 80 110 20
T Space -3 1 80 100 150 70
Space T 3 -1 100 80 170 70
T E 0 2 80 80 170 90
E C -2 0 80 90 210 130
C H 1 -3 90 90 430 340
H Space -2 2 90 100 140 50
Space N 1 -2 100 80 180 80
N E 2 3 80 90 120 40
E W 0 1 90 70 230 140
W S -1 0 70 70 240 170
S Return 0 -10 70 70 180 110
Return I 1 4 70 100 82007 81937
I N -2 2 100 120 180 80
N T 2 1 120 92 250 130
T E 0 2 92 90 192 100
E R 0 -1 90 100 150 60
R N -2 -2 100 70 212 112
N E 2 3 70 90 110 40
E T 0 -2 90 102 140 50
T Space -3 1 102 90 172 70
Space G 2 -1 90 80 170 80
G O 1 -4 80 100 220 140
O I 0 1 100 90 170 70
I N -2 2 90 110 202 112
N G 1 1 110 80 160 50
G Space -2 1 80 80 120 40
Space T 3 -1 80 70 180 100
T O 0 -4 70 90 100 30
O Space -3 5 90 110 160 70
Space E 3 1 110 80 100 -10
E N -2 -3 80 80 140 60
N D 1 3 80 80 100 20
D Space -2 -1 80 70 180 100
Space RShiftKey 1 -7 70 150 230 160
RShiftKey Return 1 -1 150 90 230 80
