LShiftKey M 0 -7 218 94 93 -125
M Y 2 1 94 141 281 187
Y Space -3 2 141 125 94 -47
Space F 2 0 125 78 281 156
F A 0 3 78 188 124 46
A V -1 -3 188 78 110 -78
V O 2 -5 78 63 483 405
O U 0 2 63 94 281 218
U R 0 3 94 125 515 421
R I 0 -4 125 78 109 -16
I T 0 3 78 93 281 203
T E 0 2 93 140 109 16
E Space -3 -1 140 124 94 -46
Space C 1 1 124 156 265 141
C L 1 -6 156 110 249 93
L A 0 8 110 187 125 15
A S 0 -1 187 93 219 32
S S 0 0 93 125 187 94
S Space -2 -2 125 109 374 249
Space Back 4 -9 109 109 4228 4119
Back I -1 5 109 78 3151 3042
I N -2 2 78 156 484 406
N Space -1 2 156 140 109 -47
Space C 1 1 140 156 218 78
C O 2 -6 156 63 234 78
O L -1 0 63 63 187 124
L L 0 0 63 78 141 78
L E 1 6 78 141 171 93
E G -1 -2 141 94 203 62
G E 1 2 94 141 109 15
E Space -3 -1 141 93 110 -31
Space I 3 -4 93 94 452 359
I S -1 6 94 125 203 109
S Space -2 -2 125 94 109 -16
Space O 3 -5 94 125 811 717
O F -1 5 125 125 187 62
F Space -2 0 125 125 156 31
Space LShiftKey 1 4 125 1123 328 203
LShiftKey I 2 -8 1123 78 998 -125
I N -2 2 78 93 266 188
N F 1 2 93 125 405 312
F O 1 -5 125 78 219 94
O R 0 5 78 109 140 62
R M -2 -3 109 109 125 16
M A 1 6 109 187 156 47
A T 1 -4 187 78 218 31
T I 0 -3 78 63 390 312
I O 0 -1 63 93 172 109
O N -2 3 93 140 187 94
N Space -1 2 140 125 78 -62
Space R 3 0 125 78 203 78
R E 0 1 78 94 187 109
E T 0 -2 94 94 140 46
T R 0 1 94 94 156 62
R I 0 -4 94 94 375 281
I E 0 5 94 109 203 109
E V -2 -1 109 94 452 343
V A 1 3 94 140 250 156
A L 0 -8 140 63 405 265
L Oemcomma -1 1 63 109 328 265
Oemcomma Back 3 -5 109 172 764 655
Back Oemcomma -3 5 172 156 1638 1466
Oemcomma Space -1 4 156 94 125 -31
Space B 1 -1 94 78 281 187
B E 2 2 78 156 156 78
E C -2 0 156 110 296 140
C A 1 2 110 140 188 78
A U 1 -6 140 94 374 234
U S -1 5 94 125 203 109
S E 1 -1 125 109 234 109
E Space -3 -1 109 124 125 16
Space I 3 -4 124 78 343 219
I O 0 -1 78 78 0 -78
O T 0 4 78 140 156 78
T Back 1 -8 140 125 577 437
Back Back 0 0 125 94 234 109
Back T -1 8 94 125 515 421
T Space -3 1 125 125 140 15
Space T 3 -1 125 94 468 343
T E 0 2 94 110 109 15
E A -1 2 110 110 234 124
A C -1 -2 110 63 78 -32
C H 1 -3 63 109 344 281
H E 1 3 109 109 156 47
E S -1 1 109 94 218 109
S Space -2 -2 94 94 140 46
Space A 2 3 94 125 219 125
A Space -2 -3 125 109 125 0
Space Back 4 -9 109 109 1575 1466
Back Back 0 0 109 94 203 94
Back V -3 9 94 109 1014 920
V E 2 1 109 125 187 78
E R 0 -1 125 125 265 140
R Y 0 -2 125 125 312 187
Y Space -3 2 125 125 94 -31
Space N 1 -2 125 78 1763 1638
N O 2 -3 78 109 577 499
O V -2 5 109 93 562 453
V E 2 1 93 125 265 172
E L -1 -6 125 109 234 109
L Space -2 5 109 109 156 47
Space C 1 1 109 140 1295 1186
C O 2 -6 140 62 156 16
O N -2 3 62 78 234 172
N C 0 3 78 109 249 171
C E 2 0 109 125 265 156
E P 0 -7 125 78 203 78
P T 0 5 78 94 343 265
T S -1 3 94 109 203 109
S Space -2 -2 109 124 63 -46
Space W 3 2 124 140 296 172
W H -1 -4 140 93 47 -93
H I 1 -2 93 110 249 156
I C -2 5 110 140 172 62
C H 1 -3 140 156 172 32
H Space -2 2 156 125 140 -16
Space A 2 3 125 94 1248 1123
A R 1 -3 94 78 234 140
R E 0 1 78 109 172 94
E Space -3 -1 109 78 93 -16
Space V 1 0 78 78 219 141
V E 2 1 78 109 15 -63
E R 0 -1 109 124 219 110
R Y 0 -2 124 125 171 47
Y Space -3 2 125 109 94 -31
Space R 3 0 109 78 327 218
R E 0 1 78 109 172 94
E L -1 -6 109 94 187 78
L E 1 6 94 140 63 -31
E V -2 -1 140 78 280 140
V A 1 3 78 171 110 32
A N -1 -5 171 109 156 -15
N T 2 1 109 110 280 171
T Space -3 1 110 125 78 -32
Space I 3 -4 125 78 234 109
I N -2 2 78 156 219 141
N T 2 1 156 140 156 0
T H -1 -1 140 109 203 63
H E 1 3 109 140 140 31
E Space -3 -1 140 93 125 -15
Space Back 4 -9 93 109 608 515
Back Back 0 0 109 78 203 94
Back Back 0 0 78 109 156 78
Back Back 0 0 109 109 203 94
Back Space -4 9 109 156 577 468
Space T 3 -1 156 94 265 109
T O 0 -4 94 78 125 31
O D -1 6 78 109 187 109
D A 0 2 109 156 609 500
A Y 1 -5 156 94 218 62
Y Oem7 -1 -5 94 140 780 686
Oem7 S 0 9 140 156 172 32
S Space -2 -2 156 140 109 -47
Space L 2 -5 140 78 483 343
L I 1 1 78 78 219 141
I F -1 4 78 125 265 187
F OemPeriod -1 -5 125 78 484 359
OemPeriod Space -1 5 78 125 140 62
Space Back 4 -9 125 63 998 873
Back Back 0 0 63 94 172 109
Back E -1 10 94 109 811 717
E OemPeriod -2 -6 109 109 203 94
OemPeriod Space -1 5 109 109 187 78
Space LShiftKey 1 4 109 297 3744 3635
LShiftKey M 0 -7 297 62 219 -78
M Y 2 1 62 156 280 218
Y Space -3 2 156 124 110 -46
Space L 2 -5 124 125 421 297
L E 1 6 125 109 140 15
E A -1 2 109 218 172 63
A S 0 -1 218 141 171 -47
S T 1 -3 141 141 203 62
T Space -3 1 141 125 94 -47
Space F 2 0 125 94 296 171
F A 0 3 94 171 141 47
A V -1 -3 171 78 140 -31
V O 2 -5 78 78 484 406
O U 0 2 78 109 218 140
U R 0 3 109 140 437 328
R I 0 -4 140 78 125 -15
I T 0 3 78 110 280 202
T E 0 2 110 140 188 78
E Space -3 -1 140 125 62 -78
Space C 1 1 125 141 343 218
C L 1 -6 141 109 219 78
L A 0 8 109 187 140 31
A S 0 -1 187 109 187 0
S S 0 0 109 109 219 110
S Space -2 -2 109 110 202 93
Space I 3 -4 110 109 1529 1419
I S -1 6 109 125 484 375
S Space -2 -2 125 125 249 124
Space LShiftKey 1 4 125 764 1030 905
LShiftKey S 1 -2 764 172 577 -187
S Oemcomma -1 -6 172 171 328 156
Oemcomma Space -1 4 171 125 140 -31
Space A 2 3 125 250 78 -47
A S 0 -1 250 172 203 -47
S Space -2 -2 172 124 94 -78
Space T 3 -1 124 62 296 172
T R 0 1 62 31 16 -46
R H -1 -2 31 78 46 15
H E 1 3 78 125 141 63
E Space -3 -1 125 109 78 -47
Space Back 4 -9 109 78 3697 3588
Back Back 0 0 78 62 203 125
Back Back 0 0 62 63 171 109
Back Back 0 0 63 78 203 140
Back Back 0 0 78 62 203 125
Back Back 0 0 62 62 172 110
Back Back 0 0 62 78 171 109
Back Back 0 0 78 62 219 141
Back Back 0 0 62 78 265 203
Back Back 0 0 78 78 468 390
Back Back 0 0 78 62 203 125
Back Space -4 9 62 140 858 796
Space LShiftKey 1 4 140 436 156 16
LShiftKey D 1 -3 436 94 171 -265
D S 0 1 94 140 203 109
S Oemcomma -1 -6 140 203 281 141
Oemcomma Space -1 4 203 141 171 -32
Space A 2 3 141 218 531 390
A S 0 -1 218 172 187 -31
S Space -2 -2 172 125 125 -47
Space T 3 -1 125 109 281 156
T H -1 -1 109 93 109 0
H E 1 3 93 125 140 47
E Space -3 -1 125 109 94 -31
Space I 3 -4 109 62 390 281
I N -2 2 62 93 234 172
N S 1 4 93 140 343 250
S T 1 -3 140 94 374 234
T R 0 1 94 110 234 140
R U 0 -3 110 78 234 124
U C -2 4 78 125 297 219
C T 2 -2 125 109 312 187
T O 0 -4 109 110 171 62
O R 0 5 110 140 250 140
R Space -3 0 140 125 218 78
Space D 2 1 125 109 5648 5523
D O 1 -6 109 93 156 47
O E 0 6 93 94 249 156
E S -1 1 94 124 219 125
S Space -2 -2 124 109 312 188
Space N 1 -2 109 78 249 140
N O 2 -3 78 109 250 172
O T 0 4 109 140 187 78
T Space -3 1 140 109 125 -15
Space M 1 -3 109 94 343 234
M A 1 6 94 140 156 62
A K 0 -7 140 109 94 -46
K E 1 5 109 109 187 78
E Space -3 -1 109 125 93 -16
Space A 2 3 125 125 234 109
A T 1 -4 125 78 281 156
T T 0 0 78 78 156 78
T E 0 2 78 156 172 94
E M -2 -4 156 93 203 47
M P 2 -3 93 172 296 203
P Space -3 6 172 125 187 15
Space Back 4 -9 125 156 687 562
Back Back 0 0 156 109 265 109
Back P -1 3 109 94 1123 1014
P T 0 5 94 94 390 296
T S -1 3 94 125 187 93
S Space -2 -2 125 125 109 -16
Space T 3 -1 125 140 328 203
T O 0 -4 140 109 203 63
O Space -3 5 109 93 125 16
Space I 3 -4 93 78 1965 1872
I M -2 1 78 78 219 141
M P 2 -3 78 109 343 265
P R 0 6 109 141 249 140
R O 0 -5 141 78 125 -16
O V -2 5 78 78 343 265
V E 2 1 78 156 110 32
E Space -3 -1 156 141 124 -32
Space T 3 -1 141 109 188 47
T H -1 -1 109 109 171 62
H E 1 3 109 156 156 47
E Space -3 -1 156 125 125 -31
Space C 1 1 125 140 2028 1903
C O 2 -6 140 63 140 0
O U 0 2 63 109 297 234
U R 0 3 109 94 218 109
R S -1 2 94 109 250 156
S E 1 -1 109 109 203 94
E Space -3 -1 109 125 124 15
Space M 1 -3 125 109 203 78
M A 1 6 109 156 109 0
A T 1 -4 156 109 266 110
T E 0 2 109 110 124 15
E R 0 -1 110 78 234 124
R I 0 -4 78 78 141 63
I A -1 7 78 125 140 62
A L 0 -8 125 93 141 16
L OemPeriod -1 0 93 63 1029 936
OemPeriod Back 3 -4 63 78 2902 2839
Back Space -4 9 78 141 1575 1497
Space Back 4 -9 141 78 4103 3962
Back LShiftKey -3 13 78 249 5055 4977
LShiftKey I 2 -8 249 125 171 -78
I Space -3 4 125 109 94 -31
Space L 2 -5 109 78 249 140
L O 1 0 78 78 188 110
O V -2 5 78 94 296 218
V E 2 1 94 156 109 15
E Space -3 -1 156 125 125 -31
Space T 3 -1 125 125 281 156
T O 0 -4 125 93 125 0
O Space -3 5 93 140 78 -15
Space Back 4 -9 140 141 514 374
Back Back 0 0 141 94 250 109
Back O -1 4 94 140 827 733
O Space -3 5 140 141 93 -47
Space I 3 -4 141 78 234 93
I N -2 2 78 78 219 141
N T 2 1 78 109 281 203
T R 0 1 109 93 265 156
R A -1 3 93 156 156 63
A C -1 -2 156 78 125 -31
C T 2 -2 78 156 218 140
T Space -3 1 156 109 125 -31
Space Back 4 -9 109 125 717 608
Back Back 0 0 125 94 203 78
Back Back 0 0 94 125 1435 1341
Back Back 0 0 125 94 203 78
Back Back 0 0 94 93 172 78
Back E -1 10 93 156 671 578
E R 0 -1 156 62 234 78
R A -1 3 62 141 93 31
A C -1 -2 141 93 94 -47
C T 2 -2 93 125 187 94
T Space -3 1 125 93 94 -31
Space I 3 -4 93 78 358 265
I N -2 2 78 140 188 110
N Space -1 2 140 94 93 -47
Space C 1 1 94 140 219 125
C L 1 -6 140 110 202 62
L A 0 8 110 125 141 31
A S 0 -1 125 124 203 78
S S 0 0 124 109 218 94
S OemPeriod -1 -7 109 94 187 78
OemPeriod Space -1 5 94 125 156 62
Space Space 0 0 125 109 3963 3838
Space LShiftKey 1 4 109 281 2418 2309
LShiftKey T 2 -5 281 78 234 -47
T H -1 -1 78 109 187 109
H E 1 3 109 125 125 16
E Space -3 -1 125 109 78 -47
Space L 2 -5 109 109 343 234
L A 0 8 109 124 172 63
A B -1 -4 124 94 218 94
B S 1 3 94 125 125 31
S Space -2 -2 125 109 109 -16
Space A 2 3 109 140 468 359
A R 1 -3 140 78 265 125
R Space -3 0 78 125 172 94
Space E 3 1 125 93 47 -78
E V -2 -1 93 94 280 187
V E 2 1 94 125 63 -31
E R 0 -1 125 110 249 124
R Y 0 -2 110 156 172 62
Y Space -3 2 156 125 125 -31
Space Back 4 -9 125 109 2012 1887
Back Back 0 0 109 78 250 141
Back Back 0 0 78 78 187 109
Back Back 0 0 78 78 156 78
Back Back 0 0 78 78 172 94
Back Back 0 0 78 78 156 78
Back Back 0 0 78 93 156 78
Back E -1 10 93 140 702 609
E Space -3 -1 140 93 109 -31
Space V 1 0 93 94 296 203
V E 2 1 94 109 78 -16
E R 0 -1 109 93 219 110
R Y 0 -2 93 156 109 16
Y Space -3 2 156 125 109 -47
Space U 3 -3 125 109 640 515
U S -1 5 109 110 124 15
S E 1 -1 110 78 203 93
E F -1 -1 78 140 250 172
F U 1 -3 140 78 218 78
U L -1 -2 78 93 250 172
L Oemcomma -1 1 93 125 343 250
Oemcomma Space -1 4 125 109 234 109
Space A 2 3 109 234 4259 4150
A S 0 -1 234 171 203 -31
S Space -2 -2 171 78 93 -78
Space T 3 -1 78 78 312 234
T H -1 -1 78 78 219 141
H E 1 3 78 140 62 -16
E Y 0 -3 140 109 125 -15
Y Space -3 2 109 78 93 -16
Space G 2 -1 78 124 344 266
G R 1 1 124 78 202 78
R E 0 1 78 94 172 94
E A -1 2 94 140 156 62
A T 1 -4 140 78 125 -15
T L -1 -4 78 94 499 421
L Y 1 3 94 125 281 187
Y Space -3 2 125 109 109 -16
Space H 2 -2 109 109 187 78
H E 1 3 109 156 141 32
E L -1 -6 156 78 358 202
L P 1 -1 78 140 188 110
P Space -3 6 140 94 124 -16
Space I 3 -4 94 78 234 140
I N -2 2 78 140 219 141
N Space -1 2 140 109 109 -31
Space L 2 -5 109 141 296 187
L E 1 6 141 141 125 -16
E A -1 2 141 188 187 46
A R 1 -3 188 140 422 234
R N -2 -2 140 78 343 203
N I 2 -2 78 78 203 125
I N -2 2 78 140 234 156
N G 1 1 140 140 62 -78
G Space -2 1 140 125 203 63
Space T 3 -1 125 94 93 -32
T H -1 -1 94 78 141 47
H E 1 3 78 125 109 31
E Space -3 -1 125 109 109 -16
Space C 1 1 109 140 671 562
C O 2 -6 140 78 109 -31
O N -2 3 78 94 234 156
N C 0 3 94 109 375 281
C E 2 0 109 156 187 78
E P 0 -7 156 93 312 156
P T 0 5 93 109 437 344
T S -1 3 109 140 187 78
S Space -2 -2 140 109 125 -15
Space T 3 -1 109 140 624 515
T H -1 -1 140 94 140 0
H R 1 2 94 156 234 140
R O 0 -5 156 78 203 47
O U 0 2 78 93 234 156
U G -1 2 93 156 156 63
G H 0 -1 156 140 156 0
H Space -2 2 140 124 125 -15
Space P 3 -6 124 93 499 375
P R 0 6 93 109 203 110
R A -1 3 109 156 171 62
A C -1 -2 156 94 203 47
C T 2 -2 94 109 312 218
T I 0 -3 109 109 172 63
I C -2 5 109 110 202 93
C A 1 2 110 156 250 140
A L 0 -8 156 141 62 -94
L Space -2 5 141 46 188 47
Space I 3 -4 46 78 124 78
I M -2 1 78 78 188 110
M P 2 -3 78 62 234 156
P L -1 1 62 93 156 94
L E 1 6 93 140 109 16
E M -2 -4 140 110 171 31
M E 2 4 110 125 94 -16
E N -2 -3 125 78 140 15
N T 2 1 78 78 266 188
T A -1 4 78 141 93 15
A T 1 -4 141 78 78 -63
T I 0 -3 78 78 328 250
I O 0 -1 78 78 171 93
O N -2 3 78 78 203 125
N OemPeriod 0 -3 78 94 421 343
OemPeriod Space -1 5 94 109 188 94
Space LShiftKey 1 4 109 405 6006 5897
LShiftKey H 1 -6 405 78 312 -93
H O 1 -3 78 62 390 312
O M -2 2 62 93 234 172
M E 2 4 93 109 156 63
E W 0 1 109 125 296 187
W O 0 -7 125 109 125 0
O R 0 5 109 94 187 78
R K -1 -4 94 110 530 436
K S 0 6 110 109 250 140
S Space -2 -2 109 125 125 16
Space A 2 3 125 109 203 78
A L 0 -8 109 93 156 47
L S 0 7 93 124 390 297
S O 1 -7 124 109 140 16
O Space -3 5 109 125 156 47
Space H 2 -2 125 78 608 483
H E 1 3 78 156 796 718
E L -1 -6 156 78 172 16
L P 1 -1 78 156 187 109
P Space -3 6 156 125 140 -16
Space I 3 -4 125 140 437 312
I N -2 2 140 156 437 297
N Space -1 2 156 109 156 0
Space A 2 3 109 94 218 109
A Back 2 -12 94 187 765 671
Back L -2 4 187 140 7004 6817
L E 1 6 140 109 125 -15
E A -1 2 109 218 187 78
A R 1 -3 218 94 530 312
R N -2 -2 94 78 219 125
N I 2 -2 78 78 218 140
I G -1 3 78 141 265 187
G N -1 -1 141 94 16 -125
N Back 3 -7 94 140 1061 967
Back Back 0 0 140 78 249 109
Back N -3 7 78 94 936 858
N G 1 1 94 125 437 343
G Space -2 1 125 140 141 16
Space B 1 -1 140 109 405 265
B E 2 2 109 156 141 32
E T 0 -2 156 62 218 62
T T 0 0 62 94 156 94
T E 0 2 94 109 78 -16
E R 0 -1 109 94 234 125
R OemPeriod -2 -5 94 78 546 452
OemPeriod Back 3 -4 78 78 3120 3042
Back Space -4 9 78 125 4586 4508
Space LShiftKey 1 4 125 344 4758 4633
LShiftKey I 2 -8 344 78 234 -110
I N -2 2 78 187 203 125
N Space -1 2 187 31 172 -15
Space C 1 1 31 94 265 234
C A 1 2 94 187 156 62
A S 0 -1 187 93 203 16
S E 1 -1 93 156 359 266
E Space -3 -1 156 156 265 109
Space T 3 -1 156 110 405 249
T H -1 -1 110 110 78 -32
H E 1 3 110 125 250 140
E R 0 -1 125 78 234 109
R E 0 1 78 109 187 109
E Space -3 -1 109 156 109 0
Space W 3 2 156 124 188 32
W A -1 1 124 234 249 125
A Space -2 -3 234 140 297 63
Space Back 4 -9 140 203 670 530
Back S -2 11 203 141 749 546
S Space -2 -2 141 109 234 93
Space N 1 -2 109 78 265 156
N O 2 -3 78 140 250 172
O Space -3 5 140 93 125 -15
Space G 2 -1 93 140 343 250
G R 1 1 140 94 343 203
R A -1 3 94 140 203 109
A D 0 -2 140 125 312 172
D I 1 -5 125 46 172 47
I N -2 2 46 109 218 172
N G 1 1 109 125 140 31
G Space -2 1 125 109 110 -15
Space I 3 -4 109 78 374 265
I N -2 2 78 94 234 156
N V 0 2 94 156 265 171
V O 2 -5 156 93 219 63
O L -1 0 93 94 202 109
L V -1 5 94 78 375 281
V E 2 1 78 109 125 47
E D -1 0 109 140 218 109
D Oemcomma -1 -5 140 156 203 63
Oemcomma Space -1 4 156 125 140 -16
Space W 3 2 125 156 250 125
W E 0 -1 156 140 577 421
E Space -3 -1 140 125 156 16
Space C 1 1 125 156 468 343
C O 2 -6 156 78 203 47
O U 0 2 78 78 249 171
U L -1 -2 78 109 250 172
L D 0 6 109 125 187 78
D Space -2 -1 125 110 109 -16
Space C 1 1 110 141 281 171
C O 2 -6 141 94 187 46
O N -2 3 94 78 266 172
N C 0 3 78 109 265 187
C E 2 0 109 124 125 16
E N -2 -3 124 109 577 453
N T 2 1 109 94 296 187
T R 0 1 94 93 219 125
R A -1 3 93 141 124 31
A T 1 -4 141 109 110 -31
T E 0 2 109 125 171 62
E Space -3 -1 125 125 78 -47
Space M 1 -3 125 94 343 218
M O 2 -2 94 124 344 250
O R 0 5 124 78 265 141
R E 0 1 78 109 187 109
E Space -3 -1 109 110 140 31
Space O 3 -5 110 78 515 405
O N -2 3 78 187 234 156
N Space -1 2 187 140 125 -62
Space T 3 -1 140 93 172 32
T H -1 -1 93 172 124 31
H E 1 3 172 156 125 -47
E Space -3 -1 156 109 125 -31
Space L 2 -5 109 109 6895 6786
L E 1 6 109 93 219 110
E A -1 2 93 187 171 78
A R 1 -3 187 141 390 203
R N -2 -2 141 62 593 452
N I 2 -2 62 78 203 141
I N -2 2 78 109 234 156
N G 1 1 109 156 62 -47
G Space -2 1 156 109 172 16
Space A 2 3 109 124 359 250
A N -1 -5 124 94 140 16
N D 1 3 94 156 156 62
D Space -2 -1 156 109 78 -78
Space N 1 -2 109 62 250 141
N O 2 -3 62 93 265 203
O T 0 4 93 172 187 94
T Space -3 1 172 141 452 280
Space C 1 1 141 63 312 171
C R 2 -1 63 78 250 187
R M -2 -3 78 94 296 218
M M 0 0 94 78 172 78
M I 2 -1 78 78 218 140
I N -2 2 78 141 203 125
N G 1 1 141 140 219 78
G Space -2 1 140 125 187 47
Space Back 4 -9 125 140 749 624
Back Back 0 0 140 62 218 78
Back Back 0 0 62 62 172 110
Back Back 0 0 62 78 156 94
Back Back 0 0 78 94 171 93
Back Back 0 0 94 110 187 93
Back A -2 12 110 140 1030 920
A M -1 -6 140 93 250 110
M M 0 0 93 78 171 78
M I 2 -1 78 78 281 203
I N -2 2 78 109 234 156
N G 1 1 109 125 125 16
G Space -2 1 125 125 109 -16
Space F 2 0 125 124 250 125
F O 1 -5 124 109 156 32
O R 0 5 109 109 93 -16
R Space -3 0 109 125 109 0
Space E 3 1 125 93 453 328
E A -1 2 93 94 265 172
A X -1 -1 94 187 1045 951
X Back 3 -11 187 156 515 328
Back Back 0 0 156 125 593 437
Back X -3 11 125 125 421 296
X A 1 1 125 203 296 171
A M -1 -6 203 94 250 47
M S 1 5 94 172 187 93
S OemPeriod -1 -7 172 78 2699 2527
OemPeriod S 1 7 78 172 2309 2231
S LShiftKey -1 2 172 234 5569 5397
LShiftKey I 2 -8 234 62 125 -109
I N -2 2 62 156 187 125
N Space -1 2 156 141 109 -47
Space F 2 0 141 156 390 249
F U 1 -3 156 94 203 47
U T 0 2 94 124 375 281
T U 0 -2 124 110 202 78
U R 0 3 110 32 312 202
R E 0 1 32 109 141 109
E Oemcomma -2 -5 109 156 343 234
Oemcomma Space -1 4 156 125 140 -16
Space I 3 -4 125 172 234 109
I Space -3 4 172 141 156 -16
Space Back 4 -9 141 156 687 546
Back Back 0 0 156 93 234 78
Back Back 0 0 93 94 951 858
Back Back 0 0 94 93 188 94
Back Back 0 0 93 78 202 109
Back Back 0 0 78 141 3167 3089
Back Back 0 0 141 110 421 280
Back E -1 10 110 125 1685 1575
E Oemcomma -2 -5 125 125 733 608
Oemcomma Back 3 -5 125 140 812 687
Back Space -4 9 140 156 733 593
Space LShiftKey 1 4 156 203 499 343
LShiftKey I 2 -8 203 156 109 -94
I Space -3 4 156 141 109 -47
Space P 3 -6 141 62 453 312
P L -1 1 62 78 171 109
L A 0 8 78 141 125 47
A N -1 -5 141 78 172 31
N N 0 0 78 125 156 78
N E 2 3 125 78 171 46
E D -1 0 78 124 188 110
D Space -2 -1 124 156 109 -15
Space T 3 -1 156 109 265 109
T O 0 -4 109 140 94 -15
O Space -3 5 140 125 93 -47
Space T 3 -1 125 93 531 406
T A -1 4 93 140 140 47
A K 0 -7 140 125 265 125
K E 1 5 125 110 109 -16
E Space -3 -1 110 94 125 15
Space A 2 3 94 156 94 0
A Back 2 -12 156 187 468 312
Back U -1 6 187 63 920 733
U P 0 -3 63 171 250 187
P Space -3 6 171 124 125 -46
Space A 2 3 124 156 156 32
A Space -2 -3 156 109 109 -47
Space J 2 -3 109 78 296 187
J O 1 -2 78 62 203 125
O B -2 4 62 141 218 156
B Space -1 1 141 140 110 -31
Space I 3 -4 140 62 312 172
I N -2 2 62 140 187 125
N Space -1 2 140 125 93 -47
Space T 3 -1 125 93 188 63
T H -1 -1 93 93 78 -15
H E 1 3 93 109 156 63
E Space -3 -1 109 125 62 -47
Space LShiftKey 1 4 125 265 1342 1217
LShiftKey I 2 -8 265 63 171 -94
I N -2 2 63 94 203 140
N Back 3 -7 94 172 468 374
Back LShiftKey -3 13 172 578 530 358
LShiftKey T 2 -5 578 140 453 -125
T Space -3 1 140 124 125 -15
Space S 2 2 124 109 1466 1342
S E 1 -1 109 93 203 94
E C -2 0 93 125 234 141
C T 2 -2 125 140 312 187
T O 0 -4 140 93 234 94
O R 0 5 93 109 234 141
R OemPeriod -2 -5 109 109 312 203
OemPeriod Space -1 5 109 125 171 62
Space LShiftKey 1 4 125 281 4212 4087
LShiftKey I 2 -8 281 141 203 -78
I Space -3 4 141 125 109 -32
Space A 2 3 125 156 1467 1342
A M -1 -6 156 188 171 15
M Space -1 3 188 140 141 -47
Space A 2 3 140 140 187 47
A Space -2 -3 140 109 109 -31
Space V 1 0 109 109 453 344
V E 2 1 109 188 202 93
E Back 1 -10 188 109 453 265
Back Back 0 0 109 94 218 109
Back Back 0 0 94 78 172 78
Back Back 0 0 78 124 437 359
Back V -3 9 124 94 639 515
V E 2 1 94 109 156 62
E R 0 -1 109 109 203 94
R Y 0 -2 109 156 312 203
Y Space -3 2 156 109 125 -31
Space E 3 1 109 124 359 250
E N -2 -3 124 94 140 16
N T 2 1 94 110 296 202
T H -1 -1 110 78 125 15
H U 1 -1 78 78 421 343
U S -1 5 78 94 328 250
S I 1 -6 94 78 172 78
I S -1 6 78 94 124 46
S Back 2 -11 94 187 484 390
Back A -2 12 187 187 359 172
A S 0 -1 187 140 265 78
S T 1 -3 140 109 546 406
T I 0 -3 109 93 203 94
I C -2 5 93 125 234 141
C Space -1 -1 125 109 156 31
Space A 2 3 109 187 140 31
A B -1 -4 187 63 156 -31
B O 2 -4 63 94 312 249
O U 0 2 94 109 281 187
U T 0 2 109 109 172 63
T Space -3 1 109 109 109 0
Space C 1 1 109 124 515 406
C O 2 -6 124 94 202 78
O D -1 6 94 125 328 234
D I 1 -5 125 78 172 47
I N -2 2 78 109 218 140
N G 1 1 109 125 78 -31
G Space -2 1 125 78 156 31
Space A 2 3 78 141 187 109
A N -1 -5 141 109 172 31
N D 1 3 109 125 390 281
D Space -2 -1 125 140 125 0
Space W 3 2 140 125 639 499
W O 0 -7 125 78 109 -16
O U 0 2 78 78 219 141
U L -1 -2 78 94 218 140
L D 0 6 94 140 141 47
D Space -2 -1 140 109 93 -47
Space L 2 -5 109 78 187 78
L O 1 0 78 63 203 125
O V -2 5 63 94 281 218
V E 2 1 94 140 94 0
E Space -3 -1 140 94 140 0
Space T 3 -1 94 109 203 109
T O 0 -4 109 124 125 16
O Space -3 5 124 109 109 -15
Space B 1 -1 109 93 3323 3214
B E 2 2 93 125 140 47
E Space -3 -1 125 124 94 -31
Space D 2 1 124 140 530 406
D O 1 -6 140 62 172 32
O I 0 1 62 78 327 265
I N -2 2 78 94 265 187
N G 1 1 94 125 141 47
G Space -2 1 125 125 109 -16
Space I 3 -4 125 94 390 265
I T 0 3 94 125 125 31
T Space -3 1 125 110 93 -32
Space P 3 -6 110 94 437 327
P A -1 9 94 140 125 31
A Back 2 -12 140 172 530 390
Back Back 0 0 172 141 390 218
Back I -1 5 141 62 921 780
I N -2 2 62 156 187 125
N Space -1 2 156 93 125 -31
Space T 3 -1 93 93 78 -15
T H -1 -1 93 78 109 16
H E 1 3 78 125 125 47
E Space -3 -1 125 109 47 -78
Space L 2 -5 109 93 234 125
L A 0 8 93 140 140 47
A T 1 -4 140 110 218 78
T E 0 2 110 78 94 -16
E S -1 1 78 110 218 140
S T 1 -3 110 156 63 -47
T Space -3 1 156 124 125 -31
Space T 3 -1 124 94 639 515
T E 0 2 94 109 125 31
E C -2 0 109 141 265 156
C H 1 -3 141 63 187 46
H M -1 -1 63 47 203 140
M Back 3 -6 47 171 375 328
Back N -3 7 171 125 717 546
N O 2 -3 125 78 141 16
O L -1 0 78 93 187 109
L O 1 0 93 93 203 110
O G -1 4 93 124 390 297
G Y 1 -1 124 78 1170 1046
Y Space -3 2 78 109 312 234
Space F 2 0 109 109 1466 1357
F I 1 -4 109 62 156 47
I V -2 4 62 93 250 188
V E 2 1 93 141 93 0
E Space -3 -1 141 109 125 -16
Space Y 3 -2 109 124 328 219
Y E 0 3 124 93 109 -15
E A -1 2 93 156 156 63
A R 1 -3 156 110 171 15
R S -1 2 110 125 125 15
S Space -2 -2 125 125 125 0
Space F 2 0 125 78 218 93
F R 1 0 78 93 219 141
R O 0 -5 93 78 47 -46
O M -2 2 78 156 202 124
M Space -1 3 156 109 110 -46
Space N 1 -2 109 62 343 234
N O 2 -3 62 78 281 219
O W 0 7 78 109 234 156
W OemPeriod -2 -7 109 78 312 203
OemPeriod Space -1 5 78 109 171 93
Space LShiftKey 1 4 109 187 10203 10094
LShiftKey I 2 -8 187 141 124 -63
I Space -3 4 141 93 110 -31
Space A 2 3 93 125 140 47
A M -1 -6 125 156 109 -16
M Space -1 3 156 109 141 -15
Space C 1 1 109 93 234 125
C E 2 0 93 62 218 125
E D -1 0 62 62 0 -62
D R 1 -1 62 94 156 94
R T 0 -1 94 78 172 78
T A -1 4 78 156 93 15
A I 1 -7 156 78 250 94
I N -2 2 78 78 203 125
N L 1 -3 78 78 312 234
L Y 1 3 78 156 327 249
Y Space -3 2 156 125 125 -31
Space G 2 -1 125 110 1154 1029
G E 1 2 110 109 172 62
E T 0 -2 109 93 281 172
T T 0 0 93 93 203 110
T I 0 -3 93 93 78 -15
I N -2 2 93 125 202 109
N G 1 1 125 141 78 -47
G Space -2 1 141 125 141 0
Space C 1 1 125 124 437 312
C L 1 -6 124 94 140 16
L O 1 0 94 109 187 93
O S -1 7 109 110 187 78
S E 1 -1 110 109 219 109
E R 0 -1 109 124 203 94
R Space -3 0 124 125 124 0
Space T 3 -1 125 109 110 -15
T O 0 -4 109 141 124 15
O Space -3 5 141 93 110 -31
Space M 1 -3 93 78 358 265
M Y 2 1 78 124 266 188
Y Space -3 2 124 109 93 -31
Space G 2 -1 109 78 687 578
G O 1 -4 78 94 358 280
O A -1 8 94 124 188 94
A L 0 -8 124 140 62 -62
L Space -2 5 140 109 125 -15
Space A 2 3 109 125 1513 1404
A S 0 -1 125 140 172 47
S Space -2 -2 140 109 93 -47
Space I 3 -4 109 109 203 94
I Space -3 4 109 125 156 47
Space Back 4 -9 125 93 718 593
Back Back 0 0 93 109 156 63
Back LShiftKey -3 13 109 624 608 499
LShiftKey I 2 -8 624 140 546 -78
I Space -3 4 140 156 187 47
Space A 2 3 156 156 1295 1139
A M -1 -6 156 187 234 78
M Space -1 3 187 109 156 -31
Space A 2 3 109 141 218 109
A T 1 -4 141 63 234 93
T T 0 0 63 93 141 78
T A -1 4 93 109 156 63
A I 1 -7 109 78 374 265
I N -2 2 78 78 203 125
N I 2 -2 78 78 203 125
I N -2 2 78 109 218 140
N G 1 1 109 140 141 32
G Space -2 1 140 93 109 -31
Space P 3 -6 93 125 374 281
P R 0 6 125 78 203 78
R A -1 3 78 140 172 94
A C -1 -2 140 109 312 172
C T 2 -2 109 110 280 171
T I 0 -3 110 94 156 46
I C -2 5 94 78 219 125
C A 1 2 78 141 218 140
A L 0 -8 141 140 125 -16
L Space -2 5 140 109 125 -15
Space K 2 -4 109 78 889 780
K N -1 2 78 94 187 109
N O 2 -3 94 78 281 187
O W 0 7 78 109 250 172
W L -1 -7 109 109 156 47
L E 1 6 109 171 187 78
E G -1 -2 171 93 281 110
G Back 2 -8 93 188 670 577
Back D -2 10 188 109 874 686
D G 0 -2 109 109 187 78
G E 1 2 109 140 125 16
E Space -3 -1 140 125 125 -15
Space N 1 -2 125 110 3681 3556
N E 2 3 110 94 141 31
E C -2 0 94 94 234 140
C E 2 0 94 62 234 140
E S -1 1 62 62 281 219
S S 0 0 62 110 171 109
S A 0 1 110 140 188 78
A R 1 -3 140 140 1482 1342
R Y 0 -2 140 156 140 0
Y Space -3 2 156 141 109 -47
Space T 3 -1 141 93 219 78
T O 0 -4 93 140 109 16
O Space -3 5 140 125 93 -47
Space E 3 1 125 94 1295 1170
E X -2 1 94 94 265 171
X C 0 -1 94 78 203 109
C E 2 0 78 125 187 109
E L -1 -6 125 171 141 16
L Space -2 5 171 156 125 -46
Space I 3 -4 156 78 202 46
I N -2 2 78 171 219 141
N Space -1 2 171 124 125 -46
Space T 3 -1 124 94 140 16
T H -1 -1 94 109 78 -16
H E 1 3 109 125 140 31
E Space -3 -1 125 125 63 -62
Space F 2 0 125 171 515 390
F I 1 -4 171 94 202 31
I E 0 5 94 93 453 359
E L -1 -6 93 125 171 78
L D 0 6 125 124 266 141
D OemPeriod -1 -6 124 93 343 219
OemPeriod Back 3 -4 93 78 2808 2715
Back Space -4 9 78 125 2730 2652
Space LShiftKey 1 4 125 515 5694 5569
LShiftKey A 1 -1 515 172 374 -141
A Space -2 -3 172 141 390 218
Space G 2 -1 141 156 4805 4664
G U 1 -2 156 78 234 78
U I 0 -1 78 109 187 109
I D -1 5 109 125 203 94
D A 0 2 125 187 187 62
A N -1 -5 187 93 172 -15
N C 0 3 93 109 359 266
C E 2 0 109 156 156 47
E Space -3 -1 156 156 124 -32
Space F 2 0 156 110 234 78
F R 1 0 110 94 234 124
R O 0 -5 94 78 47 -47
O M -2 2 78 188 187 109
M Space -1 3 188 78 172 -16
Space A 2 3 78 203 62 -16
A Space -2 -3 203 125 328 125
Space M 1 -3 125 94 780 655
M E 2 4 94 171 172 78
E N -2 -3 171 93 156 -15
N T 2 1 93 94 327 234
T O 0 -4 94 94 281 187
O R 0 5 94 94 156 62
R Space -3 0 94 141 109 15
Space C 1 1 141 94 1061 920
C U 2 -4 94 78 359 265
U R 0 3 78 125 265 187
R R 0 0 125 78 203 78
R E 0 1 78 125 218 140
E N -2 -3 125 109 437 312
N T 2 1 109 140 593 484
T L -1 -4 140 94 187 47
L Y 1 3 94 156 296 202
Y Space -3 2 156 125 125 -31
Space I 3 -4 125 62 2278 2153
I N -2 2 62 156 203 141
N Space -1 2 156 125 109 -47
Space T 3 -1 125 109 187 62
T H -1 -1 109 109 94 -15
H E 1 3 109 124 156 47
E Space -3 -1 124 124 78 -46
Space F 2 0 124 94 904 780
F I 1 -4 94 78 250 156
I E 0 5 78 109 187 109
E L -1 -6 109 125 172 63
L D 0 6 125 109 265 140
D Space -2 -1 109 109 265 156
Space C 1 1 109 124 1467 1358
C A 1 2 124 156 280 156
A N -1 -5 156 156 110 -46
N Space -1 2 156 94 124 -32
Space C 1 1 94 110 312 218
C E 2 0 110 124 110 0
E R 0 -1 124 94 218 94
R T 0 -1 94 78 156 62
T A -1 4 78 140 156 78
A I 1 -7 140 78 203 63
I N -2 2 78 78 203 125
N L 1 -3 78 78 280 202
L O 1 0 78 63 0 -78
O Y 0 3 63 140 297 234
Y Space -3 2 140 109 109 -31
Space Back 4 -9 109 78 920 811
Back Back 0 0 78 93 188 110
Back Back 0 0 93 94 171 78
Back Y -1 7 94 156 749 655
Y Space -3 2 156 109 125 -31
Space M 1 -3 109 94 1934 1825
M A 1 6 94 125 109 15
A K 0 -7 125 125 156 31
K E 1 5 125 140 141 16
E Space -3 -1 140 110 93 -47
Space Back 4 -9 110 141 1139 1029
Back Back 0 0 141 93 219 78
Back Back 0 0 93 78 187 94
Back Back 0 0 78 109 156 78
Back Back 0 0 109 109 218 109
Back H -2 7 109 109 1264 1155
H E 1 3 109 109 374 265
E L -1 -6 109 93 219 110
L P 1 -1 93 156 202 109
P Space -3 6 156 125 141 -15
Space A 2 3 125 109 281 156
A C -1 -2 109 140 296 187
C H 1 -3 140 78 156 16
H I 1 -2 78 94 218 140
I E 0 5 94 125 203 109
E V -2 -1 125 109 219 94
V E 2 1 109 156 93 -16
E Space -3 -1 156 141 187 31
Space M 1 -3 141 78 1311 1170
M Y 2 1 78 156 327 249
Y Space -3 2 156 109 141 -15
Space G 2 -1 109 124 983 874
G O 1 -4 124 78 202 78
O A -1 8 78 125 172 94
A L 0 -8 125 110 62 -63
L S 0 7 110 125 234 124
S OemPeriod -1 -7 125 94 3947 3822
OemPeriod Space -1 5 94 156 3370 3276
Space LShiftKey 1 4 156 718 764 608
LShiftKey U 2 -7 718 78 297 -421
U B -2 2 78 156 296 218
B Space -1 1 156 63 187 31
Space I 3 -4 63 125 1498 1435
I S -1 6 125 109 203 78
S Space -2 -2 109 141 93 -16
Space A 2 3 141 140 1077 936
A L 0 -8 140 109 171 31
L S 0 7 109 141 109 0
S O 1 -7 141 140 141 0
O Space -3 5 140 125 140 0
Space G 2 -1 125 125 406 281
G I 1 -3 125 94 171 46
I V -2 4 94 141 281 187
V I 2 -4 141 93 94 -47
I N -2 2 93 156 249 156
N G 1 1 156 125 172 16
G Space -2 1 125 125 109 -16
Space M 1 -3 125 109 702 577
M E 2 4 109 125 109 0
E Space -3 -1 125 109 141 16
Space C 1 1 109 125 1435 1326
C O 2 -6 125 78 94 -31
O N -2 3 78 93 234 156
N S 1 4 93 125 499 406
S I 1 -6 125 94 218 93
I D -1 5 94 110 187 93
D E 1 0 110 109 203 93
E R 0 -1 109 78 187 78
R A -1 3 78 141 203 125
A B -1 -4 141 78 156 15
B V 0 1 78 47 16 -62
V Back 3 -9 47 250 717 670
Back L -2 4 250 94 1248 998
L E 1 6 94 109 94 0
E Space -3 -1 109 109 125 16
Space H 2 -2 109 94 3915 3806
H E 1 3 94 125 203 109
E L -1 -6 125 93 297 172
L P 1 -1 93 187 187 94
P Space -3 6 187 94 171 -16
Space I 3 -4 94 78 188 94
I N -2 2 78 156 218 140
N Space -1 2 156 110 140 -16
Space P 3 -6 110 125 2044 1934
P R 0 6 125 94 187 62
R E 0 1 94 94 203 109
E P 0 -7 94 125 156 62
P A -1 9 125 109 125 0
A R 1 -3 109 156 296 187
R I 0 -4 156 62 172 16
I N -2 2 62 125 218 156
N G 1 1 125 125 94 -31
G Space -2 1 125 124 125 0
Space M 1 -3 124 109 156 32
M E 2 4 109 109 93 -16
E Space -3 -1 109 109 125 16
Space F 2 0 109 125 265 156
F O 1 -5 125 93 141 16
O R 0 5 93 109 109 16
R Space -3 0 109 109 78 -31
Space T 3 -1 109 63 140 31
T H -1 -1 63 93 94 31
H E 1 3 93 125 109 16
E Space -3 -1 125 140 94 -31
Space S 2 2 140 140 468 328
S A 0 1 140 125 140 0
A M -1 -6 125 93 125 0
M E 2 4 93 125 156 63
E OemPeriod -2 -6 125 93 281 156
OemPeriod Space -1 5 93 94 202 109
Space LShiftKey 1 4 94 249 6272 6178
LShiftKey I 2 -8 249 141 202 -47
I Space -3 4 141 125 94 -47
Space B 1 -1 125 93 359 234
B E 2 2 93 109 296 203
E L -1 -6 109 78 250 141
L I 1 1 78 94 249 171
I E 0 5 94 125 515 421
E V -2 -1 125 109 437 312
V E 2 1 109 125 140 31
E Space -3 -1 125 141 125 0
Space A 2 3 141 110 811 670
A C -1 -2 110 141 359 249
C H 1 -3 141 63 156 15
H I 1 -2 63 94 234 171
I E 0 5 94 125 234 140
E V -2 -1 125 78 281 156
V E 2 1 78 125 109 31
E Back 1 -10 125 172 655 530
Back I -1 5 172 78 874 702
I N -2 2 78 125 234 156
N G 1 1 125 109 156 31
G Space -2 1 109 109 125 16
Space Q 3 3 109 125 3338 3229
Q O 0 -8 125 94 125 0
O U 0 2 94 125 234 140
U R 0 3 125 110 218 93
R Space -3 0 110 125 125 15
Space D 2 1 125 93 250 125
D R 1 -1 93 78 203 110
R E 0 1 78 93 187 109
E A -1 2 93 125 187 94
A M -1 -6 125 62 172 47
M N 0 1 62 31 15 -47
N S 1 4 31 125 343 312
S Space -2 -2 125 171 1124 999
Space I 3 -4 171 110 514 343
I S -1 6 110 156 328 218
S Space -2 -2 156 93 125 -31
Space M 1 -3 93 78 171 78
M O 2 -2 78 125 219 141
O R 0 5 125 93 203 78
R E 0 1 93 94 202 109
E Space -3 -1 94 140 63 -31
Space A 2 3 140 171 390 250
A B -1 -4 171 78 156 -15
B O 2 -4 78 78 405 327
O U 0 2 78 109 359 281
U T 0 2 109 125 172 63
T Space -3 1 125 124 125 0
Space H 2 -2 124 78 811 687
H A 0 5 78 156 140 62
A R 1 -3 156 93 843 687
R D -1 1 93 94 265 172
D Space -2 -1 94 125 140 46
Space W 3 2 125 94 390 265
W O 0 -7 94 125 156 62
O R 0 5 125 109 203 78
R D -1 1 109 125 281 172
D Oemcomma -1 -5 125 188 374 249
Oemcomma Space -1 4 188 125 156 -32
Space A 2 3 125 140 344 219
A L 0 -8 140 124 156 16
L T 1 4 124 109 421 297
T H -1 -1 109 78 109 0
H O 1 -3 78 78 390 312
O U 0 2 78 94 265 187
U G -1 2 94 125 172 78
G H 0 -1 125 140 109 -16
H Space -2 2 140 46 172 32
Space L 2 -5 46 78 358 312
L U 1 2 78 94 281 203
U C -2 4 94 140 359 265
C H 1 -3 140 188 218 78
H Space -2 2 188 156 141 -47
Space Back 4 -9 156 109 374 218
Back Back 0 0 109 62 219 110
Back K -2 5 62 187 733 671
K Space -2 4 187 125 156 -31
Space A 2 3 125 141 249 124
A L 0 -8 141 94 125 -16
L S 0 7 94 125 1014 920
S O 1 -7 125 187 78 -47
O Space -3 5 187 140 172 -15
Space P 3 -6 140 78 593 453
P L -1 1 78 109 187 109
L A 0 8 109 141 93 -16
A Y 1 -5 141 109 281 140
Y S -1 4 109 125 125 16
S Space -2 -2 125 125 62 -63
Space A 2 3 125 125 219 94
A N -1 -5 125 140 78 -47
N Space -1 2 140 125 109 -31
Space I 3 -4 125 63 265 140
I M -2 1 63 78 187 124
M P 2 -3 78 78 266 188
P O 0 1 78 94 218 140
O P 0 -1 94 78 16 -78
P R 0 6 78 124 312 234
R Back 1 -9 124 125 374 250
Back Back 0 0 125 78 234 109
Back R -1 9 78 109 733 655
R T 0 -1 109 78 187 78
T A -1 4 78 125 141 63
A N -1 -5 125 125 171 46
N T 2 1 125 125 219 94
T Space -3 1 125 109 109 -16
Space R 3 0 109 93 640 531
R O 0 -5 93 78 140 47
O L -1 0 78 94 187 109
L E 1 6 94 125 125 31
E OemPeriod -2 -6 125 93 328 203
OemPeriod Back 3 -4 93 125 3946 3853
Back Y -1 7 125 109 1233 1108
Y Back 1 -7 109 78 3291 3182
Back S -2 11 78 203 3105 3027
S LShiftKey -1 2 203 281 11138 10935
LShiftKey T 2 -5 281 62 203 -78
T H -1 -1 62 125 187 125
H E 1 3 125 172 156 31
E Space -3 -1 172 109 63 -109
Space S 2 2 109 124 312 203
S C -1 -1 124 94 93 -31
C E 2 0 94 156 187 93
E N -2 -3 156 156 234 78
N E 2 3 156 124 110 -46
E Space -3 -1 124 94 93 -31
Space A 2 3 94 141 1825 1731
A B -1 -4 141 78 110 -31
B O 2 -4 78 78 405 327
O V -2 5 78 109 359 281
V E 2 1 109 156 172 63
E Space -3 -1 156 47 109 -47
Space L 2 -5 47 63 374 327
L O 1 0 63 78 187 124
O O 0 0 78 63 156 78
O K -1 1 63 125 156 93
K S 0 6 125 125 203 78
S Space -2 -2 125 140 63 -62
Space L 2 -5 140 109 421 281
L I 1 1 109 94 249 140
I K -1 0 94 109 188 94
K E 1 5 109 125 124 15
E Space -3 -1 125 125 94 -31
Space T 3 -1 125 47 936 811
T H -1 -1 47 93 172 125
H A 0 5 93 125 109 16
A T 1 -4 125 125 109 -16
T Space -3 1 125 93 94 -31
Space O 3 -5 93 141 436 343
O F -1 5 141 125 219 78
F Space -2 0 125 156 156 31
Space T 3 -1 156 93 156 0
T H -1 -1 93 109 140 47
H E 1 3 109 140 141 32
E Space -3 -1 140 125 109 -31
Space C 1 1 125 125 421 296
C I 2 -5 125 94 187 62
I T 0 3 94 125 234 140
T Y 0 -1 125 140 94 -31
Y Space -3 2 140 94 109 -31
Space O 3 -5 94 109 421 327
O F -1 5 109 125 172 63
F Space -2 0 125 125 93 -32
Space LShiftKey 1 4 125 171 344 219
LShiftKey B 0 -5 171 62 78 -93
B U 2 -2 62 63 202 140
U F -1 3 63 63 281 218
F F 0 0 63 62 141 78
F A 0 3 62 140 156 94
A L 0 -8 140 63 280 140
L O 1 0 63 141 156 93
O Space -3 5 141 124 110 -31
Space D 2 1 124 124 468 344
D U 1 -4 124 94 795 671
U R 0 3 94 140 250 156
R I 0 -4 140 78 140 0
I N -2 2 78 125 234 156
N G 1 1 125 124 141 16
G Space -2 1 124 140 390 266
Space W 3 2 140 125 343 203
W I 0 -6 125 63 140 15
I N -2 2 63 63 187 124
N T 2 1 63 78 266 203
T E 0 2 78 109 140 62
E R 0 -1 109 78 109 0
R S -1 2 78 125 234 156
S OemPeriod -1 -7 125 156 390 265
OemPeriod Space -1 5 156 109 172 16
Space LShiftKey 1 4 109 218 1513 1404
LShiftKey T 2 -5 218 46 172 -46
T H -1 -1 46 140 156 110
H E 1 3 140 141 124 -16
E Space -3 -1 141 93 32 -109
Space I 3 -4 93 62 499 406
I M -2 1 62 78 187 125
M A 1 6 78 156 125 47
A G 0 -4 156 94 249 93
G E 1 2 94 109 125 31
E Space -3 -1 109 125 78 -31
Space D 2 1 125 93 453 328
D E 1 0 93 110 202 109
E P 0 -7 110 78 141 31
P I 0 2 78 94 218 140
I C -2 5 94 109 312 218
C T 2 -2 109 125 562 453
T S -1 3 125 156 1263 1138
S Space -2 -2 156 140 219 63
Space A 2 3 140 156 218 78
A Space -2 -3 156 94 125 -31
Space S 2 2 94 125 3650 3556
S K 0 -6 125 94 437 312
K E 1 5 94 141 468 374
E I 0 -5 141 78 1451 1310
I N -2 2 78 156 250 172
N G 1 1 156 125 202 46
G Space -2 1 125 109 94 -31
Space R 3 0 109 78 296 187
R E 0 1 78 94 203 125
E S -1 1 94 141 265 171
S O 1 -7 141 93 219 78
O R 0 5 93 94 218 125
R T 0 -1 94 109 219 125
T Space -3 1 109 109 171 62
Space E 3 1 109 110 3151 3042
E Back 1 -10 110 63 14664 14554
Back Oemcomma -3 5 63 171 422 359
Oemcomma Space -1 4 171 109 140 -31
Space W 3 2 109 156 312 203
W H -1 -4 156 94 140 -16
H E 1 3 94 125 172 78
E R 0 -1 125 156 140 15
R E 0 1 156 140 110 -46
E Space -3 -1 140 141 15 -125
Space P 3 -6 141 140 562 421
P E 0 7 140 187 234 94
E O 0 -6 187 78 249 62
O P 0 -1 78 63 390 312
P L -1 1 63 109 172 109
L E 1 6 109 141 140 31
E Space -3 -1 141 93 141 0
Space A 2 3 93 156 811 718
A R 1 -3 156 94 296 140
R E 0 1 94 94 203 109
E Space -3 -1 94 124 141 47
Space D 2 1 124 156 1060 936
D O 1 -6 156 125 172 16
O Back 1 -4 125 78 2246 2121
Back Back 0 0 78 94 172 94
Back S -2 11 94 141 842 748
S K 0 -6 141 94 250 109
K I 1 0 94 78 234 140
I I 0 0 78 78 156 78
I N -2 2 78 124 250 172
N G 1 1 124 110 202 78
G Space -2 1 110 125 78 -32
Space A 2 3 125 140 266 141
A N -1 -5 140 94 46 -94
N D 1 3 94 125 250 156
D Space -2 -1 125 125 78 -47
Space D 2 1 125 172 452 327
D O 1 -6 172 78 172 0
O I 0 1 78 63 187 109
I N -2 2 63 110 187 124
N G 1 1 110 109 375 265
G Space -2 1 109 109 156 47
Space V 1 0 109 94 327 218
V A 1 3 94 156 110 16
A R 1 -3 156 125 280 124
R I 0 -4 125 78 156 31
I O 0 -1 78 78 172 94
O U 0 2 78 78 203 125
U S -1 5 78 141 93 15
S Space -2 -2 141 109 110 -31
Space O 3 -5 109 93 468 359
O T 0 4 93 78 171 78
T H -1 -1 78 94 109 31
H E 1 3 94 94 125 31
E R 0 -1 94 109 203 109
R Space -3 0 109 110 140 31
Space R 3 0 110 63 2153 2043
R E 0 1 63 93 172 109
E C -2 0 93 94 171 78
C R 2 -1 94 93 188 94
R E 0 1 93 109 218 125
E A -1 2 109 140 1217 1108
A T 1 -4 140 172 374 234
T I 0 -3 172 62 250 78
I O 0 -1 62 62 156 94
O N -2 3 62 78 171 109
N A 1 5 78 140 141 63
A L 0 -8 140 156 109 -31
L Space -2 5 156 125 125 -31
Space A 2 3 125 110 561 436
A C -1 -2 110 94 281 171
C T 2 -2 94 109 234 140
T I 0 -3 109 93 172 63
I V -2 4 93 124 203 110
V I 2 -4 124 93 109 -15
I T 0 3 93 93 390 297
T I 0 -3 93 93 125 32
I E 0 5 93 78 280 187
E S -1 1 78 109 203 125
S OemPeriod -1 -7 109 125 265 156
OemPeriod Space -1 5 125 124 110 -15
Space LShiftKey 1 4 124 218 187 63
LShiftKey T 2 -5 218 78 156 -62
T H -1 -1 78 125 171 93
H E 1 3 125 140 110 -15
E Space -3 -1 140 125 109 -31
Space M 1 -3 125 78 2434 2309
M O 2 -2 78 78 249 171
O U 0 2 78 47 250 172
U N -2 1 47 78 187 140
N T 2 1 78 63 265 187
T A -1 4 63 156 125 62
A I 1 -7 156 78 234 78
I N -2 2 78 156 187 109
N Space -1 2 156 125 109 -47
Space I 3 -4 125 94 172 47
I S -1 6 94 125 140 46
S Space -2 -2 125 125 47 -78
Space C 1 1 125 140 250 125
C O 2 -6 140 78 125 -15
O V -2 5 78 78 499 421
V E 2 1 78 109 140 62
E R 0 -1 109 93 219 110
R Space -3 0 93 125 140 47
Space W 3 2 125 140 437 312
W I 0 -6 140 93 156 16
I T 0 3 93 109 187 94
T H -1 -1 109 141 62 -47
H Space -2 2 141 109 110 -31
Space S 2 2 109 124 702 593
S N -1 -4 124 63 93 -31
N O 2 -3 63 94 265 202
O W 0 7 94 125 203 109
W Space -3 -2 125 141 109 -16
Space Back 4 -9 141 140 10016 9875
Back Oemcomma -3 5 140 171 499 359
Oemcomma Space -1 4 171 94 171 0
Space A 2 3 94 156 63 -31
A N -1 -5 156 93 156 0
N D 1 3 93 156 125 32
D Space -2 -1 156 125 93 -63
Space P 3 -6 125 156 8143 8018
P E 0 7 156 125 328 172
E O 0 -6 125 93 203 78
O P 0 -1 93 78 218 125
P L -1 1 78 110 187 109
L E 1 6 110 156 110 0
E Space -3 -1 156 109 156 0
Space A 2 3 109 141 11122 11013
A R 1 -3 141 78 250 109
R E 0 1 78 109 203 125
E Space -3 -1 109 109 156 47
Space E 3 1 109 125 655 546
E N -2 -3 125 78 156 31
N J 1 -1 78 78 328 250
J O 1 -2 78 93 421 343
O Y 0 3 93 78 577 484
Y I 0 -2 78 94 296 218
I N -2 2 94 156 234 140
N G 1 1 156 109 188 32
G Space -2 1 109 109 78 -31
Space T 3 -1 109 78 187 78
T H -1 -1 78 93 47 -31
H E 1 3 93 109 171 78
E Space -3 -1 109 109 63 -46
Space S 2 2 109 140 608 499
S A 0 1 140 187 156 16
A M -1 -6 187 93 203 16
M E 2 4 93 140 156 63
E OemPeriod -2 -6 140 124 203 63
OemPeriod Space -1 5 124 109 187 63
Space LShiftKey 1 4 109 296 2340 2231
LShiftKey T 2 -5 296 62 281 -15
T H -1 -1 62 94 171 109
H E 1 3 94 125 109 15
E R 0 -1 125 125 156 31
R E 0 1 125 93 110 -15
E Space -3 -1 93 109 62 -31
Space I 3 -4 109 78 608 499
I S -1 6 78 125 156 78
S Space -2 -2 125 124 110 -15
Space A 2 3 124 125 1965 1841
A L 0 -8 125 109 203 78
L S 0 7 109 156 156 47
S O 1 -7 156 125 156 0
O Space -3 5 125 141 140 15
Space A 2 3 141 156 3729 3588
A Space -2 -3 156 156 156 0
Space R 3 0 156 94 218 62
R E 0 1 94 93 219 125
E I 0 -5 93 78 234 141
I N -2 2 78 94 218 140
N D 1 3 94 94 218 124
D E 1 0 94 93 219 125
E E 0 0 93 94 187 94
E R 0 -1 94 125 218 124
R Space -3 0 125 109 172 47
Space S 2 2 109 109 1217 1108
S L 0 -7 109 94 187 78
L E 1 6 94 141 109 15
E D -1 0 141 109 983 842
D G 0 -2 109 78 250 141
G E 1 2 78 125 109 31
E Space -3 -1 125 109 187 62
Space A 2 3 109 172 1794 1685
A N -1 -5 172 109 203 31
N D 1 3 109 156 125 16
D Space -2 -1 156 94 140 -16
Space A 2 3 94 141 265 171
A Space -2 -3 141 109 125 -16
Space P 3 -6 109 141 421 312
P E 0 7 141 124 141 0
E R 0 -1 124 62 234 110
R S -1 2 62 141 171 109
S O 1 -7 141 78 156 15
O N -2 3 78 140 203 125
N Space -1 2 140 62 156 16
Space I 3 -4 62 156 125 63
I S -1 6 156 156 140 -16
S Space -2 -2 156 156 63 -93
Space R 3 0 156 109 234 78
R I 0 -4 109 109 265 156
I D -1 5 109 156 483 374
D I 1 -5 156 78 203 47
I N -2 2 78 141 234 156
N G 1 1 141 109 125 -16
G Space -2 1 109 109 94 -15
Space T 3 -1 109 78 156 47
T H -1 -1 78 94 62 -16
H E 1 3 94 156 203 109
E Space -3 -1 156 109 140 -16
Space S 2 2 109 125 1045 936
S A 0 1 125 125 125 0
A M -1 -6 125 109 125 0
M E 2 4 109 109 187 78
E OemPeriod -2 -6 109 78 359 250
OemPeriod Space -1 5 78 125 125 47
Space LShiftKey 1 4 125 219 3057 2932
LShiftKey T 2 -5 219 78 172 -47
T H -1 -1 78 94 187 109
H E 1 3 94 110 109 15
E R 0 -1 110 109 141 31
R E 0 1 109 94 109 0
E Space -3 -1 94 110 62 -32
Space I 3 -4 110 109 406 296
I S -1 6 109 109 94 -15
S Space -2 -2 109 94 124 15
Space A 2 3 94 125 125 31
A L 0 -8 125 78 141 16
L S 0 7 78 125 93 15
S O 1 -7 125 141 109 -16
O Space -3 5 141 109 110 -31
Space A 2 3 109 141 171 62
A Space -2 -3 141 125 94 -47
Space S 2 2 125 172 327 202
S H 0 -4 172 109 484 312
H E 1 3 109 94 140 31
E D -1 0 94 109 203 109
D Space -2 -1 109 125 94 -15
Space I 3 -4 125 78 218 93
I N -2 2 78 156 203 125
N Space -1 2 156 109 125 -31
Space T 3 -1 109 125 62 -47
T H -1 -1 125 78 156 31
H E 1 3 78 125 109 31
E Space -3 -1 125 94 78 -47
Space P 3 -6 94 63 390 296
P I 0 2 63 93 219 156
I C -2 5 93 141 218 125
C T 2 -2 141 140 359 218
T U 0 -2 140 94 390 250
U R 0 3 94 78 203 109
R E 0 1 78 78 203 125
E Space -3 -1 78 140 109 31
Space W 3 2 140 125 390 250
W H -1 -4 125 63 171 46
H I 1 -2 63 94 203 140
I C -2 5 94 156 187 93
C H 1 -3 156 171 188 32
H Space -2 2 171 109 140 -31
Space M 1 -3 109 62 468 359
M I 2 -1 62 78 250 188
I G -1 3 78 141 280 202
G H 0 -1 141 110 156 15
H T 1 1 110 124 110 0
T Space -3 1 124 109 109 -15
Space B 1 -1 109 109 889 780
B E 2 2 109 109 109 0
E Space -3 -1 109 94 125 16
Space A 2 3 94 140 125 31
A Space -2 -3 140 94 140 0
Space S 2 2 94 110 343 249
S T 1 -3 110 94 281 171
T O 0 -4 94 94 156 62
O R 0 5 94 93 141 47
R A -1 3 93 172 202 109
A G 0 -4 172 93 188 16
G E 1 2 93 141 171 78
E Space -3 -1 141 94 125 -16
Space A 2 3 94 140 3978 3884
A R 1 -3 140 63 265 125
R E 0 1 63 62 172 109
E A -1 2 62 156 390 328
A Space -2 -3 156 125 390 234
Space F 2 0 125 110 639 514
F O 1 -5 110 94 156 46
O R 0 5 94 125 94 0
R Space -3 0 125 109 125 0
Space T 3 -1 109 78 109 0
T H -1 -1 78 94 140 62
H E 1 3 94 172 78 -16
E Space -3 -1 172 109 125 -47
Space S 2 2 109 109 4415 4306
S K 0 -6 109 94 265 156
K I 1 0 94 62 250 156
I I 0 0 62 78 140 78
I N -2 2 78 94 234 156
N G 1 1 94 156 109 15
G Space -2 1 156 109 141 -15
Space O 3 -5 109 140 1482 1373
O R 0 5 140 110 249 109
R Space -3 0 110 125 141 31
Space O 3 -5 125 109 546 421
O T 0 4 109 94 187 78
T H -1 -1 94 93 172 78
H E 1 3 93 125 140 47
E R 0 -1 125 94 234 109
R Space -3 0 94 125 109 15
Space E 3 1 125 78 2356 2231
E Back 1 -10 78 125 1170 1092
Back Back 0 0 125 141 998 873
Back Back 0 0 141 93 219 78
Back Back 0 0 93 93 187 94
Back Back 0 0 93 78 203 110
Back Back 0 0 78 78 202 124
Back Back 0 0 78 93 188 110
Back Back 0 0 93 93 187 94
Back Back 0 0 93 94 187 94
Back Back 0 0 94 94 187 93
Back Back 0 0 94 78 187 93
Back Back 0 0 78 78 188 110
Back Back 0 0 78 78 171 93
Back Back 0 0 78 78 187 109
Back Back 0 0 78 94 172 94
Back Back 0 0 94 125 203 109
Back Back 0 0 125 109 234 109
Back S -2 11 109 141 3057 2948
S T 1 -3 141 140 562 421
T R 0 1 140 156 608 468
R I 0 -4 156 78 203 47
I N -2 2 78 109 250 172
N G 1 1 109 125 78 -31
G Space -2 1 125 125 140 15
Space T 3 -1 125 93 141 16
T H -1 -1 93 94 93 0
H E 1 3 94 109 156 62
E Space -3 -1 109 109 78 -31
Space E 3 1 109 94 936 827
E Q 0 2 94 78 265 171
Q U 0 -6 78 62 266 188
U I 0 -1 62 78 187 125
I P 0 -2 78 93 390 312
P M -2 3 93 110 998 905
M E 2 4 110 156 172 62
E N -2 -3 156 78 172 16
N T 2 1 78 94 296 218
T S -1 3 94 140 156 62
S Space -2 -2 140 109 983 843
Space Back 4 -9 109 62 4945 4836
Back OemPeriod -3 4 62 93 2356 2294
OemPeriod O 2 0 93 125 9266 9173
O Space -3 5 125 125 9485 9360
Space LShiftKey 1 4 125 359 265 140
LShiftKey W 2 -2 359 140 281 -78
W E 0 -1 140 156 249 109
E Space -3 -1 156 125 78 -78
Space C 1 1 125 78 359 234
C A 1 2 78 124 141 63
A N -1 -5 124 156 156 32
N Space -1 2 156 94 124 -32
Space A 2 3 94 172 281 187
A L 0 -8 172 94 203 31
L S 0 7 94 125 140 46
S O 1 -7 125 140 94 -31
O Space -3 5 140 140 125 -15
Space S 2 2 140 109 234 94
S E 1 -1 109 94 218 109
E E 0 0 94 109 156 62
E Space -3 -1 109 125 125 16
Space A 2 3 125 156 140 15
A Space -2 -3 156 140 110 -46
Space P 3 -6 140 140 234 94
P E 0 7 140 109 156 16
E R 0 -1 109 78 202 93
R S -1 2 78 109 203 125
S O 1 -7 109 78 156 47
O N -2 3 78 156 203 125
N Space -1 2 156 140 94 -62
Space H 2 -2 140 78 546 406
H Back 2 -7 78 171 1326 1248
Back W -1 11 171 110 358 187
W H -1 -4 110 78 281 171
H O 1 -3 78 171 219 141
O Space -3 5 171 110 124 -47
Space S 2 2 110 94 718 608
S E 1 -1 94 78 218 124
E E 0 0 78 78 172 94
E M -2 -4 78 124 172 94
M S 1 5 124 125 93 -31
S Space -2 -2 125 124 141 16
Space T 3 -1 124 110 1060 936
T O 0 -4 110 140 110 0
O Space -3 5 140 125 93 -47
Space H 2 -2 125 93 297 172
H A 0 5 93 140 140 47
A V -1 -3 140 140 125 -15
V E 2 1 140 109 156 16
E Space -3 -1 109 125 93 -16
Space F 2 0 125 125 359 234
F O 1 -5 125 78 172 47
O L -1 0 78 78 265 187
L Back 2 -4 78 141 530 452
Back Back 0 0 141 156 390 249
Back A -2 12 156 125 468 312
A L 0 -8 125 78 266 141
L L 0 0 78 109 156 78
L E 1 6 109 125 171 62
E N -2 -3 125 156 219 94
N Space -1 2 156 156 109 -47
Space D 2 1 156 141 296 140
D O 1 -6 141 93 172 31
O W 0 7 93 124 281 188
W N -2 -4 124 156 156 32
N Space -1 2 156 140 109 -47
Space W 3 2 140 140 1435 1295
W H -1 -4 140 63 140 0
H I 1 -2 63 62 266 203
I L -1 -1 62 94 202 140
L E 1 6 94 140 141 47
E Space -3 -1 140 94 109 -31
Space T 3 -1 94 94 421 327
T R 0 1 94 140 172 78
R Y 0 -2 140 78 811 671
Y I 0 -2 78 78 281 203
I N -2 2 78 140 234 156
N G 1 1 140 141 171 31
G Space -2 1 141 140 94 -47
Space T 3 -1 140 125 187 47
T O 0 -4 125 141 109 -16
O Space -3 5 141 125 94 -47
Space S 2 2 125 172 842 717
S K 0 -6 172 78 905 733
K I 1 0 78 78 265 187
I I 0 0 78 78 1092 1014
I OemPeriod -2 -1 78 94 484 406
OemPeriod Space -1 5 94 78 608 514
Space Back 4 -9 78 62 1264 1186
Back Back 0 0 62 63 187 125
Back Back 0 0 63 63 468 405
Back OemPeriod -3 4 63 63 780 717
OemPeriod S 1 7 63 171 3136 3073
S V -1 -2 171 156 44522 44351
V I 2 -4 156 62 141 -15
I N -2 2 62 78 218 156
N A 1 5 78 202 94 16
A Y 1 -5 202 78 156 -46
Y G -1 1 78 109 795 717
G O 1 -4 109 78 702 593
O Y 0 3 78 78 328 250
Y A -1 5 78 140 125 47
A L 0 -8 140 110 280 140
L D2 2 7 110 124 344 234
D2 D0 0 -8 124 62 234 110
D0 D0 0 0 62 94 171 109
D0 D3 0 7 94 78 172 78
D3 LShiftKey -3 3 78 109 312 234
LShiftKey D1 3 -1 109 156 5852 5743
D1 D9 0 -8 156 109 250 94
D9 D2 0 7 109 125 421 312
D2 D8 0 -6 125 78 234 109
D8 D8 0 0 78 94 156 78
D8 D7 0 1 94 109 219 125
D7 LShiftKey -3 7 109 358 234 125
LShiftKey D2 3 -2 358 140 218 -140
D2 I -1 -6 140 78 265 125
I N -2 2 78 124 219 141
N F 1 2 124 156 530 406
F Y 1 -2 156 93 203 47
Y LShiftKey -2 6 93 1010 26402 26309
LShiftKey C 0 -3 1010 110 590 -420
C S 1 1 110 167 243 133
S Space -2 -2 167 165 207 40
Space LShiftKey 1 4 165 233 255 90
LShiftKey P 2 -10 233 133 160 -73
P R 0 6 133 142 313 180
R O 0 -5 142 82 192 50
O J -1 2 82 177 485 403
J Space -2 3 177 133 162 -15
Space D3 4 1 133 132 633 500
D3 Space -4 -1 132 82 1385 1253
Space F 2 0 82 153 367 285
F I 1 -4 153 83 240 87
I L -1 -1 83 132 198 115
L E 1 6 132 93 142 10
E S -1 1 93 102 218 125
S V -1 -2 102 87 2125 2023
V T 2 -1 87 172 66818 66731
T I 0 -3 172 63 152 -20
I M -2 1 63 100 223 160
M B 0 2 100 135 314 214
B E 2 2 135 118 145 10
E R 0 -1 118 92 243 125
R B -2 -1 92 185 73081 72989
B L 1 -4 185 95 205 20
L U 1 2 95 120 355 260
U E 0 4 120 115 515 395
E T 0 -2 115 135 1755 1640
T O 0 -4 135 52 235 100
O O 0 0 52 70 167 115
O T 0 4 70 122 1548 1478
T H -1 -1 122 188 162 40
H Space -2 2 188 135 280 92
Space H 2 -2 135 115 1095 960
H E 1 3 115 130 195 80
E A -1 2 130 173 300 170
A Back 2 -12 173 135 66202 66029
Back Back 0 0 135 85 2012 1877
Back E -1 10 85 103 2760 2675
E A -1 2 103 172 283 180
A R 1 -3 172 162 430 258
