Return LShiftKey -1 12 82 314 13574 13492
LShiftKey M 0 -7 314 60 164 -150
M Y 2 1 60 70 460 400
Y Space -3 2 70 70 130 60
Space LShiftKey 1 4 70 190 244 174
LShiftKey T 2 -5 190 80 80 -110
T H -1 -1 80 100 190 110
H I 1 -2 100 102 140 40
I R 0 4 102 80 354 252
R D -1 1 80 100 220 140
D Space -2 -1 100 120 170 70
Space S 2 2 120 110 220 100
S T 1 -3 110 106 260 150
T R 0 1 106 86 310 204
R Back 1 -9 86 100 538 452
Back O -1 4 100 60 290 190
O R 0 5 60 90 200 140
R Y 0 -2 90 70 180 90
Y Space -3 2 70 80 140 70
Space I 3 -4 80 130 130 50
I S -1 6 130 100 180 50
S Space -2 -2 100 102 70 -30
Space A 2 3 102 85 191 89
A B -1 -4 85 103 75 -10
B O 2 -4 103 89 145 42
O U 0 2 89 112 27 -62
U T 0 2 112 60 122 10
T Space -3 1 60 78 114 54
Space D 2 1 78 130 178 100
D E 1 0 130 140 140 10
E A -1 2 140 130 90 -50
A T 1 -4 130 90 220 90
T H -1 -1 90 70 120 30
H Z -1 5 70 120 6752 6682
Z Z 0 0 120 132 1502 1382
Z LShiftKey 0 1 132 372 1348 1216
LShiftKey M 0 -7 372 90 180 -192
M Y 2 1 90 50 262 172
Y Space -3 2 50 60 152 102
Space LShiftKey 1 4 60 436 442 382
LShiftKey T 2 -5 436 142 232 -204
T H -1 -1 142 180 848 706
H I 1 -2 180 130 100 -80
I R 0 4 130 82 140 10
R D -1 1 82 102 212 130
D Space -2 -1 102 130 192 90
Space S 2 2 130 127 200 70
S T 1 -3 127 109 549 422
T O 0 -4 109 90 179 70
O R 0 5 90 72 1354 1264
R Y 0 -2 72 82 398 326
Y I 0 -2 82 97 694 612
I S -1 6 97 114 143 46
S Back 2 -11 114 39 422 308
Back Back 0 0 39 88 131 92
Back Space -4 9 88 110 336 248
Space I 3 -4 110 70 302 192
I S -1 6 70 90 140 70
S Space -2 -2 90 92 112 22
Space A 2 3 92 112 162 70
A B -1 -4 112 167 139 27
B O 2 -4 167 82 167 0
O U 0 2 82 125 37 -45
U T 0 2 125 80 156 31
T Space -3 1 80 91 113 33
Space D 2 1 91 142 188 97
D E 1 0 142 142 162 20
E A -1 2 142 122 102 -40
A T 1 -4 122 80 312 190
T H -1 -1 80 60 320 240
H OemPeriod -1 -3 60 80 684 624
OemPeriod Return 1 -3 80 64 272 192
Return Return 0 0 64 60 452 388
Return Back 2 -1 60 82 592 532
Back Right -4 0 82 60 1970 1888
Right Right 0 0 60 50 150 90
Right Right 0 0 50 60 132 82
Right Right 0 0 60 40 130 70
Right Back 4 0 40 100 732 692
Back T -1 8 100 78 232 132
T LShiftKey -2 5 78 150 2690 2612
LShiftKey LShiftKey 0 0 150 310 420 270
LShiftKey W 2 -2 310 100 170 -140
W H -1 -4 100 75 222 122
H E 1 3 75 86 126 51
E LShiftKey -2 3 86 390 5158 5072
LShiftKey W 2 -2 390 130 220 -170
W H -1 -4 130 92 290 160
H E 1 3 92 116 142 50
E N -2 -3 116 92 92 -24
N Space -1 2 92 88 174 82
Space LShiftKey 1 4 88 266 280 192
LShiftKey I 2 -8 266 50 146 -120
I Space -3 4 50 90 130 80
Space W 3 2 90 80 172 82
W A -1 1 80 132 162 82
A S 0 -1 132 120 132 0
S Space -2 -2 120 110 270 150
Space D1 4 3 110 90 1312 1202
D1 D7 0 -6 90 102 250 160
D7 Oemcomma -3 -1 102 70 884 782
Oemcomma Space -1 4 70 76 172 102
Space LShiftKey 1 4 76 232 222 146
LShiftKey I 2 -8 232 71 70 -162
I Space -3 4 71 102 162 91
Space R 3 0 102 152 202 100
R E 0 1 152 169 132 -20
E A -1 2 169 122 110 -59
A D 0 -2 122 120 92 -30
D Space -2 -1 120 92 200 80
Space A 2 3 92 112 122 30
A Space -2 -3 112 91 162 50
Space Q 3 3 91 154 162 71
Q U 0 -6 154 172 266 112
U O 0 -2 172 100 182 10
O T 0 4 100 128 268 168
T E 0 2 128 110 98 -30
E Space -3 -1 110 92 330 220
Space T 3 -1 92 122 184 92
T H -1 -1 122 92 122 0
H A 0 5 92 132 122 30
A T 1 -4 132 102 82 -50
T Space -3 1 102 118 85 -17
Space W 3 2 118 62 219 101
W E 0 -1 62 90 846 784
E N -2 -3 90 92 132 42
N T 2 1 92 91 172 80
T Space -3 1 91 110 72 -19
Space S 2 2 110 110 180 70
S O 1 -7 110 153 130 20
O M -2 2 153 119 110 -43
M E 2 4 119 81 161 42
E T 0 -2 81 135 131 50
T H -1 -1 135 90 20 -115
H I 1 -2 90 133 121 31
I N -2 2 133 110 83 -50
N G 1 1 110 112 150 40
G Space -2 1 112 110 92 -20
Space I 3 -4 110 20 284 174
I Back 1 -5 20 80 582 562
Back L -2 4 80 182 604 524
L I 1 1 182 90 172 -10
I E 0 5 90 100 190 100
E K -1 -5 100 60 110 10
K Back 2 -5 60 50 536 476
Back Back 0 0 50 76 130 80
Back K -2 5 76 80 822 746
K E 1 5 80 112 170 90
E LShiftKey -2 3 112 640 432 320
LShiftKey Oem1 1 -10 640 72 406 -234
Oem1 Space -2 6 72 142 344 272
Space RShiftKey 1 -7 142 558 642 500
RShiftKey Oem7 1 0 558 80 320 -238
Oem7 Oem7 0 0 80 84 132 52
Oem7 Left -2 0 84 40 588 504
Left LShiftKey 1 11 40 252 1040 1000
LShiftKey LShiftKey 0 0 252 484 332 80
LShiftKey I 2 -8 484 75 342 -142
I F -1 4 75 100 322 247
F Space -2 0 100 100 232 132
Space Y 3 -2 100 91 605 505
Y O 0 -3 91 140 193 102
O U 0 2 140 132 70 -70
U Space -3 3 132 90 192 60
Space L 2 -5 90 80 130 40
L I 1 1 80 89 202 122
I V -2 4 89 170 194 105
V E 2 1 170 122 140 -30
E Space -3 -1 122 80 172 50
Space E 3 1 80 175 119 39
E A -1 2 175 154 135 -40
A C -1 -2 154 112 183 29
C H 1 -3 112 80 124 12
H Space -2 2 80 127 136 56
Space D 2 1 127 172 272 145
D A 0 2 172 140 112 -60
A Y 1 -5 140 62 422 282
Y Space -3 2 62 109 211 149
Space A 2 3 109 170 217 108
A S 0 -1 170 110 150 -20
S Space -2 -2 110 108 142 32
Space I 3 -4 108 71 142 34
I F -1 4 71 85 85 14
F Space -2 0 85 72 125 40
Space I 3 -4 72 72 172 100
I T 0 3 72 102 132 60
T Space -3 1 102 108 127 25
Space W 3 2 108 102 639 531
W A -1 1 102 154 264 162
A S 0 -1 154 113 120 -34
S Space -2 -2 113 75 160 47
Space O 3 -5 75 111 552 477
O U 0 2 111 122 40 -71
U R 0 3 122 80 172 50
R Space -3 0 80 92 120 40
Space L 2 -5 92 90 152 60
L A 0 8 90 146 176 86
A S 0 -1 146 157 96 -50
S T 1 -3 157 121 586 429
T Oemcomma -2 -3 121 82 612 491
Oemcomma Space -1 4 82 120 222 140
Space S 2 2 120 130 250 130
S O 1 -7 130 142 164 34
O M -2 2 142 118 64 -78
M E 2 4 118 154 188 70
E D -1 0 154 112 164 10
D A 0 2 112 122 242 130
A Y 1 -5 122 130 192 70
Y Space -3 2 130 110 300 170
Space Y 3 -2 110 142 2268 2158
Y O 0 -3 142 122 342 200
O U 0 2 122 80 92 -30
U Oem7 -1 -4 80 91 1050 970
Oem7 L 0 2 91 70 372 281
L L 0 0 70 80 152 82
L Space -2 5 80 122 692 612
Space M 1 -3 122 90 626 504
M O 2 -2 90 80 200 110
O S -1 7 80 122 190 110
S T 1 -3 122 80 252 130
T Space -3 1 80 100 122 42
Space E 3 1 100 70 330 230
E Back 1 -10 70 91 592 522
Back C -3 10 91 162 222 131
C E 2 0 162 132 192 30
E R 0 -1 132 122 252 120
R T 0 -1 122 100 252 130
T A -1 4 100 100 220 120
A I 1 -7 100 118 150 50
I N -2 2 118 122 90 -28
N L 1 -3 122 85 676 554
L Y 1 3 85 90 212 127
Y Space -3 2 90 120 214 124
Space B 1 -1 120 112 270 150
B E 2 2 112 90 192 80
E Space -3 -1 90 130 470 380
Space R 3 0 130 120 402 272
R I 0 -4 120 110 590 470
I G -1 3 110 110 270 160
G H 0 -1 110 82 130 20
H T 1 1 82 92 162 80
T OemPeriod -2 -4 92 90 1570 1478
OemPeriod Right -1 -4 90 160 816 726
Right Space 0 9 160 102 1838 1678
Space LShiftKey 1 4 102 190 242 140
LShiftKey I 2 -8 190 75 90 -100
I T 0 3 75 100 272 197
T Space -3 1 100 98 140 40
Space M 1 -3 98 88 184 86
M A 1 6 88 142 78 -10
A D 0 -2 142 192 182 40
D E 1 0 192 110 142 -50
E Space -3 -1 110 70 200 90
Space A 2 3 70 122 70 0
A N -1 -5 122 92 192 70
N Space -1 2 92 102 172 80
Space I 3 -4 102 132 282 180
I M -2 1 132 159 112 -20
M P 2 -3 159 100 664 505
P R 0 6 100 152 170 70
R E 0 1 152 122 122 -30
E S -1 1 122 222 222 100
S I 1 -6 222 159 312 90
I O 0 -1 159 114 40 -119
O N -2 3 114 181 50 -64
N Space -1 2 181 133 193 12
Space O 3 -5 133 142 103 -30
O N -2 3 142 155 79 -63
N Space -1 2 155 105 120 -35
Space M 1 -3 105 102 163 58
M E 2 4 102 82 180 78
E Space -3 -1 82 100 42 -40
Space Back 4 -9 100 70 574 474
Back Oemcomma -3 5 70 92 1042 972
Oemcomma Space -1 4 92 124 194 102
Space A 2 3 124 119 144 20
A N -1 -5 119 91 133 14
N D 1 3 91 120 151 60
D Space -2 -1 120 100 140 20
Space S 2 2 100 100 332 232
S I 1 -6 100 158 294 194
I N -2 2 158 122 90 -68
N C 0 3 122 150 172 50
C E 2 0 150 114 630 480
E Space -3 -1 114 113 164 50
Space T 3 -1 113 102 202 89
T H -1 -1 102 102 72 -30
H E 1 3 102 82 182 80
E N -2 -3 82 110 61 -21
N Space -1 2 110 139 128 18
Space Back 4 -9 139 60 585 446
Back Oemcomma -3 5 60 102 1162 1102
Oemcomma Space -1 4 102 112 135 33
Space F 2 0 112 110 161 49
F O 1 -5 110 100 70 -40
O R 0 5 100 100 204 104
R Space -3 0 100 100 280 180
Space T 3 -1 100 100 240 140
T H -1 -1 100 63 140 40
H E 1 3 63 123 196 133
E Space -3 -1 123 98 142 19
Space P 3 -6 98 88 150 52
P A -1 9 88 162 68 -20
A S 0 -1 162 80 222 60
S T 1 -3 80 103 231 151
T Space -3 1 103 100 163 60
Space D3 4 1 100 102 312 212
D3 D3 0 0 102 80 194 92
D3 Space -4 -1 80 121 412 332
Space Y 3 -2 121 100 484 363
Y E 0 3 100 140 220 120
E A -1 2 140 61 170 30
A R 1 -3 61 82 204 143
R S -1 2 82 90 192 110
S Space -2 -2 90 122 190 100
Space Back 4 -9 122 60 468 346
Back Oemcomma -3 5 60 75 279 219
Oemcomma Space -1 4 75 97 132 57
Space LShiftKey 1 4 97 172 187 90
LShiftKey I 2 -8 172 72 40 -132
I Space -3 4 72 92 82 10
Space H 2 -2 92 40 182 90
H A 0 5 40 112 110 70
A V -1 -3 112 132 192 80
V E 2 1 132 126 92 -40
E Space -3 -1 126 114 60 -66
Space L 2 -5 114 95 134 20
L O 1 0 95 50 192 97
O O 0 0 50 40 142 92
O K -1 1 40 92 110 70
K E 1 5 92 142 192 100
E D -1 0 142 112 122 -20
D Space -2 -1 112 96 184 72
Space I 3 -4 96 142 162 66
I N -2 2 142 152 60 -82
N Space -1 2 152 122 112 -40
Space T 3 -1 122 90 192 70
T H -1 -1 90 90 110 20
H E 1 3 90 95 152 62
E Space -3 -1 95 84 105 10
Space M 1 -3 84 40 207 123
M I 2 -1 40 100 152 112
I R 0 4 100 76 210 110
R R 0 0 76 60 182 106
R O 0 -5 60 60 70 10
O R 0 5 60 78 160 100
R Space -3 0 78 116 94 16
Space E 3 1 116 110 350 234
E V -2 -1 110 45 312 202
V E 2 1 45 132 152 107
E R 0 -1 132 112 92 -40
R Y 0 -2 112 100 82 -30
Y Space -3 2 100 112 150 50
Space M 1 -3 112 83 1001 889
M O 2 -2 83 93 172 89
O R 0 5 93 112 193 100
R N -2 -2 112 102 92 -20
N I 2 -2 102 152 102 0
I N -2 2 152 80 102 -50
N G 1 1 80 110 70 -10
G Space -2 1 110 30 262 152
Space A 2 3 30 122 92 62
A N -1 -5 122 70 164 42
N D 1 3 70 102 112 42
D Space -2 -1 102 92 92 -10
Space A 2 3 92 132 132 40
A S 0 -1 132 111 82 -50
S K 0 -6 111 87 122 11
K E 1 5 87 126 126 39
E D -1 0 126 120 114 -12
D Space -2 -1 120 86 86 -34
Space M 1 -3 86 119 121 35
M Y 2 1 119 88 199 80
Y S -1 4 88 120 232 144
S E 1 -1 120 80 180 60
E L -1 -6 80 102 150 70
L F 0 5 102 80 202 100
F LShiftKey -1 4 80 300 2174 2094
LShiftKey Oem1 1 -10 300 60 120 -180
Oem1 Space -2 6 60 130 430 370
Space RShiftKey 1 -7 130 3246 290 160
RShiftKey Oem7 1 0 3246 60 204 -3042
Oem7 Oem7 0 0 60 112 2920 2860
Oem7 Left -2 0 112 70 826 714
Left LShiftKey 1 11 70 280 642 572
LShiftKey I 2 -8 280 70 220 -60
I F -1 4 70 110 260 190
F Space -2 0 110 92 140 30
Space T 3 -1 92 92 504 412
T O 0 -4 92 98 434 342
O D -1 6 98 160 262 164
D A 0 2 160 110 120 -40
A Y 1 -5 110 84 120 10
Y Space -3 2 84 100 192 108
Space W 3 2 100 122 462 362
W E 0 -1 122 130 152 30
E R 0 -1 130 160 120 -10
R E 0 1 160 100 130 -30
E Space -3 -1 100 134 80 -20
Space H 2 -2 134 102 372 238
H T 1 1 102 102 112 10
T E 0 2 102 100 112 10
E Space -3 -1 100 102 50 -50
Space L 2 -5 102 70 177 75
L S 0 7 70 90 189 119
S Back 2 -11 90 40 584 494
Back Back 0 0 40 40 150 110
Back Back 0 0 40 40 122 82
Back Back 0 0 40 72 102 62
Back Back 0 0 72 63 150 78
Back Back 0 0 63 112 504 441
Back T -1 8 112 138 282 170
T H -1 -1 138 99 123 -15
H E 1 3 99 122 159 60
E Space -3 -1 122 132 82 -40
Space L 2 -5 132 50 222 90
L A 0 8 50 162 150 100
A S 0 -1 162 122 112 -50
S T 1 -3 122 110 242 120
T Space -3 1 110 142 120 10
Space D 2 1 142 82 229 87
D A 0 2 82 148 31 -51
A Y 1 -5 148 101 151 3
Y Space -3 2 101 122 255 154
Space O 3 -5 122 90 584 462
O F -1 5 90 110 140 50
F Space -2 0 110 90 90 -20
Space M 1 -3 90 92 172 82
M Y 2 1 92 92 92 0
Y Space -3 2 92 135 112 20
Space L 2 -5 135 102 90 -45
L I 1 1 102 106 164 62
I F -1 4 106 143 212 106
F E 1 1 143 93 100 -43
E Oemcomma -2 -5 93 80 1022 929
Oemcomma Space -1 4 80 110 230 150
Space W 3 2 110 100 190 80
W O 0 -7 100 149 135 35
O U 0 2 149 102 129 -20
U L -1 -2 102 97 182 80
L Space -2 5 97 90 302 205
Space Back 4 -9 90 77 402 312
Back D -2 10 77 122 142 65
D Space -2 -1 122 118 247 125
Space LShiftKey 1 4 118 310 269 151
LShiftKey I 2 -8 310 80 220 -90
I Space -3 4 80 122 140 60
Space W 3 2 122 190 132 10
W A -1 1 190 123 220 30
A N -1 -5 123 62 184 61
N T 2 1 62 100 174 112
T Space -3 1 100 90 160 60
Space T 3 -1 90 92 170 80
T O 0 -4 92 103 42 -50
O Space -3 5 103 90 127 24
Space D 2 1 90 132 407 317
D O 1 -6 132 72 122 -10
O Space -3 5 72 132 102 30
Space W 3 2 132 140 352 220
W H -1 -4 140 92 242 102
H A 0 5 92 150 204 112
A T 1 -4 150 90 180 30
T Space -3 1 90 100 122 32
Space LShiftKey 1 4 100 236 292 192
LShiftKey I 2 -8 236 80 120 -116
I Space -3 4 80 102 132 52
Space A 2 3 102 110 172 70
A M -1 -6 110 40 160 50
M Space -1 3 40 102 50 10
Space A 2 3 102 102 214 112
A B -1 -4 102 130 152 50
B U 2 -2 130 137 242 112
U O 0 -2 137 28 64 -73
O T 0 4 28 90 202 174
T Space -3 1 90 82 134 44
Space T 3 -1 82 80 132 50
T O 0 -4 80 70 70 -10
O Space -3 5 70 112 122 52
Space D 2 1 112 112 202 90
D O 1 -6 112 60 122 10
O Space -3 5 60 112 150 90
Space T 3 -1 112 102 284 172
T O 0 -4 102 90 112 10
O D -1 6 90 182 250 160
D A 0 2 182 122 192 10
A Y 1 -5 122 122 124 2
Y LShiftKey -2 6 122 362 888 766
LShiftKey OemQuestion 0 -10 362 70 220 -142
OemQuestion Left -1 -1 70 77 544 474
Left Left 0 0 77 998 234 157
Left Right 0 -2 998 160 1488 490
Right Back 4 0 160 60 1266 1106
Back Right -4 0 60 89 489 429
Right U 3 6 89 80 2015 1926
U S -1 5 80 56 3094 3014
S Space -2 -2 56 101 2340 2284
Space LShiftKey 1 4 101 672 211 110
LShiftKey A 1 -1 672 82 550 -122
A N -1 -5 82 110 558 476
N D 1 3 110 93 532 422
D Space -2 -1 93 100 162 69
Space W 3 2 100 110 190 90
W H -1 -4 110 100 130 20
H E 1 3 100 140 202 102
E N -2 -3 140 75 307 167
N E 2 3 75 152 239 164
E V -2 -1 152 152 222 70
V E 2 1 152 152 342 190
E R 0 -1 152 112 122 -30
R Space -3 0 112 112 174 62
Space T 3 -1 112 92 222 110
T H -1 -1 92 110 112 20
H E 1 3 110 123 150 40
E Space -3 -1 123 105 177 54
Space A 2 3 105 132 165 60
A N -1 -5 132 90 172 40
N S 1 4 90 112 120 30
S W 1 0 112 170 264 152
W E 0 -1 170 180 170 0
E R 0 -1 180 117 150 -30
R Space -3 0 117 102 119 2
Space H 2 -2 102 72 183 81
H A 0 5 72 90 152 80
A S 0 -1 90 122 60 -30
S Space -2 -2 122 72 142 20
Space B 1 -1 72 100 204 132
B E 2 2 100 82 200 100
E E 0 0 82 92 164 82
E N -2 -3 92 100 122 30
N Space -1 2 100 92 160 60
Space RShiftKey 1 -7 92 413 868 776
RShiftKey Oem7 1 0 413 78 150 -263
Oem7 Oem7 0 0 78 110 132 54
Oem7 Left -2 0 110 110 352 242
Left LShiftKey 1 11 110 394 572 462
LShiftKey N 0 -6 394 78 150 -244
N O 2 -3 78 59 246 168
O Right -3 -4 59 60 1002 943
Right Space 0 9 60 95 922 862
Space F 2 0 95 122 244 149
F O 1 -5 122 70 922 800
O R 0 5 70 115 144 74
R Space -3 0 115 72 148 33
Space T 3 -1 72 92 276 204
T O 0 -4 92 63 112 20
O O 0 0 63 80 132 69
O Space -3 5 80 108 131 51
Space M 1 -3 108 81 233 125
M A 1 6 81 102 182 101
A N -1 -5 102 78 92 -10
N Y 2 0 78 60 222 144
Y Space -3 2 60 80 150 90
Space D 2 1 80 175 190 110
D A 0 2 175 112 161 -14
A Y 1 -5 112 43 128 16
Y S -1 4 43 90 133 90
S Space -2 -2 90 90 90 0
Space I 3 -4 90 144 170 80
I N -2 2 144 112 70 -74
N Space -1 2 112 70 122 10
Space A 2 3 70 90 130 60
A Space -2 -3 90 97 106 16
Space R 3 0 97 128 702 605
R O 0 -5 128 82 158 30
O Q 0 8 82 120 342 260
Q Oemcomma -2 -7 120 80 430 310
Oemcomma Space -1 4 80 112 182 102
Space LShiftKey 1 4 112 254 232 120
LShiftKey I 2 -8 254 68 93 -161
I Space -3 4 68 80 351 283
Space K 2 -4 80 150 150 70
K N -1 2 150 152 120 -30
N O 2 -3 152 60 142 -10
O W 0 7 60 112 130 70
W Space -3 -2 112 90 132 20
Space LShiftKey 1 4 90 172 202 112
LShiftKey I 2 -8 172 92 30 -142
I Space -3 4 92 82 152 60
Space N 1 -2 82 69 212 130
N E 2 3 69 90 142 73
E E 0 0 90 121 181 91
E D -1 0 121 110 124 3
D Space -2 -1 110 97 130 20
Space T 3 -1 97 100 157 60
T O 0 -4 100 90 100 0
O Space -3 5 90 120 80 -10
Space C 1 1 120 132 150 30
C H 1 -3 132 89 92 -40
H A 0 5 89 112 152 63
A N -1 -5 112 92 92 -20
N G 1 1 92 140 232 140
G E 1 2 140 120 100 -40
E Space -3 -1 120 112 130 10
Space S 2 2 112 145 432 320
S O 1 -7 145 157 130 -15
O M -2 2 157 98 96 -61
M E 2 4 98 117 151 53
E T 0 -2 117 100 367 250
T H -1 -1 100 80 192 92
H I 1 -2 80 180 70 -10
I N -2 2 180 92 140 -40
N G 1 1 92 82 122 30
G OemPeriod -1 -4 82 60 866 784
OemPeriod Left -1 -2 60 240 464 404
Left Left 0 0 240 60 360 120
Left Left 0 0 60 70 242 182
Left Left 0 0 70 40 200 130
Left Left 0 0 40 20 250 210
Left Left 0 0 20 80 140 120
Left Left 0 0 80 60 220 140
Left Left 0 0 60 64 180 120
Left Left 0 0 64 100 192 128
Left Left 0 0 100 80 690 590
Left Left 0 0 80 70 470 390
Left Back 4 -2 70 87 610 540
Back W -1 11 87 87 136 49
W Right -3 -11 87 150 928 841
Right Return 2 1 150 70 2382 2232
Return Return 0 0 70 40 172 102
Return LShiftKey -1 12 40 280 404 364
LShiftKey R 2 -4 280 100 200 -80
R E 0 1 100 95 264 164
E M -2 -4 95 100 168 73
M E 2 4 100 92 170 70
E M -2 -4 92 93 112 20
M B 0 2 93 66 1896 1803
B E 2 2 66 143 172 106
E R 0 -1 143 108 146 3
R I 0 -4 108 133 143 35
I N -2 2 133 100 73 -60
N G 1 1 100 102 152 52
G Space -2 1 102 122 142 40
Space T 3 -1 122 152 194 72
T H -1 -1 152 70 112 -40
H A 0 5 70 142 192 122
A Space -2 -3 142 102 212 70
Space LShiftKey 1 4 102 342 334 232
LShiftKey LShiftKey 0 0 342 300 542 200
LShiftKey I 2 -8 300 60 100 -200
I Oem7 -1 -3 60 70 532 472
Oem7 LShiftKey -1 11 70 396 222 152
LShiftKey L 1 -9 396 63 130 -266
L L 0 0 63 26 151 88
L Back 2 -4 26 30 551 525
Back Back 0 0 30 50 122 92
Back Back 0 0 50 62 620 570
Back Back 0 0 62 150 132 70
Back Back 0 0 150 71 394 244
Back T -1 8 71 110 520 449
T Space -3 1 110 92 162 52
Space LShiftKey 1 4 92 360 434 342
LShiftKey I 2 -8 360 70 180 -180
I Return -1 -4 70 60 524 454
Return Back 2 -1 60 70 844 784
Back Oem7 -2 2 70 64 954 884
Oem7 L 0 2 64 71 817 753
L L 0 0 71 90 123 52
L Space -2 5 90 70 612 522
Space B 1 -1 70 100 372 302
B E 2 2 100 92 200 100
E Space -3 -1 92 110 112 20
Space D 2 1 110 190 182 72
D E 1 0 190 161 150 -40
E A -1 2 161 149 104 -57
A D 0 -2 149 110 122 -27
D Space -2 -1 110 130 173 63
Space S 2 2 130 120 333 203
S O 1 -7 120 42 160 40
O O 0 0 42 92 132 90
O N -2 3 92 100 162 70
N Space -1 2 100 82 170 70
Space I 3 -4 82 80 152 70
I S -1 6 80 60 180 100
S Space -2 -2 60 105 100 40
Space T 3 -1 105 102 212 107
T H -1 -1 102 77 112 10
H E 1 3 77 102 162 85
E Space -3 -1 102 88 72 -30
Space M 1 -3 88 80 202 114
M O 2 -2 80 100 190 110
O S -1 7 100 100 190 90
S T 1 -3 100 80 250 150
T Space -3 1 80 92 110 30
Space I 3 -4 92 82 382 290
I M -2 1 82 100 242 160
M P 2 -3 100 87 150 50
P O 0 1 87 70 374 287
O R 0 5 70 140 290 220
R T 0 -1 140 120 180 40
T A -1 4 120 120 220 100
A N -1 -5 120 91 210 90
N T 2 1 91 102 192 101
T Space -3 1 102 72 152 50
Space T 3 -1 72 105 152 80
T O 0 -4 105 60 112 7
O O 0 0 60 75 140 80
O L -1 0 75 74 201 126
L Space -2 5 74 120 125 51
Space LShiftKey 1 4 120 295 290 170
LShiftKey I 2 -8 295 55 143 -152
I Oem7 -1 -3 55 72 449 394
Oem7 V -1 7 72 150 644 572
V E 2 1 150 92 726 576
E Space -3 -1 92 140 262 170
Space E 3 1 140 132 430 290
E V -2 -1 132 130 162 30
V E 2 1 130 110 160 30
E R 0 -1 110 102 120 10
R Space -3 0 102 113 163 61
Space E 3 1 113 120 253 140
E N -2 -3 120 90 434 314
N C 0 3 90 110 250 160
C O 2 -6 110 182 130 20
O U 0 2 182 172 152 -30
U N -2 1 172 110 102 -70
N T 2 1 110 92 180 70
T E 0 2 92 102 242 150
E R 0 -1 102 124 132 30
R E 0 1 124 188 152 28
E D -1 0 188 93 191 3
D Space -2 -1 93 105 263 170
Space T 3 -1 105 59 235 130
T O 0 -4 59 60 119 60
O Space -3 5 60 92 180 120
Space H 2 -2 92 92 202 110
H E 1 3 92 100 162 70
E L -1 -6 100 70 110 10
L P 1 -1 70 82 200 130
P Space -3 6 82 78 102 20
Space M 1 -3 78 79 185 107
M E 2 4 79 100 149 70
E Space -3 -1 100 74 90 -10
Space M 1 -3 74 90 142 68
M A 1 6 90 106 109 19
A K 0 -7 106 80 125 19
K E 1 5 80 85 107 27
E Space -3 -1 85 84 111 26
Space T 3 -1 84 142 118 34
T H -1 -1 142 72 112 -30
H E 1 3 72 100 152 80
E Space -3 -1 100 90 102 2
Space B 1 -1 90 80 192 102
B I 2 -3 80 90 454 374
I G -1 3 90 70 212 122
G Space -2 1 70 80 120 50
Space C 1 1 80 102 150 70
C H 1 -3 102 77 239 137
H O 1 -3 77 92 107 30
O I 0 1 92 82 162 70
I C -2 5 82 131 166 84
C E 2 0 131 115 93 -38
E S -1 1 115 112 165 50
S Space -2 -2 112 122 82 -30
Space I 3 -4 122 132 112 -10
I N -2 2 132 80 92 -40
N Space -1 2 80 80 50 -30
Space L 2 -5 80 152 132 52
L I 1 1 152 102 132 -20
I F -1 4 102 100 1474 1372
F E 1 1 100 122 30 -70
E OemPeriod -2 -6 122 82 182 60
OemPeriod Space -1 5 82 130 172 90
Space LShiftKey 1 4 130 200 390 260
LShiftKey B 0 -5 200 60 130 -70
B E 2 2 60 87 192 132
E C -2 0 87 170 176 89
C A 1 2 170 120 139 -31
A U 1 -6 120 60 227 107
U S -1 5 60 80 220 160
S E 1 -1 80 80 202 122
E Space -3 -1 80 92 110 30
Space A 2 3 92 132 484 392
A L 0 -8 132 64 112 -20
L M -1 2 64 92 716 652
M O 2 -2 92 60 192 100
O S -1 7 60 102 100 40
S T 1 -3 102 73 192 90
T Space -3 1 73 92 92 19
Space E 3 1 92 132 184 92
E V -2 -1 132 180 548 416
V E 2 1 180 90 240 60
E R 0 -1 90 82 122 32
R Y 0 -2 82 81 202 120
Y T 0 1 81 100 504 423
T H -1 -1 100 122 80 -20
H I 1 -2 122 177 142 20
I N -2 2 177 135 102 -75
N G 1 1 135 120 232 97
G Space -2 1 120 132 830 710
Space OemMinus 4 -7 132 69 202 70
OemMinus Space -4 7 69 91 132 63
Space A 2 3 91 132 774 683
A L 0 -8 132 60 182 50
L L 0 0 60 62 160 100
L Space -2 5 62 122 72 10
Space E 3 1 122 85 172 50
E X -2 1 85 100 214 129
X T 2 -3 100 107 252 152
T E 0 2 107 119 233 126
E R 0 -1 119 110 109 -10
R N -2 -2 110 80 210 100
N A 1 5 80 129 152 72
A L 0 -8 129 72 60 -69
L Space -2 5 72 122 112 40
Space E 3 1 122 90 148 26
E X -2 1 90 70 230 140
X P 2 -8 70 83 75 5
P E 0 7 83 79 219 136
E C -2 0 79 112 212 133
C T 2 -2 112 56 264 152
T A -1 4 56 145 184 128
A T 1 -4 145 101 93 -52
T I 0 -3 101 161 121 20
I O 0 -1 161 82 69 -92
O N -2 3 82 62 53 -29
N Oemcomma 0 -2 62 102 244 182
Oemcomma Space -1 4 102 131 623 521
Space Back 4 -9 131 50 533 402
Back Back 0 0 50 35 190 140
Back S -2 11 35 68 252 217
S Oemcomma -1 -6 68 70 1224 1156
Oemcomma Space -1 4 70 90 130 60
Space A 2 3 90 102 150 60
A L 0 -8 102 53 99 -3
L L 0 0 53 72 113 60
L Space -2 5 72 132 117 45
Space P 3 -6 132 78 101 -31
P R 0 6 78 110 174 96
R I 0 -4 110 80 150 40
I D -1 5 80 124 170 90
D E 1 0 124 124 90 -34
E Oemcomma -2 -5 124 84 158 34
Oemcomma Space -1 4 84 90 154 70
Space A 2 3 90 130 190 100
A L 0 -8 130 50 110 -20
L L 0 0 50 60 140 90
L Space -2 5 60 122 122 62
Space F 2 0 122 140 272 150
F E 1 1 140 158 229 89
E A -1 2 158 144 123 -35
A R 1 -3 144 100 111 -33
R Space -3 0 100 79 102 2
Space O 3 -5 79 72 161 82
O F -1 5 72 110 1686 1614
F Space -2 0 110 107 178 68
Space E 3 1 107 110 187 80
E M -2 -4 110 60 170 60
M B 0 2 60 72 282 222
B A 1 4 72 130 132 60
A R 1 -3 130 82 1154 1024
R R 0 0 82 102 204 122
R A -1 3 102 112 794 692
A S 0 -1 112 77 302 190
S S 0 0 77 100 142 65
S M -1 -5 100 104 532 432
M E 2 4 104 112 224 120
E N -2 -3 112 60 204 92
N T 2 1 60 132 210 150
T Space -3 1 132 101 244 112
Space O 3 -5 101 90 132 31
O R 0 5 90 100 500 410
R Space -3 0 100 110 170 70
Space F 2 0 110 102 140 30
F A 0 3 102 156 142 40
A I 1 -7 156 105 125 -31
I L -1 -1 105 87 87 -18
L U 1 2 87 61 182 95
U R 0 3 61 133 161 100
R E 0 1 133 127 79 -54
E Space -3 -1 127 90 712 585
Space OemMinus 4 -7 90 60 432 342
OemMinus Space -4 7 60 110 140 80
Space T 3 -1 110 116 252 142
T H -1 -1 116 72 39 -77
H E 1 3 72 40 323 251
E S -1 1 40 72 942 902
S E 1 -1 72 80 606 534
E Space -3 -1 80 112 272 192
Space T 3 -1 112 110 276 164
T H -1 -1 110 70 780 670
H I 1 -2 70 145 190 120
I N -2 2 145 114 72 -73
N G 1 1 114 100 232 118
G S 0 3 100 112 372 272
S Space -2 -2 112 132 214 102
Space J 2 -3 132 72 302 170
J U 1 0 72 81 172 100
U S -1 5 81 110 688 607
S T 1 -3 110 102 220 110
T Space -3 1 102 122 212 110
Space F 2 0 122 106 342 220
F A 0 3 106 132 162 56
A L 0 -8 132 50 142 10
L L 0 0 50 91 132 82
L Space -2 5 91 136 118 27
Space A 2 3 136 90 438 302
A W 1 -1 90 132 230 140
W A -1 1 132 122 212 80
A Y 1 -5 122 82 2350 2228
Y Space -3 2 82 82 174 92
Space I 3 -4 82 144 170 88
I N -2 2 144 139 87 -57
N Space -1 2 139 90 109 -30
Space T 3 -1 90 90 270 180
T H -1 -1 90 102 170 80
H E 1 3 102 85 162 60
E Space -3 -1 85 97 102 17
Space F 2 0 97 90 232 135
F A 0 3 90 126 178 88
A C -1 -2 126 140 216 90
C E 2 0 140 122 90 -50
E Space -3 -1 122 122 152 30
Space O 3 -5 122 97 152 30
O F -1 5 97 118 278 181
F Space -2 0 118 164 148 30
Space D 2 1 164 190 184 20
D E 1 0 190 150 170 -20
E A -1 2 150 102 90 -60
A T 1 -4 102 100 686 584
T H -1 -1 100 92 160 60
H Oemcomma -1 -2 92 82 544 452
Oemcomma Space -1 4 82 89 192 110
Space L 2 -5 89 74 126 37
L E 1 6 74 102 246 172
E A -1 2 102 157 57 -45
A V -1 -3 157 102 187 30
V I 2 -4 102 152 172 70
I N -2 2 152 122 80 -72
N G 1 1 122 130 212 90
G Space -2 1 130 120 220 90
Space O 3 -5 120 100 180 60
O N -2 3 100 122 70 -30
N L 1 -3 122 68 174 52
L Y 1 3 68 106 218 150
Y Space -3 2 106 110 146 40
Space W 3 2 110 70 772 662
W H -1 -4 70 72 202 132
H A 0 5 72 130 112 40
A T 1 -4 130 110 174 44
T Space -3 1 110 132 80 -30
Space S 2 2 132 78 217 85
S Space -2 -2 78 130 117 39
Space Back 4 -9 130 82 1200 1070
Back Back 0 0 82 60 204 122
Back I -1 5 60 75 494 434
I S -1 6 75 90 122 47
S Space -2 -2 90 112 100 10
Space T 3 -1 112 122 172 60
T R 0 1 122 120 342 220
R U 0 -3 120 50 270 150
U L -1 -2 50 80 190 140
L Y 1 3 80 69 1780 1700
Y Space -3 2 69 102 234 165
Space I 3 -4 102 112 214 112
I M -2 1 112 111 122 10
M P 2 -3 111 120 122 11
P O 0 1 120 122 90 -30
O R 0 5 122 76 194 72
R T 0 -1 76 112 130 54
T A -1 4 112 112 194 82
A N -1 -5 112 100 142 30
N T 2 1 100 120 152 52
T Oemcomma -2 -3 120 112 100 -20
Oemcomma Back 3 -5 112 60 686 574
Back OemPeriod -3 4 60 62 374 314
OemPeriod Space -1 5 62 110 132 70
Space LShiftKey 1 4 110 213 170 60
LShiftKey R 2 -4 213 102 144 -69
R E 0 1 102 130 342 240
E M -2 -4 130 79 220 90
M E 2 4 79 82 354 275
E M -2 -4 82 110 842 760
M B 0 2 110 82 384 274
B E 2 2 82 109 224 142
E R 0 -1 109 127 157 48
R I 0 -4 127 160 247 120
I N -2 2 160 90 110 -50
N G 1 1 90 132 132 42
G Space -2 1 132 112 182 50
Space T 3 -1 112 130 162 50
T H -1 -1 130 70 120 -10
H A 0 5 70 162 130 60
A T 1 -4 162 92 132 -30
T Space -3 1 92 105 102 10
Space Y 3 -2 105 112 282 177
Y O 0 -3 112 82 214 102
O U 0 2 82 114 40 -42
U Space -3 3 114 90 144 30
Space A 2 3 90 132 290 200
A R 1 -3 132 142 142 10
R E 0 1 142 139 113 -29
E Space -3 -1 139 132 119 -20
Space G 2 -1 132 108 332 200
G O 1 -4 108 162 112 4
O I 0 1 162 159 85 -77
I N -2 2 159 144 57 -102
N G 1 1 144 142 154 10
G Space -2 1 142 89 125 -17
Space T 3 -1 89 90 241 152
T O 0 -4 90 102 20 -70
O Space -3 5 102 100 162 60
Space I 3 -4 100 30 340 240
I Back 1 -5 30 92 420 390
Back D -2 10 92 110 184 92
D I 1 -5 110 56 118 8
I E 0 5 56 80 238 182
E Space -3 -1 80 121 218 138
Space I 3 -4 121 85 204 83
I S -1 6 85 110 192 107
S Space -2 -2 110 90 120 10
Space T 3 -1 90 107 155 65
T H -1 -1 107 72 97 -10
H Space -2 2 72 100 182 110
Space Back 4 -9 100 90 668 568
Back E -1 10 90 50 280 190
E Space -3 -1 50 52 264 214
Space B 1 -1 52 82 204 152
B E 2 2 82 122 152 70
E S -1 1 122 94 172 50
S T 1 -3 94 90 202 108
T Space -3 1 90 102 150 60
Space W 3 2 102 152 182 80
W A -1 1 152 102 182 30
A Y 1 -5 102 92 142 40
Y Space -3 2 92 80 202 110
Space T 3 -1 80 79 317 237
T Back 1 -8 79 107 349 270
Back LShiftKey -3 13 107 282 332 225
LShiftKey I 2 -8 282 75 90 -192
I Space -3 4 75 92 182 107
Space K 2 -4 92 152 132 40
K N -1 2 152 131 112 -40
N O 2 -3 131 82 110 -21
O W 0 7 82 72 462 380
W Space -3 -2 72 100 204 132
Space T 3 -1 100 113 162 62
T O 0 -4 113 85 78 -35
O Space -3 5 85 120 98 13
Space A 2 3 120 132 146 26
A V -1 -3 132 90 222 90
V O 2 -5 90 80 110 20
O I 0 1 80 132 50 -30
I D -1 5 132 101 192 60
D Space -2 -1 101 90 182 81
Space T 3 -1 90 80 414 324
T H -1 -1 80 74 120 40
H E 1 3 74 90 556 482
E Space -3 -1 90 127 140 50
Space T 3 -1 127 112 162 35
T R 0 1 112 120 272 160
R A -1 3 120 122 170 50
A P 1 -9 122 76 87 -35
P Space -3 6 76 92 117 41
Space O 3 -5 92 90 122 30
O F -1 5 90 53 160 70
F Space -2 0 53 121 82 29
Space T 3 -1 121 120 142 21
T I 0 -3 120 119 200 80
I Back 1 -5 119 100 534 415
Back H -2 7 100 75 770 670
H I 1 -2 75 70 998 923
I N -2 2 70 82 160 90
N K 1 -2 82 50 162 80
K I 1 0 50 136 170 120
I N -2 2 136 104 74 -62
N G 1 1 104 119 179 75
G Space -2 1 119 72 99 -20
Space Y 3 -2 72 110 2270 2198
Y O 0 -3 110 120 220 110
O U 0 2 120 110 40 -80
U Space -3 3 110 100 180 70
Space H 2 -2 100 74 159 59
H A 0 5 74 130 757 683
A V -1 -3 130 182 170 40
V E 2 1 182 109 142 -40
E Space -3 -1 109 110 152 43
Space S 2 2 110 112 172 62
S O 1 -7 112 100 202 90
O M -2 2 100 100 130 30
M E 2 4 100 82 182 82
E T 0 -2 82 105 194 112
T H -1 -1 105 91 123 18
H I 1 -2 91 192 61 -30
I N -2 2 192 84 188 -4
N G 1 1 84 100 64 -20
G Space -2 1 100 110 220 120
Space T 3 -1 110 100 380 270
T O 0 -4 100 83 120 20
O Space -3 5 83 102 132 49
Space L 2 -5 102 100 202 100
L O 1 0 100 50 230 130
O S -1 7 50 92 162 112
S E 1 -1 92 76 218 126
E OemPeriod -2 -6 76 72 628 552
OemPeriod Space -1 5 72 94 162 90
Space LShiftKey 1 4 94 796 212 118
LShiftKey Y 2 -6 796 72 614 -182
Y O 0 -3 72 100 916 844
O U 0 2 100 70 110 10
U Space -3 3 70 100 450 380
Space A 2 3 100 175 241 141
A R 1 -3 175 160 205 30
R E 0 1 160 93 170 10
E Space -3 -1 93 106 202 109
Space A 2 3 106 122 174 68
A L 0 -8 122 92 92 -30
L R 1 5 92 190 212 120
R E 0 1 190 136 170 -20
E A -1 2 136 162 80 -56
A D 0 -2 162 142 122 -40
D Y 1 -3 142 100 132 -10
Y Space -3 2 100 96 186 86
Space N 1 -2 96 98 236 140
N A 1 5 98 112 162 64
A K 0 -7 112 80 132 20
K E 1 5 80 152 210 130
E D -1 0 152 80 142 -10
D OemPeriod -1 -6 80 69 172 92
OemPeriod Space -1 5 69 100 202 133
Space T 3 -1 100 110 364 264
T LShiftKey -2 5 110 180 170 60
LShiftKey Back 3 -13 180 102 900 720
Back LShiftKey -3 13 102 404 244 142
LShiftKey T 2 -5 404 83 232 -172
T H -1 -1 83 60 324 241
H E 1 3 60 110 220 160
E R 0 -1 110 130 140 30
R E 0 1 130 80 110 -20
E Space -3 -1 80 72 170 90
Space I 3 -4 72 81 192 120
I S -1 6 81 92 142 61
S Space -2 -2 92 110 122 30
Space N 1 -2 110 108 200 90
N O 2 -3 108 112 110 2
O Space -3 5 112 136 216 104
Space R 3 0 136 150 706 570
R E 0 1 150 132 190 40
E A -1 2 132 142 514 382
A S 0 -1 142 90 254 112
S O 1 -7 90 102 170 80
O N -2 3 102 119 65 -37
N Space -1 2 119 150 227 108
Space N 1 -2 150 120 690 540
N O 2 -3 120 132 90 -30
O T 0 4 132 83 244 112
T Space -3 1 83 120 91 8
Space T 3 -1 120 120 173 53
T O 0 -4 120 100 30 -90
O Space -3 5 100 102 190 90
Space F 2 0 102 116 262 160
F O 1 -5 116 73 124 8
O L -1 0 73 80 182 109
L L 0 0 80 60 140 60
L O 1 0 60 72 150 90
O W 0 7 72 80 132 60
W Space -3 -2 80 92 100 20
Space Y 3 -2 92 102 284 192
Y O 0 -3 102 111 222 120
O U 0 2 111 122 50 -61
U R 0 3 122 120 192 70
R Space -3 0 120 100 90 -30
Space H 2 -2 100 76 240 140
H E 1 3 76 155 164 88
E A -1 2 155 139 74 -81
A R 1 -3 139 115 680 541
R T 0 -1 115 78 244 129
T OemPeriod -2 -4 78 75 1032 954
OemPeriod Return 1 -3 75 70 646 571
Return Return 0 0 70 50 190 120
Return LShiftKey -1 12 50 500 512 462
LShiftKey A 1 -1 500 130 360 -140
A B -1 -4 130 108 302 172
B O 2 -4 108 91 184 76
O T 0 4 91 102 198 107
T Back 1 -8 102 70 942 840
Back U -1 6 70 50 282 212
U T 0 2 50 74 162 112
T Space -3 1 74 72 142 68
Space A 2 3 72 86 173 101
A Space -2 -3 86 69 71 -15
Space E 3 1 69 85 390 321
E Back 1 -10 85 70 406 321
Back Y -1 7 70 90 1458 1388
Y E 0 3 90 244 160 70
E A -1 2 244 212 62 -182
A R 1 -3 212 122 212 0
R Space -3 0 122 90 192 70
Space A 2 3 90 140 140 50
A G 0 -4 140 90 644 504
G O 1 -4 90 80 180 90
O Space -3 5 80 117 170 90
Space LShiftKey 1 4 117 182 232 115
LShiftKey I 2 -8 182 70 92 -90
I Space -3 4 70 110 100 30
Space W 3 2 110 100 140 30
W A -1 1 100 180 180 80
A S 0 -1 180 102 150 -30
S Space -2 -2 102 110 154 52
Space D 2 1 110 90 842 732
D A 0 2 90 132 232 142
A Back 2 -12 132 70 352 220
Back I -1 5 70 70 230 160
I A -1 7 70 131 130 60
A G 0 -4 131 90 394 263
G N -1 -1 90 102 2479 2389
N O 2 -3 102 102 192 90
O S -1 7 102 114 412 310
S E 1 -1 114 140 304 190
E D -1 0 140 131 100 -40
D Space -2 -1 131 122 152 21
Space W 3 2 122 102 172 50
W I 0 -6 102 106 93 -9
I T 0 3 106 132 273 167
T H -1 -1 132 56 192 60
H Space -2 2 56 122 192 136
Space C 1 1 122 90 402 280
C A 1 2 90 121 121 31
A N -1 -5 121 91 141 20
N C 0 3 91 160 102 11
C E 2 0 160 180 202 42
E R 0 -1 180 110 160 -20
R OemPeriod -2 -5 110 93 602 492
OemPeriod Space -1 5 93 112 192 99
Space LShiftKey 1 4 112 212 204 92
LShiftKey I 2 -8 212 61 90 -122
I Space -3 4 61 121 132 71
Space H 2 -2 121 82 244 123
H A 0 5 82 152 92 10
A D 0 -2 152 92 152 0
D Space -2 -1 92 60 132 40
Space A 2 3 60 80 112 52
A Space -2 -3 80 100 170 90
Space S 2 2 100 75 434 334
S C -1 -1 75 122 214 139
C A 1 2 122 122 192 70
A N -1 -5 122 110 142 20
N Space -1 2 110 97 150 40
Space A 2 3 97 142 152 55
A T 1 -4 142 112 162 20
T Space -3 1 112 110 262 150
Space LShiftKey 1 4 110 102 382 272
LShiftKey D7 3 -7 102 66 546 444
D7 LShiftKey -3 7 66 392 382 316
LShiftKey Oem1 1 -10 392 80 140 -252
Oem1 D3 2 7 80 102 792 712
D3 D0 0 -7 102 94 176 74
D0 Space -4 6 94 127 119 25
Space I 3 -4 127 103 1173 1046
I N -2 2 103 90 372 269
N Space -1 2 90 90 314 224
Space T 3 -1 90 97 220 130
T H -1 -1 97 59 73 -24
H E 1 3 59 92 181 122
E Space -3 -1 92 70 82 -10
Space M 1 -3 70 90 200 130
M O 2 -2 90 82 190 100
O R 0 5 82 100 184 102
R N -2 -2 100 80 80 -20
N I 2 -2 80 160 150 70
I N -2 2 160 120 70 -90
N G 1 1 120 129 160 40
G Space -2 1 129 74 159 30
Space Back 4 -9 74 68 489 415
Back Oemcomma -3 5 68 90 252 184
Oemcomma Space -1 4 90 63 652 562
Space I 3 -4 63 68 192 129
I T 0 3 68 98 172 104
T Space -3 1 98 81 113 15
Space C 1 1 81 120 193 112
C L 1 -6 120 71 160 40
L E 1 6 71 170 136 65
E A -1 2 170 119 116 -54
A R 1 -3 119 137 83 -36
R L -1 -5 137 80 251 114
L Y 1 3 80 90 230 150
Y Space -3 2 90 105 195 105
Space S 2 2 105 140 687 582
S H 0 -4 140 130 210 70
H O 1 -3 130 112 110 -20
O W 0 7 112 132 404 292
W E 0 -1 132 112 616 484
E D -1 0 112 132 172 60
D Space -2 -1 132 82 162 30
Space A 2 3 82 112 162 80
A Space -2 -3 112 120 132 20
Space T 3 -1 120 100 430 310
T U 0 -2 100 92 80 -20
U M -2 0 92 74 237 145
M O 2 -2 74 109 177 103
O R 0 5 109 60 510 401
R Space -3 0 60 112 720 660
Space O 3 -5 112 129 534 422
O N -2 3 129 137 139 10
N Space -1 2 137 113 187 50
Space M 1 -3 113 80 212 99
M Y 2 1 80 60 312 232
Y Space -3 2 60 112 130 70
Space P 3 -6 112 102 122 10
P A -1 9 102 110 192 90
A N -1 -5 110 90 100 -10
N C 0 3 90 112 160 70
C R 2 -1 112 162 272 160
R E 0 1 162 122 162 0
E A -1 2 122 186 192 70
A S 0 -1 186 114 132 -54
S E 1 -1 114 60 242 128
E OemPeriod -2 -6 60 30 580 520
OemPeriod Back 3 -4 30 59 421 391
Back Back 0 0 59 71 125 66
Back OemPeriod -3 4 71 60 1054 983
OemPeriod Space -1 5 60 92 130 70
Space LShiftKey 1 4 92 292 1436 1344
LShiftKey I 2 -8 292 60 162 -130
I Space -3 4 60 92 150 90
Space D 2 1 92 100 202 110
D I 1 -5 100 75 130 30
I D -1 5 75 114 202 127
D N -1 -3 114 50 604 490
N Oem7 1 -5 50 77 460 410
Oem7 T 1 6 77 100 1326 1249
T Space -3 1 100 124 802 702
Space E 3 1 124 99 172 48
E V -2 -1 99 110 232 133
V E 2 1 110 130 90 -20
E N -2 -3 130 82 150 20
N Space -1 2 82 107 162 80
Space K 2 -4 107 70 212 105
K N -1 2 70 172 50 -20
N O 2 -3 172 100 142 -30
O W 0 7 100 108 170 70
W Space -3 -2 108 88 94 -14
Space W 3 2 88 94 556 468
W H -1 -4 94 73 156 62
H A 0 5 73 154 138 65
A T 1 -4 154 132 164 10
T Space -3 1 132 110 122 -10
Space A 2 3 110 110 180 70
A Space -2 -3 110 98 130 20
Space P 3 -6 98 80 162 64
P A -1 9 80 122 140 60
A N -1 -5 122 83 99 -23
N C 0 3 83 89 315 232
C R 2 -1 89 170 222 133
R E 0 1 170 115 330 160
E A -1 2 115 120 212 97
A S 0 -1 120 72 212 92
S Space -2 -2 72 132 132 60
Space W 3 2 132 122 112 -20
W A -1 1 122 152 282 160
A S 0 -1 152 122 122 -30
S OemPeriod -1 -7 122 92 182 60
OemPeriod Space -1 5 92 132 214 122
Space LShiftKey 1 4 132 312 172 40
LShiftKey T 2 -5 312 72 220 -92
T H -1 -1 72 87 142 70
H E 1 3 87 71 163 76
E Space -3 -1 71 130 249 178
Space D 2 1 130 74 530 400
D O 1 -6 74 94 192 118
O C -2 6 94 60 204 110
C T 2 -2 60 120 230 170
T O 0 -4 120 100 190 70
O R 0 5 100 85 282 182
R S -1 2 85 102 214 129
S Space -2 -2 102 122 132 30
Space T 3 -1 122 110 202 80
T O 0 -4 110 80 80 -30
O L -1 0 80 77 192 112
L D 0 6 77 93 129 52
D Space -2 -1 93 50 193 100
Space E 3 1 50 90 1194 1144
E Back 1 -10 90 120 4502 4412
Back M -3 6 120 72 272 152
M E 2 4 72 106 132 60
E Space -3 -1 106 112 1204 1098
Space T 3 -1 112 92 284 172
T H -1 -1 92 140 132 40
H I 1 -2 140 122 90 -50
I S -1 6 122 90 142 20
S Space -2 -2 90 103 98 8
Space W 3 2 103 113 161 58
W A -1 1 113 152 143 30
A S 0 -1 152 112 172 20
S Space -2 -2 112 95 212 100
Space A 2 3 95 102 152 57
A L 0 -8 102 60 92 -10
L M -1 2 60 102 200 140
M O 2 -2 102 83 185 83
O S -1 7 83 118 121 38
S T 1 -3 118 80 258 140
T Space -3 1 80 112 222 142
Space C 1 1 112 90 184 72
C E 2 0 90 92 240 150
E R 0 -1 92 96 138 46
R T 0 -1 96 90 206 110
T A -1 4 90 122 202 112
A I 1 -7 122 102 152 30
I N -2 2 102 145 54 -48
N L 1 -3 145 85 162 17
L Y 1 3 85 100 218 133
Y Space -3 2 100 142 222 122
Space A 2 3 142 110 572 430
A Space -2 -3 110 100 180 70
Space T 3 -1 100 142 242 142
T Y 0 -1 142 72 122 -20
Y P 0 -4 72 92 212 140
P E 0 7 92 78 162 70
E Space -3 -1 78 80 99 21
Space O 3 -5 80 60 162 82
O F -1 5 60 76 170 110
F Space -2 0 76 112 161 85
Space C 1 1 112 102 392 280
C A 1 2 102 100 152 50
A N -1 -5 100 102 140 40
N C 0 3 102 100 132 30
C E 2 0 100 164 160 60
E R 0 -1 164 94 215 51
R Space -3 0 94 142 595 501
Space T 3 -1 142 123 212 70
T H -1 -1 123 61 111 -12
H A 0 5 61 122 131 70
A T 1 -4 122 80 92 -30
T Space -3 1 80 70 60 -20
Space I 3 -4 70 75 150 80
I S -1 6 75 80 182 107
S Space -2 -2 80 91 130 50
Space I 3 -4 91 130 179 88
I N -2 2 130 104 71 -59
N C 0 3 104 102 192 88
C U 2 -4 102 82 112 10
U R 0 3 82 98 134 52
R A -1 3 98 115 182 84
A B -1 -4 115 93 129 14
B L 1 -4 93 102 123 30
L E 1 6 102 90 232 130
E Oemcomma -2 -5 90 50 150 60
Oemcomma Space -1 4 50 110 262 212
Space A 2 3 110 115 120 10
A N -1 -5 115 76 131 16
N D 1 3 76 99 121 45
D Space -2 -1 99 90 111 12
Space T 3 -1 90 112 151 61
T H -1 -1 112 70 132 20
H A 0 5 70 139 102 32
A T 1 -4 139 105 80 -59
T Space -3 1 105 125 116 11
Space LShiftKey 1 4 125 314 256 131
LShiftKey I 2 -8 314 90 104 -210
I Space -3 4 90 100 290 200
Space S 2 2 100 118 210 110
S H 0 -4 118 122 192 74
H O 1 -3 122 50 262 140
O U 0 2 50 107 150 100
U L -1 -2 107 60 202 95
L D 0 6 60 50 202 142
D Space -2 -1 50 112 70 20
Space E 3 1 112 92 217 105
E X -2 1 92 92 581 489
X P 2 -8 92 84 134 42
P E 0 7 84 60 162 78
E C -2 0 60 92 658 598
C T 2 -2 92 91 292 200
T Space -3 1 91 119 161 70
Space T 3 -1 119 115 140 21
T O 0 -4 115 112 135 20
O Space -3 5 112 85 519 407
Space L 2 -5 85 120 205 120
L I 1 1 120 108 300 180
I V -2 4 108 183 615 507
V E 2 1 183 110 163 -20
E Space -3 -1 110 70 160 50
Space N 1 -2 70 120 212 142
N O 2 -3 120 102 180 60
O Space -3 5 102 112 252 150
Space L 2 -5 112 100 174 62
L O 1 0 100 90 240 140
O N -2 3 90 106 70 -20
N G 1 1 106 121 155 49
G E 1 2 121 162 285 164
E R 0 -1 162 122 112 -50
R Space -3 0 122 129 187 65
Space T 3 -1 129 100 461 332
T H -1 -1 100 71 140 40
H A 0 5 71 102 182 111
A N -1 -5 102 87 70 -32
N Space -1 2 87 95 224 137
Space T 3 -1 95 102 222 127
T H -1 -1 102 71 62 -40
H R 1 2 71 107 204 133
R E 0 1 107 75 254 147
E E 0 0 75 60 142 67
E Space -3 -1 60 105 102 42
Space T 3 -1 105 112 142 37
T O 0 -4 112 90 92 -20
O Space -3 5 90 120 150 60
Space S 2 2 120 112 161 41
S I 1 -6 112 70 173 61
I X -2 6 70 113 218 148
X Space -1 -2 113 92 186 73
Space M 1 -3 92 90 212 120
M O 2 -2 90 91 205 115
O N -2 3 91 92 141 50
N T 2 1 92 70 222 130
T H -1 -1 70 77 402 332
H S 0 4 77 112 496 419
S OemPeriod -1 -7 112 82 162 50
OemPeriod Space -1 5 82 82 192 110
Space LShiftKey 1 4 82 250 1248 1166
LShiftKey M 0 -7 250 70 140 -110
M Y 2 1 70 80 530 460
Y Space -3 2 80 121 382 302
Space D 2 1 121 80 232 111
D O 1 -6 80 68 110 30
O C -2 6 68 94 94 26
C T 2 -2 94 81 259 165
T O 0 -4 81 82 132 51
O R 0 5 82 102 122 40
R Space -3 0 102 131 112 10
Space A 2 3 131 100 284 153
A D 0 -2 100 92 280 180
D V -1 -1 92 92 262 170
V I 2 -4 92 99 406 314
I S -1 6 99 119 574 475
S E 1 -1 119 100 494 375
E D -1 0 100 113 60 -40
D Space -2 -1 113 102 142 29
Space M 1 -3 102 83 194 92
M E 2 4 83 88 124 41
E Space -3 -1 88 111 108 20
Space T 3 -1 111 77 227 116
T O 0 -4 77 86 119 42
O Space -3 5 86 112 132 46
Space G 2 -1 112 112 162 50
G O 1 -4 112 90 122 10
O Space -3 5 90 94 130 40
Space H 2 -2 94 102 232 138
H I 1 -2 102 120 262 160
I M -2 1 120 90 412 292
M E 2 4 90 80 222 132
E Space -3 -1 80 113 131 51
Space A 2 3 113 129 162 49
A N -1 -5 129 52 139 10
N D 1 3 52 120 122 70
D Space -2 -1 120 118 100 -20
Space G 2 -1 118 128 224 106
G E 1 2 128 122 194 66
E T 0 -2 122 112 92 -30
T Space -3 1 112 92 102 -10
Space M 1 -3 92 90 214 122
M Y 2 1 90 56 262 172
Y Space -3 2 56 107 65 9
Space A 2 3 107 110 199 92
A F 0 -3 110 55 250 140
F F 0 0 55 92 132 77
F A 0 3 92 102 154 62
A I 1 -7 102 71 182 80
I R 0 4 71 74 152 81
R S -1 2 74 82 160 86
S Space -2 -2 82 92 92 10
Space I 3 -4 92 112 122 30
I N -2 2 112 128 56 -56
N Space -1 2 128 114 86 -42
Space O 3 -5 114 112 144 30
O R 0 5 112 97 139 27
R D -1 1 97 162 257 160
D E 1 0 162 155 152 -10
E R 0 -1 155 110 110 -45
R Oemcomma -2 -4 110 124 162 52
Oemcomma Space -1 4 124 119 164 40
Space W 3 2 119 100 292 173
W H -1 -4 100 70 140 40
H I 1 -2 70 70 160 90
I C -2 5 70 172 112 42
C H 1 -3 172 92 102 -70
H Space -2 2 92 50 122 30
Space I 3 -4 50 82 100 50
I S -1 6 82 92 172 90
S Space -2 -2 92 139 167 75
Space D 2 1 139 92 371 232
D O 1 -6 92 80 254 162
O C -2 6 80 90 450 370
C T 2 -2 90 70 240 150
T O 0 -4 70 83 151 81
O R 0 5 83 100 263 180
R Oem7 -1 -7 100 75 292 192
Oem7 S 0 9 75 101 179 104
S Space -2 -2 101 98 141 40
Space C 1 1 98 104 145 47
C D 1 0 104 143 289 185
D Back 2 -10 143 80 534 391
Back I -1 5 80 50 272 192
I Back 1 -5 50 77 466 416
Back O -1 4 77 70 222 145
O D -1 6 70 138 185 115
D E 1 0 138 124 90 -48
E Space -3 -1 124 140 2155 2031
Space F 2 0 140 82 180 40
F O 1 -5 82 84 112 30
O R 0 5 84 78 118 34
R Space -3 0 78 116 90 12
Space P 3 -6 116 100 76 -40
P R 0 6 100 142 170 70
R E 0 1 142 90 112 -30
E P 0 -7 90 75 157 67
P A -1 9 75 125 85 10
A R 1 -3 125 162 142 17
R E 0 1 162 105 152 -10
E Space -3 -1 105 122 162 57
Space T 3 -1 122 103 162 40
T O 0 -4 103 97 151 48
O Space -3 5 97 130 333 236
Space D 2 1 130 102 240 110
D I 1 -5 102 60 122 20
I E 0 5 60 79 141 81
E OemPeriod -2 -6 79 90 113 34
OemPeriod Space -1 5 90 102 160 70
Space Right 0 -9 102 61 4074 3972
Right Back 4 0 61 72 402 341
Back O -1 4 72 78 1308 1236
O LShiftKey -2 9 78 240 3706 3628
LShiftKey I 2 -8 240 60 140 -100
I T 0 3 60 90 260 200
T Space -3 1 90 80 100 10
Space M 1 -3 80 82 172 92
M E 2 4 82 152 152 70
E A -1 2 152 124 100 -52
A N -1 -5 124 82 104 -20
N S 1 4 82 108 174 92
S Space -2 -2 108 73 176 68
Space T 3 -1 73 100 390 317
T O 0 -4 100 84 110 10
O Space -3 5 84 92 132 48
Space T 3 -1 92 110 132 40
T Y 0 -1 110 62 370 260
Y Back 1 -7 62 63 482 420
Back R -1 9 63 100 332 269
R Y 0 -2 100 87 159 59
Y Space -3 2 87 82 193 106
Space T 3 -1 82 100 252 170
T O 0 -4 100 102 120 20
O Space -3 5 102 132 192 90
Space T 3 -1 132 132 122 -10
T L -1 -4 132 54 391 259
L L 0 0 54 78 126 72
L Space -2 5 78 70 177 99
Space Back 4 -9 70 56 834 764
Back Back 0 0 56 84 102 46
Back Back 0 0 84 80 102 18
Back E -1 10 80 80 618 538
E L -1 -6 80 50 200 120
L L 0 0 50 70 130 80
L Space -2 5 70 77 120 50
Space Y 3 -2 77 122 202 125
Y O 0 -3 122 99 203 81
O U 0 2 99 98 53 -46
U R 0 3 98 92 140 42
R Space -3 0 92 70 102 10
Space K 2 -4 70 85 192 122
K I 1 0 85 69 172 87
I D -1 5 69 172 1054 985
D S 0 1 172 134 92 -80
S Space -2 -2 134 115 169 35
Space E 3 1 115 96 187 72
E V -2 -1 96 80 232 136
V E 2 1 80 131 191 111
E R 0 -1 131 109 94 -37
R Y 0 -2 109 92 159 50
Y T 0 1 92 110 454 362
T H -1 -1 110 92 80 -30
H I 1 -2 92 142 152 60
I N -2 2 142 122 92 -50
N G 1 1 122 112 164 42
G Space -2 1 112 92 122 10
Space Y 3 -2 92 96 252 160
Y O 0 -3 96 131 192 96
O U 0 2 131 103 61 -70
U Space -3 3 103 102 781 678
Space T 3 -1 102 116 262 160
T H -1 -1 116 69 123 7
H O 1 -3 69 90 161 92
O U 0 2 90 90 200 110
U G -1 2 90 117 210 120
G H 0 -1 117 95 162 45
H T 1 1 95 112 682 587
T Space -3 1 112 129 152 40
Space Y 3 -2 129 92 322 193
Y O 0 -3 92 163 234 142
O U 0 2 163 92 102 -61
U Oem7 -1 -4 92 72 1488 1396
Oem7 D 0 8 72 86 172 100
D Space -2 -1 86 100 1008 922
Space H 2 -2 100 89 322 222
H A 0 5 89 132 122 33
A V -1 -3 132 140 212 80
V E 2 1 140 132 100 -40
E Space -3 -1 132 132 122 -10
Space T 3 -1 132 68 216 84
T H -1 -1 68 68 130 62
H E 1 3 68 133 147 79
E Space -3 -1 133 110 363 230
Space N 1 -2 110 69 262 152
N E 2 3 69 110 112 43
E X -2 1 110 72 330 220
X T 2 -3 72 135 429 357
T Space -3 1 135 102 217 82
Space D1 4 3 102 92 232 130
D1 D0 0 -9 92 102 212 120
D0 Space -4 6 102 92 112 10
Space Y 3 -2 92 107 292 200
Y E 0 3 107 110 222 115
E A -1 2 110 112 230 120
A R 1 -3 112 77 282 170
R S -1 2 77 150 212 135
S Space -2 -2 150 132 232 82
Space T 3 -1 132 82 412 280
T O 0 -4 82 112 102 20
O Space -3 5 112 117 122 10
Space T 3 -1 117 97 125 8
T E 0 2 97 100 197 100
E L -1 -6 100 70 110 10
L L 0 0 70 116 142 72
L Space -2 5 116 128 184 68
Space T 3 -1 128 102 158 30
T H -1 -1 102 60 122 20
H E 1 3 60 92 172 112
E M -2 -4 92 92 102 10
M Space -1 3 92 71 182 90
Space I 3 -4 71 162 92 21
I N -2 2 162 140 112 -50
N Space -1 2 140 87 130 -10
Space J 2 -3 87 79 192 105
J U 1 0 79 84 172 93
U S -1 5 84 92 526 442
S T 1 -3 92 122 212 120
T Space -3 1 122 99 142 20
Space A 2 3 99 100 162 63
A Space -2 -3 100 90 152 52
Space F 2 0 90 200 722 632
F E 1 1 200 150 146 -54
E W 0 1 150 96 83 -67
W Space -3 -2 96 113 121 25
Space M 1 -3 113 100 246 133
M O 2 -2 100 123 210 110
O N -2 3 123 112 172 49
N H 1 0 112 80 252 140
H T 1 1 80 90 192 112
T S -1 3 90 110 262 172
S OemPeriod -1 -7 110 94 170 60
OemPeriod Space -1 5 94 109 188 94
Space LShiftKey 1 4 109 340 234 125
LShiftKey Back 3 -13 340 60 914 574
Back Back 0 0 60 93 130 70
Back Back 0 0 93 73 132 39
Back Back 0 0 73 13 162 89
Back Back 0 0 13 42 112 99
Back T -1 8 42 107 682 640
T H -1 -1 107 67 107 0
H S 0 4 67 110 179 112
S OemPeriod -1 -7 110 102 912 802
OemPeriod Space -1 5 102 105 236 134
Space LShiftKey 1 4 105 300 382 277
LShiftKey I 2 -8 300 60 172 -128
I T 0 3 60 107 252 192
T Space -3 1 107 86 98 -9
Space M 1 -3 86 90 166 80
M E 2 4 90 112 150 60
E A -1 2 112 114 152 40
A N -1 -5 114 102 164 50
N S 1 4 102 95 158 56
S Space -2 -2 95 102 193 98
Space T 3 -1 102 90 285 183
T O 0 -4 90 124 100 10
O Space -3 5 124 66 130 6
Space M 1 -3 66 87 157 91
M A 1 6 87 91 149 62
A K 0 -7 91 71 102 11
K E 1 5 71 70 142 71
E Space -3 -1 70 79 70 0
Space S 2 2 79 130 122 43
S U 1 -5 130 62 140 10
U R 0 3 62 139 174 112
R E 0 1 139 90 92 -47
E Space -3 -1 90 100 136 46
Space E 3 1 100 89 177 77
E V -2 -1 89 122 161 72
V E 2 1 122 102 212 90
E R 0 -1 102 128 92 -10
R Y 0 -2 128 100 282 154
Y T 0 1 100 121 802 702
T H -1 -1 121 30 394 273
H I 1 -2 30 184 542 512
I N -2 2 184 102 112 -72
N G 1 1 102 95 194 92
G Space -2 1 95 80 1138 1043
Space I 3 -4 80 70 200 120
I S -1 6 70 122 130 60
S Space -2 -2 122 82 112 -10
Space B 1 -1 82 145 242 160
B U 2 -2 145 111 120 -25
U T 0 2 111 50 242 131
T T 0 0 50 91 151 101
T O 0 -4 91 152 194 103
O N -2 3 152 92 182 30
N E 2 3 92 160 212 120
E D -1 0 160 132 130 -30
D Space -2 -1 132 78 162 30
Space U 3 -3 78 82 262 184
U P 0 -3 82 112 202 120
P Space -3 6 112 110 212 100
Space S 2 2 110 134 177 67
S O 1 -7 134 88 184 50
O Space -3 5 88 99 149 61
Space T 3 -1 99 120 512 413
T H -1 -1 120 72 150 30
H A 0 5 72 152 492 420
A T 1 -4 152 100 112 -40
T Space -3 1 100 92 160 60
Space I 3 -4 92 98 339 247
I T 0 3 98 117 158 60
T Space -3 1 117 101 137 20
Space W 3 2 101 122 172 71
W I 0 -6 122 71 112 -10
I L -1 -1 71 93 182 111
L L 0 0 93 102 124 31
L Space -2 5 102 122 132 30
Space B 1 -1 122 90 224 102
B E 2 2 90 100 200 110
E Space -3 -1 100 88 50 -50
Space A 2 3 88 112 636 548
A S 0 -1 112 82 194 82
S Space -2 -2 82 102 132 50
Space E 3 1 102 92 142 40
E A -1 2 92 172 152 60
A S 0 -1 172 130 122 -50
S Y 1 -4 130 72 140 10
Y Space -3 2 72 80 162 90
Space A 2 3 80 142 122 42
A S 0 -1 142 122 92 -50
S Space -2 -2 122 102 82 -40
Space P 3 -6 102 83 132 30
P O 0 1 83 80 160 77
O S -1 7 80 88 134 54
S S 0 0 88 95 166 78
S I 1 -6 95 94 103 8
I L -1 -1 94 72 245 151
L E 1 6 72 76 474 402
E Back 1 -10 76 92 818 742
Back Back 0 0 92 70 212 120
Back B -3 8 70 100 526 456
B E 2 2 100 50 360 260
E L -1 -6 50 85 142 92
L Back 2 -4 85 66 762 677
Back Back 0 0 66 82 212 146
Back L -2 4 82 70 1058 976
L E 1 6 70 80 150 80
E Space -3 -1 80 82 149 69
Space F 2 0 82 100 135 53
F O 1 -5 100 72 90 -10
O R 0 5 72 102 162 90
R Space -3 0 102 75 97 -5
Space Y 3 -2 75 90 197 122
Y O 0 -3 90 129 162 72
O U 0 2 129 93 55 -74
U R 0 3 93 73 147 54
R Space -3 0 73 92 76 3
Space F 2 0 92 175 136 44
F A 0 3 175 121 147 -28
A M -1 -6 121 70 139 18
M I 2 -1 70 100 156 86
I L -1 -1 100 95 139 39
L Y 1 3 95 90 225 130
Y OemPeriod -2 -3 90 79 1044 954
OemPeriod Space -1 5 79 108 174 95
Space LShiftKey 1 4 108 220 310 202
LShiftKey I 2 -8 220 70 60 -160
I T 0 3 70 82 360 290
T Space -3 1 82 82 132 50
Space M 1 -3 82 60 192 110
M E 2 4 60 152 120 60
E A -1 2 152 144 98 -54
A N -1 -5 144 90 104 -40
N S 1 4 90 85 154 64
S Space -2 -2 85 126 156 71
Space T 3 -1 126 60 1512 1386
T O 0 -4 60 115 90 30
O Space -3 5 115 115 149 34
Space S 2 2 115 173 156 41
S A 0 1 173 128 108 -65
A Y 1 -5 128 109 118 -10
Y Space -3 2 109 98 259 150
Space Y 3 -2 98 100 282 184
Y O 0 -3 100 152 290 190
O U 0 2 152 112 92 -60
U R 0 3 112 102 282 170
R Space -3 0 102 111 142 40
Space G 2 -1 111 90 272 161
G O 1 -4 90 60 90 0
O O 0 0 60 80 140 80
O D -1 6 80 84 222 142
D B -1 -2 84 102 132 48
B Y 2 -1 102 112 222 120
Y E 0 3 112 110 142 30
E S -1 1 110 94 252 142
S OemPeriod -1 -7 94 110 716 622
OemPeriod Return 1 -3 110 87 452 342
Return Return 0 0 87 100 1226 1139
Return LShiftKey -1 12 100 260 392 292
LShiftKey I 2 -8 260 50 130 -130
I Space -3 4 50 130 140 90
Space L 2 -5 130 82 242 112
L I 1 1 82 70 162 80
I V -2 4 70 100 494 424
V E 2 1 100 170 290 190
E D -1 0 170 122 120 -50
D Space -2 -1 122 50 172 50
Space W 3 2 50 112 150 100
W I 0 -6 112 82 142 30
I T 0 3 82 102 162 80
T H -1 -1 102 72 82 -20
H Space -2 2 72 104 142 70
Space T 3 -1 104 100 182 78
T H -1 -1 100 78 68 -32
H T 1 1 78 102 254 176
T Space -3 1 102 122 302 200
Space D 2 1 122 102 422 300
D I 1 -5 102 98 152 50
I A -1 7 98 120 264 166
A Back 2 -12 120 50 1348 1228
Back Back 0 0 50 62 130 80
Back Back 0 0 62 60 122 60
Back Back 0 0 60 50 120 60
Back Back 0 0 50 63 122 72
Back A -2 12 63 182 212 149
A T 1 -4 182 72 730 548
T Space -3 1 72 92 252 180
Space D 2 1 92 100 292 200
D I 1 -5 100 102 160 60
I A -1 7 102 100 172 70
A G 0 -4 100 110 1884 1784
G N -1 -1 110 92 262 152
N O 2 -3 92 109 212 120
O I 0 1 109 80 492 383
I S -1 6 80 80 1122 1042
S Back 2 -11 80 71 330 250
Back Back 0 0 71 100 152 81
Back S -2 11 100 122 372 272
S I 1 -6 122 79 102 -20
I S -1 6 79 70 366 287
S Space -2 -2 70 142 730 660
Space A 2 3 142 82 280 138
A L 0 -8 82 64 102 20
L L 0 0 64 80 134 70
L Space -2 5 80 104 99 19
Space D 2 1 104 153 172 68
D A 0 2 153 112 103 -50
A Y 1 -5 112 70 112 0
Y OemPeriod -2 -3 70 90 562 492
OemPeriod Space -1 5 90 123 160 70
Space LShiftKey 1 4 123 165 282 159
LShiftKey L 1 -9 165 90 40 -125
L A 0 8 90 79 252 162
A T 1 -4 79 108 210 131
T E 0 2 108 136 216 108
E R 0 -1 136 92 96 -40
R Space -3 0 92 102 102 10
Space T 3 -1 102 98 148 46
T H -1 -1 98 76 92 -6
H A 0 5 76 142 96 20
A T 1 -4 142 100 102 -40
T Space -3 1 100 90 60 -40
Space E 3 1 90 112 180 90
E V -2 -1 112 162 142 30
V E 2 1 162 102 132 -30
E N -2 -3 102 102 132 30
N I 2 -2 102 142 122 20
I N -2 2 142 99 103 -39
N G 1 1 99 83 109 10
G Space -2 1 83 75 868 785
Space LShiftKey 1 4 75 232 264 189
LShiftKey I 2 -8 232 50 120 -112
I Space -3 4 50 102 132 82
Space H 2 -2 102 72 214 112
H A 0 5 72 126 112 40
A D 0 -2 126 117 189 63
D Space -2 -1 117 92 177 60
Space A 2 3 92 89 164 72
A Space -2 -3 89 142 464 375
Space B 1 -1 142 80 482 340
B I 2 -3 80 112 200 120
I O 0 -1 112 100 165 53
O P 0 -1 100 80 251 151
P S -1 8 80 102 250 170
S Y 1 -4 102 84 476 374
Y Oemcomma -2 -2 84 110 464 380
Oemcomma Space -1 4 110 100 140 30
Space W 3 2 100 115 180 80
W H -1 -4 115 58 118 3
H E 1 3 58 82 354 296
E R 0 -1 82 160 132 50
R E 0 1 160 104 120 -40
E Space -3 -1 104 74 142 38
Space T 3 -1 74 107 172 98
T H -1 -1 107 73 119 12
H E 1 3 73 116 133 60
E Y 0 -3 116 122 172 56
Y Space -3 2 122 79 233 111
Space S 2 2 79 109 153 74
S T 1 -3 109 110 222 113
T U 0 -2 110 50 482 372
U C -2 4 50 130 120 70
C K 1 -5 130 82 120 -10
K Space -2 4 82 110 122 40
Space A 2 3 110 134 192 82
A N -1 -5 134 93 134 0
N Space -1 2 93 122 528 435
Space E 3 1 122 80 222 100
E N -2 -3 80 82 130 50
N D 1 3 82 90 152 70
D O 1 -6 90 102 150 60
O C -2 6 102 110 434 332
C O 2 -6 110 64 354 244
O Back 1 -4 64 50 1314 1250
Back Back 0 0 50 73 130 80
Back S -2 11 73 100 214 141
S C -1 -1 100 120 192 92
C O 2 -6 120 134 100 -20
O P 0 -1 134 30 142 8
P E 0 7 30 100 564 534
E Space -3 -1 100 152 260 160
Space D 2 1 152 90 192 40
D O 1 -6 90 82 100 10
O W 0 7 82 104 152 70
W N -2 -4 104 98 95 -9
N Space -1 2 98 105 142 44
Space M 1 -3 105 90 195 90
M Y 2 1 90 110 152 62
Y Space -3 2 110 110 110 0
Space T 3 -1 110 116 222 112
T H -1 -1 116 56 131 15
H R 1 2 56 70 1277 1221
R O 0 -5 70 94 120 50
O A -1 8 94 122 172 78
A T 1 -4 122 92 202 80
T Oemcomma -2 -3 92 106 254 162
Oemcomma Space -1 4 106 102 194 88
Space T 3 -1 102 97 267 165
T H -1 -1 97 91 127 30
H R 1 2 91 102 182 91
R O 0 -5 102 70 332 230
O U 0 2 70 82 160 90
U G -1 2 82 87 182 100
G H 0 -1 87 55 97 10
H T 1 1 55 90 157 102
T Space -3 1 90 82 152 62
Space M 1 -3 82 99 166 84
M Y 2 1 99 92 191 92
Y Space -3 2 92 115 135 43
Space S 2 2 115 108 162 47
S T 1 -3 108 80 242 134
T O 0 -4 80 132 110 30
O M -2 2 132 134 60 -72
M A 1 6 134 130 194 60
A C -1 -2 130 141 192 62
C H 1 -3 141 82 202 61
H Space -2 2 82 104 232 150
Space A 2 3 104 130 392 288
A N -1 -5 130 100 130 0
N D 1 3 100 92 414 314
D Space -2 -1 92 92 202 110
Space I 3 -4 92 130 244 152
I N -2 2 130 130 40 -90
N T 2 1 130 100 260 130
T O 0 -4 100 137 50 -50
O Space -3 5 137 99 180 43
Space M 1 -3 99 114 172 73
M Y 2 1 114 122 234 120
Y Space -3 2 122 96 192 70
Space I 3 -4 96 100 178 82
I N -2 2 100 142 52 -48
N T 2 1 142 70 312 170
T E 0 2 70 85 289 219
E S -1 1 85 90 556 471
S T 1 -3 90 90 230 140
T I 0 -3 90 152 960 870
I N -2 2 152 73 117 -35
N E 2 3 73 82 187 114
E S -1 1 82 70 916 834
S Space -2 -2 70 82 200 130
Space Back 4 -9 82 70 1264 1182
Back Oemcomma -3 5 70 124 372 302
Oemcomma Space -1 4 124 79 192 68
Space P 3 -6 79 78 826 747
P U 0 3 78 70 220 142
U T 0 2 70 112 130 60
T Space -3 1 112 90 122 10
Space Space 0 0 90 122 280 190
Space Back 4 -9 122 70 516 394
Back A -2 12 70 118 220 150
A Space -2 -3 118 83 272 154
Space N 1 -2 83 60 212 129
N E 2 3 60 82 162 102
E E 0 0 82 72 172 90
E D -1 0 72 122 154 82
D L 0 -6 122 90 132 10
L E 1 6 90 105 172 82
E Space -3 -1 105 112 176 71
Space I 3 -4 112 179 471 359
I N -2 2 179 112 119 -60
N T 2 1 112 50 664 552
T O 0 -4 50 132 122 72
O Space -3 5 132 102 192 60
Space M 1 -3 102 91 282 180
M Y 2 1 91 71 311 220
Y Space -3 2 71 99 93 22
Space A 2 3 99 110 282 183
A Back 2 -12 110 124 1082 972
Back P -1 3 124 89 314 190
P A -1 9 89 142 200 111
A N -1 -5 142 80 122 -20
N C 0 3 80 92 170 90
C R 2 -1 92 102 272 180
R E 0 1 102 99 275 173
E A -1 2 99 112 211 112
A S 0 -1 112 85 192 80
S Space -2 -2 85 115 142 57
Space A 2 3 115 106 163 48
A N -1 -5 106 89 119 13
N D 1 3 89 112 634 545
D Space -2 -1 112 102 132 20
Space G 2 -1 102 80 184 82
G O 1 -4 80 100 60 -20
O T 0 4 100 100 152 52
T Space -3 1 100 106 80 -20
Space A 2 3 106 122 162 56
A Space -2 -3 122 115 102 -20
Space F 2 0 115 110 342 227
F E 1 1 110 154 161 51
E W 0 1 154 114 119 -35
W Space -3 -2 114 112 174 60
Space C 1 1 112 142 132 20
C E 2 0 142 99 147 5
E L -1 -6 99 66 139 40
L L 0 0 66 92 132 66
L S 0 7 92 74 526 434
S Space -2 -2 74 102 184 110
Space F 2 0 102 140 182 80
F R 1 0 140 120 704 564
R O 0 -5 120 167 120 0
O M -2 2 167 147 87 -80
M Space -1 3 147 80 187 40
Space T 3 -1 80 105 162 82
T H -1 -1 105 75 79 -26
H E 1 3 75 94 177 102
E Space -3 -1 94 102 166 72
Space T 3 -1 102 102 182 80
T U 0 -2 102 70 122 20
U M -2 0 70 80 504 434
M O 2 -2 80 92 210 130
O R 0 5 92 112 276 184
R OemPeriod -2 -5 112 82 122 10
OemPeriod Space -1 5 82 142 204 122
Space LShiftKey 1 4 142 232 312 170
LShiftKey I 2 -8 232 70 80 -152
I Space -3 4 70 70 192 122
Space W 3 2 70 97 100 30
W A -1 1 97 164 212 115
A S 0 -1 164 130 110 -54
S Space -2 -2 130 105 140 10
Space S 2 2 105 74 133 28
S E 1 -1 74 67 209 135
E D -1 0 67 121 121 54
D A 0 2 121 112 141 20
A T 1 -4 112 82 142 30
T E 0 2 82 122 172 90
E D -1 0 122 88 96 -26
D Oemcomma -1 -5 88 122 178 90
Oemcomma Space -1 4 122 134 172 50
Space B 1 -1 134 130 462 328
B U 2 -2 130 105 180 50
U T 0 2 105 72 210 105
T Space -3 1 72 74 214 142
Space M 1 -3 74 90 168 94
M Y 2 1 90 82 132 42
Y Space -3 2 82 112 112 30
Space W 3 2 112 110 322 210
W I 0 -6 110 70 180 70
I F -1 4 70 142 252 182
F E 1 1 142 112 92 -50
E Oemcomma -2 -5 112 50 212 100
Oemcomma Oemcomma 0 0 50 73 580 530
Oemcomma Space -1 4 73 82 170 97
Space W 3 2 82 84 242 160
W H -1 -4 84 138 76 -8
H O 1 -3 138 102 76 -62
O Space -3 5 102 90 202 100
Space W 3 2 90 102 150 60
W A -1 1 102 236 162 60
A S 0 -1 236 103 184 -52
S Space -2 -2 103 82 118 15
Space T 3 -1 82 60 222 140
T H -1 -1 60 70 40 -20
H E 1 3 70 92 452 382
E R 0 -1 92 172 122 30
R E 0 1 172 82 132 -40
E Oemcomma -2 -5 82 132 102 20
Oemcomma Space -1 4 132 122 182 50
Space T 3 -1 122 105 352 230
T O 0 -4 105 74 119 14
O L -1 0 74 79 185 111
L D 0 6 79 190 220 141
D E 1 0 190 82 170 -20
E Back 1 -10 82 112 766 684
Back Space -4 9 112 140 232 120
Space M 1 -3 140 79 240 100
M E 2 4 79 96 182 103
E Space -3 -1 96 88 104 8
Space T 3 -1 88 102 198 110
T H -1 -1 102 90 174 72
H A 0 5 90 142 120 30
A T 1 -4 142 112 82 -60
T Space -3 1 112 85 86 -26
Space W 3 2 85 113 259 174
W H -1 -4 113 70 113 0
H E 1 3 70 80 140 70
E N -2 -3 80 98 60 -20
N Space -1 2 98 102 142 44
Space T 3 -1 102 119 152 50
T H -1 -1 119 84 156 37
H E 1 3 84 112 146 62
E Y 0 -3 112 80 82 -30
Y Space -3 2 80 76 172 92
Space V 1 0 76 97 604 528
V E 2 1 97 112 634 537
E W 0 1 112 97 274 162
W E 0 -1 97 120 282 185
E D -1 0 120 112 180 60
D Space -2 -1 112 110 204 92
Space T 3 -1 110 132 160 50
T H -1 -1 132 72 112 -20
H E 1 3 72 101 132 60
E Space -3 -1 101 93 112 11
Space C 1 1 93 172 704 611
C E 2 0 172 122 122 -50
E L -1 -6 122 62 162 40
L L 0 0 62 75 162 100
L S 0 7 75 112 152 77
S Space -2 -2 112 82 162 50
Space N 1 -2 82 92 304 222
N Back 3 -7 92 60 604 512
Back U -1 6 60 102 420 360
U N -2 1 102 112 52 -50
N D 1 3 112 100 582 470
D E 1 0 100 142 202 102
E R 0 -1 142 99 254 112
R Space -3 0 99 140 142 43
Space A 2 3 140 87 204 64
A Space -2 -3 87 96 210 123
Space M 1 -3 96 76 292 196
M I 2 -1 76 60 212 136
I C -2 5 60 100 310 250
C R 2 -1 100 111 210 110
R O 0 -5 111 75 124 13
O S -1 7 75 87 164 89
S C -1 -1 87 76 174 87
C O 2 -6 76 142 112 36
O P 0 -1 142 70 520 378
P E 0 7 70 110 212 142
E Space -3 -1 110 152 152 42
Space T 3 -1 152 82 222 70
T H -1 -1 82 42 112 30
H E 1 3 42 79 132 90
E Space -3 -1 79 87 128 49
Space D 2 1 87 80 202 115
D O 1 -6 80 85 80 0
O C -2 6 85 82 212 127
C T 2 -2 82 90 262 180
T O 0 -4 90 75 159 69
O R 0 5 75 90 1337 1262
R S -1 2 90 110 230 140
S Space -2 -2 110 132 182 72
Space S 2 2 132 100 264 132
S T 1 -3 100 114 200 100
T A -1 4 114 144 222 108
A R 1 -3 144 99 127 -17
R T 0 -1 99 95 209 110
T E 0 2 95 112 232 137
E D -1 0 112 122 162 50
D Space -2 -1 122 130 372 250
Space C 1 1 130 92 150 20
C R 2 -1 92 109 226 134
R Y 0 -2 109 71 157 48
Y I 0 -2 71 159 223 152
I N -2 2 159 152 72 -87
N G 1 1 152 110 162 10
G Space -2 1 110 90 90 -20
Space B 1 -1 90 102 162 72
B E 2 2 102 80 222 120
E A -1 2 80 100 130 50
A C -1 -2 100 122 372 272
C Back 3 -10 122 40 1152 1030
Back Back 0 0 40 79 120 80
Back C -3 10 79 80 404 325
C A 1 2 80 134 170 90
A U 1 -6 134 55 190 56
U S -1 5 55 86 92 37
S E 1 -1 86 50 202 116
E I 0 -5 50 70 8100 8050
I Right -3 -5 70 30 604 534
Right Back 4 0 30 70 3268 3238
Back Space -4 9 70 92 4678 4608
Space I 3 -4 92 75 184 92
I T 0 3 75 102 182 107
T Space -3 1 102 97 122 20
Space T 3 -1 97 122 174 77
T U 0 -2 122 64 142 20
U R 0 3 64 108 182 118
R N -2 -2 108 61 121 13
N E 2 3 61 102 201 140
E D -1 0 102 94 150 48
D Space -2 -1 94 74 144 50
Space U 3 -3 74 110 388 314
U Back 1 -6 110 122 682 572
Back O -1 4 122 130 554 432
O U 0 2 130 116 120 -10
U T 0 2 116 92 232 116
T Space -3 1 92 127 154 62
Space T 3 -1 127 85 811 684
T O 0 -4 85 102 325 240
O Space -3 5 102 100 182 80
Space B 1 -1 100 80 280 180
B E 2 2 80 82 150 70
E Space -3 -1 82 69 135 53
Space A 2 3 69 110 133 64
A Space -2 -3 110 93 115 5
Space V 1 0 93 43 217 124
V E 2 1 43 154 328 285
E R 0 -1 154 122 164 10
R Y 0 -2 122 60 132 10
Y Space -3 2 60 67 122 62
Space R 3 0 67 112 162 95
R A -1 3 112 132 242 130
A R 1 -3 132 140 272 140
R E 0 1 140 102 130 -10
E Space -3 -1 102 143 142 40
Space F 2 0 143 121 192 49
F O 1 -5 121 89 156 35
O R 0 5 89 82 193 104
R M -2 -3 82 102 102 20
M Space -1 3 102 110 172 70
Space O 3 -5 110 100 1022 912
O F -1 5 100 92 300 200
F Space -2 0 92 102 322 230
Space P 3 -6 102 93 224 122
P A -1 9 93 132 242 149
A N -1 -5 132 81 212 80
N C 0 3 81 82 142 61
C R 2 -1 82 100 6772 6690
R E 0 1 100 116 506 406
E A -1 2 116 102 196 80
A T 1 -4 102 90 242 140
T I 0 -3 90 66 160 70
I C -2 5 66 130 182 116
C Space -1 -1 130 97 220 90
Space C 1 1 97 90 998 901
C A 1 2 90 109 215 125
A N -1 -5 109 80 149 40
N C 0 3 80 152 120 40
C E 2 0 152 140 312 160
E R 0 -1 140 122 90 -50
R Space -3 0 122 116 164 42
Space T 3 -1 116 101 153 37
T H -1 -1 101 61 100 -1
H A 0 5 61 96 131 70
A T 1 -4 96 92 50 -46
T Space -3 1 92 100 82 -10
Space S 2 2 100 110 334 234
S Back 2 -11 110 90 622 512
Back I -1 5 90 70 802 712
I S -1 6 70 82 212 142
S Space -2 -2 82 130 636 554
Space C 1 1 130 112 974 844
C U 2 -4 112 82 142 30
U R 0 3 82 117 514 432
R A -1 3 117 142 212 95
A B -1 -4 142 90 122 -20
B L 1 -4 90 99 170 80
L E 1 6 99 100 192 93
E Space -3 -1 100 112 100 0
Space W 3 2 112 72 414 302
W I 0 -6 72 100 82 10
I T 0 3 100 102 182 82
T H -1 -1 102 70 614 512
H Space -2 2 70 121 362 292
Space S 2 2 121 102 272 151
S U 1 -5 102 80 122 20
U R 0 3 80 92 170 90
R G -1 -1 92 120 214 122
G E 1 2 120 130 270 150
E R 0 -1 130 136 80 -50
R Y 0 -2 136 81 274 138
Y OemPeriod -2 -3 81 90 784 703
OemPeriod Space -1 5 90 89 193 103
Space LShiftKey 1 4 89 1566 341 252
LShiftKey I 2 -8 1566 70 1406 -160
I Space -3 4 70 123 180 110
Space H 2 -2 123 67 262 139
H A 0 5 67 102 112 45
A D 0 -2 102 134 122 20
D Space -2 -1 134 105 152 18
Space T 3 -1 105 100 232 127
T H -1 -1 100 66 140 40
H E 1 3 66 96 112 46
E Space -3 -1 96 76 104 8
Space S 2 2 76 110 148 72
S U 1 -5 110 77 140 30
U R 0 3 77 100 182 105
R G -1 -1 100 112 240 140
G E 1 2 112 122 202 90
E R 0 -1 122 112 92 -30
R Y 0 -2 112 94 122 10
Y Space -3 2 94 97 208 114
Space A 2 3 97 120 168 71
A N -1 -5 120 80 206 86
N D 1 3 80 100 472 392
D Space -2 -1 100 100 160 60
Space LShiftKey 1 4 100 260 220 120
LShiftKey I 2 -8 260 50 90 -170
I Oem7 -1 -3 50 70 622 572
Oem7 M -1 4 70 85 292 222
M Space -1 3 85 102 152 67
Space F 2 0 102 80 232 130
F I 1 -4 80 120 70 -10
I N -2 2 120 100 70 -50
N E 2 3 100 102 130 30
E Space -3 -1 102 80 82 -20
Space N 1 -2 80 132 80 0
N O 2 -3 132 103 74 -58
O W 0 7 103 75 148 45
W OemPeriod -2 -7 75 60 910 835
OemPeriod Return 1 -3 60 92 282 222
Return Return 0 0 92 130 984 892
Return LShiftKey -1 12 130 368 10108 9978
LShiftKey T 2 -5 368 92 260 -108
T H -1 -1 92 142 162 70
H I 1 -2 142 100 122 -20
I S -1 6 100 132 212 112
S Space -2 -2 132 110 172 40
Space W 3 2 110 122 250 140
W A -1 1 122 122 222 100
A S 0 -1 122 144 80 -42
S Space -2 -2 144 80 214 70
Space T 3 -1 80 142 140 60
T H -1 -1 142 67 152 10
H E 1 3 67 82 152 85
E Space -3 -1 82 82 132 50
Space C 1 1 82 115 266 184
C L 1 -6 115 61 148 33
L O 1 0 61 80 142 81
O S -1 7 80 83 112 32
S E 1 -1 83 110 364 281
E S -1 1 110 93 240 130
S T 1 -3 93 72 242 149
T Space -3 1 72 110 142 70
Space LShiftKey 1 4 110 368 350 240
LShiftKey I 2 -8 368 62 182 -186
I Oem7 -1 -3 62 83 604 542
Oem7 V -1 7 83 70 332 249
V E 2 1 70 122 410 340
E Space -3 -1 122 80 334 212
Space B 1 -1 80 73 342 262
B E 2 2 73 60 302 229
E E 0 0 60 60 262 202
E N -2 -3 60 83 180 120
N Space -1 2 83 102 182 99
Space O 3 -5 102 88 267 165
O Space -3 5 88 87 131 43
Space Back 4 -9 87 90 484 397
Back T -1 8 90 93 170 80
T Back 1 -8 93 65 472 379
Back Back 0 0 65 86 122 57
Back T -1 8 86 94 433 347
T O 0 -4 94 80 251 157
O Space -3 5 80 79 220 140
Space F 2 0 79 70 142 63
F A 0 3 70 100 152 82
A C -1 -2 100 100 150 50
C I 2 -5 100 102 130 30
I N -2 2 102 73 82 -20
N G 1 1 73 91 142 69
G Space -2 1 91 87 148 57
Space D 2 1 87 112 172 85
D E 1 0 112 132 242 130
E A -1 2 132 102 172 40
A T 1 -4 102 80 342 240
T H -1 -1 80 80 262 182
H Back 2 -7 80 60 736 656
Back Oemcomma -3 5 60 102 300 240
Oemcomma Space -1 4 102 88 192 90
Space A 2 3 88 110 132 44
A N -1 -5 110 74 120 10
N Space -1 2 74 78 232 158
Space Back 4 -9 78 60 422 344
Back D -2 10 60 121 140 80
D Back 2 -10 121 50 324 203
Back Back 0 0 50 52 132 82
Back Back 0 0 52 86 72 20
Back Back 0 0 86 60 152 66
Back Back 0 0 60 23 129 69
Back H -2 7 23 51 783 760
H Oemcomma -1 -2 51 72 276 225
Oemcomma Space -1 4 72 120 202 130
Space LShiftKey 1 4 120 742 280 160
LShiftKey A 1 -1 742 120 956 214
A N -1 -5 120 70 180 60
N D 1 3 70 80 182 112
D Space -2 -1 80 90 120 40
Space LShiftKey 1 4 90 192 210 120
LShiftKey I 2 -8 192 75 40 -152
I Space -3 4 75 70 142 67
Space H 2 -2 70 82 200 130
H O 1 -3 82 142 272 190
O P 0 -1 142 107 152 10
P E 0 7 107 112 866 759
E Space -3 -1 112 130 262 150
Space I 3 -4 130 60 542 412
I T 0 3 60 92 274 214
T Oem7 -1 -6 92 70 272 180
Oem7 S 0 9 70 102 180 110
S Space -2 -2 102 76 142 40
Space T 3 -1 76 112 172 96
T H -1 -1 112 40 132 20
H E 1 3 40 102 112 72
E Space -3 -1 102 92 192 90
Space C 1 1 92 99 332 240
C L 1 -6 99 100 268 169
L O 1 0 100 71 234 134
O S -1 7 71 100 182 111
S E 1 -1 100 102 232 132
E S -1 1 102 100 222 120
S T 1 -3 100 95 250 150
T Space -3 1 95 92 162 67
Space LShiftKey 1 4 92 172 726 634
LShiftKey I 2 -8 172 56 60 -112
I Space -3 4 56 130 404 348
Space G 2 -1 130 112 190 60
G E 1 2 112 190 242 130
E T 0 -2 190 130 130 -60
T Space -3 1 130 141 223 93
Space F 2 0 141 102 631 490
F O 1 -5 102 68 142 40
O R 0 5 68 102 142 74
R Space -3 0 102 122 152 50
Space A 2 3 122 112 232 110
A Space -2 -3 112 122 192 80
Space F 2 0 122 181 384 262
F E 1 1 181 150 109 -72
E W 0 1 150 102 95 -55
W Space -3 -2 102 112 152 50
Space M 1 -3 112 122 292 180
M O 2 -2 122 98 132 10
O R 0 5 98 118 206 108
R E 0 1 118 102 88 -30
E Space -3 -1 102 92 102 0
Space D 2 1 92 132 132 40
D E 1 0 132 107 172 40
E C -2 0 107 112 202 95
C A 1 2 112 142 162 50
A D 0 -2 142 182 272 130
D E 1 0 182 162 162 -20
E S -1 1 162 92 282 120
S OemPeriod -1 -7 92 80 844 752
OemPeriod Space -1 5 80 102 170 90
Space LShiftKey 1 4 102 225 192 90
LShiftKey H 1 -6 225 60 140 -85
H A 0 5 60 90 232 172
A V -1 -3 90 101 610 520
V I 2 -4 101 164 112 11
I N -2 2 164 115 98 -66
N G 1 1 115 99 123 8
G Space -2 1 99 92 99 0
Space L 2 -5 92 111 125 33
L I 1 1 111 40 291 180
I V -2 4 40 120 592 552
V E 2 1 120 147 395 275
E D -1 0 147 112 117 -30
D Space -2 -1 112 131 132 20
Space T 3 -1 131 103 192 61
T H -1 -1 103 79 111 8
H R 1 2 79 102 151 72
R O 0 -5 102 75 92 -10
O U 0 2 75 74 262 187
U G -1 2 74 112 192 118
G H 0 -1 112 69 112 0
H Space -2 2 69 90 212 143
Space T 3 -1 90 80 464 374
T O 0 -4 80 120 70 -10
O Space -3 5 120 122 140 20
Space I 3 -4 122 94 122 0
I T 0 3 94 75 165 71
T Oemcomma -2 -3 75 80 1601 1526
Oemcomma Space -1 4 80 120 172 92
Space LShiftKey 1 4 120 202 230 110
LShiftKey I 2 -8 202 67 78 -124
I Space -3 4 67 112 124 57
Space C 1 1 112 168 422 310
C A 1 2 168 132 92 -76
A N -1 -5 132 76 145 13
N Space -1 2 76 102 169 93
Space S 2 2 102 239 422 320
S A 0 1 239 142 140 -99
A Y 1 -5 142 102 122 -20
Y Space -3 2 102 72 232 130
Space T 3 -1 72 109 274 202
T H -1 -1 109 134 116 7
H I 1 -2 134 85 90 -44
I S -1 6 85 112 126 41
S Space -2 -2 112 103 112 0
Space T 3 -1 103 112 192 89
T O 0 -4 112 119 65 -47
O Space -3 5 119 72 129 10
Space Y 3 -2 72 112 212 140
Y O 0 -3 112 80 212 100
O U 0 2 80 112 40 -40
U Space -3 3 112 117 564 452
Space W 3 2 117 102 232 115
W I 0 -6 102 92 112 10
I T 0 3 92 72 232 140
T H -1 -1 72 60 72 0
H Space -2 2 60 68 182 122
Space A 2 3 68 110 142 74
A Space -2 -3 110 78 90 -20
Space B 1 -1 78 81 222 144
B I 2 -3 81 60 201 120
I T 0 3 60 100 190 130
T Space -3 1 100 120 180 80
Space M 1 -3 120 68 250 130
M O 2 -2 68 102 172 104
O R 0 5 102 110 202 100
R E 0 1 110 102 80 -30
E Space -3 -1 102 102 112 10
Space C 1 1 102 132 182 80
C R 2 -1 132 119 332 200
R Back 1 -9 119 80 536 417
Back E -1 10 80 152 130 50
E R 0 -1 152 71 263 111
R T 0 -1 71 110 313 242
T A -1 4 110 120 240 130
A I 1 -7 120 78 130 10
I N -2 2 78 82 142 64
N I 2 -2 82 123 102 20
I T 0 3 123 60 234 111
T Y 0 -1 60 74 93 33
Y Space -3 2 74 94 161 87
Space Back 4 -9 94 70 1586 1492
Back Back 0 0 70 95 322 252
Back Back 0 0 95 60 182 87
Back Back 0 0 60 125 392 332
Back T -1 8 125 90 486 361
T Y 0 -1 90 82 80 -10
Y Space -3 2 82 77 162 80
Space T 3 -1 77 110 1766 1689
T H -1 -1 110 60 120 10
H A 0 5 60 139 170 110
A N -1 -5 139 102 82 -57
N Space -1 2 102 122 152 50
Space W 3 2 122 122 242 120
W H -1 -4 122 100 162 40
H E 1 3 100 110 182 82
E N -2 -3 110 82 1476 1366
N Space -1 2 82 117 242 160
Space D 2 1 117 172 224 107
D E 1 0 172 132 192 20
E A -1 2 132 145 87 -45
A T 1 -4 145 89 360 215
T H -1 -1 89 70 189 100
H Space -2 2 70 100 220 150
Space W 3 2 100 110 310 210
W A -1 1 110 152 160 50
A S 0 -1 152 79 132 -20
S Space -2 -2 79 121 154 75
Space A 2 3 121 102 1040 919
A Space -2 -3 102 100 496 394
Space U 3 -3 100 70 512 412
U S -1 5 70 112 876 806
S E 1 -1 112 110 638 526
E F -1 -1 110 102 350 240
F U 1 -3 102 60 142 40
U L -1 -2 60 100 190 130
L Space -2 5 100 132 130 30
Space B 1 -1 132 120 756 624
B U 2 -2 120 132 140 20
U T 0 2 132 80 292 160
T Space -3 1 80 120 974 894
Space P 3 -6 120 72 314 194
P U 0 3 72 70 282 210
U R 0 3 70 67 425 355
R E 0 1 67 92 167 100
E L -1 -6 92 97 162 70
L Y 1 3 97 97 212 115
Y Space -3 2 97 91 122 25
Space I 3 -4 91 150 242 151
I N -2 2 150 132 90 -60
N T 2 1 132 112 1298 1166
T E 0 2 112 112 264 152
E L -1 -6 112 70 422 310
L L 0 0 70 85 150 80
L E 1 6 85 90 162 77
E C -2 0 90 130 192 102
C T 2 -2 130 112 350 220
T U 0 -2 112 104 142 30
U A -1 6 104 154 184 80
A L 0 -8 154 110 92 -62
L Space -2 5 110 92 182 72
Space C 1 1 92 112 182 90
C O 2 -6 112 116 98 -14
O N -2 3 116 106 74 -42
N C 0 3 106 162 144 38
C E 2 0 162 104 162 0
E P 0 -7 104 79 212 108
P T 0 5 79 92 502 423
T LShiftKey -2 5 92 272 386 294
LShiftKey Oem1 1 -10 272 72 140 -132
Oem1 Return 0 -2 72 75 672 600
Return Return 0 0 75 101 486 411
Return LShiftKey -1 12 101 327 431 330
LShiftKey N 0 -6 327 71 153 -174
N O 2 -3 71 122 484 413
O N -2 3 122 81 142 20
N Space -1 2 81 80 202 121
Space O 3 -5 80 84 150 70
O N -2 3 84 93 53 -31
N Back 3 -7 93 50 713 620
Back Back 0 0 50 70 102 52
Back Back 0 0 70 53 150 80
Back Back 0 0 53 60 102 49
Back Space -4 9 60 102 350 290
Space O 3 -5 102 100 222 120
O N -2 3 100 104 60 -40
N E 2 3 104 88 344 240
E Space -3 -1 88 103 433 345
Space W 3 2 103 88 573 470
W A -1 1 88 112 756 668
A N -1 -5 112 70 292 180
N T 2 1 70 84 131 61
T S -1 3 84 90 201 117
S Space -2 -2 90 92 120 30
Space T 3 -1 92 79 152 60
T O 0 -4 79 98 92 13
O Space -3 5 98 115 152 54
Space D 2 1 115 102 162 47
D I 1 -5 102 60 162 60
I E 0 5 60 70 210 150
E OemPeriod -2 -6 70 71 200 130
OemPeriod Space -1 5 71 92 552 481
Space LShiftKey 1 4 92 662 174 82
LShiftKey LShiftKey 0 0 662 330 842 180
LShiftKey LShiftKey 0 0 330 252 480 150
LShiftKey E 2 -3 252 112 80 -172
E V -2 -1 112 162 334 222
V E 2 1 162 130 122 -40
E N -2 -3 130 110 870 740
N Space -1 2 110 100 220 110
Space P 3 -6 100 92 200 100
P E 0 7 92 107 282 190
E O 0 -6 107 109 115 8
O P 0 -1 109 147 26 -83
P L -1 1 147 112 351 204
L E 1 6 112 92 234 122
E Space -3 -1 92 102 132 40
Space W 3 2 102 140 172 70
W O 0 -7 140 83 389 249
O Space -3 5 83 112 163 80
Space W 3 2 112 122 212 100
W A -1 1 122 117 214 92
A N -1 -5 117 80 146 29
N T 2 1 80 80 186 106
T Space -3 1 80 89 132 52
Space T 3 -1 89 77 168 79
T O 0 -4 77 105 44 -33
O Space -3 5 105 90 108 3
Space G 2 -1 90 122 244 154
G O 1 -4 122 70 92 -30
O Space -3 5 70 92 240 170
Space T 3 -1 92 77 252 160
T O 0 -4 77 83 102 25
O Space -3 5 83 88 142 59
Space H 2 -2 88 80 162 74
H E 1 3 80 152 190 110
E A -1 2 152 112 332 180
A V -1 -3 112 112 386 274
V E 2 1 112 94 232 120
E N -2 -3 94 80 163 69
N Space -1 2 80 110 883 803
Space D 2 1 110 72 290 180
D O 1 -6 72 92 142 70
O N -2 3 92 72 284 192
N Oem7 1 -5 72 80 480 408
Oem7 T 1 6 80 110 242 162
T Space -3 1 110 101 210 100
Space W 3 2 101 162 222 121
W A -1 1 162 92 182 20
A N -1 -5 92 80 1088 996
N T 2 1 80 75 130 50
T Space -3 1 75 71 122 47
Space H 2 -2 71 100 3198 3127
H T 1 1 100 90 2910 2810
T O 0 -4 90 82 172 82
O Space -3 5 82 132 504 422
Space D 2 1 132 110 222 90
D I 1 -5 110 80 120 10
I E 0 5 80 114 222 142
E Space -3 -1 114 92 334 220
Space T 3 -1 92 92 252 160
T O 0 -4 92 80 82 -10
O Space -3 5 80 132 110 30
Space G 2 -1 132 112 132 0
G E 1 2 112 82 214 102
E T 0 -2 82 90 232 150
T Space -3 1 90 90 220 130
Space T 3 -1 90 112 152 62
T H -1 -1 112 72 102 -10
H E 1 3 72 86 177 105
E R 0 -1 86 132 615 529
R E 0 1 132 100 412 280
E OemPeriod -2 -6 100 100 640 540
OemPeriod Space -1 5 100 85 212 112
Space LShiftKey 1 4 85 376 284 199
LShiftKey A 1 -1 376 100 206 -170
A N -1 -5 100 50 270 170
N D 1 3 50 112 170 120
D Space -2 -1 112 97 87 -25
Space Y 3 -2 97 110 237 140
Y E 0 3 110 90 330 220
E T 0 -2 90 79 320 230
T Space -3 1 79 152 620 541
Space D 2 1 152 90 272 120
D E 1 0 90 132 240 150
E A -1 2 132 130 132 0
A T 1 -4 130 80 304 174
T H -1 -1 80 80 160 80
H Space -2 2 80 87 172 92
Space I 3 -4 87 60 152 65
I S -1 6 60 80 120 60
S Space -2 -2 80 86 100 20
Space H 2 -2 86 80 372 286
H Back 2 -7 80 57 539 459
Back T -1 8 57 70 199 142
T H -1 -1 70 81 230 160
H E 1 3 81 92 212 131
E Space -3 -1 92 90 112 20
Space D 2 1 90 122 322 232
D E 1 0 122 127 202 80
E S -1 1 127 92 174 47
S T 1 -3 92 103 224 132
T I 0 -3 103 70 294 191
I N -2 2 70 78 180 110
N A 1 5 78 122 102 24
A T 1 -4 122 60 312 190
T I 0 -3 60 263 290 230
I O 0 -1 263 130 122 -141
O N -2 3 130 150 37 -93
N Space -1 2 150 123 365 215
Space W 3 2 123 92 162 39
W E 0 -1 92 110 182 90
E Space -3 -1 110 112 110 0
Space A 2 3 112 122 132 20
A L 0 -8 122 62 162 40
L L 0 0 62 70 142 80
L Space -2 5 70 130 120 50
Space S 2 2 130 89 422 292
S H 0 -4 89 70 150 61
H A 0 5 70 134 242 172
A R 1 -3 134 142 164 30
R E 0 1 142 132 102 -40
E OemPeriod -2 -6 132 75 4258 4126
OemPeriod Space -1 5 75 92 584 509
Space LShiftKey 1 4 92 322 594 502
LShiftKey N 0 -6 322 82 140 -182
N O 2 -3 82 90 286 204
O Space -3 5 90 87 192 102
Space O 3 -5 87 112 152 65
O N -2 3 112 102 142 30
N E 2 3 102 112 212 110
E Space -3 -1 112 132 294 182
Space H 2 -2 132 80 416 284
H A 0 5 80 162 140 60
A S 0 -1 162 112 132 -30
S Space -2 -2 112 129 122 10
Space E 3 1 129 103 149 20
E V -2 -1 103 117 220 117
V E 2 1 117 142 177 60
E R 0 -1 142 100 102 -40
R Space -3 0 100 122 100 0
Space A 2 3 122 102 162 40
A C -1 -2 102 60 222 120
C C 0 0 60 105 140 80
C E 2 0 105 132 172 67
E P 0 -7 132 102 132 0
P T 0 5 102 100 162 60
T E 0 2 100 187 200 100
E D -1 0 187 129 148 -39
D Space -2 -1 129 79 207 78
Space I 3 -4 79 80 179 100
I T 0 3 80 92 444 364
T Back 1 -8 92 1252 614 522
Back R -1 9 1252 82 2642 1390
R Space -3 0 82 126 105 23
Space E 3 1 126 50 267 141
E S -1 1 50 82 242 192
S C -1 -1 82 120 232 150
C A 1 2 120 119 130 10
A P 1 -9 119 114 140 21
P E 0 7 114 122 172 58
E D -1 0 122 125 87 -35
D Space -2 -1 125 122 85 -40
Space I 3 -4 122 112 162 40
I T 0 3 112 80 232 120
T OemPeriod -2 -4 80 117 120 40
OemPeriod Space -1 5 117 107 172 55
Space LShiftKey 1 4 107 402 1519 1412
LShiftKey A 1 -1 402 142 240 -162
A N -1 -5 142 58 254 112
N D 1 3 58 95 144 86
D Space -2 -1 95 128 101 6
Space T 3 -1 128 115 188 60
T H -1 -1 115 102 115 0
H A 0 5 102 117 162 60
A T 1 -4 117 122 60 -57
T Space -3 1 122 122 152 30
Space I 3 -4 122 70 322 200
I S -1 6 70 102 162 92
S Space -2 -2 102 112 132 30
Space A 2 3 112 152 182 70
A S 0 -1 152 136 172 20
S Space -2 -2 136 99 212 76
Space I 3 -4 99 105 142 43
I T 0 3 105 83 121 16
T Space -3 1 83 103 108 25
Space S 2 2 103 92 155 52
S H 0 -4 92 92 132 40
H O 1 -3 92 102 162 70
O U 0 2 102 80 182 80
U L -1 -2 80 72 162 82
L D 0 6 72 112 162 90
D Space -2 -1 112 69 162 50
Space B 1 -1 69 70 582 513
B E 2 2 70 98 230 160
E Oemcomma -2 -5 98 80 212 114
Oemcomma Space -1 4 80 86 130 50
Space B 1 -1 86 77 202 116
B E 2 2 77 87 182 105
E C -2 0 87 126 182 95
C A 1 2 126 152 222 96
A U 1 -6 152 61 342 190
U S -1 5 61 102 182 121
S Space -2 -2 102 141 414 312
Space LShiftKey 1 4 141 584 404 263
LShiftKey D 1 -3 584 92 472 -112
D E 1 0 92 112 242 150
E Back 1 -10 112 102 674 562
Back Back 0 0 102 100 129 27
Back Back 0 0 100 46 173 73
Back Back 0 0 46 30 112 66
Back E -1 10 30 70 342 312
E Back 1 -10 70 80 432 362
Back S -2 11 80 73 120 40
S E 1 -1 73 75 139 66
E Space -3 -1 75 99 167 92
Space LShiftKey 1 4 99 210 192 93
LShiftKey D 1 -3 210 125 150 -60
D E 1 0 125 130 222 97
E A -1 2 130 82 144 14
A T 1 -4 82 85 206 124
T H -1 -1 85 89 152 67
H Space -2 2 89 92 132 43
Space I 3 -4 92 71 1253 1161
I S -1 6 71 95 122 51
S Space -2 -2 95 66 146 51
Space V 1 0 66 93 87 21
V E 2 1 93 122 270 177
E R 0 -1 122 130 122 0
R Y 0 -2 130 92 130 0
Y Space -3 2 92 92 152 60
Space L 2 -5 92 80 162 70
L I 1 1 80 60 150 70
I K -1 0 60 66 172 112
K E 1 5 66 120 129 63
E L -1 -6 120 90 113 -7
L Y 1 3 90 80 270 180
Y Space -3 2 80 95 444 364
Space T 3 -1 95 120 272 177
T H -1 -1 120 60 120 0
H E 1 3 60 101 140 80
E Space -3 -1 101 75 87 -14
Space S 2 2 75 119 167 92
S I 1 -6 119 85 109 -10
I N -2 2 85 103 120 35
N G 1 1 103 112 143 40
G L 0 -4 112 82 102 -10
L E 1 6 82 90 162 80
E Space -3 -1 90 72 100 10
Space M 1 -3 72 30 226 154
M Back 3 -6 30 70 362 332
Back B -3 8 70 80 502 432
B E 2 2 80 102 142 62
E S -1 1 102 102 182 80
S T 1 -3 102 92 192 90
T Space -3 1 92 98 92 0
Space I 3 -4 98 105 152 54
I N -2 2 105 72 83 -22
N V 0 2 72 112 149 77
V E 2 1 112 95 192 80
E N -2 -3 95 92 142 47
N T 2 1 92 102 142 50
T I 0 -3 102 190 122 20
I O 0 -1 190 90 100 -90
O N -2 3 90 172 10 -80
N Space -1 2 172 93 216 44
Space O 3 -5 93 82 228 135
O Space -3 5 82 110 272 190
Space L 2 -5 110 50 192 82
L Back 2 -4 50 80 370 320
Back Back 0 0 80 70 190 110
Back F -2 9 70 90 392 322
F Space -2 0 90 120 366 276
Space L 2 -5 120 110 190 70
L I 1 1 110 66 222 112
I E 0 5 66 102 192 126
E Back 1 -10 102 71 708 606
Back F -2 9 71 168 135 64
F E 1 1 168 104 85 -83
E OemPeriod -2 -6 104 89 822 718
OemPeriod Back 3 -4 89 90 834 745
Back Back 0 0 90 60 194 104
Back Back 0 0 60 41 281 221
Back Back 0 0 41 80 161 120
Back Back 0 0 80 100 512 432
Back LShiftKey -3 13 100 280 340 240
LShiftKey L 1 -9 280 70 90 -190
L I 1 1 70 80 290 220
I F -1 4 80 184 180 100
F E 1 1 184 127 133 -51
E OemPeriod -2 -6 127 71 208 81
OemPeriod Space -1 5 71 90 245 174
Space LShiftKey 1 4 90 404 422 332
LShiftKey I 2 -8 404 50 262 -142
I T 0 3 50 100 352 302
T Space -3 1 100 102 414 314
Space I 3 -4 102 80 162 60
I S -1 6 80 94 222 142
S Space -2 -2 94 102 364 270
Space LShiftKey 1 4 102 252 272 170
LShiftKey L 1 -9 252 72 100 -152
L I 1 1 72 70 242 170
I F -1 4 70 179 230 160
F E 1 1 179 113 151 -28
E Oem7 -1 -8 113 70 323 210
Oem7 S 0 9 70 92 294 224
S Space -2 -2 92 112 162 70
Space C 1 1 112 123 863 751
C H 1 -3 123 94 109 -14
H A 0 5 94 112 154 60
A N -1 -5 112 82 112 0
N G 1 1 82 132 252 170
G E 1 2 132 102 132 0
E Space -3 -1 102 111 152 50
Space A 2 3 111 132 122 11
A G 0 -4 132 102 272 140
G E 1 2 102 110 122 20
E N -2 -3 110 90 230 120
N T 2 1 90 82 182 92
T OemPeriod -2 -4 82 83 1034 952
OemPeriod Space -1 5 83 90 192 109
Space LShiftKey 1 4 90 262 200 110
LShiftKey I 2 -8 262 50 130 -132
I T 0 3 50 92 304 254
T Space -3 1 92 82 172 80
Space C 1 1 82 112 182 100
C L 1 -6 112 102 92 -20
L E 1 6 102 202 174 72
E A -1 2 202 72 212 10
A R 1 -3 72 100 142 70
R S -1 2 100 103 294 194
S Space -2 -2 103 100 192 89
Space O 3 -5 100 130 362 262
O U 0 2 130 102 140 10
U T 0 2 102 75 192 90
T Space -3 1 75 112 82 7
Space T 3 -1 112 122 162 50
T H -1 -1 122 84 112 -10
H E 1 3 84 99 172 88
E Space -3 -1 99 122 102 3
Space O 3 -5 122 80 232 110
O L -1 0 80 83 194 114
L D 0 6 83 100 414 331
D Space -2 -1 100 110 160 60
Space T 3 -1 110 102 190 80
T Space -3 1 102 40 312 210
Space Back 4 -9 40 112 1084 1044
Back Space -4 9 112 71 402 290
Space Back 4 -9 71 90 822 751
Back O -1 4 90 132 704 614
O Space -3 5 132 102 302 170
Space M 1 -3 102 82 252 150
M A 1 6 82 112 172 90
A K 0 -7 112 90 92 -20
K E 1 5 90 92 282 192
E Space -3 -1 92 122 484 392
Space W 3 2 122 84 446 324
W A -1 1 84 112 232 148
A Y 1 -5 112 82 312 200
Y Space -3 2 82 92 162 80
Space F 2 0 92 112 182 90
F O 1 -5 112 81 103 -9
O R 0 5 81 87 121 40
R Space -3 0 87 105 162 75
Space T 3 -1 105 116 172 67
T H -1 -1 116 72 142 26
H E 1 3 72 89 132 60
E Space -3 -1 89 68 142 53
Space N 1 -2 68 73 182 114
N E 2 3 73 192 152 79
E W 0 1 192 90 152 -40
W OemPeriod -2 -7 90 90 460 370
OemPeriod Space -1 5 90 78 220 130
Space LShiftKey 1 4 78 742 252 174
LShiftKey R 2 -4 742 118 570 -172
R I 0 -4 118 92 282 164
I G -1 3 92 100 142 50
G H 0 -1 100 68 150 50
H T 1 1 68 109 156 88
T Space -3 1 109 83 99 -10
Space N 1 -2 83 160 297 214
N O 2 -3 160 70 110 -50
O W 0 7 70 102 90 20
W Space -3 -2 102 92 142 40
Space T 3 -1 92 132 132 40
T H -1 -1 132 102 102 -30
H E 1 3 102 139 182 80
E Space -3 -1 139 80 109 -30
Space N 1 -2 80 80 176 96
N E 2 3 80 235 97 17
E W 0 1 235 123 154 -81
W Space -3 -2 123 92 412 289
Space I 3 -4 92 80 484 392
I S -1 6 80 92 150 70
S Space -2 -2 92 120 302 210
Space Y 3 -2 120 104 280 160
Y O 0 -3 104 106 204 100
O U 0 2 106 94 53 -53
U Oemcomma -2 -1 94 120 487 393
Oemcomma Space -1 4 120 92 192 72
Space B 1 -1 92 163 262 170
B U 2 -2 163 132 110 -53
U T 0 2 132 100 152 20
T Space -3 1 100 90 90 -10
Space S 2 2 90 125 249 159
S O 1 -7 125 160 187 62
O M -2 2 160 102 120 -40
M E 2 4 102 109 202 100
E D -1 0 109 108 174 65
D A 0 2 108 100 310 202
A Y 1 -5 100 132 210 110
Y Space -3 2 132 102 342 210
Space N 1 -2 102 100 382 280
N O 2 -3 100 79 200 100
O T 0 4 79 112 322 243
T Space -3 1 112 90 314 202
Space T 3 -1 90 92 192 102
T O 0 -4 92 72 112 20
O O 0 0 72 92 132 60
O Space -3 5 92 95 249 157
Space L 2 -5 95 80 167 72
L O 1 0 80 102 182 102
O N -2 3 102 127 97 -5
N G 1 1 127 110 167 40
G Space -2 1 110 112 80 -30
Space F 2 0 112 120 212 100
F O 1 -5 120 103 80 -40
O R 0 5 103 133 172 69
R Space -3 0 133 134 88 -45
Space N 1 -2 134 152 152 18
N O 2 -3 152 83 99 -53
O W 0 7 83 102 185 102
W Oemcomma -2 -6 102 92 152 50
Oemcomma Space -1 4 92 122 132 40
Space Y 3 -2 122 92 324 202
Y O 0 -3 92 112 182 90
O U 0 2 112 104 50 -62
U Space -3 3 104 68 174 70
Space W 3 2 68 102 152 84
W I 0 -6 102 67 132 30
I L -1 -1 67 65 194 127
L L 0 0 65 61 128 63
L Space -2 5 61 93 114 53
Space G 2 -1 93 92 406 313
G R 1 1 92 100 212 120
R A -1 3 100 90 240 140
A D 0 -2 90 100 190 100
D U 1 -4 100 70 190 90
U A -1 6 70 100 142 72
A L 0 -8 100 61 90 -10
L L 0 0 61 60 132 71
L Y 1 3 60 100 568 508
Y Space -3 2 100 120 270 170
Space B 1 -1 120 70 270 150
B E 2 2 70 64 170 100
E C -2 0 64 152 202 138
C O 2 -6 152 156 142 -10
O M -2 2 156 141 81 -75
M E 2 4 141 85 231 90
E Space -3 -1 85 95 97 12
Space T 3 -1 95 122 145 50
T H -1 -1 122 91 82 -40
H E 1 3 91 75 171 80
E Space -3 -1 75 101 85 10
Space O 3 -5 101 70 178 77
O L -1 0 70 60 200 130
L D 0 6 60 92 160 100
D Space -2 -1 92 130 112 20
Space A 2 3 130 130 190 60
A N -1 -5 130 68 150 20
N D 1 3 68 120 147 79
D Space -2 -1 120 86 112 -8
Space B 1 -1 86 79 185 99
B E 2 2 79 80 132 53
E Space -3 -1 80 82 100 20
Space C 1 1 82 118 122 40
C L 1 -6 118 71 113 -5
L E 1 6 71 153 147 76
E A -1 2 153 106 119 -34
A R 1 -3 106 70 226 120
R E 0 1 70 121 212 142
E D -1 0 121 83 98 -23
D Space -2 -1 83 92 204 121
Space A 2 3 92 92 612 520
A W 1 -1 92 80 222 130
W A -1 1 80 92 160 80
A Y 1 -5 92 113 168 76
Y OemPeriod -2 -3 113 90 658 545
OemPeriod Space -1 5 90 78 190 100
Space LShiftKey 1 4 78 320 142 64
LShiftKey S 1 -2 320 100 180 -140
S O 1 -7 100 60 220 120
O R 0 5 60 70 230 170
R R 0 0 70 66 170 100
R Y 0 -2 66 86 102 36
Y Space -3 2 86 90 496 410
Space T 3 -1 90 102 170 80
T O 0 -4 102 132 82 -20
O Space -3 5 132 122 112 -20
Space B 1 -1 122 93 312 190
B E 2 2 93 93 132 39
E Space -3 -1 93 82 112 19
Space S 2 2 82 112 172 90
S O 1 -7 112 81 122 10
O Space -3 5 81 102 131 50
Space D 2 1 102 91 139 37
D R 1 -1 91 86 201 110
R A -1 3 86 100 199 113
A M -1 -6 100 79 172 72
M A 1 6 79 112 202 123
A T 1 -4 112 92 1436 1324
T I 0 -3 92 90 1052 960
I C -2 5 90 118 682 592
C Oemcomma 0 -5 118 98 193 75
Oemcomma Space -1 4 98 100 161 63
Space B 1 -1 100 169 270 170
B U 2 -2 169 132 102 -67
U T 0 2 132 112 222 90
T Space -3 1 112 100 132 20
Space I 3 -4 100 100 274 174
I T 0 3 100 92 947 847
T Space -3 1 92 98 179 87
Space I 3 -4 98 92 152 54
I S -1 6 92 102 162 70
S Space -2 -2 102 144 112 10
Space Q 3 3 144 112 302 158
Q U 0 -6 112 152 152 40
U I 0 -1 152 77 95 -57
I T 0 3 77 162 147 70
T E 0 2 162 131 113 -49
E Space -3 -1 131 122 101 -30
Space T 3 -1 122 82 424 302
T R 0 1 82 132 204 122
R U 0 -3 132 52 152 20
U E 0 4 52 92 502 450
E OemPeriod -2 -6 92 60 214 122
OemPeriod Return 1 -3 60 90 1370 1310
Return LShiftKey -1 12 90 360 1408 1318
LShiftKey Y 2 -6 360 80 178 -182
Y O 0 -3 80 101 232 152
O U 0 2 101 128 66 -35
U R 0 3 128 100 198 70
R Space -3 0 100 92 140 40
Space T 3 -1 92 120 262 170
T I 0 -3 120 168 60 -60
I M -2 1 168 100 120 -48
M E 2 4 100 109 164 64
E Space -3 -1 109 86 124 15
Space I 3 -4 86 90 134 48
I S -1 6 90 102 152 62
S Space -2 -2 102 114 142 40
Space L 2 -5 114 98 236 122
L I 1 1 98 82 198 100
I M -2 1 82 95 182 100
M I 2 -1 95 101 102 7
I T 0 3 101 100 182 81
T E 0 2 100 137 270 170
E D -1 0 137 129 103 -34
D Oemcomma -1 -5 129 67 341 212
Oemcomma M 0 1 67 40 10 -57
M Back 3 -6 40 71 964 924
Back Space -4 9 71 112 262 191
Space S 2 2 112 112 222 110
S O 1 -7 112 72 112 0
O Space -3 5 72 84 182 110
Space D 2 1 84 80 314 230
D O 1 -6 80 117 1244 1164
O N -2 3 117 71 214 97
N Oem7 1 -5 71 80 552 481
Oem7 T 1 6 80 102 242 162
T Space -3 1 102 110 466 364
Space W 3 2 110 102 162 52
W A -1 1 102 146 214 112
A S 0 -1 146 92 102 -44
S T 1 -3 92 70 412 320
T E 0 2 70 92 190 120
E Space -3 -1 92 90 222 130
Space T 3 -1 90 120 200 110
T I 0 -3 120 164 90 -30
I Back 1 -5 164 61 540 376
Back Back 0 0 61 40 154 93
Back I -1 5 40 69 510 470
I T 0 3 69 80 232 163
T Space -3 1 80 100 260 180
Space L 2 -5 100 92 150 50
L I 1 1 92 110 610 518
I V -2 4 110 120 150 40
V I 2 -4 120 138 160 40
I N -2 2 138 117 75 -63
N G 1 1 117 112 197 80
G Space -2 1 112 112 214 102
Space S 2 2 112 142 282 170
S O 1 -7 142 158 172 30
O M -2 2 158 72 564 406
M E 2 4 72 102 194 122
E O 0 -6 102 120 162 60
O N -2 3 120 130 80 -40
N E 2 3 130 72 190 60
E Space -3 -1 72 102 152 80
Space E 3 1 102 160 242 140
E L -1 -6 160 83 253 93
L S 0 7 83 103 573 490
S E 1 -1 103 92 242 139
E Oem7 -1 -8 92 70 282 190
Oem7 S 0 9 70 70 162 92
S Space -2 -2 70 70 150 80
Space L 2 -5 70 72 152 82
L I 1 1 72 64 164 92
I F -1 4 64 153 115 51
F E 1 1 153 82 97 -56
E Space -3 -1 82 92 122 40
Space Back 4 -9 92 86 1176 1084
Back Space -4 9 86 78 486 400
Space Back 4 -9 78 87 882 804
Back OemPeriod -3 4 87 102 308 221
OemPeriod Space -1 5 102 90 202 100
Space LShiftKey 1 4 90 274 222 132
LShiftKey D 1 -3 274 90 132 -142
D O 1 -6 90 82 352 262
O N -2 3 82 79 192 110
N Oem7 1 -5 79 90 634 555
Oem7 T 1 6 90 114 242 152
T Space -3 1 114 82 242 128
Space B 1 -1 82 80 442 360
B E 2 2 80 91 130 50
E Space -3 -1 91 102 132 41
Space T 3 -1 102 90 142 40
T R 0 1 90 93 220 130
R A -1 3 93 112 182 89
A P 1 -9 112 70 122 10
P P 0 0 70 84 142 72
P E 0 7 84 150 165 81
E D -1 0 150 112 101 -49
D Space -2 -1 112 109 156 44
Space B 1 -1 109 112 302 193
B Y 2 -1 112 89 172 60
Y Space -3 2 89 89 182 93
Space D 2 1 89 102 194 105
D O 1 -6 102 92 92 -10
O G -1 4 92 114 190 98
G M -1 -2 114 80 116 2
M A 1 6 80 110 212 132
A Space -2 -3 110 87 170 60
Space OemMinus 4 -7 87 60 364 277
OemMinus Space -4 7 60 91 150 90
Space W 3 2 91 100 152 61
W H -1 -4 100 78 150 50
H I 1 -2 78 83 172 94
I C -2 5 83 120 162 79
C H 1 -3 120 80 110 -10
H Space -2 2 80 76 170 90
Space I 3 -4 76 83 143 67
I S -1 6 83 92 171 88
S Space -2 -2 92 110 60 -32
Space L 2 -5 110 80 184 74
L I 1 1 80 87 170 90
I V -2 4 87 104 145 58
V I 2 -4 104 129 97 -7
I N -2 2 129 132 61 -68
N G 1 1 132 112 169 37
G Space -2 1 112 86 132 20
Space W 3 2 86 103 542 456
W I 0 -6 103 83 122 19
I T 0 3 83 92 174 91
T H -1 -1 92 59 103 11
H Space -2 2 59 80 139 80
Space T 3 -1 80 94 150 70
T H -1 -1 94 57 85 -9
H E 1 3 57 102 149 92
E Space -3 -1 102 100 132 30
Space R 3 0 100 110 192 92
R S -1 2 110 132 372 262
S U 1 -5 132 99 152 20
U Back 1 -6 99 102 762 663
Back Back 0 0 102 70 232 130
Back E -1 10 70 110 310 240
E S -1 1 110 112 436 326
S U 1 -5 112 70 254 142
U L -1 -2 70 80 182 112
L T 1 4 80 92 150 70
T S -1 3 92 102 234 142
S Space -2 -2 102 119 342 240
Space O 3 -5 119 80 172 53
O F -1 5 80 128 120 40
F Space -2 0 128 107 133 5
Space O 3 -5 107 112 1313 1206
O T 0 4 112 102 302 190
T H -1 -1 102 80 112 10
H E 1 3 80 160 414 334
E R 0 -1 160 117 122 -38
R Space -3 0 117 89 131 14
Space P 3 -6 89 60 171 82
P E 0 7 60 110 270 210
E O 0 -6 110 142 130 20
O P 0 -1 142 97 105 -37
P L -1 1 97 80 217 120
L E 1 6 80 80 482 402
E S -1 1 80 62 400 320
S Back 2 -11 62 110 424 362
Back Oem7 -2 2 110 87 420 310
Oem7 S 0 9 87 89 199 112
S Space -2 -2 89 89 124 35
Space T 3 -1 89 92 203 114
T H -1 -1 92 87 82 -10
H I 1 -2 87 92 152 65
I N -2 2 92 92 212 120
N K 1 -2 92 81 182 90
K I 1 0 81 141 211 130
I N -2 2 141 112 83 -58
N G 1 1 112 92 162 50
G OemPeriod -1 -4 92 99 447 355
OemPeriod Space -1 5 99 112 201 102
Space LShiftKey 1 4 112 342 324 212
LShiftKey D 1 -3 342 101 171 -171
D O 1 -6 101 128 443 342
O N -2 3 128 100 71 -57
N Oem7 1 -5 100 65 461 361
Oem7 T 1 6 65 92 202 137
T Space -3 1 92 108 544 452
Space L 2 -5 108 77 582 474
L E 1 6 77 98 162 85
E Space -3 -1 98 90 242 144
Space Back 4 -9 90 110 516 426
Back T -1 8 110 132 722 612
T Space -3 1 132 82 252 120
Space T 3 -1 82 122 152 70
T H -1 -1 122 64 102 -20
H E 1 3 64 90 534 470
E Space -3 -1 90 80 242 152
Space N 1 -2 80 102 180 100
N O 2 -3 102 172 132 30
O I 0 1 172 122 112 -60
I S -1 6 122 102 202 80
S E 1 -1 102 120 232 130
E Space -3 -1 120 120 190 70
Space O 3 -5 120 92 190 70
O F -1 5 92 104 284 192
F Space -2 0 104 92 122 18
Space O 3 -5 92 80 112 20
O T 0 4 80 120 290 210
T H -1 -1 120 80 100 -20
H E 1 3 80 100 200 120
E R 0 -1 100 122 160 60
R Oem7 -1 -7 122 82 316 194
Oem7 S 0 9 82 102 214 132
S Space -2 -2 102 102 182 80
Space O 3 -5 102 87 304 202
O P 0 -1 87 70 252 165
P I 0 2 70 60 220 150
I N -2 2 60 104 170 110
N I 2 -2 104 244 192 88
I O 0 -1 244 132 142 -102
O N -2 3 132 134 50 -82
N S 1 4 134 102 214 80
S Space -2 -2 102 92 182 80
Space D 2 1 92 112 634 542
D R 1 -1 112 112 302 190
R O 0 -5 112 81 142 30
O W 0 7 81 85 162 81
W N -2 -4 85 96 122 37
N Space -1 2 96 102 692 596
Space O 3 -5 102 172 212 110
O U 0 2 172 116 120 -52
U T 0 2 116 95 155 39
T Space -3 1 95 100 379 284
Space Y 3 -2 100 130 472 372
Y O 0 -3 130 121 190 60
O U 0 2 121 102 80 -41
U R 0 3 102 80 222 120
R Space -3 0 80 120 1118 1038
Space O 3 -5 120 112 280 160
O W 0 7 112 90 192 80
W N -2 -4 90 112 100 10
N Space -1 2 112 112 172 60
Space I 3 -4 112 92 212 100
I N -2 2 92 85 162 70
N N 0 0 85 69 137 52
N E 2 3 69 139 458 389
E R 0 -1 139 109 149 10
R Space -3 0 109 85 130 21
Space V 1 0 85 90 355 270
V O 2 -5 90 157 100 10
O I 0 1 157 123 101 -56
I C -2 5 123 192 221 98
C E 2 0 192 132 162 -30
E OemPeriod -2 -6 132 80 1080 948
OemPeriod Space -1 5 80 132 130 50
Space LShiftKey 1 4 132 335 262 130
LShiftKey A 1 -1 335 92 212 -123
A N -1 -5 92 73 254 162
N D 1 3 73 112 142 69
D Space -2 -1 112 87 142 30
Space M 1 -3 87 60 212 125
M O 2 -2 60 82 172 112
O S -1 7 82 85 162 80
S T 1 -3 85 87 219 134
T Space -3 1 87 91 97 10
Space I 3 -4 91 121 152 61
I M -2 1 121 112 162 41
M P 2 -3 112 90 122 10
P O 0 1 90 110 80 -10
O R 0 5 110 92 180 70
R T 0 -1 92 102 264 172
T A -1 4 102 100 252 150
A N -1 -5 100 89 140 40
N T 2 1 89 77 172 83
T Oemcomma -2 -3 77 83 347 270
Oemcomma Space -1 4 83 70 219 136
Space H 2 -2 70 30 212 142
H A 0 5 30 104 88 58
A V -1 -3 104 132 1156 1052
V E 2 1 132 132 112 -20
E Space -3 -1 132 90 199 67
Space T 3 -1 90 132 127 37
T H -1 -1 132 72 152 20
H E 1 3 72 102 132 60
E Space -3 -1 102 75 112 10
Space C 1 1 75 62 242 167
C O 2 -6 62 135 82 20
O U 0 2 135 132 72 -63
U R 0 3 132 102 112 -20
R A -1 3 102 164 222 120
A G 0 -4 164 142 454 290
G E 1 2 142 112 112 -30
E Space -3 -1 112 130 132 20
Space T 3 -1 130 110 222 92
T O 0 -4 110 102 90 -20
O Space -3 5 102 112 142 40
Space F 2 0 112 110 172 60
F O 1 -5 110 69 160 50
O L -1 0 69 95 172 103
L L 0 0 95 57 152 57
L O 1 0 57 92 132 75
O W 0 7 92 80 142 50
W Space -3 -2 80 85 192 112
Space Y 3 -2 85 92 302 217
Y O 0 -3 92 109 174 82
O U 0 2 109 102 61 -48
U R 0 3 102 116 157 55
R Space -3 0 116 92 64 -52
Space H 2 -2 92 60 182 90
H E 1 3 60 148 152 92
E A -1 2 148 114 126 -22
A R 1 -3 114 80 416 302
R T 0 -1 80 87 210 130
T Space -3 1 87 88 152 65
Space A 2 3 88 102 132 44
A N -1 -5 102 97 142 40
N D 1 3 97 106 122 25
D Space -2 -1 106 87 142 36
Space I 3 -4 87 152 864 777
I N -2 2 152 142 60 -92
N T 2 1 142 101 832 690
T U 0 -2 101 80 716 615
U I 0 -1 80 70 262 182
I T 0 3 70 100 290 220
T I 0 -3 100 234 170 70
I O 0 -1 234 160 90 -144
O N -2 3 160 142 80 -80
N OemPeriod 0 -3 142 72 482 340
OemPeriod Space -1 5 72 107 212 140
Space LShiftKey 1 4 107 322 252 145
LShiftKey T 2 -5 322 82 160 -162
T H -1 -1 82 112 192 110
H E 1 3 112 132 192 80
E Y 0 -3 132 110 152 20
Y Space -3 2 110 58 251 141
Space S 2 2 58 110 333 275
S O 1 -7 110 142 170 60
O M -2 2 142 125 77 -65
M W 2 5 125 109 195 70
W H -1 -4 109 145 162 53
H O 1 -3 145 102 92 -53
O W 0 7 102 92 172 70
W Space -3 -2 92 123 112 20
Space A 2 3 123 131 191 68
A L 0 -8 131 84 96 -35
L R 1 5 84 82 225 141
R E 0 1 82 174 282 200
E A -1 2 174 149 75 -99
A D 0 -2 149 122 159 10
D Y 1 -3 122 78 162 40
Y Space -3 2 78 87 182 104
Space K 2 -4 87 112 207 120
K N -1 2 112 128 69 -43
N O 2 -3 128 74 92 -36
O W 0 7 74 90 118 44
W Space -3 -2 90 111 100 10
Space W 3 2 111 84 238 127
W H -1 -4 84 92 104 20
H A 0 5 92 132 142 50
A T 1 -4 132 89 132 0
T Space -3 1 89 111 78 -11
Space Y 3 -2 111 110 266 155
Y O 0 -3 110 130 200 90
O U 0 2 130 122 50 -80
U R 0 3 122 122 232 110
R Space -3 0 122 115 142 20
Space T 3 -1 115 106 192 77
T R 0 1 106 122 384 278
R U 0 -3 122 82 102 -20
U L -1 -2 82 112 172 90
L Y 1 3 112 102 182 70
Y Space -3 2 102 122 112 10
Space W 3 2 122 102 372 250
W A -1 1 102 120 252 150
A N -1 -5 120 87 212 92
N Space -1 2 87 82 274 187
Space T 3 -1 82 100 132 50
T O 0 -4 100 112 80 -20
O Space -3 5 112 91 194 82
Space B 1 -1 91 70 242 151
B E 2 2 70 57 170 100
E C -2 0 57 140 202 145
C O 2 -6 140 134 130 -10
O M -2 2 134 138 70 -64
M E 2 4 138 73 255 117
E OemPeriod -2 -6 73 92 109 36
OemPeriod Left -1 -2 92 140 1244 1152
Left Left 0 0 140 873 274 134
Left Right 0 -2 873 90 1274 401
Right Right 0 0 90 102 120 30
Right T 3 8 102 96 954 852
T Back 1 -8 96 102 3438 3342
Back E -1 10 102 132 1946 1844
E Back 1 -10 132 50 2484 2352
Back Space -4 9 50 93 1760 1710
Space LShiftKey 1 4 93 272 242 149
LShiftKey E 2 -3 272 122 140 -132
E V -2 -1 122 132 242 120
V E 2 1 132 122 254 122
E R 0 -1 122 112 132 10
R Y 0 -2 112 92 192 80
Y T 0 1 92 122 396 304
T H -1 -1 122 100 232 110
H I 1 -2 100 178 140 40
I N -2 2 178 123 109 -69
N G 1 1 123 102 183 60
G Space -2 1 102 102 212 110
Space E 3 1 102 96 430 328
E L -1 -6 96 100 139 43
L S 0 7 100 106 141 41
S E 1 -1 106 99 184 78
E Space -3 -1 99 82 142 43
Space I 3 -4 82 110 132 50
I S -1 6 110 113 132 22
S Space -2 -2 113 91 104 -9
Space S 2 2 91 92 210 119
S E 1 -1 92 90 232 140
E C -2 0 90 92 200 110
C O 2 -6 92 90 102 10
O N -2 3 90 127 50 -40
N D 1 3 127 102 132 5
D A 0 2 102 92 201 99
A R 1 -3 92 90 233 141
R Y 0 -2 90 112 184 94
Y OemPeriod -2 -3 112 80 634 522
OemPeriod Return 1 -3 80 120 582 502
Return Return 0 0 120 79 456 336
Return LShiftKey -1 12 79 310 486 407
LShiftKey LShiftKey 0 0 310 360 3838 3528
LShiftKey S 1 -2 360 116 240 -120
S T 1 -3 116 127 404 288
T A -1 4 127 116 208 81
A Y 1 -5 116 112 146 30
Y Space -3 2 112 142 302 190
Space LShiftKey 1 4 142 312 1206 1064
LShiftKey H 1 -6 312 97 160 -152
H U 1 -1 97 77 232 135
U N -2 1 77 86 192 115
N G 1 1 86 90 242 156
G R 1 1 90 128 130 40
R Y 0 -2 128 66 162 34
Y OemPeriod -2 -3 66 80 944 878
OemPeriod Space -1 5 80 99 375 295
Space LShiftKey 1 4 99 353 231 132
LShiftKey S 1 -2 353 114 250 -103
S T 1 -3 114 70 486 372
T A -1 4 70 102 172 102
A Y 1 -5 102 72 132 30
Y Space -3 2 72 72 162 90
Space LShiftKey 1 4 72 270 312 240
LShiftKey F 1 -4 270 80 170 -100
F O 1 -5 80 70 280 200
O O 0 0 70 64 153 83
O L -1 0 64 64 169 105
L I 1 1 64 66 192 128
I S -1 6 66 90 193 127
S H 0 -4 90 63 141 51
H OemPeriod -1 -3 63 70 842 779
OemPeriod Space -1 5 70 81 324 254
Space LShiftKey 1 4 81 362 222 141
LShiftKey LShiftKey 0 0 362 329 479 117
LShiftKey T 2 -5 329 122 157 -172
T H -1 -1 122 110 342 220
H A 0 5 110 122 212 102
A N -1 -5 122 122 132 10
N K 1 -2 122 92 92 -30
K Space -2 4 92 92 182 90
Space Y 3 -2 92 92 1008 916
Y O 0 -3 92 98 182 90
O U 0 2 98 120 42 -56
U Space -3 3 120 60 162 42
Space A 2 3 60 130 182 122
A L 0 -8 130 60 110 -20
L L 0 0 60 59 142 82
L Space -2 5 59 92 82 23
Space V 1 0 92 140 232 140
V E 2 1 140 138 290 150
E R 0 -1 138 142 100 -38
R Y 0 -2 142 90 122 -20
Y Space -3 2 90 80 140 50
Space M 1 -3 80 72 237 157
M U 2 0 72 73 178 106
U C -2 4 73 112 157 84
C H 1 -3 112 92 122 10
H OemPeriod -1 -3 92 80 776 684
OemPeriod S 1 7 80 152 3090 3010
S S 0 0 152 110 3086 2934
S S 0 0 110 120 200 90
S S 0 0 120 110 172 52
S S 0 0 110 220 1626 1516
S S 0 0 220 100 854 634
S S 0 0 100 80 170 70
S S 0 0 80 90 170 90
S S 0 0 90 100 170 80
S S 0 0 100 160 180 80
S S 0 0 160 112 19005 18845
S S 0 0 112 102 224 112
S S 0 0 102 110 172 70
S S 0 0 110 90 170 60
S S 0 0 90 80 160 70
S S 0 0 80 70 150 70
S S 0 0 70 90 130 60
S S 0 0 90 80 160 70
S S 0 0 80 80 160 80
S S 0 0 80 80 160 80
S S 0 0 80 70 160 80
S S 0 0 70 60 160 90
S S 0 0 60 62 150 90
S S 0 0 62 70 142 80
S S 0 0 70 90 150 80
S S 0 0 90 90 150 60
S S 0 0 90 132 180 90
S S 0 0 132 150 172 40
