Return LShiftKey -1 12 63 1388 31263 31200
LShiftKey S 1 -2 1388 109 1263 -125
S E 1 -1 109 110 343 234
E V -2 -1 110 141 359 249
V E 2 1 141 94 78 -63
E Back 1 -10 94 93 250 156
Back Back 0 0 93 78 171 78
Back Back 0 0 78 78 156 78
Back T -1 8 78 125 203 125
T E 0 2 125 140 63 -62
E V -2 -1 140 141 327 187
V E 2 1 141 109 78 -63
E Space -3 -1 109 141 1279 1170
Space LShiftKey 1 4 141 670 344 203
LShiftKey J 1 -7 670 62 577 -93
J O 1 -2 62 62 156 94
O B -2 4 62 109 125 63
B Oem7 1 -6 109 62 452 343
Oem7 S 0 9 62 93 172 110
S Space -2 -2 93 94 842 749
Space Back 4 -9 94 78 359 265
Back Back 0 0 78 93 156 78
Back Back 0 0 93 78 515 422
Back S -2 11 78 94 140 62
S Oem7 0 -9 94 78 780 686
Oem7 Space -2 7 78 125 203 125
Space C 1 1 125 94 1575 1450
C O 2 -6 94 62 63 -31
O M -2 2 62 62 234 172
M M 0 0 62 78 156 94
M E 2 4 78 125 561 483
E N -2 -3 125 78 78 -47
N C 0 3 78 141 234 156
C E 2 0 141 109 94 -47
E M -2 -4 109 62 796 687
M E 2 4 62 109 78 16
E N -2 -3 109 63 171 62
N T 2 1 63 125 172 109
T Space -3 1 125 78 281 156
Space S 2 2 78 93 499 421
S P 1 -8 93 62 343 250
P E 0 7 62 93 94 32
E E 0 0 93 110 202 109
E C -2 0 110 124 266 156
C H 1 -3 124 78 421 297
H Space -2 2 78 62 234 156
Space A 2 3 62 94 171 109
A T 1 -4 94 94 156 62
T Space -3 1 94 93 141 47
Space LShiftKey 1 4 93 297 405 312
LShiftKey S 1 -2 297 109 219 -78
S T 1 -3 109 125 218 109
T A -1 4 125 156 78 -47
A N -1 -5 156 78 219 63
N F 1 2 78 94 483 405
F O 1 -5 94 78 63 -31
O R 0 5 78 94 140 62
R D -1 1 94 109 234 140
D Space -2 -1 109 93 94 -15
Space LShiftKey 1 4 93 656 202 109
LShiftKey U 2 -7 656 62 578 -78
U N -2 1 62 78 171 109
N I 2 -2 78 78 156 78
I V -2 4 78 110 109 31
V E 2 1 110 187 63 -47
E R 0 -1 187 110 171 -16
R S -1 2 110 109 219 109
S I 1 -6 109 78 93 -16
I T 0 3 78 109 125 47
T Y 0 -1 109 93 219 110
Y LShiftKey -2 6 93 484 4009 3916
LShiftKey Return 1 -12 484 78 5304 4820
Return LShiftKey -1 12 78 359 1716 1638
LShiftKey M 0 -7 359 78 265 -94
M Y 2 1 78 63 234 156
Y Space -3 2 63 94 156 93
Space T 3 -1 94 109 328 234
T H -1 -1 109 93 78 -31
H I 1 -2 93 94 93 0
I R 0 4 94 94 172 78
R D -1 1 94 109 234 140
D Space -2 -1 109 93 172 63
Space S 2 2 93 94 1076 983
S T 1 -3 94 109 203 109
T O 0 -4 109 62 125 16
O R 0 5 62 93 156 94
R Y 0 -2 93 62 187 94
Y Space -3 2 62 109 140 78
Space I 3 -4 109 62 515 406
I S -1 6 62 94 109 47
S Space -2 -2 94 109 63 -31
Space A 2 3 109 93 468 359
A B -1 -4 93 109 234 141
B O 2 -4 109 63 93 -16
O U 0 2 63 63 187 124
U T 0 2 63 93 141 78
T Space -3 1 93 94 93 0
Space D 2 1 94 156 515 421
D E 1 0 156 109 78 -78
E A -1 2 109 125 203 94
A T 1 -4 125 109 187 62
T H -1 -1 109 63 187 78
H OemPeriod -1 -3 63 78 827 764
OemPeriod Return 1 -3 78 78 297 219
Return Return 0 0 78 63 202 124
Return Back 2 -1 63 78 749 686
Back LShiftKey -3 13 78 296 562 484
LShiftKey W 2 -2 296 93 234 -62
W H -1 -4 93 62 78 -15
H E 1 3 62 109 140 78
E N -2 -3 109 78 125 16
N Space -1 2 78 93 172 94
Space LShiftKey 1 4 93 422 280 187
LShiftKey I 2 -8 422 62 344 -78
I Space -3 4 62 78 218 156
Space W 3 2 78 125 187 109
W A -1 1 125 125 47 -78
A S 0 -1 125 94 218 93
S Space -2 -2 94 93 110 16
Space D1 4 3 93 94 374 281
D1 D9 0 -8 94 78 187 93
D9 Back 0 -4 78 78 312 234
Back D7 0 6 78 63 312 234
D7 Oemcomma -3 -1 63 62 531 468
Oemcomma Space -1 4 62 94 748 686
Space LShiftKey 1 4 94 437 640 546
LShiftKey I 2 -8 437 78 343 -94
I Space -3 4 78 78 156 78
Space R 3 0 78 140 141 63
R E 0 1 140 93 78 -62
E A -1 2 93 109 187 94
A D 0 -2 109 125 171 62
D Space -2 -1 125 94 94 -31
Space A 2 3 94 93 593 499
A Space -2 -3 93 109 125 32
Space Q 3 3 109 125 280 171
Q U 0 -6 125 62 110 -15
U O 0 -2 62 62 2652 2590
O T 0 4 62 156 218 156
T E 0 2 156 124 94 -62
E Space -3 -1 124 109 2636 2512
Space T 3 -1 109 94 312 203
T H -1 -1 94 63 109 15
H A 0 5 63 109 94 31
A T 1 -4 109 94 93 -16
T Space -3 1 94 109 63 -31
Space LShiftKey 1 4 109 156 1217 1108
LShiftKey W 2 -2 156 93 1092 936
W E 0 -1 93 109 296 203
E N -2 -3 109 94 265 156
N T 2 1 94 109 234 140
T Space -3 1 109 109 156 47
Space S 2 2 109 109 515 406
S O 1 -7 109 62 94 -15
O M -2 2 62 78 202 140
M E 2 4 78 78 110 32
E T 0 -2 78 109 187 109
T H -1 -1 109 78 109 0
H I 1 -2 78 93 47 -31
I N -2 2 93 78 187 94
N G 1 1 78 93 125 47
G Space -2 1 93 78 93 0
Space L 2 -5 78 78 234 156
L I 1 1 78 63 203 125
I K -1 0 63 93 219 156
K E 1 5 93 109 343 250
E RShiftKey -2 -8 109 468 327 218
RShiftKey Oem1 1 1 468 109 375 -93
Oem1 Space -2 6 109 124 203 94
Space Oem7 2 -7 124 63 1419 1295
Oem7 Back 2 -2 63 93 1186 1123
Back LShiftKey -3 13 93 578 249 156
LShiftKey Oem7 1 -11 578 78 390 -188
Oem7 LShiftKey -1 11 78 234 422 344
LShiftKey I 2 -8 234 63 171 -63
I F -1 4 63 125 187 124
F Space -2 0 125 109 110 -15
Space Y 3 -2 109 94 249 140
Y O 0 -3 94 63 78 -16
O U 0 2 63 78 187 124
U Space -3 3 78 110 156 78
Space L 2 -5 110 63 468 358
L I 1 1 63 31 188 125
I V -2 4 31 156 93 62
V E 2 1 156 125 94 -62
E Space -3 -1 125 78 156 31
Space E 3 1 78 109 203 125
E A -1 2 109 110 202 93
A C -1 -2 110 125 172 62
C H 1 -3 125 63 109 -16
H Space -2 2 63 78 156 93
Space D 2 1 78 140 219 141
D A 0 2 140 141 93 -47
A Y 1 -5 141 63 187 46
Y Space -3 2 63 124 734 671
Space A 2 3 124 110 670 546
A S 0 -1 110 109 188 78
S Space -2 -2 109 109 109 0
Space I 3 -4 109 78 374 265
I F -1 4 78 125 125 47
F Space -2 0 125 78 94 -31
Space I 3 -4 78 78 327 249
I T 0 3 78 94 109 31
T Space -3 1 94 93 188 94
Space W 3 2 93 187 109 16
W A -1 1 187 140 109 -78
A S 0 -1 140 109 234 94
S Space -2 -2 109 93 250 141
Space Y 3 -2 93 94 218 125
Y O 0 -3 94 78 94 0
O U 0 2 78 47 218 140
U R 0 3 47 94 109 62
R Space -3 0 94 78 78 -16
Space L 2 -5 78 78 219 141
L A 0 8 78 109 93 15
A S 0 -1 109 109 172 63
S T 1 -3 109 125 187 78
T Oemcomma -2 -3 125 62 718 593
Oemcomma Space -1 4 62 125 187 125
Space S 2 2 125 93 624 499
S O 1 -7 93 62 78 -15
O M -2 2 62 78 203 141
M E 2 4 78 94 93 15
E D -1 0 94 171 219 125
D A 0 2 171 140 109 -62
A Y 1 -5 140 78 140 0
Y Space -3 2 78 125 562 484
Space Y 3 -2 125 94 639 514
Y O 0 -3 94 63 78 -16
O U 0 2 63 62 219 156
U Oem7 -1 -4 62 62 468 406
Oem7 L 0 2 62 47 452 390
L L 0 0 47 78 156 109
L Space -2 5 78 94 827 749
Space M 1 -3 94 78 1950 1856
M O 2 -2 78 78 156 78
O S -1 7 78 94 109 31
S T 1 -3 94 78 187 93
T Space -3 1 78 94 78 0
Space C 1 1 94 125 297 203
C E 2 0 125 125 78 -47
E R 0 -1 125 78 234 109
R T 0 -1 78 125 218 140
T A -1 4 125 125 94 -31
A I 1 -7 125 78 156 31
I N -2 2 78 62 187 109
N L 1 -3 62 78 172 110
L Y 1 3 78 78 218 140
Y Space -3 2 78 124 94 16
Space B 1 -1 124 78 1606 1482
B E 2 2 78 125 94 16
E Space -3 -1 125 94 109 -16
Space R 3 0 94 93 297 203
R I 0 -4 93 93 78 -15
I G -1 3 93 94 140 47
G H 0 -1 94 63 109 15
H T 1 1 63 94 125 62
T OemPeriod -2 -4 94 78 172 78
OemPeriod LShiftKey 0 9 78 702 811 733
LShiftKey Oem7 1 -11 702 93 437 -265
Oem7 Space -2 7 93 109 2215 2122
Space LShiftKey 1 4 109 453 374 265
LShiftKey I 2 -8 453 78 375 -78
I T 0 3 78 62 390 312
T Space -3 1 62 78 78 16
Space M 1 -3 78 78 234 156
M A 1 6 78 109 78 0
A D 0 -2 109 156 187 78
D E 1 0 156 109 109 -47
E Space -3 -1 109 125 468 359
Space A 2 3 125 110 374 249
A N -1 -5 110 62 63 -47
N Space -1 2 62 110 171 109
Space M 1 -3 110 63 437 327
M Back 3 -6 63 93 375 312
Back I -1 5 93 62 624 531
I M -2 1 62 78 171 109
M P 2 -3 78 63 187 109
P R 0 6 63 124 188 125
R E 0 1 124 94 62 -62
E S -1 1 94 63 218 124
S S 0 0 63 109 172 109
S I 1 -6 109 62 78 -31
I O 0 -1 62 63 187 125
O N -2 3 63 62 203 140
N Space -1 2 62 124 172 110
Space O 3 -5 124 62 858 734
O N -2 3 62 62 187 125
N Space -1 2 62 78 171 109
Space M 1 -3 78 78 172 94
M E 2 4 78 109 109 31
E Oemcomma -2 -5 109 63 1092 983
Oemcomma Space -1 4 63 94 187 124
Space A 2 3 94 125 125 31
A N -1 -5 125 63 187 62
N D 1 3 63 125 156 93
D Space -2 -1 125 78 156 31
Space S 2 2 78 125 375 297
S I 1 -6 125 63 62 -63
I N -2 2 63 62 172 109
N C 0 3 62 172 93 31
C E 2 0 172 125 94 -78
E Space -3 -1 125 93 125 0
Space T 3 -1 93 94 452 359
T H -1 -1 94 62 94 0
H E 1 3 62 109 109 47
E N -2 -3 109 78 125 16
N Oemcomma 0 -2 78 78 655 577
Oemcomma Space -1 4 78 94 156 78
Space F 2 0 94 109 359 265
F O 1 -5 109 78 93 -16
O R 0 5 78 93 141 63
R Space -3 0 93 93 78 -15
Space T 3 -1 93 78 156 63
T H -1 -1 78 63 93 15
H E 1 3 63 109 125 62
E Space -3 -1 109 110 109 0
Space P 3 -6 110 62 952 842
P A -1 9 62 109 78 16
A S 0 -1 109 93 172 63
S T 1 -3 93 109 187 94
T Space -3 1 109 78 125 16
Space D3 4 1 78 62 702 624
D3 D3 0 0 62 109 156 94
D3 Space -4 -1 109 109 156 47
Space Y 3 -2 109 62 374 265
Y E 0 3 62 93 47 -15
E A -1 2 93 124 203 110
A R 1 -3 124 78 140 16
R S -1 2 78 110 218 140
S OemPeriod -1 -7 110 78 203 93
OemPeriod Oemcomma 0 1 78 47 0 -78
Oemcomma Back 3 -5 47 78 562 515
Back Back 0 0 78 78 468 390
Back Oemcomma -3 5 78 62 671 593
Oemcomma Space -1 4 62 110 124 62
Space LShiftKey 1 4 110 234 2465 2355
LShiftKey I 2 -8 234 78 172 -62
I Space -3 4 78 93 156 78
Space H 2 -2 93 78 218 125
H A 0 5 78 109 63 -15
A V -1 -3 109 140 187 78
V E 2 1 140 109 78 -62
E Space -3 -1 109 94 62 -47
Space L 2 -5 94 93 250 156
L O 1 0 93 62 203 110
O O 0 0 62 62 140 78
O K -1 1 62 62 203 141
K E 1 5 62 78 93 31
E D -1 0 78 109 172 94
D Space -2 -1 109 94 78 -31
Space I 3 -4 94 78 172 78
I N -2 2 78 62 187 109
N Space -1 2 62 109 140 78
Space T 3 -1 109 94 187 78
T H -1 -1 94 47 94 0
H E 1 3 47 109 109 62
E Space -3 -1 109 78 78 -31
Space M 1 -3 78 78 203 125
M I 2 -1 78 78 172 94
I R 0 4 78 62 265 187
R R 0 0 62 94 187 125
R O 0 -5 94 78 94 0
O R 0 5 78 109 156 78
R Space -3 0 109 78 390 281
Space E 3 1 78 109 218 140
E V -2 -1 109 125 187 78
V E 2 1 125 124 63 -62
E R 0 -1 124 109 187 63
R Y 0 -2 109 78 265 156
Y Space -3 2 78 124 172 94
Space M 1 -3 124 62 1747 1623
M O 2 -2 62 78 140 78
O R 0 5 78 141 156 78
R N -2 -2 141 93 250 109
N I 2 -2 93 94 62 -31
I N -2 2 94 78 187 93
N G 1 1 78 109 125 47
G Space -2 1 109 109 234 125
Space A 2 3 109 109 312 203
A N -1 -5 109 78 78 -31
N D 1 3 78 125 109 31
D Space -2 -1 125 109 94 -31
Space A 2 3 109 125 218 109
A S 0 -1 125 125 203 78
S K 0 -6 125 63 109 -16
K E 1 5 63 78 125 62
E D -1 0 78 125 172 94
D Space -2 -1 125 78 93 -32
Space M 1 -3 78 94 203 125
M Y 2 1 94 62 297 203
Y S -1 4 62 78 109 47
S E 1 -1 78 125 171 93
E L -1 -6 125 47 156 31
L F 0 5 47 124 110 63
F Oemcomma -1 -4 124 94 171 47
Oemcomma Back 3 -5 94 94 421 327
Back RShiftKey -3 2 94 234 359 265
RShiftKey Oem1 1 1 234 109 125 -109
Oem1 Space -2 6 109 78 702 593
Space LShiftKey 1 4 78 796 343 265
LShiftKey Oem7 1 -11 796 78 421 -375
Oem7 Oem7 0 0 78 94 172 94
Oem7 Left -2 0 94 78 515 421
Left LShiftKey 1 11 78 297 374 296
LShiftKey I 2 -8 297 63 234 -63
I F -1 4 63 94 156 93
F Space -2 0 94 93 63 -31
Space T 3 -1 93 93 390 297
T O 0 -4 93 47 93 0
O D -1 6 47 156 406 359
D A 0 2 156 125 109 -47
A Y 1 -5 125 63 218 93
Y Space -3 2 63 78 250 187
Space W 3 2 78 78 421 343
W E 0 -1 78 93 172 94
E R 0 -1 93 125 171 78
R E 0 1 125 125 63 -62
E Space -3 -1 125 125 62 -63
Space T 3 -1 125 93 250 125
T H -1 -1 93 62 109 16
H E 1 3 62 109 109 47
E Space -3 -1 109 94 109 0
Space L 2 -5 94 62 266 172
L A 0 8 62 125 93 31
A S 0 -1 125 78 187 62
S T 1 -3 78 94 156 78
T Space -3 1 94 110 78 -16
Space D 2 1 110 156 2231 2121
D A 0 2 156 140 94 -62
A Y 1 -5 140 62 265 125
Y Space -3 2 62 78 172 110
Space O 3 -5 78 62 218 140
O F -1 5 62 125 125 63
F Space -2 0 125 78 78 -47
Space M 1 -3 78 78 203 125
M Y 2 1 78 63 280 202
Y Space -3 2 63 93 219 156
Space L 2 -5 93 78 530 437
L I 1 1 78 78 219 141
I F -1 4 78 172 218 140
F E 1 1 172 125 125 -47
E Oemcomma -2 -5 125 63 2090 1965
Oemcomma Space -1 4 63 109 141 78
Space W 3 2 109 109 281 172
W O 0 -7 109 62 78 -31
O U 0 2 62 62 187 125
U L -1 -2 62 63 218 156
L D 0 6 63 125 125 62
D Space -2 -1 125 109 94 -31
Space LShiftKey 1 4 109 203 280 171
LShiftKey I 2 -8 203 62 110 -93
I Space -3 4 62 93 156 94
Space W 3 2 93 171 156 63
W A -1 1 171 156 124 -47
A N -1 -5 156 78 515 359
N T 2 1 78 109 172 94
T Space -3 1 109 94 93 -16
Space T 3 -1 94 94 359 265
T O 0 -4 94 62 63 -31
O Space -3 5 62 124 156 94
Space D 2 1 124 109 312 188
D O 1 -6 109 46 78 -31
O Space -3 5 46 93 156 110
Space W 3 2 93 109 374 281
W H -1 -4 109 78 125 16
H A 0 5 78 125 109 31
A T 1 -4 125 94 140 15
T Space -3 1 94 78 94 0
Space LShiftKey 1 4 78 187 156 78
LShiftKey I 2 -8 187 63 62 -125
I M -2 1 63 31 250 187
M Back 3 -6 31 78 312 281
Back Space -4 9 78 93 281 203
Space A 2 3 93 125 171 78
A Space -2 -3 125 63 312 187
Space Back 4 -9 63 78 390 327
Back M -3 6 78 78 266 188
M Space -1 3 78 109 171 93
Space A 2 3 109 109 562 453
A B -1 -4 109 110 249 140
B O 2 -4 110 63 78 -32
O U 0 2 63 47 219 156
U T 0 2 47 78 109 62
T Space -3 1 78 93 94 16
Space T 3 -1 93 94 202 109
T O 0 -4 94 78 78 -16
O Space -3 5 78 78 188 110
Space D 2 1 78 124 156 78
D O 1 -6 124 78 78 -46
O Space -3 5 78 93 156 78
Space T 3 -1 93 94 280 187
T O 0 -4 94 78 63 -31
O D -1 6 78 125 234 156
D A 0 2 125 125 93 -32
A Y 1 -5 125 62 94 -31
Y LShiftKey -2 6 62 561 1108 1046
LShiftKey OemQuestion 0 -10 561 78 436 -125
OemQuestion Right -1 -3 78 78 546 468
Right Space 0 9 78 110 312 234
Space Back 4 -9 110 78 1030 920
Back Space -4 9 78 110 764 686
Space LShiftKey 1 4 110 250 250 140
LShiftKey A 1 -1 250 141 187 -63
A N -1 -5 141 62 172 31
N D 1 3 62 124 125 63
D Space -2 -1 124 78 109 -15
Space W 3 2 78 109 2293 2215
W H -1 -4 109 63 109 0
H E 1 3 63 94 109 46
E N -2 -3 94 78 110 16
N E 2 3 78 94 124 46
E V -2 -1 94 140 188 94
V E 2 1 140 109 78 -62
E R 0 -1 109 125 202 93
R Space -3 0 125 140 110 -15
Space LShiftKey 1 4 140 312 234 94
LShiftKey T 2 -5 312 94 592 280
T H -1 -1 94 78 78 -16
H E 1 3 78 109 125 47
E Space -3 -1 109 94 78 -31
Space A 2 3 94 125 749 655
A N -1 -5 125 62 94 -31
N S 1 4 62 94 124 62
S W 1 0 94 94 250 156
W E 0 -1 94 109 203 109
E R 0 -1 109 110 171 62
R Space -3 0 110 93 188 78
Space H 2 -2 93 78 436 343
H A 0 5 78 109 94 16
A S 0 -1 109 109 203 94
S Space -2 -2 109 94 109 0
Space B 1 -1 94 63 265 171
B E 2 2 63 109 94 31
E E 0 0 109 140 312 203
E N -2 -3 140 125 140 0
N Space -1 2 125 93 172 47
Space LShiftKey 1 4 93 577 499 406
LShiftKey Oem7 1 -11 577 62 312 -265
Oem7 Oem7 0 0 62 78 125 63
Oem7 Left -2 0 78 94 483 405
Left LShiftKey 1 11 94 281 312 218
LShiftKey N 0 -6 281 78 219 -62
N O 2 -3 78 62 203 125
O Right -3 -4 62 78 733 671
Right Space 0 9 78 93 281 203
Space F 2 0 93 93 2215 2122
F O 1 -5 93 78 62 -31
O R 0 5 78 94 187 109
R Space -3 0 94 94 78 -16
Space T 3 -1 94 94 234 140
T O 0 -4 94 63 78 -16
O O 0 0 63 78 156 93
O Space -3 5 78 94 390 312
Space M 1 -3 94 63 515 421
M A 1 6 63 125 94 31
A N -1 -5 125 62 109 -16
N Y 2 0 62 62 281 219
Y Space -3 2 62 109 156 94
Space D 2 1 109 156 359 250
D A 0 2 156 172 93 -63
A Y 1 -5 172 78 156 -16
Y S -1 4 78 125 265 187
S Space -2 -2 125 93 297 172
Space I 3 -4 93 62 312 219
I N -2 2 62 62 187 125
N Space -1 2 62 78 156 94
Space A 2 3 78 125 125 47
A Space -2 -3 125 94 93 -32
Space R 3 0 94 94 484 390
R O 0 -5 94 47 62 -32
O W 0 7 47 125 156 109
W Oemcomma -2 -6 125 63 234 109
Oemcomma Space -1 4 63 109 281 218
Space LShiftKey 1 4 109 250 1201 1092
LShiftKey I 2 -8 250 78 188 -62
I Space -3 4 78 109 156 78
Space K 2 -4 109 78 187 78
K N -1 2 78 78 125 47
N O 2 -3 78 63 171 93
O W 0 7 63 109 172 109
W Space -3 -2 109 94 109 0
Space LShiftKey 1 4 94 202 640 546
LShiftKey I 2 -8 202 63 124 -78
I Space -3 4 63 78 141 78
Space N 1 -2 78 78 218 140
N E 2 3 78 78 78 0
E E 0 0 78 93 172 94
E D -1 0 93 109 187 94
D Space -2 -1 109 109 78 -31
Space T 3 -1 109 94 218 109
T O 0 -4 94 78 63 -31
O Space -3 5 78 109 156 78
Space C 1 1 109 94 296 187
C H 1 -3 94 47 94 0
H A 0 5 47 125 109 62
A N -1 -5 125 63 109 -16
N G 1 1 63 156 109 46
G E 1 2 156 109 94 -62
E Space -3 -1 109 109 94 -15
Space S 2 2 109 78 358 249
S O 1 -7 78 63 47 -31
O M -2 2 63 63 187 124
M E 2 4 63 109 63 0
E T 0 -2 109 94 187 78
T H -1 -1 94 110 62 -32
H I 1 -2 110 109 47 -63
I N -2 2 109 78 203 94
N G 1 1 78 78 109 31
G OemPeriod -1 -4 78 78 125 47
OemPeriod Return 1 -3 78 78 1014 936
Return LShiftKey -1 12 78 312 296 218
LShiftKey R 2 -4 312 109 203 -109
R E 0 1 109 93 219 110
E M -2 -4 93 78 124 31
M E 2 4 78 94 702 624
E M -2 -4 94 78 156 62
M B 0 2 78 62 297 219
B E 2 2 62 156 78 16
E R 0 -1 156 109 156 0
R I 0 -4 109 78 125 16
I N -2 2 78 62 187 109
N G 1 1 62 109 109 47
G Space -2 1 109 94 156 47
Space T 3 -1 94 94 546 452
T H -1 -1 94 62 78 -16
H A 0 5 62 125 109 47
A T 1 -4 125 109 78 -47
T Space -3 1 109 109 63 -46
Space LShiftKey 1 4 109 624 218 109
LShiftKey I 2 -8 624 78 530 -94
I Oem7 -1 -3 78 63 468 390
Oem7 L 0 2 63 62 297 234
L L 0 0 62 62 156 94
L Space -2 5 62 94 187 125
Space B 1 -1 94 78 296 202
B E 2 2 78 109 250 172
E Space -3 -1 109 109 94 -15
Space D 2 1 109 156 343 234
D E 1 0 156 110 93 -63
E A -1 2 110 109 203 93
A D 0 -2 109 109 172 63
D Space -2 -1 109 94 62 -47
Space S 2 2 94 94 234 140
S O 1 -7 94 62 250 156
O O 0 0 62 94 140 78
O N -2 3 94 62 219 125
N Space -1 2 62 94 280 218
Space I 3 -4 94 63 203 109
I S -1 6 63 93 141 78
S Space -2 -2 93 93 78 -15
Space T 3 -1 93 94 171 78
T H -1 -1 94 78 78 -16
H E 1 3 78 109 141 63
E M -2 -4 109 78 93 -16
M Space -1 3 78 125 187 109
Space M 1 -3 125 171 266 141
M O 2 -2 171 109 140 -31
O S -1 7 109 94 218 109
S T 1 -3 94 110 156 62
T Space -3 1 110 125 141 31
Space I 3 -4 125 62 359 234
I M -2 1 62 78 156 94
M P 2 -3 78 78 171 93
P O 0 1 78 63 187 109
O R 0 5 63 78 110 47
R T 0 -1 78 125 171 93
T A -1 4 125 140 94 -31
A N -1 -5 140 62 125 -15
N T 2 1 62 125 124 62
T Space -3 1 125 125 125 0
Space T 3 -1 125 109 437 312
T H -1 -1 109 140 78 -31
H I 1 -2 140 125 109 -31
I Back 1 -5 125 94 343 218
Back Back 0 0 94 110 156 62
Back Right -4 0 110 47 6318 6208
Right Right 0 0 47 78 141 94
Right Back 4 0 78 94 1045 967
Back O -1 4 94 46 4696 4602
O O 0 0 46 63 124 78
O L -1 0 63 78 219 156
L Oemcomma -1 1 78 62 343 265
Oemcomma Back 3 -5 62 78 1154 1092
Back Space -4 9 78 110 468 390
Space LShiftKey 1 4 110 188 234 124
LShiftKey I 2 -8 188 62 94 -94
I Oem7 -1 -3 62 62 234 172
Oem7 V -1 7 62 156 172 110
V E 2 1 156 109 78 -78
E Space -3 -1 109 78 93 -16
Space E 3 1 78 94 203 125
E V -2 -1 94 125 203 109
V E 2 1 125 109 78 -47
E R 0 -1 109 109 203 94
R Space -3 0 109 110 124 15
Space E 3 1 110 109 812 702
E M -2 -4 109 63 124 15
M Back 3 -6 63 93 297 234
Back N -3 7 93 78 218 125
N C 0 3 78 109 359 281
C O 2 -6 109 62 78 -31
O U 0 2 62 62 203 141
U N -2 1 62 78 156 94
N T 2 1 78 109 125 47
T E 0 2 109 140 62 -47
E R 0 -1 140 172 187 47
R E 0 1 172 109 125 -47
E D -1 0 109 124 250 141
D Space -2 -1 124 110 904 780
Space T 3 -1 110 94 406 296
T O 0 -4 94 62 78 -16
O Space -3 5 62 94 140 78
Space H 2 -2 94 62 250 156
H E 1 3 62 109 109 47
E L -1 -6 109 78 125 16
L P 1 -1 78 78 218 140
P Space -3 6 78 125 297 219
Space M 1 -3 125 63 452 327
M E 2 4 63 93 94 31
E Space -3 -1 93 78 109 16
Space M 1 -3 78 78 281 203
M A 1 6 78 109 109 31
A K 0 -7 109 62 125 16
K E 1 5 62 125 109 47
E Space -3 -1 125 109 343 218
Space T 3 -1 109 94 702 593
T H -1 -1 94 63 109 15
H E 1 3 63 93 141 78
E Space -3 -1 93 63 296 203
Space B 1 -1 63 78 343 280
B I 2 -3 78 78 47 -31
I G -1 3 78 93 172 94
G Space -2 1 93 94 109 16
Space C 1 1 94 78 1373 1279
C H 1 -3 78 125 109 31
H O 1 -3 125 62 390 265
O I 0 1 62 63 265 203
I C -2 5 63 187 125 62
C E 2 0 187 93 125 -62
E S -1 1 93 109 234 141
S Space -2 -2 109 109 187 78
Space I 3 -4 109 62 234 125
I N -2 2 62 93 172 110
N Space -1 2 93 93 156 63
Space L 2 -5 93 78 202 109
L I 1 1 78 78 203 125
I F -1 4 78 156 141 63
F E 1 1 156 109 93 -63
E OemPeriod -2 -6 109 78 109 0
OemPeriod Space -1 5 78 109 266 188
Space LShiftKey 1 4 109 421 265 156
LShiftKey B 0 -5 421 62 390 -31
B E 2 2 62 109 109 47
E C -2 0 109 140 234 125
C A 1 2 140 140 78 -62
A U 1 -6 140 62 156 16
U S -1 5 62 93 94 32
S E 1 -1 93 125 187 94
E Space -3 -1 125 110 171 46
Space A 2 3 110 109 593 483
A L 0 -8 109 78 141 32
L M -1 2 78 62 296 218
M O 2 -2 62 62 156 94
O S -1 7 62 94 109 47
S T 1 -3 94 78 187 93
T Space -3 1 78 94 94 16
Space E 3 1 94 78 125 31
E V -2 -1 78 125 171 93
V E 2 1 125 125 63 -62
E R 0 -1 125 125 187 62
R Y 0 -2 125 63 296 171
Y T 0 1 63 109 297 234
T H -1 -1 109 125 109 0
H I 1 -2 125 110 62 -63
I N -2 2 110 62 219 109
N G 1 1 62 109 109 47
G Space -2 1 109 109 796 687
Space OemMinus 4 -7 109 63 358 249
OemMinus Space -4 7 63 109 125 62
Space A 2 3 109 109 312 203
A L 0 -8 109 62 94 -15
L L 0 0 62 78 156 94
L Space -2 5 78 109 187 109
Space E 3 1 109 109 265 156
E X -2 1 109 109 219 110
X T 2 -3 109 156 249 140
T E 0 2 156 140 125 -31
E R 0 -1 140 125 156 16
R N -2 -2 125 63 265 140
N A 1 5 63 141 109 46
A L 0 -8 141 78 110 -31
L Space -2 5 78 109 187 109
Space E 3 1 109 93 281 172
E X -2 1 93 109 218 125
X P 2 -8 109 47 546 437
P E 0 7 47 94 78 31
E C -2 0 94 109 187 93
C T 2 -2 109 140 250 141
T A -1 4 140 125 109 -31
A T 1 -4 125 93 203 78
T I 0 -3 93 47 78 -15
I O 0 -1 47 62 156 109
O N -2 3 62 78 171 109
N S 1 4 78 110 234 156
S Oemcomma -1 -6 110 94 156 46
Oemcomma Space -1 4 94 110 234 140
Space A 2 3 110 94 203 93
A L 0 -8 94 63 78 -16
L L 0 0 63 78 141 78
L Space -2 5 78 78 156 78
Space P 3 -6 78 78 202 124
P R 0 6 78 93 188 110
R I 0 -4 93 94 124 31
I D -1 5 94 156 172 78
D E 1 0 156 140 94 -62
E Oemcomma -2 -5 140 109 187 47
Oemcomma Space -1 4 109 110 249 140
Space A 2 3 110 109 297 187
A L 0 -8 109 46 125 16
L L 0 0 46 78 124 78
L Space -2 5 78 78 188 110
Space F 2 0 78 156 140 62
F E 1 1 156 124 94 -62
E A -1 2 124 124 234 110
A R 1 -3 124 141 171 47
R Space -3 0 141 124 219 78
Space O 3 -5 124 63 358 234
O F -1 5 63 124 110 47
F Space -2 0 124 110 124 0
Space E 3 1 110 110 390 280
E M -2 -4 110 62 141 31
M B 0 2 62 62 421 359
B A 1 4 62 109 94 32
A R 1 -3 109 78 202 93
R R 0 0 78 156 188 110
R E 0 1 156 109 78 -78
E S -1 1 109 78 218 109
S S 0 0 78 140 203 125
S M -1 -5 140 62 437 297
M E 2 4 62 109 78 16
E N -2 -3 109 62 140 31
N T 2 1 62 109 109 47
T Space -3 1 109 93 141 32
Space O 3 -5 93 63 202 109
O R 0 5 63 109 172 109
R Space -3 0 109 93 125 16
Space Back 4 -9 93 250 951 858
Back Oemplus 0 1 250 47 16 -234
Oemplus Back 0 -1 47 1232 359 312
Back Back 0 0 1232 63 1341 109
Back Back 0 0 63 78 172 109
Back M -3 6 78 78 1076 998
M B 0 2 78 78 1716 1638
B A 1 4 78 109 141 63
A R 1 -3 109 78 265 156
R R 0 0 78 172 374 296
R A -1 3 172 125 125 -47
A S 0 -1 125 94 234 109
S S 0 0 94 125 203 109
S M -1 -5 125 62 624 499
M E 2 4 62 125 78 16
E N -2 -3 125 78 125 0
N T 2 1 78 94 483 405
T Space -3 1 94 62 266 172
Space O 3 -5 62 62 1310 1248
O R 0 5 62 94 78 16
R Space -3 0 94 94 109 15
Space F 2 0 94 156 187 93
F A 0 3 156 156 125 -31
A I 1 -7 156 62 219 63
I L -1 -1 62 78 203 141
L U 1 2 78 62 265 187
U R 0 3 62 187 140 78
R E 0 1 187 125 125 -62
E Space -3 -1 125 109 1030 905
Space OemMinus 4 -7 109 62 733 624
OemMinus Space -4 7 62 109 109 47
Space T 3 -1 109 109 406 297
T H -1 -1 109 78 109 0
H E 1 3 78 78 140 62
E S -1 1 78 62 203 125
S E 1 -1 62 93 172 110
E Space -3 -1 93 93 109 16
Space T 3 -1 93 78 296 203
T H -1 -1 78 109 78 0
H I 1 -2 109 93 94 -15
I N -2 2 93 78 171 78
N G 1 1 78 94 125 47
G S 0 3 94 109 234 140
S Space -2 -2 109 109 156 47
Space J 2 -3 109 63 936 827
J U 1 0 63 63 156 93
U S -1 5 63 78 94 31
S T 1 -3 78 125 171 93
T Space -3 1 125 94 1186 1061
Space F 2 0 94 125 296 202
F A 0 3 125 125 94 -31
A L 0 -8 125 47 125 0
L L 0 0 47 94 140 93
L Space -2 5 94 94 312 218
Space A 2 3 94 125 265 171
A W 1 -1 125 172 203 78
W A -1 1 172 141 109 -63
A Y 1 -5 141 78 468 327
Y Space -3 2 78 94 156 78
Space O 3 -5 94 47 250 156
O I 0 1 47 47 0 -47
I Back 1 -5 47 78 359 312
Back I -1 5 78 78 218 140
I N -2 2 78 78 187 109
N Back 3 -7 78 62 484 406
Back Back 0 0 62 78 140 78
Back Back 0 0 78 78 156 78
Back I -1 5 78 62 718 640
I N -2 2 62 63 187 125
N Space -1 2 63 94 203 140
Space T 3 -1 94 78 1638 1544
T H -1 -1 78 63 62 -16
H E 1 3 63 109 125 62
E Space -3 -1 109 109 141 32
Space F 2 0 109 140 140 31
F A 0 3 140 109 109 -31
A C -1 -2 109 141 187 78
C E 2 0 141 109 94 -47
E Space -3 -1 109 109 94 -15
Space O 3 -5 109 93 187 78
O F -1 5 93 125 140 47
F Space -2 0 125 125 203 78
Space D 2 1 125 172 421 296
D E 1 0 172 125 109 -63
E A -1 2 125 125 219 94
A T 1 -4 125 94 187 62
T H -1 -1 94 78 109 15
H Oemcomma -1 -2 78 78 297 219
Oemcomma Space -1 4 78 109 234 156
Space L 2 -5 109 78 265 156
L E 1 6 78 94 93 15
E A -1 2 94 94 203 109
A I 1 -7 94 109 531 437
I Back 1 -5 109 78 343 234
Back V -3 9 78 109 140 62
V I 2 -4 109 78 125 16
I N -2 2 78 63 187 109
N G 1 1 63 93 141 78
G Space -2 1 93 109 93 0
Space O 3 -5 109 94 234 125
O N -2 3 94 62 219 125
N L 1 -3 62 63 171 109
L Y 1 3 63 110 187 124
Y Space -3 2 110 125 765 655
Space W 3 2 125 109 312 187
W H -1 -4 109 78 93 -16
H A 0 5 78 125 125 47
A T 1 -4 125 109 125 0
T Space -3 1 109 78 94 -15
Space I 3 -4 78 62 187 109
I S -1 6 62 109 125 63
S Space -2 -2 109 109 93 -16
Space T 3 -1 109 109 234 125
T R 0 1 109 125 234 125
R U 0 -3 125 78 375 250
U L -1 -2 78 78 343 265
L Y 1 3 78 93 437 359
Y Space -3 2 93 109 780 687
Space I 3 -4 109 63 592 483
I M -2 1 63 78 156 93
M P 2 -3 78 62 188 110
P O 0 1 62 78 171 109
O R 0 5 78 78 109 31
R T 0 -1 78 109 203 125
T A -1 4 109 125 78 -31
A N -1 -5 125 63 109 -16
N T 2 1 63 125 125 62
T OemPeriod -2 -4 125 62 5351 5226
OemPeriod Space -1 5 62 109 1061 999
Space LShiftKey 1 4 109 1872 1872 1763
LShiftKey R 2 -4 1872 141 1778 -94
R E 0 1 141 109 234 93
E M -2 -4 109 63 343 234
M E 2 4 63 124 110 47
E M -2 -4 124 62 62 -62
M B 0 2 62 62 281 219
B E 2 2 62 156 93 31
E R 0 -1 156 109 125 -31
R I 0 -4 109 62 141 32
I N -2 2 62 62 187 125
N G 1 1 62 109 109 47
G Space -2 1 109 125 109 0
Space T 3 -1 125 78 203 78
T H -1 -1 78 94 109 31
H A 0 5 94 156 94 0
A T 1 -4 156 125 109 -47
T Space -3 1 125 124 94 -31
Space Y 3 -2 124 109 390 266
Y O 0 -3 109 78 62 -47
O U 0 2 78 62 203 125
U R 0 3 62 171 125 63
R E 0 1 171 62 140 -31
E Back 1 -10 62 78 250 188
Back Back 0 0 78 78 171 93
Back Space -4 9 78 78 874 796
Space A 2 3 78 109 140 62
A R 1 -3 109 141 187 78
R E 0 1 141 140 63 -78
E Space -3 -1 140 94 93 -47
Space G 2 -1 94 125 359 265
G O 1 -4 125 63 78 -47
O I 0 1 63 63 187 124
I N -2 2 63 78 156 93
N G 1 1 78 109 172 94
G Space -2 1 109 94 109 0
Space T 3 -1 94 93 219 125
T O 0 -4 93 94 46 -47
O Space -3 5 94 110 156 62
Space D 2 1 110 125 219 109
D I 1 -5 125 78 93 -32
I E 0 5 78 62 141 63
E S -1 1 62 109 187 125
S Space -2 -2 109 93 125 16
Space Back 4 -9 93 63 842 749
Back Back 0 0 63 78 141 78
Back Space -4 9 78 109 234 156
Space I 3 -4 109 63 202 93
I S -1 6 63 109 188 125
S Space -2 -2 109 78 124 15
Space T 3 -1 78 78 219 141
T H -1 -1 78 94 62 -16
H E 1 3 94 109 141 47
E Space -3 -1 109 94 93 -16
Space B 1 -1 94 47 281 187
B E 2 2 47 78 78 31
E S -1 1 78 78 203 125
S T 1 -3 78 93 156 78
T Space -3 1 93 78 93 0
Space W 3 2 78 187 141 63
W A -1 1 187 156 109 -78
A Y 1 -5 156 62 234 78
Y Space -3 2 62 94 187 125
Space LShiftKey 1 4 94 172 265 171
LShiftKey I 2 -8 172 62 94 -78
I Space -3 4 62 94 156 94
Space K 2 -4 94 78 187 93
K N -1 2 78 94 156 78
N O 2 -3 94 62 141 47
O W 0 7 62 109 109 47
W Space -3 -2 109 125 109 0
Space T 3 -1 125 109 250 125
T O 0 -4 109 62 78 -31
O Space -3 5 62 109 156 94
Space A 2 3 109 125 405 296
A V -1 -3 125 156 546 421
V A 1 3 156 125 94 -62
A Back 2 -12 125 78 468 343
Back O -1 4 78 78 234 156
O I 0 1 78 78 312 234
I D -1 5 78 140 125 47
D Space -2 -1 140 109 6942 6802
Space T 3 -1 109 110 280 171
T H -1 -1 110 78 94 -16
H E 1 3 78 110 140 62
E Space -3 -1 110 94 47 -63
Space R 3 0 94 109 484 390
R A -1 3 109 219 249 140
A Back 2 -12 219 78 936 717
Back Back 0 0 78 62 172 94
Back T -1 8 62 93 515 453
T R 0 1 93 124 203 110
R A -1 3 124 125 93 -31
A P 1 -9 125 94 78 -47
P Space -3 6 94 109 328 234
Space O 3 -5 109 62 593 484
O F -1 5 62 124 78 16
F Space -2 0 124 109 93 -31
Space T 3 -1 109 94 546 437
T H -1 -1 94 125 78 -16
H I 1 -2 125 78 94 -31
I N -2 2 78 78 171 93
N K 1 -2 78 78 172 94
K I 1 0 78 62 172 94
I N -2 2 62 63 171 109
N G 1 1 63 94 125 62
G Space -2 1 94 78 156 62
Space Y 3 -2 78 78 1186 1108
Y O 0 -3 78 63 46 -32
O U 0 2 63 62 188 125
U Space -3 3 62 94 140 78
Space H 2 -2 94 47 203 109
H A 0 5 47 109 47 0
A V -1 -3 109 156 187 78
V E 2 1 156 140 78 -78
E Space -3 -1 140 109 140 0
Space S 2 2 109 93 406 297
S O 1 -7 93 62 78 -15
O M -2 2 62 78 187 125
M E 2 4 78 93 94 16
E T 0 -2 93 93 187 94
T H -1 -1 93 124 47 -46
H I 1 -2 124 93 78 -46
I N -2 2 93 78 187 94
N G 1 1 78 125 93 15
G Space -2 1 125 94 94 -31
Space T 3 -1 94 109 203 109
T O 0 -4 109 78 78 -31
O Space -3 5 78 94 140 62
Space L 2 -5 94 62 203 109
L O 1 0 62 62 156 94
O S -1 7 62 63 109 47
S E 1 -1 63 93 172 109
E OemPeriod -2 -6 93 78 109 16
OemPeriod Space -1 5 78 124 172 94
Space LShiftKey 1 4 124 374 218 94
LShiftKey Y 2 -6 374 109 281 -93
Y O 0 -3 109 78 93 -16
O U 0 2 78 62 250 172
U R 0 3 62 140 125 63
R Back 1 -9 140 63 374 234
Back Space -4 9 63 93 219 156
Space A 2 3 93 110 124 31
A R 1 -3 110 156 172 62
R E 0 1 156 109 94 -62
E Space -3 -1 109 94 93 -16
Space A 2 3 94 109 203 109
A L 0 -8 109 78 94 -15
L R 1 5 78 140 218 140
R E 0 1 140 110 62 -78
E A -1 2 110 109 203 93
A D 0 -2 109 109 172 63
D Y 1 -3 109 94 249 140
Y Space -3 2 94 78 125 31
Space A 2 3 78 110 499 421
A Back 2 -12 110 94 359 249
Back N -3 7 94 62 250 156
N A 1 5 62 109 109 47
A K 0 -7 109 62 125 16
K E 1 5 62 124 125 63
E D -1 0 124 109 234 110
D Oemcomma -1 -5 109 62 140 31
Oemcomma OemPeriod 0 -1 62 62 0 -62
OemPeriod Back 3 -4 62 93 874 812
Back Back 0 0 93 62 218 125
Back OemPeriod -3 4 62 62 702 640
OemPeriod Space -1 5 62 93 125 63
Space LShiftKey 1 4 93 1092 249 156
LShiftKey T 2 -5 1092 94 1030 -62
T H -1 -1 94 62 78 -16
H E 1 3 62 93 125 63
E R 0 -1 93 156 171 78
R E 0 1 156 125 78 -78
E Space -3 -1 125 93 141 16
Space I 3 -4 93 78 187 94
I S -1 6 78 109 156 78
S Space -2 -2 109 62 94 -15
Space N 1 -2 62 63 171 109
N O 2 -3 63 63 156 93
O Space -3 5 63 94 156 93
Space R 3 0 94 141 109 15
R E 0 1 141 125 63 -78
E A -1 2 125 125 218 93
A S 0 -1 125 109 203 78
S O 1 -7 109 109 94 -15
O N -2 3 109 63 202 93
N Space -1 2 63 94 125 62
Space N 1 -2 94 63 234 140
N O 2 -3 63 47 172 109
O T 0 4 47 78 140 93
T Space -3 1 78 78 63 -15
Space T 3 -1 78 110 358 280
T O 0 -4 110 78 63 -47
O Space -3 5 78 109 140 62
Space F 2 0 109 110 343 234
F O 1 -5 110 63 78 -32
O L -1 0 63 78 172 109
L L 0 0 78 62 562 484
L O 1 0 62 78 156 94
O W 0 7 78 93 156 78
W Space -3 -2 93 124 234 141
Space Y 3 -2 124 78 374 250
Y O 0 -3 78 78 31 -47
O U 0 2 78 62 203 125
U R 0 3 62 109 109 47
R Space -3 0 109 94 109 0
Space H 2 -2 94 78 297 203
H E 1 3 78 94 93 15
E A -1 2 94 156 188 94
A R 1 -3 156 109 171 15
R T 0 -1 109 109 375 266
T OemPeriod -2 -4 109 109 93 -16
OemPeriod Return 1 -3 109 62 1077 968
Return LShiftKey -1 12 62 266 436 374
LShiftKey A 1 -1 266 124 188 -78
A B -1 -4 124 109 327 203
B O 2 -4 109 78 78 -31
O U 0 2 78 62 219 141
U T 0 2 62 93 109 47
T Space -3 1 93 78 93 0
Space A 2 3 78 125 219 141
A Space -2 -3 125 93 156 31
Space Y 3 -2 93 63 452 359
Y E 0 3 63 110 31 -32
E A -1 2 110 109 203 93
A R 1 -3 109 125 156 47
R Space -3 0 125 63 109 -16
Space A 2 3 63 124 266 203
A G 0 -4 124 124 234 110
G O 1 -4 124 78 109 -15
O Space -3 5 78 78 405 327
Space LShiftKey 1 4 78 172 156 78
LShiftKey I 2 -8 172 62 94 -78
I Space -3 4 62 94 156 94
Space W 3 2 94 171 125 31
W A -1 1 171 172 93 -78
A S 0 -1 172 109 281 109
S Space -2 -2 109 124 141 32
Space D 2 1 124 110 670 546
D I 1 -5 110 78 94 -16
I A -1 7 78 109 468 390
A G 0 -4 109 94 265 156
G N -1 -1 94 63 468 374
N O 2 -3 63 47 172 109
O S -1 7 47 94 93 46
S E 1 -1 94 78 188 94
E D -1 0 78 125 171 93
D Space -2 -1 125 109 141 16
Space W 3 2 109 141 358 249
W I 0 -6 141 78 125 -16
I T 0 3 78 78 172 94
T H -1 -1 78 78 62 -16
H Space -2 2 78 93 172 94
Space C 1 1 93 156 234 141
C A 1 2 156 156 109 -47
A N -1 -5 156 78 94 -62
N C 0 3 78 171 390 312
C E 2 0 171 125 109 -62
E R 0 -1 125 125 187 62
R OemPeriod -2 -5 125 109 94 -31
OemPeriod Space -1 5 109 109 483 374
Space LShiftKey 1 4 109 328 265 156
LShiftKey I 2 -8 328 62 266 -62
I Space -3 4 62 109 156 94
Space H 2 -2 109 78 265 156
H A 0 5 78 110 171 93
A D 0 -2 110 109 188 78
D Space -2 -1 109 78 93 -16
Space A 2 3 78 125 172 94
A Space -2 -3 125 110 93 -32
Space S 2 2 110 93 297 187
S C -1 -1 93 156 203 110
C A 1 2 156 125 124 -32
A N -1 -5 125 78 94 -31
N Space -1 2 78 109 187 109
Space A 2 3 109 109 562 453
A T 1 -4 109 94 187 78
T Space -3 1 94 94 62 -32
Space D7 4 -3 94 78 609 515
D7 RShiftKey -3 -4 78 265 374 296
RShiftKey Oem1 1 1 265 109 141 -124
Oem1 D3 2 7 109 93 499 390
D3 D0 0 -7 93 78 156 63
D0 Space -4 6 78 110 171 93
Space I 3 -4 110 62 656 546
I N -2 2 62 78 171 109
N Space -1 2 78 109 172 94
Space T 3 -1 109 78 203 94
T H -1 -1 78 78 78 0
H E 1 3 78 94 124 46
E Space -3 -1 94 63 78 -16
Space M 1 -3 63 78 188 125
M O 2 -2 78 78 156 78
O R 0 5 78 109 156 78
R N -2 -2 109 124 78 -31
N I 2 -2 124 93 109 -15
I N -2 2 93 78 171 78
N G 1 1 78 109 141 63
G Space -2 1 109 78 109 0
Space Back 4 -9 78 78 281 203
Back Oemcomma -3 5 78 93 234 156
Oemcomma Space -1 4 93 110 249 156
Space A 2 3 110 125 172 62
A N -1 -5 125 78 109 -16
N D 1 3 78 125 109 31
D Space -2 -1 125 93 110 -15
Space I 3 -4 93 78 202 109
I T 0 3 78 109 172 94
T Space -3 1 109 94 140 31
Space C 1 1 94 124 266 172
C L 1 -6 124 63 249 125
L E 1 6 63 78 109 46
E A -1 2 78 124 188 110
A R 1 -3 124 109 187 63
R L -1 -5 109 78 109 0
L Y 1 3 78 78 218 140
Y Space -3 2 78 78 125 47
Space S 2 2 78 109 328 250
S H 0 -4 109 156 125 16
H O 1 -3 156 93 109 -47
O W 0 7 93 140 109 16
W E 0 -1 140 94 889 749
E D -1 0 94 110 343 249
D Space -2 -1 110 109 266 156
Space A 2 3 109 125 187 78
A Space -2 -3 125 125 78 -47
Space T 3 -1 125 93 437 312
T U 0 -2 93 78 78 -15
U M -2 0 78 94 280 202
M O 2 -2 94 63 203 109
O R 0 5 63 140 172 109
R Space -3 0 140 78 218 78
Space I 3 -4 78 78 749 671
I Back 1 -5 78 78 452 374
Back O -1 4 78 63 234 156
O N -2 3 63 78 188 125
N Space -1 2 78 78 187 109
Space M 1 -3 78 93 359 281
M Y 2 1 93 62 296 203
Y Space -3 2 62 94 156 94
Space P 3 -6 94 63 577 483
P A -1 9 63 141 109 46
A N -1 -5 141 62 141 0
N C 0 3 62 125 203 141
C R 2 -1 125 172 296 171
R E 0 1 172 125 125 -47
E A -1 2 125 125 234 109
A S 0 -1 125 109 203 78
S OemPeriod -1 -7 109 94 31 -78
OemPeriod Space -1 5 94 93 484 390
Space LShiftKey 1 4 93 343 608 515
LShiftKey I 2 -8 343 63 265 -78
I Space -3 4 63 109 141 78
Space D 2 1 109 109 187 78
D I 1 -5 109 78 109 0
I D -1 5 78 109 94 16
D N -1 -3 109 78 93 -16
N Oem7 1 -5 78 78 203 125
Oem7 T 1 6 78 93 125 47
T Space -3 1 93 93 125 32
Space E 3 1 93 93 343 250
E V -2 -1 93 141 171 78
V E 2 1 141 110 78 -63
E N -2 -3 110 62 94 -16
N Space -1 2 62 171 203 141
Space K 2 -4 171 78 437 266
K N -1 2 78 63 171 93
N O 2 -3 63 62 141 78
O W 0 7 62 109 109 47
W Space -3 -2 109 109 109 0
Space A 2 3 109 109 172 63
A B -1 -4 109 94 218 109
B Back 3 -8 94 78 359 265
Back Back 0 0 78 78 156 78
Back W -1 11 78 109 655 577
W H -1 -4 109 62 125 16
H A 0 5 62 156 109 47
A T 1 -4 156 124 172 16
T Space -3 1 124 124 390 266
Space A 2 3 124 125 405 281
A Space -2 -3 125 110 109 -16
Space P 3 -6 110 63 515 405
P A -1 9 63 125 94 31
A N -1 -5 125 63 140 15
N C 0 3 63 125 172 109
C R 2 -1 125 140 281 156
R E 0 1 140 109 78 -62
E A -1 2 109 94 218 109
A S 0 -1 94 93 172 78
S Space -2 -2 93 109 109 16
Space W 3 2 109 187 140 31
W A -1 1 187 140 125 -62
A S 0 -1 140 109 203 63
S OemPeriod -1 -7 109 94 62 -47
OemPeriod Space -1 5 94 109 390 296
Space LShiftKey 1 4 109 312 1186 1077
LShiftKey T 2 -5 312 94 249 -63
T H -1 -1 94 62 94 0
H E 1 3 62 125 109 47
E Space -3 -1 125 78 125 0
Space D 2 1 78 94 234 156
D O 1 -6 94 63 109 15
O C -2 6 63 109 156 93
C T 2 -2 109 78 281 172
T O 0 -4 78 78 78 0
O R 0 5 78 93 125 47
R S -1 2 93 109 234 141
S Space -2 -2 109 125 187 78
Space T 3 -1 125 109 234 109
T O 0 -4 109 62 94 -15
O L -1 0 62 47 218 156
L M -1 2 47 63 296 249
M Back 3 -6 63 78 375 312
Back D -2 10 78 94 140 62
D Space -2 -1 94 94 125 31
Space M 1 -3 94 63 265 171
M E 2 4 63 110 109 46
E Space -3 -1 110 110 156 46
Space T 3 -1 110 94 749 639
T H -1 -1 94 141 78 -16
H I 1 -2 141 109 94 -47
I S -1 6 109 109 140 31
S Space -2 -2 109 94 125 16
Space W 3 2 94 172 140 46
W A -1 1 172 140 94 -78
A S 0 -1 140 110 218 78
S Space -2 -2 110 109 110 0
Space A 2 3 109 125 483 374
A L 0 -8 125 78 94 -31
L M -1 2 78 78 203 125
M O 2 -2 78 78 140 62
O S -1 7 78 94 109 31
S T 1 -3 94 110 187 93
T Space -3 1 110 94 125 15
Space C 1 1 94 156 234 140
C E 2 0 156 140 125 -31
E R 0 -1 140 110 218 78
R T 0 -1 110 141 234 124
T A -1 4 141 140 110 -31
A I 1 -7 140 93 187 47
I N -2 2 93 78 218 125
N L 1 -3 78 78 172 94
L Y 1 3 78 78 140 62
Y Space -3 2 78 94 109 31
Space A 2 3 94 125 156 62
A Space -2 -3 125 93 141 16
Space T 3 -1 93 109 452 359
T Y 0 -1 109 63 78 -31
Y P 0 -4 63 62 250 187
P E 0 7 62 109 109 47
E Space -3 -1 109 78 109 0
Space O 3 -5 78 63 187 109
O F -1 5 63 109 125 62
F Space -2 0 109 94 109 0
Space C 1 1 94 234 188 94
C E 2 0 234 63 124 -110
E Back 1 -10 63 78 344 281
Back A -2 12 78 125 171 93
A N -1 -5 125 63 156 31
N C 0 3 63 187 250 187
C E 2 0 187 140 125 -62
E R 0 -1 140 141 249 109
R Space -3 0 141 124 141 0
Space T 3 -1 124 78 312 188
T H -1 -1 78 78 93 15
H A 0 5 78 140 94 16
A T 1 -4 140 109 156 16
T Space -3 1 109 94 608 499
Space I 3 -4 94 78 203 109
I S -1 6 78 110 140 62
S Space -2 -2 110 94 94 -16
Space I 3 -4 94 62 281 187
I N -2 2 62 63 218 156
N C 0 3 63 109 609 546
C U 2 -4 109 62 78 -31
U R 0 3 62 109 218 156
R A -1 3 109 109 78 -31
A B -1 -4 109 110 218 109
B L 1 -4 110 62 94 -16
L E 1 6 62 124 172 110
E Oemcomma -2 -5 124 78 249 125
Oemcomma Space -1 4 78 93 219 141
Space A 2 3 93 124 234 141
A D 0 -2 124 109 234 110
D Back 2 -10 109 62 343 234
Back N -3 7 62 62 203 141
N D 1 3 62 125 124 62
D Space -2 -1 125 78 141 16
Space T 3 -1 78 94 265 187
T H -1 -1 94 94 78 -16
H A 0 5 94 156 125 31
A T 1 -4 156 125 93 -63
T Space -3 1 125 109 203 78
Space LShiftKey 1 4 109 202 687 578
LShiftKey I 2 -8 202 63 93 -109
I Space -3 4 63 109 156 93
Space S 2 2 109 109 406 297
S H 0 -4 109 156 140 31
H O 1 -3 156 125 109 -47
O U 0 2 125 62 219 94
U L -1 -2 62 62 203 141
L D 0 6 62 125 109 47
D Space -2 -1 125 94 93 -32
Space E 3 1 94 109 266 172
E X -2 1 109 140 218 109
X P 2 -8 140 62 234 94
P E 0 7 62 109 94 32
E C -2 0 109 93 187 78
C T 2 -2 93 94 218 125
T Space -3 1 94 109 63 -31
Space T 3 -1 109 94 218 109
T O 0 -4 94 94 78 -16
O Space -3 5 94 109 172 78
Space L 2 -5 109 62 842 733
L I 1 1 62 62 172 110
I V -2 4 62 156 109 47
V E 2 1 156 125 93 -63
E Space -3 -1 125 110 78 -47
Space N 1 -2 110 62 266 156
N O 2 -3 62 63 171 109
O Space -3 5 63 93 172 109
Space L 2 -5 93 62 187 94
L O 1 0 62 62 172 110
O N -2 3 62 63 202 140
N G 1 1 63 188 234 171
G E 1 2 188 140 344 156
E R 0 -1 140 141 171 31
R Space -3 0 141 124 141 0
Space T 3 -1 124 94 1232 1108
T H -1 -1 94 78 78 -16
H A 0 5 78 125 140 62
A N -1 -5 125 78 78 -47
N Space -1 2 78 125 234 156
Space T 3 -1 125 94 250 125
T H -1 -1 94 78 78 -16
H R 1 2 78 140 172 94
R E 0 1 140 109 93 -47
E E 0 0 109 124 219 110
E Space -3 -1 124 109 187 63
Space O 3 -5 109 62 234 125
O R 0 5 62 109 140 78
R Back 1 -9 109 62 359 250
Back Back 0 0 62 94 156 94
Back T -1 8 94 94 702 608
T O 0 -4 94 78 62 -32
O Space -3 5 78 109 172 94
Space S 2 2 109 110 374 265
S I 1 -6 110 78 110 0
I X -2 6 78 141 249 171
X Space -1 -2 141 109 297 156
Space M 1 -3 109 63 249 140
M O 2 -2 63 78 156 93
O N -2 3 78 78 515 437
N T 2 1 78 93 281 203
T H -1 -1 93 78 78 -15
H S 0 4 78 94 187 109
S OemPeriod -1 -7 94 78 234 140
OemPeriod Space -1 5 78 141 6115 6037
Space LShiftKey 1 4 141 483 999 858
LShiftKey M 0 -7 483 78 405 -78
M Y 2 1 78 47 250 172
Y Space -3 2 47 94 140 93
Space D 2 1 94 93 250 156
D O 1 -6 93 63 93 0
O C -2 6 63 93 141 78
C T 2 -2 93 62 281 188
T O 0 -4 62 62 78 16
O R 0 5 62 125 140 78
R Space -3 0 125 94 390 265
Space A 2 3 94 124 250 156
A D 0 -2 124 109 218 94
D V -1 -1 109 109 390 281
V I 2 -4 109 62 312 203
I S -1 6 62 78 140 78
S E 1 -1 78 78 188 110
E D -1 0 78 124 156 78
D Space -2 -1 124 78 93 -31
Space M 1 -3 78 78 187 109
M E 2 4 78 125 125 47
E Space -3 -1 125 125 94 -31
Space T 3 -1 125 110 249 124
T O 0 -4 110 63 78 -32
O Space -3 5 63 94 172 109
Space G 2 -1 94 110 218 124
G O 1 -4 110 62 94 -16
O Space -3 5 62 94 187 125
Space H 2 -2 94 125 250 156
H O 1 -3 125 78 140 15
O M -2 2 78 62 219 141
M E 2 4 62 109 109 47
E Space -3 -1 109 78 109 0
Space A 2 3 78 93 172 94
A N -1 -5 93 62 109 16
N D 1 3 62 125 78 16
D Space -2 -1 125 94 109 -16
Space G 2 -1 94 140 203 109
G E 1 2 140 125 93 -47
E T 0 -2 125 125 203 78
T Space -3 1 125 94 156 31
Space M 1 -3 94 78 219 125
M Y 2 1 78 47 421 343
Y Space -3 2 47 93 156 109
Space A 2 3 93 141 140 47
A F 0 -3 141 78 203 62
F F 0 0 78 125 203 125
F A 0 3 125 156 109 -16
A I 1 -7 156 47 764 608
I R 0 4 47 125 141 94
R S -1 2 125 109 265 140
S Space -2 -2 109 109 156 47
Space I 3 -4 109 78 265 156
I N -2 2 78 78 203 125
N Space -1 2 78 109 172 94
Space O 3 -5 109 78 405 296
O R 0 5 78 125 156 78
R D -1 1 125 140 1311 1186
D E 1 0 140 141 93 -47
E R 0 -1 141 125 187 46
R Oemcomma -2 -4 125 78 624 499
Oemcomma Space -1 4 78 125 203 125
Space W 3 2 125 109 281 156
W H -1 -4 109 125 156 47
H I 1 -2 125 125 47 -78
I C -2 5 125 125 249 124
C H 1 -3 125 124 188 63
H Space -2 2 124 94 218 94
Space I 3 -4 94 78 203 109
I S -1 6 78 109 125 47
S Space -2 -2 109 109 78 -31
Space D 2 1 109 109 967 858
D O 1 -6 109 78 78 -31
O C -2 6 78 110 171 93
C T 2 -2 110 78 640 530
T O 0 -4 78 78 47 -31
O R 0 5 78 109 156 78
R Oem7 -1 -7 109 78 203 94
Oem7 S 0 9 78 94 140 62
S Space -2 -2 94 109 156 62
Space C 1 1 109 94 421 312
C O 2 -6 94 78 78 -16
O D -1 6 78 125 156 78
D E 1 0 125 140 63 -62
E Space -3 -1 140 94 171 31
Space F 2 0 94 109 203 109
F O 1 -5 109 78 94 -15
O R 0 5 78 125 140 62
R Space -3 0 125 109 94 -31
Space P 3 -6 109 63 280 171
P R 0 6 63 172 125 62
R E 0 1 172 140 94 -78
E P 0 -7 140 63 717 577
P A -1 9 63 109 110 47
A R 1 -3 109 156 171 62
R E 0 1 156 125 78 -78
E Space -3 -1 125 109 125 0
Space T 3 -1 109 93 172 63
T O 0 -4 93 78 62 -31
O Space -3 5 78 125 156 78
Space D 2 1 125 125 265 140
D I 1 -5 125 94 125 0
I E 0 5 94 94 140 46
E OemPeriod -2 -6 94 78 141 47
OemPeriod Space -1 5 78 110 405 327
Space LShiftKey 1 4 110 250 172 62
LShiftKey I 2 -8 250 62 172 -78
I T 0 3 62 94 171 109
T Space -3 1 94 94 78 -16
Space M 1 -3 94 78 203 109
M E 2 4 78 93 94 16
E A -1 2 93 110 202 109
A N -1 -5 110 94 172 62
N S 1 4 94 125 156 62
S Space -2 -2 125 109 156 31
Space T 3 -1 109 94 343 234
T O 0 -4 94 78 47 -47
O Space -3 5 78 109 187 109
Space T 3 -1 109 78 1357 1248
T R 0 1 78 109 375 297
R Y 0 -2 109 78 78 -31
Y Space -3 2 78 94 218 140
Space T 3 -1 94 94 905 811
T O 0 -4 94 78 62 -32
O Space -3 5 78 109 172 94
Space T 3 -1 109 141 265 156
T E 0 2 141 125 78 -63
E L -1 -6 125 63 78 -47
L L 0 0 63 63 156 93
L Space -2 5 63 93 172 109
Space Y 3 -2 93 94 265 172
Y O 0 -3 94 93 94 0
O U 0 2 93 46 234 141
U R 0 3 46 78 109 63
R Space -3 0 78 94 109 31
Space L 2 -5 94 62 515 421
L I 1 1 62 62 187 125
I D -1 5 62 109 125 63
D S 0 1 109 124 203 94
S Space -2 -2 124 94 327 203
Space E 3 1 94 109 156 62
E V -2 -1 109 125 187 78
V E 2 1 125 110 78 -47
E R 0 -1 110 124 188 78
R Y 0 -2 124 63 202 78
Y T 0 1 63 94 281 218
T H -1 -1 94 140 94 0
H I 1 -2 140 31 140 0
I N -2 2 31 109 359 328
N G 1 1 109 109 234 125
G Space -2 1 109 109 156 47
Space Y 3 -2 109 109 437 328
Y O 0 -3 109 93 78 -31
O U 0 2 93 63 218 125
U Space -3 3 63 94 156 93
Space T 3 -1 94 109 297 203
T H -1 -1 109 109 140 31
H O 1 -3 109 109 78 -31
O U 0 2 109 78 234 125
U G -1 2 78 110 140 62
G H 0 -1 110 62 94 -16
H T 1 1 62 94 156 94
T Space -3 1 94 125 140 46
Space Y 3 -2 125 94 1170 1045
Y O 0 -3 94 63 78 -16
O U 0 2 63 62 188 125
U Oem7 -1 -4 62 31 249 187
Oem7 D 0 8 31 140 125 94
D Space -2 -1 140 125 281 141
Space H 2 -2 125 78 405 280
H A 0 5 78 109 63 -15
A V -1 -3 109 140 187 78
V E 2 1 140 109 78 -62
E Space -3 -1 109 109 47 -62
Space T 3 -1 109 109 218 109
T H -1 -1 109 78 63 -46
H E 1 3 78 94 171 93
E N -2 -3 94 63 78 -16
N Back 3 -7 63 62 375 312
Back Back 0 0 62 46 156 94
Back E -1 10 46 109 639 593
E Space -3 -1 109 109 125 16
Space N 1 -2 109 62 390 281
N E 2 3 62 93 47 -15
E X -2 1 93 125 218 125
X T 2 -3 125 109 281 156
T Space -3 1 109 109 156 47
Space D1 4 3 109 109 3073 2964
D1 D0 0 -9 109 63 78 -31
D0 Space -4 6 63 93 172 109
Space Y 3 -2 93 78 249 156
Y E 0 3 78 93 63 -15
E A -1 2 93 172 187 94
A R 1 -3 172 110 140 -32
R S -1 2 110 109 250 140
S Space -2 -2 109 125 156 47
Space T 3 -1 125 94 390 265
T O 0 -4 94 78 62 -32
O Space -3 5 78 110 156 78
Space T 3 -1 110 141 359 249
T E 0 2 141 125 94 -47
E L -1 -6 125 62 109 -16
L L 0 0 62 78 156 94
L Space -2 5 78 94 187 109
Space T 3 -1 94 93 219 125
T H -1 -1 93 63 93 0
H E 1 3 63 125 156 93
E M -2 -4 125 78 109 -16
M Space -1 3 78 94 203 125
Space I 3 -4 94 78 187 93
I N -2 2 78 62 188 110
N Space -1 2 62 109 156 94
Space J 2 -3 109 78 312 203
J U 1 0 78 63 171 93
U S -1 5 63 109 78 15
S T 1 -3 109 109 219 110
T Space -3 1 109 109 140 31
Space A 2 3 109 125 546 437
A Space -2 -3 125 93 125 0
Space F 2 0 93 156 218 125
F E 1 1 156 93 94 -62
E W 0 1 93 124 203 110
W Space -3 -2 124 109 374 250
Space M 1 -3 109 78 265 156
M O 2 -2 78 78 141 63
O N -2 3 78 62 187 109
N T 2 1 62 94 140 78
T H -1 -1 94 63 109 15
H S 0 4 63 94 172 109
S OemPeriod -1 -7 94 78 125 31
OemPeriod Space -1 5 78 125 13010 12932
Space LShiftKey 1 4 125 359 312 187
LShiftKey I 2 -8 359 63 312 -47
I T 0 3 63 93 141 78
T Space -3 1 93 94 62 -31
Space M 1 -3 94 78 250 156
M E 2 4 78 94 93 15
E A -1 2 94 109 203 109
A N -1 -5 109 78 125 16
N S 1 4 78 125 109 31
S Space -2 -2 125 125 94 -31
Space T 3 -1 125 94 1388 1263
T O 0 -4 94 63 78 -16
O Space -3 5 63 93 141 78
Space M 1 -3 93 78 218 125
M A 1 6 78 109 94 16
A K 0 -7 109 62 109 0
K E 1 5 62 109 109 47
E Space -3 -1 109 93 94 -15
Space S 2 2 93 109 218 125
S U 1 -5 109 78 78 -31
U R 0 3 78 188 140 62
R E 0 1 188 124 110 -78
E Space -3 -1 124 141 202 78
Space E 3 1 141 110 1014 873
E V -2 -1 110 125 203 93
V E 2 1 125 109 78 -47
E R 0 -1 109 109 172 63
R T 0 -1 109 109 218 109
T H -1 -1 109 93 141 32
H I 1 -2 93 109 62 -31
I N -2 2 109 78 187 78
N G 1 1 78 109 125 47
G Space -2 1 109 140 125 16
Space I 3 -4 140 63 764 624
I S -1 6 63 94 109 46
S Space -2 -2 94 125 63 -31
Space B 1 -1 125 94 405 280
B U 2 -2 94 63 312 218
U T 0 2 63 93 531 468
T T 0 0 93 125 234 141
T O 0 -4 125 94 109 -16
O N -2 3 94 78 218 124
N E 2 3 78 93 110 32
E D -1 0 93 124 234 141
D Space -2 -1 124 140 109 -15
Space U 3 -3 140 63 374 234
U P 0 -3 63 62 250 187
P Space -3 6 62 125 171 109
Space S 2 2 125 125 281 156
S O 1 -7 125 63 109 -16
O Space -3 5 63 140 453 390
Space T 3 -1 140 109 312 172
T H -1 -1 109 109 78 -31
H A 0 5 109 156 125 16
A T 1 -4 156 140 109 -47
T Space -3 1 140 141 140 0
Space I 3 -4 141 62 749 608
I T 0 3 62 94 109 47
T Space -3 1 94 124 63 -31
Space W 3 2 124 109 218 94
W I 0 -6 109 62 94 -15
I L -1 -1 62 62 187 125
L L 0 0 62 94 140 78
L Space -2 5 94 109 172 78
Space B 1 -1 109 78 249 140
B E 2 2 78 109 125 47
E Space -3 -1 109 109 125 16
Space A 2 3 109 109 156 47
A S 0 -1 109 125 203 94
S Space -2 -2 125 125 140 15
Space E 3 1 125 93 250 125
E A -1 2 93 125 187 94
A S 0 -1 125 125 187 62
S Y 1 -4 125 62 141 16
Y Space -3 2 62 109 156 94
Space A 2 3 109 125 717 608
A S 0 -1 125 109 203 78
S Space -2 -2 109 94 78 -31
Space P 3 -6 94 78 234 140
P O 0 1 78 62 203 125
O S -1 7 62 94 109 47
S S 0 0 94 109 203 109
S I 1 -6 109 78 171 62
I B -2 3 78 109 141 63
B L 1 -4 109 78 125 16
L E 1 6 78 110 124 46
E Space -3 -1 110 109 110 0
Space F 2 0 109 78 374 265
F O 1 -5 78 78 62 -16
O R 0 5 78 109 125 47
R Space -3 0 109 124 63 -46
Space Y 3 -2 124 124 234 110
Y O 0 -3 124 63 93 -31
O U 0 2 63 63 187 124
U R 0 3 63 94 125 62
R Space -3 0 94 110 109 15
Space F 2 0 110 156 515 405
F A 0 3 156 156 94 -62
A M -1 -6 156 78 171 15
M I 2 -1 78 78 188 110
I L -1 -1 78 63 249 171
L Y 1 3 63 78 156 93
Y OemPeriod -2 -3 78 78 94 16
OemPeriod Space -1 5 78 109 1700 1622
Space LShiftKey 1 4 109 249 219 110
LShiftKey I 2 -8 249 78 171 -78
I T 0 3 78 110 187 109
T Space -3 1 110 109 63 -47
Space M 1 -3 109 94 249 140
M E 2 4 94 78 110 16
E A -1 2 78 125 187 109
A N -1 -5 125 94 140 15
N S 1 4 94 125 172 78
S Space -2 -2 125 109 109 -16
Space T 3 -1 109 109 187 78
T O 0 -4 109 94 47 -62
O Space -3 5 94 125 156 62
Space S 2 2 125 187 250 125
S A 0 1 187 140 140 -47
A Y 1 -5 140 62 203 63
Y Space -3 2 62 94 187 125
Space Y 3 -2 94 109 359 265
Y O 0 -3 109 78 78 -31
O U 0 2 78 62 234 156
U R 0 3 62 93 125 63
R Space -3 0 93 78 109 16
Space G 2 -1 78 109 671 593
G O 1 -4 109 46 78 -31
O O 0 0 46 78 140 94
O D -1 6 78 125 125 47
D B -1 -2 125 78 265 140
B Y 2 -1 78 46 172 94
Y E 0 3 46 62 109 63
E S -1 1 62 78 203 141
S OemPeriod -1 -7 78 94 93 15
OemPeriod Right -1 -4 94 62 3916 3822
Right Y 3 7 62 62 203 141
Y Right -3 -7 62 32 1840 1778
Right Right 0 0 32 62 188 156
Right Right 0 0 62 62 187 125
Right Right 0 0 62 62 156 94
Right Right 0 0 62 78 156 94
Right Right 0 0 78 78 249 171
Right Return 2 1 78 63 1607 1529
Return LShiftKey -1 12 63 468 671 608
LShiftKey I 2 -8 468 78 406 -62
I Space -3 4 78 93 156 78
Space L 2 -5 93 78 187 94
L I 1 1 78 78 171 93
I V -2 4 78 140 94 16
V E 2 1 140 125 78 -62
E D -1 0 125 110 218 93
D Space -2 -1 110 94 156 46
Space W 3 2 94 125 390 296
W I 0 -6 125 78 78 -47
I T 0 3 78 109 172 94
T H -1 -1 109 78 94 -15
H Space -2 2 78 124 156 78
Space T 3 -1 124 110 202 78
T H -1 -1 110 78 141 31
H A 0 5 78 141 93 15
A T 1 -4 141 125 94 -47
T Space -3 1 125 110 62 -63
Space D 2 1 110 124 500 390
D I 1 -5 124 78 78 -46
I A -1 7 78 125 202 124
A G 0 -4 125 109 203 78
G N -1 -1 109 78 203 94
N O 2 -3 78 94 764 686
O S -1 7 94 78 437 343
S I 1 -6 78 78 78 0
I S -1 6 78 125 109 31
S Space -2 -2 125 109 203 78
Space A 2 3 109 125 203 94
A L 0 -8 125 62 78 -47
L L 0 0 62 94 140 78
L Space -2 5 94 140 172 78
Space D 2 1 140 156 187 47
D A 0 2 156 140 94 -62
A Y 1 -5 140 78 296 156
Y OemPeriod -2 -3 78 109 47 -31
OemPeriod Space -1 5 109 125 296 187
Space LShiftKey 1 4 125 297 281 156
LShiftKey L 1 -9 297 78 234 -63
L A 0 8 78 125 172 94
A T 1 -4 125 140 203 78
T E 0 2 140 156 78 -62
E R 0 -1 156 125 249 93
R Space -3 0 125 109 94 -31
Space T 3 -1 109 109 281 172
T H -1 -1 109 78 124 15
H A 0 5 78 140 63 -15
A T 1 -4 140 93 125 -15
T Space -3 1 93 110 46 -47
Space E 3 1 110 78 172 62
E V -2 -1 78 140 172 94
V E 2 1 140 124 78 -62
E N -2 -3 124 94 93 -31
N I 2 -2 94 78 109 15
I N -2 2 78 94 125 47
N G 1 1 94 125 172 78
G Oemcomma -1 -3 125 78 296 171
Oemcomma Back 3 -5 78 78 546 468
Back Space -4 9 78 110 187 109
Space LShiftKey 1 4 110 265 281 171
LShiftKey I 2 -8 265 63 187 -78
I Space -3 4 63 94 156 93
Space H 2 -2 94 78 219 125
H A 0 5 78 109 78 0
A D 0 -2 109 125 171 62
D Space -2 -1 125 94 125 0
Space A 2 3 94 125 203 109
A Space -2 -3 125 109 109 -16
Space B 1 -1 109 109 765 656
B I 2 -3 109 62 78 -31
I O 0 -1 62 62 234 172
O S -1 7 62 94 140 78
S Back 2 -11 94 78 359 265
Back P -1 3 78 63 218 140
P S -1 8 63 109 125 62
S Y 1 -4 109 78 1045 936
Y Oemcomma -2 -2 78 47 1092 1014
Oemcomma Space -1 4 47 125 125 78
Space W 3 2 125 93 281 156
W H -1 -4 93 62 109 16
H E 1 3 62 93 94 32
E R 0 -1 93 125 187 94
R E 0 1 125 109 78 -47
E Space -3 -1 109 109 62 -47
Space T 3 -1 109 94 281 172
T H -1 -1 94 78 109 15
H E 1 3 78 124 141 63
E Y 0 -3 124 78 140 16
Y Space -3 2 78 93 203 125
Space S 2 2 93 109 265 172
S T 1 -3 109 78 265 156
T U 0 -2 78 94 234 156
U C -2 4 94 109 219 125
C K 1 -5 109 93 109 0
K Space -2 4 93 110 249 156
Space A 2 3 110 125 312 202
A N -1 -5 125 78 219 94
N Space -1 2 78 109 187 109
Space E 3 1 109 125 218 109
E D -1 0 125 94 406 281
D Back 2 -10 94 93 359 265
Back N -3 7 93 78 234 141
N D 1 3 78 141 327 249
D O 1 -6 141 63 125 -16
O S -1 7 63 109 593 530
S C -1 -1 109 109 312 203
C O 2 -6 109 78 78 -31
O P 0 -1 78 78 328 250
P E 0 7 78 109 156 78
E Space -3 -1 109 125 140 31
Space W 3 2 125 109 406 281
W O 0 -7 109 78 140 31
O Back 1 -4 78 63 343 265
Back Back 0 0 63 78 156 93
Back D -2 10 78 109 375 297
D O 1 -6 109 63 93 -16
O W 0 7 63 109 141 78
W N -2 -4 109 78 109 0
N Space -1 2 78 94 187 109
Space M 1 -3 94 94 234 140
M Y 2 1 94 93 203 109
Y Space -3 2 93 125 93 0
Space T 3 -1 125 94 624 499
T H -1 -1 94 78 78 -16
H R 1 2 78 109 375 297
R O 0 -5 109 109 62 -47
O A -1 8 109 125 250 141
A T 1 -4 125 125 312 187
T Oemcomma -2 -3 125 94 374 249
Oemcomma Space -1 4 94 140 203 109
Space T 3 -1 140 94 452 312
T H -1 -1 94 78 78 -16
H O 1 -3 78 63 203 125
O U 0 2 63 78 219 156
U G -1 2 78 110 124 46
G H 0 -1 110 78 78 -32
H Space -2 2 78 109 406 328
Space M 1 -3 109 93 437 328
M Y 2 1 93 78 265 172
Y Space -3 2 78 94 156 78
Space S 2 2 94 125 203 109
S T 1 -3 125 93 312 187
T O 0 -4 93 78 93 0
O M -2 2 78 78 219 141
M A 1 6 78 94 171 93
A C -1 -2 94 125 203 109
C H 1 -3 125 78 125 0
H Space -2 2 78 110 218 140
Space A 2 3 110 125 999 889
A N -1 -5 125 78 125 0
N D 1 3 78 141 93 15
D Space -2 -1 141 109 125 -16
Space I 3 -4 109 78 359 250
I N -2 2 78 62 187 109
N T 2 1 62 109 250 188
T O 0 -4 109 94 93 -16
O Back 1 -4 94 1857 1404 1310
Back Back 0 0 1857 78 1997 140
Back Back 0 0 78 46 172 94
Back H -2 7 46 62 858 812
H R 1 2 62 110 358 296
R O 0 -5 110 78 47 -63
O U 0 2 78 63 265 187
U G -1 2 63 93 110 47
G H 0 -1 93 63 93 0
H Space -2 2 63 94 203 140
Space M 1 -3 94 93 281 187
M Y 2 1 93 78 140 47
Y Space -3 2 78 93 94 16
Space S 2 2 93 125 249 156
S T 1 -3 125 94 328 203
T O 0 -4 94 62 78 -16
O M -2 2 62 78 218 156
M A 1 6 78 125 234 156
A C -1 -2 125 125 234 109
C H 1 -3 125 78 110 -15
H Space -2 2 78 93 234 156
Space A 2 3 93 93 421 328
A N -1 -5 93 78 125 32
N D 1 3 78 125 140 62
D Space -2 -1 125 109 125 0
Space I 3 -4 109 78 1248 1139
I N -2 2 78 78 171 93
N T 2 1 78 93 219 141
T O 0 -4 93 78 78 -15
O Space -3 5 78 94 171 93
Space M 1 -3 94 78 219 125
M Y 2 1 78 78 281 203
Y Space -3 2 78 93 234 156
Space I 3 -4 93 63 358 265
I N -2 2 63 78 702 639
N T 2 1 78 172 359 281
T E 0 2 172 125 94 -78
E S -1 1 125 110 249 124
S T 1 -3 110 109 344 234
T I 0 -3 109 63 93 -16
I N -2 2 63 78 187 124
N E 2 3 78 78 110 32
E S -1 1 78 110 202 124
S Oemcomma -1 -6 110 94 94 -16
Oemcomma Space -1 4 94 141 218 124
Space P 3 -6 141 62 453 312
P U 0 3 62 47 265 203
U T 0 2 47 140 125 78
T Space -3 1 140 124 281 141
Space A 2 3 124 125 530 406
A Space -2 -3 125 109 94 -31
Space N 1 -2 109 109 343 234
N E 2 3 109 94 327 218
E E 0 0 94 94 203 109
E D -1 0 94 141 234 140
D L 0 -6 141 63 265 124
L E 1 6 63 125 203 140
E Space -3 -1 125 94 203 78
Space I 3 -4 94 78 218 124
I N -2 2 78 78 172 94
N T 2 1 78 93 250 172
T O 0 -4 93 78 78 -15
O Space -3 5 78 109 140 62
Space M 1 -3 109 94 234 125
M Y 2 1 94 47 296 202
Y Space -3 2 47 109 172 125
Space P 3 -6 109 62 437 328
P A -1 9 62 125 109 47
A N -1 -5 125 78 109 -16
N C 0 3 78 125 172 94
C H 1 -3 125 47 187 62
H Back 2 -7 47 78 374 327
Back R -1 9 78 172 203 125
R E 0 1 172 125 109 -63
E A -1 2 125 140 266 141
A S 0 -1 140 125 483 343
S Space -2 -2 125 125 1108 983
Space A 2 3 125 125 234 109
A N -1 -5 125 78 187 62
N D 1 3 78 125 125 47
D Space -2 -1 125 109 62 -63
Space G 2 -1 109 109 281 172
G O 1 -4 109 78 94 -15
O T 0 4 78 109 249 171
T Space -3 1 109 124 141 32
Space A 2 3 124 125 187 63
A Space -2 -3 125 124 125 0
Space F 2 0 124 156 436 312
F E 1 1 156 110 78 -78
E W 0 1 110 109 219 109
W Space -3 -2 109 125 93 -16
Space C 1 1 125 172 234 109
C E 2 0 172 125 94 -78
E L -1 -6 125 31 156 31
L L 0 0 31 94 140 109
L S 0 7 94 124 188 94
S Space -2 -2 124 125 343 219
Space F 2 0 125 110 249 124
F R 1 0 110 110 234 124
R O 0 -5 110 78 78 -32
O M -2 2 78 93 188 110
M Space -1 3 93 94 171 78
Space T 3 -1 94 63 156 62
T H -1 -1 63 62 94 31
H E 1 3 62 94 109 47
E Space -3 -1 94 109 78 -16
Space T 3 -1 109 109 343 234
T U 0 -2 109 62 94 -15
U M -2 0 62 78 218 156
M O 2 -2 78 47 187 109
O R 0 5 47 124 110 63
R OemPeriod -2 -5 124 78 171 47
OemPeriod Space -1 5 78 125 733 655
Space LShiftKey 1 4 125 250 234 109
LShiftKey I 2 -8 250 93 141 -109
I Space -3 4 93 93 203 110
Space W 3 2 93 172 140 47
W A -1 1 172 140 94 -78
A S 0 -1 140 124 234 94
S Space -2 -2 124 109 93 -31
Space S 2 2 109 94 234 125
S E 1 -1 94 94 187 93
E D -1 0 94 140 250 156
D A 0 2 140 124 94 -46
A T 1 -4 124 156 249 125
T E 0 2 156 109 94 -62
E D -1 0 109 125 218 109
D Oemcomma -1 -5 125 78 219 94
Oemcomma Space -1 4 78 109 218 140
Space B 1 -1 109 141 343 234
B U 2 -2 141 78 125 -16
U T 0 2 78 110 140 62
T Space -3 1 110 78 94 -16
Space M 1 -3 78 93 203 125
M Y 2 1 93 63 249 156
Y Space -3 2 63 109 141 78
Space W 3 2 109 109 234 125
W I 0 -6 109 78 125 16
I F -1 4 78 203 140 62
F E 1 1 203 125 140 -63
E Oemcomma -2 -5 125 78 172 47
Oemcomma Space -1 4 78 109 234 156
Space W 3 2 109 125 296 187
W H -1 -4 125 94 94 -31
H O 1 -3 94 94 156 62
O Space -3 5 94 94 218 124
Space W 3 2 94 171 141 47
W A -1 1 171 109 125 -46
A S 0 -1 109 109 218 109
S Space -2 -2 109 109 94 -15
Space T 3 -1 109 93 265 156
T H -1 -1 93 78 78 -15
H E 1 3 78 93 125 47
E R 0 -1 93 141 171 78
R E 0 1 141 125 78 -63
E Oemcomma -2 -5 125 94 125 0
Oemcomma Space -1 4 94 109 250 156
Space T 3 -1 109 109 405 296
T O 0 -4 109 63 78 -31
O L -1 0 63 94 203 140
L D 0 6 94 109 234 140
D Space -2 -1 109 93 203 94
Space M 1 -3 93 78 234 141
M E 2 4 78 93 125 47
E Space -3 -1 93 109 686 593
Space T 3 -1 109 109 234 125
T H -1 -1 109 93 94 -15
H A 0 5 93 140 109 16
A T 1 -4 140 125 109 -31
T Space -3 1 125 109 78 -47
Space W 3 2 109 125 328 219
W H -1 -4 125 78 125 0
H E 1 3 78 156 109 31
E N -2 -3 156 94 171 15
N Space -1 2 94 93 219 125
Space T 3 -1 93 109 281 188
T H -1 -1 109 78 109 0
H E 1 3 78 93 156 78
E Y 0 -3 93 62 109 16
Y Space -3 2 62 109 187 125
Space V 1 0 109 125 624 515
V I 2 -4 125 78 78 -47
I E 0 5 78 93 141 63
E W 0 1 93 110 202 109
W E 0 -1 110 94 546 436
E D -1 0 94 125 390 296
D Space -2 -1 125 109 500 375
Space T 3 -1 109 109 296 187
T H -1 -1 109 78 109 0
H E 1 3 78 109 125 47
E Space -3 -1 109 93 94 -15
Space C 1 1 93 171 187 94
C E 2 0 171 125 109 -62
E L -1 -6 125 47 125 0
L L 0 0 47 78 140 93
L S 0 7 78 109 172 94
S Space -2 -2 109 78 140 31
Space U 3 -3 78 78 250 172
U N -2 1 78 78 187 109
N D 1 3 78 125 109 31
D E 1 0 125 172 78 -47
E R 0 -1 172 125 172 0
R Space -3 0 125 94 109 -16
Space A 2 3 94 140 468 374
A Space -2 -3 140 94 140 0
Space M 1 -3 94 78 297 203
M I 2 -1 78 62 203 125
I C -2 5 62 125 202 140
C R 2 -1 125 93 375 250
R O 0 -5 93 78 62 -31
O S -1 7 78 110 187 109
S C -1 -1 110 110 468 358
C O 2 -6 110 78 94 -16
O P 0 -1 78 78 390 312
P E 0 7 78 110 140 62
E Space -3 -1 110 78 156 46
Space T 3 -1 78 110 312 234
T H -1 -1 110 78 94 -16
H E 1 3 78 124 172 94
E Space -3 -1 124 109 156 32
Space D 2 1 109 93 312 203
D O 1 -6 93 78 78 -15
O C -2 6 78 109 187 109
C T 2 -2 109 172 327 218
T E 0 2 172 31 219 47
E Back 1 -10 31 78 390 359
Back O -1 4 78 78 234 156
O R 0 5 78 94 296 218
R S -1 2 94 109 281 187
S Space -2 -2 109 125 218 109
Space S 2 2 125 93 219 94
S T 1 -3 93 141 171 78
T A -1 4 141 140 110 -31
A R 1 -3 140 125 171 31
R T 0 -1 125 125 312 187
T E 0 2 125 140 63 -62
E D -1 0 140 124 234 94
D Space -2 -1 124 109 156 32
Space C 1 1 109 109 296 187
C R 2 -1 109 110 296 187
R Y 0 -2 110 63 312 202
Y I 0 -2 63 78 266 203
I N -2 2 78 78 187 109
N G 1 1 78 109 125 47
G Space -2 1 109 94 124 15
Space B 1 -1 94 62 1030 936
B E 2 2 62 109 109 47
E C -2 0 109 172 265 156
C A 1 2 172 140 141 -31
A U 1 -6 140 78 187 47
U S -1 5 78 94 109 31
S E 1 -1 94 125 203 109
E Space -3 -1 125 94 109 -16
Space I 3 -4 94 94 203 109
I T 0 3 94 94 187 93
T Space -3 1 94 94 109 15
Space T 3 -1 94 94 203 109
T U 0 -2 94 78 109 15
U R 0 3 78 172 172 94
R N -2 -2 172 94 312 140
N E 2 3 94 94 187 93
E D -1 0 94 125 203 109
D Space -2 -1 125 110 140 15
Space O 3 -5 110 78 219 109
O U 0 2 78 78 203 125
U T 0 2 78 94 140 62
T Space -3 1 94 93 94 0
Space T 3 -1 93 125 327 234
T O 0 -4 125 78 63 -62
O Space -3 5 78 94 171 93
Space B 1 -1 94 78 265 171
B E 2 2 78 109 94 16
E Space -3 -1 109 94 156 47
Space A 2 3 94 125 281 187
A Space -2 -3 125 109 203 78
Space V 1 0 109 141 249 140
V E 2 1 141 141 78 -63
E R 0 -1 141 156 203 62
R Y 0 -2 156 78 234 78
Y Space -3 2 78 93 203 125
Space R 3 0 93 172 421 328
R A -1 3 172 141 140 -32
A R 1 -3 141 187 250 109
R E 0 1 187 125 109 -78
E Space -3 -1 125 109 156 31
Space F 2 0 109 109 203 94
F O 1 -5 109 94 78 -31
O R 0 5 94 141 140 46
R Space -3 0 141 109 94 -47
Space O 3 -5 109 78 234 125
O F -1 5 78 109 156 78
F Space -2 0 109 109 94 -15
Space P 3 -6 109 62 889 780
P A -1 9 62 124 125 63
A N -1 -5 124 63 124 0
N C 0 3 63 110 156 93
C R 2 -1 110 156 281 171
R E 0 1 156 125 109 -47
E A -1 2 125 109 266 141
A T 1 -4 109 156 280 171
T I 0 -3 156 93 344 188
I Back 1 -5 93 1139 452 359
Back Back 0 0 1139 62 1264 125
Back Back 0 0 62 62 187 125
Back Back 0 0 62 78 171 109
Back Back 0 0 78 78 188 110
Back Back 0 0 78 78 218 140
Back F -2 9 78 94 2324 2246
F O 1 -5 94 78 63 -31
O R 0 5 78 125 171 93
R M -2 -3 125 78 110 -15
M Space -1 3 78 93 187 109
Space O 3 -5 93 78 203 110
O F -1 5 78 124 156 78
F Space -2 0 124 109 93 -31
Space P 3 -6 109 78 406 297
P A -1 9 78 125 109 31
A N -1 -5 125 62 125 0
N C 0 3 62 141 140 78
C R 2 -1 141 156 312 171
R E 0 1 156 109 94 -62
E A -1 2 109 125 218 109
A T 1 -4 125 124 297 172
T I 0 -3 124 94 93 -31
I Space -3 4 94 94 359 265
Space Back 4 -9 94 78 437 343
Back C -3 10 78 125 109 31
C Space -1 -1 125 109 187 62
Space C 1 1 109 172 343 234
C A 1 2 172 156 94 -78
A N -1 -5 156 78 109 -47
N C 0 3 78 172 265 187
C E 2 0 172 156 141 -31
E R 0 -1 156 156 203 47
R Space -3 0 156 94 530 374
Space T 3 -1 94 110 140 46
T H -1 -1 110 78 125 15
H A 0 5 78 156 78 0
A T 1 -4 156 125 125 -31
T Space -3 1 125 125 78 -47
Space I 3 -4 125 78 343 218
I S -1 6 78 109 141 63
S Space -2 -2 109 93 78 -31
Space C 1 1 93 125 218 125
C U 2 -4 125 94 109 -16
U R 0 3 94 187 234 140
R E 0 1 187 125 125 -62
E Back 1 -10 125 78 328 203
Back A -2 12 78 125 124 46
A B -1 -4 125 109 281 156
B L 1 -4 109 63 109 0
L E 1 6 63 125 125 62
E Space -3 -1 125 109 94 -31
Space W 3 2 109 125 265 156
W I 0 -6 125 78 94 -31
I T 0 3 78 94 171 93
T H -1 -1 94 78 78 -16
H Space -2 2 78 109 156 78
Space S 2 2 109 125 577 468
S U 1 -5 125 94 94 -31
U R 0 3 94 125 218 124
R G -1 -1 125 140 297 172
G E 1 2 140 140 78 -62
E R 0 -1 140 125 218 78
R Y 0 -2 125 93 328 203
Y OemPeriod -2 -3 93 94 109 16
OemPeriod Space -1 5 94 141 577 483
Space LShiftKey 1 4 141 296 531 390
LShiftKey I 2 -8 296 63 249 -47
I Space -3 4 63 109 156 93
Space H 2 -2 109 62 250 141
H A 0 5 62 141 93 31
A D 0 -2 141 124 266 125
D Space -2 -1 124 125 171 47
Space T 3 -1 125 78 671 546
T H -1 -1 78 63 62 -16
H E 1 3 63 93 141 78
E Space -3 -1 93 109 62 -31
Space S 2 2 109 124 219 110
S U 1 -5 124 63 124 0
U R 0 3 63 110 156 93
R G -1 -1 110 140 297 187
G E 1 2 140 125 78 -62
E R 0 -1 125 156 234 109
R Y 0 -2 156 63 249 93
Y Space -3 2 63 125 687 624
Space A 2 3 125 140 265 140
A N -1 -5 140 93 94 -46
N D 1 3 93 140 140 47
D Space -2 -1 140 109 94 -46
Space LShiftKey 1 4 109 218 156 47
LShiftKey I 2 -8 218 78 93 -125
I Oem7 -1 -3 78 78 250 172
Oem7 M -1 4 78 78 203 125
M Space -1 3 78 94 171 93
Space F 2 0 94 125 250 156
F I 1 -4 125 78 78 -47
I N -2 2 78 46 203 125
N E 2 3 46 109 93 47
E Space -3 -1 109 93 94 -15
Space N 1 -2 93 62 312 219
N O 2 -3 62 62 187 125
O W 0 7 62 78 234 172
W OemPeriod -2 -7 78 93 125 47
OemPeriod Return 1 -3 93 78 1045 952
Return LShiftKey -1 12 78 328 4477 4399
LShiftKey T 2 -5 328 109 250 -78
T H -1 -1 109 78 109 0
H I 1 -2 78 78 140 62
I S -1 6 78 110 156 78
S Space -2 -2 110 94 94 -16
Space W 3 2 94 203 780 686
W A -1 1 203 140 125 -78
A S 0 -1 140 125 218 78
S Space -2 -2 125 94 109 -16
Space T 3 -1 94 94 172 78
T H -1 -1 94 62 94 0
H E 1 3 62 125 109 47
E Space -3 -1 125 109 78 -47
Space C 1 1 109 141 249 140
C L 1 -6 141 47 125 -16
L O 1 0 47 78 156 109
O S -1 7 78 94 109 31
S E 1 -1 94 94 172 78
E S -1 1 94 125 203 109
S Space -2 -2 125 125 171 46
Space Back 4 -9 125 94 468 343
Back T -1 8 94 109 172 78
T Space -3 1 109 94 156 47
Space LShiftKey 1 4 94 202 250 156
LShiftKey I 2 -8 202 62 109 -93
I Oem7 -1 -3 62 109 312 250
Oem7 V -1 7 109 156 187 78
V E 2 1 156 140 94 -62
E Space -3 -1 140 125 93 -47
Space B 1 -1 125 31 593 468
B E 2 2 31 109 78 47
E E 0 0 109 140 312 203
E N -2 -3 140 94 265 125
N Space -1 2 94 125 515 421
Space T 3 -1 125 140 390 265
T O 0 -4 140 93 203 63
O Space -3 5 93 125 249 156
Space F 2 0 125 156 406 281
F A 0 3 156 125 109 -47
A C -1 -2 125 124 297 172
C I 2 -5 124 62 140 16
I N -2 2 62 78 203 141
N G 1 1 78 78 125 47
G Space -2 1 78 109 93 15
Space D 2 1 109 156 453 344
D E 1 0 156 109 109 -47
E A -1 2 109 125 218 109
A T 1 -4 125 125 156 31
T H -1 -1 125 93 94 -31
H OemPeriod -1 -3 93 78 281 188
OemPeriod Space -1 5 78 140 265 187
Space Back 4 -9 140 93 546 406
Back Back 0 0 93 109 187 94
Back Oemcomma -3 5 109 63 764 655
Oemcomma Space -1 4 63 109 188 125
Space A 2 3 109 124 156 47
A N -1 -5 124 109 187 63
N D 1 3 109 94 187 78
D Space -2 -1 94 140 125 31
Space LShiftKey 1 4 140 187 343 203
LShiftKey I 2 -8 187 78 94 -93
I Space -3 4 78 109 156 78
Space H 2 -2 109 172 249 140
H O 1 -3 172 109 141 -31
O P 0 -1 109 78 265 156
P E 0 7 78 109 156 78
E Space -3 -1 109 125 109 0
Space T 3 -1 125 93 983 858
T Back 1 -8 93 93 312 219
Back I -1 5 93 78 249 156
I T 0 3 78 94 156 78
T Oem7 -1 -6 94 109 203 109
Oem7 S 0 9 109 78 203 94
S Space -2 -2 78 125 109 31
Space T 3 -1 125 78 375 250
T H -1 -1 78 109 31 -47
H E 1 3 109 110 171 62
E Space -3 -1 110 110 78 -32
Space C 1 1 110 140 250 140
C L 1 -6 140 63 109 -31
L O 1 0 63 94 156 93
O S -1 7 94 94 125 31
S E 1 -1 94 93 203 109
E S -1 1 93 124 203 110
S T 1 -3 124 109 452 328
T Space -3 1 109 125 125 16
Space LShiftKey 1 4 125 187 218 93
LShiftKey I 2 -8 187 78 94 -93
I Space -3 4 78 94 218 140
Space G 2 -1 94 156 141 47
G E 1 2 156 156 78 -78
E T 0 -2 156 125 218 62
T Space -3 1 125 125 109 -16
Space F 2 0 125 109 234 109
F O 1 -5 109 78 78 -31
O R 0 5 78 124 141 63
R Space -3 0 124 109 109 -15
Space A 2 3 109 141 171 62
A Space -2 -3 141 93 141 0
Space F 2 0 93 187 374 281
F E 1 1 187 109 94 -93
E W 0 1 109 109 234 125
W Space -3 -2 109 125 93 -16
Space M 1 -3 125 78 234 109
M O 2 -2 78 78 188 110
O R 0 5 78 156 156 78
R E 0 1 156 140 78 -78
E Space -3 -1 140 125 109 -31
Space D 2 1 125 140 312 187
D E 1 0 140 125 78 -62
E C -2 0 125 140 234 109
C A 1 2 140 125 93 -47
A D 0 -2 125 187 578 453
D E 1 0 187 140 109 -78
E S -1 1 140 109 265 125
S OemPeriod -1 -7 109 94 312 203
OemPeriod Space -1 5 94 125 265 171
Space LShiftKey 1 4 125 500 889 764
LShiftKey H 1 -6 500 63 437 -63
H A 0 5 63 94 156 93
A V -1 -3 94 109 234 140
V I 2 -4 109 62 125 16
I N -2 2 62 78 187 125
N G 1 1 78 93 141 63
G Space -2 1 93 94 62 -31
Space L 2 -5 94 78 234 140
L I 1 1 78 63 187 109
I V -2 4 63 156 94 31
V E 2 1 156 140 78 -78
E D -1 0 140 140 234 94
D Space -2 -1 140 125 218 78
Space T 3 -1 125 94 671 546
T H -1 -1 94 93 47 -47
H R 1 2 93 109 390 297
R O 0 -5 109 63 920 811
O U 0 2 63 63 265 202
U G -1 2 63 94 125 62
G H 0 -1 94 78 78 -16
H Space -2 2 78 94 187 109
Space I 3 -4 94 62 219 125
I T 0 3 62 109 156 94
T Oemcomma -2 -3 109 63 561 452
Oemcomma Space -1 4 63 109 203 140
Space LShiftKey 1 4 109 234 250 141
LShiftKey I 2 -8 234 78 140 -94
I Space -3 4 78 109 203 125
Space C 1 1 109 140 172 63
C A 1 2 140 140 109 -31
A N -1 -5 140 78 281 141
N Space -1 2 78 124 1170 1092
Space N 1 -2 124 62 312 188
N O 2 -3 62 78 171 109
O W 0 7 78 140 172 94
W Space -3 -2 140 124 203 63
Space S 2 2 124 172 1294 1170
S A 0 1 172 124 110 -62
A Y 1 -5 124 62 187 63
Y Space -3 2 62 94 171 109
Space T 3 -1 94 109 172 78
T H -1 -1 109 156 94 -15
H I 1 -2 156 125 93 -63
I S -1 6 125 109 219 94
S Space -2 -2 109 125 124 15
Space Y 3 -2 125 94 515 390
Y O 0 -3 94 78 78 -16
O Space -3 5 78 110 187 109
Space Back 4 -9 110 78 780 670
Back Back 0 0 78 94 172 94
Back Back 0 0 94 109 203 109
Back T -1 8 109 109 608 499
T O 0 -4 109 62 63 -46
O Space -3 5 62 109 171 109
Space Y 3 -2 109 78 156 47
Y O 0 -3 78 93 63 -15
O U 0 2 93 62 234 141
U Space -3 3 62 125 1076 1014
Space W 3 2 125 110 296 171
W I 0 -6 110 109 63 -47
I T 0 3 109 125 171 62
T H -1 -1 125 93 110 -15
H Space -2 2 93 109 187 94
Space A 2 3 109 125 156 47
A Space -2 -3 125 125 156 31
Space B 1 -1 125 109 702 577
B I 2 -3 109 78 140 31
I T 0 3 78 125 172 94
T Space -3 1 125 93 125 0
Space M 1 -3 93 78 202 109
M O 2 -2 78 94 172 94
O R 0 5 94 187 125 31
R E 0 1 187 156 125 -62
E Space -3 -1 156 140 218 62
Space C 1 1 140 140 468 328
C E 2 0 140 125 281 141
E R 0 -1 125 110 249 124
R T 0 -1 110 140 266 156
T A -1 4 140 109 109 -31
A I 1 -7 109 78 93 -16
I N -2 2 78 78 188 110
N L 1 -3 78 93 187 109
L Y 1 3 93 156 171 78
Y U 0 -1 156 109 328 172
U Back 1 -6 109 93 484 375
Back Back 0 0 93 94 171 78
Back Back 0 0 94 109 172 78
Back T -1 8 109 78 795 686
T Y 0 -1 78 78 203 125
Y Space -3 2 78 109 983 905
Space T 3 -1 109 125 218 109
T H -1 -1 125 78 141 16
H A 0 5 78 124 125 47
A N -1 -5 124 78 93 -31
N Space -1 2 78 141 1638 1560
Space W 3 2 141 109 297 156
W H -1 -4 109 78 140 31
H E 1 3 78 125 125 47
E N -2 -3 125 78 109 -16
N Space -1 2 78 125 203 125
Space D 2 1 125 172 265 140
D E 1 0 172 125 78 -94
E A -1 2 125 140 234 109
A T 1 -4 140 110 218 78
T H -1 -1 110 94 125 15
H Space -2 2 94 125 234 140
Space W 3 2 125 171 796 671
W A -1 1 171 140 78 -93
A S 0 -1 140 125 234 94
S Space -2 -2 125 140 109 -16
Space A 2 3 140 125 905 765
A Space -2 -3 125 124 484 359
Space U 3 -3 124 78 499 375
U S -1 5 78 94 93 15
S E 1 -1 94 124 188 94
E F -1 -1 124 94 436 312
F U 1 -3 94 62 94 0
U L -1 -2 62 78 250 188
L Space -2 5 78 109 234 156
Space B 1 -1 109 125 951 842
B U 2 -2 125 93 94 -31
U T 0 2 93 125 249 156
T Space -3 1 125 109 172 47
Space P 3 -6 109 94 296 187
P I 0 2 94 78 250 156
I R 0 4 78 156 156 78
R E 0 1 156 140 94 -62
E Back 1 -10 140 94 374 234
Back Back 0 0 94 78 172 78
Back Back 0 0 78 78 156 78
Back U -1 6 78 63 639 561
U R 0 3 63 172 156 93
R E 0 1 172 156 94 -78
E L -1 -6 156 47 249 93
L Y 1 3 47 109 250 203
Y Space -3 2 109 156 1186 1077
Space I 3 -4 156 78 358 202
I N -2 2 78 78 203 125
N T 2 1 78 156 328 250
T E 0 2 156 156 93 -63
E L -1 -6 156 46 188 32
L L 0 0 46 78 156 110
L E 1 6 78 109 171 93
E C -2 0 109 109 219 110
C T 2 -2 109 109 265 156
T U 0 -2 109 94 327 218
U A -1 6 94 125 390 296
A L 0 -8 125 78 94 -31
L Space -2 5 78 109 203 125
Space C 1 1 109 125 265 156
C O 2 -6 125 78 62 -63
O N -2 3 78 62 188 110
N C 0 3 62 187 171 109
C E 2 0 187 172 109 -78
E P 0 -7 172 94 125 -47
P T 0 5 94 109 219 125
T RShiftKey -2 -6 109 749 343 234
RShiftKey Oem1 1 1 749 109 608 -141
Oem1 Return 0 -2 109 78 1295 1186
Return LShiftKey -1 12 78 656 374 296
LShiftKey N 0 -6 656 78 593 -63
N O 2 -3 78 94 156 78
O Space -3 5 94 109 1248 1154
Space O 3 -5 109 93 141 32
O N -2 3 93 94 171 78
N E 2 3 94 109 141 47
E Space -3 -1 109 46 156 47
Space W 3 2 46 172 436 390
W A -1 1 172 140 94 -78
A N -1 -5 140 78 94 -46
N T 2 1 78 93 234 156
T S -1 3 93 109 218 125
S Space -2 -2 109 140 125 16
Space T 3 -1 140 94 218 78
T O 0 -4 94 78 63 -31
O Space -3 5 78 109 156 78
Space D 2 1 109 110 514 405
D I 1 -5 110 78 78 -32
I E 0 5 78 94 156 78
E OemPeriod -2 -6 94 78 1233 1139
OemPeriod Space -1 5 78 141 405 327
Space LShiftKey 1 4 141 390 1046 905
LShiftKey E 2 -3 390 125 296 -94
E V -2 -1 125 156 234 109
V E 2 1 156 140 78 -78
E N -2 -3 140 78 125 -15
N Space -1 2 78 78 171 93
Space P 3 -6 78 94 250 172
P E 0 7 94 125 156 62
E O 0 -6 125 47 140 15
O P 0 -1 47 47 172 125
P L -1 1 47 63 187 140
L E 1 6 63 124 141 78
E Space -3 -1 124 109 140 16
Space W 3 2 109 171 718 609
W H -1 -4 171 140 265 94
H J 0 -1 140 94 15 -125
J O 1 -2 94 94 94 0
O Back 1 -4 94 62 546 452
Back Back 0 0 62 78 140 78
Back O -1 4 78 78 749 671
O Space -3 5 78 109 172 94
Space W 3 2 109 187 125 16
W A -1 1 187 141 93 -94
A N -1 -5 141 94 156 15
N T 2 1 94 125 234 140
T Space -3 1 125 124 141 16
Space T 3 -1 124 109 343 219
T O 0 -4 109 94 31 -78
O Space -3 5 94 125 187 93
Space G 2 -1 125 93 328 203
G O 1 -4 93 93 47 -46
O Space -3 5 93 125 202 109
Space T 3 -1 125 109 188 63
T O 0 -4 109 109 93 -16
O Space -3 5 109 124 141 32
Space H 2 -2 124 62 296 172
H E 1 3 62 110 62 0
E A -1 2 110 125 203 93
A V -1 -3 125 187 234 109
V E 2 1 187 156 109 -78
E N -2 -3 156 124 110 -46
N Space -1 2 124 125 202 78
Space D 2 1 125 109 328 203
D O 1 -6 109 63 62 -47
O N -2 3 63 62 188 125
N Oem7 1 -5 62 94 171 109
Oem7 T 1 6 94 109 156 62
T Space -3 1 109 109 94 -15
Space W 3 2 109 187 187 78
W A -1 1 187 172 109 -78
A N -1 -5 172 94 109 -63
N T 2 1 94 124 188 94
T Space -3 1 124 124 78 -46
Space T 3 -1 124 125 249 125
T O 0 -4 125 94 546 421
O Space -3 5 94 125 156 62
Space D 2 1 125 110 265 140
D I 1 -5 110 94 94 -16
I E 0 5 94 125 140 46
E Space -3 -1 125 156 734 609
Space T 3 -1 156 110 358 202
T O 0 -4 110 78 47 -63
O Space -3 5 78 125 172 94
Space G 2 -1 125 140 125 0
G E 1 2 140 124 78 -62
E T 0 -2 124 109 187 63
T Space -3 1 109 141 62 -47
Space T 3 -1 141 125 328 187
T H -1 -1 125 110 93 -32
H E 1 3 110 109 141 31
E R 0 -1 109 172 140 31
R E 0 1 172 140 94 -78
E OemPeriod -2 -6 140 141 171 31
OemPeriod Space -1 5 141 125 359 218
Space LShiftKey 1 4 125 577 219 94
LShiftKey A 1 -1 577 156 436 -141
A N -1 -5 156 62 219 63
N D 1 3 62 140 125 63
D Space -2 -1 140 141 436 296
Space Y 3 -2 141 63 359 218
Y E 0 3 63 156 78 15
E T 0 -2 156 125 312 156
T Space -3 1 125 94 421 296
Space D 2 1 94 265 266 172
D E 1 0 265 94 998 733
E A -1 2 94 125 203 109
A T 1 -4 125 109 187 62
T H -1 -1 109 78 94 -15
H Space -2 2 78 140 187 109
Space I 3 -4 140 78 686 546
I S -1 6 78 125 94 16
S Space -2 -2 125 125 93 -32
Space T 3 -1 125 78 203 78
T H -1 -1 78 78 94 16
H E 1 3 78 109 109 31
E Space -3 -1 109 109 94 -15
Space D 2 1 109 156 187 78
D E 1 0 156 109 78 -78
E S -1 1 109 109 218 109
S T 1 -3 109 94 234 125
T I 0 -3 94 78 78 -16
I N -2 2 78 63 234 156
N A 1 5 63 110 109 46
A T 1 -4 110 124 266 156
T I 0 -3 124 78 109 -15
I O 0 -1 78 78 187 109
O N -2 3 78 62 203 125
N Space -1 2 62 171 156 94
Space W 3 2 171 124 359 188
W E 0 -1 124 109 249 125
E Space -3 -1 109 125 187 78
Space A 2 3 125 125 219 94
A L 0 -8 125 63 62 -63
L L 0 0 63 109 141 78
L Space -2 5 109 125 187 78
Space A 2 3 125 156 187 62
A H 0 -5 156 78 187 31
H S 0 4 78 109 141 63
S R 1 -2 109 140 234 125
R E 0 1 140 140 62 -78
E OemPeriod -2 -6 140 109 125 -15
OemPeriod Space -1 5 109 124 281 172
Space Back 4 -9 124 592 546 422
Back Back 0 0 592 78 686 94
Back Back 0 0 78 94 156 78
Back Back 0 0 94 62 172 78
Back S -2 11 62 94 608 546
S H 0 -4 94 78 140 46
H A 0 5 78 109 94 16
A R 1 -3 109 93 203 94
R E 0 1 93 109 47 -46
E OemPeriod -2 -6 109 140 187 78
OemPeriod Space -1 5 140 110 405 265
Space LShiftKey 1 4 110 250 312 202
LShiftKey N 0 -6 250 78 156 -94
N O 2 -3 78 78 188 110
O Space -3 5 78 109 842 764
Space O 3 -5 109 78 156 47
O N -2 3 78 78 187 109
N E 2 3 78 109 141 63
E Space -3 -1 109 109 2215 2106
Space H 2 -2 109 62 281 172
H A 0 5 62 124 78 16
A S 0 -1 124 125 202 78
S Space -2 -2 125 93 110 -15
Space E 3 1 93 109 327 234
E V -2 -1 109 141 187 78
V E 2 1 141 141 78 -63
E R 0 -1 141 125 203 62
R Space -3 0 125 141 109 -16
Space E 3 1 141 93 375 234
E S -1 1 93 125 218 125
S C -1 -1 125 188 265 140
C A 1 2 188 156 125 -63
A P 1 -9 156 94 187 31
P E 0 7 94 109 125 31
E D -1 0 109 125 187 78
D Space -2 -1 125 125 78 -47
Space I 3 -4 125 93 219 94
I T 0 3 93 93 156 63
T OemPeriod -2 -4 93 78 140 47
OemPeriod Space -1 5 78 156 219 141
Space LShiftKey 1 4 156 344 436 280
LShiftKey A 1 -1 344 125 234 -110
A N -1 -5 125 78 110 -15
N D 1 3 78 140 156 78
D Space -2 -1 140 93 109 -31
Space T 3 -1 93 109 390 297
T H -1 -1 109 109 78 -31
H A 0 5 109 156 125 16
A T 1 -4 156 125 124 -32
T Space -3 1 125 94 94 -31
Space I 3 -4 94 93 172 78
I S -1 6 93 109 156 63
S Space -2 -2 109 140 78 -31
Space A 2 3 140 125 202 62
A S 0 -1 125 141 203 78
S Space -2 -2 141 125 125 -16
Space I 3 -4 125 109 203 78
I T 0 3 109 125 171 62
T N -2 -1 125 110 234 109
N Back 3 -7 110 94 515 405
Back Space -4 9 94 125 172 78
Space S 2 2 125 78 702 577
S H 0 -4 78 141 93 15
H O 1 -3 141 78 94 -47
O U 0 2 78 63 140 62
U L -1 -2 63 62 219 156
L D 0 6 62 109 140 78
D Space -2 -1 109 125 94 -15
Space B 1 -1 125 63 1076 951
B E 2 2 63 156 109 46
E Oemcomma -2 -5 156 63 468 312
Oemcomma Space -1 4 63 156 266 203
Space B 1 -1 156 78 1107 951
B E 2 2 78 124 63 -15
E C -2 0 124 141 249 125
C A 1 2 141 171 94 -47
A U 1 -6 171 78 171 0
U S -1 5 78 93 141 63
S E 1 -1 93 109 203 110
E Space -3 -1 109 109 1965 1856
Space LShiftKey 1 4 109 281 187 78
LShiftKey D 1 -3 281 140 172 -109
D E 1 0 140 109 203 63
E A -1 2 109 141 218 109
A T 1 -4 141 78 484 343
T Back 1 -8 78 94 405 327
Back T -1 8 94 109 734 640
T H -1 -1 109 78 156 47
H Space -2 2 78 125 187 109
Space I 3 -4 125 109 530 405
I S -1 6 109 109 250 141
S Space -2 -2 109 109 125 16
Space V 1 0 109 156 187 78
V E 2 1 156 125 93 -63
E R 0 -1 125 141 203 78
R Y 0 -2 141 62 141 0
Y Space -3 2 62 124 234 172
Space L 2 -5 124 62 468 344
L I 1 1 62 62 187 125
I K -1 0 62 62 187 125
K L 0 -1 62 78 203 141
L E 1 6 78 141 140 62
E Y 0 -3 141 62 359 218
Y Space -3 2 62 156 889 827
Space T 3 -1 156 125 468 312
T H -1 -1 125 94 78 -47
H E 1 3 94 109 156 62
E Space -3 -1 109 141 78 -31
Space S 2 2 141 125 312 171
S I 1 -6 125 78 63 -62
I N -2 2 78 63 202 124
N G 1 1 63 94 125 62
G L 0 -4 94 78 156 62
L E 1 6 78 125 125 47
E Space -3 -1 125 125 109 -16
Space B 1 -1 125 94 312 187
B E 2 2 94 78 109 15
E S -1 1 78 109 188 110
S T 1 -3 109 125 171 62
T Space -3 1 125 109 156 31
Space I 3 -4 109 93 297 188
I N -2 2 93 78 202 109
N V 0 2 78 171 344 266
V E 2 1 171 172 93 -78
E N -2 -3 172 93 94 -78
N T 2 1 93 93 468 375
T I 0 -3 93 78 78 -15
I O 0 -1 78 62 203 125
O N -2 3 62 63 202 140
N Space -1 2 63 141 671 608
Space I 3 -4 141 62 359 218
I Back 1 -5 62 109 390 328
Back O -1 4 109 78 234 125
O F -1 5 78 125 125 47
F Space -2 0 125 125 93 -32
Space LShiftKey 1 4 125 406 328 203
LShiftKey L 1 -9 406 78 281 -125
L I 1 1 78 63 639 561
I F -1 4 63 156 188 125
F E 1 1 156 171 78 -78
E OemPeriod -2 -6 171 78 390 219
OemPeriod Left -1 -2 78 1201 811 733
Left Left 0 0 1201 78 2480 1279
Left Left 0 0 78 63 187 109
Left Left 0 0 63 62 188 125
Left Left 0 0 62 63 171 109
Left Left 0 0 63 78 172 109
Left Left 0 0 78 78 156 78
Left Left 0 0 78 78 171 93
Left Left 0 0 78 78 172 94
Left Left 0 0 78 62 172 94
Left Left 0 0 62 78 156 94
Left Left 0 0 78 63 171 93
Left Left 0 0 63 78 156 93
Left Left 0 0 78 78 172 94
Left Left 0 0 78 93 156 78
Left Back 4 -2 93 78 1154 1061
Back Back 0 0 78 62 172 94
Back Back 0 0 62 78 156 94
Back E -1 10 78 94 1029 951
E L -1 -6 94 62 141 47
L Y 1 3 62 78 265 203
Y Right -3 -7 78 1701 499 421
Right Right 0 0 1701 47 2184 483
Right Space 0 9 47 109 2340 2293
Space LShiftKey 1 4 109 2137 1139 1030
LShiftKey I 2 -8 2137 78 2075 -62
I T 0 3 78 124 203 125
T Space -3 1 124 141 93 -31
Space I 3 -4 141 78 265 124
I S -1 6 78 109 141 63
S Space -2 -2 109 125 93 -16
Space LShiftKey 1 4 125 327 687 562
LShiftKey L 1 -9 327 78 218 -109
L I 1 1 78 78 328 250
I F -1 4 78 187 156 78
F E 1 1 187 156 109 -78
E Oem7 -1 -8 156 78 390 234
Oem7 S 0 9 78 110 296 218
S Space -2 -2 110 125 375 265
Space C 1 1 125 109 2636 2511
C H 1 -3 109 78 78 -31
H A 0 5 78 140 125 47
A N -1 -5 140 78 140 0
N G 1 1 78 172 125 47
G E 1 2 172 125 94 -78
E Space -3 -1 125 125 93 -32
Space A 2 3 125 110 390 265
A G 0 -4 110 140 266 156
G E 1 2 140 140 62 -78
E N -2 -3 140 63 187 47
N T 2 1 63 125 125 62
T OemPeriod -2 -4 125 78 156 31
OemPeriod Space -1 5 78 125 764 686
Space LShiftKey 1 4 125 453 312 187
LShiftKey I 2 -8 453 62 375 -78
I Space -3 4 62 94 187 125
Space T 3 -1 94 110 140 46
T Back 1 -8 110 78 406 296
Back Back 0 0 78 78 156 78
Back T -1 8 78 109 172 94
T Space -3 1 109 109 187 78
Space C 1 1 109 125 327 218
C L 1 -6 125 63 125 0
L E 1 6 63 78 141 78
E A -1 2 78 125 218 140
A R 1 -3 125 94 187 62
R S -1 2 94 109 219 125
S Space -2 -2 109 125 202 93
Space O 3 -5 125 63 234 109
O U 0 2 63 78 203 140
U T 0 2 78 94 156 78
T Space -3 1 94 125 78 -16
Space T 3 -1 125 110 156 31
T H -1 -1 110 78 94 -16
H E 1 3 78 125 125 47
E Space -3 -1 125 110 93 -32
Space O 3 -5 110 78 219 109
O L -1 0 78 78 203 125
L D 0 6 78 125 124 46
D Space -2 -1 125 125 125 0
Space T 3 -1 125 109 359 234
T O 0 -4 109 93 47 -62
O Space -3 5 93 109 156 63
Space M 1 -3 109 78 218 109
M A 1 6 78 125 94 16
A K 0 -7 125 78 140 15
K E 1 5 78 124 141 63
E Space -3 -1 124 141 93 -31
Space W 3 2 141 203 234 93
W A -1 1 203 141 109 -94
A Y 1 -5 141 62 266 125
Y Space -3 2 62 94 171 109
Space F 2 0 94 125 265 171
F O 1 -5 125 94 94 -31
O R 0 5 94 94 156 62
R Space -3 0 94 110 62 -32
Space T 3 -1 110 93 188 78
T H -1 -1 93 62 109 16
H E 1 3 62 109 109 47
E Space -3 -1 109 93 94 -15
Space N 1 -2 93 78 187 94
N E 2 3 78 78 125 47
E W 0 1 78 125 187 109
W OemPeriod -2 -7 125 109 125 0
OemPeriod Space -1 5 109 110 280 171
Space LShiftKey 1 4 110 905 624 514
LShiftKey R 2 -4 905 109 827 -78
R I 0 -4 109 62 94 -15
I G -1 3 62 94 171 109
G H 0 -1 94 78 94 0
H T 1 1 78 110 140 62
T Space -3 1 110 78 94 -16
Space N 1 -2 78 78 203 125
N O 2 -3 78 94 187 109
O W 0 7 94 125 203 109
W Space -3 -2 125 156 1217 1092
Space T 3 -1 156 109 343 187
T H -1 -1 109 78 125 16
H E 1 3 78 94 140 62
E Space -3 -1 94 110 62 -32
Space N 1 -2 110 78 281 171
N E 2 3 78 78 109 31
E W 0 1 78 124 188 110
W Space -3 -2 124 93 109 -15
Space I 3 -4 93 78 265 172
I S -1 6 78 109 125 47
S Space -2 -2 109 93 125 16
Space Y 3 -2 93 78 530 437
Y O 0 -3 78 78 62 -16
O U 0 2 78 62 219 141
U Oemcomma -2 -1 62 94 296 234
Oemcomma Space -1 4 94 140 297 203
Space B 1 -1 140 125 982 842
B U 2 -2 125 93 110 -15
U T 0 2 93 94 140 47
T Space -3 1 94 109 78 -16
Space S 2 2 109 93 281 172
S O 1 -7 93 47 78 -15
O M -2 2 47 94 187 140
M E 2 4 94 109 125 31
E D -1 0 109 203 296 187
D A 0 2 203 141 390 187
A Y 1 -5 141 78 156 15
Y Space -3 2 78 171 562 484
Space N 1 -2 171 78 1981 1810
N O 2 -3 78 94 187 109
O T 0 4 94 63 156 62
T Space -3 1 63 109 94 31
Space T 3 -1 109 109 187 78
T O 0 -4 109 62 94 -15
O O 0 0 62 124 156 94
O Space -3 5 124 93 343 219
Space L 2 -5 93 47 218 125
L O 1 0 47 63 156 109
O N -2 3 63 62 203 140
N G 1 1 62 94 140 78
G Space -2 1 94 94 94 0
Space G 2 -1 94 141 265 171
G R 1 1 141 109 359 218
R Back 1 -9 109 78 343 234
Back Back 0 0 78 78 172 94
Back F -2 9 78 94 296 218
F R 1 0 94 93 406 312
R O 0 -5 93 63 93 0
O M -2 2 63 62 188 125
M Space -1 3 62 109 187 125
Space N 1 -2 109 78 203 94
N O 2 -3 78 78 202 124
O W 0 7 78 109 188 110
W Oemcomma -2 -6 109 78 577 468
Oemcomma Space -1 4 78 125 171 93
Space Y 3 -2 125 78 453 328
Y O 0 -3 78 78 47 -31
O U 0 2 78 47 218 140
U L -1 -2 47 78 203 156
L Space -2 5 78 125 218 140
Space Back 4 -9 125 78 359 234
Back Back 0 0 78 94 156 78
Back Space -4 9 94 93 796 702
Space W 3 2 93 110 280 187
W I 0 -6 110 62 63 -47
I L -1 -1 62 62 203 141
L L 0 0 62 78 156 94
L Space -2 5 78 141 202 124
Space G 2 -1 141 93 453 312
G R 1 1 93 140 234 141
R A -1 3 140 140 109 -31
A D 0 -2 140 125 265 125
D U 1 -4 125 78 94 -31
U A -1 6 78 109 187 109
A L 0 -8 109 47 109 0
L L 0 0 47 109 141 94
L Y 1 3 109 109 218 109
Y Space -3 2 109 125 281 172
Space B 1 -1 125 78 421 296
B E 2 2 78 125 109 31
E C -2 0 125 125 281 156
C O 2 -6 125 78 78 -47
O M -2 2 78 78 203 125
M E 2 4 78 94 109 31
E Space -3 -1 94 125 109 15
Space T 3 -1 125 109 671 546
T H -1 -1 109 94 78 -31
H E 1 3 94 109 156 62
E Space -3 -1 109 125 62 -47
Space O 3 -5 125 93 219 94
O L -1 0 93 78 234 141
L D 0 6 78 124 359 281
D Space -2 -1 124 141 202 78
Space N 1 -2 141 110 390 249
N Back 3 -7 110 78 500 390
Back A -2 12 78 124 156 78
A N -1 -5 124 94 93 -31
N D 1 3 94 125 172 78
D Space -2 -1 125 125 140 15
Space B 1 -1 125 78 1092 967
B E 2 2 78 125 109 31
E Space -3 -1 125 93 110 -15
Space C 1 1 93 125 280 187
C L 1 -6 125 78 141 16
L E 1 6 78 94 140 62
E A -1 2 94 141 187 93
A R 1 -3 141 187 219 78
R E 0 1 187 141 140 -47
E D -1 0 141 109 234 93
D Space -2 -1 109 125 125 16
Space A 2 3 125 109 172 47
A A 0 0 109 94 280 171
A Back 2 -12 94 94 390 296
Back W -1 11 94 218 188 94
W A -1 1 218 172 124 -94
A Y 1 -5 172 63 515 343
Y OemPeriod -2 -3 63 62 640 577
OemPeriod Space -1 5 62 171 203 141
Space LShiftKey 1 4 171 250 358 187
LShiftKey S 1 -2 250 125 203 -47
S O 1 -7 125 63 109 -16
O R 0 5 63 78 156 93
R R 0 0 78 109 203 125
R Y 0 -2 109 78 219 110
Y Space -3 2 78 109 156 78
Space T 3 -1 109 109 218 109
T O 0 -4 109 94 109 0
O Space -3 5 94 156 141 47
Space B 1 -1 156 93 577 421
B E 2 2 93 125 109 16
E Space -3 -1 125 124 94 -31
Space S 2 2 124 109 343 219
S O 1 -7 109 78 78 -31
O Space -3 5 78 125 171 93
Space D 2 1 125 94 234 109
D R 1 -1 94 156 203 109
R A -1 3 156 125 125 -31
A M -1 -6 125 94 109 -16
M A 1 6 94 140 141 47
A T 1 -4 140 94 358 218
T I 0 -3 94 109 63 -31
I C -2 5 109 125 218 109
C Oemcomma 0 -5 125 109 250 125
Oemcomma Space -1 4 109 124 203 94
Space B 1 -1 124 172 280 156
B U 2 -2 172 125 125 -47
U T 0 2 125 109 219 94
T Space -3 1 109 140 78 -31
Space I 3 -4 140 94 280 140
I T 0 3 94 125 281 187
T Space -3 1 125 109 172 47
Space I 3 -4 109 78 203 94
I S -1 6 78 109 156 78
S Space -2 -2 109 125 93 -16
Space Q 3 3 125 140 484 359
Q U 0 -6 140 125 109 -31
U I 0 -1 125 93 406 281
I T 0 3 93 156 265 172
T E 0 2 156 156 78 -78
E Space -3 -1 156 156 281 125
Space T 3 -1 156 109 967 811
T R 0 1 109 94 296 187
R U 0 -3 94 78 78 -16
U E 0 4 78 109 141 63
E OemPeriod -2 -6 109 78 171 62
OemPeriod Return 1 -3 78 78 1326 1248
Return LShiftKey -1 12 78 468 499 421
LShiftKey Y 2 -6 468 94 390 -78
Y O 0 -3 94 62 94 0
O U 0 2 62 63 218 156
U R 0 3 63 109 141 78
R Space -3 0 109 125 140 31
Space T 3 -1 125 109 250 125
T I 0 -3 109 78 78 -31
I M -2 1 78 62 203 125
M E 2 4 62 109 109 47
E Space -3 -1 109 94 93 -16
Space I 3 -4 94 78 250 156
I S -1 6 78 125 140 62
S Space -2 -2 125 125 359 234
Space L 2 -5 125 78 359 234
L I 1 1 78 78 218 140
I M -2 1 78 125 203 125
M I 2 -1 125 125 94 -31
I T 0 3 125 140 265 140
T E 0 2 140 109 94 -46
E D -1 0 109 125 202 93
D Oemcomma -1 -5 125 93 219 94
Oemcomma Space -1 4 93 141 218 125
Space S 2 2 141 93 219 78
S O 1 -7 93 94 62 -31
O Space -3 5 94 109 187 93
Space D 2 1 109 110 187 78
D O 1 -6 110 63 78 -32
O N -2 3 63 62 172 109
N Oem7 1 -5 62 62 172 110
Oem7 T 1 6 62 94 140 78
T Space -3 1 94 140 78 -16
Space W 3 2 140 188 296 156
W A -1 1 188 125 94 -94
A S 0 -1 125 109 265 140
S T 1 -3 109 140 250 141
T E 0 2 140 125 109 -31
E Space -3 -1 125 109 484 359
Space I 3 -4 109 78 202 93
I T 0 3 78 109 125 47
T Space -3 1 109 125 78 -31
Space L 2 -5 125 63 234 109
L I 1 1 63 94 203 140
I V -2 4 94 125 234 140
V I 2 -4 125 94 78 -47
I N -2 2 94 109 203 109
N G 1 1 109 110 171 62
G Space -2 1 110 109 110 0
Space S 2 2 109 109 343 234
S O 1 -7 109 62 78 -31
O M -2 2 62 94 187 125
M E 2 4 94 93 125 31
E Space -3 -1 93 125 405 312
Space E 3 1 125 110 234 109
E L -1 -6 110 62 110 0
L S 0 7 62 78 140 78
S E 1 -1 78 125 187 109
E Oem7 -1 -8 125 94 265 140
Oem7 S 0 9 94 125 219 125
S Space -2 -2 125 140 203 78
Space L 2 -5 140 62 421 281
L I 1 1 62 62 187 125
I F -1 4 62 140 125 63
F E 1 1 140 141 62 -78
E OemPeriod -2 -6 141 93 172 31
OemPeriod Space -1 5 93 140 390 297
Space LShiftKey 1 4 140 265 203 63
LShiftKey D 1 -3 265 125 202 -63
D O 1 -6 125 63 78 -47
O N -2 3 63 63 156 93
N Oem7 1 -5 63 78 188 125
Oem7 T 1 6 78 109 109 31
T Space -3 1 109 110 93 -16
Space B 1 -1 110 62 297 187
B E 2 2 62 110 93 31
E Space -3 -1 110 140 172 62
Space R 3 0 140 140 359 219
R Back 1 -9 140 93 515 375
Back T -1 8 93 94 171 78
T R 0 1 94 141 187 93
R A -1 3 141 125 94 -47
A P 1 -9 125 62 172 47
P P 0 0 62 93 156 94
P E 0 7 93 109 140 47
E D -1 0 109 125 218 109
D Space -2 -1 125 125 172 47
Space B 1 -1 125 110 374 249
B Y 2 -1 110 78 281 171
Y Space -3 2 78 109 172 94
Space D 2 1 109 109 296 187
D O 1 -6 109 63 109 0
O G -1 4 63 94 172 109
G M -1 -2 94 63 218 124
M A 1 6 63 125 125 62
A Space -2 -3 125 110 733 608
Space OemMinus 4 -7 110 94 125 15
OemMinus Space -4 7 94 125 156 62
Space W 3 2 125 109 640 515
W H -1 -4 109 141 140 31
H I 1 -2 141 94 109 -32
I C -2 5 94 141 156 62
C H 1 -3 141 94 94 -47
H Space -2 2 94 93 203 109
Space I 3 -4 93 63 218 125
I S -1 6 63 93 141 78
S Space -2 -2 93 140 967 874
Space L 2 -5 140 78 655 515
L I 1 1 78 93 203 125
I V -2 4 93 141 218 125
V I 2 -4 141 94 109 -32
I N -2 2 94 94 203 109
N G 1 1 94 124 141 47
G Space -2 1 124 156 483 359
Space W 3 2 156 125 546 390
W I 0 -6 125 94 78 -47
I T 0 3 94 109 156 62
T H -1 -1 109 109 78 -31
H Space -2 2 109 141 187 78
Space T 3 -1 141 125 234 93
T H -1 -1 125 109 110 -15
H E 1 3 109 109 156 47
E Space -3 -1 109 125 93 -16
Space R 3 0 125 234 234 109
R E 0 1 234 171 172 -62
E S -1 1 171 125 390 219
S U 1 -5 125 78 93 -32
U L -1 -2 78 78 234 156
L T 1 4 78 125 156 78
T S -1 3 125 109 281 156
S Space -2 -2 109 156 468 359
Space O 3 -5 156 78 889 733
O F -1 5 78 125 141 63
F Space -2 0 125 125 93 -32
Space O 3 -5 125 78 624 499
O T 0 4 78 110 156 78
T H -1 -1 110 78 172 62
H E 1 3 78 156 109 31
E R 0 -1 156 141 109 -47
R Space -3 0 141 125 125 -16
Space P 3 -6 125 62 1030 905
P E 0 7 62 109 125 63
E O 0 -6 109 47 124 15
O P 0 -1 47 63 156 109
P L -1 1 63 78 203 140
L E 1 6 78 156 203 125
E Oem1 -1 -7 156 93 328 172
Oem1 Back 2 -3 93 93 1045 952
Back Oem7 -2 2 93 78 795 702
Oem7 S 0 9 78 124 110 32
S Space -2 -2 124 156 1388 1264
Space T 3 -1 156 93 515 359
T H -1 -1 93 94 109 16
H I 1 -2 94 94 62 -32
I N -2 2 94 62 188 94
N K 1 -2 62 62 187 125
K I 1 0 62 63 171 109
I N -2 2 63 62 172 109
N G 1 1 62 109 109 47
G OemPeriod -1 -4 109 78 749 640
OemPeriod Space -1 5 78 141 187 109
Space LShiftKey 1 4 141 234 219 78
LShiftKey D 1 -3 234 125 171 -63
D O 1 -6 125 63 78 -47
O N -2 3 63 62 172 109
N Oem7 1 -5 62 78 187 125
Oem7 T 1 6 78 109 125 47
T Space -3 1 109 125 109 0
Space L 2 -5 125 62 281 156
L E 1 6 62 124 125 63
E T 0 -2 124 125 202 78
T Space -3 1 125 141 593 468
Space T 3 -1 141 110 577 436
T H -1 -1 110 94 78 -32
H E 1 3 94 125 172 78
E Space -3 -1 125 110 62 -63
Space N 1 -2 110 62 250 140
N O 2 -3 62 93 172 110
O I 0 1 93 62 343 250
I S -1 6 62 94 93 31
S E 1 -1 94 140 188 94
E Space -3 -1 140 125 733 593
Space O 3 -5 125 78 218 93
O F -1 5 78 109 141 63
F Space -2 0 109 109 78 -31
Space O 3 -5 109 93 265 156
O T 0 4 93 125 140 47
T H -1 -1 125 78 281 156
H E 1 3 78 156 140 62
E R 0 -1 156 156 94 -62
R Oem7 -1 -7 156 109 250 94
Oem7 Back 2 -2 109 94 1138 1029
Back S -2 11 94 93 297 203
S Oem7 0 -9 93 94 171 78
Oem7 Space -2 7 94 140 266 172
Space O 3 -5 140 78 748 608
O P 0 -1 78 78 203 125
P I 0 2 78 62 250 172
I N -2 2 62 140 234 172
N I 2 -2 140 125 93 -47
I O 0 -1 125 78 297 172
O N -2 3 78 78 234 156
N S 1 4 78 110 249 171
S Space -2 -2 110 140 484 374
Space D 2 1 140 109 281 141
D R 1 -1 109 62 281 172
R O 0 -5 62 78 62 0
O N -2 3 78 78 234 156
N Back 3 -7 78 109 1123 1045
Back W -1 11 109 109 203 94
W N -2 -4 109 78 156 47
N Space -1 2 78 141 265 187
Space O 3 -5 141 78 453 312
O U 0 2 78 78 249 171
U T 0 2 78 125 187 109
T Space -3 1 125 140 110 -15
Space Y 3 -2 140 93 468 328
Y O 0 -3 93 78 62 -31
O U 0 2 78 47 218 140
U R 0 3 47 125 125 78
R Space -3 0 125 140 437 312
Space W 3 2 140 141 374 234
W O 0 -7 141 94 125 -16
O N -2 3 94 63 234 140
N Back 3 -7 63 78 281 218
Back Back 0 0 78 94 156 78
Back Back 0 0 94 93 172 78
Back O -1 4 93 63 280 187
O W 0 7 63 125 125 62
W N -2 -4 125 63 109 -16
N Space -1 2 63 125 203 140
Space I 3 -4 125 93 406 281
I N -2 2 93 62 203 110
N N 0 0 62 78 171 109
N E 2 3 78 171 94 16
E R 0 -1 171 141 140 -31
R Space -3 0 141 125 203 62
Space V 1 0 125 125 811 686
V O 2 -5 125 62 94 -31
O I 0 1 62 78 187 125
I C -2 5 78 188 140 62
C E 2 0 188 140 110 -78
E OemPeriod -2 -6 140 93 156 16
OemPeriod Space -1 5 93 171 312 219
Space LShiftKey 1 4 171 327 624 453
LShiftKey A 1 -1 327 140 234 -93
A N -1 -5 140 78 124 -16
N D 1 3 78 140 141 63
D Space -2 -1 140 110 93 -47
Space M 1 -3 110 78 219 109
M O 2 -2 78 78 156 78
O S -1 7 78 125 93 15
S T 1 -3 125 125 172 47
T Space -3 1 125 125 78 -47
Space I 3 -4 125 78 187 62
I M -2 1 78 78 187 109
M P 2 -3 78 62 188 110
P O 0 1 62 63 202 140
O R 0 5 63 94 359 296
R T 0 -1 94 125 234 140
T A -1 4 125 125 94 -31
A N -1 -5 125 78 140 15
N T 2 1 78 156 141 63
T Oemcomma -2 -3 156 78 733 577
Oemcomma Space -1 4 78 140 125 47
Space H 2 -2 140 109 421 281
H A 0 5 109 125 125 16
A V -1 -3 125 156 187 62
V E 2 1 156 124 94 -62
E Space -3 -1 124 125 62 -62
Space T 3 -1 125 109 234 109
T H -1 -1 109 94 62 -47
H E 1 3 94 125 156 62
E Space -3 -1 125 110 78 -47
Space C 1 1 110 141 234 124
C O 2 -6 141 78 63 -78
O U 0 2 78 78 218 140
U R 0 3 78 156 141 63
R A -1 3 156 125 124 -32
A G 0 -4 125 172 203 78
G E 1 2 172 140 94 -78
E Space -3 -1 140 125 109 -31
Space T 3 -1 125 125 187 62
T O 0 -4 125 78 78 -47
O Space -3 5 78 124 141 63
Space F 2 0 124 140 234 110
F O 1 -5 140 78 78 -62
O L -1 0 78 47 218 140
L L 0 0 47 93 125 78
L O 1 0 93 78 203 110
O W 0 7 78 125 140 62
W Space -3 -2 125 125 109 -16
Space Y 3 -2 125 125 281 156
Y O 0 -3 125 78 78 -47
O U 0 2 78 78 218 140
U R 0 3 78 110 156 78
R Space -3 0 110 109 63 -47
Space H 2 -2 109 78 234 125
H E 1 3 78 93 78 0
E A -1 2 93 140 203 110
A R 1 -3 140 124 156 16
R T 0 -1 124 109 234 110
T Space -3 1 109 125 124 15
Space A 2 3 125 125 203 78
A N -1 -5 125 93 94 -31
N D 1 3 93 141 140 47
D Space -2 -1 141 141 78 -63
Space I 3 -4 141 63 312 171
I N -2 2 63 94 187 124
N T 2 1 94 109 297 203
T U 0 -2 109 109 62 -47
U I 0 -1 109 93 297 188
I T 0 3 93 140 374 281
T I 0 -3 140 93 125 -15
I O 0 -1 93 78 234 141
O N -2 3 78 78 203 125
N OemPeriod 0 -3 78 78 234 156
OemPeriod Space -1 5 78 141 405 327
Space LShiftKey 1 4 141 375 889 748
LShiftKey T 2 -5 375 109 281 -94
T H -1 -1 109 63 109 0
H E 1 3 63 109 141 78
E Y 0 -3 109 78 109 0
Y Space -3 2 78 109 156 78
Space S 2 2 109 109 421 312
S O 1 -7 109 78 94 -15
O M -2 2 78 63 218 140
M E 2 4 63 94 109 46
E H -1 -3 94 156 266 172
H O 1 -3 156 93 109 -47
O W 0 7 93 171 125 32
W Space -3 -2 171 125 171 0
Space A 2 3 125 125 234 109
A L 0 -8 125 93 94 -31
L R 1 5 93 172 483 390
R E 0 1 172 124 110 -62
E A -1 2 124 125 218 94
A D 0 -2 125 109 203 78
D Y 1 -3 109 109 312 203
Y Space -3 2 109 124 125 16
Space K 2 -4 124 78 374 250
K N -1 2 78 78 187 109
N O 2 -3 78 78 172 94
O W 0 7 78 109 125 47
W Space -3 -2 109 125 93 -16
Space W 3 2 125 124 219 94
W H -1 -4 124 78 124 0
H A 0 5 78 140 141 63
A T 1 -4 140 109 203 63
T Space -3 1 109 109 93 -16
Space Y 3 -2 109 93 219 110
Y O 0 -3 93 78 62 -31
O U 0 2 78 94 234 156
U Space -3 3 94 140 234 140
Space T 3 -1 140 78 1310 1170
T R 0 1 78 109 921 843
R U 0 -3 109 62 78 -31
U L -1 -2 62 94 327 265
L Y 1 3 94 78 219 125
Y Space -3 2 78 156 530 452
Space W 3 2 156 187 297 141
W A -1 1 187 140 78 -109
A N -1 -5 140 78 156 16
N T 2 1 78 94 140 62
T Space -3 1 94 110 62 -32
Space T 3 -1 110 109 188 78
T O 0 -4 109 93 78 -31
O Space -3 5 93 125 171 78
Space B 1 -1 125 78 499 374
B E 2 2 78 109 94 16
E C -2 0 109 125 265 156
C O 2 -6 125 78 109 -16
O M -2 2 78 62 188 110
M E 2 4 62 125 124 62
E OemPeriod -2 -6 125 78 234 109
OemPeriod Space -1 5 78 125 234 156
Space LShiftKey 1 4 125 374 188 63
LShiftKey E 2 -3 374 187 234 -140
E V -2 -1 187 156 265 78
V E 2 1 156 141 93 -63
E R 0 -1 141 125 172 31
R Y 0 -2 125 109 281 156
Y T 0 1 109 109 312 203
T H -1 -1 109 141 93 -16
H I 1 -2 141 78 94 -47
I N -2 2 78 78 187 109
N G 1 1 78 125 94 16
G Space -2 1 125 109 109 -16
Space E 3 1 109 109 156 47
E L -1 -6 109 78 125 16
L S 0 7 78 125 156 78
S E 1 -1 125 109 234 109
E Space -3 -1 109 140 187 78
Space I 3 -4 140 94 218 78
I S -1 6 94 125 156 62
S Space -2 -2 125 140 63 -62
Space S 2 2 140 93 234 94
S E 1 -1 93 109 187 94
E C -2 0 109 124 250 141
C O 2 -6 124 94 93 -31
O N -2 3 94 62 593 499
N D 1 3 62 140 390 328
D A 0 2 140 156 78 -62
A R 1 -3 156 109 312 156
R Y 0 -2 109 109 359 250
Y OemPeriod -2 -3 109 93 125 16
OemPeriod Return 1 -3 93 78 858 765
Return LShiftKey -1 12 78 250 296 218
LShiftKey S 1 -2 250 125 187 -63
S T 1 -3 125 140 219 94
T A -1 4 140 141 93 -47
A Y 1 -5 141 62 250 109
Y Space -3 2 62 109 140 78
Space LShiftKey 1 4 109 390 343 234
LShiftKey H 1 -6 390 78 312 -78
H U 1 -1 78 78 156 78
U N -2 1 78 78 172 94
N G 1 1 78 93 281 203
G R 1 1 93 109 499 406
R Y 0 -2 109 78 874 765
Y OemPeriod -2 -3 78 78 1341 1263
OemPeriod Space -1 5 78 125 203 125
Space LShiftKey 1 4 125 250 140 15
LShiftKey S 1 -2 250 140 172 -78
S T 1 -3 140 125 234 94
T A -1 4 125 140 94 -31
A Y 1 -5 140 62 234 94
Y Space -3 2 62 109 156 94
Space LShiftKey 1 4 109 62 577 468
LShiftKey LShiftKey 0 0 62 499 203 141
LShiftKey F 1 -4 499 109 421 -78
F O 1 -5 109 47 93 -16
O O 0 0 47 78 172 125
O L -1 0 78 62 250 172
L I 1 1 62 78 249 187
I S -1 6 78 109 172 94
S H 0 -4 109 78 125 16
H OemPeriod -1 -3 78 62 842 764
OemPeriod Space -1 5 62 156 218 156
Space LShiftKey 1 4 156 327 141 -15
LShiftKey T 2 -5 327 125 249 -78
T H -1 -1 125 78 141 16
H A 0 5 78 124 125 47
A N -1 -5 124 78 109 -15
N K 1 -2 78 78 156 78
K Space -2 4 78 110 171 93
Space Y 3 -2 110 62 219 109
Y O 0 -3 62 93 47 -15
O U 0 2 93 62 234 141
U I 0 -1 62 62 0 -62
I Back 1 -5 62 78 967 905
Back Space -4 9 78 125 327 249
Space A 2 3 125 141 234 109
A L 0 -8 141 46 110 -31
L L 0 0 46 94 140 94
L Space -2 5 94 156 374 280
Space V 1 0 156 202 500 344
V E 2 1 202 172 124 -78
E R 0 -1 172 125 297 125
R Y 0 -2 125 78 187 62
Y Space -3 2 78 94 156 78
Space M 1 -3 94 78 250 156
M U 2 0 78 62 218 140
U C -2 4 62 109 109 47
C H 1 -3 109 62 94 -15
H OemPeriod -1 -3 62 78 312 250
