LShiftKey M 0 -7 250 78 110 -140
M Y 2 1 78 94 358 280
Y Space -3 2 94 78 234 140
Space F 2 0 78 141 2777 2699
F A 0 3 141 141 1045 904
A V -1 -3 141 124 422 281
V O 2 -5 124 125 717 593
O E 0 6 125 172 312 187
E Back 1 -10 172 140 437 265
Back R -1 9 140 124 250 110
R I 0 -4 124 78 109 -15
I T 0 3 78 234 265 187
T E 0 2 234 156 250 16
E Space -3 -1 156 78 514 358
Space C 1 1 78 140 1467 1389
C L 1 -6 140 62 156 16
L A 0 8 62 109 109 47
A S 0 -1 109 187 172 63
S S 0 0 187 109 1716 1529
S S 0 0 109 93 421 312
S Back 2 -11 93 156 593 500
Back Space -4 9 156 125 280 124
Space I 3 -4 125 171 765 640
I N -2 2 171 109 109 -62
N Space -1 2 109 78 250 141
Space C 1 1 78 125 733 655
C L 1 -6 125 94 218 93
L Back 2 -4 94 93 453 359
Back Back 0 0 93 47 187 94
Back C -3 10 47 140 1919 1872
C O 2 -6 140 94 124 -16
O L -1 0 94 78 234 140
L L 0 0 78 78 172 94
L E 1 6 78 141 1279 1201
E G -1 -2 141 78 1467 1326
G E 1 2 78 109 109 31
E Space -3 -1 109 47 156 47
Space I 3 -4 47 94 733 686
I S -1 6 94 125 125 31
S Space -2 -2 125 93 13650 13525
Space M 1 -3 93 94 187 94
M A 1 6 94 125 218 124
A T 1 -4 125 109 500 375
T H -1 -1 109 109 78 -31
H Oemcomma -1 -2 109 94 1965 1856
Oemcomma Space -1 4 94 78 312 218
Space M 1 -3 78 94 1841 1763
M Y 2 1 94 78 530 436
Y Space -3 2 78 46 266 188
Space L 2 -5 46 62 608 562
L E 1 6 62 203 2028 1966
E A -1 2 203 171 203 0
A S 0 -1 171 109 359 188
S T 1 -3 109 46 234 125
T Space -3 1 46 78 436 390
Space F 2 0 78 156 718 640
F A 0 3 156 156 125 -31
A V -1 -3 156 140 1966 1810
V O 2 -5 140 141 327 187
O R 0 5 141 125 562 421
R I 0 -4 125 94 109 -16
I T 0 3 94 171 328 234
T E 0 2 171 125 124 -47
E Space -3 -1 125 78 188 63
Space C 1 1 78 140 686 608
C L 1 -6 140 62 359 219
L A 0 8 62 171 203 141
A S 0 -1 171 125 265 94
S S 0 0 125 109 234 109
S Space -2 -2 109 78 296 187
Space I 3 -4 78 203 1685 1607
I N -2 2 203 109 156 -47
N Space -1 2 109 125 1139 1030
Space C 1 1 125 140 1763 1638
C O 2 -6 140 109 764 624
O L -1 0 109 78 328 219
L L 0 0 78 62 140 62
L E 1 6 62 109 156 94
E G -1 -2 109 62 593 484
G E 1 2 62 125 93 31
E Space -3 -1 125 62 172 47
Space I 3 -4 62 109 312 250
I S -1 6 109 110 140 31
S Space -2 -2 110 94 125 15
Space E 3 1 94 125 749 655
E N -2 -3 125 93 125 0
N G 1 1 93 125 327 234
G L 0 -4 125 94 312 187
L I 1 1 94 109 188 94
I S -1 6 109 110 124 15
S H 0 -4 110 78 110 0
H Space -2 2 78 94 249 171
Space LShiftKey 1 4 94 561 3105 3011
LShiftKey Back 3 -13 561 93 78 -483
Back E -1 10 93 110 280 187
E Back 1 -10 110 156 3760 3650
Back OemPeriod -3 4 156 125 374 218
OemPeriod Space -1 5 125 78 656 531
Space L 2 -5 78 78 3369 3291
L Back 2 -4 78 140 843 765
Back LShiftKey -3 13 140 296 452 312
LShiftKey L 1 -9 296 94 187 -109
L Space -2 5 94 78 343 249
Space E 3 1 78 141 156 78
E Back 1 -10 141 125 858 717
Back Back 0 0 125 125 375 250
Back E -1 10 125 140 437 312
E T 0 -2 140 93 187 47
T Space -3 1 93 78 218 125
Space U 3 -3 78 78 796 718
U S -1 5 78 110 93 15
S Space -2 -2 110 78 141 31
Space W 3 2 78 125 2792 2714
W A -1 1 125 187 78 -47
A T 1 -4 187 94 702 515
T C -2 2 94 124 453 359
C H 1 -3 124 125 109 -15
H O 1 -3 125 172 218 93
O N -2 3 172 31 203 31
N Back 3 -7 31 31 624 593
Back Back 0 0 31 93 172 141
Back Space -4 9 93 78 1170 1077
Space M 1 -3 78 187 998 920
M O 2 -2 187 125 156 -31
O R 0 5 125 171 203 78
R E 0 1 171 140 125 -46
E Space -3 -1 140 62 187 47
Space LShiftKey 1 4 62 406 3057 2995
LShiftKey E 2 -3 406 156 234 -172
E N -2 -3 156 78 281 125
N G 1 1 78 93 375 297
G L 0 -4 93 110 202 109
L I 1 1 110 94 203 93
I S -1 6 94 93 172 78
S H 0 -4 93 78 78 -15
H Space -2 2 78 62 234 156
Space M 1 -3 62 202 827 765
M O 2 -2 202 140 140 -62
O I 0 1 140 94 421 281
I V -2 4 94 125 203 109
V E 2 1 125 124 94 -31
E Space -3 -1 124 78 171 47
Space O 3 -5 78 187 6849 6771
O N -2 3 187 125 202 15
N Space -1 2 125 78 406 281
Space C 1 1 78 140 1139 1061
C L 1 -6 140 78 140 0
L A 0 8 78 125 125 47
A S 0 -1 125 93 172 47
S S 0 0 93 78 171 78
S Space -2 -2 78 62 328 250
Space I 3 -4 62 109 1045 983
I S -1 6 109 125 156 47
S Space -2 -2 125 94 156 31
Space A 2 3 94 141 1279 1185
A Space -2 -3 141 78 125 -16
Space G 2 -1 78 140 1092 1014
G O 1 -4 140 78 140 0
O O 0 0 78 47 141 63
O D -1 6 47 93 203 156
D Space -2 -1 93 94 202 109
Space W 3 2 94 187 484 390
W A -1 1 187 156 156 -31
A Y 1 -5 156 94 140 -16
Y OemPeriod -2 -3 94 125 1467 1373
OemPeriod Space -1 5 125 93 1950 1825
Space LShiftKey 1 4 93 312 390 297
LShiftKey I 2 -8 312 109 187 -125
I Space -3 4 109 93 250 141
Space L 2 -5 93 78 358 265
L Back 2 -4 78 109 968 890
Back D -2 10 109 109 405 296
D O 1 -6 109 62 219 110
O Space -3 5 62 47 249 187
Space L 2 -5 47 78 655 608
L I 1 1 78 78 203 125
I K -1 0 78 62 905 827
K E 1 5 62 78 94 32
E Space -3 -1 78 78 1310 1232
Space I 3 -4 78 187 546 468
I N -2 2 187 109 156 -31
N T 2 1 109 125 265 156
T E 0 2 125 203 156 31
E R 0 -1 203 109 141 -62
R A -1 3 109 109 858 749
A C -1 -2 109 109 795 686
C T 2 -2 109 125 343 234
T I 0 -3 125 172 125 0
I O 0 -1 172 172 125 -47
O N -2 3 172 125 156 -16
N Space -1 2 125 94 218 93
Space I 3 -4 94 156 500 406
I N -2 2 156 109 156 0
N Space -1 2 109 94 218 109
Space C 1 1 94 140 328 234
C L 1 -6 140 78 109 -31
L A 0 8 78 124 437 359
A S 0 -1 124 78 280 156
S S 0 0 78 93 141 63
S E 1 -1 93 93 203 110
E S -1 1 93 94 218 125
S OemPeriod -1 -7 94 125 4009 3915
OemPeriod Space -1 5 125 93 796 671
Space LShiftKey 1 4 93 172 218 125
LShiftKey I 2 -8 172 93 63 -109
I Space -3 4 93 94 218 125
Space L 2 -5 94 156 484 390
L O 1 0 156 124 156 0
O V -2 5 124 156 265 141
V E 2 1 156 140 125 -31
E Space -3 -1 140 78 171 31
Space L 2 -5 78 94 390 312
L A 0 8 94 140 172 78
A B -1 -4 140 109 203 63
B S 1 3 109 93 156 47
S Oemcomma -1 -6 93 62 3042 2949
Oemcomma Space -1 4 62 63 171 109
Space I 3 -4 63 109 390 327
I T 0 3 109 93 609 500
T Space -3 1 93 94 140 47
Space I 3 -4 94 140 250 156
I S -1 6 140 109 140 0
S Space -2 -2 109 78 172 63
Space V 1 0 78 110 358 280
V E 2 1 110 156 281 171
E R 0 -1 156 125 125 -31
R Y 0 -2 125 94 187 62
Y Space -3 2 94 94 265 171
Space U 3 -3 94 78 593 499
U S -1 5 78 141 109 31
S E 1 -1 141 125 281 140
E F -1 -1 125 109 718 593
F I 1 -4 109 94 140 31
I Oem1 -1 -2 94 125 328 234
Oem1 Back 2 -3 125 109 749 624
Back Back 0 0 109 110 280 171
Back U -1 6 110 93 812 702
U L -1 -2 93 109 265 172
L Space -2 5 109 62 265 156
Space F 2 0 62 110 218 156
F O 1 -5 110 31 141 31
O R 0 5 31 110 327 296
R Space -3 0 110 78 156 46
Space I 3 -4 78 15 656 578
I Back 1 -5 15 141 483 468
Back U -1 6 141 94 889 748
U S -1 5 94 109 172 78
S Space -2 -2 109 109 1170 1061
Space T 3 -1 109 125 437 328
T O 0 -4 125 110 405 280
O Space -3 5 110 109 3292 3182
Space L 2 -5 109 94 780 671
L E 1 6 94 203 218 124
E A -1 2 203 156 141 -62
A R 1 -3 156 124 203 47
R N -2 -2 124 141 405 281
N I 2 -2 141 140 250 109
I N -2 2 140 109 125 -15
N G 1 1 109 125 109 0
G Space -2 1 125 94 218 93
Space C 1 1 94 172 2184 2090
C O 2 -6 172 187 172 0
O N -2 3 187 140 125 -62
N C 0 3 140 218 577 437
C E 2 0 218 203 187 -31
E P 0 -7 203 110 452 249
P T 0 5 110 109 203 93
T S -1 3 109 78 577 468
S OemPeriod -1 -7 78 110 1326 1248
OemPeriod Space -1 5 110 79 3042 2932
Space Y 3 -2 79 94 4665 4586
Y E 0 3 94 141 109 15
E A -1 2 141 156 109 -32
A S 0 -1 156 32 312 156
S Back 2 -11 32 125 281 249
Back Back 0 0 125 62 203 78
Back Back 0 0 62 47 234 172
Back Back 0 0 47 78 374 327
Back LShiftKey -3 13 78 234 952 874
LShiftKey H 1 -6 234 125 78 -156
H O 1 -3 125 156 468 343
O M -2 2 156 125 468 312
M E 2 4 125 141 764 639
E W 0 1 141 187 687 546
W A -1 1 187 93 156 -31
A Back 2 -12 93 140 577 484
Back O -1 4 140 78 1108 968
O R 0 5 78 109 234 156
R K -1 -4 109 78 468 359
K Space -2 4 78 78 234 156
Space A 2 3 78 141 202 124
A N -1 -5 141 94 125 -16
N D 1 3 94 78 109 15
D Space -2 -1 78 78 172 94
Space Q 3 3 78 125 889 811
Q U 0 -6 125 109 593 468
U I 0 -1 109 78 312 203
I Z -2 7 78 109 359 281
Z Z 0 0 109 94 187 78
Z E 2 -2 94 109 468 374
E S -1 1 109 94 265 156
S Space -2 -2 94 125 1092 998
Space I 3 -4 125 109 312 187
I S -1 6 109 125 172 63
S Space -2 -2 125 94 93 -32
Space G 2 -1 94 124 266 172
G O 1 -4 124 94 202 78
O O 0 0 94 63 156 62
O D -1 6 63 109 110 47
D Space -2 -1 109 78 171 62
Space W 3 2 78 234 484 406
W A -1 1 234 124 203 -31
A Y 1 -5 124 109 109 -15
Y Space -3 2 109 62 234 125
Space Back 4 -9 62 141 7784 7722
Back Space -4 9 141 78 2028 1887
Space T 3 -1 78 125 250 172
T O 0 -4 125 63 93 -32
O Space -3 5 63 109 188 125
Space H 2 -2 109 94 951 842
H E 1 3 94 125 468 374
E L -1 -6 125 172 109 -16
L P 1 -1 172 94 125 -47
P Space -3 6 94 94 234 140
Space U 3 -3 94 94 359 265
U S -1 5 94 109 125 31
S OemPeriod -1 -7 109 62 733 624
OemPeriod LShiftKey 0 9 62 343 7332 7270
LShiftKey W 2 -2 343 156 250 -93
W Back 1 -11 156 78 577 421
Back LShiftKey -3 13 78 265 530 452
LShiftKey I 2 -8 265 63 156 -109
I Space -3 4 63 93 172 109
Space W 3 2 93 93 203 110
W I 0 -6 93 78 156 63
I L -1 -1 78 62 234 156
L L 0 0 62 47 140 78
L Space -2 5 47 47 187 140
Space B 1 -1 47 78 562 515
B E 2 2 78 125 390 312
E A -1 2 125 141 249 124
A C -1 -2 141 125 406 265
C U 2 -4 125 78 156 31
U S -1 5 78 94 109 31
S E 1 -1 94 109 219 125
E Space -3 -1 109 63 93 -16
Space A 2 3 63 109 281 218
A Space -2 -3 109 31 172 63
Space Right 0 -9 31 63 3837 3806
Right Right 0 0 63 140 141 78
Right Right 0 0 140 62 218 78
Right Right 0 0 62 47 109 47
Right Right 0 0 47 63 109 62
Right Back 4 0 63 78 656 593
Back Back 0 0 78 62 140 62
Back Back 0 0 62 62 94 32
Back Back 0 0 62 63 124 62
Back Back 0 0 63 31 125 62
Back C -3 10 31 109 1467 1436
C O 2 -6 109 125 93 -16
O M -2 2 125 109 78 -47
M E 2 4 109 109 94 -15
E Space -3 -1 109 78 140 31
Space Back 4 -9 78 78 936 858
Back Right -4 0 78 63 1014 936
Right Right 0 0 63 15 141 78
Right Right 0 0 15 31 78 63
Right S 2 11 31 110 1060 1029
S O 1 -7 110 62 141 31
O F -1 5 62 141 327 265
F T 1 -1 141 125 328 187
T W 0 3 125 187 1186 1061
W A -1 1 187 171 109 -78
A R 1 -3 171 156 281 110
R E 0 1 156 171 109 -47
E Space -3 -1 171 109 203 32
Space D 2 1 109 187 655 546
D E 1 0 187 172 109 -78
E V -2 -1 172 140 312 140
V E 2 1 140 156 125 -15
E L -1 -6 156 140 983 827
L O 1 0 140 93 265 125
O P 0 -1 93 78 187 94
P E 0 7 78 156 749 671
E R 0 -1 156 140 125 -31
R Space -3 0 140 78 171 31
Space I 3 -4 78 203 484 406
I N -2 2 203 141 171 -32
N Space -1 2 141 109 250 109
Space T 3 -1 109 187 499 390
T H -1 -1 187 78 156 -31
H E 1 3 78 125 156 78
E Space -3 -1 125 94 125 0
Space F 2 0 94 125 5538 5444
F U 1 -3 125 78 109 -16
U T 0 2 78 141 312 234
T H -1 -1 141 93 250 109
H Back 2 -7 93 140 1763 1670
Back U -1 6 140 78 733 593
U R 0 3 78 141 140 62
R E 0 1 141 156 94 -47
E Oemcomma -2 -5 156 63 8564 8408
Oemcomma Space -1 4 63 78 12761 12698
Space LShiftKey 1 4 78 203 5507 5429
LShiftKey I 2 -8 203 94 93 -110
I T 0 3 94 93 812 718
T Space -3 1 93 93 265 172
Space I 3 -4 93 62 733 640
I Space -3 4 62 78 203 141
Space Back 4 -9 78 109 1326 1248
Back S -2 11 109 110 327 218
S Space -2 -2 110 78 422 312
Space B 1 -1 78 94 670 592
B E 2 2 94 109 188 94
E E 0 0 109 125 187 78
E Back 1 -10 125 125 577 452
Back T -1 8 125 109 172 47
T T 0 0 109 109 624 515
T E 0 2 109 171 187 78
E R 0 -1 171 125 109 -62
R Space -3 0 125 109 234 109
Space A 2 3 109 156 2246 2137
A Space -2 -3 156 109 141 -15
Space I 3 -4 109 203 1856 1747
I N -2 2 203 109 141 -62
N T 2 1 109 156 234 125
T E 0 2 156 171 187 31
E R 0 -1 171 124 125 -46
R N -2 -2 124 94 202 78
N A 1 5 94 140 141 47
A T 1 -4 140 140 2309 2169
T I 0 -3 140 281 140 0
I O 0 -1 281 156 187 -94
O N -2 3 156 140 110 -46
N A 1 5 140 124 780 640
A L 0 -8 124 62 109 -15
L Space -2 5 62 62 187 125
Space C 1 1 62 141 811 749
C O 2 -6 141 172 156 15
O M -2 2 172 141 109 -63
M P 2 -3 141 109 359 218
P A -1 9 109 125 546 437
A N -1 -5 125 62 94 -31
N T 2 1 62 125 218 156
T Back 1 -8 125 171 453 328
Back Y -1 7 171 125 140 -31
Y Space -3 2 125 62 359 234
Space Back 4 -9 62 63 3182 3120
Back Back 0 0 63 47 515 452
Back Back 0 0 47 78 2309 2262
Back T -1 8 78 110 795 717
T Right -3 -8 110 125 546 436
Right Left 0 2 125 109 1108 983
Left Back 4 -2 109 94 686 577
Back I -1 5 94 78 125 31
I Back 1 -5 78 110 3931 3853
Back OemPeriod -3 4 110 62 344 234
OemPeriod Space -1 5 62 110 6598 6536
Space LShiftKey 1 4 110 203 1560 1450
LShiftKey I 2 -8 203 78 94 -109
I Space -3 4 78 63 265 187
Space A 2 3 63 109 562 499
A M -1 -6 109 62 78 -31
M Space -1 3 62 78 171 109
Space P 3 -6 78 109 921 843
P R 0 6 109 125 343 234
R E 0 1 125 125 203 78
E T 0 -2 125 78 265 140
T T 0 0 78 94 140 62
T Y 0 -1 94 94 156 62
Y Space -3 2 94 78 858 764
Space C 1 1 78 109 453 375
C L 1 -6 109 78 93 -16
L O 1 0 78 78 172 94
O S -1 7 78 109 156 78
S E 1 -1 109 125 218 109
E Space -3 -1 125 62 188 63
Space T 3 -1 62 140 686 624
T O 0 -4 140 78 125 -15
O Space -3 5 78 94 218 140
Space M 1 -3 94 62 203 109
M Y 2 1 62 93 328 266
Y Space -3 2 93 78 202 109
Space G 2 -1 78 124 890 812
G O 1 -4 124 94 202 78
O A -1 8 94 125 936 842
A L 0 -8 125 47 94 -31
L Space -2 5 47 63 218 171
Space Back 4 -9 63 110 858 795
Back Oemcomma -3 5 110 62 297 187
Oemcomma Space -1 4 62 78 171 109
Space V 1 0 78 93 687 609
V Back 3 -9 93 124 437 344
Back B -3 8 124 156 171 47
B E 2 2 156 141 234 78
E A -1 2 141 78 297 156
A C -1 -2 78 109 639 561
C U 2 -4 109 78 125 16
U S -1 5 78 78 94 16
S E 1 -1 78 109 156 78
E Space -3 -1 109 63 93 -16
Space LShiftKey 1 4 63 171 609 546
LShiftKey I 2 -8 171 78 46 -125
I Space -3 4 78 63 281 203
Space W 3 2 63 140 3401 3338
W A -1 1 140 141 109 -31
A Space -2 -3 141 78 187 46
Space Back 4 -9 78 109 718 640
Back S -2 11 109 109 125 16
S Space -2 -2 109 78 203 94
Space A 2 3 78 110 202 124
A Space -2 -3 110 62 141 31
Space T 3 -1 62 110 1341 1279
T N -2 -1 110 78 78 -32
N T 2 1 78 109 484 406
T E 0 2 109 156 140 31
E R 0 -1 156 109 110 -46
R N -2 -2 109 94 202 93
N Back 3 -7 94 78 422 328
Back Back 0 0 78 62 156 78
Back Back 0 0 62 47 218 156
Back Back 0 0 47 62 94 47
Back Back 0 0 62 62 109 47
Back Back 0 0 62 46 125 63
Back I -1 5 46 187 842 796
I N -2 2 187 110 140 -47
N T 2 1 110 140 375 265
T E 0 2 140 171 125 -15
E R 0 -1 171 125 124 -47
R N -2 -2 125 63 125 0
N Space -1 2 63 78 187 124
Space I 3 -4 78 141 468 390
I N -2 2 141 109 110 -31
N Space -1 2 109 78 889 780
Space M 1 -3 78 171 858 780
M I 2 -1 171 78 1404 1233
I C -2 5 78 110 717 639
C R 2 -1 110 78 297 187
R O 0 -5 78 62 109 31
O S -1 7 62 140 1763 1701
S O 1 -7 140 94 109 -31
O F -1 5 94 109 187 93
F T 1 -1 109 93 297 188
T N -2 -1 93 93 3978 3885
N Space -1 2 93 63 4102 4009
Space T 3 -1 63 109 531 468
T H -1 -1 109 156 171 62
H I 1 -2 156 125 125 -31
I S -1 6 125 78 874 749
S Space -2 -2 78 94 109 31
Space S 2 2 94 109 421 327
S U 1 -5 109 93 172 63
U M -2 0 93 78 265 172
M M 0 0 78 62 125 47
M E 2 4 62 125 156 94
E R 0 -1 125 94 109 -16
R OemPeriod -2 -5 94 63 920 826
OemPeriod Space -1 5 63 94 2886 2823
Space LShiftKey 1 4 94 234 687 593
LShiftKey I 2 -8 234 93 125 -109
I Space -3 4 93 78 452 359
Space Back 4 -9 78 125 421 343
Back Back 0 0 125 62 172 47
Back LShiftKey -3 13 62 202 749 687
LShiftKey I 2 -8 202 78 93 -109
I M -2 1 78 78 219 141
M P 2 -3 78 93 234 156
P R 0 6 93 78 1684 1591
R O 0 -5 78 78 94 16
O V -2 5 78 172 187 109
V R 2 0 172 141 156 -16
R Back 1 -9 141 110 421 280
Back E -1 10 110 109 125 15
E Space -3 -1 109 78 203 94
Space M 1 -3 78 94 234 156
M Y 2 1 94 93 328 234
Y Space -3 2 93 62 234 141
Space S 2 2 62 125 1591 1529
S K 0 -6 125 78 109 -16
K I 1 0 78 62 359 281
I I 0 0 62 47 140 78
I Back 1 -5 47 156 624 577
Back L -2 4 156 62 375 219
L L 0 0 62 31 156 94
L L 0 0 31 62 62 31
L Space -2 5 62 62 390 328
Space Back 4 -9 62 94 608 546
Back Back 0 0 94 94 172 78
Back Back 0 0 94 47 296 202
Back L -2 4 47 47 687 640
L Space -2 5 47 94 171 124
Space I 3 -4 94 156 234 140
I N -2 2 156 93 110 -46
N Space -1 2 93 78 187 94
Space P 3 -6 78 94 296 218
P R 0 6 94 93 328 234
R O 0 -5 93 78 1139 1046
O G -1 4 78 63 327 249
G R 1 1 63 109 234 171
R A -1 3 109 78 187 78
A M -1 -6 78 62 110 32
M M 0 0 62 63 124 62
M I 2 -1 63 125 219 156
I N -2 2 125 110 93 -32
N G 1 1 110 94 94 -16
G Space -2 1 94 63 296 202
Space I 3 -4 63 110 312 249
I S -1 6 110 109 125 15
S Space -2 -2 109 78 109 0
Space A 2 3 78 94 1716 1638
A Space -2 -3 94 94 156 62
Space G 2 -1 94 109 843 749
G O 1 -4 109 78 125 16
O O 0 0 78 62 140 62
O D -1 6 62 109 109 47
D Space -2 -1 109 94 125 16
Space W 3 2 94 172 390 296
W A -1 1 172 140 125 -47
A Y 1 -5 140 78 109 -31
Y Space -3 2 78 78 203 125
Space F 2 0 78 125 530 452
F O 1 -5 125 78 156 31
O R 0 5 78 140 203 125
R Space -3 0 140 109 203 63
Space M 1 -3 109 93 203 94
M E 2 4 93 78 109 16
E OemPeriod -2 -6 78 63 1076 998
OemPeriod Space -1 5 63 62 2044 1981
Space LShiftKey 1 4 62 265 343 281
LShiftKey U 2 -7 265 109 94 -171
U LShiftKey -2 7 109 297 717 608
LShiftKey B 0 -5 297 78 125 -172
B Space -1 1 78 63 218 140
Space R 3 0 63 203 780 717
R E 0 1 203 187 110 -93
E A -1 2 187 125 124 -63
A L 0 -8 125 78 375 250
L L 0 0 78 62 125 47
L Y 1 3 62 93 265 203
Y Space -3 2 93 78 265 172
Space H 2 -2 78 94 733 655
H E 1 3 94 141 156 62
E L -1 -6 141 141 343 202
L P 1 -1 141 94 94 -47
P Space -3 6 94 78 234 140
Space M 1 -3 78 78 187 109
M E 2 4 78 63 109 31
E Space -3 -1 63 78 156 93
Space A 2 3 78 140 266 188
A Space -2 -3 140 78 530 390
Space L 2 -5 78 140 250 172
L O 1 0 140 93 156 16
O T 0 4 93 125 187 94
T OemPeriod -2 -4 125 47 327 202
OemPeriod Space -1 5 47 78 5445 5398
Space LShiftKey 1 4 78 390 655 577
LShiftKey I 2 -8 390 62 219 -171
I T 0 3 62 94 452 390
T S -1 3 94 93 437 343
S Back 2 -11 93 93 702 609
Back Space -4 9 93 94 296 203
Space I 3 -4 94 94 187 93
I S -1 6 94 94 125 31
S Space -2 -2 94 94 109 15
Space H 2 -2 94 78 1124 1030
H A 0 5 78 140 1014 936
A R 1 -3 140 140 109 -31
R D -1 1 140 94 405 265
D Space -2 -1 94 93 188 94
Space W 3 2 93 266 514 421
W O 0 -7 266 125 1451 1185
O R 0 5 125 94 125 0
R K -1 -4 94 78 62 -32
K OemPeriod -1 -1 78 47 796 718
OemPeriod LShiftKey 0 9 47 202 11950 11903
LShiftKey I 2 -8 202 78 124 -78
I Space -3 4 78 78 203 125
Space S 2 2 78 125 172 94
S E 1 -1 125 94 374 249
E E 0 0 94 93 172 78
E Space -3 -1 93 47 249 156
Space A 2 3 47 125 1576 1529
A Space -2 -3 125 78 312 187
Space L 2 -5 78 62 546 468
L O 1 0 62 93 172 110
O T 0 4 93 94 202 109
T Space -3 1 94 78 156 62
Space O 3 -5 78 78 1404 1326
O F -1 5 78 110 780 702
F Space -2 0 110 78 141 31
Space P 3 -6 78 109 359 281
P E 0 7 109 156 280 171
E R 0 -1 156 124 266 110
R Back 1 -9 124 78 733 609
Back O -1 4 78 78 639 561
O P 0 -1 78 78 188 110
P E 0 7 78 78 296 218
E Back 1 -10 78 109 577 499
Back L -2 4 109 63 265 156
L E 1 6 63 78 94 31
E Space -3 -1 78 78 156 78
Space W 3 2 78 265 983 905
W A -1 1 265 218 203 -62
A Back 2 -12 218 78 421 203
Back Back 0 0 78 78 156 78
Back I -1 5 78 78 499 421
I S -1 6 78 125 109 31
S Space -2 -2 125 78 94 -31
Space S 2 2 78 31 593 515
S K 0 -6 31 125 46 15
K I 1 0 125 156 234 109
I N -2 2 156 94 156 0
N G 1 1 94 93 110 16
G Space -2 1 93 62 187 94
Space I 3 -4 62 172 3837 3775
I N -2 2 172 94 156 -16
N Space -1 2 94 94 172 78
Space T 3 -1 94 109 281 187
T H -1 -1 109 156 140 31
H I 1 -2 156 156 172 16
I S -1 6 156 94 171 15
S Space -2 -2 94 62 188 94
Space P 3 -6 62 93 702 640
P I 0 2 93 78 327 234
I C -2 5 78 78 265 187
C T 2 -2 78 125 328 250
T U 0 -2 125 78 250 125
U R 0 3 78 140 140 62
R E 0 1 140 141 109 -31
E OemPeriod -2 -6 141 78 749 608
OemPeriod Space -1 5 78 62 9516 9438
Space LShiftKey 1 4 62 250 577 515
LShiftKey E 2 -3 250 94 125 -125
E V -2 -1 94 47 296 202
V E 2 1 47 156 172 125
E R 0 -1 156 125 109 -47
R Y 0 -2 125 62 172 47
Y Space -3 2 62 63 530 468
Space O 3 -5 63 171 375 312
O N -2 3 171 140 156 -15
N E 2 3 140 94 296 156
E Back 1 -10 94 94 608 514
Back Back 0 0 94 78 156 62
Back Back 0 0 78 31 125 47
Back Back 0 0 31 62 94 63
Back O -1 4 62 156 624 562
O N -2 3 156 109 140 -16
N E 2 3 109 109 203 94
E Space -3 -1 109 93 281 172
Space I 3 -4 93 78 390 297
I S -1 6 78 110 93 15
S Space -2 -2 110 78 125 15
Space E 3 1 78 109 219 141
E N -2 -3 109 78 468 359
N J 1 -1 78 78 4040 3962
J I 1 -1 78 78 250 172
I Back 1 -5 78 78 624 546
Back O -1 4 78 47 280 202
O Y 0 3 47 62 266 219
Y Space -3 2 62 47 265 203
Space W 3 2 47 125 3697 3650
W H -1 -4 125 94 608 483
H A 0 5 94 141 156 62
A T 1 -4 141 94 125 -16
T Space -3 1 94 62 219 125
Space T 3 -1 62 125 530 468
T H -1 -1 125 78 109 -16
H E 1 3 78 78 156 78
E Y 0 -3 78 78 1108 1030
Y Space -3 2 78 31 234 156
Space D 2 1 31 109 4212 4181
D O 1 -6 109 93 125 16
O I 0 1 93 172 249 156
I N -2 2 172 124 141 -31
N G 1 1 124 125 109 -15
G Space -2 1 125 109 1373 1248
Space A 2 3 109 141 1185 1076
A T 1 -4 141 125 125 -16
T Back 1 -8 125 94 546 421
Back Back 0 0 94 78 172 78
Back Space -4 9 78 78 982 904
Space Back 4 -9 78 141 827 749
Back I -1 5 141 109 687 546
I S -1 6 109 140 109 0
S Space -2 -2 140 93 156 16
Space T 3 -1 93 109 608 515
T H -1 -1 109 78 94 -15
H Back 2 -7 78 125 1123 1045
Back Back 0 0 125 63 218 93
Back Back 0 0 63 125 2278 2215
Back Back 0 0 125 109 203 78
Back Back 0 0 109 78 187 78
Back Left -4 2 78 78 827 749
Left Left 0 0 78 47 156 78
Left Left 0 0 47 47 93 46
Left Left 0 0 47 62 94 47
Left Left 0 0 62 63 109 47
Left Left 0 0 63 15 141 78
Left Left 0 0 15 62 265 250
Left Space 0 7 62 109 1248 1186
Space I 3 -4 109 78 187 78
I S -1 6 78 94 78 0
S Back 2 -11 94 62 2465 2371
Back Oemcomma -3 5 62 47 1341 1279
Oemcomma Space -1 4 47 78 156 109
Space LShiftKey 1 4 78 171 219 141
LShiftKey I 2 -8 171 78 78 -93
I Space -3 4 78 62 234 156
Space C 1 1 62 140 1170 1108
C A 1 2 140 125 109 -31
A N -1 -5 125 63 109 -16
N Space -1 2 63 62 172 109
Space S 2 2 62 234 1045 983
S E 1 -1 234 94 842 608
E E 0 0 94 32 156 62
E Space -3 -1 32 110 624 592
Space T 3 -1 110 125 203 93
T H -1 -1 125 78 141 16
H E 1 3 78 140 78 0
E Space -3 -1 140 78 1528 1388
Space S 2 2 78 141 281 203
S A 0 1 141 140 203 62
A Back 2 -12 140 125 702 562
Back M -3 6 125 78 437 312
M A 1 6 78 140 156 78
A Back 2 -12 140 125 780 640
Back E -1 10 125 78 203 78
E L -1 -6 78 63 124 46
L L 0 0 63 47 141 78
L Space -2 5 47 63 218 171
Space Back 4 -9 63 94 702 639
Back Back 0 0 94 141 156 62
Back Back 0 0 141 47 203 62
Back L -2 4 47 62 983 936
L L 0 0 62 78 171 109
L Space -2 5 78 62 406 328
Space I 3 -4 62 125 905 843
I N -2 2 125 109 109 -16
N Space -1 2 109 109 187 78
Space T 3 -1 109 125 187 78
T H -1 -1 125 94 156 31
H E 1 3 94 156 531 437
E R 0 -1 156 93 125 -31
R Back 1 -9 93 125 967 874
Back I -1 5 125 63 452 327
I R 0 4 63 110 109 46
R Space -3 0 110 93 141 31
Space F 2 0 93 140 671 578
F A 0 3 140 188 124 -16
A C -1 -2 188 234 203 15
C E 2 0 234 125 203 -31
E S -1 1 125 93 250 125
S OemPeriod -1 -7 93 62 889 796
OemPeriod Space -1 5 62 78 234 172
Space LShiftKey 1 4 78 422 405 327
LShiftKey S 1 -2 422 172 328 -94
S O 1 -7 172 172 234 62
O M -2 2 172 63 780 608
M E 2 4 63 94 109 46
E Space -3 -1 94 109 63 -31
Space P 3 -6 109 94 717 608
P E 0 7 94 78 999 905
E O 0 -6 78 63 93 15
O P 0 -1 63 140 734 671
P L -1 1 140 93 109 -31
L E 1 6 93 93 125 32
E Space -3 -1 93 140 655 562
Space I 3 -4 140 78 4056 3916
I S -1 6 78 109 109 31
S Space -2 -2 109 94 218 109
Space S 2 2 94 125 952 858
S K 0 -6 125 78 296 171
K I 1 0 78 94 1373 1295
I I 0 0 94 94 125 31
I N -2 2 94 94 655 561
N G 1 1 94 78 125 31
G Oemcomma -1 -3 78 125 1513 1435
Oemcomma Space -1 4 125 109 297 172
Space A 2 3 109 109 171 62
A D 0 -2 109 109 78 -31
D N -1 -3 109 93 16 -93
N Space -1 2 93 93 203 110
Space Back 4 -9 93 94 561 468
Back Back 0 0 94 47 172 78
Back Back 0 0 47 63 93 46
Back Back 0 0 63 31 125 62
Back N -3 7 31 78 562 531
N D 1 3 78 94 109 31
D Space -2 -1 94 63 62 -32
Space Back 4 -9 63 234 609 546
Back Back 0 0 234 125 327 93
Back Back 0 0 125 62 266 141
Back A -2 12 62 125 374 312
A N -1 -5 125 63 218 93
N D 1 3 63 109 266 203
D Space -2 -1 109 78 109 0
Space O 3 -5 78 94 343 265
O T 0 4 94 125 842 748
T Back 1 -8 125 47 453 328
Back Back 0 0 47 63 249 202
Back S -2 11 63 110 1092 1029
S O 1 -7 110 140 172 62
O M -2 2 140 109 156 16
M E 2 4 109 94 140 31
E Space -3 -1 94 78 656 562
Space P 3 -6 78 109 717 639
P E 0 7 109 93 297 188
E O 0 -6 93 78 124 31
O L -1 0 78 94 203 125
L Back 2 -4 94 125 718 624
Back P -1 3 125 78 327 202
P L -1 1 78 78 172 94
L E 1 6 78 109 125 47
E Space -3 -1 109 124 7769 7660
Space I 3 -4 124 62 1513 1389
I S -1 6 62 109 62 0
S Space -2 -2 109 94 156 47
Space F 2 0 94 172 811 717
F A 0 3 172 172 172 0
A S 0 -1 172 109 187 15
S Back 2 -11 109 93 1108 999
Back Back 0 0 93 62 156 63
Back I -1 5 62 78 218 156
I S -1 6 78 109 125 47
S H 0 -4 109 141 842 733
H I 1 -2 141 187 172 31
I N -2 2 187 109 156 -31
N G 1 1 109 109 94 -15
G Space -2 1 109 94 561 452
Space O 3 -5 94 203 858 764
O N -2 3 203 110 187 -16
N Back 3 -7 110 94 1404 1294
Back Back 0 0 94 94 172 78
Back Back 0 0 94 109 468 374
Back OemPeriod -3 4 109 78 1030 921
OemPeriod Space -1 5 78 78 1887 1809
Space LShiftKey 1 4 78 203 1045 967
LShiftKey I 2 -8 203 93 110 -93
I Space -3 4 93 94 280 187
Space E 3 1 94 110 780 686
E V -2 -1 110 109 827 717
V E 2 1 109 109 94 -15
E N -2 -3 109 63 93 -16
N Space -1 2 63 78 172 109
Space C 1 1 78 125 983 905
C A 1 2 125 140 78 -47
A N -1 -5 140 78 109 -31
N Space -1 2 78 78 172 94
Space S 2 2 78 109 171 93
S E 1 -1 109 78 281 172
E E 0 0 78 78 140 62
E Space -3 -1 78 109 141 63
Space A 2 3 109 125 468 359
A Space -2 -3 125 93 156 31
Space S 2 2 93 109 936 843
S N -1 -4 109 125 171 62
N O 2 -3 125 109 172 47
O W 0 7 109 93 172 63
W Space -3 -2 93 78 171 78
Space Back 4 -9 78 141 421 343
Back M -3 6 141 94 468 327
M A 1 6 94 94 94 0
A N -1 -5 94 78 62 -32
N Space -1 2 78 109 203 125
Space I 3 -4 109 78 1357 1248
I S -1 6 78 93 63 -15
S Space -2 -2 93 109 125 32
Space K 2 -4 109 109 889 780
K Back 2 -5 109 125 858 749
Back S -2 11 125 125 218 93
S K 0 -6 125 78 156 31
K I 1 0 78 156 234 156
I N -2 2 156 109 125 -31
N G 1 1 109 78 172 63
G G 0 0 78 78 156 78
G Left -2 -6 78 94 1138 1060
Left Left 0 0 94 47 156 62
Left Left 0 0 47 63 78 31
Left I 3 3 63 94 952 889
I Right -3 -5 94 156 172 78
Right Right 0 0 156 62 234 78
Right Back 4 0 62 78 702 640
Back Right -4 0 78 78 514 436
Right Space 0 9 78 78 453 375
Space I 3 -4 78 156 811 733
I N -2 2 156 109 125 -31
N Space -1 2 109 78 234 125
Space T 3 -1 78 110 1185 1107
T H -1 -1 110 156 110 0
H I 1 -2 156 110 124 -32
I S -1 6 110 94 156 46
S Space -2 -2 94 62 141 47
Space P 3 -6 62 187 1201 1139
P I 0 2 187 109 172 -15
I C -2 5 109 78 218 109
C T 2 -2 78 109 328 250
T U 0 -2 109 94 218 109
U R 0 3 94 156 172 78
R E 0 1 156 125 109 -47
E OemPeriod -2 -6 125 47 795 670
OemPeriod U 2 2 47 203 66675 66628
U B -2 2 203 140 156 -47
B C 0 2 140 156 2496 2356
C O 2 -6 156 63 140 -16
O L -1 0 63 63 437 374
L L 0 0 63 78 109 46
L E 1 6 78 125 312 234
E C -2 0 125 109 1077 952
C T 2 -2 109 109 515 406
T I 0 -3 109 125 1825 1716
I O 0 -1 125 93 780 655
O N -2 3 93 109 62 -31
N D0 3 -4 109 94 5460 5351
D0 LShiftKey -3 10 94 266 2683 2589
LShiftKey D2 3 -2 266 78 94 -172
D2 G -2 -3 78 62 1248 1170
G M -1 -2 62 78 421 359
M A 1 6 78 109 125 47
A I 1 -7 109 62 78 -31
I L -1 -1 62 63 374 312
L OemPeriod -1 0 63 78 1592 1529
OemPeriod C 0 6 78 109 1076 998
C O 2 -6 109 62 94 -15
O M -2 2 62 62 920 858
M D 1 4 62 156 6180 6118
D A 0 2 156 125 109 -47
A T 1 -4 125 62 141 16
T A -1 4 62 110 46 -16
A C -1 -2 110 124 1748 1638
C O 2 -6 124 156 733 609
O L -1 0 156 62 468 312
L L 0 0 62 47 140 78
L E 1 6 47 125 499 452
E C -2 0 125 125 250 125
C T 2 -2 125 124 328 203
T I 0 -3 124 250 140 16
I O 0 -1 250 250 140 -110
O N -2 3 250 125 203 -47
N Return 1 -6 125 47 749 624
Return J 0 5 47 80 11363 11316
J Back 2 -6 80 63 52501 52421
Back Return -2 1 63 47 2855 2792
Return Back 2 -1 47 115 158350 158303
Back W -1 11 115 103 442 327
W W 0 0 103 77 168 65
W W 0 0 77 105 137 60
W OemPeriod -2 -7 105 83 120 15
OemPeriod Oem5 2 -4 83 115 2243 2160
Oem5 Back 1 0 115 93 37 -78
Back Back 0 0 93 57 433 340
Back W -1 11 57 105 267 210
W OemPeriod -2 -7 105 92 838 733
OemPeriod A 1 8 92 135 142 50
A Return 0 -11 135 50 2648 2513
Return D 0 9 50 140 8587 8537
D E 1 0 140 156 109 -31
E R 0 -1 156 156 125 -31
R E 0 1 156 125 124 -32
E K -1 -5 125 62 94 -31
K L 0 -1 62 141 374 312
L I 1 1 141 109 656 515
I U 0 1 109 93 187 78
U D2 1 5 93 156 437 344
D2 D9 0 -7 156 62 234 78
D9 D9 0 0 62 62 109 47
D9 Back 0 -4 62 141 608 546
Back Back 0 0 141 93 219 78
Back Back 0 0 93 63 171 78
Back D1 0 12 63 140 921 858
D1 D9 0 -8 140 63 171 31
D9 D9 0 0 63 31 141 78
D9 D2 0 7 31 110 124 93
D2 LShiftKey -3 2 110 375 749 639
LShiftKey D2 3 -2 375 203 203 -172
D2 Y -1 -4 203 109 562 359
Y M -2 -1 109 109 608 499
M A 1 6 109 109 125 16
A I 1 -7 109 125 171 62
I L -1 -1 125 78 921 796
L OemPeriod -1 0 78 125 249 171
OemPeriod C 0 6 125 140 172 47
C O 2 -6 140 156 156 16
O M -2 2 156 125 109 -47
M D1 3 6 125 140 1155 1030
D1 D9 0 -8 140 78 140 0
D9 D9 0 0 78 94 140 62
D9 D2 0 7 94 109 141 47
D2 D0 0 -8 109 94 109 0
D0 D3 0 7 94 109 109 15
D3 D0 0 -7 109 109 78 -31
D0 D7 0 3 109 78 328 219
D7 Return -2 -5 78 47 405 327
Return Back 2 -1 47 1690 43626 43579
Back W -1 11 1690 78 2040 350
W W 0 0 78 85 183 105
W W 0 0 85 67 185 100
W OemPeriod -2 -7 67 75 445 378
OemPeriod A 1 8 75 115 210 135
A Return 0 -11 115 50 1002 887
