LShiftKey M 0 -7 1982 156 1716 -266
M Y 2 1 156 78 344 188
Y Space -3 2 78 125 187 109
Space F 2 0 125 94 421 296
F A 0 3 94 125 109 15
A V -1 -3 125 125 234 109
V O 2 -5 125 187 1108 983
O U 0 2 187 125 109 -78
U R 0 3 125 125 140 15
R I 0 -4 125 94 203 78
I T 0 3 94 94 109 15
T E 0 2 94 125 172 78
E Space -3 -1 125 187 47 -78
Space Back 4 -9 187 62 624 437
Back Back 0 0 62 62 156 94
Back Back 0 0 62 78 125 63
Back Back 0 0 78 62 140 62
Back Back 0 0 62 47 140 78
Back Back 0 0 47 109 141 94
Back R -1 9 109 140 343 234
R I 0 -4 140 78 281 141
I T 0 3 78 94 93 15
T E 0 2 94 156 125 31
E Space -3 -1 156 171 94 -62
Space C 1 1 171 93 1248 1077
C L 1 -6 93 109 78 -15
L A 0 8 109 124 125 16
A S 0 -1 124 63 202 78
S S 0 0 63 125 156 93
S Space -2 -2 125 141 78 -47
Space I 3 -4 141 94 234 93
I N -2 2 94 109 63 -31
N Space -1 2 109 78 156 47
Space LShiftKey 1 4 78 562 109 31
LShiftKey U 2 -7 562 62 203 -359
U B -2 2 62 125 156 94
B Space -1 1 125 125 187 62
Space I 3 -4 125 94 187 62
I S -1 6 94 140 141 47
S Space -2 -2 140 94 62 -78
Space D 2 1 94 140 21887 21793
D I 1 -5 140 93 78 -62
I S -1 6 93 125 171 78
S T 1 -3 125 125 297 172
T R 0 1 125 125 249 124
R I 0 -4 125 110 78 -47
I B -2 3 110 141 203 93
B U 2 -2 141 110 109 -32
U T 0 2 110 94 172 62
T E 0 2 94 93 172 78
E D -1 0 93 110 171 78
D Space -2 -1 110 203 125 15
Space S 2 2 203 93 1545 1342
S Y 1 -4 93 109 93 0
Y S -1 4 109 109 94 -15
S T 1 -3 109 109 156 47
T E 0 2 109 141 140 31
E M -2 -4 141 109 125 -16
M S 1 5 109 110 218 109
S OemPeriod -1 -7 110 140 453 343
OemPeriod Space -1 5 140 172 187 47
Space LShiftKey 1 4 172 608 437 265
LShiftKey B 0 -5 608 109 452 -156
B C 0 2 109 63 468 359
C Back 3 -10 63 93 531 468
Back E -1 10 93 110 46 -47
E C -2 0 110 109 250 140
C A 1 2 109 140 125 16
A U 1 -6 140 109 109 -31
U S -1 5 109 93 125 16
S E 1 -1 93 124 125 32
E Space -3 -1 124 171 109 -15
Space T 3 -1 171 94 639 468
T H -1 -1 94 110 78 -16
H E 1 3 110 141 78 -32
E Space -3 -1 141 124 110 -31
Space C 1 1 124 109 1794 1670
C O 2 -6 109 156 93 -16
O U 0 2 156 124 63 -93
U R 0 3 124 93 109 -15
R S -1 2 93 94 140 47
S E 1 -1 94 125 156 62
E Space -3 -1 125 171 94 -31
Space Back 4 -9 171 936 811 640
Back S -2 11 936 63 2636 1700
S E 1 -1 63 125 141 78
E Space -3 -1 125 141 62 -63
Space I 3 -4 141 156 219 78
I N -2 2 156 109 93 -63
N Space -1 2 109 110 187 78
Space T 3 -1 110 110 156 46
T H -1 -1 110 78 78 -32
H A 0 5 78 140 63 -15
A T 1 -4 140 109 109 -31
T Space -3 1 109 125 31 -78
Space C 1 1 125 109 468 343
C O 2 -6 109 125 125 16
O U 0 2 125 125 62 -63
U R 0 3 125 93 110 -15
R S -1 2 93 93 156 63
S E 1 -1 93 93 187 94
E Space -3 -1 93 140 78 -15
Space LShiftKey 1 4 140 234 203 63
LShiftKey I 2 -8 234 124 78 -156
I Space -3 4 124 125 171 47
Space H 2 -2 125 125 125 0
H A 0 5 125 125 62 -63
A V -1 -3 125 78 110 -15
V E 2 1 78 109 109 31
E Space -3 -1 109 109 62 -47
Space L 2 -5 109 109 203 94
L E 1 6 109 94 78 -31
E A -1 2 94 109 156 62
A R 1 -3 109 125 78 -31
R N -2 -2 125 109 109 -16
N T 2 1 109 125 125 16
T Space -3 1 125 171 203 78
Space A 2 3 171 124 359 188
A Space -2 -3 124 125 452 328
Space L 2 -5 125 47 218 93
L O 1 0 47 63 156 109
O T 0 4 63 125 141 78
T Space -3 1 125 140 125 0
Space O 3 -5 140 63 514 374
O F -1 5 63 140 94 31
F Space -2 0 140 172 78 -62
Space T 3 -1 172 125 1778 1606
T H -1 -1 125 94 78 -47
H I 1 -2 94 124 188 94
I N -2 2 124 109 62 -62
N G 1 1 109 125 78 -31
G S 0 3 125 124 952 827
S Space -2 -2 124 187 93 -31
Space I 3 -4 187 109 702 515
I N -2 2 109 78 78 -31
N Space -1 2 78 78 109 31
Space T 3 -1 78 125 94 16
T H -1 -1 125 93 94 -31
H E 1 3 93 156 124 31
E Space -3 -1 156 125 78 -78
Space Back 4 -9 125 110 7098 6973
Back Back 0 0 110 63 203 93
Back Back 0 0 63 46 141 78
Back Back 0 0 46 62 109 63
Back Back 0 0 62 63 140 78
Back Back 0 0 63 62 141 78
Back Back 0 0 62 78 140 78
Back Back 0 0 78 78 125 47
Back Back 0 0 78 47 156 78
Back Back 0 0 47 78 125 78
Back Back 0 0 78 62 140 62
Back Back 0 0 62 78 125 63
Back Back 0 0 78 63 140 62
Back Back 0 0 63 63 156 93
Back C -3 10 63 94 437 374
C O 2 -6 94 124 328 234
O N -2 3 124 125 62 -62
N C 0 3 125 109 203 78
C E 2 0 109 125 187 78
E P 0 -7 125 78 140 15
P T 0 5 78 93 141 63
T S -1 3 93 94 218 125
S Space -2 -2 94 171 562 468
Space I 3 -4 171 93 359 188
I N -2 2 93 78 46 -47
N Space -1 2 78 156 188 110
Space T 3 -1 156 125 296 140
T H -1 -1 125 94 109 -16
H A 0 5 94 140 47 -47
A T 1 -4 140 125 125 -15
T Space -3 1 125 93 47 -78
Space A 2 3 93 110 202 109
A R 1 -3 110 125 141 31
R E 0 1 125 110 93 -32
E A -1 2 110 124 500 390
A Oemcomma -1 -7 124 78 187 63
Oemcomma Space -1 4 78 94 171 93
Space B 1 -1 94 109 110 16
B U 2 -2 109 93 78 -31
U T 0 2 93 125 483 390
T Space -3 1 125 141 187 62
Space S 2 2 141 94 172 31
S Back 2 -11 94 93 406 312
Back A -2 12 93 125 140 47
A L 0 -8 125 78 125 0
L S 0 7 78 140 187 109
S O 1 -7 140 110 62 -78
O Space -3 5 110 125 141 31
Space LShiftKey 1 4 125 327 281 156
LShiftKey I 2 -8 327 109 109 -218
I Space -3 4 109 172 171 62
Space H 2 -2 172 109 1436 1264
H A 0 5 109 125 93 -16
A V -1 -3 125 94 78 -47
V E 2 1 94 140 125 31
E Space -3 -1 140 125 109 -31
Space I 3 -4 125 78 234 109
I M -2 1 78 93 172 94
M P 2 -3 93 46 203 110
P L -1 1 46 62 156 110
L E 1 6 62 93 109 47
E M -2 -4 93 110 93 0
M E 2 4 110 172 125 15
E N -2 -3 172 109 94 -78
N T 2 1 109 109 62 -47
T E 0 2 109 63 156 47
E D -1 0 63 109 156 93
D Space -2 -1 109 156 78 -31
Space A 2 3 156 141 187 31
A Space -2 -3 141 109 94 -47
Space L 2 -5 109 62 203 94
L O 1 0 62 78 156 94
O T 0 4 78 110 93 15
T Space -3 1 110 124 110 0
Space O 3 -5 124 62 234 110
O F -1 5 62 141 93 31
F Space -2 0 141 125 78 -63
Space T 3 -1 125 78 921 796
T H -1 -1 78 94 46 -32
H E 1 3 94 156 156 62
E M -2 -4 156 63 78 -78
M Space -1 3 63 125 125 62
Space I 3 -4 125 125 390 265
I N -2 2 125 125 31 -94
N Space -1 2 125 140 422 297
Space Back 4 -9 140 47 2542 2402
Back Back 0 0 47 62 141 94
Back Back 0 0 62 78 140 78
Back O -1 4 78 109 375 297
O N -2 3 109 78 78 -31
N Space -1 2 78 94 171 93
Space T 3 -1 94 125 156 62
T H -1 -1 125 78 78 -47
H E 1 3 78 125 109 31
E Space -3 -1 125 109 63 -62
Space A 2 3 109 141 249 140
A N -1 -5 141 109 94 -47
N R 2 2 109 125 125 16
R O 0 -5 125 140 156 31
O I 0 1 140 110 249 109
I D -1 5 110 140 141 31
D Space -2 -1 140 156 78 -62
Space P 3 -6 156 78 733 577
P R 0 6 78 124 94 16
R O 0 -5 124 78 93 -31
O Back 1 -4 78 93 328 250
Back Back 0 0 93 63 171 78
Back Back 0 0 63 62 141 78
Back Back 0 0 62 63 140 78
Back Back 0 0 63 62 141 78
Back Back 0 0 62 63 124 62
Back Back 0 0 63 47 141 78
Back Back 0 0 47 47 140 93
Back D -2 10 47 93 297 250
D R 1 -1 93 125 140 47
R O 0 -5 125 62 125 0
O I 0 1 62 78 171 109
I D -1 5 78 125 94 16
D Space -2 -1 125 109 94 -31
Space P 3 -6 109 94 795 686
P L -1 1 94 62 203 109
L A 0 8 62 109 125 63
A T 1 -4 109 109 140 31
T F -1 1 109 109 234 125
F O 1 -5 109 93 94 -15
O R 0 5 93 171 156 63
R M -2 -3 171 187 78 -93
M Space -1 3 187 187 920 733
Space A 2 3 187 93 297 110
A Space -2 -3 93 109 140 47
Space S 2 2 109 171 47 -62
S Back 2 -11 171 62 468 297
Back Back 0 0 62 63 140 78
Back S -2 11 63 125 78 15
S Space -2 -2 125 125 109 -16
Space O 3 -5 125 156 734 609
O C -2 6 156 109 15 -141
C Back 3 -10 109 78 546 437
Back Back 0 0 78 94 156 78
Back C -3 10 94 141 109 15
C O 2 -6 141 156 141 0
O U 0 2 156 110 93 -63
U R 0 3 110 110 78 -32
R S -1 2 110 109 172 62
S E 1 -1 109 109 187 78
E Space -3 -1 109 141 78 -31
Space P 3 -6 141 78 250 109
P R 0 6 78 125 140 62
R O 0 -5 125 62 63 -62
O J -1 2 62 109 156 94
J E 1 4 109 94 93 -16
E C -2 0 94 125 203 109
C T 2 -2 125 94 218 93
T S -1 3 94 94 281 187
S OemPeriod -1 -7 94 172 187 93
OemPeriod Back 3 -4 172 78 1545 1373
Back OemPeriod -3 4 78 93 359 281
OemPeriod Back 3 -4 93 62 390 297
Back Back 0 0 62 62 140 78
Back Oemcomma -3 5 62 78 234 172
Oemcomma Back 3 -5 78 93 952 874
Back OemPeriod -3 4 93 78 374 281
OemPeriod Space -1 5 78 125 8611 8533
Space LShiftKey 1 4 125 452 297 172
LShiftKey T 2 -5 452 141 280 -172
T H -1 -1 141 109 266 125
H E 1 3 109 125 109 0
E Space -3 -1 125 109 78 -47
Space L 2 -5 109 94 218 109
L E 1 6 94 93 94 0
E A -1 2 93 109 140 47
A S 0 -1 109 125 125 16
S T 1 -3 125 125 203 78
T Space -3 1 125 187 125 0
Space C 1 1 187 109 1591 1404
C L 1 -6 109 94 93 -16
L A 0 8 94 94 94 0
A S 0 -1 94 78 172 78
S S 0 0 78 124 156 78
S Space -2 -2 124 203 93 -31
Space I 3 -4 203 109 468 265
I N -2 2 109 109 47 -62
N Space -1 2 109 171 203 94
Space C 1 1 171 141 2121 1950
C L 1 -6 141 109 188 47
L Back 2 -4 109 93 468 359
Back O -1 4 93 94 249 156
O L -1 0 94 47 281 187
L L 0 0 47 78 125 78
L E 1 6 78 93 234 156
E G -1 -2 93 109 343 250
G E 1 2 109 125 187 78
E Space -3 -1 125 202 531 406
Space I 3 -4 202 93 858 656
I S -1 6 93 125 124 31
S Space -2 -2 125 156 78 -47
Space T 3 -1 156 109 250 94
T H -1 -1 109 94 78 -31
H E 1 3 94 125 140 46
E Space -3 -1 125 140 63 -62
Space A 2 3 140 140 421 281
A L 0 -8 140 78 109 -31
L G 0 4 78 109 297 219
G O 1 -4 109 94 62 -47
O R 0 5 94 125 218 124
R I 0 -4 125 78 63 -62
I T 0 3 78 109 187 109
T H -1 -1 109 94 31 -78
H M -1 -1 94 109 234 140
M Back 3 -6 109 78 17394 17285
Back LShiftKey -3 13 78 1014 15538 15460
LShiftKey LShiftKey 0 0 1014 734 1466 452
LShiftKey I 2 -8 734 141 546 -188
I T 0 3 141 109 328 187
T Space -3 1 109 156 125 16
Space N 1 -2 156 140 1045 889
N O 2 -3 140 124 94 -46
O T 0 4 124 93 187 63
T Space -3 1 93 156 140 47
Space O 3 -5 156 94 624 468
O N -2 3 94 94 47 -47
N L 1 -3 94 78 156 62
L Y 1 3 78 78 172 94
Y Space -3 2 78 156 140 62
Space S 2 2 156 78 8299 8143
S Back 2 -11 78 78 796 718
Back S -2 11 78 94 1731 1653
S O 1 -7 94 109 250 156
O L -1 0 109 156 296 187
L I 1 1 156 141 78 -78
I D -1 5 141 78 188 47
D Back 2 -10 78 78 202 124
Back Back 0 0 78 62 141 63
Back Back 0 0 62 62 125 63
Back Back 0 0 62 62 140 78
Back Back 0 0 62 110 140 78
Back C -3 10 110 125 156 46
C O 2 -6 125 125 219 94
O N -2 3 125 109 78 -47
N S 1 4 109 156 281 172
S O 1 -7 156 62 140 -16
O L -1 0 62 140 156 94
L I 1 1 140 125 109 -31
I D -1 5 125 109 156 31
D A 0 2 109 125 281 172
A T 1 -4 125 109 156 31
T E 0 2 109 109 156 47
E Space -3 -1 109 156 94 -15
Space M 1 -3 156 94 327 171
M Y 2 1 94 78 219 125
Y K -1 -2 78 78 358 280
K N -1 2 78 125 172 94
N O 2 -3 125 46 328 203
O Back 1 -4 46 78 265 219
Back Back 0 0 78 47 156 78
Back Back 0 0 47 78 125 78
Back Space -4 9 78 141 124 46
Space K 2 -4 141 78 156 15
K N -1 2 78 94 156 78
N O 2 -3 94 63 203 109
O W 0 7 63 109 141 78
W L -1 -7 109 62 218 109
L E 1 6 62 125 140 78
E D -1 0 125 109 422 297
D G 0 -2 109 124 234 125
G E 1 2 124 140 109 -15
E Space -3 -1 140 188 171 31
Space I 3 -4 188 109 3573 3385
I N -2 2 109 93 78 -31
N Space -1 2 93 172 171 78
Space T 3 -1 172 93 2294 2122
T H -1 -1 93 109 93 0
H E 1 3 109 110 109 0
E Space -3 -1 110 109 94 -16
Space A 2 3 109 93 172 63
A R 1 -3 93 110 124 31
R E 0 1 110 47 141 31
E A -1 2 47 109 109 62
A Oemcomma -1 -7 109 78 203 94
Oemcomma Space -1 4 78 141 171 93
Space B 1 -1 141 94 125 -16
B U 2 -2 94 109 78 -16
U T 0 2 109 109 125 16
T Space -3 1 109 109 94 -15
Space S 2 2 109 46 156 47
S Back 2 -11 46 78 374 328
Back A -2 12 78 31 250 172
A L 0 -8 31 62 62 31
L Back 2 -4 62 109 562 500
Back Back 0 0 109 94 280 171
Back Back 0 0 94 93 9860 9766
Back Back 0 0 93 93 811 718
Back Back 0 0 93 78 187 94
Back Back 0 0 78 2668 156 78
Back Back 0 0 2668 47 2839 171
Back Back 0 0 47 78 406 359
Back Back 0 0 78 47 187 109
Back D1 0 12 47 124 5086 5039
D1 Back 0 -12 124 94 514 390
Back LShiftKey -3 13 94 234 63 -31
LShiftKey F 1 -4 234 125 109 -125
F I 1 -4 125 93 250 125
I R 0 4 93 109 78 -15
R S -1 2 109 93 156 47
S T 1 -3 93 125 124 31
T Space -3 1 125 125 94 -31
Space O 3 -5 125 125 218 93
O F -1 5 125 125 141 16
F Space -2 0 125 125 62 -63
Space A 2 3 125 140 219 94
A L 0 -8 140 62 78 -62
L L 0 0 62 78 140 78
L Oemcomma -1 1 78 125 187 109
Oemcomma Space -1 4 125 94 203 78
Space T 3 -1 94 109 125 31
T H -1 -1 109 78 78 -31
H E 1 3 78 140 109 31
E Space -3 -1 140 109 78 -62
Space I 3 -4 109 109 265 156
I N -2 2 109 109 63 -46
N S 1 4 109 125 93 -16
S T 1 -3 125 78 406 281
T R 0 1 78 109 203 125
R U 0 -3 109 124 78 -31
U C -2 4 124 93 811 687
C T 2 -2 93 78 203 110
T O 0 -4 78 63 124 46
O R 0 5 63 125 78 15
R Space -3 0 125 171 188 63
Space I 3 -4 171 78 249 78
I S -1 6 78 124 141 63
S Space -2 -2 124 141 46 -78
Space V 1 0 141 78 624 483
V E 2 1 78 78 188 110
E R 0 -1 78 156 46 -32
R Y 0 -2 156 93 110 -46
Y Space -3 2 93 124 156 63
Space G 2 -1 124 94 202 78
G O 1 -4 94 47 94 0
O O 0 0 47 78 125 78
O D -1 6 78 156 78 0
D Space -2 -1 156 140 109 -47
Space A 2 3 140 125 1248 1108
A T 1 -4 125 141 187 62
T Space -3 1 141 188 109 -32
Space T 3 -1 188 109 1529 1341
T E 0 2 109 125 156 47
E A -1 2 125 78 172 47
A H 0 -5 78 63 296 218
H Back 2 -7 63 78 390 327
Back C -3 10 78 140 125 47
C H 1 -3 140 94 140 0
H I 1 -2 94 140 188 94
I N -2 2 140 94 93 -47
N G 1 1 94 125 31 -63
G Oemcomma -1 -3 125 125 2808 2683
Oemcomma Space -1 4 125 109 297 172
Space H 2 -2 109 110 171 62
H E 1 3 110 125 94 -16
E Space -3 -1 125 140 94 -31
Space C 1 1 140 78 405 265
C A 1 2 78 140 141 63
A N -1 -5 140 125 46 -94
N Space -1 2 125 141 125 0
Space T 3 -1 141 94 3323 3182
T E 0 2 94 125 187 93
E L -1 -6 125 63 109 -16
L L 0 0 63 140 141 78
L Space -2 5 140 218 234 94
Space A 2 3 218 141 1731 1513
A Space -2 -3 141 188 1014 873
Space V 1 0 188 94 203 15
V E 2 1 94 140 203 109
E R 0 -1 140 172 78 -62
R Y 0 -2 172 94 62 -110
Y Space -3 2 94 125 156 62
Space C 1 1 125 141 156 31
C O 2 -6 141 125 125 -16
O M -2 2 125 124 63 -62
M P 2 -3 124 78 202 78
P L -1 1 78 140 219 141
L I 1 1 140 141 62 -78
I C -2 5 141 93 141 0
C A 1 2 93 140 109 16
A T 1 -4 140 109 125 -15
T E 0 2 109 94 124 15
E D -1 0 94 94 203 109
D Space -2 -1 94 156 63 -31
Space C 1 1 156 125 405 249
C O 2 -6 125 125 94 -31
O N -2 3 125 125 62 -63
N C 0 3 125 125 187 62
C E 2 0 125 125 234 109
E P 0 -7 125 125 94 -31
P T 0 5 125 109 156 31
T Space -3 1 109 125 125 16
Space I 3 -4 125 94 499 374
I N -2 2 94 78 62 -32
N Space -1 2 78 125 125 47
Space A 2 3 125 109 219 94
A Space -2 -3 109 156 93 -16
Space S 2 2 156 156 671 515
S I 1 -6 156 78 62 -94
I M -2 1 78 93 141 63
M L 1 -2 93 109 312 219
L Back 2 -4 109 93 390 281
Back P -1 3 93 31 296 203
P L -1 1 31 78 203 172
L E 1 6 78 140 156 78
E Space -3 -1 140 140 47 -93
Space W 3 2 140 140 265 125
W A -1 1 140 156 234 94
A Y 1 -5 156 78 94 -62
Y Space -3 2 78 109 156 78
Space S 2 2 109 140 296 187
S O 1 -7 140 93 94 -46
O Space -3 5 93 140 78 -15
Space I 3 -4 140 94 374 234
I T 0 3 94 109 125 31
T Space -3 1 109 109 62 -47
Space I 3 -4 109 94 234 125
I S -1 6 94 156 141 47
S Space -2 -2 156 172 46 -110
Space E 3 1 172 93 812 640
E A -1 2 93 62 187 94
A S 0 -1 62 125 156 94
S Y 1 -4 125 78 109 -16
Y Space -3 2 78 140 94 16
Space F 2 0 140 109 187 47
F O 1 -5 109 78 93 -16
O R 0 5 78 109 125 47
R Space -3 0 109 94 78 -31
Space T 3 -1 94 93 141 47
T H -1 -1 93 93 78 -15
H E 1 3 93 141 93 0
E Space -3 -1 141 141 109 -32
Space S 2 2 141 94 234 93
S T 1 -3 94 125 141 47
T U 0 -2 125 109 78 -47
U D -1 4 109 78 156 47
D E 1 0 78 156 156 78
E N -2 -3 156 110 93 -63
N T 2 1 110 125 63 -47
T Space -3 1 125 109 109 -16
Space T 3 -1 109 140 172 63
T O 0 -4 140 125 62 -78
O Space -3 5 125 78 78 -47
Space U 3 -3 78 78 172 94
U N -2 1 78 94 171 93
N D 1 3 94 109 47 -47
D E 1 0 109 187 187 78
E R 0 -1 187 156 78 -109
R S -1 2 156 109 375 219
S A 0 1 109 140 218 109
A Back 2 -12 140 78 608 468
Back T -1 8 78 109 94 16
T A -1 4 109 156 140 31
A N -1 -5 156 125 125 -31
N T 2 1 125 125 94 -31
T Back 1 -8 125 94 577 452
Back D -2 10 94 156 109 15
D OemPeriod -1 -6 156 63 234 78
OemPeriod Space -1 5 63 156 499 436
Space LShiftKey 1 4 156 1701 1061 905
LShiftKey A 1 -1 1701 172 1482 -219
A L 0 -8 172 94 468 296
L S 0 7 94 141 234 140
S O 1 -7 141 109 94 -47
O Space -3 5 109 156 125 16
Space T 3 -1 156 109 249 93
T H -1 -1 109 93 94 -15
H E 1 3 93 109 78 -15
E R 0 -1 109 141 93 -16
R E 0 1 141 172 125 -16
E Space -3 -1 172 156 94 -78
Space A 2 3 156 156 468 312
A R 1 -3 156 125 140 -16
R E 0 1 125 156 94 -31
E Space -3 -1 156 188 93 -63
Space A 2 3 188 140 375 187
A Space -2 -3 140 110 93 -47
Space L 2 -5 110 62 188 78
L O 1 0 62 63 171 109
O T 0 4 63 110 109 46
T Space -3 1 110 110 78 -32
Space O 3 -5 110 31 219 109
O F -1 5 31 172 31 0
F Space -2 0 172 156 172 0
Space P 3 -6 156 156 1996 1840
P R 0 6 156 141 203 47
R O 0 -5 141 94 109 -32
O G -1 4 94 140 484 390
G R 1 1 140 93 281 141
R A -1 3 93 109 218 125
A M -1 -6 109 47 156 47
M M 0 0 47 94 125 78
M I 2 -1 94 93 203 109
I N -2 2 93 93 47 -46
N G 1 1 93 125 62 -31
G Space -2 1 125 94 140 15
Space A 2 3 94 109 1233 1139
A S 0 -1 109 46 203 94
S S 0 0 46 109 140 94
S I 1 -6 109 94 78 -31
I G -1 3 94 125 125 31
G N -1 -1 125 140 125 0
N E 2 3 140 94 202 62
E D -1 0 94 109 203 109
D Back 2 -10 109 62 359 250
Back Back 0 0 62 94 140 78
Back M -3 6 94 78 578 484
M E 2 4 78 156 109 31
E N -2 -3 156 94 62 -94
N T 2 1 94 140 63 -31
T Space -3 1 140 156 140 0
Space I 3 -4 156 94 312 156
I N -2 2 94 109 47 -47
N Space -1 2 109 78 109 0
Space T 3 -1 78 141 62 -16
T H -1 -1 141 93 110 -31
H E 1 3 93 156 109 16
E Space -3 -1 156 125 62 -94
Space P 3 -6 125 93 375 250
P R 0 6 93 109 140 47
R O 0 -5 109 94 78 -31
O Back 1 -4 94 78 671 577
Back Back 0 0 78 62 156 78
Back Back 0 0 62 94 140 78
Back Back 0 0 94 78 406 312
Back Back 0 0 78 78 172 94
Back Back 0 0 78 62 702 624
Back Back 0 0 62 94 140 78
Back T -1 8 94 124 172 78
T H -1 -1 124 78 156 32
H A 0 5 78 156 46 -32
A T 1 -4 156 125 125 -31
T Space -3 1 125 156 156 31
Space C 1 1 156 140 593 437
C O 2 -6 140 125 125 -15
O U 0 2 125 109 47 -78
U R 0 3 109 109 93 -16
R S -1 2 109 109 156 47
S E 1 -1 109 109 172 63
E Oemcomma -2 -5 109 63 483 374
Oemcomma Space -1 4 63 141 203 140
Space I 3 -4 141 78 3885 3744
I T 0 3 78 109 78 0
T Space -3 1 109 156 78 -31
Space N 1 -2 156 156 499 343
N O 2 -3 156 125 93 -63
O T 0 4 125 125 125 0
T Space -3 1 125 109 78 -47
Space M 1 -3 109 125 343 234
M Back 3 -6 125 78 422 297
Back O -1 4 78 188 202 124
O N -2 3 188 78 141 -47
N L 1 -3 78 78 171 93
L Y 1 3 78 94 156 78
Y Space -3 2 94 140 141 47
Space C 1 1 140 156 998 858
C O 2 -6 156 109 94 -62
O N -2 3 109 109 47 -62
N S 1 4 109 140 156 47
S O 1 -7 140 78 78 -62
O L -1 0 78 172 327 249
L I 1 1 172 125 109 -63
I D -1 5 125 109 141 16
D A 0 2 109 125 296 187
A T 1 -4 125 93 141 16
T E 0 2 93 140 109 16
E Space -3 -1 140 140 125 -15
Space M 1 -3 140 93 234 94
M Y 2 1 93 62 218 125
Y Space -3 2 62 125 109 47
Space U 3 -3 125 78 203 78
U N -2 1 78 78 172 94
N D 1 3 78 109 62 -16
D E 1 0 109 140 172 63
E R 0 -1 140 125 62 -78
R S -1 2 125 110 218 93
S T 1 -3 110 140 250 140
T A -1 4 140 140 312 172
A N -1 -5 140 125 218 78
N D 1 3 125 125 141 16
D I 1 -5 125 109 125 0
I N -2 2 109 78 78 -31
N G 1 1 78 140 31 -47
G Space -2 1 140 109 109 -31
Space I 3 -4 109 109 172 63
I N -2 2 109 110 46 -63
N Space -1 2 110 156 125 15
Space D 2 1 156 140 1030 874
D I 1 -5 140 110 93 -47
I Back 1 -5 110 78 578 468
Back Back 0 0 78 109 156 78
Back C -3 10 109 125 421 312
C O 2 -6 125 141 93 -32
O N -2 3 141 125 78 -63
N C 0 3 125 93 219 94
C E 2 0 93 124 203 110
E P 0 -7 124 109 140 16
P T 0 5 109 93 125 16
T S -1 3 93 125 187 94
S Space -2 -2 125 125 109 -16
Space I 3 -4 125 125 203 78
I N -2 2 125 110 62 -63
N Space -1 2 110 172 125 15
Space Back 4 -9 172 203 967 795
Back Back 0 0 203 125 281 78
Back Back 0 0 125 62 531 406
Back O -1 4 62 78 234 172
O F -1 5 78 125 124 46
F Space -2 0 125 140 63 -62
Space LShiftKey 1 4 140 468 624 484
LShiftKey D 1 -3 468 124 281 -187
D I 1 -5 124 109 296 172
I S -1 6 109 124 94 -15
S T 1 -3 124 78 296 172
T R 0 1 78 124 172 94
R U 0 -3 124 110 124 0
U Back 1 -6 110 94 437 327
Back I -1 5 94 93 250 156
I B -2 3 93 140 125 32
B U 2 -2 140 109 218 78
U T 0 2 109 93 125 16
T E 0 2 93 109 109 16
E D -1 0 109 156 265 156
D Space -2 -1 156 172 109 -47
Space LShiftKey 1 4 172 218 687 515
LShiftKey S 1 -2 218 140 109 -109
S Y 1 -4 140 94 218 78
Y S -1 4 94 125 94 0
S T 1 -3 125 78 234 109
T E 0 2 78 109 187 109
E M -2 -4 109 93 94 -15
M Space -1 3 93 141 374 281
Space B 1 -1 141 93 172 31
B U 2 -2 93 93 78 -15
U T 0 2 93 124 125 32
T Space -3 1 124 171 78 -46
Space A 2 3 171 125 327 156
A L 0 -8 125 78 94 -31
L S 0 7 78 140 265 187
S O 1 -7 140 156 109 -31
O Space -3 5 156 156 156 0
Space P 3 -6 156 109 359 203
P R 0 6 109 141 140 31
R I 0 -4 141 109 110 -31
I Back 1 -5 109 109 577 468
Back A -2 12 109 125 249 140
A C -1 -2 125 78 266 141
C T 2 -2 78 93 187 109
T I 0 -3 93 78 93 0
I S -1 6 78 78 422 344
S E 1 -1 78 124 156 78
E Space -3 -1 124 172 93 -31
Space Back 4 -9 172 78 733 561
Back Back 0 0 78 62 172 94
Back Back 0 0 62 47 125 63
Back Back 0 0 47 78 140 93
Back I -1 5 78 62 827 749
I C -2 5 62 94 109 47
C S 1 1 94 47 406 312
S E 1 -1 47 218 31 -16
E Space -3 -1 218 187 234 16
Space Back 4 -9 187 78 468 281
Back Back 0 0 78 78 140 62
Back Back 0 0 78 78 141 63
Back Back 0 0 78 94 140 62
Back Back 0 0 94 78 172 78
Back I -1 5 78 94 1123 1045
I C -2 5 94 63 421 327
C E 2 0 63 141 187 124
E Space -3 -1 141 203 63 -78
Space Y 3 -2 203 94 717 514
Y Back 1 -7 94 78 375 281
Back M -3 6 78 78 249 171
M Y 2 1 78 78 203 125
Y Space -3 2 78 125 94 16
Space S 2 2 125 124 281 156
S K 0 -6 124 62 78 -46
K I 1 0 62 110 124 62
I I 0 0 110 63 234 124
I L -1 -1 63 110 312 249
L Back 2 -4 110 78 297 187
Back Back 0 0 78 94 140 62
Back L -2 4 94 78 265 171
L L 0 0 78 125 141 63
L Space -2 5 125 125 156 31
Space I 3 -4 125 172 187 62
I N -2 2 172 124 94 -78
N Space -1 2 124 156 124 0
Space A 2 3 156 109 203 47
A N -1 -5 109 109 63 -46
N D 1 3 109 140 109 0
D R 1 -1 140 141 140 0
R O 0 -5 141 94 78 -63
O I 0 1 94 109 156 62
I D -1 5 109 125 125 16
D Space -2 -1 125 156 62 -63
Space P 3 -6 156 109 297 141
P R 0 6 109 109 156 47
R O 0 -5 109 94 62 -47
O G -1 4 94 94 156 62
G R 1 1 94 78 172 78
R A -1 3 78 109 156 78
A M -1 -6 109 63 93 -16
M M 0 0 63 109 125 62
M I 2 -1 109 156 172 63
I N -2 2 156 109 78 -78
N G 1 1 109 125 62 -47
G OemPeriod -1 -4 125 93 141 16
OemPeriod Space -1 5 93 187 1981 1888
Space LShiftKey 1 4 187 343 359 172
LShiftKey T 2 -5 343 125 187 -156
T H -1 -1 125 93 281 156
H E 1 3 93 78 93 0
E Space -3 -1 78 141 31 -47
Space L 2 -5 141 93 500 359
L E 1 6 93 109 78 -15
E A -1 2 109 109 171 62
A S 0 -1 109 109 172 63
S T 1 -3 109 125 171 62
T Space -3 1 125 187 172 47
Space F 2 0 187 141 3338 3151
F A 0 3 141 109 203 62
A V -1 -3 109 125 156 47
V O 2 -5 125 109 546 421
O R 0 5 109 94 125 16
R I 0 -4 94 110 140 46
I T 0 3 110 63 125 15
T E 0 2 63 125 109 46
E Space -3 -1 125 109 94 -31
Space C 1 1 109 93 203 94
C L 1 -6 93 78 78 -15
L A 0 8 78 62 125 47
A S 0 -1 62 78 156 94
S S 0 0 78 124 156 78
S Space -2 -2 124 141 15 -109
Space I 3 -4 141 125 234 93
I N -2 2 125 125 47 -78
N Space -1 2 125 140 250 125
Space T 3 -1 140 125 280 140
T H -1 -1 125 94 78 -47
H E 1 3 94 141 78 -16
E Space -3 -1 141 109 110 -31
Space C 1 1 109 63 249 140
C O 2 -6 63 78 16 -47
O L -1 0 78 62 203 125
L L 0 0 62 94 124 62
L E 1 6 94 140 375 281
E G -1 -2 140 78 281 141
G E 1 2 78 109 140 62
E Space -3 -1 109 140 172 63
Space I 3 -4 140 94 218 78
I S -1 6 94 125 109 15
S Space -2 -2 125 125 78 -47
Space A 2 3 125 94 40950 40825
A D 0 -2 94 109 156 62
D V -1 -1 109 78 234 125
V N 0 -2 78 109 250 172
N Back 3 -7 109 109 499 390
Back A -2 12 109 156 125 16
A N -1 -5 156 124 125 -31
N C 0 3 124 109 140 16
C E 2 0 109 78 203 94
E D -1 0 78 109 187 109
D Space -2 -1 109 156 94 -15
Space M 1 -3 156 125 327 171
M A 1 6 125 109 94 -31
A T 1 -4 109 94 218 109
T H -1 -1 94 156 47 -47
H OemPeriod -1 -3 156 218 3900 3744
OemPeriod Space -1 5 218 203 437 219
Space LShiftKey 1 4 203 515 6115 5912
LShiftKey T 2 -5 515 140 328 -187
T H -1 -1 140 109 218 78
H E 1 3 109 141 140 31
E Space -3 -1 141 125 63 -78
Space I 3 -4 125 125 1045 920
I N -2 2 125 125 78 -47
N S 1 4 125 156 686 561
S T 1 -3 156 94 312 156
T R 0 1 94 109 219 125
R U 0 -3 109 125 125 16
U C -2 4 125 109 234 109
C T 2 -2 109 93 203 94
T O 0 -4 93 125 109 16
O R 0 5 125 141 140 15
R Space -3 0 141 140 125 -16
Space C 1 1 140 109 562 422
C A 1 2 109 141 171 62
A N -1 -5 141 109 63 -78
N Space -1 2 109 109 62 -47
Space M 1 -3 109 124 172 63
M A 1 6 124 110 124 0
A K 0 -7 110 125 47 -63
K E 1 5 125 141 156 31
E Space -3 -1 141 156 94 -47
Space I 3 -4 156 109 281 125
I T 0 3 109 109 156 47
T Space -3 1 109 124 78 -31
Space M 1 -3 124 141 171 47
M O 2 -2 141 125 78 -63
O R 0 5 125 78 109 -16
R E 0 1 78 140 32 -46
E Space -3 -1 140 109 62 -78
Space I 3 -4 109 93 203 94
I N -2 2 93 110 171 78
N T 2 1 110 78 219 109
T E 0 2 78 156 156 78
E R 0 -1 156 125 78 -78
R E 0 1 125 109 296 171
E S -1 1 109 109 156 47
S T 1 -3 109 109 156 47
T I 0 -3 109 109 156 47
I N -2 2 109 109 63 -46
N G 1 1 109 125 62 -47
G Space -2 1 125 156 187 62
Space B 1 -1 156 109 640 484
B Y 2 -1 109 78 109 0
Y Space -3 2 78 93 125 47
Space U 3 -3 93 78 171 78
U S -1 5 78 125 94 16
S I 1 -6 125 140 94 -31
I N -2 2 140 94 93 -47
N G 1 1 94 124 63 -31
G Space -2 1 124 140 156 32
Space C 1 1 140 124 6318 6178
C O 2 -6 124 125 109 -15
O M -2 2 125 109 62 -63
M P 2 -3 109 94 203 94
P U 0 3 94 110 140 46
U T 0 2 110 78 94 -16
T E 0 2 78 125 187 109
E R 0 -1 125 141 78 -47
R Space -3 0 141 188 109 -32
Space A 2 3 188 141 3323 3135
A N -1 -5 141 93 94 -47
N I 2 -2 93 94 218 125
I M -2 1 94 109 484 390
M A 1 6 109 109 109 0
A T 1 -4 109 125 156 47
T I 0 -3 125 78 62 -63
I O 0 -1 78 78 172 94
O N -2 3 78 109 156 78
N Space -1 2 109 140 156 47
Space T 3 -1 140 125 281 141
T O 0 -4 125 156 62 -63
O Space -3 5 156 109 94 -62
Space M 1 -3 109 78 1482 1373
M A 1 6 78 109 78 0
A K 0 -7 109 93 78 -31
K E 1 5 93 140 78 -15
E Space -3 -1 140 156 109 -31
Space C 1 1 156 78 1420 1264
C O 2 -6 78 141 280 202
O N -2 3 141 125 78 -63
N E 2 3 125 78 125 0
E C -2 0 78 140 718 640
C Back 3 -10 140 47 374 234
Back Back 0 0 47 125 125 78
Back C -3 10 125 94 78 -47
C E 2 0 94 125 187 93
E P 0 -7 125 125 172 47
P T 0 5 125 140 109 -16
T Space -3 1 140 109 156 16
Space M 1 -3 109 156 562 453
M O 2 -2 156 140 62 -94
O R 0 5 140 125 140 0
R E 0 1 125 156 63 -62
E Space -3 -1 156 188 93 -63
Space E 3 1 188 94 437 249
E A -1 2 94 94 187 93
A S 0 -1 94 140 172 78
S Y 1 -4 140 109 109 -31
Y Back 1 -7 109 94 546 437
Back I -1 5 94 94 390 296
I L -1 -1 94 94 390 296
L Y 1 3 94 109 219 125
Y Space -3 2 109 187 140 31
Space U 3 -3 187 62 406 219
U N -2 1 62 109 156 94
N D 1 3 109 93 156 47
D E 1 0 93 141 171 78
E R 0 -1 141 141 78 -63
R Back 1 -9 141 78 437 296
Back Back 0 0 78 203 156 78
Back Back 0 0 203 63 265 62
Back Back 0 0 63 62 141 78
Back Back 0 0 62 93 156 94
Back T -1 8 93 140 296 203
T O 0 -4 140 141 62 -78
O Space -3 5 141 125 94 -47
Space U 3 -3 125 78 218 93
U N -2 1 78 78 172 94
N D 1 3 78 125 47 -31
D E 1 0 125 140 187 62
E R 0 -1 140 125 78 -62
R T 0 -1 125 125 374 249
T A -1 4 125 156 328 203
A Back 2 -12 156 172 390 234
Back Back 0 0 172 62 172 0
Back S -2 11 62 125 15 -47
S T 1 -3 125 109 94 -31
T A -1 4 109 156 234 125
A N -1 -5 156 140 156 0
N D 1 3 140 156 390 250
D OemPeriod -1 -6 156 203 265 109
OemPeriod Back 3 -4 203 109 15007 14804
Back LShiftKey -3 13 109 374 843 734
LShiftKey M 0 -7 374 94 140 -234
M Y 2 1 94 78 234 140
Y Space -3 2 78 125 140 62
Space F 2 0 125 125 281 156
F U 1 -3 125 109 63 -62
U T 0 2 109 140 234 125
T U 0 -2 140 94 124 -16
U R 0 3 94 140 141 47
R E 0 1 140 156 109 -31
E Space -3 -1 156 172 78 -78
Space C 1 1 172 125 842 670
C A 1 2 125 124 266 141
A R 1 -3 124 109 187 63
R E 0 1 109 78 281 172
E E 0 0 78 124 156 78
E R 0 -1 124 156 124 0
R Space -3 0 156 171 110 -46
Space P 3 -6 171 93 889 718
P L -1 1 93 78 234 141
L A 0 8 78 110 93 15
A N -1 -5 110 125 78 -32
N Space -1 2 125 125 156 31
Space I 3 -4 125 78 687 562
I S -1 6 78 124 125 47
S Space -2 -2 124 156 46 -78
Space T 3 -1 156 110 546 390
T O 0 -4 110 141 78 -32
O Space -3 5 141 110 78 -63
Space W 3 2 110 125 172 62
W O 0 -7 125 94 78 -47
O R 0 5 94 141 109 15
R K -1 -4 141 94 109 -32
K Space -2 4 94 297 1014 920
Space I 3 -4 297 94 624 327
I N -2 2 94 140 16 -78
N Back 3 -7 140 94 546 406
Back Back 0 0 94 78 172 78
Back F -2 9 78 124 156 78
F O 1 -5 124 78 109 -15
O R 0 5 78 140 109 31
R Space -3 0 140 141 62 -78
Space A 2 3 141 140 328 187
A Space -2 -3 140 141 62 -78
Space I 3 -4 141 93 1904 1763
I N -2 2 93 140 187 94
N T 2 1 140 78 109 -31
T E 0 2 78 156 109 31
E R 0 -1 156 110 109 -47
R N -2 -2 110 124 266 156
N E 2 3 124 172 46 -78
E T 0 -2 172 140 110 -62
T Space -3 1 140 188 124 -16
Space O 3 -5 188 109 359 171
O Back 1 -4 109 94 468 359
Back C -3 10 94 140 125 31
C O 2 -6 140 110 140 0
O M -2 2 110 141 125 15
M P 2 -3 141 109 250 109
P A -1 9 109 187 203 94
A N -1 -5 187 110 46 -141
N Y 2 0 110 125 219 109
Y OemPeriod -2 -3 125 203 452 327
OemPeriod Space -1 5 203 203 250 47
Space Right 0 -9 203 78 13572 13369
Right N 1 7 78 78 1045 967
N Back 3 -7 78 94 4914 4836
Back Right -4 0 94 109 702 608
Right Back 4 0 109 78 296 187
Back Space -4 9 78 109 437 359
Space A 2 3 109 156 3198 3089
A N -1 -5 156 109 47 -109
N Space -1 2 109 125 140 31
Space C 1 1 125 156 172 47
C O 2 -6 156 109 94 -62
O M -2 2 109 109 78 -31
M Back 3 -6 109 78 624 515
Back Back 0 0 78 62 156 78
Back Back 0 0 62 47 124 62
Back Back 0 0 47 63 125 78
Back Back 0 0 63 109 156 93
Back Space -4 9 109 156 359 250
Space C 1 1 156 94 218 62
C O 2 -6 94 62 94 0
O M -2 2 62 125 125 63
M P 2 -3 125 93 203 78
P A -1 9 93 187 187 94
A N -1 -5 187 93 78 -109
N Y 2 0 93 93 203 110
Y Space -3 2 93 124 156 63
Space F 2 0 124 94 249 125
F Back 2 -9 94 78 421 327
Back T -1 8 78 109 141 63
T H -1 -1 109 109 62 -47
H A 0 5 109 125 125 16
A T 1 -4 125 140 94 -31
T Space -3 1 140 156 93 -47
Space M 1 -3 156 94 593 437
M A 1 6 94 94 62 -32
A K 0 -7 94 78 94 0
K E 1 5 78 110 62 -16
E S -1 1 110 156 172 62
S Space -2 -2 156 156 125 -31
Space G 2 -1 156 109 343 187
G R 1 1 109 125 234 125
R E 0 1 125 109 2964 2839
E A -1 2 109 93 172 63
A T 1 -4 93 141 93 0
T Space -3 1 141 202 141 0
Space P 3 -6 202 94 452 250
P R 0 6 94 109 94 0
R O 0 -5 109 93 78 -31
O D -1 6 93 78 202 109
D U 1 -4 78 124 32 -46
U C -2 4 124 94 171 47
C T 2 -2 94 125 172 78
T Space -3 1 125 172 109 -16
Space O 3 -5 172 93 1108 936
O R 0 5 93 110 124 31
R Space -3 0 110 140 63 -47
Space D 2 1 140 109 281 141
D E 1 0 109 125 187 78
E L -1 -6 125 140 156 31
L I 1 1 140 125 62 -78
I E 0 5 125 140 125 0
E V -2 -1 140 109 234 94
V E 2 1 109 156 172 63
E R 0 -1 156 141 93 -63
R Space -3 0 141 172 156 15
Space G 2 -1 172 78 640 468
G Back 2 -8 78 78 421 343
Back Back 0 0 78 78 156 78
Back Back 0 0 78 78 156 78
Back Back 0 0 78 46 172 94
Back Back 0 0 46 62 140 94
Back Back 0 0 62 62 125 63
Back Back 0 0 62 78 125 63
Back Back 0 0 78 62 140 62
Back Back 0 0 62 110 140 78
Back Back 0 0 110 93 344 234
Back D -2 10 93 125 358 265
D E 1 0 125 109 188 63
E L -1 -6 109 125 202 93
L I 1 1 125 125 47 -78
I E 0 5 125 78 858 733
E V -2 -1 78 94 187 109
V E 2 1 94 125 156 62
E R 0 -1 125 125 78 -47
R Space -3 0 125 187 110 -15
Space Back 4 -9 187 62 1170 983
Back Back 0 0 62 78 156 94
Back Back 0 0 78 78 405 327
Back Back 0 0 78 63 187 109
Back Back 0 0 63 110 156 93
Back V -3 9 110 109 1233 1123
V E 2 1 109 125 187 78
E R 0 -1 125 141 62 -63
R Space -3 0 141 203 125 -16
Space Back 4 -9 203 78 531 328
Back S -2 11 78 141 249 171
S Space -2 -2 141 171 63 -78
Space G 2 -1 171 93 421 250
G R 1 1 93 171 234 141
R Back 1 -9 171 78 421 250
Back Back 0 0 78 94 156 78
Back G -2 8 94 78 1155 1061
G R 1 1 78 125 218 140
R E 0 1 125 109 94 -31
E A -1 2 109 125 140 31
A T 1 -4 125 124 94 -31
T Space -3 1 124 187 109 -15
Space S 2 2 187 94 530 343
S E 1 -1 94 109 156 62
E R 0 -1 109 109 47 -62
R V -2 0 109 109 234 125
V I 2 -4 109 109 109 0
I C -2 5 109 62 141 32
C E 2 0 62 109 171 109
E Space -3 -1 109 187 78 -31
Space T 3 -1 187 125 1092 905
T O 0 -4 125 156 63 -62
O Space -3 5 156 140 78 -78
Space H 2 -2 140 93 2293 2153
H U 1 -1 93 78 171 78
U N -2 1 78 78 172 94
N D 1 3 78 110 140 62
D E 1 0 110 125 203 93
E R 0 -1 125 141 78 -47
R E 0 1 141 94 359 218
E D -1 0 94 156 218 124
D Back 2 -10 156 62 375 219
Back Back 0 0 62 63 140 78
Back Back 0 0 63 62 125 62
Back Back 0 0 62 63 140 78
Back R -1 9 63 109 609 546
R E 0 1 109 109 78 -31
E D -1 0 109 125 234 125
D S 0 1 125 140 234 109
S Space -2 -2 140 125 1934 1794
Space O 3 -5 125 78 203 78
O F -1 5 78 156 94 16
F Space -2 0 156 109 78 -78
Space M 1 -3 109 140 218 109
M I 2 -1 140 125 62 -78
I L -1 -1 125 46 344 219
L L 0 0 46 93 109 63
L I 1 1 93 94 171 78
I O 0 -1 94 78 203 109
O N -2 3 78 93 172 94
N S 1 4 93 156 140 47
S Space -2 -2 156 171 219 63
Space O 3 -5 171 78 1762 1591
O F -1 5 78 124 110 32
F Space -2 0 124 141 46 -78
Space U 3 -3 141 78 281 140
U S -1 5 78 78 94 16
S E 1 -1 78 124 125 47
E R 0 -1 124 125 46 -78
R S -1 2 125 140 188 63
S OemPeriod -1 -7 140 172 296 156
OemPeriod Space -1 5 172 156 8798 8626
Space Back 4 -9 156 62 14056 13900
Back Y -1 7 62 62 484 422
Y Right -3 -7 62 156 920 858
Right Right 0 0 156 1295 187 31
Right Right 0 0 1295 47 1451 156
Right Right 0 0 47 47 156 109
Right Right 0 0 47 62 125 78
Right Right 0 0 62 47 140 78
Right S 2 11 47 124 1389 1342
S LShiftKey -1 2 124 312 11637 11513
LShiftKey I 2 -8 312 125 109 -203
I N -2 2 125 93 219 94
N Space -1 2 93 125 171 78
Space F 2 0 125 109 609 484
F I 1 -4 109 94 62 -47
I V -2 4 94 93 141 47
V E 2 1 93 109 140 47
E Space -3 -1 109 125 920 811
Space Y 3 -2 125 110 624 499
Y E 0 3 110 94 78 -32
E A -1 2 94 125 156 62
A R 1 -3 125 94 94 -31
R S -1 2 94 109 172 78
S Space -2 -2 109 171 343 234
Space LShiftKey 1 4 171 234 437 266
LShiftKey I 2 -8 234 172 62 -172
I Space -3 4 172 141 140 -32
Space W 3 2 141 172 1342 1201
W O 0 -7 172 171 172 0
O U 0 2 171 94 124 -47
U L -1 -2 94 78 156 62
L D 0 6 78 109 125 47
D Space -2 -1 109 109 63 -46
Space P 3 -6 109 78 218 109
P R 0 6 78 110 140 62
R O 0 -5 110 62 63 -47
O B -2 4 62 109 359 297
B R 2 1 109 94 296 187
R A -1 3 94 125 218 124
A Back 2 -12 125 62 1545 1420
Back Back 0 0 62 78 156 94
Back A -2 12 78 109 1045 967
A B -1 -4 109 109 234 125
B L 1 -4 109 125 296 187
L I 1 1 125 94 827 702
I Back 1 -5 94 78 1279 1185
Back Y -1 7 78 93 219 141
Y Space -3 2 93 171 156 63
Space W 3 2 171 125 780 609
W O 0 -7 125 93 78 -47
O R 0 5 93 140 109 16
R K -1 -4 140 94 109 -31
K Space -2 4 94 156 1482 1388
Space F 2 0 156 94 156 0
F O 1 -5 94 78 94 0
O R 0 5 78 125 93 15
R Space -3 0 125 156 78 -47
Space G 2 -1 156 109 2715 2559
G O 1 -4 109 62 234 125
O O 0 0 62 78 140 78
O G -1 4 78 140 172 94
G L 0 -4 140 78 78 -62
L E 1 6 78 125 187 109
E Space -3 -1 125 171 172 47
Space Back 4 -9 171 94 1216 1045
Back Oemcomma -3 5 94 78 328 234
Oemcomma Space -1 4 78 125 140 62
Space I 3 -4 125 78 390 265
I Back 1 -5 78 110 624 546
Back F -2 9 110 109 1155 1045
F A 0 3 109 109 125 16
A C -1 -2 109 78 234 125
C E 2 0 78 109 171 93
E B -2 -2 109 109 250 141
B O 2 -4 109 31 109 0
O O 0 0 31 94 109 78
O K -1 1 94 110 187 93
K Space -2 4 110 172 203 93
Space Back 4 -9 172 1123 1638 1466
Back R -1 9 1123 109 1872 749
R Space -3 0 109 140 94 -15
Space A 2 3 140 109 156 16
A Space -2 -3 109 141 62 -47
Space C 1 1 141 125 655 514
C O 2 -6 125 124 110 -15
O M -2 2 124 125 62 -62
M P 2 -3 125 109 187 62
P A -1 9 109 141 187 78
A Y 1 -5 141 94 94 -47
Y Space -3 2 94 109 125 31
Space Back 4 -9 109 78 1061 952
Back Back 0 0 78 78 171 93
Back N -3 7 78 78 265 187
N Y 2 0 78 63 203 125
Y Space -3 2 63 141 156 93
Space L 2 -5 141 93 796 655
L I 1 1 93 94 62 -31
I K -1 0 94 93 172 78
K E 1 5 93 140 125 32
E Space -3 -1 140 140 31 -109
Space G 2 -1 140 109 265 125
G O 1 -4 109 62 47 -62
O O 0 0 62 93 125 63
O D -1 6 93 140 452 359
D Back 2 -10 140 62 484 344
Back Back 0 0 62 62 156 94
Back O -1 4 62 78 577 515
O G -1 4 78 109 156 78
G L 0 -4 109 78 109 0
L E 1 6 78 156 125 47
E Space -3 -1 156 78 171 15
Space Back 4 -9 78 78 375 297
Back Oemcomma -3 5 78 78 249 171
Oemcomma Space -1 4 78 125 125 47
Space F 2 0 125 124 219 94
F A 0 3 124 109 140 16
A C -1 -2 109 93 203 94
C E 2 0 93 109 187 94
E B -2 -2 109 109 390 281
B O 2 -4 109 47 109 0
O O 0 0 47 94 109 62
O K -1 1 94 93 188 94
K Space -2 4 93 125 358 265
Space O 3 -5 125 94 234 109
O R 0 5 94 109 141 47
R Space -3 0 109 156 47 -62
Space S 2 2 156 140 733 577
S O 1 -7 140 78 93 -47
O M -2 2 78 140 141 63
M E 2 4 140 141 15 -125
E O 0 -6 141 78 702 561
O T 0 4 78 109 125 47
T H -1 -1 109 94 109 0
H E 1 3 94 172 94 0
E R 0 -1 172 124 94 -78
R Space -3 0 124 172 46 -78
Space Back 4 -9 172 890 1092 920
Back R -1 9 890 109 1670 780
R Space -3 0 109 171 78 -31
Space A 2 3 171 140 312 141
A Space -2 -3 140 187 62 -78
Space S 2 2 187 110 452 265
S T 1 -3 110 78 172 62
T A -1 4 78 125 62 -16
A R 1 -3 125 78 110 -15
R T 0 -1 78 109 156 78
T U 0 -2 109 94 218 109
U P 0 -3 94 125 62 -32
P Space -3 6 125 140 219 94
Space T 3 -1 140 78 265 125
T H -1 -1 78 110 62 -16
H A 0 5 110 125 63 -47
A T 1 -4 125 125 109 -16
T Space -3 1 125 156 31 -94
Space H 2 -2 156 141 2886 2730
H A 0 5 141 140 219 78
A S 0 -1 140 124 234 94
S Space -2 -2 124 202 78 -46
Space A 2 3 202 141 670 468
A Space -2 -3 141 140 110 -31
Space G 2 -1 140 110 4960 4820
G E 1 2 110 125 219 109
E R 0 -1 125 93 78 -47
R A -1 3 93 125 156 63
A T 1 -4 125 125 93 -32
T Space -3 1 125 172 203 78
Space Back 4 -9 172 63 390 218
Back Back 0 0 63 63 156 93
Back Back 0 0 63 62 125 62
Back Back 0 0 62 63 140 78
Back Back 0 0 63 62 141 78
Back Back 0 0 62 47 156 94
Back G -2 8 47 109 31 -16
G R 1 1 109 109 281 172
R E 0 1 109 156 78 -31
E A -1 2 156 124 203 47
A T 1 -4 124 156 109 -15
T Space -3 1 156 188 140 -16
Space P 3 -6 188 78 344 156
P R 0 6 78 109 109 31
R O 0 -5 109 78 62 -47
O D -1 6 78 109 531 453
D U 1 -4 109 94 93 -16
U C -2 4 94 94 156 62
C T 2 -2 94 94 203 109
T S -1 3 94 109 187 93
S OemPeriod -1 -7 109 187 156 47
OemPeriod Space -1 5 187 203 390 203
Space Back 4 -9 203 63 1591 1388
Back Back 0 0 63 47 156 93
Back Back 0 0 47 47 141 94
Back Back 0 0 47 1014 842 795
Back Back 0 0 1014 93 1186 172
Back S -2 11 93 109 624 531
S Space -2 -2 109 172 62 -47
Space G 2 -1 172 109 219 47
G R 1 1 109 156 234 125
R E 0 1 156 125 109 -47
E A -1 2 125 109 156 31
A T 1 -4 109 141 62 -47
T Space -3 1 141 172 156 15
Space P 3 -6 172 110 499 327
P R 0 6 110 156 234 124
R O 0 -5 156 141 234 78
O D -1 6 141 124 266 125
D U 1 -4 124 94 93 -31
U C -2 4 94 93 141 47
C T 2 -2 93 93 187 94
T S -1 3 93 125 171 78
S OemPeriod -1 -7 125 156 125 0
OemPeriod Space -1 5 156 188 187 31
Space S 2 2 188 203 12309 12121
S Back 2 -11 203 94 967 764
Back Space -4 9 94 156 967 873
Space LShiftKey 1 4 156 249 219 63
LShiftKey LShiftKey 0 0 249 374 4836 4587
LShiftKey T 2 -5 374 109 187 -187
T H -1 -1 109 124 437 328
H E 1 3 124 125 93 -31
E R 0 -1 125 140 94 -31
R E 0 1 140 141 93 -47
E Space -3 -1 141 140 63 -78
Space I 3 -4 140 94 249 109
I S -1 6 94 156 110 16
S Space -2 -2 156 125 93 -63
Space S 2 2 125 124 453 328
S T 1 -3 124 140 140 16
T I 0 -3 140 94 78 -62
I L -1 -1 94 62 203 109
L L 0 0 62 172 140 78
L Space -2 5 172 234 141 -31
Space A 2 3 234 141 717 483
A Space -2 -3 141 125 94 -47
Space L 2 -5 125 63 249 124
L O 1 0 63 124 266 203
O T 0 4 124 109 187 63
T Space -3 1 109 172 140 31
Space O 3 -5 172 78 733 561
O F -1 5 78 141 156 78
F Space -2 0 141 172 78 -63
Space W 3 2 172 125 921 749
W O 0 -7 125 125 93 -32
O R 0 5 125 156 125 0
R K -1 -4 156 78 141 -15
K Space -2 4 78 156 234 156
Space T 3 -1 156 93 967 811
T O 0 -4 93 156 31 -62
O Space -3 5 156 124 94 -62
Space B 1 -1 124 93 343 219
B E 2 2 93 94 187 94
E Space -3 -1 94 125 62 -32
Space D 2 1 125 93 188 63
D O 1 -6 93 109 78 -15
O N -2 3 109 94 62 -47
N E 2 3 94 140 78 -16
E Space -3 -1 140 156 125 -15
Space T 3 -1 156 94 561 405
T O 0 -4 94 156 125 31
O Space -3 5 156 188 109 -47
Space A 2 3 188 140 1420 1232
A C -1 -2 140 124 562 422
C H 1 -3 124 78 202 78
H I 1 -2 78 78 172 94
I E 0 5 78 124 172 94
E V -2 -1 124 93 234 110
V E 2 1 93 140 140 47
E Space -3 -1 140 140 94 -46
Space M 1 -3 140 78 234 94
M Y 2 1 78 94 218 140
Y Space -3 2 94 125 78 -16
Space G 2 -1 125 93 172 47
G O 1 -4 93 78 78 -15
O L -1 0 78 31 218 140
L Back 2 -4 31 62 359 328
Back A -2 12 62 141 140 78
A L 0 -8 141 78 125 -16
L S 0 7 78 156 140 62
S OemPeriod -1 -7 156 140 141 -15
OemPeriod Space -1 5 140 265 421 281
Space LShiftKey 1 4 265 312 6349 6084
LShiftKey I 2 -8 312 156 125 -187
I Space -3 4 156 124 172 16
Space T 3 -1 124 141 249 125
T H -1 -1 141 94 78 -63
H I 1 -2 94 93 172 78
I N -2 2 93 63 93 0
N K 1 -2 63 62 141 78
K Space -2 4 62 156 171 109
Space LShiftKey 1 4 156 421 656 500
LShiftKey U 2 -7 421 93 109 -312
U B -2 2 93 109 125 32
B Space -1 1 109 141 124 15
Space G 2 -1 141 110 3432 3291
G I 1 -3 110 78 156 46
I V -2 4 78 78 125 47
V E 2 1 78 156 141 63
E Space -3 -1 156 46 156 0
Space Back 4 -9 46 62 374 328
Back Back 0 0 62 62 156 94
Back Back 0 0 62 62 125 63
Back Back 0 0 62 78 125 63
Back Back 0 0 78 94 171 93
Back G -2 8 94 125 1326 1232
G A 0 4 125 109 375 250
A V -1 -3 109 78 156 47
V E 2 1 78 140 140 62
E Space -3 -1 140 125 62 -78
Space M 1 -3 125 93 219 94
M E 2 4 93 125 78 -15
E Space -3 -1 125 125 93 -32
Space A 2 3 125 125 172 47
A Space -2 -3 125 124 94 -31
Space S 2 2 124 141 717 593
S O 1 -7 141 63 109 -32
O L -1 0 63 156 188 125
L I 1 1 156 156 156 0
I D -1 5 156 140 390 234
D Space -2 -1 140 156 171 31
Space F 2 0 156 140 905 749
F U 1 -3 140 62 125 -15
U N -2 1 62 94 171 109
N C 0 3 94 47 281 187
C Back 3 -10 47 94 312 265
Back D -2 10 94 156 109 15
D A 0 2 156 109 141 -15
A T 1 -4 109 141 140 31
T I 0 -3 141 62 94 -47
I O 0 -1 62 78 140 78
O N -2 3 78 124 141 63
N Space -1 2 124 156 171 47
Space Back 4 -9 156 78 702 546
Back Back 0 0 78 63 156 78
Back Back 0 0 63 62 125 62
Back Back 0 0 62 63 140 78
Back Back 0 0 63 47 156 93
Back Back 0 0 47 78 141 94
Back A -2 12 78 109 140 62
A T 1 -4 109 109 219 110
T I 0 -3 109 78 124 15
I O 0 -1 78 62 172 94
O N -2 3 62 110 140 78
N Space -1 2 110 125 936 826
Space T 3 -1 125 156 4649 4524
T O 0 -4 156 125 94 -62
O Space -3 5 125 140 78 -47
Space A 2 3 140 141 218 78
A C -1 -2 141 109 1997 1856
C H 1 -3 109 94 1700 1591
H I 1 -2 94 78 188 94
I E 0 5 78 78 234 156
E V -2 -1 78 109 187 109
V I 2 -4 109 125 374 265
I N -2 2 125 109 63 -62
N G 1 1 109 124 78 -31
G Space -2 1 124 140 109 -15
Space M 1 -3 140 94 608 468
M Y 2 1 94 93 219 125
Y Space -3 2 93 125 93 0
Space G 2 -1 125 125 250 125
G O 1 -4 125 63 140 15
O A -1 8 63 156 265 202
A L 0 -8 156 141 78 -78
L Oemcomma -1 1 141 78 468 327
Oemcomma Space -1 4 78 125 359 281
Space Back 4 -9 125 63 421 296
Back Back 0 0 63 62 172 109
Back OemPeriod -3 4 62 109 733 671
OemPeriod Space -1 5 109 297 187 78
Space Back 4 -9 297 93 4041 3744
Back Back 0 0 93 62 187 94
Back Oemcomma -3 5 62 62 562 500
Oemcomma Space -1 4 62 109 93 31
Space B 1 -1 109 141 234 125
B U 2 -2 141 78 94 -47
U T 0 2 78 109 156 78
T Space -3 1 109 109 78 -31
Space LShiftKey 1 4 109 343 2012 1903
LShiftKey I 2 -8 343 140 94 -249
I Space -3 4 140 156 218 78
Space S 2 2 156 78 437 281
S T 1 -3 78 124 94 16
T I 0 -3 124 78 78 -46
I L -1 -1 78 47 202 124
L L 0 0 47 109 110 63
L Space -2 5 109 171 187 78
Space N 1 -2 171 94 499 328
N E 2 3 94 78 109 15
E E 0 0 78 125 187 109
E D -1 0 125 125 359 234
D Space -2 -1 125 187 63 -62
Space W 3 2 187 125 920 733
W O 0 -7 125 109 94 -31
O R 0 5 109 141 93 -16
R K -1 -4 141 93 141 0
K Space -2 4 93 156 265 172
Space Back 4 -9 156 62 2527 2371
Back Back 0 0 62 78 156 94
Back Back 0 0 78 62 156 78
Back Back 0 0 62 202 250 188
Back Back 0 0 202 920 733 531
Back Back 0 0 920 78 1185 265
Back M -3 6 78 156 827 749
M O 2 -2 156 94 109 -47
O R 0 5 94 93 63 -31
R E 0 1 93 171 47 -46
E Space -3 -1 171 172 93 -78
Space H 2 -2 172 125 437 265
H A 0 5 125 109 94 -31
A R 1 -3 109 94 140 31
R D -1 1 94 78 234 140
D E 1 0 78 78 546 468
E D -1 0 78 93 203 125
D Back 2 -10 93 62 312 219
Back Back 0 0 62 78 125 63
Back Space -4 9 78 140 109 31
Space W 3 2 140 94 343 203
W O 0 -7 94 78 62 -32
O R 0 5 78 140 110 32
R K -1 -4 140 109 109 -31
K Space -2 4 109 156 249 140
Space S 2 2 156 78 328 172
S T 1 -3 78 141 109 31
T I 0 -3 141 94 47 -94
I L -1 -1 94 47 203 109
L L 0 0 47 109 140 93
L Space -2 5 109 203 156 47
Space Back 4 -9 203 62 531 328
Back Back 0 0 62 62 140 78
Back Back 0 0 62 78 125 63
Back Back 0 0 78 78 125 47
Back Back 0 0 78 93 156 78
Back Back 0 0 93 78 234 141
Back S -2 11 78 109 234 156
S I 1 -6 109 78 93 -16
I Space -3 4 78 156 156 78
Space Back 4 -9 156 46 453 297
Back Back 0 0 46 47 140 94
Back Back 0 0 47 62 156 109
Back I -1 5 62 125 296 234
I S -1 6 125 156 219 94
S Space -2 -2 156 156 109 -47
Space S 2 2 156 94 296 140
S T 1 -3 94 140 110 16
T I 0 -3 140 62 109 -31
I L -1 -1 62 62 187 125
L L 0 0 62 94 140 78
L Space -2 5 94 125 125 31
Space N 1 -2 125 140 172 47
N E 2 3 140 94 109 -31
E D -1 0 94 94 218 124
D D 0 0 94 109 188 94
D E 1 0 109 62 312 203
E Back 1 -10 62 62 218 156
Back Back 0 0 62 62 125 63
Back Back 0 0 62 78 156 94
Back E -1 10 78 125 140 62
E D -1 0 125 141 312 187
D E 1 0 141 109 437 296
E D -1 0 109 125 218 109
D Space -2 -1 125 156 94 -31
Space T 3 -1 156 141 374 218
T O 0 -4 141 172 78 -63
O Space -3 5 172 156 94 -78
Space A 2 3 156 125 4290 4134
A H 0 -5 125 125 671 546
H Back 2 -7 125 125 421 296
Back C -3 10 125 140 359 234
C H 1 -3 140 140 203 63
H I 1 -2 140 94 343 203
I E 0 5 94 109 265 171
E V -2 -1 109 78 234 125
V E 2 1 78 140 125 47
E Space -3 -1 140 172 109 -31
Space I 3 -4 172 63 390 218
I T 0 3 63 125 78 15
T OemPeriod -2 -4 125 125 187 62
OemPeriod S 1 7 125 156 4821 4696
S Back 2 -11 156 109 15631 15475
Back LShiftKey -3 13 109 748 28174 28065
LShiftKey T 2 -5 748 109 561 -187
T H -1 -1 109 109 406 297
H E 1 3 109 109 78 -31
E R 0 -1 109 109 140 31
R E 0 1 109 140 63 -46
E Back 1 -10 140 94 686 546
Back Back 0 0 94 94 156 62
Back Back 0 0 94 94 218 124
Back I -1 5 94 109 422 328
I S -1 6 109 125 187 78
S Space -2 -2 125 156 31 -94
Space I 3 -4 156 93 562 406
I S -1 6 93 125 109 16
S Space -2 -2 125 93 78 -47
Space A 2 3 93 156 156 63
A Space -2 -3 156 141 62 -94
Space P 3 -6 141 63 265 124
P L -1 1 63 125 172 109
L A 0 8 125 94 109 -16
A C -1 -2 94 78 156 62
C E 2 0 78 125 203 125
E Space -3 -1 125 171 94 -31
Space T 3 -1 171 109 234 63
T H -1 -1 109 109 93 -16
H A 0 5 109 156 47 -62
A T 1 -4 156 109 125 -31
T Space -3 1 109 124 47 -62
Space A 2 3 124 156 280 156
A Space -2 -3 156 109 94 -62
Space L 2 -5 109 63 187 78
L O 1 0 63 94 187 124
O T 0 4 94 124 344 250
T Space -3 1 124 156 93 -31
Space O 3 -5 156 93 874 718
O F -1 5 93 125 109 16
F Space -2 0 125 109 94 -31
Space P 3 -6 109 109 390 281
P E 0 7 109 47 280 171
E O 0 -6 47 78 16 -31
O P 0 -1 78 78 764 686
P E 0 7 78 172 312 234
E L -1 -6 172 94 78 -94
L Back 2 -4 94 78 390 296
Back Back 0 0 78 78 156 78
Back L -2 4 78 78 234 156
L E 1 6 78 124 110 32
E Space -3 -1 124 140 62 -62
Space S 2 2 140 124 328 188
S P 1 -8 124 63 93 -31
P E 0 7 63 93 141 78
E N -2 -3 93 109 156 63
N D 1 3 109 125 124 15
D Back 2 -10 125 1966 59577 59452
Back Back 0 0 1966 47 2153 187
Back Back 0 0 47 63 171 124
Back Back 0 0 63 78 172 109
Back Back 0 0 78 62 172 94
Back Back 0 0 62 62 156 94
Back Back 0 0 62 46 156 94
Back Back 0 0 46 47 140 94
Back Back 0 0 47 78 172 125
Back Back 0 0 78 78 390 312
Back S -2 11 78 234 1154 1076
S LShiftKey -1 2 234 437 21107 20873
LShiftKey T 2 -5 437 156 234 -203
T H -1 -1 156 125 421 265
H I 1 -2 125 78 733 608
I S -1 6 78 94 125 47
S Space -2 -2 94 94 62 -32
Space I 3 -4 94 78 156 62
I S -1 6 78 124 110 32
S Space -2 -2 124 109 78 -46
Space A 2 3 109 109 639 530
A Space -2 -3 109 156 63 -46
Space P 3 -6 156 78 468 312
P L -1 1 78 78 202 124
L A 0 8 78 109 172 94
A C -1 -2 109 63 218 109
C E 2 0 63 140 172 109
E Space -3 -1 140 171 125 -15
Space T 3 -1 171 78 343 172
T H -1 -1 78 109 47 -31
H A 0 5 109 140 78 -31
A T 1 -4 140 109 140 0
T Space -3 1 109 140 16 -93
Space A 2 3 140 125 265 125
A L 0 -8 125 125 62 -63
L Space -2 5 125 125 219 94
Space Back 4 -9 125 47 468 343
Back Back 0 0 47 63 140 93
Back Space -4 9 63 125 156 93
Space L 2 -5 125 63 234 109
L O 1 0 63 63 187 124
O T 0 4 63 109 125 62
T Space -3 1 109 156 63 -46
Space O 3 -5 156 78 374 218
O F -1 5 78 141 140 62
F Space -2 0 141 156 47 -94
Space P 3 -6 156 78 390 234
P E 0 7 78 125 172 94
E O 0 -6 125 78 109 -16
O P 0 -1 78 62 234 156
P L -1 1 62 78 172 110
L E 1 6 78 125 140 62
E Space -3 -1 125 125 62 -63
Space S 2 2 125 125 219 94
S P 1 -8 125 78 93 -32
P E 0 7 78 125 125 47
E N -2 -3 125 125 203 78
N D 1 3 125 125 156 31
D Back 2 -10 125 328 1950 1825
Back Back 0 0 328 62 437 109
Back Back 0 0 62 63 171 109
Back Back 0 0 63 47 172 109
Back Back 0 0 47 78 250 203
Back Back 0 0 78 998 4945 4867
Back Back 0 0 998 62 1170 172
Back Back 0 0 62 62 156 94
Back Back 0 0 62 78 374 312
Back Back 0 0 78 63 702 624
Back Back 0 0 63 31 156 93
Back Back 0 0 31 32 109 78
Back Back 0 0 32 78 125 93
Back Back 0 0 78 62 172 94
Back F -2 9 62 125 405 343
F O 1 -5 125 124 110 -15
O R 0 5 124 124 156 32
R Space -3 0 124 156 78 -46
Space A 2 3 156 140 343 187
A Space -2 -3 140 140 125 -15
Space L 2 -5 140 94 249 109
L O 1 0 94 62 219 125
O T 0 4 62 110 124 62
T Space -3 1 110 125 63 -47
Space O 3 -5 125 62 187 62
O F -1 5 62 125 125 63
F Space -2 0 125 109 62 -63
Space P 3 -6 109 47 343 234
P E 0 7 47 124 422 375
E O 0 -6 124 109 78 -46
O P 0 -1 109 78 249 140
P L -1 1 78 94 187 109
L E 1 6 94 141 125 31
E Space -3 -1 141 187 63 -78
Space T 3 -1 187 234 546 359
T O 0 -4 234 188 46 -188
O Space -3 5 188 125 63 -125
Space H 2 -2 125 125 156 31
H A 0 5 125 93 78 -47
A V -1 -3 93 62 109 16
V E 2 1 62 156 109 47
E Space -3 -1 156 141 78 -78
Space F 2 0 141 125 406 265
F U 1 -3 125 78 62 -63
U N -2 1 78 94 156 78
N Space -1 2 94 140 125 31
Space D 2 1 140 125 234 94
D U 1 -4 125 78 62 -63
U R 0 3 78 125 141 63
R I 0 -4 125 109 140 15
I N -2 2 109 78 63 -46
N G 1 1 78 125 62 -16
G Space -2 1 125 125 156 31
Space W 3 2 125 109 1061 936
W N -2 -4 109 156 171 62
N Back 3 -7 156 78 858 702
Back I -1 5 78 78 234 156
I N -2 2 78 94 156 78
N T 2 1 94 78 141 47
T E 0 2 78 125 140 62
E R 0 -1 125 141 78 -47
R OemPeriod -2 -5 141 156 796 655
OemPeriod Space -1 5 156 187 187 31
Space LShiftKey 1 4 187 437 515 328
LShiftKey M 0 -7 437 109 265 -172
M O 2 -2 109 93 203 94
O S -1 7 93 93 125 32
S T 1 -3 93 124 156 63
T Space -3 1 124 156 109 -15
Space P 3 -6 156 93 749 593
P E 0 7 93 140 187 94
E O 0 -6 140 78 62 -78
O P 0 -1 78 78 187 109
P L -1 1 78 93 188 110
L E 1 6 93 172 93 0
E Space -3 -1 172 172 125 -47
Space A 2 3 172 124 31060 30888
A R 1 -3 124 109 218 94
R E 0 1 109 125 78 -31
E Space -3 -1 125 187 156 31
Space S 2 2 187 124 874 687
S K 0 -6 124 125 140 16
K I 1 0 125 78 1139 1014
I I 0 0 78 78 171 93
I N -2 2 78 109 422 344
N G 1 1 109 93 156 47
G Space -2 1 93 156 156 63
Space I 3 -4 156 140 2402 2246
I N -2 2 140 124 94 -46
N Space -1 2 124 94 202 78
Space T 3 -1 94 94 125 31
T H -1 -1 94 78 63 -31
H E 1 3 78 125 124 46
E Space -3 -1 125 94 47 -78
Space P 3 -6 94 140 172 78
P I 0 2 140 94 686 546
I C -2 5 94 110 187 93
C T 2 -2 110 125 203 93
T U 0 -2 125 110 109 -16
U R 0 3 110 94 156 46
R E 0 1 94 140 63 -31
E OemPeriod -2 -6 140 156 156 16
OemPeriod Space -1 5 156 156 249 93
Space LShiftKey 1 4 156 265 12278 12122
LShiftKey S 1 -2 265 156 125 -140
S O 1 -7 156 94 218 62
O M -2 2 94 125 140 46
M E 2 4 125 93 110 -15
E Space -3 -1 93 140 109 16
Space O 3 -5 140 78 530 390
O F -1 5 78 94 125 47
F Space -2 0 94 110 62 -32
Space T 3 -1 110 109 219 109
T H -1 -1 109 94 93 -16
H E 1 3 94 140 188 94
E M -2 -4 140 78 140 0
M Space -1 3 78 141 140 62
Space A 2 3 141 93 219 78
A R 1 -3 93 109 125 32
R E 0 1 109 171 78 -31
E Space -3 -1 171 140 62 -109
Space N 1 -2 140 141 265 125
N O 2 -3 141 94 78 -63
O T 0 4 94 109 78 -16
T Space -3 1 109 109 94 -15
Space G 2 -1 109 109 234 125
G O 1 -4 109 46 47 -62
O O 0 0 46 125 124 78
O D -1 6 125 156 110 -15
D Space -2 -1 156 188 124 -32
Space A 2 3 188 109 578 390
A T 1 -4 109 125 187 78
T Space -3 1 125 156 78 -47
Space S 2 2 156 125 608 452
S K 0 -6 125 47 78 -47
K I 1 0 47 78 297 250
I I 0 0 78 94 140 62
I N -2 2 94 125 218 124
N G 1 1 125 93 141 16
G Oemcomma -1 -3 93 62 671 578
Oemcomma Space -1 4 62 172 280 218
Space Back 4 -9 172 63 7535 7363
Back Back 0 0 63 78 141 78
Back Space -4 9 78 141 405 327
Space A 2 3 141 94 265 124
A S 0 -1 94 140 141 47
S Space -2 -2 140 141 93 -47
Space S 2 2 141 171 219 78
S O 1 -7 171 78 109 -62
O M -2 2 78 125 156 78
M E 2 4 125 141 109 -16
E Space -3 -1 141 140 1997 1856
Space H 2 -2 140 124 328 188
H I 1 -2 124 94 46 -78
I T 0 3 94 78 141 47
T Back 1 -8 78 78 3510 3432
Back Back 0 0 78 63 140 62
Back Back 0 0 63 63 156 93
Back Back 0 0 63 93 297 234
Back Space -4 9 93 187 2262 2169
Space H 2 -2 187 109 608 421
H I 1 -2 109 78 47 -62
I T 0 3 78 93 78 0
T Space -3 1 93 140 109 16
Space T 3 -1 140 93 328 188
T R 0 1 93 109 218 125
R U 0 -3 109 63 452 343
U U 0 0 63 62 141 78
U Back 1 -6 62 63 327 265
Back E -1 10 63 78 344 281
E Back 1 -10 78 47 296 218
Back Back 0 0 47 63 140 93
Back E -1 10 63 109 172 109
E E 0 0 109 140 203 94
E S -1 1 140 93 281 141
S Oemcomma -1 -6 93 78 468 375
Oemcomma Space -1 4 78 109 218 140
Space S 2 2 109 124 172 63
S O 1 -7 124 62 62 -62
O M -2 2 62 93 125 63
M E 2 4 93 94 93 0
E Space -3 -1 94 110 78 -16
Space F 2 0 110 93 219 109
F E 1 1 93 93 156 63
E L -1 -6 93 62 156 63
L L 0 0 62 124 125 63
L Back 2 -4 124 47 811 687
Back Back 0 0 47 109 140 93
Back Back 0 0 109 109 234 125
Back A -2 12 109 125 390 281
A L 0 -8 125 62 125 0
L L 0 0 62 125 109 47
L Space -2 5 125 140 375 250
Space T 3 -1 140 94 920 780
T O 0 -4 94 125 78 -16
O Space -3 5 125 141 62 -63
Space T 3 -1 141 109 172 31
T H -1 -1 109 109 172 63
H Back 2 -7 109 78 530 421
Back Back 0 0 78 62 172 94
Back Back 0 0 62 62 140 78
Back Back 0 0 62 94 140 78
Back Back 0 0 94 32 156 62
Back T -1 8 32 93 3230 3198
T O 0 -4 93 156 46 -47
O Space -3 5 156 109 94 -62
Space T 3 -1 109 94 109 0
T H -1 -1 94 94 125 31
H E 1 3 94 125 78 -16
E Space -3 -1 125 109 94 -31
Space G 2 -1 109 63 124 15
G R 1 1 63 109 172 109
R O 0 -5 109 124 94 -15
O U 0 2 124 93 78 -46
U N -2 1 93 93 343 250
N D 1 3 93 78 203 110
D OemPeriod -1 -6 78 110 124 46
OemPeriod Space -1 5 110 171 219 109
Space I 3 -4 171 94 68874 68703
I N -2 2 94 94 62 -32
N Space -1 2 94 140 219 125
Space T 3 -1 140 93 203 63
T H -1 -1 93 78 109 16
H E 1 3 78 140 312 234
E Back 1 -10 140 78 374 234
Back Back 0 0 78 63 156 78
Back Back 0 0 63 62 125 62
Back Back 0 0 62 109 515 453
Back Right -4 0 109 671 1575 1466
Right Left 0 2 671 1981 796 125
Left Right 0 -2 1981 78 2387 406
Right Right 0 0 78 78 156 78
Right Space 0 9 78 109 499 421
Space T 3 -1 109 109 343 234
T H -1 -1 109 109 94 -15
H A 0 5 109 156 93 -16
A T 1 -4 156 124 110 -46
T Space -3 1 124 140 62 -62
Space C 1 1 140 125 281 141
C O 2 -6 125 78 15 -110
O V -2 5 78 63 234 156
V E 2 1 63 125 141 78
E R 0 -1 125 125 93 -32
R E 0 1 125 94 390 265
E D -1 0 94 140 188 94
D Space -2 -1 140 187 62 -78
Space B 1 -1 187 125 1061 874
B Y 2 -1 125 94 109 -16
Y Space -3 2 94 125 140 46
Space A 2 3 125 140 219 94
A Space -2 -3 140 141 171 31
Space L 2 -5 141 78 250 109
L O 1 0 78 78 203 125
O T 0 4 78 93 125 47
T Space -3 1 93 93 78 -15
Space O 3 -5 93 78 171 78
O F -1 5 78 110 109 31
F Space -2 0 110 78 63 -47
Space S 2 2 78 110 327 249
S N -1 -4 110 47 94 -16
N O 2 -3 47 78 140 93
O W 0 7 78 109 110 32
W OemPeriod -2 -7 109 109 1622 1513
OemPeriod Space -1 5 109 156 234 125
Space LShiftKey 1 4 156 234 4914 4758
LShiftKey A 1 -1 234 156 78 -156
A Right -2 -12 156 1108 343 187
Right Left 0 2 1108 78 1498 390
Left Left 0 0 78 78 156 78
Left Left 0 0 78 94 171 93
Left Left 0 0 94 94 905 811
Left A 2 10 94 109 3666 3572
A R 1 -3 109 110 187 78
R E 0 1 110 141 78 -32
E Space -3 -1 141 171 141 0
Space H 2 -2 171 109 265 94
H A 0 5 109 78 94 -15
A V -1 -3 78 125 62 -16
V I 2 -4 125 109 172 47
I N -2 2 109 94 46 -63
N G 1 1 94 125 63 -31
G Space -2 1 125 125 109 -16
Space F 2 0 125 140 234 109
F U 1 -3 140 78 94 -46
U N -2 1 78 93 156 78
N Space -1 2 93 140 187 94
Space I 3 -4 140 109 593 453
I N -2 2 109 94 62 -47
N Space -1 2 94 109 187 93
Space T 3 -1 109 125 109 0
T H -1 -1 125 94 125 0
H E 1 3 94 140 172 78
E Space -3 -1 140 140 125 -15
Space P 3 -6 140 78 1201 1061
P L -1 1 78 78 296 218
L A 0 8 78 109 125 47
A C -1 -2 109 109 187 78
C E 2 0 109 124 219 110
E OemPeriod -2 -6 124 125 109 -15
OemPeriod Back 3 -4 125 62 1092 967
Back Back 0 0 62 78 4009 3947
Back Back 0 0 78 47 187 109
Back Back 0 0 47 62 125 78
Back Back 0 0 62 63 140 78
Back Back 0 0 63 62 141 78
Back Back 0 0 62 31 156 94
Back Back 0 0 31 47 187 156
Back Back 0 0 47 62 1404 1357
Back Back 0 0 62 62 172 110
Back Back 0 0 62 62 140 78
Back Back 0 0 62 62 156 94
Back Back 0 0 62 78 140 78
Back Back 0 0 78 78 156 78
Back Back 0 0 78 94 156 78
Back Back 0 0 94 63 468 374
Back Back 0 0 63 125 7972 7909
Back Back 0 0 125 109 640 515
Back Oemcomma -3 5 109 62 624 515
Oemcomma Space -1 4 62 125 124 62
Space S 2 2 125 110 468 343
S O 1 -7 110 63 78 -32
O M -2 2 63 109 125 62
M E 2 4 109 125 78 -31
E Space -3 -1 125 156 203 78
Space O 3 -5 156 78 484 328
O F -1 5 78 109 109 31
F Space -2 0 109 140 47 -62
Space T 3 -1 140 109 764 624
T H -1 -1 109 94 62 -47
H E 1 3 94 202 188 94
E M -2 -4 202 140 31 -171
M Space -1 3 140 187 218 78
Space H 2 -2 187 125 468 281
H I 1 -2 125 78 63 -62
I T 0 3 78 125 140 62
T Back 1 -8 125 109 2839 2714
Back Back 0 0 109 62 219 110
Back Back 0 0 62 109 156 94
Back I -1 5 109 78 889 780
I Space -3 4 78 219 218 140
Space S 2 2 219 156 141 -78
S Back 2 -11 156 62 577 421
Back Back 0 0 62 93 156 94
Back S -2 11 93 109 421 328
S Space -2 -2 109 140 125 16
Space H 2 -2 140 109 281 141
H I 1 -2 109 94 93 -16
I T 0 3 94 78 156 62
T T 0 0 78 63 187 109
T I 0 -3 63 78 141 78
I N -2 2 78 109 31 -47
N G 1 1 109 94 78 -31
G Space -2 1 94 109 78 -16
Space T 3 -1 109 109 125 16
T H -1 -1 109 78 78 -31
H E 1 3 78 156 93 15
E Space -3 -1 156 78 125 -31
Space T 3 -1 78 109 484 406
T R 0 1 109 109 234 125
R E 0 1 109 62 234 125
E E 0 0 62 125 156 94
E OemPeriod -2 -6 125 140 265 140
OemPeriod Space -1 5 140 203 125 -15
Space Back 4 -9 203 78 1419 1216
Back Back 0 0 78 94 156 78
Back Oemcomma -3 5 94 109 671 577
Oemcomma Space -1 4 109 109 156 47
Space S 2 2 109 140 219 110
S O 1 -7 140 47 109 -31
O M -2 2 47 109 109 62
M E 2 4 109 109 125 16
E Space -3 -1 109 172 171 62
Space O 3 -5 172 78 843 671
O T 0 4 78 109 78 0
T H -1 -1 109 94 140 31
H E 1 3 94 109 94 0
E R 0 -1 109 78 78 -31
R S -1 2 78 141 140 62
S Space -2 -2 141 141 78 -63
Space A 2 3 141 93 297 156
A R 1 -3 93 125 93 0
R E 0 1 125 140 125 0
E Space -3 -1 140 188 62 -78
Space A 2 3 188 140 3776 3588
A R 1 -3 140 125 218 78
R E 0 1 125 125 78 -47
E F -1 -1 125 125 1529 1404
F A 0 3 125 125 109 -16
A L 0 -8 125 46 250 125
L L 0 0 46 94 124 78
L I 1 1 94 109 219 125
I N -2 2 109 93 78 -31
N G 1 1 93 109 47 -46
G Space -2 1 109 172 171 62
Space Back 4 -9 172 94 1123 951
Back OemPeriod -3 4 94 141 1217 1123
OemPeriod Space -1 5 141 125 8112 7971
Space LShiftKey 1 4 125 499 6365 6240
LShiftKey B 0 -5 499 140 328 -171
B E 2 2 140 62 265 125
E S -1 1 62 94 187 125
S I 1 -6 94 109 109 15
I D -1 5 109 109 125 16
D E 1 0 109 63 187 78
E S -1 1 63 125 125 62
S Oemcomma -1 -6 125 62 406 281
Oemcomma Back 3 -5 62 109 452 390
Back Space -4 9 109 109 172 63
Space S 2 2 109 125 218 109
S K 0 -6 125 78 78 -47
K I 1 0 78 78 796 718
I I 0 0 78 94 140 62
I N -2 2 94 125 234 140
N G 1 1 125 140 156 31
G Oemcomma -1 -3 140 62 515 375
Oemcomma Space -1 4 62 156 203 141
Space S 2 2 156 141 358 202
S O 1 -7 141 78 63 -78
O M -2 2 78 124 125 47
M E 2 4 124 109 93 -31
E Space -3 -1 109 156 156 47
Space Back 4 -9 156 109 4977 4821
Back Back 0 0 109 78 202 93
Back Back 0 0 78 78 172 94
Back Back 0 0 78 62 203 125
Back Back 0 0 62 156 1529 1467
Back Space -4 9 156 171 546 390
Space O 3 -5 171 140 390 219
O N -2 3 140 109 78 -62
N E 2 3 109 141 93 -16
E Space -3 -1 141 140 63 -78
Space I 3 -4 140 109 249 109
I Back 1 -5 109 109 30592 30483
Back Back 0 0 109 109 421 312
Back Back 0 0 109 109 203 94
Back Space -4 9 109 124 718 609
Space T 3 -1 124 110 280 156
T H -1 -1 110 110 78 -32
H E 1 3 110 78 125 15
E R 0 -1 78 109 94 16
R E 0 1 109 156 78 -31
E Space -3 -1 156 156 93 -63
Space A 2 3 156 78 219 63
A R 1 -3 78 141 93 15
R E 0 1 141 140 94 -47
E Space -3 -1 140 171 47 -93
Space P 3 -6 171 78 281 110
P E 0 7 78 156 124 46
E O 0 -6 156 93 110 -46
O P 0 -1 93 94 249 156
P L -1 1 94 94 187 93
L E 1 6 94 140 110 16
E Space -3 -1 140 141 93 -47
Space F 2 0 141 109 203 62
F I 1 -4 109 78 62 -47
I S -1 6 78 124 188 110
S I 1 -6 124 78 608 484
I I 0 0 78 109 484 406
I N -2 2 109 93 78 -31
N G 1 1 93 94 93 0
G Space -2 1 94 156 187 93
Space Back 4 -9 156 62 344 188
Back Back 0 0 62 62 140 78
Back Back 0 0 62 62 125 63
Back Back 0 0 62 63 140 78
Back Back 0 0 63 109 172 109
Back H -2 7 109 94 483 374
H I 1 -2 94 125 250 156
I N -2 2 125 94 78 -47
N G 1 1 94 125 62 -32
G Space -2 1 125 156 110 -15
Space A 2 3 156 125 18298 18142
A N -1 -5 125 140 110 -15
N D 1 3 140 124 78 -62
D Space -2 -1 124 125 109 -15
Space L 2 -5 125 109 187 62
L A 0 8 109 156 218 109
A Y 1 -5 156 78 94 -62
Y I 0 -2 78 110 218 140
I N -2 2 110 78 78 -32
N G 1 1 78 125 47 -31
G Space -2 1 125 125 109 -16
Space Back 4 -9 125 62 38392 38267
Back Back 0 0 62 63 140 78
Back Back 0 0 63 63 125 62
Back Back 0 0 63 78 125 62
Back Back 0 0 78 63 140 62
Back Back 0 0 63 78 125 62
Back Back 0 0 78 110 109 31
Back M -3 6 110 78 874 764
M A 1 6 78 125 47 -31
A K 0 -7 125 78 109 -16
K I 1 0 78 109 187 109
I N -2 2 109 94 78 -31
N G 1 1 94 62 47 -47
G Space -2 1 62 93 94 32
Space A 2 3 93 125 109 16
A Space -2 -3 125 125 78 -47
Space S 2 2 125 125 312 187
S N -1 -4 125 94 93 -32
N O 2 -3 94 109 188 94
O W 0 7 109 93 156 47
W M -2 -5 93 109 452 359
M A 1 6 109 109 328 219
A N -1 -5 109 109 78 -31
N OemPeriod 0 -3 109 109 249 140
OemPeriod Space -1 5 109 172 234 125
Space G 2 -1 172 93 180992 180820
G M -1 -2 93 78 827 734
M A 1 6 78 141 124 46
A I 1 -7 141 62 94 -47
I L -1 -1 62 78 203 141
L Return 0 -3 78 62 1170 1092
Return U 1 5 62 94 5179 5117
U B -2 2 94 93 125 31
B C 0 2 93 141 1653 1560
C O 2 -6 141 109 219 78
O L -1 0 109 62 281 172
L L 0 0 62 62 140 78
L E 1 6 62 94 296 234
E C -2 0 94 109 250 156
C T 2 -2 109 124 250 141
T I 0 -3 124 62 109 -15
I O 0 -1 62 78 156 94
O N -2 3 78 93 156 78
N D1 3 5 93 140 593 500
D1 RShiftKey -3 -10 140 624 421 281
RShiftKey D2 3 9 624 140 343 -281
D2 Y -1 -4 140 78 827 687
Y A -1 5 78 125 140 62
A H 0 -5 125 78 125 0
H O 1 -3 78 78 234 156
O O 0 0 78 78 140 62
O Y 0 3 78 94 4836 4758
Y A -1 5 94 125 156 62
A H 0 -5 125 46 110 -15
H O 1 -3 46 62 187 141
O O 0 0 62 78 140 78
O Return -1 -3 78 63 2137 2059
Return Oem5 1 -1 63 47 16 -47
Oem5 Back 1 0 47 93 1724 1677
Back U -1 6 93 78 3153 3060
U B -2 2 78 109 125 47
B C 0 2 109 109 327 218
C O 2 -6 109 62 63 -46
O L -1 0 62 63 202 140
L L 0 0 63 94 125 62
L E 1 6 94 125 203 109
E C -2 0 125 125 265 140
C T 2 -2 125 109 281 156
T I 0 -3 109 62 94 -15
I O 0 -1 62 78 140 78
O N -2 3 78 109 156 78
N D1 3 5 109 125 218 109
D1 RShiftKey -3 -10 125 390 500 375
RShiftKey RShiftKey 0 0 390 265 2324 1934
RShiftKey D2 3 9 265 125 78 -187
D2 Y -1 -4 125 94 608 483
Y A -1 5 94 141 125 31
A H 0 -5 141 62 94 -47
H O 1 -3 62 46 203 141
O O 0 0 46 94 140 94
O OemPeriod -2 0 94 109 390 296
OemPeriod C 0 6 109 125 187 78
C O 2 -6 125 125 78 -47
O M -2 2 125 109 78 -47
M Back 3 -6 109 1482 1248 1139
Back D -2 10 1482 125 1513 31
D A 0 2 125 78 125 0
A T 1 -4 78 109 203 125
T A -1 4 109 109 125 16
A C -1 -2 109 93 468 359
C O 2 -6 93 63 62 -31
O L -1 0 63 63 187 124
L L 0 0 63 93 141 78
L E 1 6 93 94 140 47
E C -2 0 94 109 234 140
C T 2 -2 109 124 219 110
T I 0 -3 124 62 78 -46
I O 0 -1 62 78 140 78
O N -2 3 78 78 172 94
N Return 1 -6 78 62 218 140
Return S 0 10 62 141 29484 29422
S Y 1 -4 141 110 671 530
Y Z -2 5 110 125 297 187
Z J 1 -6 125 109 125 0
J Z -1 6 109 125 140 31
Z J 1 -6 125 94 78 -47
J RShiftKey -1 -4 94 250 218 124
RShiftKey D2 3 9 250 125 94 -156
D2 G -2 -3 125 124 328 203
G M -1 -2 124 94 171 47
M A 1 6 94 156 125 31
A I 1 -7 156 78 62 -94
I L -1 -1 78 94 172 94
L OemPeriod -1 0 94 109 203 109
OemPeriod C 0 6 109 109 156 47
C O 2 -6 109 140 125 16
O M -2 2 140 125 62 -78
M J 1 0 125 172 2683 2558
J I 1 -1 172 93 94 -78
I OemPeriod -2 -1 93 109 218 125
OemPeriod Z 0 8 109 109 328 219
Z H 1 -5 109 62 78 -31
H A 0 5 62 156 109 47
A N -1 -5 156 141 62 -94
N G 1 1 141 62 141 0
G Back 2 -8 62 967 452 390
Back J -2 6 967 140 1373 406
J Back 2 -6 140 63 842 702
Back S -2 11 63 141 1373 1310
S Y 1 -4 141 78 78 -63
Y Z -2 5 78 109 234 156
Z J 1 -6 109 78 78 -31
J J 0 0 78 94 203 125
J Back 2 -6 94 62 437 343
Back Back 0 0 62 843 1107 1045
Back J -2 6 843 78 1186 343
J I 1 -1 78 141 530 452
I Back 1 -5 141 93 1311 1170
Back Back 0 0 93 140 359 266
Back J -2 6 140 125 826 686
J Z -1 6 125 125 141 16
Z H 1 -5 125 62 125 0
H A 0 5 62 171 78 16
A N -1 -5 171 78 93 -78
N G 1 1 78 109 47 -31
G D6 2 -1 109 78 484 375
D6 D8 0 -2 78 78 187 109
D8 RShiftKey -3 -3 78 281 234 156
RShiftKey D2 3 9 281 125 156 -125
D2 B -3 -3 125 125 265 140
B U 2 -2 125 47 78 -47
U F -1 3 47 78 156 109
F F 0 0 78 94 187 109
F A 0 3 94 187 94 0
A L 0 -8 187 78 93 -94
L O 1 0 78 62 172 94
O OemPeriod -2 0 62 140 172 110
OemPeriod E 2 6 140 93 156 16
E D -1 0 93 141 202 109
D U 1 -4 141 94 94 -47
U D -1 4 94 140 1654 1560
D A 0 2 140 94 140 0
A T 1 -4 94 141 109 15
T A -1 4 141 125 109 -32
A Space -2 -3 125 109 437 312
Space C 1 1 109 125 125 16
C O 2 -6 125 47 109 -16
O L -1 0 47 63 156 109
L L 0 0 63 94 109 46
L E 1 6 94 78 110 16
E C -2 0 78 94 202 124
C T 2 -2 94 140 188 94
T I 0 -3 140 94 62 -78
I O 0 -1 94 78 156 62
O N -2 3 78 109 125 47
N Space -1 2 109 124 203 94
Space D3 4 1 124 93 187 63
D3 D5 0 -2 93 94 1778 1685
D5 D6 0 -1 94 124 999 905
D6 D5 0 1 124 125 202 78
D5 Space -4 1 125 109 344 219
