LShiftKey M 0 -7 608 31 234 -374
M Back 3 -6 31 125 624 593
Back LShiftKey -3 13 125 219 187 62
LShiftKey I 2 -8 219 140 203 -16
I Space -3 4 140 125 234 94
Space H 2 -2 125 109 546 421
H A 0 5 109 93 172 63
A V -1 -3 93 94 171 78
V E 2 1 94 93 141 47
E Space -3 -1 93 125 187 94
Space S 2 2 125 109 109 -16
S T 1 -3 109 109 203 94
T A -1 4 109 109 140 31
A R 1 -3 109 93 250 141
R T 0 -1 93 94 218 125
T D -1 2 94 218 359 265
D E 1 0 218 203 593 375
E D -1 0 203 156 187 -16
D Back 2 -10 156 78 780 624
Back Back 0 0 78 46 172 94
Back Back 0 0 46 78 109 63
Back E -1 10 78 203 452 374
E D -1 0 203 156 141 -62
D Space -2 -1 156 141 202 46
Space H 2 -2 141 93 266 125
H E 1 3 93 203 405 312
E R 0 -1 203 234 156 -47
R E 0 1 234 156 141 -93
E Space -3 -1 156 109 234 78
Space A 2 3 109 156 405 296
A T 1 -4 156 125 187 31
T Space -3 1 125 109 203 78
Space LShiftKey 1 4 109 499 172 63
LShiftKey U 2 -7 499 109 421 -78
U N -2 1 109 203 203 94
N I 2 -2 203 156 125 -78
I V -2 4 156 249 156 0
V E 2 1 249 280 156 -93
E R 0 -1 280 124 234 -46
R S -1 2 124 141 202 78
S I 1 -6 141 125 156 15
I T 0 3 125 125 156 31
T Y 0 -1 125 125 219 94
Y Space -3 2 125 124 203 78
Space A 2 3 124 140 234 110
A T 1 -4 140 141 202 62
T Space -3 1 141 109 172 31
Space LShiftKey 1 4 109 312 203 94
LShiftKey B 0 -5 312 202 359 47
B U 2 -2 202 172 124 -78
U Back 1 -6 172 109 531 359
Back Back 0 0 109 93 593 484
Back LShiftKey -3 13 93 296 218 125
LShiftKey B 0 -5 296 203 187 -109
B U 2 -2 203 125 156 -47
U F -1 3 125 93 219 94
F F 0 0 93 172 202 109
F A 0 3 172 140 110 -62
A L 0 -8 140 109 156 16
L O 1 0 109 109 218 109
O Space -3 5 109 109 172 63
Space I 3 -4 109 78 1809 1700
I N -2 2 78 94 203 125
N Space -1 2 94 156 187 93
Space T 3 -1 156 125 250 94
T Back 1 -8 125 141 530 405
Back F -2 9 141 187 562 421
F A 0 3 187 156 109 -78
A L 0 -8 156 78 140 -16
L L 0 0 78 94 156 78
L Space -2 5 94 124 188 94
Space D2 4 2 124 125 140 16
D2 D0 0 -8 125 109 967 842
D0 D1 0 9 109 140 406 297
D1 D5 0 -4 140 156 156 16
D5 Space -4 1 156 93 203 47
Space LShiftKey 1 4 93 218 421 328
LShiftKey I 2 -8 218 109 125 -93
I Space -3 4 109 94 436 327
Space L 2 -5 94 78 234 140
L I 1 1 78 93 219 141
I K -1 0 93 93 203 110
K E 1 5 93 125 140 47
E Space -3 -1 125 78 172 47
Space A 2 3 78 110 124 46
A L 0 -8 110 78 172 62
L L 0 0 78 94 156 78
L Space -2 5 94 94 156 62
Space T 3 -1 94 109 125 31
T H -1 -1 109 109 109 0
H E 1 3 109 125 156 47
E Space -3 -1 125 125 203 78
Space C 1 1 125 78 499 374
C L 1 -6 78 109 265 187
L A 0 8 109 93 172 63
A S 0 -1 93 62 546 453
S S 0 0 62 63 171 109
S E 1 -1 63 93 188 125
E Space -3 -1 93 94 358 265
Space S 2 2 94 78 593 499
S Back 2 -11 78 93 172 94
Back Back 0 0 93 78 218 125
Back Back 0 0 78 62 203 125
Back E -1 10 62 93 796 734
E S -1 1 93 94 218 125
S Space -2 -2 94 125 203 109
Space A 2 3 125 109 156 31
A N -1 -5 109 93 156 47
N D 1 3 93 93 125 32
D Space -2 -1 93 78 171 78
Space T 3 -1 78 109 624 546
T H -1 -1 109 94 109 0
H E 1 3 94 109 188 94
E Space -3 -1 109 109 171 62
Space P 3 -6 109 125 234 125
P R 0 6 125 109 125 0
R O 0 -5 109 94 468 359
O F -1 5 94 125 608 514
F E 1 1 125 124 500 375
E S -1 1 124 93 265 141
S S 0 0 93 78 171 78
S O 1 -7 78 125 172 94
O R 0 5 125 62 172 47
R Space -3 0 62 63 171 109
Space A 2 3 63 156 1186 1123
A R 1 -3 156 172 327 171
R E 0 1 172 172 78 -94
E Space -3 -1 172 109 266 94
Space A 2 3 109 140 78 -31
A N -1 -5 140 78 187 47
N D 1 3 78 109 94 16
D Space -2 -1 109 93 187 78
Space S 2 2 93 109 125 32
S O 1 -7 109 110 202 93
O M -2 2 110 109 188 78
M E 2 4 109 109 93 -16
E Space -3 -1 109 109 141 32
Space O 3 -5 109 125 218 109
O F -1 5 125 47 218 93
F Space -2 0 47 94 78 31
Space H 2 -2 94 140 344 250
H T 1 1 140 188 280 140
T Back 1 -8 188 94 546 358
Back Back 0 0 94 94 172 78
Back T -1 8 94 156 125 31
T H -1 -1 156 140 234 78
H E 1 3 140 109 156 16
E Space -3 -1 109 125 296 187
Space P 3 -6 125 125 796 671
P R 0 6 125 94 171 46
R O 0 -5 94 125 156 62
O F -1 5 125 171 609 484
F E 1 1 171 156 93 -78
E S -1 1 156 94 281 125
S S 0 0 94 93 172 78
S O 1 -7 93 109 218 125
O R 0 5 109 78 187 78
R S -1 2 78 125 250 172
S Space -2 -2 125 109 234 109
Space A 2 3 109 172 140 31
A R 1 -3 172 172 172 0
R E 0 1 172 141 109 -63
E Space -3 -1 141 156 156 15
Space N 1 -2 156 234 1248 1092
N O 2 -3 234 78 203 -31
O T 0 4 78 93 125 47
T Space -3 1 93 125 156 63
Space G 2 -1 125 93 468 343
G O 1 -4 93 93 156 63
O O 0 0 93 93 156 63
O F -1 5 93 94 265 172
F Back 2 -9 94 125 421 327
Back D -2 10 125 109 156 31
D Space -2 -1 109 125 125 16
Space T 3 -1 125 124 250 125
T H -1 -1 124 156 109 -15
H H 0 0 156 250 1700 1544
H O 1 -3 250 156 156 -94
O Back 1 -4 156 93 562 406
Back Back 0 0 93 78 187 94
Back U -1 6 78 93 1108 1030
U Back 1 -6 93 109 1497 1404
Back O -1 4 109 93 562 453
O U 0 2 93 93 359 266
U G -1 2 93 78 187 94
G H 0 -1 78 94 93 15
H OemPeriod -1 -3 94 110 390 296
OemPeriod Y 2 3 110 109 3370 3260
Y E 0 3 109 109 203 94
E S -1 1 109 94 296 187
S Space -2 -2 94 109 219 125
Space Back 4 -9 109 109 1029 920
Back Back 0 0 109 78 187 78
Back Back 0 0 78 78 156 78
Back Back 0 0 78 94 624 546
Back LShiftKey -3 13 94 686 188 94
LShiftKey Y 2 -6 686 94 592 -94
Y E 0 3 94 63 281 187
E S -1 1 63 78 219 156
S Space -2 -2 78 109 390 312
Space LShiftKey 1 4 109 187 187 78
LShiftKey I 2 -8 187 47 171 -16
I Space -3 4 47 172 312 265
Space L 2 -5 172 78 609 437
L I 1 1 78 94 218 140
I K -1 0 94 94 187 93
K E 1 5 94 93 141 47
E Space -3 -1 93 78 156 63
Space I 3 -4 78 94 171 93
I N -2 2 94 78 219 125
N T 2 1 78 172 483 405
T E 0 2 172 218 110 -62
E R 0 -1 218 125 187 -31
R A -1 3 125 140 281 156
A C -1 -2 140 156 327 187
C T 2 -2 156 109 281 125
T I 0 -3 109 109 156 47
I N -2 2 109 109 187 78
N G 1 1 109 93 141 32
G Space -2 1 93 78 109 16
Space I 3 -4 78 93 203 125
I N -2 2 93 47 218 125
N Space -1 2 47 140 546 499
Space T 3 -1 140 125 452 312
T H -1 -1 125 125 141 16
H E 1 3 125 125 140 15
E Space -3 -1 125 109 219 94
Space C 1 1 109 156 124 15
C L 1 -6 156 109 188 32
L A 0 8 109 109 156 47
A S 0 -1 109 110 202 93
S S 0 0 110 78 234 124
S OemPeriod -1 -7 78 78 2762 2684
OemPeriod Space -1 5 78 125 826 748
Space LShiftKey 1 4 125 249 188 63
LShiftKey L 1 -9 249 93 234 -15
L A 0 8 93 140 187 94
A B -1 -4 140 94 405 265
B S 1 3 94 94 172 78
S Space -2 -2 94 125 281 187
Space A 2 3 125 187 156 31
A R 1 -3 187 140 312 125
R E 0 1 140 218 31 -109
E Space -3 -1 218 141 296 78
Space O 3 -5 141 63 905 764
O G -1 4 63 109 281 218
G Back 2 -8 109 94 312 203
Back Back 0 0 94 94 187 93
Back G -2 8 94 78 156 62
G O 1 -4 78 78 640 562
O O 0 0 78 78 156 78
O D -1 6 78 94 405 327
D Space -2 -1 94 109 125 31
Space T 3 -1 109 140 203 94
T O 0 -4 140 156 109 -31
O Space -3 5 156 156 172 16
Space G 2 -1 156 110 639 483
G A 0 4 110 125 125 15
A I 1 -7 125 125 172 47
I N -2 2 125 93 203 78
N Space -1 2 93 109 218 125
Space S 2 2 109 110 218 109
S O 1 -7 110 125 141 31
O M -2 2 125 109 203 78
M E 2 4 109 94 124 15
E Space -3 -1 94 109 110 16
Space E 3 1 109 94 530 421
E X -2 1 94 94 421 327
X P 2 -8 94 94 1295 1201
P E 0 7 94 171 172 78
E R 0 -1 171 109 156 -15
R I 0 -4 109 110 280 171
I E 0 5 110 94 172 62
E N -2 -3 94 125 187 93
N C 0 3 125 140 203 78
C E 2 0 140 156 62 -78
E Space -3 -1 156 125 250 94
Space I 3 -4 125 109 250 125
I N -2 2 109 78 202 93
N Space -1 2 78 109 172 94
Space T 3 -1 109 109 156 47
T H -1 -1 109 63 187 78
H E 1 3 63 94 109 46
E Space -3 -1 94 78 188 94
Space S 2 2 78 94 1076 998
S Back 2 -11 94 141 2293 2199
Back Back 0 0 141 109 1420 1279
Back Back 0 0 109 62 234 125
Back Back 0 0 62 78 437 375
Back Back 0 0 78 78 171 93
Back Back 0 0 78 78 375 297
Back Back 0 0 78 47 187 109
Back Back 0 0 47 62 156 109
Back Back 0 0 62 32 171 109
Back OemPeriod -3 4 32 93 765 733
OemPeriod LShiftKey 0 9 93 468 4009 3916
LShiftKey H 1 -6 468 109 343 -125
H O 1 -3 109 109 234 125
O M -2 2 109 109 219 110
M E 2 4 109 125 140 31
E Space -3 -1 125 94 140 15
Space W 3 2 94 140 172 78
W O 0 -7 140 109 172 32
O R 0 5 109 94 842 733
R K -1 -4 94 125 187 93
K S 0 6 125 109 141 16
S Space -2 -2 109 109 171 62
Space A 2 3 109 125 125 16
A N -1 -5 125 125 156 31
N D 1 3 125 109 546 421
D Space -2 -1 109 109 156 47
Space Q 3 3 109 94 624 515
Q U 0 -6 94 63 265 171
U I 0 -1 63 78 172 109
I Z -2 7 78 78 359 281
Z Z 0 0 78 93 156 78
Z E 2 -2 93 62 218 125
E S -1 1 62 62 203 141
S Space -2 -2 62 93 203 141
Space W 3 2 93 125 171 78
W I 0 -6 125 78 1030 905
I L -1 -1 78 63 249 171
L L 0 0 63 78 156 93
L Space -2 5 78 94 203 125
Space H 2 -2 94 78 203 109
H E 1 3 78 94 140 62
E L -1 -6 94 94 203 109
L P 1 -1 94 109 203 109
P Space -3 6 109 140 172 63
Space U 3 -3 140 125 249 109
U S -1 5 125 94 156 31
S Space -2 -2 94 109 219 125
Space T 3 -1 109 124 702 593
T O 0 -4 124 156 639 515
O Space -3 5 156 140 141 -15
Space G 2 -1 140 125 842 702
G A 0 4 125 141 530 405
A I 1 -7 141 125 219 78
I N -2 2 125 94 296 171
N Space -1 2 94 110 187 93
Space T 3 -1 110 125 172 62
T H -1 -1 125 109 156 31
H E 1 3 109 94 140 31
E Space -3 -1 94 110 156 62
Space C 1 1 110 109 172 62
C O 2 -6 109 219 499 390
O P 0 -1 219 156 172 -47
P E 0 7 156 125 452 296
E Back 1 -10 125 109 562 437
Back Back 0 0 109 109 187 78
Back N -3 7 109 63 733 624
N C 0 3 63 203 593 530
C E 2 0 203 140 125 -78
E P 0 -7 140 125 577 437
P S -1 8 125 125 546 421
S Space -2 -2 125 140 515 390
Space T 3 -1 140 110 171 31
T O 0 -4 110 140 890 780
O Space -3 5 140 140 187 47
Space R 3 0 140 156 639 499
R E 0 1 156 172 94 -62
E A -1 2 172 124 250 78
A L 0 -8 124 156 171 47
L Space -2 5 156 141 187 31
Space W 3 2 141 172 281 140
W O 0 -7 172 125 874 702
O R 0 5 125 93 203 78
R L -1 -5 93 78 218 125
L S 0 7 78 109 172 94
S Space -2 -2 109 156 452 343
Space P 3 -6 156 109 577 421
P R 0 6 109 125 203 94
R O 0 -5 125 94 1170 1045
O B -2 4 94 156 265 171
B L 1 -4 156 171 172 16
L M -1 2 171 94 452 281
M Back 3 -6 94 109 437 343
Back E -1 10 109 93 172 63
E M -2 -4 93 140 156 63
M S 1 5 140 94 202 62
S Space -2 -2 94 125 141 47
Space O 3 -5 125 63 296 171
O N -2 3 63 93 172 109
N Space -1 2 93 109 218 125
Space H 2 -2 109 125 328 219
H Back 2 -7 125 125 624 499
Back R -1 9 125 141 218 93
R Back 1 -9 141 109 437 296
Back T -1 8 109 110 140 31
T H -1 -1 110 78 172 62
H Space -2 2 78 78 312 234
Space Back 4 -9 78 47 827 749
Back E -1 10 47 125 93 46
E Space -3 -1 125 78 250 125
Space C 1 1 78 94 140 62
C L 1 -6 94 109 141 47
L A 0 8 109 110 483 374
A S 0 -1 110 62 250 140
S S 0 0 62 62 156 94
S OemPeriod -1 -7 62 110 140 78
OemPeriod LShiftKey 0 9 110 1217 21747 21637
LShiftKey I 2 -8 1217 172 1014 -203
I Space -3 4 172 156 1404 1232
Space A 2 3 156 94 187 31
A M -1 -6 94 124 141 47
M Space -1 3 124 109 265 141
Space P 3 -6 109 94 327 218
P A -1 9 94 140 172 78
A L 0 -8 140 78 218 78
L Back 2 -4 78 78 375 297
Back Back 0 0 78 62 187 109
Back L -2 4 62 94 234 172
L A 0 8 94 109 156 62
A N -1 -5 109 62 281 172
N N 0 0 62 78 156 94
N I 2 -2 78 125 171 93
I N -2 2 125 94 203 78
N G 1 1 94 78 203 109
G Space -2 1 78 109 94 16
Space T 3 -1 109 187 234 125
T O 0 -4 187 124 156 -31
O Space -3 5 124 172 140 16
Space W 3 2 172 140 281 109
W O 0 -7 140 109 187 47
O R 0 5 109 47 265 156
R K -1 -4 47 94 109 62
K Space -2 4 94 94 203 109
Space I 3 -4 94 109 172 78
I N -2 2 109 78 171 62
N Space -1 2 78 140 172 94
Space T 3 -1 140 125 140 0
T H -1 -1 125 140 141 16
H E 1 3 140 125 156 16
E Space -3 -1 125 94 171 46
Space S 2 2 94 109 2122 2028
S O 1 -7 109 125 156 47
O F -1 5 125 187 234 109
F T 1 -1 187 78 562 375
T W 0 3 78 265 140 62
W A -1 1 265 172 187 -78
A R 1 -3 172 125 187 15
R E 0 1 125 93 141 16
E Space -3 -1 93 94 218 125
Space E 3 1 94 93 141 47
E Back 1 -10 93 62 530 437
Back I -1 5 62 109 468 406
I N -2 2 109 78 203 94
N D 1 3 78 109 140 62
D U 1 -4 109 78 702 593
U S -1 5 78 125 156 78
S T 1 -3 125 187 593 468
T R 0 1 187 187 94 -93
R Y 0 -2 187 156 265 78
Y Space -3 2 156 125 530 374
Space T 3 -1 125 109 172 47
T O 0 -4 109 188 171 62
O Space -3 5 188 140 188 0
Space G 2 -1 140 110 1060 920
G A 0 4 110 94 546 436
A I 1 -7 94 125 125 31
I N -2 2 125 94 203 78
N Space -1 2 94 109 187 93
Space I 3 -4 109 94 1061 952
I Back 1 -5 94 110 1076 982
Back E -1 10 110 78 188 78
E X -2 1 78 94 530 452
X P 2 -8 94 94 390 296
P O 0 1 94 62 203 109
O S -1 7 62 125 764 702
S U 1 -5 125 94 156 31
U R 0 3 94 203 234 140
R E 0 1 203 141 109 -94
E Space -3 -1 141 125 203 62
Space T 3 -1 125 140 640 515
T O 0 -4 140 187 156 16
O Space -3 5 187 140 203 16
Space R 3 0 140 171 234 94
R E 0 1 171 141 124 -47
E A -1 2 141 141 234 93
A L 0 -8 141 125 125 -16
L Space -2 5 125 141 156 31
Space W 3 2 141 156 141 0
W O 0 -7 156 141 171 15
O R 0 5 141 125 187 46
R L -1 -5 125 93 297 172
L S 0 7 93 93 156 63
S Space -2 -2 93 94 187 94
Space P 3 -6 94 125 390 296
P R 0 6 125 94 187 62
R O 0 -5 94 124 141 47
O B -2 4 124 156 577 453
B L 1 -4 156 172 140 -16
L E 1 6 172 94 187 15
E M -2 -4 94 125 390 296
M A 1 6 125 94 281 156
A Back 2 -12 94 125 593 499
Back S -2 11 125 78 187 62
S Space -2 -2 78 156 94 16
Space A 2 3 156 109 203 47
A N -1 -5 109 140 109 0
N D 1 3 140 94 187 47
D Space -2 -1 94 124 172 78
Space G 2 -1 124 172 982 858
G A 0 4 172 140 172 0
A I 1 -7 140 109 172 32
I N -2 2 109 78 187 78
N Space -1 2 78 109 187 109
Space M 1 -3 109 234 281 172
M O 2 -2 234 172 187 -47
O R 0 5 172 203 296 124
R E 0 1 203 109 125 -78
E Space -3 -1 109 125 172 63
Space I 3 -4 125 94 577 452
I N -2 2 94 93 172 78
N S 1 4 93 109 156 63
S I 1 -6 109 109 2246 2137
I G -1 3 109 110 296 187
G H 0 -1 110 94 172 62
H T 1 1 94 109 156 62
T Space -3 1 109 78 172 63
Space I 3 -4 78 125 187 109
I N -2 2 125 78 218 93
N Space -1 2 78 125 172 94
Space T 3 -1 125 78 203 78
T H -1 -1 78 94 124 46
H E 1 3 94 110 156 62
E Space -3 -1 110 110 156 46
Space P 3 -6 110 125 468 358
P R 0 6 125 93 188 63
R O 0 -5 93 125 124 31
O B -2 4 125 265 266 141
B L 1 -4 265 172 202 -63
L E 1 6 172 109 172 0
E M -2 -4 109 125 218 109
M Space -1 3 125 62 422 297
Space S 2 2 62 141 124 62
S Back 2 -11 141 94 406 265
Back Back 0 0 94 78 187 93
Back S -2 11 78 109 125 47
S Space -2 -2 109 156 125 16
Space T 3 -1 156 109 1201 1045
T H -1 -1 109 62 156 47
H A 0 5 62 93 172 110
A T 1 -4 93 156 109 16
T Space -3 1 156 125 156 0
Space T 3 -1 125 125 546 421
T H -1 -1 125 110 93 -32
H E 1 3 110 125 203 93
E Space -3 -1 125 140 125 0
Space I 3 -4 140 109 702 562
I N -2 2 109 94 187 78
N D 1 3 94 125 203 109
D S 0 1 125 47 530 405
S Back 2 -11 47 94 640 593
Back U -1 6 94 78 281 187
U S -1 5 78 109 187 109
S R 1 -2 109 93 593 484
R Back 1 -9 93 109 374 281
Back T -1 8 109 187 125 16
T R 0 1 187 187 109 -78
R Y 0 -2 187 125 796 609
Y Space -3 2 125 187 140 15
Space I 3 -4 187 187 203 16
I S -1 6 187 93 250 63
S Space -2 -2 93 125 171 78
Space D 2 1 125 109 1233 1108
D O 1 -6 109 109 234 125
O I 0 1 109 78 249 140
I N -2 2 78 109 172 94
N G 1 1 109 109 187 78
G Space -2 1 109 110 140 31
Space N 1 -2 110 187 188 78
N O 2 -3 187 140 140 -47
O W 0 7 140 125 156 16
W OemPeriod -2 -7 125 94 218 93
OemPeriod LShiftKey 0 9 94 171 3620 3526
LShiftKey Y 2 -6 171 94 140 -31
Y E 0 3 94 125 187 93
E S -1 1 125 93 250 125
S Space -2 -2 93 78 187 94
Space LShiftKey 1 4 78 187 234 156
LShiftKey LShiftKey 0 0 187 234 624 437
LShiftKey I 2 -8 234 93 172 -62
I Space -3 4 93 109 499 406
Space A 2 3 109 78 171 62
A M -1 -6 78 125 125 47
M Space -1 3 125 125 234 109
Space C 1 1 125 156 390 265
C L 1 -6 156 156 109 -47
L S 0 7 156 109 406 250
S Space -2 -2 109 78 374 265
Space Back 4 -9 78 124 500 422
Back Back 0 0 124 93 234 110
Back O -1 4 93 93 1014 921
O S -1 7 93 109 156 63
S E 1 -1 109 109 234 125
E Space -3 -1 109 109 156 47
Space T 3 -1 109 156 265 156
T O 0 -4 156 187 203 47
O Space -3 5 187 156 234 47
Space M 1 -3 156 141 280 124
M Y 2 1 141 125 312 171
Y Space -3 2 125 141 125 0
Space G 2 -1 141 93 718 577
G O 1 -4 93 93 156 63
O A -1 8 93 93 515 422
A L 0 -8 93 94 171 78
L S 0 7 94 78 141 47
S Space -2 -2 78 94 202 124
Space T 3 -1 94 172 234 140
T O 0 -4 172 172 203 31
O Space -3 5 172 141 187 15
Space Space 0 0 141 109 8939 8798
Space A 2 3 109 156 156 47
A C -1 -2 156 109 281 125
C H 1 -3 109 78 265 156
H E 1 3 78 109 94 16
E I 0 -5 109 125 265 156
I E 0 5 125 187 281 156
E Space -3 -1 187 93 234 47
Space Back 4 -9 93 109 686 593
Back Back 0 0 109 110 499 390
Back V -3 9 110 202 188 78
V E 2 1 202 171 78 -124
E Space -3 -1 171 94 764 593
Space I 3 -4 94 125 203 109
I T 0 3 125 94 187 62
T OemPeriod -2 -4 94 78 515 421
OemPeriod Space -1 5 78 141 1700 1622
Space LShiftKey 1 4 141 234 141 0
LShiftKey Y 2 -6 234 94 218 -16
Y E 0 3 94 109 187 93
E S -1 1 109 94 281 172
S Space -2 -2 94 109 187 93
Space LShiftKey 1 4 109 515 390 281
LShiftKey U 2 -7 515 93 406 -109
U LShiftKey -2 7 93 312 717 624
LShiftKey B 0 -5 312 109 141 -171
B Space -1 1 109 110 249 140
Space I 3 -4 110 109 484 374
I S -1 6 109 109 125 16
S Space -2 -2 109 125 156 47
Space A 2 3 125 140 125 0
A Space -2 -3 140 93 187 47
Space G 2 -1 93 93 515 422
G R 1 1 93 156 249 156
R E 0 1 156 250 78 -78
E A -1 2 250 172 203 -47
A T 1 -4 172 156 172 0
T Space -3 1 156 156 109 -47
Space S 2 2 156 109 827 671
S C -1 -1 109 140 234 125
C H 1 -3 140 125 187 47
H O 1 -3 125 93 437 312
O O 0 0 93 78 171 78
O L -1 0 78 109 203 125
L Space -2 5 109 109 265 156
Space W 3 2 109 93 219 110
W H -1 -4 93 172 202 109
H I 1 -2 172 141 125 -47
I C -2 5 141 93 141 0
C H 1 -3 93 93 109 16
H Space -2 2 93 109 234 141
Space H 2 -2 109 78 795 686
H E 1 3 78 109 125 47
E K -1 -5 109 171 250 141
K P 1 -2 171 140 187 16
P S -1 8 140 94 187 47
S Space -2 -2 94 94 156 62
Space Back 4 -9 94 93 952 858
Back Back 0 0 93 78 187 94
Back Back 0 0 78 62 172 94
Back Back 0 0 62 94 140 78
Back Back 0 0 94 62 172 78
Back E -1 10 62 125 764 702
E L -1 -6 125 188 764 639
L P 1 -1 188 140 141 -47
P S -1 8 140 125 171 31
S Space -2 -2 125 93 188 63
Space T 3 -1 93 140 234 141
T O 0 -4 140 109 109 -31
O Space -3 5 109 141 249 140
Space I 3 -4 141 109 2294 2153
I N -2 2 109 94 171 62
N C 0 3 94 109 203 109
C L 1 -6 109 93 172 63
L I 1 1 93 94 218 125
I N -2 2 94 109 172 78
N E 2 3 109 94 171 62
E Space -3 -1 94 109 141 47
Space M 1 -3 109 93 343 234
M E 2 4 93 109 140 47
E Space -3 -1 109 93 141 32
Space T 3 -1 93 124 234 141
T O 0 -4 124 109 296 172
O W 0 7 109 234 718 609
W A -1 1 234 187 156 -78
A R 1 -3 187 109 296 109
R D -1 1 109 203 577 468
D S 0 1 203 171 94 -109
S Space -2 -2 171 93 203 32
Space M 1 -3 93 109 218 125
M Y 2 1 109 125 530 421
Y Space -3 2 125 109 172 47
Space G 2 -1 109 156 343 234
G O 1 -4 156 141 156 0
O A -1 8 141 110 577 436
A L 0 -8 110 94 702 592
L S 0 7 94 94 156 62
S OemPeriod -1 -7 94 63 1092 998
OemPeriod LShiftKey 0 9 63 530 4603 4540
LShiftKey I 2 -8 530 109 483 -47
I Space -3 4 109 125 281 172
Space A 2 3 125 124 640 515
A L 0 -8 124 94 171 47
L W 1 7 94 203 343 249
W A -1 1 203 266 156 -47
A S 0 -1 266 78 250 -16
S Y 1 -4 78 109 172 94
Y S -1 4 109 109 187 78
S Space -2 -2 109 141 296 187
Space Back 4 -9 141 78 499 358
Back Back 0 0 78 78 515 437
Back Back 0 0 78 62 172 94
Back Back 0 0 62 62 156 94
Back Y -1 7 62 94 3026 2964
Y S -1 4 94 94 156 62
S Space -2 -2 94 109 141 47
Space T 3 -1 109 156 405 296
T H -1 -1 156 234 172 16
H I 1 -2 234 156 156 -78
I N -2 2 156 234 327 171
N K 1 -2 234 156 141 -93
K Space -2 4 156 141 327 171
Space I 3 -4 141 141 1217 1076
I T 0 3 141 94 125 -16
T Space -3 1 94 125 281 187
Space I 3 -4 125 63 2823 2698
I S -1 6 63 78 125 62
S Space -2 -2 78 109 172 94
Space A 2 3 109 187 374 265
A Space -2 -3 187 109 219 32
Space C 1 1 109 140 468 359
C O 2 -6 140 125 171 31
O M -2 2 125 94 203 78
M B 0 2 94 171 437 343
B I 2 -3 171 140 125 -46
I N -2 2 140 125 202 62
N A 1 5 125 218 219 94
A T 1 -4 218 140 281 63
T I 0 -3 140 171 156 16
I O 0 -1 171 141 124 -47
O N -2 3 141 78 203 62
N Space -1 2 78 78 250 172
Space O 3 -5 78 125 234 156
O F -1 5 125 140 234 109
F Space -2 0 140 109 187 47
Space B 1 -1 109 140 468 359
B O 2 -4 140 172 624 484
O T 0 4 172 109 234 62
T H -1 -1 109 62 203 94
H Space -2 2 62 125 405 343
Space L 2 -5 125 110 234 109
L C -1 6 110 109 250 140
C U 2 -4 109 63 187 78
U Back 1 -6 63 140 765 702
Back Back 0 0 140 124 156 16
Back U -1 6 124 62 343 219
U C -2 4 62 125 171 109
C K 1 -5 125 93 110 -15
K Space -2 4 93 125 202 109
Space N 1 -2 125 124 266 141
N Back 3 -7 124 109 452 328
Back A -2 12 109 125 140 31
A N -1 -5 125 109 141 16
N D 1 3 109 109 156 47
D Space -2 -1 109 94 187 78
Space H 2 -2 94 62 515 421
H A 0 5 62 156 312 250
A R 1 -3 156 93 156 0
R D -1 1 93 94 249 156
D W 1 1 94 109 250 156
W O 0 -7 109 94 218 109
O R 0 5 94 156 110 16
R K -1 -4 156 109 249 93
K Space -2 4 109 94 281 172
Space T 3 -1 94 141 421 327
T O 0 -4 141 187 125 -16
O Space -3 5 187 156 203 16
Space S 2 2 156 78 780 624
S U 1 -5 78 93 1482 1404
U C -2 4 93 141 1107 1014
C C 0 0 141 124 578 437
C E 2 0 124 93 234 110
E S -1 1 93 62 234 141
S S 0 0 62 78 156 94
S Space -2 -2 78 110 202 124
Space I 3 -4 110 110 234 124
I N -2 2 110 93 188 78
N Space -1 2 93 109 187 94
Space A 2 3 109 109 156 47
A N -1 -5 109 109 125 16
N Y 2 0 109 172 280 171
Y Space -3 2 172 125 172 0
Space F 2 0 125 93 250 125
F I 1 -4 93 109 561 468
I L -1 -1 109 93 250 141
L E 1 6 93 78 187 94
E D -1 0 78 124 172 94
D OemPeriod -1 -6 124 78 202 78
OemPeriod Space -1 5 78 125 3089 3011
Space LShiftKey 1 4 125 374 21029 20904
LShiftKey I 2 -8 374 125 296 -78
I T 0 3 125 187 1077 952
T Space -3 1 187 171 203 16
Space I 3 -4 171 109 733 562
I S -1 6 109 140 421 312
S Space -2 -2 140 156 187 47
Space A 2 3 156 156 562 406
A Space -2 -3 156 125 218 62
Space S 2 2 125 124 531 406
S N -1 -4 124 281 327 203
N O 2 -3 281 156 172 -109
O W 0 7 156 156 468 312
W Space -3 -2 156 125 249 93
Space S 2 2 125 187 640 515
S C -1 -1 187 141 686 499
C A 1 2 141 141 546 405
A T 1 -4 141 109 453 312
T T 0 0 109 94 187 78
T I 0 -3 94 125 156 62
I N -2 2 125 109 187 62
N Space -1 2 109 94 281 172
Space Back 4 -9 94 125 468 374
Back F -2 9 125 109 156 31
F Space -2 0 109 124 172 63
Space A 2 3 124 156 187 63
A N -1 -5 156 109 187 31
N Back 3 -7 109 78 390 281
Back Back 0 0 78 47 187 109
Back Back 0 0 47 63 156 109
Back Back 0 0 63 141 390 327
Back G -2 8 141 109 765 624
G Space -2 1 109 125 171 62
Space A 2 3 125 125 187 62
A N -1 -5 125 110 234 109
N D 1 3 110 109 125 15
D Space -2 -1 109 94 187 78
Space A 2 3 94 140 344 250
A L 0 -8 140 78 312 172
L Space -2 5 78 187 312 234
Space T 3 -1 187 109 327 140
T H -1 -1 109 124 141 32
H E 1 3 124 140 156 32
E Space -3 -1 140 110 202 62
Space P 3 -6 110 78 1295 1185
P E 0 7 78 110 187 109
E O 0 -6 110 172 234 124
O P 0 -1 172 141 156 -16
P L -1 1 141 110 546 405
L E 1 6 110 156 188 78
E Space -3 -1 156 125 686 530
Space A 2 3 125 171 125 0
A R 1 -3 171 218 203 32
R E 0 1 218 141 124 -94
E Space -3 -1 141 141 203 62
Space H 2 -2 141 94 2309 2168
H A 0 5 94 125 109 15
A V -1 -3 125 109 281 156
V I 2 -4 109 125 109 0
I N -2 2 125 94 203 78
N G 1 1 94 94 140 46
G Space -2 1 94 125 125 31
Space G 2 -1 125 125 1030 905
G O 1 -4 125 63 218 93
O O 0 0 63 93 141 78
O D -1 6 93 125 187 94
D Space -2 -1 125 93 203 78
Space T 3 -1 93 109 249 156
T I 0 -3 109 156 125 16
I M -2 1 156 109 250 94
M E 2 4 109 110 124 15
E Space -3 -1 110 93 141 31
Space D 2 1 93 94 717 624
D O 1 -6 94 110 156 62
O I 0 1 110 110 234 124
I N -2 2 110 109 172 62
N G 1 1 109 125 125 16
G Space -2 1 125 93 125 0
Space T 3 -1 93 109 156 63
T H -1 -1 109 94 124 15
H E 1 3 94 110 156 62
E Space -3 -1 110 110 156 46
Space S 2 2 110 109 203 93
S C -1 -1 109 250 187 78
C A 1 2 250 171 188 -62
A T 1 -4 171 94 592 421
T T 0 0 94 94 172 78
T I 0 -3 94 110 140 46
I N -2 2 110 78 203 93
N G 1 1 78 94 125 47
G Space -2 1 94 94 140 46
Space O 3 -5 94 94 203 109
O N -2 3 94 94 203 109
N Space -1 2 94 156 172 78
Space T 3 -1 156 94 218 62
T H -1 -1 94 109 109 15
H E 1 3 109 109 156 47
E Space -3 -1 109 109 172 63
Space S 2 2 109 124 749 640
S N -1 -4 124 249 187 63
N O 2 -3 249 140 156 -93
O W 0 7 140 78 546 406
W Space -3 -2 78 78 171 93
Space M 1 -3 78 125 219 141
M O 2 -2 125 109 156 31
O U 0 2 109 94 452 343
U N -2 1 94 93 172 78
N T 2 1 93 141 249 156
T A -1 4 141 140 250 109
A I 1 -7 140 125 125 -15
I N -2 2 125 110 171 46
N L 1 -3 110 78 3058 2948
L OemQuestion -1 -1 78 78 7800 7722
OemQuestion Back 3 -3 78 156 842 764
Back OemPeriod -3 4 156 93 890 734
OemPeriod Space -1 5 93 124 234 141
Space LShiftKey 1 4 124 281 218 94
LShiftKey S 1 -2 281 125 218 -63
S M -1 -5 125 78 344 219
M Back 3 -6 78 109 405 327
Back O -1 4 109 156 281 172
O M -2 2 156 109 281 125
M E 2 4 109 93 203 94
E Space -3 -1 93 94 140 47
Space O 3 -5 94 93 952 858
O F -1 5 93 110 436 343
F Space -2 0 110 94 172 62
Space T 3 -1 94 78 172 78
T H -1 -1 78 93 109 31
H E 1 3 93 93 125 32
E M -2 -4 93 93 156 63
M Space -1 3 93 94 202 109
Space S 2 2 94 109 250 156
S Back 2 -11 109 110 374 265
Back C -3 10 110 109 141 31
C O 2 -6 109 125 140 31
O U 0 2 125 141 312 187
U L -1 -2 141 110 343 202
L D 0 6 110 94 671 561
D N -1 -3 94 63 468 374
N Oem7 1 -5 63 63 1279 1216
Oem7 T 1 6 63 62 422 359
T Space -3 1 62 93 156 94
Space G 2 -1 93 94 421 328
G E 1 2 94 94 109 15
E T 0 -2 94 140 125 31
T Space -3 1 140 125 156 16
Space H 2 -2 125 109 250 125
H E 1 3 109 78 156 47
E O 0 -6 78 109 312 234
O L -1 0 109 78 280 171
L Back 2 -4 78 94 671 593
Back Back 0 0 94 78 187 93
Back Back 0 0 78 78 156 78
Back O -1 4 78 62 656 578
O L -1 0 62 93 187 125
L D 0 6 93 93 203 110
D Space -2 -1 93 94 140 47
Space O 3 -5 94 109 187 93
O D -1 6 109 78 203 94
D Space -2 -1 78 94 140 62
Space Back 4 -9 94 109 609 515
Back Back 0 0 109 109 187 78
Back F -2 9 109 94 187 78
F Space -2 0 94 156 141 47
Space H 2 -2 156 125 655 499
H E 1 3 125 110 171 46
E Back 1 -10 110 94 593 483
Back Back 0 0 94 93 172 78
Back T -1 8 93 125 577 484
T H -1 -1 125 109 156 31
H E 1 3 109 140 593 484
E Space -3 -1 140 109 234 94
Space S 2 2 109 124 1373 1264
S C -1 -1 124 125 639 515
C A 1 2 125 125 203 78
A T 1 -4 125 63 811 686
T T 0 0 63 94 577 514
T I 0 -3 94 78 266 172
I N -2 2 78 109 452 374
N G 1 1 109 94 156 47
G Space -2 1 94 93 172 78
Space A 2 3 93 93 156 63
A N -1 -5 93 110 124 31
N D 1 3 110 125 156 46
D Space -2 -1 125 94 203 78
Space T 3 -1 94 110 733 639
T H -1 -1 110 78 172 62
H E 1 3 78 234 125 47
E R 0 -1 234 281 171 -63
R E 0 1 281 94 234 -47
E Back 1 -10 94 94 328 234
Back Back 0 0 94 62 203 109
Back Y -1 7 62 125 1669 1607
Y Space -3 2 125 94 187 62
Space A 2 3 94 125 156 62
A L 0 -8 125 78 203 78
L L 0 0 78 93 172 94
L Space -2 5 93 109 234 141
Space F 2 0 109 172 218 109
F A 0 3 172 140 156 -16
A L 0 -8 140 78 250 110
L L 0 0 78 78 140 62
L I 1 1 78 93 203 125
I N -2 2 93 94 171 78
N G 1 1 94 94 156 62
G Space -2 1 94 93 141 47
Space S 2 2 93 94 327 234
S O 1 -7 94 109 110 16
O W 0 7 109 140 468 359
W N -2 -4 140 78 202 62
N Space -1 2 78 93 188 110
Space A 2 3 93 125 109 16
A N -1 -5 125 78 187 62
N D 1 3 78 109 78 0
D Space -2 -1 109 78 203 94
Space S 2 2 78 93 390 312
S I 1 -6 93 109 156 63
I M -2 1 109 94 530 421
M E 2 4 94 93 141 47
E Space -3 -1 93 109 187 94
Space A 2 3 109 171 234 125
A R 1 -3 171 171 359 188
R E 0 1 171 249 31 -140
E Space -3 -1 249 187 312 63
Space U 3 -3 187 94 1669 1482
U S -1 5 94 94 156 62
S I 1 -6 94 125 109 15
I N -2 2 125 109 203 78
N G 1 1 109 78 187 78
G Space -2 1 78 94 187 109
Space T 3 -1 94 93 890 796
T H -1 -1 93 110 124 31
H E 1 3 110 109 141 31
E Space -3 -1 109 109 218 109
Space B 1 -1 109 188 733 624
B O 2 -4 188 110 468 280
O T 0 4 110 109 890 780
T A -1 4 109 140 187 78
A S 0 -1 140 93 234 94
S Space -2 -2 93 140 203 110
Space T 3 -1 140 156 390 250
T O 0 -4 156 156 234 78
O Space -3 5 156 94 218 62
Space G 2 -1 94 109 1139 1045
G E 1 2 109 93 125 16
E T 0 -2 93 156 187 94
T Space -3 1 156 140 109 -47
Space T 3 -1 140 78 406 266
T H -1 -1 78 109 140 62
H R 1 2 109 93 593 484
R O 0 -5 93 125 140 47
O U 0 2 125 93 219 94
U G -1 2 93 94 202 109
G H 0 -1 94 78 125 31
H T 1 1 78 78 141 63
T Space -3 1 78 109 156 78
Space T 3 -1 109 141 280 171
T H -1 -1 141 63 156 15
H E 1 3 63 94 172 109
E Space -3 -1 94 78 187 93
Space S 2 2 78 125 9376 9298
S N -1 -4 125 218 234 109
N O 2 -3 218 156 109 -109
O W 0 7 156 109 1014 858
W Space -3 -2 109 110 374 265
Space LShiftKey 1 4 110 156 1077 967
LShiftKey I 2 -8 156 78 109 -47
I Space -3 4 78 109 203 125
Space T 3 -1 109 140 265 156
T H -1 -1 140 172 109 -31
H I 1 -2 172 125 125 -47
I N -2 2 125 156 203 78
N K 1 -2 156 125 109 -47
K Space -2 4 125 110 218 93
Space I 3 -4 110 109 188 78
I T 0 3 109 109 312 203
T Space -3 1 109 109 327 218
Space W 3 2 109 219 156 47
W A -1 1 219 249 172 -47
A S 0 -1 249 124 203 -46
S Space -2 -2 124 124 234 110
Space M 1 -3 124 156 655 531
M O 2 -2 156 141 171 15
O R 0 5 141 234 266 125
R E 0 1 234 141 124 -110
E Space -3 -1 141 110 156 15
Space L 2 -5 110 78 328 218
L I 1 1 78 93 203 125
I K -1 0 93 109 187 94
K E 1 5 109 109 172 63
E Space -3 -1 109 93 187 78
Space A 2 3 93 109 1014 921
A Space -2 -3 109 125 234 125
Space H 2 -2 125 156 936 811
H O 1 -3 156 125 156 0
O L -1 0 125 93 234 109
L I 1 1 93 94 187 94
I D -1 5 94 203 265 171
D A 0 2 203 140 125 -78
A Y 1 -5 140 109 203 63
Y Space -3 2 109 109 156 47
Space T 3 -1 109 109 187 78
T O 0 -4 109 218 125 16
O Space -3 5 218 156 187 -31
Space E 3 1 156 109 234 78
E G -1 -2 109 94 140 31
G T 1 0 94 109 219 125
T Space -3 1 109 141 140 31
Space T 3 -1 141 124 219 78
T Back 1 -8 124 109 655 531
Back Back 0 0 109 78 203 94
Back Back 0 0 78 62 156 78
Back Back 0 0 62 78 156 94
Back Back 0 0 78 78 312 234
Back G -2 8 78 93 577 499
G E 1 2 93 78 140 47
E T 0 -2 78 218 671 593
T Space -3 1 218 140 203 -15
Space R 3 0 140 172 483 343
R E 0 1 172 140 110 -62
E A -1 2 140 47 405 265
A L 0 -8 47 140 125 78
L Back 2 -4 140 78 452 312
Back Back 0 0 78 78 172 94
Back L -2 4 78 93 1841 1763
L A 0 8 93 125 171 78
A X -1 -1 125 140 297 172
X E 2 -1 140 109 203 63
E D -1 0 109 78 390 281
D Space -2 -1 78 78 187 109
Space I 3 -4 78 109 203 125
I N -2 2 109 94 202 93
N Space -1 2 94 124 188 94
Space A 2 3 124 125 374 250
A Space -2 -3 125 109 172 47
Space B 1 -1 109 172 218 109
B U 2 -2 172 124 172 0
U S -1 5 124 109 249 125
S Y 1 -4 109 140 125 16
Y Space -3 2 140 94 156 16
Space W 3 2 94 94 858 764
W O 0 -7 94 125 156 62
O R 0 5 125 78 203 78
R S -1 2 78 94 343 265
S Back 2 -11 94 94 936 842
Back L -2 4 94 109 265 171
L S 0 7 109 109 203 94
S Space -2 -2 109 124 250 141
Space L 2 -5 124 78 265 141
L I 1 1 78 93 203 125
I K -1 0 93 93 187 94
K E 1 5 93 78 125 32
E Space -3 -1 78 124 156 78
Space T 3 -1 124 78 156 32
T H -1 -1 78 125 140 62
H I 1 -2 125 140 78 -47
I S -1 6 140 109 156 16
S OemPeriod -1 -7 109 109 234 125
OemPeriod LShiftKey 0 9 109 671 4493 4384
LShiftKey T 2 -5 671 62 468 -203
T H -1 -1 62 124 281 219
H E 1 3 124 62 296 172
E R 0 -1 62 203 499 437
R E 0 1 203 156 125 -78
E Space -3 -1 156 109 234 78
Space S 2 2 109 109 359 250
S Back 2 -11 109 109 780 671
Back I -1 5 109 141 405 296
I S -1 6 141 110 156 15
S Space -2 -2 110 125 203 93
Space A 2 3 125 93 141 16
A Back 2 -12 93 124 468 375
Back S -2 11 124 109 156 32
S M -1 -5 109 93 156 47
M A 1 6 93 94 124 31
A L 0 -8 94 78 156 62
L L 0 0 78 78 156 78
L Space -2 5 78 109 203 125
Space H 2 -2 109 234 1139 1030
H O 1 -3 234 93 1186 952
O U 0 2 93 94 202 109
U S -1 5 94 94 156 62
S E 1 -1 94 93 219 125
E Space -3 -1 93 94 187 94
Space G 2 -1 94 93 827 733
G E 1 2 93 94 140 47
E T 0 -2 94 156 125 31
T Space -3 1 156 94 187 31
Space G 2 -1 94 110 2215 2121
G E 1 2 110 93 141 31
E T 0 -2 93 203 156 63
T Space -3 1 203 156 171 -32
Space Back 4 -9 156 94 562 406
Back Back 0 0 94 78 187 93
Back Back 0 0 78 78 172 94
Back Back 0 0 78 78 140 62
Back S -2 11 78 125 1591 1513
S O 1 -7 125 124 188 63
O M -2 2 124 109 218 94
M E 2 4 109 93 125 16
E Space -3 -1 93 94 140 47
Space G 2 -1 94 94 343 249
G G 0 0 94 78 203 109
G O 1 -4 78 110 265 187
O D -1 6 110 78 172 62
D Back 2 -10 78 78 577 499
Back Back 0 0 78 63 187 109
Back Back 0 0 63 78 141 78
Back O -1 4 78 125 374 296
O O 0 0 125 125 655 530
O D -1 6 125 62 188 63
D Space -2 -1 62 78 218 156
Space S 2 2 78 125 187 109
S L 0 -7 125 109 172 47
L E 1 6 109 94 249 140
E E 0 0 94 63 203 109
E P 0 -7 63 125 187 124
P Space -3 6 125 141 203 78
Space A 2 3 141 219 265 124
A S 0 -1 219 140 188 -31
S Space -2 -2 140 110 280 140
Space E 3 1 110 125 312 202
E Back 1 -10 125 124 422 297
Back W -1 11 124 172 140 16
W E 0 -1 172 125 156 -16
E L -1 -6 125 94 842 717
L L 0 0 94 62 188 94
L OemPeriod -1 0 62 62 218 156
OemPeriod U 2 2 62 125 54319 54257
U B -2 2 125 93 188 63
B C 0 2 93 109 624 531
C O 2 -6 109 78 171 62
O L -1 0 78 62 219 141
L L 0 0 62 78 140 78
L E 1 6 78 156 125 47
E U 0 -4 156 78 3167 3011
U B -2 2 78 93 234 156
B C 0 2 93 109 265 172
C O 2 -6 109 62 265 156
O L -1 0 62 78 187 125
L L 0 0 78 78 156 78
L E 1 6 78 109 125 47
E C -2 0 109 140 203 94
C T 2 -2 140 125 249 109
T I 0 -3 125 156 156 31
I O 0 -1 156 141 78 -78
O N -2 3 141 125 406 265
N D0 3 -4 125 78 2168 2043
D0 LShiftKey -3 10 78 952 952 874
LShiftKey Return 1 -12 952 94 1513 561
Return D 0 9 94 187 3622 3528
D A 0 2 187 141 140 -47
A T 1 -4 141 94 203 62
T A -1 4 94 109 94 0
A C -1 -2 109 109 296 187
C L 1 -6 109 78 390 281
L Back 2 -4 78 94 421 343
Back O -1 4 94 109 266 172
O L -1 0 109 78 982 873
L L 0 0 78 63 156 78
L E 1 6 63 109 141 78
E C -2 0 109 171 203 94
C T 2 -2 171 140 234 63
T I 0 -3 140 141 124 -16
I O 0 -1 141 109 110 -31
O N -2 3 109 78 171 62
N Return 1 -6 78 63 265 187
Return S 0 10 63 100 9990 9927
S S 0 0 100 102 177 77
S O 1 -7 102 102 165 63
O M -2 2 102 105 180 78
M A 1 6 105 172 675 570
A R 1 -3 172 228 212 40
R A -1 3 228 163 145 -83
A P 1 -9 163 145 353 190
P LShiftKey -2 10 145 675 335 190
LShiftKey D2 3 -2 675 155 540 -135
D2 B -3 -3 155 200 295 140
B U 2 -2 200 95 155 -45
U F -1 3 95 100 185 90
F F 0 0 100 195 172 72
F A 0 3 195 162 123 -72
A L 0 -8 162 110 142 -20
L O 1 0 110 30 225 115
O T 0 4 30 92 2548 2518
T A -1 4 92 152 182 90
A Back 2 -12 152 113 532 380
Back Back 0 0 113 75 213 100
Back Back 0 0 75 92 155 80
Back L -2 4 92 92 1545 1453
L A 0 8 92 235 172 80
A S 0 -1 235 122 193 -42
S T 1 -3 122 143 162 40
T Space -3 1 143 122 173 30
Space P 3 -6 122 103 562 440
P H -1 4 103 195 263 160
H O 1 -3 195 113 142 -53
O Back 1 -4 113 103 455 342
Back A -2 12 103 179 183 80
A S 0 -1 179 133 159 -20
S E 1 -1 133 102 223 90
E Space -3 -1 102 73 192 90
Space C 1 1 73 122 793 720
C O 2 -6 122 83 152 30
O M -2 2 83 72 203 120
M P 2 -3 72 33 222 150
P Space -3 6 33 95 280 247
Space S 2 2 95 115 145 50
S E 1 -1 115 73 515 400
E C -2 0 73 102 203 130
C Space -1 -1 102 93 212 110
Space P 3 -6 93 112 303 210
P R 0 6 112 113 202 90
R O 0 -5 113 115 245 132
O J -1 2 115 33 345 230
J E 1 4 33 135 123 90
E C -2 0 135 130 235 100
C T 2 -2 130 152 150 20
T Space -3 1 152 113 542 390
Space D1 4 3 113 82 153 40
D1 P -1 -9 82 112 28073 27991
P L -1 1 112 112 187 75
L E 1 6 112 123 152 40
E A -1 2 123 232 183 60
A S 0 -1 232 115 200 -32
S Space -2 -2 115 105 205 90
Space E 3 1 105 82 165 60
E Back 1 -10 82 132 755 673
Back S -2 11 132 88 152 20
S E 1 -1 88 80 208 120
E E 0 0 80 82 170 90
E Space -3 -1 82 135 112 30
Space T 3 -1 135 103 155 20
T H -1 -1 103 102 133 30
H E 1 3 102 105 142 40
E Space -3 -1 105 113 175 70
Space A 2 3 113 122 143 30
A T 1 -4 122 103 237 115
T A -1 4 103 92 173 70
A C -1 -2 92 93 262 170
C H 1 -3 93 20 193 100
H M -1 -1 20 112 1015 995
M E 2 4 112 83 232 120
E N -2 -3 83 122 153 70
N T 2 1 122 143 507 385
T Oemcomma -2 -3 143 75 295 152
Oemcomma OemPeriod 0 -1 75 95 10619 10544
OemPeriod E 2 6 95 170 225 130
E D -1 0 170 163 130 -40
D U 1 -4 163 60 203 40
U G -1 2 60 100 16804 16744
G O 1 -4 100 80 150 50
O O 0 0 80 50 190 110
O G -1 4 50 90 50 0
G L 0 -4 90 80 160 70
L Return 0 -3 80 80 440 360
Return B -1 7 80 130 2579 2499
B U 2 -2 130 103 80 -50
U F -1 3 103 65 290 187
F F 0 0 65 142 178 113
F A 0 3 142 115 132 -10
A L 0 -8 115 85 145 30
L O 1 0 85 85 163 78
O Space -3 5 85 115 815 730
Space W 3 2 115 270 245 130
W A -1 1 270 193 227 -43
A Back 2 -12 193 158 1463 1270
Back E -1 10 158 232 268 110
E A -1 2 232 133 192 -40
A H 0 -5 133 103 635 502
H Space -2 2 103 137 1979 1876
Space M 1 -3 137 287 297 160
M P 2 -3 287 132 190 -97
P W 0 8 132 125 312 180
W Back 1 -11 125 70 1085 960
Back Back 0 0 70 65 160 90
Back Back 0 0 65 95 2405 2340
Back Return -2 1 95 88 269 174
Return A 0 11 88 130 40114 40026
A M -1 -6 130 105 207 77
M A 1 6 105 89 155 50
A Z -1 0 89 103 409 320
Z O 2 -8 103 101 166 63
O N -2 3 101 71 501 400
N OemPeriod 0 -3 71 83 383 312
OemPeriod C 0 6 83 111 490 407
C O 2 -6 111 104 167 56
O M -2 2 104 70 193 89
M Return 1 -5 70 60 310 240
Return N -1 6 60 110 23062 23002
N Back 3 -7 110 220 950 840
Back Back 0 0 220 110 1010 790
Back U -1 6 110 92 1900 1790
U S -1 5 92 210 212 120
S A 0 1 210 170 120 -90
A Space -2 -3 170 80 230 60
Space T 3 -1 80 90 290 210
T O 0 -4 90 80 160 70
O D -1 6 80 200 280 200
D A 0 2 200 160 140 -60
A Y 1 -5 160 100 170 10
Y Space -3 2 100 60 240 140
Space N 1 -2 60 80 270 210
N E 2 3 80 120 220 140
E W 0 1 120 130 640 520
W S -1 0 130 100 300 170
S Return 0 -10 100 90 330 230
