D4 D8 0 -4 78 63 265 187
D8 D2 0 6 63 94 390 327
D2 D5 0 -3 94 109 359 265
D5 M -3 -2 109 93 31887 31778
M Back 3 -6 93 141 1653 1560
Back LShiftKey -3 13 141 203 1123 982
LShiftKey M 0 -7 203 109 110 -93
M Y 2 1 109 78 280 171
Y Space -3 2 78 94 203 125
Space T 3 -1 94 62 281 187
T H -1 -1 62 63 187 125
H I 1 -2 63 78 234 171
I R 0 4 78 62 141 63
R D -1 1 62 62 218 156
D Space -2 -1 62 78 140 78
Space S 2 2 78 94 125 47
S T 1 -3 94 62 172 78
T O 0 -4 62 78 327 265
O R 0 5 78 78 156 78
R Y 0 -2 78 78 141 63
Y Space -3 2 78 63 218 140
Space I 3 -4 63 94 156 93
I S -1 6 94 62 172 78
S Space -2 -2 62 78 93 31
Space A 2 3 78 93 141 63
A B -1 -4 93 78 140 47
B O 2 -4 78 141 234 156
O U 0 2 141 94 78 -63
U T 0 2 94 63 187 93
T Space -3 1 63 94 125 62
Space D 2 1 94 78 328 234
D E 1 0 78 62 203 125
E A -1 2 62 63 124 62
A T 1 -4 63 94 125 62
T H -1 -1 94 63 234 140
H OemPeriod -1 -3 63 78 2652 2589
OemPeriod Return 1 -3 78 62 250 172
Return LShiftKey -1 12 62 280 1997 1935
LShiftKey W 2 -2 280 125 249 -31
W H -1 -4 125 78 156 31
H E 1 3 78 78 187 109
E N -2 -3 78 62 110 32
N Space -1 2 62 63 171 109
Space I 3 -4 63 78 172 109
I Space -3 4 78 94 187 109
Space W 3 2 94 78 234 140
W A -1 1 78 78 187 109
A S 0 -1 78 78 172 94
S Space -2 -2 78 62 125 47
Space D1 4 3 62 94 140 78
D1 D7 0 -6 94 94 109 15
D7 Space -4 3 94 63 265 171
Space Back 4 -9 63 78 843 780
Back Oemcomma -3 5 78 109 671 593
Oemcomma Space -1 4 109 94 93 -16
Space LShiftKey 1 4 94 156 219 125
LShiftKey I 2 -8 156 94 62 -94
I Space -3 4 94 109 203 109
Space R 3 0 109 94 265 156
R E 0 1 94 78 172 78
E A -1 2 78 63 124 46
A D 0 -2 63 62 94 31
D Space -2 -1 62 93 203 141
Space A 2 3 93 78 140 47
A Space -2 -3 78 78 156 78
Space Q 3 3 78 94 905 827
Q U 0 -6 94 78 156 62
U O 0 -2 78 78 265 187
O T 0 4 78 63 265 187
T E 0 2 63 62 141 78
E Space -3 -1 62 94 93 31
Space T 3 -1 94 78 188 94
T H -1 -1 78 63 202 124
H A 0 5 63 109 110 47
A T 1 -4 109 78 78 -31
T Space -3 1 78 78 202 124
Space W 3 2 78 78 110 32
W E 0 -1 78 78 187 109
E N -2 -3 78 62 109 31
N T 2 1 62 93 172 110
T Space -3 1 93 78 109 16
Space O 3 -5 78 124 328 250
O S -1 7 124 93 655 531
S O 1 -7 93 109 125 32
O M -2 2 109 94 62 -47
M E 2 4 94 78 62 -32
E T 0 -2 78 78 234 156
T H -1 -1 78 78 125 47
H I 1 -2 78 156 187 109
I N -2 2 156 124 110 -46
N G 1 1 124 62 78 -46
G Space -2 1 62 78 156 94
Space L 2 -5 78 109 156 78
L I 1 1 109 78 187 78
I K -1 0 78 78 156 78
K E 1 5 78 63 93 15
E Space -3 -1 63 93 110 47
Space Back 4 -9 93 94 2636 2543
Back Back 0 0 94 94 3182 3088
Back RShiftKey -3 2 94 172 312 218
RShiftKey Oem1 1 1 172 78 125 -47
Oem1 Space -2 6 78 62 406 328
Space RShiftKey 1 -7 62 172 1154 1092
RShiftKey Oem7 1 0 172 94 78 -94
Oem7 LShiftKey -1 11 94 187 219 125
LShiftKey I 2 -8 187 94 140 -47
I F -1 4 94 93 281 187
F Space -2 0 93 46 125 32
Space Y 3 -2 46 78 249 203
Y O 0 -3 78 156 187 109
O U 0 2 156 109 94 -62
U Space -3 3 109 78 312 203
Space L 2 -5 78 62 749 671
L I 1 1 62 109 156 94
I V -2 4 109 78 312 203
V E 2 1 78 78 156 78
E Space -3 -1 78 78 109 31
Space E 3 1 78 78 1654 1576
E A -1 2 78 141 405 327
A C -1 -2 141 94 281 140
C H 1 -3 94 78 125 31
H Space -2 2 78 78 218 140
Space D 2 1 78 62 203 125
D A 0 2 62 93 125 63
A Y 1 -5 93 63 171 78
Y Space -3 2 63 78 624 561
Space A 2 3 78 63 359 281
A S 0 -1 63 78 203 140
S Space -2 -2 78 94 109 31
Space I 3 -4 94 78 312 218
I T 0 3 78 78 234 156
T Space -3 1 78 94 187 109
Space W 3 2 94 110 78 -16
W S -1 0 110 63 437 327
S Back 2 -11 63 110 499 436
Back A -2 12 110 124 188 78
A S 0 -1 124 124 78 -46
S Space -2 -2 124 78 234 110
Space Y 3 -2 78 78 670 592
Y O 0 -3 78 156 219 141
O U 0 2 156 110 93 -63
U R 0 3 110 78 141 31
R Space -3 0 78 78 187 109
Space L 2 -5 78 94 234 156
L A 0 8 94 93 125 31
A S 0 -1 93 93 234 141
S T 1 -3 93 62 156 63
T Oemcomma -2 -3 62 109 1279 1217
Oemcomma Space -1 4 109 109 78 -31
Space S 2 2 109 93 203 94
S O 1 -7 93 93 125 32
O M -2 2 93 125 46 -47
M E 2 4 125 93 141 16
E D -1 0 93 62 234 141
D A 0 2 62 109 234 172
A Y 1 -5 109 93 125 16
Y Space -3 2 93 78 280 187
Space Y 3 -2 78 78 1451 1373
Y O 0 -3 78 156 187 109
O U 0 2 156 93 110 -46
U Oem7 -1 -4 93 78 686 593
Oem7 L 0 2 78 94 218 140
L L 0 0 94 94 156 62
L Space -2 5 94 78 219 125
Space M 1 -3 78 109 203 125
M O 2 -2 109 141 46 -63
O S -1 7 141 94 203 62
S T 1 -3 94 78 141 47
T Space -3 1 78 94 249 171
Space C 1 1 94 94 1326 1232
C E 2 0 94 78 109 15
E R 0 -1 78 78 125 47
R T 0 -1 78 47 234 156
T A -1 4 47 94 265 218
A I 1 -7 94 109 141 47
I N -2 2 109 94 93 -16
N L 1 -3 94 93 219 125
L Y 1 3 93 78 265 172
Y Space -3 2 78 94 187 109
Space B 1 -1 94 78 203 109
B E 2 2 78 78 109 31
E Space -3 -1 78 63 156 78
Space R 3 0 63 94 2028 1965
R I 0 -4 94 94 125 31
I G -1 3 94 94 234 140
G H 0 -1 94 63 218 124
H T 1 1 63 78 63 0
T OemPeriod -2 -4 78 78 1045 967
OemPeriod Space -1 5 78 78 218 140
Space RShiftKey 1 -7 78 171 656 578
RShiftKey Oem7 1 0 171 124 78 -93
Oem7 Back 2 -2 124 94 2043 1919
Back Back 0 0 94 93 406 312
Back RShiftKey -3 2 93 171 1061 968
RShiftKey Oem7 1 0 171 93 78 -93
Oem7 Space -2 7 93 109 327 234
Space LShiftKey 1 4 109 281 2356 2247
LShiftKey I 2 -8 281 141 140 -141
I T 0 3 141 78 343 202
T Space -3 1 78 63 203 125
Space M 1 -3 63 78 250 187
M A 1 6 78 110 93 15
A D 0 -2 110 94 234 124
D E 1 0 94 78 188 94
E Space -3 -1 78 78 156 78
Space A 2 3 78 125 811 733
A N -1 -5 125 78 140 15
N Space -1 2 78 78 187 109
Space I 3 -4 78 124 188 110
I M -2 1 124 109 78 -46
M P 2 -3 109 125 202 93
P R 0 6 125 109 188 63
R E 0 1 109 109 187 78
E S -1 1 109 93 234 125
S S 0 0 93 78 187 94
S I 1 -6 78 125 109 31
I O 0 -1 125 94 78 -47
O N -2 3 94 62 219 125
N Space -1 2 62 78 202 140
Space O 3 -5 78 156 515 437
O N -2 3 156 109 94 -62
N Space -1 2 109 63 218 109
Space M 1 -3 63 78 172 109
M E 2 4 78 93 78 0
E Oemcomma -2 -5 93 110 951 858
Oemcomma Space -1 4 110 125 63 -47
Space A 2 3 125 125 156 31
A N -1 -5 125 78 171 46
N D 1 3 78 94 156 78
D Space -2 -1 94 78 125 31
Space S 2 2 78 78 141 63
S I 1 -6 78 124 78 0
I N -2 2 124 124 78 -46
N C 0 3 124 156 187 63
C E 2 0 156 140 125 -31
E Space -3 -1 140 93 187 47
Space T 3 -1 93 62 203 110
T H -1 -1 62 78 156 94
H E 1 3 78 78 124 46
E N -2 -3 78 93 110 32
N Space -1 2 93 46 234 141
Space Back 4 -9 46 109 343 297
Back Oemcomma -3 5 109 124 359 250
Oemcomma Space -1 4 124 94 93 -31
Space F 2 0 94 78 546 452
F O 1 -5 78 78 109 31
O R 0 5 78 78 110 32
R Space -3 0 78 94 124 46
Space T 3 -1 94 78 188 94
T H -1 -1 78 78 187 109
H E 1 3 78 62 125 47
E Space -3 -1 62 78 78 16
Space P 3 -6 78 94 405 327
P A -1 9 94 62 141 47
A S 0 -1 62 78 171 109
S T 1 -3 78 78 390 312
T Space -3 1 78 78 234 156
Space D3 4 1 78 109 156 78
D3 D3 0 0 109 78 187 78
D3 Space -4 -1 78 78 203 125
Space Y 3 -2 78 78 671 593
Y A -1 5 78 62 156 78
A E 1 -2 62 47 109 47
E R 0 -1 47 78 141 94
R S -1 2 78 78 140 62
S Oemcomma -1 -6 78 140 515 437
Oemcomma Space -1 4 140 156 78 -62
Space LShiftKey 1 4 156 188 873 717
LShiftKey I 2 -8 188 78 110 -78
I Space -3 4 78 94 202 124
Space H 2 -2 94 93 141 47
H A 0 5 93 109 140 47
A V -1 -3 109 78 63 -46
V E 2 1 78 78 187 109
E Space -3 -1 78 63 171 93
Space L 2 -5 63 62 1186 1123
L O 1 0 62 62 203 141
O O 0 0 62 62 156 94
O K -1 1 62 78 156 94
K E 1 5 78 78 93 15
E D -1 0 78 78 188 110
D Space -2 -1 78 78 140 62
Space I 3 -4 78 78 172 94
I N -2 2 78 110 46 -32
N T 2 1 110 78 203 93
T O 0 -4 78 78 109 31
O Space -3 5 78 94 172 94
Space T 3 -1 94 63 187 93
T H -1 -1 63 93 141 78
H E 1 3 93 63 124 31
E Space -3 -1 63 78 78 15
Space M 1 -3 78 124 188 110
M I 2 -1 124 109 78 -46
I R 0 4 109 63 171 62
R R 0 0 63 78 187 124
R O 0 -5 78 94 156 78
O R 0 5 94 62 219 125
R Space -3 0 62 94 93 31
Space E 3 1 94 78 687 593
E V -2 -1 78 94 140 62
V E 2 1 94 78 94 0
E R 0 -1 78 78 608 530
R Y 0 -2 78 62 219 141
Y Space -3 2 62 93 156 94
Space M 1 -3 93 140 234 141
M O 2 -2 140 156 62 -78
O R 0 5 156 63 265 109
R N -2 -2 63 78 125 62
N I 2 -2 78 172 62 -16
I N -2 2 172 109 110 -62
N G 1 1 109 78 109 0
G Space -2 1 78 62 156 78
Space A 2 3 62 109 1466 1404
A N -1 -5 109 78 141 32
N D 1 3 78 78 124 46
D Space -2 -1 78 62 94 16
Space A 2 3 62 109 172 110
A S 0 -1 109 78 202 93
S K 0 -6 78 78 94 16
K E 1 5 78 78 125 47
E D -1 0 78 94 187 109
D Space -2 -1 94 47 109 15
Space M 1 -3 47 78 172 125
M Y 2 1 78 78 187 109
Y E 0 3 78 78 281 203
E Oemplus 1 -9 78 78 671 593
Oemplus Back 0 -1 78 62 733 655
Back Back 0 0 62 63 171 109
Back S -2 11 63 78 468 405
S E 1 -1 78 78 203 125
E L -1 -6 78 93 94 16
L F 0 5 93 78 156 63
F RShiftKey -1 -7 78 171 1170 1092
RShiftKey Oem1 1 1 171 94 93 -78
Oem1 Space -2 6 94 94 312 218
Space RShiftKey 1 -7 94 156 344 250
RShiftKey Oem7 1 0 156 124 78 -78
Oem7 RShiftKey -1 0 124 312 2636 2512
RShiftKey Oem7 1 0 312 187 125 -187
Oem7 RShiftKey -1 0 187 172 2948 2761
RShiftKey Oem7 1 0 172 141 78 -94
Oem7 LShiftKey -1 11 141 172 8455 8314
LShiftKey I 2 -8 172 78 110 -62
I Space -3 4 78 62 452 374
Space Back 4 -9 62 78 421 359
Back F -2 9 78 78 203 125
F Space -2 0 78 78 312 234
Space T 3 -1 78 78 234 156
T O 0 -4 78 78 140 62
O D -1 6 78 78 359 281
D A 0 2 78 62 125 47
A Y 1 -5 62 94 109 47
Y Space -3 2 94 94 187 93
Space W 3 2 94 78 1014 920
W R 0 -2 78 47 172 94
R E 0 1 47 94 62 15
E Back 1 -10 94 94 874 780
Back Back 0 0 94 62 172 78
Back E -1 10 62 125 140 78
E R 0 -1 125 219 62 -63
R E 0 1 219 141 203 -16
E Space -3 -1 141 109 484 343
Space T 3 -1 109 62 265 156
T H -1 -1 62 78 187 125
H E 1 3 78 62 94 16
E Space -3 -1 62 63 171 109
Space L 2 -5 63 94 671 608
L A 0 8 94 78 125 31
A S 0 -1 78 78 172 94
S T 1 -3 78 63 93 15
T Space -3 1 63 93 172 109
Space D 2 1 93 63 171 78
D A 0 2 63 78 110 47
A Y 1 -5 78 78 140 62
Y Space -3 2 78 78 718 640
Space O 3 -5 78 63 358 280
O F -1 5 63 78 219 156
F Space -2 0 78 78 125 47
Space M 1 -3 78 109 686 608
M Y 2 1 109 94 218 109
Y Space -3 2 94 93 188 94
Space L 2 -5 93 93 702 609
L I 1 1 93 62 234 141
I F -1 4 62 156 93 31
F E 1 1 156 94 125 -31
E Space -3 -1 94 31 265 171
Space Back 4 -9 31 93 2044 2013
Back Oemcomma -3 5 93 141 2558 2465
Oemcomma Space -1 4 141 94 109 -32
Space W 3 2 94 93 219 125
W O 0 -7 93 109 156 63
O U 0 2 109 78 62 -47
U L -1 -2 78 94 203 125
L D 0 6 94 94 140 46
D Space -2 -1 94 93 110 16
Space LShiftKey 1 4 93 234 577 484
LShiftKey I 2 -8 234 78 140 -94
I Space -3 4 78 62 250 172
Space W 3 2 62 78 1279 1217
W A -1 1 78 125 218 140
A N -1 -5 125 78 141 16
N T 2 1 78 94 218 140
T Space -3 1 94 78 78 -16
Space T 3 -1 78 78 141 63
T O 0 -4 78 78 109 31
O Space -3 5 78 78 187 109
Space D 2 1 78 94 156 78
D O 1 -6 94 62 94 0
O Space -3 5 62 63 202 140
Space W 3 2 63 78 1420 1357
W H -1 -4 78 93 125 47
H A 0 5 93 78 125 32
A T 1 -4 78 78 109 31
T Space -3 1 78 94 249 171
Space LShiftKey 1 4 94 202 188 94
LShiftKey I 2 -8 202 78 109 -93
I Space -3 4 78 78 187 109
Space A 2 3 78 78 141 63
A M -1 -6 78 78 109 31
M Space -1 3 78 78 218 140
Space A 2 3 78 78 1888 1810
A B -1 -4 78 78 156 78
B O 2 -4 78 140 234 156
O U 0 2 140 78 93 -47
U T 0 2 78 78 141 63
T Space -3 1 78 94 140 62
Space T 3 -1 94 62 125 31
T O 0 -4 62 94 109 47
O Space -3 5 94 93 219 125
Space D 2 1 93 63 171 78
D O 1 -6 63 78 78 15
O Space -3 5 78 94 187 109
Space T 3 -1 94 94 359 265
T O 0 -4 94 78 141 47
O D -1 6 78 78 358 280
D A 0 2 78 78 2247 2169
A Y 1 -5 78 78 171 93
Y RShiftKey -2 -5 78 249 5180 5102
RShiftKey OemQuestion 0 1 249 140 109 -140
OemQuestion RShiftKey 0 -1 140 125 624 484
RShiftKey Oem7 1 0 125 140 47 -78
Oem7 Space -2 7 140 93 312 172
Space LShiftKey 1 4 93 156 171 78
LShiftKey A 1 -1 156 141 109 -47
A N -1 -5 141 78 172 31
N D 1 3 78 94 140 62
D Space -2 -1 94 109 94 0
Space W 3 2 109 110 218 109
W H -1 -4 110 78 125 15
H E 1 3 78 63 156 78
E N -2 -3 63 78 141 78
N E 2 3 78 78 109 31
E E 0 0 78 109 203 125
E V -2 -1 109 78 109 0
V R 2 0 78 140 109 31
R Back 1 -9 140 109 1747 1607
Back Back 0 0 109 78 187 78
Back Back 0 0 78 47 156 78
Back V -3 9 47 63 780 733
V E 2 1 63 94 94 31
E R 0 -1 94 62 203 109
R Space -3 0 62 78 109 47
Space T 3 -1 78 63 2168 2090
T H -1 -1 63 78 188 125
H E 1 3 78 78 109 31
E Space -3 -1 78 94 93 15
Space A 2 3 94 93 219 125
A N -1 -5 93 93 156 63
N S 1 4 93 78 109 16
S W 1 0 78 109 172 94
W E 0 -1 109 78 234 125
E R 0 -1 78 156 577 499
R Space -3 0 156 93 281 125
Space H 2 -2 93 78 280 187
H A 0 5 78 93 110 32
A S 0 -1 93 93 187 94
S Space -2 -2 93 78 125 32
Space B 1 -1 78 63 202 124
B E 2 2 63 78 156 93
E E 0 0 78 78 188 110
E N -2 -3 78 78 140 62
N Space -1 2 78 78 234 156
Space RShiftKey 1 -7 78 125 1841 1763
RShiftKey Oem7 1 0 125 124 47 -78
Oem7 LShiftKey -1 11 124 359 639 515
LShiftKey N 0 -6 359 62 250 -109
N O 2 -3 62 109 187 125
O RShiftKey -2 -2 109 203 437 328
RShiftKey Oem7 1 0 203 125 93 -110
Oem7 Space -2 7 125 78 1217 1092
Space F 2 0 78 94 905 827
F O 1 -5 94 78 94 0
O R 0 5 78 110 124 46
R Space -3 0 110 78 141 31
Space T 3 -1 78 62 109 31
T O 0 -4 62 93 125 63
O O 0 0 93 62 187 94
O Space -3 5 62 78 218 156
Space M 1 -3 78 94 203 125
M A 1 6 94 63 187 93
A N -1 -5 63 93 141 78
N Y 2 0 93 78 234 141
Y Space -3 2 78 94 171 93
Space D 2 1 94 94 78 -16
D A 0 2 94 78 250 156
A Y 1 -5 78 78 94 16
Y S -1 4 78 78 93 15
S Space -2 -2 78 78 125 47
Space I 3 -4 78 125 187 109
I N -2 2 125 109 78 -47
N Space -1 2 109 78 203 94
Space A 2 3 78 94 109 31
A Space -2 -3 94 109 765 671
Space R 3 0 109 93 577 468
R O 0 -5 93 93 125 32
O W 0 7 93 78 202 109
W Oemcomma -2 -6 78 156 312 234
Oemcomma Space -1 4 156 109 94 -62
Space LShiftKey 1 4 109 515 530 421
LShiftKey I 2 -8 515 62 422 -93
I Space -3 4 62 78 171 109
Space K 2 -4 78 125 156 78
K N -1 2 125 124 63 -62
N O 2 -3 124 109 171 47
O W 0 7 109 78 172 63
W Space -3 -2 78 78 140 62
Space LShiftKey 1 4 78 187 687 609
LShiftKey I 2 -8 187 63 171 -16
I Space -3 4 63 94 265 202
Space N 1 -2 94 78 188 94
N E 2 3 78 78 109 31
E E 0 0 78 94 140 62
E D -1 0 94 109 219 125
D Space -2 -1 109 93 109 0
Space T 3 -1 93 93 203 110
T O 0 -4 93 78 78 -15
O Space -3 5 78 78 218 140
Space C 1 1 78 93 1373 1295
C H 1 -3 93 78 109 16
H N -1 0 78 109 250 172
N Back 3 -7 109 125 514 405
Back A -2 12 125 109 609 484
A N -1 -5 109 78 171 62
N G 1 1 78 78 234 156
G E 1 2 78 78 110 32
E Space -3 -1 78 94 140 62
Space S 2 2 94 110 140 46
S O 1 -7 110 109 94 -16
O M -2 2 109 109 94 -15
M E 2 4 109 78 109 0
E T 0 -2 78 78 218 140
T H -1 -1 78 78 187 109
H I 1 -2 78 141 203 125
I N -2 2 141 125 78 -63
N G 1 1 125 63 109 -16
G OemPeriod -1 -4 63 62 1436 1373
OemPeriod Return 1 -3 62 78 1107 1045
Return LShiftKey -1 12 78 281 1030 952
LShiftKey R 2 -4 281 93 203 -78
R E 0 1 93 94 280 187
E M -2 -4 94 62 172 78
M M 0 0 62 78 156 94
M E 2 4 78 94 156 78
E Back 1 -10 94 78 530 436
Back Back 0 0 78 63 156 78
Back E -1 10 63 93 375 312
E M -2 -4 93 78 156 63
M B 0 2 78 78 234 156
B E 2 2 78 124 47 -31
E R 0 -1 124 62 234 110
R I 0 -4 62 124 156 94
I N -2 2 124 93 78 -46
N G 1 1 93 78 78 -15
G Space -2 1 78 78 156 78
Space T 3 -1 78 62 1310 1232
T H -1 -1 62 78 187 125
H A 0 5 78 78 109 31
A T 1 -4 78 62 110 32
T Space -3 1 62 109 187 125
Space LShiftKey 1 4 109 187 156 47
LShiftKey I 2 -8 187 62 125 -62
I Oem7 -1 -3 62 62 546 484
Oem7 L 0 2 62 78 234 172
L L 0 0 78 78 156 78
L Space -2 5 78 78 249 171
Space B 1 -1 78 62 905 827
B E 2 2 62 78 140 78
E Space -3 -1 78 94 78 0
Space D 2 1 94 78 266 172
D E 1 0 78 78 171 93
E A -1 2 78 109 219 141
A D 0 -2 109 94 218 109
D Space -2 -1 94 62 156 62
Space S 2 2 62 78 109 47
S O 1 -7 78 94 109 31
O O 0 0 94 156 141 47
O N -2 3 156 125 109 -47
N Space -1 2 125 62 312 187
Space I 3 -4 62 78 1154 1092
I S -1 6 78 94 156 78
S Space -2 -2 94 94 94 0
Space T 3 -1 94 31 265 171
T H -1 -1 31 94 187 156
H E 1 3 94 78 156 62
E Space -3 -1 78 78 203 125
Space M 1 -3 78 109 718 640
M O 2 -2 109 109 62 -47
O S -1 7 109 78 172 63
S T 1 -3 78 63 171 93
T Space -3 1 63 110 156 93
Space I 3 -4 110 94 250 140
I M -2 1 94 109 78 -16
M P 2 -3 109 109 187 78
P O 0 1 109 94 187 78
O R 0 5 94 78 110 16
R T 0 -1 78 63 202 124
T A -1 4 63 94 156 93
A N -1 -5 94 94 250 156
N T 2 1 94 78 172 78
T Space -3 1 78 94 140 62
Space T 3 -1 94 93 905 811
T O 0 -4 93 62 156 63
O O 0 0 62 78 125 63
O L -1 0 78 78 187 109
L Space -2 5 78 78 203 125
Space LShiftKey 1 4 78 202 234 156
LShiftKey LShiftKey 0 0 202 249 624 422
LShiftKey I 2 -8 249 78 156 -93
I Oem7 -1 -3 78 78 436 358
Oem7 V -1 7 78 78 437 359
V E 2 1 78 109 156 78
E Space -3 -1 109 62 94 -15
Space E 3 1 62 78 171 109
E V -2 -1 78 78 94 16
V E 2 1 78 93 94 16
E R 0 -1 93 78 187 94
R Space -3 0 78 78 171 93
Space E 3 1 78 63 905 827
E N -2 -3 63 94 125 62
N C 0 3 94 78 406 312
C O 2 -6 78 109 187 109
O U 0 2 109 109 47 -62
U N -2 1 109 93 234 125
N T 2 1 93 47 265 172
T E 0 2 47 78 93 46
E R 0 -1 78 78 203 125
R E 0 1 78 109 156 78
E D -1 0 109 78 343 234
D OemPeriod -1 -6 78 78 1950 1872
OemPeriod Space -1 5 78 78 203 125
Space Back 4 -9 78 94 1981 1903
Back Back 0 0 94 46 188 94
Back Space -4 9 46 94 374 328
Space O 3 -5 94 94 390 296
O Back 1 -4 94 78 390 296
Back T -1 8 78 78 187 109
T O 0 -4 78 78 109 31
O Space -3 5 78 78 172 94
Space H 2 -2 78 78 125 47
H E 1 3 78 94 109 31
E L -1 -6 94 94 187 93
L P 1 -1 94 78 78 -16
P Space -3 6 78 78 172 94
Space M 1 -3 78 78 171 93
M E 2 4 78 78 94 16
E Space -3 -1 78 78 78 0
Space M 1 -3 78 78 749 671
M A 1 6 78 78 125 47
A K 0 -7 78 78 140 62
K E 1 5 78 78 156 78
E Space -3 -1 78 93 125 47
Space T 3 -1 93 63 249 156
T H -1 -1 63 78 156 93
H E 1 3 78 63 125 47
E Space -3 -1 63 94 78 15
Space B 1 -1 94 78 203 109
B I 2 -3 78 110 140 62
I G -1 3 110 78 188 78
G Space -2 1 78 78 109 31
Space C 1 1 78 78 1373 1295
C H 1 -3 78 63 124 46
H O 1 -3 63 93 188 125
O I 0 1 93 94 46 -47
I C -2 5 94 78 281 187
C E 2 0 78 78 94 16
E S -1 1 78 78 655 577
S Space -2 -2 78 78 218 140
Space I 3 -4 78 141 359 281
I N -2 2 141 93 94 -47
N Space -1 2 93 78 203 110
Space I 3 -4 78 78 546 468
I F -1 4 78 78 124 46
F OemPeriod -1 -5 78 31 375 297
OemPeriod E 2 6 31 93 203 172
E Back 1 -10 93 78 358 265
Back Back 0 0 78 78 172 94
Back Back 0 0 78 78 156 78
Back Back 0 0 78 78 156 78
Back L -2 4 78 78 499 421
L I 1 1 78 78 187 109
I F -1 4 78 141 234 156
F E 1 1 141 156 94 -47
E OemPeriod -2 -6 156 78 187 31
OemPeriod Space -1 5 78 94 187 109
Space LShiftKey 1 4 94 234 2933 2839
LShiftKey B 0 -5 234 78 141 -93
B E 2 2 78 78 265 187
E A -1 2 78 94 140 62
A C -1 -2 94 78 109 15
C U 2 -4 78 78 250 172
U S -1 5 78 78 94 16
S E 1 -1 78 62 187 109
E Space -3 -1 62 78 156 94
Space A 2 3 78 78 140 62
A L 0 -8 78 78 203 125
L M -1 2 78 156 140 62
M O 2 -2 156 109 141 -15
O S -1 7 109 78 203 94
S T 1 -3 78 62 156 78
T Space -3 1 62 93 156 94
Space E 3 1 93 78 124 31
E V -2 -1 78 78 110 32
V E 2 1 78 94 93 15
E R 0 -1 94 78 109 15
R Y 0 -2 78 78 593 515
Y T 0 1 78 62 172 94
T H -1 -1 62 94 171 109
H I 1 -2 94 203 219 125
I N -2 2 203 109 140 -63
N G 1 1 109 78 640 531
G Space -2 1 78 78 577 499
Space OemMinus 4 -7 78 78 203 125
OemMinus Space -4 7 78 63 218 140
Space L 2 -5 63 47 250 187
L Back 2 -4 47 94 452 405
Back A -2 12 94 93 219 125
A L 0 -8 93 78 234 141
L L 0 0 78 62 156 78
L Space -2 5 62 94 140 78
Space E 3 1 94 78 140 46
E X -2 1 78 78 266 188
X T 2 -3 78 109 171 93
T E 0 2 109 78 156 47
E R 0 -1 78 63 78 0
R N -2 -2 63 78 312 249
N A 1 5 78 109 156 78
A L 0 -8 109 93 141 32
L Space -2 5 93 78 202 109
Space E 3 1 78 94 1404 1326
E C -2 0 94 93 188 94
C P 2 -7 93 63 358 265
P E 0 7 63 78 188 125
E C -2 0 78 78 249 171
C T 2 -2 78 78 234 156
T A -1 4 78 78 156 78
A T 1 -4 78 78 63 -15
T I 0 -3 78 110 280 202
I O 0 -1 110 109 47 -63
O N -2 3 109 109 203 94
N S 1 4 109 62 156 47
S Oemcomma -1 -6 62 125 593 531
Oemcomma Space -1 4 125 125 78 -47
Space A 2 3 125 94 140 15
A L 0 -8 94 78 156 62
L L 0 0 78 94 125 47
L Space -2 5 94 94 156 62
Space P 3 -6 94 78 187 93
P R 0 6 78 94 109 31
R I 0 -4 94 109 172 78
I D -1 5 109 78 343 234
D E 1 0 78 78 141 63
E Oemcomma -2 -5 78 125 826 748
Oemcomma Space -1 4 125 125 47 -78
Space A 2 3 125 109 141 16
A L 0 -8 109 78 109 0
L L 0 0 78 78 140 62
L Space -2 5 78 94 187 109
Space D 2 1 94 78 687 593
D E 1 0 78 63 218 140
E Back 1 -10 63 109 515 452
Back Back 0 0 109 78 172 63
Back F -2 9 78 78 327 249
F E 1 1 78 62 203 125
E A -1 2 62 93 94 32
A R 1 -3 93 62 109 16
R Space -3 0 62 78 265 203
Space O 3 -5 78 78 2122 2044
O F -1 5 78 62 374 296
F Space -2 0 62 62 156 94
Space A 2 3 62 94 187 125
A M -1 -6 94 94 156 62
M B 0 2 94 94 281 187
B A 1 4 94 94 156 62
A R 1 -3 94 78 172 78
R A -1 3 78 93 390 312
A S 0 -1 93 78 312 219
S S 0 0 78 78 187 109
S M -1 -5 78 78 281 203
M E 2 4 78 78 124 46
E N -2 -3 78 93 110 32
N T 2 1 93 78 187 94
T Space -3 1 78 78 93 15
Space O 3 -5 78 78 2497 2419
O R 0 5 78 78 124 46
R Space -3 0 78 93 141 63
Space F 2 0 93 78 125 32
F A 0 3 78 109 249 171
A I 1 -7 109 78 141 32
I L -1 -1 78 78 202 124
L U 1 2 78 78 219 141
U R 0 3 78 62 234 156
R E 0 1 62 93 78 16
E Space -3 -1 93 78 3338 3245
Space OemMinus 4 -7 78 93 219 141
OemMinus Space -4 7 93 93 234 141
Space T 3 -1 93 62 218 125
T H -1 -1 62 93 172 110
H E 1 3 93 62 109 16
E S -1 1 62 94 187 125
S E 1 -1 94 62 203 109
E Space -3 -1 62 78 249 187
Space T 3 -1 78 78 593 515
T H -1 -1 78 93 172 94
H I 1 -2 93 125 218 125
I N -2 2 125 109 78 -47
N G 1 1 109 78 234 125
G S 0 3 78 94 109 31
S Space -2 -2 94 78 234 140
Space J 2 -3 78 78 1186 1108
J U 1 0 78 78 172 94
U S -1 5 78 93 109 31
S T 1 -3 93 62 125 32
T Space -3 1 62 78 171 109
Space F 2 0 78 47 172 94
F A 0 3 47 94 93 46
A L 0 -8 94 78 203 109
L L 0 0 78 78 141 63
L Space -2 5 78 94 171 93
Space A 2 3 94 125 905 811
A W 1 -1 125 93 250 125
W A -1 1 93 94 561 468
A Y 1 -5 94 63 1248 1154
Y Space -3 2 63 109 203 140
Space I 3 -4 109 109 203 94
I N -2 2 109 109 78 -31
N Space -1 2 109 94 187 78
Space T 3 -1 94 62 172 78
T H -1 -1 62 78 171 109
H E 1 3 78 62 94 16
E Space -3 -1 62 93 78 16
Space F 2 0 93 78 156 63
F A 0 3 78 94 93 15
A C -1 -2 94 78 78 -16
C E 2 0 78 78 156 78
E Space -3 -1 78 93 110 32
Space O 3 -5 93 94 218 125
O F -1 5 94 78 172 78
F Space -2 0 78 93 109 31
Space D 2 1 93 78 249 156
D E 1 0 78 78 172 94
E T 0 -2 78 78 234 156
T Back 1 -8 78 94 421 343
Back A -2 12 94 78 234 140
A T 1 -4 78 78 141 63
T H -1 -1 78 93 187 109
H OemPeriod -1 -3 93 109 281 188
OemPeriod Space -1 5 109 78 234 125
Space Back 4 -9 78 93 10093 10015
Back Back 0 0 93 78 936 843
Back Oemcomma -3 5 78 125 390 312
Oemcomma Space -1 4 125 109 78 -47
Space L 2 -5 109 78 671 562
L E 1 6 78 94 124 46
E A -1 2 94 110 234 140
A V -1 -3 110 62 141 31
V I 2 -4 62 203 374 312
I N -2 2 203 47 187 -16
N G 1 1 47 78 1014 967
G Space -2 1 78 78 156 78
Space O 3 -5 78 109 1389 1311
O N -2 3 109 140 78 -31
N L 1 -3 140 93 203 63
L Y 1 3 93 62 234 141
Y Space -3 2 62 78 171 109
Space W 3 2 78 93 141 63
W H -1 -4 93 78 15 -78
H A 0 5 78 94 234 156
A T 1 -4 94 78 78 -16
T Space -3 1 78 78 250 172
Space I 3 -4 78 78 920 842
I S -1 6 78 93 328 250
S Space -2 -2 93 78 78 -15
Space T 3 -1 78 93 203 125
T R 0 1 93 78 156 63
R U 0 -3 78 78 124 46
U L -1 -2 78 78 640 562
L Y 1 3 78 62 172 94
Y Space -3 2 62 78 1560 1498
Space I 3 -4 78 140 187 109
I M -2 1 140 109 109 -31
M P 2 -3 109 93 172 63
P O 0 1 93 78 202 109
O R 0 5 78 63 125 47
R T 0 -1 63 62 328 265
T A -1 4 62 94 1778 1716
A N -1 -5 94 94 156 62
N T 2 1 94 93 219 125
T OemPeriod -2 -4 93 78 655 562
OemPeriod Space -1 5 78 93 203 125
Space LShiftKey 1 4 93 172 140 47
LShiftKey R 2 -4 172 78 156 -16
R E 0 1 78 94 218 140
E M -2 -4 94 78 141 47
M M 0 0 78 78 171 93
M Back 3 -6 78 78 734 656
Back E -1 10 78 93 343 265
E M -2 -4 93 78 156 63
M B 0 2 78 63 218 140
B E 2 2 63 109 63 0
E R 0 -1 109 62 218 109
R I 0 -4 62 141 140 78
I N -2 2 141 109 94 -47
N G 1 1 109 78 94 -15
G Space -2 1 78 78 187 109
Space T 3 -1 78 78 1263 1185
T H -1 -1 78 93 188 110
H A 0 5 93 78 140 47
A T 1 -4 78 78 125 47
T Space -3 1 78 31 390 312
Space Y 3 -2 31 47 780 749
Y O 0 -3 47 141 140 93
O U 0 2 141 125 78 -63
U Space -3 3 125 94 265 140
Space A 2 3 94 109 110 16
A R 1 -3 109 78 109 0
R E 0 1 78 78 156 78
E Space -3 -1 78 94 265 187
Space G 2 -1 94 78 312 218
G I 1 -3 78 109 172 94
I N -2 2 109 47 280 171
N G 1 1 47 78 156 109
G Space -2 1 78 78 188 110
Space Back 4 -9 78 63 592 514
Back Back 0 0 63 94 156 93
Back Back 0 0 94 78 156 62
Back Back 0 0 78 63 156 78
Back O -1 4 63 172 484 421
O I 0 1 172 109 109 -63
I N -2 2 109 78 265 156
N G 1 1 78 78 141 63
G Space -2 1 78 93 78 0
Space T 3 -1 93 94 140 47
T O 0 -4 94 94 78 -16
O Space -3 5 94 63 234 140
Space D 2 1 63 78 1295 1232
D I 1 -5 78 93 125 47
I E 0 5 93 78 109 16
E Space -3 -1 78 93 125 47
Space I 3 -4 93 78 171 78
I S -1 6 78 63 125 47
S Space -2 -2 63 78 125 62
Space T 3 -1 78 63 187 109
T H -1 -1 63 78 172 109
H E 1 3 78 94 109 31
E Space -3 -1 94 78 140 46
Space M 1 -3 78 78 203 125
M Back 3 -6 78 93 484 406
Back N -3 7 93 93 312 219
N Back 3 -7 93 109 390 297
Back B -3 8 109 78 296 187
B E 2 2 78 78 125 47
E S -1 1 78 62 234 156
S T 1 -3 62 78 156 94
T Space -3 1 78 93 203 125
Space W 3 2 93 94 218 125
W A -1 1 94 94 234 140
A Y 1 -5 94 62 375 281
Y Space -3 2 62 124 156 94
Space T 3 -1 124 93 156 32
T Space -3 1 93 78 296 203
Space Back 4 -9 78 94 374 296
Back O -1 4 94 94 234 140
O Space -3 5 94 109 172 78
Space K 2 -4 109 141 109 0
K N -1 2 141 78 109 -32
N O 2 -3 78 125 125 47
O W 0 7 125 63 187 62
W Space -3 -2 63 78 640 577
Space T 3 -1 78 78 484 406
T O 0 -4 78 94 140 62
O Space -3 5 94 78 218 124
Space A 2 3 78 63 390 312
A V -1 -3 63 63 312 249
V O 2 -5 63 109 281 218
O I 0 1 109 156 16 -93
I D -1 5 156 78 218 62
D Space -2 -1 78 78 141 63
Space T 3 -1 78 78 1606 1528
T H -1 -1 78 78 188 110
H E 1 3 78 62 109 31
E Space -3 -1 62 94 109 47
Space T 3 -1 94 78 250 156
T R 0 1 78 78 171 93
R A -1 3 78 46 141 63
A P 1 -9 46 78 202 156
P Space -3 6 78 94 250 172
Space O 3 -5 94 78 796 702
O F -1 5 78 78 140 62
F Space -2 0 78 93 125 47
Space T 3 -1 93 78 187 94
T H -1 -1 78 78 172 94
H I 1 -2 78 93 187 109
I N -2 2 93 125 156 63
N K 1 -2 125 109 140 15
K I 1 0 109 140 203 94
I N -2 2 140 125 78 -62
N G 1 1 125 62 203 78
G Space -2 1 62 62 125 63
Space Y 3 -2 62 94 1185 1123
Y O 0 -3 94 156 156 62
O U 0 2 156 94 109 -47
U Space -3 3 94 78 250 156
Space H 2 -2 78 94 156 78
H A 0 5 94 62 156 62
A V -1 -3 62 78 47 -15
V E 2 1 78 78 499 421
E Space -3 -1 78 62 203 125
Space S 2 2 62 62 203 141
S O 1 -7 62 124 156 94
O M -2 2 124 124 78 -46
M E 2 4 124 94 140 16
E T 0 -2 94 78 234 140
T H -1 -1 78 93 172 94
H I 1 -2 93 93 234 141
I N -2 2 93 94 62 -31
N G 1 1 94 94 234 140
G Space -2 1 94 110 140 46
Space T 3 -1 110 94 172 62
T O 0 -4 94 78 94 0
O Space -3 5 78 78 171 93
Space L 2 -5 78 78 141 63
L O 1 0 78 78 156 78
O S -1 7 78 109 78 0
S E 1 -1 109 78 234 125
E OemPeriod -2 -6 78 78 109 31
OemPeriod Space -1 5 78 94 218 140
Space LShiftKey 1 4 94 172 515 421
LShiftKey Y 2 -6 172 78 125 -47
Y O 0 -3 78 125 187 109
O U 0 2 125 78 62 -63
U Space -3 3 78 78 234 156
Space A 2 3 78 63 156 78
A L 0 -8 63 94 94 31
L R 1 5 94 94 312 218
R E 0 1 94 62 172 78
E A -1 2 62 78 124 62
A D 0 -2 78 78 63 -15
D T 1 -2 78 94 218 140
T Back 1 -8 94 94 1123 1029
Back Back 0 0 94 78 203 109
Back Back 0 0 78 62 172 94
Back Back 0 0 62 62 156 94
Back Back 0 0 62 78 140 78
Back Back 0 0 78 78 156 78
Back Back 0 0 78 62 172 94
Back A -2 12 62 94 374 312
A R 1 -3 94 62 172 78
R E 0 1 62 78 125 63
E Space -3 -1 78 109 93 15
Space A 2 3 109 110 187 78
A L 0 -8 110 78 94 -16
L R 1 5 78 78 328 250
R E 0 1 78 78 156 78
E A -1 2 78 94 140 62
A D 0 -2 94 78 655 561
D Y 1 -3 78 62 172 94
Y Space -3 2 62 94 171 109
Space N 1 -2 94 78 203 109
N A 1 5 78 93 94 16
A K 0 -7 93 94 109 16
K E 1 5 94 78 140 46
E D -1 0 78 78 203 125
D OemPeriod -1 -6 78 78 109 31
OemPeriod Space -1 5 78 94 203 125
Space LShiftKey 1 4 94 203 718 624
LShiftKey T 2 -5 203 78 156 -47
T H -1 -1 78 78 187 109
H E 1 3 78 78 94 16
E R 0 -1 78 78 140 62
R E 0 1 78 94 62 -16
E Space -3 -1 94 109 219 125
Space I 3 -4 109 78 281 172
I S -1 6 78 78 109 31
S Space -2 -2 78 94 93 15
Space N 1 -2 94 109 203 109
N O 2 -3 109 140 47 -62
O Space -3 5 140 78 234 94
Space R 3 0 78 78 218 140
R E 0 1 78 78 156 78
E S -1 1 78 78 156 78
S O 1 -7 78 156 172 94
O N -2 3 156 109 109 -47
N Space -1 2 109 94 281 172
Space O 3 -5 94 125 920 826
O Back 1 -4 125 62 656 531
Back Back 0 0 62 94 171 109
Back Back 0 0 94 78 187 93
Back Back 0 0 78 78 156 78
Back Back 0 0 78 78 156 78
Back A -2 12 78 78 453 375
A S 0 -1 78 78 218 140
S O 1 -7 78 156 219 141
O N -2 3 156 109 93 -63
N Space -1 2 109 78 219 110
Space N 1 -2 78 109 187 109
N O 2 -3 109 124 47 -62
O T 0 4 124 78 124 0
T Space -3 1 78 93 141 63
Space T 3 -1 93 78 109 16
T O 0 -4 78 78 109 31
O Space -3 5 78 78 219 141
Space G 2 -1 78 31 499 421
G Back 2 -8 31 94 421 390
Back F -2 9 94 63 421 327
F O 1 -5 63 78 187 124
O L -1 0 78 78 188 110
L O 1 0 78 63 327 249
O Back 1 -4 63 78 468 405
Back L -2 4 78 78 609 531
L O 1 0 78 78 156 78
O W 0 7 78 78 156 78
W Space -3 -2 78 94 124 46
Space Y 3 -2 94 94 250 156
Y O 0 -3 94 140 203 109
O U 0 2 140 93 78 -62
U R 0 3 93 78 125 32
R Space -3 0 78 78 171 93
Space H 2 -2 78 93 219 141
H E 1 3 93 78 234 141
E A -1 2 78 63 124 46
A R 1 -3 63 109 125 62
R T 0 -1 109 78 234 125
T OemPeriod -2 -4 78 63 733 655
OemPeriod Space -1 5 63 78 188 125
Space Return 2 -8 78 78 982 904
Return Return 0 0 78 47 172 94
Return Back 2 -1 47 94 733 686
Back LShiftKey -3 13 94 188 421 327
LShiftKey A 1 -1 188 156 125 -63
A B -1 -4 156 78 343 187
B O 2 -4 78 171 219 141
O U 0 2 171 93 125 -46
U T 0 2 93 31 187 94
T Space -3 1 31 93 203 172
Space A 2 3 93 78 811 718
A Space -2 -3 78 78 125 47
Space Y 3 -2 78 93 187 109
Y A -1 5 93 78 343 250
A R 1 -3 78 31 109 31
R Back 1 -9 31 109 453 422
Back Back 0 0 109 109 639 530
Back E -1 10 109 62 375 266
E A -1 2 62 78 140 78
A R 1 -3 78 78 47 -31
R Space -3 0 78 94 218 140
Space A 2 3 94 94 156 62
A G 0 -4 94 62 203 109
G O 1 -4 62 78 218 156
O Space -3 5 78 78 188 110
Space LShiftKey 1 4 78 172 530 452
LShiftKey I 2 -8 172 93 125 -47
I Space -3 4 93 94 187 94
Space W 3 2 94 78 203 109
W A -1 1 78 94 187 109
A S 0 -1 94 78 187 93
S Space -2 -2 78 78 109 31
Space D 2 1 78 78 172 94
D I 1 -5 78 78 172 94
I A -1 7 78 93 156 78
A G 0 -4 93 78 967 874
G N -1 -1 78 141 327 249
N O 2 -3 141 140 110 -31
O S -1 7 140 63 202 62
S E 1 -1 63 78 188 125
E D -1 0 78 78 202 124
D Space -2 -1 78 78 141 63
Space W 3 2 78 94 2106 2028
W I 0 -6 94 94 109 15
I T 0 3 94 78 312 218
T H -1 -1 78 94 203 125
H Space -2 2 94 94 218 124
Space C 1 1 94 78 531 437
C A 1 2 78 94 265 187
A N -1 -5 94 94 218 124
N C 0 3 94 63 234 140
C E 2 0 63 78 234 171
E R 0 -1 78 78 219 141
R OemPeriod -2 -5 78 78 749 671
OemPeriod Space -1 5 78 109 187 109
Space LShiftKey 1 4 109 156 140 31
LShiftKey I 2 -8 156 94 78 -78
I Space -3 4 94 78 203 109
Space H 2 -2 78 94 140 62
H A 0 5 94 78 125 31
A D 0 -2 78 78 234 156
D Space -2 -1 78 78 203 125
Space A 2 3 78 109 172 94
A Space -2 -3 109 78 171 62
Space S 2 2 78 78 343 265
S C -1 -1 78 78 141 63
C A 1 2 78 78 93 15
A N -1 -5 78 62 453 375
N Space -1 2 62 78 203 141
Space A 2 3 78 78 1076 998
A T 1 -4 78 78 109 31
T Space -3 1 78 94 234 156
Space D7 4 -3 94 63 624 530
D7 RShiftKey -3 -4 63 187 858 795
RShiftKey Oem1 1 1 187 109 141 -46
Oem1 D4 2 6 109 94 358 249
D4 D0 0 -6 94 78 266 172
D0 Space -4 6 78 94 358 280
Space Back 4 -9 94 94 359 265
Back Back 0 0 94 63 187 93
Back Back 0 0 63 78 156 93
Back D3 0 10 78 78 1061 983
D3 D0 0 -7 78 78 219 141
D0 Space -4 6 78 78 1341 1263
Space I 3 -4 78 109 250 172
I N -2 2 109 93 78 -31
N Space -1 2 93 78 187 94
Space T 3 -1 78 78 156 78
T H -1 -1 78 78 172 94
H E 1 3 78 63 93 15
E Space -3 -1 63 109 94 31
Space M 1 -3 109 125 218 109
M O 2 -2 125 203 78 -47
O N -2 3 203 140 172 -31
N R 2 2 140 78 265 125
R N -2 -2 78 78 140 62
N I 2 -2 78 156 94 16
I N -2 2 156 109 109 -47
N G 1 1 109 78 78 -31
G Oemcomma -1 -3 78 140 921 843
Oemcomma Space -1 4 140 125 93 -47
Space A 2 3 125 93 141 16
A N -1 -5 93 94 93 0
N D 1 3 94 78 156 62
D Space -2 -1 78 94 78 0
Space I 3 -4 94 78 172 78
I T 0 3 78 62 281 203
T Space -3 1 62 110 4570 4508
Space C 1 1 110 94 250 140
C L 1 -6 94 94 343 249
L E 1 6 94 78 109 15
E A -1 2 78 93 266 188
A R 1 -3 93 78 156 63
R L -1 -5 78 78 1310 1232
L Y 1 3 78 78 94 16
Y Space -3 2 78 78 140 62
Space S 2 2 78 94 156 78
S H 0 -4 94 78 156 62
H O 1 -3 78 94 156 78
O W 0 7 94 78 140 46
W E 0 -1 78 94 172 94
E D -1 0 94 93 203 109
D Space -2 -1 93 62 546 453
Space A 2 3 62 94 218 156
A Space -2 -3 94 78 172 78
Space T 3 -1 78 78 359 281
T U 0 -2 78 78 218 140
U M -2 0 78 109 203 125
M O 2 -2 109 94 171 62
O R 0 5 94 78 250 156
R Space -3 0 78 78 140 62
Space I 3 -4 78 171 219 141
I N -2 2 171 109 109 -62
N Back 3 -7 109 78 562 453
Back Back 0 0 78 78 171 93
Back O -1 4 78 140 983 905
O N -2 3 140 93 94 -46
N Space -1 2 93 78 202 109
Space M 1 -3 78 78 188 110
M Y 2 1 78 62 218 140
Y Space -3 2 62 109 172 110
Space P 3 -6 109 94 483 374
P A -1 9 94 94 187 93
A N -1 -5 94 94 125 31
N C 0 3 94 78 359 265
C R 2 -1 78 78 172 94
R E 0 1 78 94 171 93
E A -1 2 94 93 141 47
A S 0 -1 93 78 234 141
S OemPeriod -1 -7 78 62 1248 1170
OemPeriod Space -1 5 62 94 202 140
Space LShiftKey 1 4 94 156 172 78
LShiftKey I 2 -8 156 94 78 -78
I Space -3 4 94 93 203 109
Space D 2 1 93 78 281 188
D I 1 -5 78 78 109 31
I D -1 5 78 78 93 15
D N -1 -3 78 94 125 47
N Oem7 1 -5 94 78 983 889
Oem7 T 1 6 78 94 343 265
T Space -3 1 94 93 219 125
Space E 3 1 93 125 436 343
E V -2 -1 125 63 156 31
V E 2 1 63 63 125 62
E N -2 -3 63 93 141 78
N Space -1 2 93 78 280 187
Space K 2 -4 78 187 1451 1373
K N -1 2 187 124 141 -46
N O 2 -3 124 78 218 94
O W 0 7 78 78 218 140
W Space -3 -2 78 94 203 125
Space W 3 2 94 78 453 359
W H -1 -4 78 94 124 46
H A 0 5 94 93 141 47
A T 1 -4 93 62 125 32
T Space -3 1 62 78 218 156
Space A 2 3 78 94 156 78
A Space -2 -3 94 78 94 0
Space P 3 -6 78 125 218 140
P A -1 9 125 110 374 249
A N -1 -5 110 78 297 187
N C 0 3 78 78 327 249
C R 2 -1 78 78 188 110
R E 0 1 78 93 156 78
E A -1 2 93 93 109 16
A S 0 -1 93 93 234 141
S Space -2 -2 93 78 125 32
Space W 3 2 78 78 124 46
W A -1 1 78 140 266 188
A S 0 -1 140 93 265 125
S OemPeriod -1 -7 93 62 281 188
OemPeriod Space -1 5 62 78 234 172
Space LShiftKey 1 4 78 265 1544 1466
LShiftKey T 2 -5 265 78 218 -47
T H -1 -1 78 78 188 110
H E 1 3 78 94 93 15
E Space -3 -1 94 110 109 15
Space D 2 1 110 62 172 62
D O 1 -6 62 94 140 78
O C -2 6 94 62 250 156
C T 2 -2 62 78 1560 1498
T O 0 -4 78 78 140 62
O R 0 5 78 63 390 312
R S -1 2 63 62 141 78
S Space -2 -2 62 78 1107 1045
Space T 3 -1 78 78 375 297
T O 0 -4 78 78 125 47
O L -1 0 78 93 187 109
L D 0 6 93 78 125 32
D Space -2 -1 78 78 93 15
Space M 1 -3 78 78 219 141
M E 2 4 78 78 109 31
E Space -3 -1 78 78 125 47
Space T 3 -1 78 62 780 702
T H -1 -1 62 78 171 109
H I 1 -2 78 94 203 125
I S -1 6 94 47 234 140
S Space -2 -2 47 78 62 15
Space W 3 2 78 93 219 141
W A -1 1 93 125 234 141
A S 0 -1 125 63 249 124
S Space -2 -2 63 47 172 109
Space A 2 3 47 110 452 405
A L 0 -8 110 94 156 46
L M -1 2 94 93 219 125
M O 2 -2 93 93 156 63
O S -1 7 93 62 203 110
S T 1 -3 62 78 156 94
T Space -3 1 78 93 265 187
Space C 1 1 93 78 1357 1264
C A 1 2 78 78 140 62
A Back 2 -12 78 109 734 656
Back E -1 10 109 109 530 421
E R 0 -1 109 78 265 156
R T 0 -1 78 62 453 375
T A -1 4 62 78 124 62
A I 1 -7 78 78 141 63
I L -1 -1 78 94 218 140
L Y 1 3 94 78 359 265
Y Space -3 2 78 93 250 172
Space Back 4 -9 93 93 499 406
Back Back 0 0 93 94 171 78
Back Back 0 0 94 62 172 78
Back Back 0 0 62 78 484 422
Back I -1 5 78 125 1294 1216
I N -2 2 125 93 110 -15
N L 1 -3 93 94 202 109
L Y 1 3 94 78 250 156
Y Space -3 2 78 93 172 94
Space A 2 3 93 78 140 47
A Space -2 -3 78 94 62 -16
Space T 3 -1 94 62 188 94
T Y 0 -1 62 62 187 125
Y P 0 -4 62 46 281 219
P E 0 7 46 109 156 110
E Space -3 -1 109 78 156 47
Space O 3 -5 78 78 171 93
O F -1 5 78 46 141 63
F Space -2 0 46 78 93 47
Space C 1 1 78 78 250 172
C N 0 -3 78 78 405 327
N Back 3 -7 78 78 671 593
Back Back 0 0 78 31 234 156
Back C -3 10 31 78 796 765
C A 1 2 78 109 140 62
A N -1 -5 109 78 156 47
N A 1 5 78 125 172 94
A C -1 -2 125 63 93 -32
C E 2 0 63 93 188 125
E R 0 -1 93 78 202 109
R Back 1 -9 78 109 593 515
Back Back 0 0 109 63 187 78
Back Back 0 0 63 78 141 78
Back Back 0 0 78 78 156 78
Back C -3 10 78 63 795 717
C E 2 0 63 109 125 62
E R 0 -1 109 78 219 110
R Space -3 0 78 110 4180 4102
Space T 3 -1 110 78 250 140
T H -1 -1 78 109 187 109
H A 0 5 109 94 125 16
A T 1 -4 94 78 94 0
T Space -3 1 78 124 234 156
Space I 3 -4 124 78 390 266
I Space -3 4 78 93 234 156
Space S 2 2 93 62 140 47
S Back 2 -11 62 78 312 250
Back Back 0 0 78 78 172 94
Back S -2 11 78 78 218 140
S Space -2 -2 78 62 234 156
Space I 3 -4 62 172 296 234
I N -2 2 172 109 94 -78
N C 0 3 109 78 296 187
C U 2 -4 78 78 172 94
U R 0 3 78 78 250 172
R A -1 3 78 94 140 62
A B -1 -4 94 94 187 93
B L 1 -4 94 94 234 140
L E 1 6 94 63 109 15
E Oemcomma -2 -5 63 124 2918 2855
Oemcomma Space -1 4 124 140 78 -46
Space A 2 3 140 109 156 16
A N -1 -5 109 78 124 15
N D 1 3 78 78 156 78
D Space -2 -1 78 78 78 0
Space T 3 -1 78 78 219 141
T H -1 -1 78 94 187 109
H A 0 5 94 93 125 31
A T 1 -4 93 78 109 16
T Space -3 1 78 94 265 187
Space LShiftKey 1 4 94 187 375 281
LShiftKey I 2 -8 187 78 109 -78
I Space -3 4 78 94 171 93
Space S 2 2 94 93 110 16
S H 0 -4 93 78 140 47
H O 1 -3 78 140 172 94
O U 0 2 140 93 78 -62
U L -1 -2 93 110 202 109
L D 0 6 110 78 110 0
D Space -2 -1 78 109 109 31
Space E 3 1 109 78 125 16
E X -2 1 78 78 171 93
X P 2 -8 78 109 297 219
P E 0 7 109 78 156 47
E C -2 0 78 125 218 140
C T 2 -2 125 109 109 -16
T Space -3 1 109 94 827 718
Space T 3 -1 94 94 468 374
T O 0 -4 94 78 125 31
O Space -3 5 78 63 218 140
Space L 2 -5 63 78 172 109
L I 1 1 78 78 203 125
I V -2 4 78 78 405 327
V E 2 1 78 93 172 94
E Space -3 -1 93 94 218 125
Space N 1 -2 94 109 671 577
N O 2 -3 109 78 78 -31
O Space -3 5 78 78 218 140
Space L 2 -5 78 110 312 234
L O 1 0 110 94 203 93
O N -2 3 94 109 156 62
N G 1 1 109 78 265 156
G E 1 2 78 93 110 32
E R 0 -1 93 94 218 125
R Space -3 0 94 62 125 31
Space T 3 -1 62 63 483 421
T H -1 -1 63 78 219 156
H A 0 5 78 94 140 62
A N -1 -5 94 78 203 109
N Space -1 2 78 78 952 874
Space T 3 -1 78 62 218 140
T H -1 -1 62 93 172 110
H R 1 2 93 78 234 141
R E 0 1 78 93 109 31
E E 0 0 93 109 187 94
E Space -3 -1 109 78 156 47
Space T 3 -1 78 62 593 515
T O 0 -4 62 94 109 47
O Space -3 5 94 78 265 171
Space S 2 2 78 78 921 843
S I 1 -6 78 78 124 46
I X -2 6 78 93 344 266
X Space -1 -2 93 62 156 63
Space M 1 -3 62 110 202 140
M O 2 -2 110 234 63 -47
O N -2 3 234 110 171 -63
N T 2 1 110 78 297 187
T H -1 -1 78 94 171 93
H S 0 4 94 78 125 31
S OemPeriod -1 -7 78 78 1233 1155
OemPeriod Space -1 5 78 78 202 124
Space LShiftKey 1 4 78 141 125 47
LShiftKey M 0 -7 141 93 94 -47
M Y 2 1 93 78 249 156
Y Space -3 2 78 94 172 94
Space D 2 1 94 109 172 78
D O 1 -6 109 94 93 -16
O C -2 6 94 78 187 93
C T 2 -2 78 78 203 125
T O 0 -4 78 94 281 203
O R 0 5 94 78 374 280
R S -1 2 78 125 125 47
S Space -2 -2 125 62 1841 1716
Space A 2 3 62 109 328 266
A D 0 -2 109 63 280 171
D V -1 -1 63 94 250 187
V I 2 -4 94 94 234 140
I S -1 6 94 109 94 0
S E 1 -1 109 63 249 140
E D -1 0 63 93 172 109
D Space -2 -1 93 78 125 32
Space M 1 -3 78 78 249 171
M E 2 4 78 94 265 187
E Space -3 -1 94 78 234 140
Space T 3 -1 78 78 125 47
T O 0 -4 78 94 109 31
O Space -3 5 94 94 203 109
Space G 2 -1 94 78 109 15
G O 1 -4 78 93 110 32
O Space -3 5 93 94 202 109
Space H 2 -2 94 62 297 203
H O 1 -3 62 203 187 125
O M -2 2 203 94 140 -63
M E 2 4 94 78 63 -31
E Space -3 -1 78 78 1373 1295
Space A 2 3 78 78 156 78
A N -1 -5 78 78 109 31
N D 1 3 78 78 171 93
D Space -2 -1 78 78 156 78
Space G 2 -1 78 94 234 156
G E 1 2 94 78 94 0
E T 0 -2 78 62 125 47
T Space -3 1 62 94 187 125
Space M 1 -3 94 78 218 124
M Y 2 1 78 78 188 110
Y Space -3 2 78 94 171 93
Space A 2 3 94 63 156 62
A F 0 -3 63 78 63 0
F F 0 0 78 62 156 78
F A 0 3 62 78 140 78
A I 1 -7 78 78 156 78
I R 0 4 78 78 296 218
R S -1 2 78 78 125 47
S Space -2 -2 78 94 187 109
Space I 3 -4 94 125 203 109
I N -2 2 125 46 141 16
N Space -1 2 46 93 156 110
Space O 3 -5 93 94 218 125
O R 0 5 94 63 234 140
R D -1 1 63 78 234 171
D E 1 0 78 93 172 94
E R 0 -1 93 93 203 110
R OemPeriod -2 -5 93 63 124 31
OemPeriod Space -1 5 63 78 219 156
Space Back 4 -9 78 94 1544 1466
Back Back 0 0 94 62 203 109
Back Oemcomma -3 5 62 187 952 890
Oemcomma Space -1 4 187 110 124 -63
Space W 3 2 110 78 843 733
W H -1 -4 78 78 93 15
H I 1 -2 78 109 172 94
I C -2 5 109 94 187 78
C H 1 -3 94 93 63 -31
H Space -2 2 93 93 265 172
Space I 3 -4 93 93 203 110
I S -1 6 93 94 218 125
S Space -2 -2 94 62 234 140
Space A 2 3 62 109 172 110
A Space -2 -3 109 94 171 62
Space D 2 1 94 62 297 203
D O 1 -6 62 78 187 125
O C -2 6 78 78 171 93
C T 2 -2 78 78 312 234
T O 0 -4 78 78 250 172
O R 0 5 78 78 125 47
R Oem7 -1 -7 78 63 561 483
Oem7 S 0 9 63 94 172 109
S Space -2 -2 94 78 265 171
Space C 1 1 78 93 406 328
C O 2 -6 93 78 140 47
O D -1 6 78 94 156 78
D E 1 0 94 78 203 109
E Space -3 -1 78 63 187 109
Space F 2 0 63 93 2559 2496
F O 1 -5 93 78 156 63
O R 0 5 78 78 93 15
R Space -3 0 78 93 172 94
Space P 3 -6 93 78 499 406
P R 0 6 78 78 218 140
R E 0 1 78 94 172 94
E P 0 -7 94 78 140 46
P A -1 9 78 94 203 125
A R 1 -3 94 78 203 109
R E 0 1 78 63 109 31
E Space -3 -1 63 94 203 140
Space T 3 -1 94 94 140 46
T O 0 -4 94 78 141 47
O Space -3 5 78 94 249 171
Space D 2 1 94 94 312 218
D I 1 -5 94 78 188 94
I E 0 5 78 78 93 15
E OemPeriod -2 -6 78 94 187 109
OemPeriod Space -1 5 94 78 234 140
Space LShiftKey 1 4 78 156 2153 2075
LShiftKey I 2 -8 156 78 94 -62
I T 0 3 78 78 249 171
T Space -3 1 78 93 188 110
Space M 1 -3 93 78 218 125
M E 2 4 78 94 31 -47
E A -1 2 94 125 265 171
A N -1 -5 125 78 141 16
N S 1 4 78 78 140 62
S Space -2 -2 78 78 156 78
Space T 3 -1 78 93 453 375
T O 0 -4 93 93 109 16
O Space -3 5 93 78 218 125
Space T 3 -1 78 78 234 156
T R 0 1 78 62 125 47
R Y 0 -2 62 78 62 0
Y Space -3 2 78 109 219 141
Space T 3 -1 109 94 171 62
T O 0 -4 94 94 125 31
O Space -3 5 94 78 577 483
Space T 3 -1 78 78 250 172
T E 0 2 78 78 109 31
E L -1 -6 78 110 187 109
L L 0 0 110 78 172 62
L Space -2 5 78 78 172 94
Space Y 3 -2 78 63 327 249
Y O 0 -3 63 125 172 109
O U 0 2 125 109 62 -63
U R 0 3 109 78 125 16
R Space -3 0 78 94 218 140
Space K 2 -4 94 78 297 203
K I 1 0 78 78 171 93
I D -1 5 78 63 156 78
D S 0 1 63 62 219 156
S Space -2 -2 62 78 125 63
Space E 3 1 78 125 1107 1029
E V -2 -1 125 78 141 16
V E 2 1 78 78 187 109
E R 0 -1 78 78 171 93
R Y 0 -2 78 94 203 125
Y T 0 1 94 62 203 109
T H -1 -1 62 94 156 94
H I 1 -2 94 125 218 124
I N -2 2 125 110 78 -47
N G 1 1 110 78 125 15
G Space -2 1 78 94 156 78
Space Y 3 -2 94 78 1014 920
Y O 0 -3 78 141 156 78
O U 0 2 141 93 94 -47
U Space -3 3 93 94 249 156
Space T 3 -1 94 78 203 109
T H -1 -1 78 93 63 -15
H O 1 -3 93 140 187 94
O U 0 2 140 94 93 -47
U G -1 2 94 78 141 47
G H 0 -1 78 78 125 47
H Space -2 2 78 78 1185 1107
Space Y 3 -2 78 78 281 203
Y O 0 -3 78 141 187 109
O U 0 2 141 78 94 -47
U Oem7 -1 -4 78 78 468 390
Oem7 D 0 8 78 62 125 47
D Space -2 -1 62 78 156 94
Space H 2 -2 78 93 156 78
H A 0 5 93 94 93 0
A V -1 -3 94 78 156 62
V E 2 1 78 94 125 47
E Space -3 -1 94 78 187 93
Space T 3 -1 78 78 1108 1030
T H -1 -1 78 62 203 125
H E 1 3 62 47 109 47
E Space -3 -1 47 78 93 46
Space N 1 -2 78 78 188 110
N E 2 3 78 62 109 31
E X -2 1 62 109 218 156
X T 2 -3 109 94 156 47
T Space -3 1 94 78 234 140
Space D1 4 3 78 94 3588 3510
D1 D0 0 -9 94 63 156 62
D0 Space -4 6 63 110 187 124
Space Y 3 -2 110 93 219 109
Y E 0 3 93 62 265 172
E A -1 2 62 94 109 47
A R 1 -3 94 78 94 0
R S -1 2 78 78 156 78
S Space -2 -2 78 94 4633 4555
Space T 3 -1 94 78 203 109
T O 0 -4 78 78 140 62
O Space -3 5 78 78 203 125
Space T 3 -1 78 63 218 140
T E 0 2 63 78 110 47
E L -1 -6 78 94 171 93
L L 0 0 94 78 172 78
L Space -2 5 78 63 249 171
Space T 3 -1 63 78 1233 1170
T H -1 -1 78 78 203 125
H E 1 3 78 62 156 78
E M -2 -4 62 63 124 62
M Space -1 3 63 62 188 125
Space I 3 -4 62 125 124 62
I N -2 2 125 78 125 0
N Space -1 2 78 78 187 109
Space J 2 -3 78 62 890 812
J U 1 0 62 93 156 94
U S -1 5 93 78 109 16
S T 1 -3 78 78 109 31
T Space -3 1 78 109 172 94
Space A 2 3 109 78 140 31
A Space -2 -3 78 93 47 -31
Space F 2 0 93 63 171 78
F E 1 1 63 62 94 31
E W 0 1 62 94 187 125
W Space -3 -2 94 78 125 31
Space M 1 -3 78 93 172 94
M O 2 -2 93 203 46 -47
O N -2 3 203 78 188 -15
N T 2 1 78 62 218 140
T H -1 -1 62 93 172 110
H S 0 4 93 63 171 78
S OemPeriod -1 -7 63 63 109 46
OemPeriod Space -1 5 63 78 203 140
Space T 3 -1 78 93 3136 3058
T LShiftKey -2 5 93 172 5179 5086
LShiftKey I 2 -8 172 78 109 -63
I T 0 3 78 62 250 172
T Space -3 1 62 94 171 109
Space M 1 -3 94 78 219 125
M E 2 4 78 110 93 15
E A -1 2 110 109 250 140
A N -1 -5 109 62 156 47
N S 1 4 62 94 78 16
S Space -2 -2 94 78 156 62
Space T 3 -1 78 63 421 343
T O 0 -4 63 63 109 46
O Space -3 5 63 78 172 109
Space M 1 -3 78 78 172 94
M A 1 6 78 93 109 31
A K 0 -7 93 78 78 -15
K E 1 5 78 78 203 125
E Space -3 -1 78 94 93 15
Space S 2 2 94 78 156 62
S U 1 -5 78 78 63 -15
U R 0 3 78 78 171 93
R E 0 1 78 78 187 109
E Space -3 -1 78 78 156 78
Space E 3 1 78 32 468 390
E V -2 -1 32 93 110 78
V E 2 1 93 78 62 -31
E R 0 -1 78 78 172 94
R Y 0 -2 78 78 202 124
Y T 0 1 78 62 188 110
T H -1 -1 62 78 156 94
H I 1 -2 78 172 202 124
I N -2 2 172 109 125 -47
N G 1 1 109 78 328 219
G Space -2 1 78 78 109 31
Space I 3 -4 78 78 172 94
I S -1 6 78 93 109 31
S Space -2 -2 93 78 125 32
Space B 1 -1 78 78 202 124
B U 2 -2 78 125 219 141
U T 0 2 125 78 249 124
T T 0 0 78 78 188 110
T O 0 -4 78 93 109 31
O N -2 3 93 93 156 63
N N 0 0 93 47 249 156
N Back 3 -7 47 78 890 843
Back E -1 10 78 63 436 358
E D -1 0 63 94 203 140
D Space -2 -1 94 78 172 78
Space U 3 -3 78 63 327 249
U P 0 -3 63 78 890 827
P Space -3 6 78 78 218 140
Space S 2 2 78 63 265 187
S O 1 -7 63 78 687 624
O Space -3 5 78 78 202 124
Space T 3 -1 78 63 203 125
T H -1 -1 63 93 172 109
H A 0 5 93 63 140 47
A T 1 -4 63 93 94 31
T Space -3 1 93 94 249 156
Space I 3 -4 94 62 578 484
I T 0 3 62 62 343 281
T Space -3 1 62 78 218 156
Space W 3 2 78 78 141 63
W I 0 -6 78 78 967 889
I L -1 -1 78 78 218 140
L L 0 0 78 94 156 78
L Space -2 5 94 110 187 93
Space B 1 -1 110 78 219 109
B E 2 2 78 94 140 62
E Space -3 -1 94 78 109 15
Space A 2 3 78 93 188 110
A S 0 -1 93 78 202 109
S Space -2 -2 78 78 156 78
Space E 3 1 78 63 203 125
E A -1 2 63 93 219 156
A S 0 -1 93 63 202 109
S Y 1 -4 63 63 203 140
Y Space -3 2 63 78 749 686
Space A 2 3 78 109 250 172
A S 0 -1 109 62 234 125
S Space -2 -2 62 62 140 78
Space P 3 -6 62 94 546 484
P O 0 1 94 78 187 93
O S -1 7 78 47 187 109
S S 0 0 47 78 172 125
S I 1 -6 78 78 78 0
I B -2 3 78 63 187 109
B L 1 -4 63 94 187 124
L E 1 6 94 63 125 31
E Space -3 -1 63 62 141 78
Space F 2 0 62 93 156 94
F O 1 -5 93 94 124 31
O R 0 5 94 63 125 31
R Space -3 0 63 78 125 62
Space Y 3 -2 78 62 281 203
Y O 0 -3 62 140 187 125
O U 0 2 140 109 78 -62
U R 0 3 109 62 484 375
R Space -3 0 62 93 156 94
Space F 2 0 93 47 280 187
F A 0 3 47 62 110 63
A M -1 -6 62 141 171 109
M I 2 -1 141 94 125 -16
I L -1 -1 94 78 234 140
L Y 1 3 78 93 250 172
Y OemPeriod -2 -3 93 47 2355 2262
OemPeriod Space -1 5 47 78 203 156
Space LShiftKey 1 4 78 125 156 78
LShiftKey I 2 -8 125 78 62 -63
I T 0 3 78 78 234 156
T Space -3 1 78 93 219 141
Space M 1 -3 93 94 218 125
M E 2 4 94 93 94 0
E A -1 2 93 78 296 203
A N -1 -5 78 46 219 141
N S 1 4 46 93 265 219
S Space -2 -2 93 78 1154 1061
Space T 3 -1 78 93 141 63
T O 0 -4 93 78 93 0
O Space -3 5 78 78 187 109
Space S 2 2 78 78 94 16
S Y 1 -4 78 63 296 218
Y Space -3 2 63 94 281 218
Space Y 3 -2 94 62 718 624
Y O 0 -3 62 125 156 94
O U 0 2 125 93 78 -47
U R 0 3 93 78 156 63
R Space -3 0 78 93 203 125
Space G 2 -1 93 78 234 141
G O 1 -4 78 94 218 140
O O 0 0 94 94 156 62
O D -1 6 94 93 172 78
D B -1 -2 93 94 218 125
B Y 2 -1 94 94 187 93
Y E 0 3 94 62 203 109
E S -1 1 62 94 218 156
S OemPeriod -1 -7 94 78 125 31
OemPeriod Space -1 5 78 78 219 141
Space A 2 3 78 78 3135 3057
A Return 0 -11 78 46 1155 1077
Return LShiftKey -1 12 46 234 1965 1919
LShiftKey I 2 -8 234 78 297 63
I Back 1 -5 78 110 670 592
Back LShiftKey -3 13 110 202 344 234
LShiftKey I 2 -8 202 78 124 -78
I Space -3 4 78 109 188 110
Space L 2 -5 109 109 140 31
L I 1 1 109 78 749 640
I C -2 5 78 15 312 234
C Back 3 -10 15 94 530 515
Back V -3 9 94 78 562 468
V E 2 1 78 78 109 31
E D -1 0 78 93 203 125
D Space -2 -1 93 78 171 78
Space W 3 2 78 93 453 375
W I 0 -6 93 78 109 16
I T 0 3 78 78 250 172
T H -1 -1 78 94 202 124
H Space -2 2 94 78 172 78
Space T 3 -1 78 62 796 718
T H -1 -1 62 78 187 125
H A 0 5 78 63 93 15
A T 1 -4 63 78 141 78
T Space -3 1 78 78 218 140
Space D 2 1 78 63 936 858
D A 0 2 63 94 156 93
A I 1 -7 94 78 203 109
I G -1 3 78 78 359 281
G N -1 -1 78 172 951 873
N O 2 -3 172 93 110 -62
O S -1 7 93 93 234 141
S I 1 -6 93 62 109 16
I S -1 6 62 78 125 63
S Space -2 -2 78 94 1809 1731
Space A 2 3 94 109 125 31
A L 0 -8 109 94 187 78
L L 0 0 94 62 172 78
L Space -2 5 62 93 156 94
Space D 2 1 93 63 171 78
D A 0 2 63 109 219 156
A Y 1 -5 109 62 109 0
Y OemPeriod -2 -3 62 62 609 547
OemPeriod Space -1 5 62 63 202 140
Space LShiftKey 1 4 63 156 125 62
LShiftKey L 1 -9 156 93 94 -62
L A 0 8 93 78 187 94
A T 1 -4 78 62 125 47
T E 0 2 62 62 125 63
E R 0 -1 62 78 187 125
R Space -3 0 78 63 218 140
Space T 3 -1 63 62 765 702
T H -1 -1 62 93 187 125
H A 0 5 93 62 109 16
A T 1 -4 62 78 109 47
T Space -3 1 78 110 187 109
Space E 3 1 110 62 141 31
E V -2 -1 62 63 93 31
V E 2 1 63 62 94 31
E N -2 -3 62 94 140 78
N I 2 -2 94 172 156 62
I N -2 2 172 93 110 -62
N G 1 1 93 78 93 0
G Space -2 1 78 78 4493 4415
Space LShiftKey 1 4 78 188 296 218
LShiftKey I 2 -8 188 62 110 -78
I Space -3 4 62 93 187 125
Space H 2 -2 93 78 156 63
H A 0 5 78 109 78 0
A D 0 -2 109 78 265 156
D Space -2 -1 78 78 172 94
Space A 2 3 78 78 764 686
A Space -2 -3 78 78 140 62
Space B 1 -1 78 78 281 203
B I 2 -3 78 140 375 297
I O 0 -1 140 124 78 -62
O P 0 -1 124 78 421 297
P S -1 8 78 94 171 93
S Y 1 -4 94 63 203 109
Y Oemcomma -2 -2 63 140 874 811
Oemcomma Space -1 4 140 125 109 -31
Space W 3 2 125 78 187 62
W H -1 -4 78 62 172 94
H E 1 3 62 78 125 63
E R 0 -1 78 78 140 62
R E 0 1 78 78 78 0
E Space -3 -1 78 78 265 187
Space T 3 -1 78 78 562 484
T H -1 -1 78 78 203 125
H E 1 3 78 62 109 31
E Y 0 -3 62 47 171 109
Y Space -3 2 47 78 593 546
Space S 2 2 78 93 531 453
S T 1 -3 93 78 187 94
T U 0 -2 78 78 218 140
U C -2 4 78 63 78 0
C K 1 -5 63 62 562 499
K Space -2 4 62 78 171 109
Space A 2 3 78 93 110 32
A N -1 -5 93 78 109 16
N Space -1 2 78 63 452 374
Space E 3 1 63 78 312 249
E N -2 -3 78 78 172 94
N O 2 -3 78 78 405 327
O S -1 7 78 63 203 125
S C -1 -1 63 62 250 187
C O 2 -6 62 78 171 109
O P 0 -1 78 47 219 141
P E 0 7 47 62 109 62
E Space -3 -1 62 78 1841 1779
Space D 2 1 78 78 296 218
D O 1 -6 78 78 156 78
O W 0 7 78 94 187 109
W N -2 -4 94 63 234 140
N Space -1 2 63 63 203 140
Space M 1 -3 63 78 203 140
M Y 2 1 78 78 265 187
Y Space -3 2 78 109 234 156
Space T 3 -1 109 62 281 172
T H -1 -1 62 78 187 125
H R 1 2 78 31 156 78
R O 0 -5 31 93 297 266
O A -1 8 93 94 280 187
A T 1 -4 94 63 156 62
T Oemcomma -2 -3 63 140 3776 3713
Oemcomma Space -1 4 140 125 93 -47
Space T 3 -1 125 62 375 250
T H -1 -1 62 93 187 125
H R 1 2 93 94 421 328
R O 0 -5 94 156 140 46
O U 0 2 156 125 94 -62
U G -1 2 125 78 281 156
G H 0 -1 78 78 187 109
H Space -2 2 78 94 218 140
Space M 1 -3 94 109 203 109
M Y 2 1 109 78 265 156
Y Space -3 2 78 125 203 125
Space S 2 2 125 94 281 156
S T 1 -3 94 62 156 62
T O 0 -4 62 93 250 188
O M -2 2 93 78 405 312
M A 1 6 78 93 406 328
A C -1 -2 93 93 312 219
C H 1 -3 93 78 343 250
H Space -2 2 78 78 1763 1685
Space N 1 -2 78 47 327 249
N A 1 5 47 188 0 -47
A Back 2 -12 188 93 843 655
Back Back 0 0 93 93 156 63
Back A -2 12 93 109 281 188
A N -1 -5 109 62 156 47
N D 1 3 62 78 171 109
D Space -2 -1 78 78 125 47
Space I 3 -4 78 140 172 94
I N -2 2 140 109 109 -31
N T 2 1 109 78 187 78
T O 0 -4 78 93 94 16
O Space -3 5 93 63 280 187
Space M 1 -3 63 62 1545 1482
M Y 2 1 62 78 343 281
Y Space -3 2 78 94 218 140
Space I 3 -4 94 125 219 125
I N -2 2 125 125 78 -47
N T 2 1 125 62 312 187
T E 0 2 62 78 109 47
E S -1 1 78 78 234 156
S T 1 -3 78 62 125 47
T I 0 -3 62 94 249 187
I N -2 2 94 94 390 296
N E 2 3 94 94 172 78
E S -1 1 94 94 296 202
S Oemcomma -1 -6 94 125 390 296
Oemcomma Space -1 4 125 140 63 -62
Space P 3 -6 140 94 249 109
P U 0 3 94 78 250 156
U T 0 2 78 78 203 125
T Space -3 1 78 94 187 109
Space Space 0 0 94 78 234 140
Space Back 4 -9 78 78 437 359
Back A -2 12 78 94 187 109
A Space -2 -3 94 94 187 93
Space N 1 -2 94 78 531 437
N E 2 3 78 78 124 46
E E 0 0 78 78 172 94
E D -1 0 78 78 218 140
D L 0 -6 78 94 125 47
L E 1 6 94 94 109 15
E Space -3 -1 94 63 156 62
Space I 3 -4 63 109 5102 5039
I N -2 2 109 125 62 -47
N T 2 1 125 78 140 15
T O 0 -4 78 78 110 32
O Space -3 5 78 47 218 140
Space M 1 -3 47 78 468 421
M Y 2 1 78 78 250 172
Y Space -3 2 78 94 202 124
Space P 3 -6 94 93 188 94
P A -1 9 93 78 156 63
A N -1 -5 78 109 93 15
N C 0 3 109 110 265 156
C R 2 -1 110 109 203 93
R E 0 1 109 78 187 78
E A -1 2 78 109 110 32
A S 0 -1 109 94 249 140
S Space -2 -2 94 63 1981 1887
Space A 2 3 63 94 125 62
A N -1 -5 94 78 109 15
N D 1 3 78 94 156 78
D Space -2 -1 94 78 63 -31
Space G 2 -1 78 93 281 203
G O 1 -4 93 125 46 -47
O T 0 4 125 78 203 78
T Space -3 1 78 78 156 78
Space A 2 3 78 94 1919 1841
A Space -2 -3 94 63 187 93
Space F 2 0 63 63 858 795
F E 1 1 63 94 125 62
E W 0 1 94 93 203 109
W Space -3 -2 93 94 109 16
Space C 1 1 94 78 265 171
C E 2 0 78 94 109 31
E L -1 -6 94 78 1436 1342
L L 0 0 78 62 156 78
L S 0 7 62 93 109 47
S Space -2 -2 93 93 156 63
Space F 2 0 93 94 218 125
F R 1 0 94 78 187 93
R O 0 -5 78 109 110 32
O M -2 2 109 94 62 -47
M Space -1 3 94 93 203 109
Space T 3 -1 93 62 203 110
T H -1 -1 62 78 202 140
H E 1 3 78 78 94 16
E Space -3 -1 78 78 172 94
Space T 3 -1 78 78 4056 3978
T U 0 -2 78 78 234 156
U M -2 0 78 188 202 124
M O 2 -2 188 109 172 -16
O R 0 5 109 93 125 16
R OemPeriod -2 -5 93 78 1154 1061
OemPeriod Space -1 5 78 78 219 141
Space LShiftKey 1 4 78 156 140 62
LShiftKey I 2 -8 156 78 94 -62
I Space -3 4 78 78 733 655
Space W 3 2 78 110 405 327
W A -1 1 110 110 234 124
A S 0 -1 110 94 203 93
S Space -2 -2 94 78 219 125
Space S 2 2 78 78 140 62
S E 1 -1 78 94 187 109
E D -1 0 94 78 234 140
D A 0 2 78 125 125 47
A T 1 -4 125 78 140 15
T E 0 2 78 94 156 78
E D -1 0 94 62 219 125
D Oemcomma -1 -5 62 172 873 811
Oemcomma Space -1 4 172 140 94 -78
Space B 1 -1 140 109 265 125
B U 2 -2 109 109 78 -31
U T 0 2 109 63 187 78
T Space -3 1 63 94 94 31
Space M 1 -3 94 94 452 358
M Y 2 1 94 62 266 172
Y Space -3 2 62 110 202 140
Space W 3 2 110 78 780 670
W I 0 -6 78 78 125 47
I F -1 4 78 78 281 203
F E 1 1 78 78 125 47
E Space -3 -1 78 93 125 47
Space W 3 2 93 78 187 94
W H -1 -4 78 63 93 15
H O 1 -3 63 78 203 140
O Space -3 5 78 78 187 109
Space W 3 2 78 78 94 16
W A -1 1 78 93 203 125
A S 0 -1 93 47 234 141
S Space -2 -2 47 109 125 78
Space T 3 -1 109 63 436 327
T H -1 -1 63 78 188 125
H E 1 3 78 78 93 15
E R 0 -1 78 78 156 78
R E 0 1 78 93 63 -15
E Oemcomma -2 -5 93 125 873 780
Oemcomma Space -1 4 125 93 94 -31
Space T 3 -1 93 94 218 125
T O 0 -4 94 78 141 47
O L -1 0 78 78 187 109
L D 0 6 78 93 125 47
D Space -2 -1 93 78 124 31
Space M 1 -3 78 78 188 110
M E 2 4 78 78 109 31
E Space -3 -1 78 78 156 78
Space T 3 -1 78 62 733 655
T H -1 -1 62 94 187 125
H A 0 5 94 78 109 15
A T 1 -4 78 78 110 32
T Space -3 1 78 94 218 140
Space W 3 2 94 78 156 62
W H -1 -4 78 78 140 62
H E 1 3 78 78 125 47
E N -2 -3 78 62 125 47
N Space -1 2 62 78 172 110
Space T 3 -1 78 63 202 124
T H -1 -1 63 94 172 109
H E 1 3 94 78 109 15
E Y 0 -3 78 15 172 94
Y Space -3 2 15 46 671 656
Space R 3 0 46 62 1326 1280
R E 0 1 62 78 124 62
E V -2 -1 78 63 234 156
V I 2 -4 63 63 468 405
I E 0 5 63 109 110 47
E W 0 1 109 78 530 421
W E 0 -1 78 63 218 140
E D -1 0 63 78 219 156
D Space -2 -1 78 62 156 78
Space Back 4 -9 62 265 5507 5445
Back Back 0 0 265 94 405 140
Back Back 0 0 94 78 219 125
Back Back 0 0 78 62 187 109
Back Back 0 0 62 78 187 125
Back Back 0 0 78 78 187 109
Back Back 0 0 78 78 187 109
Back Back 0 0 78 78 188 110
Back Back 0 0 78 78 187 109
Back V -3 9 78 78 920 842
V I 2 -4 78 78 421 343
I E 0 5 78 94 125 47
E W 0 1 94 78 234 140
W E 0 -1 78 94 203 125
E D -1 0 94 94 187 93
D Space -2 -1 94 93 172 78
Space T 3 -1 93 62 421 328
T H -1 -1 62 78 187 125
H E 1 3 78 78 94 16
E Space -3 -1 78 63 171 93
Space C 1 1 63 78 500 437
C E 2 0 78 94 140 62
E L -1 -6 94 93 172 78
L L 0 0 93 63 171 78
L S 0 7 63 78 125 62
S Space -2 -2 78 109 156 78
Space I 3 -4 109 110 920 811
I Back 1 -5 110 78 422 312
Back U -1 6 78 156 296 218
U N -2 1 156 93 125 -31
N D 1 3 93 78 93 0
D E 1 0 78 78 203 125
E R 0 -1 78 63 187 109
R Space -3 0 63 78 78 15
Space T 3 -1 78 78 203 125
T H -1 -1 78 78 187 109
H Back 2 -7 78 78 734 656
Back A -2 12 78 94 202 124
A Back 2 -12 94 63 671 577
Back Back 0 0 63 78 172 109
Back A -2 12 78 94 327 249
A Space -2 -3 94 78 172 78
Space M 1 -3 78 110 218 140
M I 2 -1 110 125 94 -16
I C -2 5 125 78 281 156
C R 2 -1 78 78 249 171
R O 0 -5 78 78 219 141
O S -1 7 78 78 140 62
S C -1 -1 78 78 250 172
C O 2 -6 78 62 234 156
O P 0 -1 62 47 218 156
P E 0 7 47 78 63 16
E Space -3 -1 78 78 1326 1248
Space T 3 -1 78 78 561 483
T H -1 -1 78 78 203 125
H E 1 3 78 62 94 16
E Space -3 -1 62 78 187 125
Space D 2 1 78 78 515 437
D O 1 -6 78 78 171 93
O C -2 6 78 93 141 63
C T 2 -2 93 78 312 219
T O 0 -4 78 78 124 46
O R 0 5 78 78 203 125
R S -1 2 78 78 265 187
S Space -2 -2 78 78 219 141
Space S 2 2 78 78 2574 2496
S T 1 -3 78 78 125 47
T A -1 4 78 109 140 62
A R 1 -3 109 62 94 -15
R T 0 -1 62 78 171 109
T E 0 2 78 46 188 110
E D -1 0 46 78 187 141
D Space -2 -1 78 78 156 78
Space C 1 1 78 78 140 62
C R 2 -1 78 62 281 203
R Y 0 -2 62 78 218 156
Y I 0 -2 78 156 312 234
I N -2 2 156 110 78 -78
N G 1 1 110 93 141 31
G Space -2 1 93 78 203 110
Space B 1 -1 78 78 655 577
B E 2 2 78 109 78 0
E C -2 0 109 78 187 78
C A 1 2 78 94 156 78
A U 1 -6 94 93 125 31
U S -1 5 93 78 140 47
S E 1 -1 78 62 203 125
E Space -3 -1 62 62 156 94
Space I 3 -4 62 93 671 609
I T 0 3 93 78 281 188
T Space -3 1 78 94 218 140
Space T 3 -1 94 62 281 187
T U 0 -2 62 93 203 141
U R 0 3 93 78 124 31
R N -2 -2 78 94 156 78
N E 2 3 94 78 125 31
E D -1 0 78 94 203 125
D Space -2 -1 94 78 125 31
Space O 3 -5 78 141 249 171
O U 0 2 141 94 78 -63
U T 0 2 94 78 141 47
T Space -3 1 78 78 156 78
Space T 3 -1 78 46 125 47
T O 0 -4 46 94 93 47
O Space -3 5 94 78 219 125
Space B 1 -1 78 78 171 93
B E 2 2 78 94 78 0
E Space -3 -1 94 78 172 78
Space A 2 3 78 78 218 140
A Space -2 -3 78 63 234 156
Space V 1 0 63 78 811 748
V E 2 1 78 94 94 16
E R 0 -1 94 78 156 62
R Y 0 -2 78 78 218 140
Y Space -3 2 78 78 188 110
Space R 3 0 78 78 234 156
R A -1 3 78 78 109 31
A R 1 -3 78 78 109 31
R E 0 1 78 78 140 62
E Space -3 -1 78 93 219 141
Space F 2 0 93 78 452 359
F O 1 -5 78 78 156 78
O R 0 5 78 47 109 31
R M -2 -3 47 78 110 63
M Space -1 3 78 78 202 124
Space O 3 -5 78 62 921 843
O F -1 5 62 78 109 47
F Space -2 0 78 78 140 62
Space P 3 -6 78 109 250 172
P A -1 9 109 78 172 63
A N -1 -5 78 78 124 46
N C 0 3 78 93 297 219
C R 2 -1 93 78 187 94
R E 0 1 78 94 156 78
E A -1 2 94 63 140 46
A T 1 -4 63 62 110 47
T I 0 -3 62 78 312 250
I C -2 5 78 94 171 93
C Space -1 -1 94 94 125 31
Space C 1 1 94 78 234 140
C A 1 2 78 94 109 31
A N -1 -5 94 109 156 62
N C 0 3 109 78 234 125
C E 2 0 78 125 499 421
E R 0 -1 125 93 297 172
R Space -3 0 93 94 452 359
Space T 3 -1 94 78 265 171
T H -1 -1 78 109 188 110
H A 0 5 109 62 140 31
A T 1 -4 62 63 109 47
T Space -3 1 63 94 3791 3728
Space I 3 -4 94 78 218 124
I S -1 6 78 110 156 78
S Space -2 -2 110 62 94 -16
Space C 1 1 62 62 234 172
C U 2 -4 62 62 125 63
U R 0 3 62 78 249 187
R A -1 3 78 94 94 16
A B -1 -4 94 94 265 171
B L 1 -4 94 109 234 140
L E 1 6 109 94 125 16
E Space -3 -1 94 63 187 93
Space W 3 2 63 78 624 561
W I 0 -6 78 78 156 78
I T 0 3 78 78 234 156
T H -1 -1 78 94 187 109
H Space -2 2 94 93 188 94
Space S 2 2 93 109 156 63
S U 1 -5 109 63 124 15
U R 0 3 63 78 266 203
R G -1 -1 78 78 218 140
G E 1 2 78 78 109 31
E R 0 -1 78 78 156 78
R Y 0 -2 78 93 219 141
Y OemPeriod -2 -3 93 94 1856 1763
OemPeriod Space -1 5 94 78 250 156
Space LShiftKey 1 4 78 515 405 327
LShiftKey I 2 -8 515 78 359 -156
I Space -3 4 78 78 234 156
Space H 2 -2 78 78 187 109
H A 0 5 78 109 94 16
A D 0 -2 109 47 296 187
D Space -2 -1 47 78 109 62
Space T 3 -1 78 62 172 94
T H -1 -1 62 78 187 125
H E 1 3 78 93 63 -15
E Space -3 -1 93 31 234 141
Space S 2 2 31 94 358 327
S U 1 -5 94 78 141 47
U R 0 3 78 62 265 187
R G -1 -1 62 78 203 141
G E 1 2 78 78 93 15
E R 0 -1 78 63 156 78
R Y 0 -2 63 78 203 140
Y Space -3 2 78 94 203 125
Space A 2 3 94 110 140 46
A N -1 -5 110 93 110 0
N D 1 3 93 94 171 78
D Space -2 -1 94 78 141 47
Space LShiftKey 1 4 78 156 265 187
LShiftKey I 2 -8 156 78 78 -78
I Oem7 -1 -3 78 78 546 468
Oem7 M -1 4 78 78 343 265
M Space -1 3 78 93 203 125
Space F 2 0 93 94 265 172
F I 1 -4 94 125 156 62
I N -2 2 125 110 62 -63
N E 2 3 110 109 125 15
E Space -3 -1 109 94 187 78
Space N 1 -2 94 110 234 140
N O 2 -3 110 94 78 -32
O W 0 7 94 63 125 31
W OemPeriod -2 -7 63 94 234 171
OemPeriod Space -1 5 94 94 234 140
Space Return 2 -8 94 78 609 515
Return LShiftKey -1 12 78 171 9126 9048
LShiftKey T 2 -5 171 78 109 -62
T H -1 -1 78 94 187 109
H I 1 -2 94 78 203 109
I S -1 6 78 78 156 78
S Space -2 -2 78 78 78 0
Space W 3 2 78 94 452 374
W A -1 1 94 109 328 234
A S 0 -1 109 78 218 109
S Space -2 -2 78 94 156 78
Space T 3 -1 94 78 297 203
T H -1 -1 78 94 171 93
H E 1 3 94 78 109 15
E Space -3 -1 78 94 94 16
Space C 1 1 94 93 172 78
C L 1 -6 93 78 78 -15
L O 1 0 78 78 171 93
O S -1 7 78 78 78 0
S E 1 -1 78 78 187 109
E S -1 1 78 78 219 141
S T 1 -3 78 78 171 93
T Space -3 1 78 78 219 141
Space LShiftKey 1 4 78 234 1185 1107
LShiftKey I 2 -8 234 78 125 -109
I Oem7 -1 -3 78 78 499 421
Oem7 V -1 7 78 62 344 266
V E 2 1 62 78 109 47
E Space -3 -1 78 78 93 15
Space B 1 -1 78 47 203 125
B E 2 2 47 62 94 47
E E 0 0 62 78 156 94
E N -2 -3 78 78 125 47
N Space -1 2 78 78 202 124
Space T 3 -1 78 78 515 437
T O 0 -4 78 78 94 16
O Space -3 5 78 94 187 109
Space F 2 0 94 78 218 124
F A 0 3 78 94 94 16
A C -1 -2 94 63 109 15
C I 2 -5 63 156 281 218
I N -2 2 156 109 94 -62
N G 1 1 109 78 156 47
G Space -2 1 78 93 109 31
Space D 2 1 93 78 343 250
D E 1 0 78 78 172 94
E A -1 2 78 78 124 46
A T 1 -4 78 78 125 47
T H -1 -1 78 78 219 141
H Oemcomma -1 -2 78 93 1201 1123
Oemcomma Space -1 4 93 124 47 -46
Space A 2 3 124 93 156 32
A N -1 -5 93 62 156 63
N D 1 3 62 78 140 78
D Space -2 -1 78 78 125 47
Space I 3 -4 78 63 171 93
I Back 1 -5 63 78 702 639
Back LShiftKey -3 13 78 156 156 78
LShiftKey I 2 -8 156 78 156 0
I Space -3 4 78 93 188 110
Space H 2 -2 93 62 156 63
H O 1 -3 62 62 234 172
O P 0 -1 62 94 171 109
P E 0 7 94 78 109 15
E Space -3 -1 78 78 188 110
Space I 3 -4 78 62 1045 967
I T 0 3 62 78 234 172
T Oem7 -1 -6 78 78 327 249
Oem7 S 0 9 78 78 156 78
S Space -2 -2 78 93 110 32
Space T 3 -1 93 46 234 141
T H -1 -1 46 62 187 141
H E 1 3 62 78 93 31
E E 0 0 78 62 188 110
E Back 1 -10 62 93 546 484
Back Space -4 9 93 78 1170 1077
Space C 1 1 78 93 187 109
C L 1 -6 93 94 109 16
L O 1 0 94 78 187 93
O S -1 7 78 93 63 -15
S E 1 -1 93 78 218 125
E S -1 1 78 78 1123 1045
S T 1 -3 78 47 125 47
T Space -3 1 47 94 234 187
Space LShiftKey 1 4 94 218 468 374
LShiftKey I 2 -8 218 78 172 -46
I Space -3 4 78 109 156 78
Space G 2 -1 109 94 218 109
G E 1 2 94 94 78 -16
E T 0 -2 94 78 140 46
T Space -3 1 78 93 266 188
Space F 2 0 93 94 748 655
F O 1 -5 94 78 125 31
O R 0 5 78 78 94 16
R Space -3 0 78 78 93 15
Space A 2 3 78 109 188 110
A Space -2 -3 109 94 93 -16
Space F 2 0 94 94 203 109
F E 1 1 94 78 78 -16
E W 0 1 78 78 187 109
W Space -3 -2 78 78 172 94
Space M 1 -3 78 109 218 140
M O 2 -2 109 124 63 -46
O R 0 5 124 63 592 468
R E 0 1 63 78 188 125
E Space -3 -1 78 63 124 46
Space D 2 1 63 78 110 47
D E 1 0 78 78 171 93
E C -2 0 78 78 141 63
C A 1 2 78 63 171 93
A D 0 -2 63 109 234 171
D E 1 0 109 62 219 110
E S -1 1 62 78 202 140
S OemPeriod -1 -7 78 78 1124 1046
OemPeriod Space -1 5 78 78 234 156
Space LShiftKey 1 4 78 249 1279 1201
LShiftKey H 1 -6 249 78 187 -62
H A 0 5 78 78 156 78
A V -1 -3 78 78 94 16
V I 2 -4 78 156 249 171
I N -2 2 156 94 109 -47
N G 1 1 94 94 156 62
G Space -2 1 94 62 110 16
Space L 2 -5 62 94 249 187
L I 1 1 94 78 219 125
I V -2 4 78 62 234 156
V E 2 1 62 78 93 31
E D -1 0 78 78 219 141
D Space -2 -1 78 62 187 109
Space T 3 -1 62 63 795 733
T H -1 -1 63 78 188 125
H R 1 2 78 78 93 15
R O 0 -5 78 125 125 47
O U 0 2 125 94 78 -47
U G -1 2 94 94 218 124
G H 0 -1 94 94 156 62
H Space -2 2 94 93 219 125
Space I 3 -4 93 94 171 78
I T 0 3 94 78 141 47
T Oemcomma -2 -3 78 140 889 811
Oemcomma Space -1 4 140 109 94 -46
Space LShiftKey 1 4 109 218 156 47
LShiftKey I 2 -8 218 78 156 -62
I Space -3 4 78 109 218 140
Space C 1 1 109 78 265 156
C A 1 2 78 78 109 31
A N -1 -5 78 94 156 78
N Space -1 2 94 94 203 109
Space N 1 -2 94 141 265 171
N O 2 -3 141 156 110 -31
O W 0 7 156 93 187 31
W Space -3 -2 93 94 249 156
Space S 2 2 94 110 468 374
S A 0 1 110 78 234 124
A Y 1 -5 78 78 406 328
Y Space -3 2 78 94 218 140
Space T 3 -1 94 62 250 156
T H -1 -1 62 78 172 110
H I 1 -2 78 78 187 109
I S -1 6 78 78 171 93
S Space -2 -2 78 78 172 94
Space T 3 -1 78 94 811 733
T O 0 -4 94 62 125 31
O Space -3 5 62 93 172 110
Space Y 3 -2 93 78 218 125
Y O 0 -3 78 125 203 125
O U 0 2 125 109 78 -47
U Space -3 3 109 62 421 312
Space W 3 2 62 109 250 188
W I 0 -6 109 78 156 47
I T 0 3 78 78 202 124
T H -1 -1 78 78 188 110
H A 0 5 78 93 156 78
A Space -2 -3 93 78 62 -31
Space B 1 -1 78 62 203 125
B I 2 -3 62 94 140 78
I T 0 3 94 78 203 109
T Space -3 1 78 78 125 47
Space M 1 -3 78 93 203 125
M O 2 -2 93 109 31 -62
O R 0 5 109 78 156 47
R E 0 1 78 62 203 125
E Space -3 -1 62 62 140 78
Space C 1 1 62 94 1170 1108
C A 1 2 94 94 156 62
A E 1 -2 94 78 172 78
E R 0 -1 78 78 202 124
R Back 1 -9 78 93 422 344
Back Back 0 0 93 78 187 94
Back Back 0 0 78 94 140 62
Back Space -4 9 94 141 3697 3603
Space E 3 1 141 78 968 827
E R 0 -1 78 63 202 124
R T 0 -1 63 78 156 93
T A -1 4 78 94 156 78
A I 1 -7 94 140 172 78
I N -2 2 140 109 94 -46
N I 2 -2 109 94 171 62
I T 0 3 94 78 453 359
T Y 0 -1 78 78 109 31
Y Space -3 2 78 78 4914 4836
Space T 3 -1 78 62 203 125
T H -1 -1 62 109 171 109
H A 0 5 109 93 16 -93
A T 1 -4 93 78 218 125
T Space -3 1 78 78 234 156
Space W 3 2 78 109 125 47
W H -1 -4 109 78 515 406
H E 1 3 78 94 109 31
E N -2 -3 94 63 109 15
N Space -1 2 63 78 187 124
Space D 2 1 78 78 110 32
D E 1 0 78 62 187 109
E A -1 2 62 109 203 141
A T 1 -4 109 62 140 31
T H -1 -1 62 78 187 125
H Space -2 2 78 63 187 109
Space W 3 2 63 78 687 624
W A -1 1 78 78 218 140
A S 0 -1 78 78 203 125
S Space -2 -2 78 62 125 47
Space A 2 3 62 78 312 250
A Space -2 -3 78 78 187 109
Space U 3 -3 78 94 1092 1014
U S -1 5 94 93 359 265
S E 1 -1 93 63 218 125
E F -1 -1 63 78 265 202
F U 1 -3 78 62 250 172
U L -1 -2 62 110 218 156
L Space -2 5 110 78 8331 8221
Space B 1 -1 78 110 218 140
B U 2 -2 110 125 78 -32
U T 0 2 125 62 297 172
T Space -3 1 62 93 281 219
Space P 3 -6 93 78 546 453
P U 0 3 78 78 358 280
U R 0 3 78 78 312 234
R E 0 1 78 78 110 32
E L -1 -6 78 93 234 156
L Y 1 3 93 78 280 187
Y Space -3 2 78 110 234 156
Space I 3 -4 110 172 312 202
I N -2 2 172 109 110 -62
N T 2 1 109 46 312 203
T E 0 2 46 78 171 125
E L -1 -6 78 94 187 109
L L 0 0 94 94 156 62
L E 1 6 94 93 188 94
E C -2 0 93 78 249 156
C T 2 -2 78 47 265 187
T A -1 4 47 110 390 343
A L 0 -8 110 78 172 62
L Back 2 -4 78 94 577 499
Back Back 0 0 94 63 187 93
Back U -1 6 63 62 297 234
U A -1 6 62 93 125 63
A L 0 -8 93 78 124 31
L Space -2 5 78 78 250 172
Space C 1 1 78 94 1232 1154
C O 2 -6 94 187 375 281
O N -2 3 187 125 109 -78
N S 1 4 125 94 234 109
S Back 2 -11 94 109 515 421
Back C -3 10 109 140 156 47
C E 2 0 140 109 156 16
E P 0 -7 109 78 296 187
P T 0 5 78 78 125 47
T RShiftKey -2 -6 78 359 312 234
RShiftKey Oem1 1 1 359 141 187 -172
Oem1 Space -2 6 141 78 343 202
Space Return 2 -8 78 78 4478 4400
Return LShiftKey -1 12 78 280 1560 1482
LShiftKey N 0 -6 280 93 156 -124
N O 2 -3 93 78 202 109
O Space -3 5 78 62 219 141
Space LShiftKey 1 4 62 141 296 234
LShiftKey O 2 -9 141 141 109 -32
O N -2 3 141 94 78 -63
N E 2 3 94 93 219 125
E Space -3 -1 93 78 156 63
Space Back 4 -9 78 63 998 920
Back Back 0 0 63 63 156 93
Back Back 0 0 63 63 156 93
Back Back 0 0 63 78 141 78
Back O -1 4 78 156 592 514
O N -2 3 156 94 94 -62
N E 2 3 94 78 109 15
E Space -3 -1 78 78 125 47
Space W 3 2 78 109 172 94
W A -1 1 109 109 249 140
A N -1 -5 109 94 624 515
N T 2 1 94 78 234 140
T S -1 3 78 78 94 16
S Space -2 -2 78 110 171 93
Space T 3 -1 110 93 141 31
T O 0 -4 93 78 125 32
O Space -3 5 78 93 187 109
Space D 2 1 93 78 265 172
D I 1 -5 78 93 125 47
I E 0 5 93 78 125 32
E OemPeriod -2 -6 78 78 1029 951
OemPeriod Space -1 5 78 93 219 141
Space LShiftKey 1 4 93 187 452 359
LShiftKey E 2 -3 187 78 109 -78
E V -2 -1 78 93 219 141
V E 2 1 93 78 124 31
E N -2 -3 78 78 188 110
N Space -1 2 78 63 249 171
Space P 3 -6 63 78 921 858
P E 0 7 78 109 156 78
E O 0 -6 109 47 218 109
O P 0 -1 47 62 172 125
P L -1 1 62 94 171 109
L E 1 6 94 93 141 47
E Space -3 -1 93 78 187 94
Space W 3 2 78 93 234 156
W H -1 -4 93 94 218 125
H O 1 -3 94 109 156 62
O Space -3 5 109 47 234 125
Space W 3 2 47 78 109 62
W A -1 1 78 125 203 125
A N -1 -5 125 94 125 0
N T 2 1 94 78 250 156
T Space -3 1 78 109 187 109
Space T 3 -1 109 78 140 31
T O 0 -4 78 78 78 0
O Space -3 5 78 62 203 125
Space G 2 -1 62 93 250 188
G O 1 -4 93 62 109 16
O Space -3 5 62 78 171 109
Space T 3 -1 78 94 125 47
T O 0 -4 94 78 94 0
O Space -3 5 78 78 203 125
Space H 2 -2 78 78 733 655
H E 1 3 78 93 125 47
E A -1 2 93 124 234 141
A V -1 -3 124 78 124 0
V E 2 1 78 78 172 94
E N -2 -3 78 62 125 47
N Space -1 2 62 62 203 141
Space D 2 1 62 78 764 702
D O 1 -6 78 156 78 0
O N -2 3 156 109 109 -47
N Oem7 1 -5 109 94 390 281
Oem7 T 1 6 94 78 109 15
T Space -3 1 78 93 188 110
Space W 3 2 93 94 202 109
W A -1 1 94 94 234 140
A N -1 -5 94 93 110 16
N T 2 1 93 78 265 172
T Space -3 1 78 109 203 125
Space T 3 -1 109 109 140 31
T O 0 -4 109 94 156 47
O Space -3 5 94 78 218 124
Space D 2 1 78 94 515 437
D I 1 -5 94 78 421 327
I E 0 5 78 78 141 63
E Space -3 -1 78 94 109 31
Space T 3 -1 94 78 218 124
T O 0 -4 78 78 94 16
O Space -3 5 78 94 187 109
Space G 2 -1 94 94 156 62
G E 1 2 94 63 109 15
E T 0 -2 63 78 78 15
T Space -3 1 78 63 203 125
Space T 3 -1 63 78 187 124
T H -1 -1 78 78 188 110
H E 1 3 78 78 109 31
E R 0 -1 78 93 125 47
R E 0 1 93 78 93 0
E OemPeriod -2 -6 78 78 780 702
OemPeriod Space -1 5 78 94 187 109
Space LShiftKey 1 4 94 172 78 -16
LShiftKey A 1 -1 172 140 94 -78
A N -1 -5 140 62 125 -15
N D 1 3 62 94 171 109
D Space -2 -1 94 94 78 -16
Space T 3 -1 94 78 203 109
T H -1 -1 78 78 203 125
H Back 2 -7 78 78 1045 967
Back Back 0 0 78 78 172 94
Back Back 0 0 78 78 156 78
Back Space -4 9 78 94 608 530
Space Y 3 -2 94 94 203 109
Y E 0 3 94 78 125 31
E T 0 -2 78 46 125 47
T Space -3 1 46 62 764 718
Space D 2 1 62 78 546 484
D E 1 0 78 78 172 94
E A -1 2 78 93 109 31
A T 1 -4 93 62 156 63
T H -1 -1 62 94 187 125
H Space -2 2 94 109 203 109
Space I 3 -4 109 63 218 109
I S -1 6 63 78 109 46
S Space -2 -2 78 62 110 32
Space T 3 -1 62 78 1045 983
T H -1 -1 78 62 203 125
H E 1 3 62 94 93 31
E Space -3 -1 94 62 125 31
Space D 2 1 62 63 140 78
D E 1 0 63 63 156 93
E S -1 1 63 78 203 140
S T 1 -3 78 78 156 78
T I 0 -3 78 63 234 156
I B -2 3 63 47 203 140
B Back 3 -8 47 78 437 390
Back N -3 7 78 94 265 187
N A 1 5 94 78 140 46
A T 1 -4 78 78 640 562
T I 0 -3 78 141 265 187
I O 0 -1 141 109 78 -63
O N -2 3 109 78 203 94
N Space -1 2 78 62 2122 2044
Space W 3 2 62 78 156 94
W E 0 -1 78 62 234 156
E Space -3 -1 62 78 171 109
Space A 2 3 78 78 156 78
A L 0 -8 78 47 109 31
L L 0 0 47 78 125 78
L Space -2 5 78 78 172 94
Space S 2 2 78 78 140 62
S H 0 -4 78 94 47 -31
H A 0 5 94 93 172 78
A R 1 -3 93 94 93 0
R E 0 1 94 62 203 109
E OemPeriod -2 -6 62 78 1076 1014
OemPeriod Space -1 5 78 94 203 125
Space LShiftKey 1 4 94 374 484 390
LShiftKey N 0 -6 374 78 249 -125
N O 2 -3 78 110 156 78
O Space -3 5 110 62 250 140
Space O 3 -5 62 156 2605 2543
O N -2 3 156 109 94 -62
N E 2 3 109 78 125 16
E Space -3 -1 78 78 156 78
Space H 2 -2 78 63 795 717
H A 0 5 63 109 94 31
A S 0 -1 109 94 218 109
S Space -2 -2 94 94 109 15
Space E 3 1 94 93 141 47
E C -2 0 93 78 327 234
C Back 3 -10 78 94 406 328
Back V -3 9 94 78 328 234
V E 2 1 78 109 62 -16
E R 0 -1 109 78 234 125
R Space -3 0 78 93 172 94
Space E 3 1 93 78 109 16
E S -1 1 78 78 327 249
S C -1 -1 78 78 281 203
C A 1 2 78 78 125 47
A P 1 -9 78 94 265 187
P E 0 7 94 63 156 62
E D -1 0 63 140 219 156
D Space -2 -1 140 63 93 -47
Space I 3 -4 63 93 172 109
I T 0 3 93 62 125 32
T OemPeriod -2 -4 62 62 1326 1264
OemPeriod Space -1 5 62 78 187 125
Space LShiftKey 1 4 78 140 109 31
LShiftKey A 1 -1 140 172 62 -78
A N -1 -5 172 62 172 0
N D 1 3 62 94 140 78
D Space -2 -1 94 78 110 16
Space T 3 -1 78 78 1357 1279
T H -1 -1 78 94 187 109
H A 0 5 94 63 109 15
A T 1 -4 63 78 109 46
T Space -3 1 78 125 234 156
Space I 3 -4 125 93 219 94
I S -1 6 93 78 156 63
S Space -2 -2 78 78 109 31
Space A 2 3 78 93 203 125
A S 0 -1 93 94 249 156
S Space -2 -2 94 62 188 94
Space I 3 -4 62 93 1404 1342
I T 0 3 93 78 265 172
T Space -3 1 78 109 187 109
Space S 2 2 109 94 156 47
S H 0 -4 94 78 109 15
H O 1 -3 78 125 187 109
O U 0 2 125 62 94 -31
U L -1 -2 62 62 234 172
L D 0 6 62 94 109 47
D Space -2 -1 94 94 125 31
Space E 3 1 94 93 172 78
E B -2 -2 93 78 15 -78
B Back 3 -8 78 78 1170 1092
Back Back 0 0 78 78 172 94
Back B -3 8 78 78 265 187
B E 2 2 78 93 94 16
E Oemcomma -2 -5 93 172 1341 1248
Oemcomma Space -1 4 172 110 109 -63
Space B 1 -1 110 94 234 124
B E 2 2 94 93 110 16
E C -2 0 93 78 171 78
C A 1 2 78 109 125 47
A U 1 -6 109 78 140 31
U S -1 5 78 94 94 16
S E 1 -1 94 78 187 93
E Space -3 -1 78 78 172 94
Space LShiftKey 1 4 78 187 1435 1357
LShiftKey D 1 -3 187 78 156 -31
D E 1 0 78 78 172 94
E A -1 2 78 78 140 62
A T 1 -4 78 78 109 31
T H -1 -1 78 93 219 141
H Space -2 2 93 109 187 94
Space I 3 -4 109 62 468 359
I S -1 6 62 93 125 63
S Space -2 -2 93 94 93 0
Space V 1 0 94 78 203 109
V E 2 1 78 109 47 -31
E R 0 -1 109 78 187 78
R Y 0 -2 78 78 203 125
Y Space -3 2 78 94 171 93
Space L 2 -5 94 110 156 62
L I 1 1 110 78 219 109
I K -1 0 78 110 171 93
K E 1 5 110 62 141 31
E L -1 -6 62 109 218 156
L Y 1 3 109 78 281 172
Y Space -3 2 78 62 234 156
Space T 3 -1 62 63 1700 1638
T H -1 -1 63 78 188 125
H E 1 3 78 109 78 0
E Space -3 -1 109 78 156 47
Space S 2 2 78 78 624 546
S I 1 -6 78 156 93 15
I N -2 2 156 125 94 -62
N G 1 1 125 78 265 140
G L 0 -4 78 110 218 140
L E 1 6 110 94 156 46
E Space -3 -1 94 78 141 47
Space B 1 -1 78 94 1981 1903
B E 2 2 94 32 140 46
E S -1 1 32 78 219 187
S T 1 -3 78 78 93 15
T Space -3 1 78 94 234 156
Space I 3 -4 94 187 10000 9906
I N -2 2 187 93 515 328
N V 0 2 93 62 265 172
V E 2 1 62 109 109 47
E N -2 -3 109 94 156 47
N E 2 3 94 94 109 15
E T 0 -2 94 62 188 94
T I 0 -3 62 141 249 187
I O 0 -1 141 109 63 -78
O N -2 3 109 94 218 109
N Space -1 2 94 78 203 109
Space O 3 -5 78 63 764 686
O F -1 5 63 94 109 46
F Space -2 0 94 109 110 16
Space L 2 -5 109 93 156 47
L I 1 1 93 78 202 109
I F -1 4 78 94 203 125
F E 1 1 94 78 234 140
E Back 1 -10 78 93 1186 1108
Back Back 0 0 93 78 187 94
Back Back 0 0 78 78 156 78
Back Back 0 0 78 78 172 94
Back Back 0 0 78 63 202 124
Back Space -4 9 63 78 546 483
Space LShiftKey 1 4 78 203 203 125
LShiftKey L 1 -9 203 94 78 -125
L I 1 1 94 93 219 125
I F -1 4 93 63 280 187
F E 1 1 63 78 110 47
E OemPeriod -2 -6 78 78 1263 1185
OemPeriod Space -1 5 78 62 203 125
Space Back 4 -9 62 78 2543 2481
Back LShiftKey -3 13 78 203 3557 3479
LShiftKey I 2 -8 203 78 125 -78
I T 0 3 78 78 296 218
T Space -3 1 78 78 218 140
Space I 3 -4 78 78 188 110
I S -1 6 78 62 140 62
S Space -2 -2 62 62 125 63
Space LShiftKey 1 4 62 219 249 187
LShiftKey L 1 -9 219 110 156 -63
L I 1 1 110 78 219 109
I F -1 4 78 78 265 187
F E 1 1 78 78 140 62
E Oem7 -1 -8 78 78 281 203
Oem7 S 0 9 78 78 125 47
S Space -2 -2 78 78 749 671
Space C 1 1 78 78 249 171
C H 1 -3 78 63 156 78
H A 0 5 63 156 125 62
A N -1 -5 156 94 109 -47
N G 1 1 94 63 234 140
G E 1 2 63 93 63 0
E Space -3 -1 93 78 203 110
Space A 2 3 78 110 1294 1216
A G 0 -4 110 78 141 31
G E 1 2 78 93 125 47
E N -2 -3 93 125 140 47
N T 2 1 125 63 296 171
T OemPeriod -2 -4 63 78 406 343
OemPeriod Space -1 5 78 93 328 250
Space LShiftKey 1 4 93 234 1450 1357
LShiftKey I 2 -8 234 78 156 -78
I T 0 3 78 78 250 172
T Space -3 1 78 78 203 125
Space C 1 1 78 78 187 109
C L 1 -6 78 109 265 187
L E 1 6 109 78 109 0
E A -1 2 78 110 234 156
A R 1 -3 110 78 125 15
R S -1 2 78 62 125 47
S Space -2 -2 62 78 1201 1139
Space O 3 -5 78 187 250 172
O U 0 2 187 109 125 -62
U T 0 2 109 78 202 93
T Space -3 1 78 78 110 32
Space T 3 -1 78 63 202 124
T H -1 -1 63 78 188 125
H E 1 3 78 78 530 452
E Space -3 -1 78 78 218 140
Space O 3 -5 78 63 390 312
O L -1 0 63 94 203 140
L D 0 6 94 78 141 47
D Space -2 -1 78 62 156 78
Space T 3 -1 62 109 249 187
T O 0 -4 109 78 109 0
O Space -3 5 78 78 203 125
Space M 1 -3 78 78 187 109
M A 1 6 78 109 141 63
A K 0 -7 109 94 109 0
K E 1 5 94 94 156 62
E Space -3 -1 94 63 187 93
Space W 3 2 63 109 281 218
W A -1 1 109 94 234 125
A Y 1 -5 94 78 109 15
Y Space -3 2 78 110 187 109
Space F 2 0 110 93 110 0
F O 1 -5 93 78 109 16
O R 0 5 78 62 109 31
R Space -3 0 62 93 94 32
Space T 3 -1 93 63 202 109
T H -1 -1 63 78 172 109
H E 1 3 78 94 109 31
E Space -3 -1 94 78 78 -16
Space N 1 -2 78 78 187 109
N E 2 3 78 93 32 -46
E W 0 1 93 78 202 109
W OemPeriod -2 -7 78 63 2262 2184
OemPeriod Space -1 5 63 78 203 140
Space LShiftKey 1 4 78 328 109 31
LShiftKey R 2 -4 328 62 219 -109
R I 0 -4 62 78 296 234
I G -1 3 78 78 234 156
G H 0 -1 78 93 172 94
H T 1 1 93 62 187 94
T Space -3 1 62 94 187 125
Space N 1 -2 94 109 219 125
N O 2 -3 109 140 62 -47
O W 0 7 140 78 172 32
W Space -3 -2 78 94 483 405
Space T 3 -1 94 78 328 234
T H -1 -1 78 78 187 109
H E 1 3 78 78 109 31
E Space -3 -1 78 78 78 0
Space N 1 -2 78 78 187 109
N E 2 3 78 109 94 16
E W 0 1 109 78 390 281
W Space -3 -2 78 62 234 156
Space I 3 -4 62 93 203 141
I S -1 6 93 78 187 94
S Space -2 -2 78 78 156 78
Space Y 3 -2 78 78 936 858
Y O 0 -3 78 172 218 140
O U 0 2 172 124 110 -62
U Oemcomma -2 -1 124 140 1014 890
Oemcomma Space -1 4 140 141 93 -47
Space B 1 -1 141 109 281 140
B U 2 -2 109 125 78 -31
U T 0 2 125 78 265 140
T Space -3 1 78 62 843 765
Space S 2 2 62 93 265 203
S O 1 -7 93 156 93 0
O M -2 2 156 109 94 -62
M E 2 4 109 78 125 16
E D -1 0 78 78 452 374
D A 0 2 78 94 265 187
A Y 1 -5 94 78 156 62
Y Space -3 2 78 78 1077 999
Space N 1 -2 78 156 343 265
N O 2 -3 156 109 94 -62
O T 0 4 109 93 312 203
T Space -3 1 93 109 187 94
Space T 3 -1 109 94 140 31
T O 0 -4 94 78 109 15
O O 0 0 78 63 156 78
O Space -3 5 63 62 188 125
Space L 2 -5 62 94 171 109
L O 1 0 94 172 187 93
O N -2 3 172 125 125 -47
N F 1 2 125 62 437 312
F Space -2 0 62 62 172 110
Space Back 4 -9 62 78 390 328
Back Back 0 0 78 78 171 93
Back G -2 8 78 109 156 78
G Space -2 1 109 62 250 141
Space F 2 0 62 78 437 375
F R 1 0 78 47 202 124
R O 0 -5 47 78 110 63
O M -2 2 78 156 46 -32
M Space -1 3 156 78 297 141
Space N 1 -2 78 124 203 125
N O 2 -3 124 124 78 -46
O W 0 7 124 78 140 16
W Oemcomma -2 -6 78 156 2480 2402
Oemcomma Space -1 4 156 109 110 -46
Space Y 3 -2 109 46 312 203
Y O 0 -3 46 94 218 172
O U 0 2 94 125 47 -47
U Space -3 3 125 109 296 171
Space W 3 2 109 110 109 0
W I 0 -6 110 78 156 46
I L -1 -1 78 265 203 125
L Oem1 0 -1 265 63 1825 1560
Oem1 Back 2 -3 63 94 515 452
Back L -2 4 94 78 359 265
L Space -2 5 78 109 172 94
Space G 2 -1 109 62 686 577
G R 1 1 62 62 203 141
R A -1 3 62 78 140 78
A D 0 -2 78 63 78 0
D U 1 -4 63 78 250 187
U A -1 6 78 78 156 78
A L 0 -8 78 93 125 47
L L 0 0 93 62 156 63
L Y 1 3 62 78 249 187
Y Space -3 2 78 78 250 172
Space B 1 -1 78 93 3588 3510
B E 2 2 93 110 93 0
E C -2 0 110 62 874 764
C O 2 -6 62 140 281 219
O M -2 2 140 109 78 -62
M E 2 4 109 94 140 31
E Space -3 -1 94 78 109 15
Space O 3 -5 78 78 156 78
O L -1 0 78 78 188 110
L D 0 6 78 93 109 31
D Space -2 -1 93 93 203 110
Space A 2 3 93 109 546 453
A N -1 -5 109 94 140 31
N D 1 3 94 94 140 46
D Space -2 -1 94 93 110 16
Space B 1 -1 93 78 249 156
B E 2 2 78 110 109 31
E Space -3 -1 110 62 110 0
Space C 1 1 62 63 202 140
C L 1 -6 63 47 281 218
L E 1 6 47 78 63 16
E A -1 2 78 125 249 171
A R 1 -3 125 94 125 0
R E 0 1 94 78 1279 1185
E D -1 0 78 62 172 94
D E 1 0 62 15 125 63
E Space -3 -1 15 93 468 453
Space Back 4 -9 93 94 764 671
Back Back 0 0 94 63 187 93
Back Space -4 9 63 78 328 265
Space A 2 3 78 109 156 78
A W 1 -1 109 78 234 125
W A -1 1 78 78 203 125
A Y 1 -5 78 78 124 46
Y OemPeriod -2 -3 78 63 1139 1061
OemPeriod Space -1 5 63 62 219 156
Space LShiftKey 1 4 62 110 124 62
LShiftKey S 1 -2 110 141 47 -63
S O 1 -7 141 78 141 0
O R 0 5 78 63 249 171
R R 0 0 63 78 156 93
R Y 0 -2 78 62 94 16
Y Space -3 2 62 93 234 172
Space T 3 -1 93 78 733 640
T O 0 -4 78 63 140 62
O Space -3 5 63 78 203 140
Space B 1 -1 78 78 234 156
B E 2 2 78 78 141 63
E Space -3 -1 78 94 93 15
Space S 2 2 94 93 172 78
S O 1 -7 93 93 78 -15
O Space -3 5 93 78 218 125
Space D 2 1 78 78 1045 967
D R 1 -1 78 78 188 110
R A -1 3 78 109 156 78
A M -1 -6 109 78 218 109
M A 1 6 78 93 484 406
A T 1 -4 93 78 218 125
T O 0 -4 78 94 296 218
O C -2 6 94 94 125 31
C Back 3 -10 94 78 999 905
Back Back 0 0 78 62 156 78
Back I -1 5 62 78 265 203
I C -2 5 78 141 62 -16
C Oemcomma 0 -5 141 172 1326 1185
Oemcomma Space -1 4 172 140 125 -47
Space B 1 -1 140 109 328 188
B U 2 -2 109 109 62 -47
U T 0 2 109 78 172 63
T Space -3 1 78 93 78 0
Space I 3 -4 93 78 171 78
I T 0 3 78 94 109 31
T Space -3 1 94 78 141 47
Space I 3 -4 78 78 717 639
I S -1 6 78 94 125 47
S Space -2 -2 94 78 141 47
Space Q 3 3 78 94 171 93
Q U 0 -6 94 63 156 62
U I 0 -1 63 78 156 93
I T 0 3 78 78 234 156
T E 0 2 78 78 109 31
E Space -3 -1 78 94 125 47
Space T 3 -1 94 78 219 125
T R 0 1 78 78 124 46
R U 0 -3 78 78 141 63
U E 0 4 78 93 156 78
E OemPeriod -2 -6 93 78 249 156
OemPeriod Space -1 5 78 78 219 141
Space Return 2 -8 78 62 1217 1139
Return LShiftKey -1 12 62 219 1060 998
LShiftKey Y 2 -6 219 62 172 -47
Y O 0 -3 62 172 218 156
O U 0 2 172 109 110 -62
U R 0 3 109 94 140 31
R Space -3 0 94 93 203 109
Space T 3 -1 93 93 780 687
T I 0 -3 93 125 109 16
I M -2 1 125 94 78 -47
M E 2 4 94 93 125 31
E Space -3 -1 93 78 109 16
Space I 3 -4 78 62 172 94
I S -1 6 62 78 124 62
S Space -2 -2 78 78 125 47
Space L 2 -5 78 78 203 125
L I 1 1 78 62 203 125
I M -2 1 62 110 171 109
M I 2 -1 110 78 156 46
I T 0 3 78 62 250 172
T E 0 2 62 78 62 0
E D -1 0 78 63 234 156
D Oemcomma -1 -5 63 125 1108 1045
Oemcomma Space -1 4 125 94 78 -47
Space S 2 2 94 141 343 249
S O 1 -7 141 62 203 62
O Space -3 5 62 94 218 156
Space D 2 1 94 78 125 31
D O 1 -6 78 94 125 47
O N -2 3 94 94 187 93
N Oem7 1 -5 94 93 1030 936
Oem7 T 1 6 93 93 125 32
T Space -3 1 93 94 202 109
Space W 3 2 94 62 812 718
W A -1 1 62 94 218 156
A S 0 -1 94 78 203 109
S T 1 -3 78 78 140 62
T E 0 2 78 93 94 16
E Space -3 -1 93 94 187 94
Space I 3 -4 94 78 218 124
I T 0 3 78 94 203 125
T Space -3 1 94 94 156 62
Space L 2 -5 94 93 718 624
L I 1 1 93 93 234 141
I V -2 4 93 94 265 172
V I 2 -4 94 156 312 218
I N -2 2 156 109 94 -62
N G 1 1 109 78 140 31
G Space -2 1 78 78 140 62
Space O 3 -5 78 188 234 156
O N -2 3 188 124 110 -78
N Back 3 -7 124 94 842 718
Back Back 0 0 94 93 172 78
Back S -2 11 93 78 717 624
S O 1 -7 78 156 94 16
O M -2 2 156 94 109 -47
M E 2 4 94 62 156 62
E O 0 -6 62 47 140 78
O O 0 0 47 78 188 141
O N -2 3 78 93 187 109
N Back 3 -7 93 93 671 578
Back Back 0 0 93 78 171 78
Back N -3 7 78 94 515 437
N E 2 3 94 94 140 46
E Space -3 -1 94 78 1467 1373
Space E 3 1 78 93 234 156
E L -1 -6 93 93 125 32
L S 0 7 93 141 202 109
S E 1 -1 141 78 344 203
E Oem7 -1 -8 78 63 795 717
Oem7 S 0 9 63 94 125 62
S Space -2 -2 94 78 187 93
Space L 2 -5 78 78 172 94
L I 1 1 78 62 203 125
I F -1 4 62 78 265 203
F E 1 1 78 78 78 0
E OemPeriod -2 -6 78 78 998 920
OemPeriod Space -1 5 78 78 219 141
Space LShiftKey 1 4 78 421 78 0
LShiftKey D 1 -3 421 63 280 -141
D O 1 -6 63 140 328 265
O N -2 3 140 109 94 -46
N Oem7 1 -5 109 78 592 483
Oem7 T 1 6 78 93 110 32
T Space -3 1 93 94 202 109
Space B 1 -1 94 62 609 515
B E 2 2 62 78 125 63
E Space -3 -1 78 78 171 93
Space T 3 -1 78 78 811 733
T R 0 1 78 94 172 94
R A -1 3 94 110 140 46
A P 1 -9 110 78 250 140
P P 0 0 78 62 172 94
P E 0 7 62 93 78 16
E D -1 0 93 78 234 141
D Space -2 -1 78 78 156 78
Space B 1 -1 78 125 592 514
B Y 2 -1 125 109 63 -62
Y Space -3 2 109 78 218 109
Space A 2 3 78 94 125 47
A Space -2 -3 94 78 109 15
Space D 2 1 78 63 187 109
D O 1 -6 63 94 125 62
O G -1 4 94 47 1014 920
G M -1 -2 47 94 281 234
M A 1 6 94 78 234 140
A Space -2 -3 78 63 655 577
Space OemMinus 4 -7 63 78 219 156
OemMinus Space -4 7 78 78 234 156
Space W 3 2 78 94 140 62
W H -1 -4 94 78 577 483
H I 1 -2 78 94 203 125
I C -2 5 94 93 172 78
C H 1 -3 93 78 78 -15
H Space -2 2 78 78 234 156
Space O 3 -5 78 62 234 156
O Back 1 -4 62 78 889 827
Back I -1 5 78 78 671 593
I S -1 6 78 78 140 62
S Space -2 -2 78 78 78 0
Space L 2 -5 78 94 156 78
L I 1 1 94 78 218 124
I V -2 4 78 93 188 110
V I 2 -4 93 140 140 47
I N -2 2 140 93 94 -46
N F 1 2 93 110 436 343
F Space -2 0 110 78 578 468
Space W 3 2 78 78 374 296
W I 0 -6 78 94 156 78
I T 0 3 94 63 265 171
T H -1 -1 63 63 203 140
H Space -2 2 63 94 156 93
Space T 3 -1 94 78 203 109
T H -1 -1 78 94 234 156
H E 1 3 94 78 140 46
E Space -3 -1 78 78 172 94
Space R 3 0 78 78 718 640
R E 0 1 78 94 171 93
E S -1 1 94 78 125 31
S U 1 -5 78 78 218 140
U L -1 -2 78 94 250 172
L T 1 4 94 78 281 187
T S -1 3 78 94 93 15
S Space -2 -2 94 78 219 125
Space O 3 -5 78 62 889 811
O F -1 5 62 93 94 32
F Space -2 0 93 78 171 78
Space O 3 -5 78 93 297 219
O T 0 4 93 78 265 172
T H -1 -1 78 78 187 109
H E 1 3 78 94 62 -16
E R 0 -1 94 78 234 140
R Space -3 0 78 63 203 125
Space P 3 -6 63 78 858 795
P E 0 7 78 94 156 78
E O 0 -6 94 93 531 437
O P 0 -1 93 78 218 125
P L -1 1 78 78 187 109
L E 1 6 78 78 733 655
E Oem7 -1 -8 78 62 266 188
Oem7 S 0 9 62 94 171 109
S Space -2 -2 94 94 203 109
Space T 3 -1 94 62 281 187
T H -1 -1 62 78 171 109
H I 1 -2 78 109 219 141
I N -2 2 109 141 93 -16
N K 1 -2 141 93 219 78
K I 1 0 93 125 218 125
I N -2 2 125 140 63 -62
N G 1 1 140 62 265 125
G OemPeriod -1 -4 62 94 1263 1201
OemPeriod Space -1 5 94 94 7223 7129
Space LShiftKey 1 4 94 203 250 156
LShiftKey D 1 -3 203 78 93 -110
D O 1 -6 78 156 344 266
O N -2 3 156 109 93 -63
N Oem7 1 -5 109 93 375 266
Oem7 T 1 6 93 78 140 47
T Space -3 1 78 94 156 78
Space L 2 -5 94 94 218 124
L E 1 6 94 93 110 16
E T 0 -2 93 78 249 156
T Space -3 1 78 93 172 94
Space T 3 -1 93 63 1466 1373
T H -1 -1 63 78 187 124
H E 1 3 78 94 94 16
E Space -3 -1 94 109 109 15
Space N 1 -2 109 78 265 156
N O 2 -3 78 125 203 125
O I 0 1 125 109 78 -47
I S -1 6 109 78 156 47
S E 1 -1 78 62 203 125
E Space -3 -1 62 78 78 16
Space O 3 -5 78 78 187 109
O F -1 5 78 94 109 31
F Space -2 0 94 78 156 62
Space O 3 -5 78 78 1872 1794
O T 0 4 78 78 281 203
T H -1 -1 78 78 203 125
H E 1 3 78 110 62 -16
E R 0 -1 110 125 219 109
R Oem7 -1 -7 125 94 1123 998
Oem7 Back 2 -2 94 94 1513 1419
Back S -2 11 94 78 484 390
S Oem7 0 -9 78 78 359 281
Oem7 Space -2 7 78 78 249 171
Space O 3 -5 78 62 250 172
O P 0 -1 62 16 218 156
P I 0 2 16 78 187 171
I N -2 2 78 109 172 94
N I 2 -2 109 125 109 0
I O 0 -1 125 78 250 125
O N -2 3 78 94 218 140
N Space -1 2 94 62 1498 1404
Space D 2 1 62 78 203 141
D O 1 -6 78 78 156 78
O Back 1 -4 78 94 514 436
Back R -1 9 94 78 344 250
R O 0 -5 78 78 124 46
O W 0 7 78 93 188 110
W N -2 -4 93 93 156 63
N Space -1 2 93 62 920 827
Space O 3 -5 62 156 764 702
O U 0 2 156 109 94 -62
U T 0 2 109 62 250 141
T Space -3 1 62 78 405 343
Space Y 3 -2 78 63 702 624
Y O 0 -3 63 140 172 109
O U 0 2 140 109 62 -78
U R 0 3 109 78 172 63
R Space -3 0 78 78 171 93
Space O 3 -5 78 63 203 125
O W 0 7 63 109 94 31
W N -2 -4 109 63 140 31
N Space -1 2 63 63 187 124
Space I 3 -4 63 94 156 93
I N -2 2 94 125 63 -31
N N 0 0 125 78 421 296
N E 2 3 78 78 250 172
E R 0 -1 78 62 218 140
R Space -3 0 62 94 140 78
Space V 1 0 94 78 250 156
V O 2 -5 78 94 78 0
O O 0 0 94 31 203 109
O I 0 1 31 78 15 -16
I C -2 5 78 93 297 219
C E 2 0 93 94 109 16
E Back 1 -10 94 63 764 670
Back Back 0 0 63 78 172 109
Back Back 0 0 78 78 156 78
Back Back 0 0 78 62 156 78
Back I -1 5 62 62 546 484
I C -2 5 62 141 140 78
C E 2 0 141 93 422 281
E OemPeriod -2 -6 93 78 171 78
OemPeriod Space -1 5 78 78 1233 1155
Space LShiftKey 1 4 78 156 187 109
LShiftKey A 1 -1 156 93 125 -31
A N -1 -5 93 78 109 16
N D 1 3 78 78 187 109
D Space -2 -1 78 78 125 47
Space M 1 -3 78 109 218 140
M O 2 -2 109 109 63 -46
O S -1 7 109 94 124 15
S T 1 -3 94 78 219 125
T Space -3 1 78 109 187 109
Space I 3 -4 109 141 218 109
I M -2 1 141 141 78 -63
M P 2 -3 141 94 203 62
P O 0 1 94 78 187 93
O R 0 5 78 62 406 328
R T 0 -1 62 78 203 141
T A -1 4 78 78 171 93
A N -1 -5 78 93 188 110
N T 2 1 93 78 249 156
T Oemcomma -2 -3 78 125 4134 4056
Oemcomma Space -1 4 125 109 94 -31
Space H 2 -2 109 78 265 156
H A 0 5 78 93 125 47
A V -1 -3 93 78 109 16
V E 2 1 78 62 172 94
E Space -3 -1 62 78 78 16
Space T 3 -1 78 63 202 124
T H -1 -1 63 78 172 109
H E 1 3 78 78 109 31
E Space -3 -1 78 109 78 0
Space C 1 1 109 94 187 78
C O 2 -6 94 125 94 0
O U 0 2 125 78 94 -31
U R 0 3 78 78 249 171
R G -1 -1 78 62 297 219
G Back 2 -8 62 78 468 406
Back A -2 12 78 110 124 46
A G 0 -4 110 78 188 78
G E 1 2 78 78 93 15
E Space -3 -1 78 15 219 141
Space T 3 -1 15 78 1840 1825
T O 0 -4 78 78 125 47
O Space -3 5 78 78 203 125
Space F 2 0 78 78 140 62
F O 1 -5 78 47 125 47
O L -1 0 47 78 172 125
L L 0 0 78 63 171 93
L O 1 0 63 62 188 125
O W 0 7 62 63 93 31
W Space -3 -2 63 62 203 140
Space Y 3 -2 62 62 312 250
Y O 0 -3 62 94 265 203
O U 0 2 94 93 63 -31
U R 0 3 93 78 1669 1576
R Space -3 0 78 63 218 140
Space H 2 -2 63 63 889 826
H E 1 3 63 47 141 78
E A -1 2 47 125 218 171
A R 1 -3 125 63 156 31
R T 0 -1 63 63 187 124
T H -1 -1 63 93 297 234
H Back 2 -7 93 93 1014 921
Back Space -4 9 93 93 312 219
Space A 2 3 93 109 156 63
A N -1 -5 109 94 109 0
N D 1 3 94 94 187 93
D Space -2 -1 94 78 109 15
Space I 3 -4 78 156 188 110
I N -2 2 156 125 109 -47
N T 2 1 125 78 218 93
T U 0 -2 78 78 125 47
U I 0 -1 78 94 218 140
I T 0 3 94 78 422 328
T I 0 -3 78 156 358 280
I O 0 -1 156 156 63 -93
O N -2 3 156 94 343 187
N OemPeriod 0 -3 94 47 577 483
OemPeriod Space -1 5 47 78 203 156
Space LShiftKey 1 4 78 234 1310 1232
LShiftKey T 2 -5 234 78 172 -62
T H -1 -1 78 94 187 109
H E 1 3 94 63 109 15
E Y 0 -3 63 62 110 47
Y Space -3 2 62 110 202 140
Space S 2 2 110 94 156 46
S O 1 -7 94 141 78 -16
O M -2 2 141 110 78 -63
M E 2 4 110 78 125 15
E H -1 -3 78 78 234 156
H O 1 -3 78 94 203 125
O W 0 7 94 78 125 31
W Space -3 -2 78 94 187 109
Space A 2 3 94 78 3822 3728
A L 0 -8 78 93 125 47
L R 1 5 93 63 374 281
R E 0 1 63 94 156 93
E A -1 2 94 109 141 47
A D 0 -2 109 62 78 -31
D Y 1 -3 62 78 218 156
Y Space -3 2 78 93 250 172
Space K 2 -4 93 125 202 109
K N -1 2 125 140 94 -31
N O 2 -3 140 94 234 94
O W 0 7 94 78 156 62
W Space -3 -2 78 93 172 94
Space W 3 2 93 93 156 63
W H -1 -4 93 94 171 78
H A 0 5 94 78 125 31
A T 1 -4 78 78 172 94
T Space -3 1 78 93 343 265
Space Y 3 -2 93 78 811 718
Y O 0 -3 78 141 187 109
O U 0 2 141 109 63 -78
U Space -3 3 109 94 280 171
Space T 3 -1 94 78 219 125
T R 0 1 78 78 125 47
R U 0 -3 78 78 109 31
U T 0 2 78 31 234 156
T Back 1 -8 31 94 405 374
Back L -2 4 94 78 266 172
L Y 1 3 78 78 93 15
Y Space -3 2 78 78 187 109
Space W 3 2 78 93 188 110
W A -1 1 93 109 234 141
A N -1 -5 109 78 171 62
N T 2 1 78 62 172 94
T Space -3 1 62 78 109 47
Space T 3 -1 78 62 125 47
T O 0 -4 62 78 125 63
O Space -3 5 78 94 249 171
Space B 1 -1 94 93 250 156
B E 2 2 93 94 109 16
E C -2 0 94 78 203 109
C A 1 2 78 62 156 78
A O 1 -8 62 140 187 125
O M -2 2 140 109 94 -46
M E 2 4 109 62 156 47
E OemPeriod -2 -6 62 78 1045 983
OemPeriod Space -1 5 78 94 218 140
Space LShiftKey 1 4 94 250 125 31
LShiftKey E 2 -3 250 156 218 -32
E Back 1 -10 156 109 1358 1202
Back Back 0 0 109 93 187 78
Back Back 0 0 93 94 171 78
Back Back 0 0 94 109 141 47
Back Back 0 0 109 109 140 31
Back Back 0 0 109 78 187 78
Back Back 0 0 78 78 172 94
Back O -1 4 78 141 686 608
O M -2 2 141 125 78 -63
M E 2 4 125 78 125 0
E OemPeriod -2 -6 78 93 172 94
OemPeriod Space -1 5 93 94 218 125
Space LShiftKey 1 4 94 187 125 31
LShiftKey E 2 -3 187 125 140 -47
E V -2 -1 125 93 63 -62
V E 2 1 93 93 156 63
E R 0 -1 93 78 93 0
R Y 0 -2 78 62 219 141
Y T 0 1 62 63 171 109
T H -1 -1 63 94 156 93
H I 1 -2 94 171 188 94
I N -2 2 171 110 124 -47
N G 1 1 110 93 63 -47
G Space -2 1 93 62 187 94
Space E 3 1 62 93 437 375
E L -1 -6 93 78 171 78
L S 0 7 78 62 110 32
S E 1 -1 62 78 187 125
E Space -3 -1 78 93 125 47
Space I 3 -4 93 31 249 156
I S -1 6 31 141 156 125
S Space -2 -2 141 94 437 296
Space S 2 2 94 47 390 296
S E 1 -1 47 93 172 125
E C -2 0 93 94 249 156
C O 2 -6 94 156 141 47
O N -2 3 156 109 93 -63
N D 1 3 109 78 343 234
D A 0 2 78 94 94 16
A R 1 -3 94 78 234 140
R Y 0 -2 78 78 203 125
Y OemQuestion -2 -4 78 78 1201 1123
OemQuestion Back 3 -3 78 94 530 452
Back OemPeriod -3 4 94 78 562 468
OemPeriod Space -1 5 78 63 218 140
Space Return 2 -8 63 109 2153 2090
Return LShiftKey -1 12 109 219 1560 1451
LShiftKey S 1 -2 219 93 172 -47
S T 1 -3 93 78 187 94
T A -1 4 78 78 140 62
A Y 1 -5 78 78 63 -15
Y Space -3 2 78 109 218 140
Space H 2 -2 109 62 250 141
H U 1 -1 62 141 171 109
U N -2 1 141 109 110 -31
N G 1 1 109 63 436 327
G R 1 1 63 78 141 78
R Y 0 -2 78 78 281 203
Y OemPeriod -2 -3 78 62 1014 936
OemPeriod Space -1 5 62 94 202 140
Space LShiftKey 1 4 94 172 172 78
LShiftKey S 1 -2 172 109 109 -63
S T 1 -3 109 62 94 -15
T A -1 4 62 78 187 125
A R 1 -3 78 93 47 -31
R T 0 -1 93 78 249 156
T Space -3 1 78 94 312 234
Space Back 4 -9 94 78 1498 1404
Back Back 0 0 78 78 203 125
Back Back 0 0 78 78 156 78
Back Back 0 0 78 78 171 93
Back Back 0 0 78 593 125 47
Back Back 0 0 593 78 811 218
Back Back 0 0 78 78 172 94
Back Back 0 0 78 78 172 94
Back Back 0 0 78 78 156 78
Back Back 0 0 78 93 156 78
Back Back 0 0 93 94 171 78
Back LShiftKey -3 13 94 281 499 405
LShiftKey H 1 -6 281 78 203 -78
H U 1 -1 78 94 156 78
U N -2 1 94 109 172 78
N G 1 1 109 78 234 125
G R 1 1 78 78 187 109
R Y 0 -2 78 78 156 78
Y OemPeriod -2 -3 78 62 952 874
OemPeriod Space -1 5 62 93 187 125
Space LShiftKey 1 4 93 156 140 47
LShiftKey S 1 -2 156 109 125 -31
S T 1 -3 109 47 187 78
T A -1 4 47 78 187 140
A Y 1 -5 78 62 141 63
Y Space -3 2 62 78 312 250
Space LShiftKey 1 4 78 234 187 109
LShiftKey F 1 -4 234 78 141 -93
F O 1 -5 78 94 296 218
O O 0 0 94 47 187 93
O L -1 0 47 78 156 109
L I 1 1 78 62 219 141
I S -1 6 62 63 124 62
S H 0 -4 63 78 624 561
H OemPeriod -1 -3 78 78 1014 936
OemPeriod Space -1 5 78 78 203 125
Space LShiftKey 1 4 78 187 141 63
LShiftKey T 2 -5 187 32 124 -63
T H -1 -1 32 78 172 140
H A 0 5 78 94 156 78
A N -1 -5 94 141 109 15
N K 1 -2 141 93 219 78
K Space -2 4 93 63 280 187
Space Y 3 -2 63 63 312 249
Y O 0 -3 63 188 156 93
O U 0 2 188 124 110 -78
U Space -3 3 124 94 327 203
Space A 2 3 94 109 156 62
A L 0 -8 109 94 109 0
L L 0 0 94 62 172 78
L Space -2 5 62 94 234 172
Space V 1 0 94 78 328 234
V E 2 1 78 78 109 31
E R 0 -1 78 78 156 78
R Y 0 -2 78 125 249 171
Y Space -3 2 125 94 359 234
Space M 1 -3 94 94 577 483
M U 2 0 94 62 250 156
U C -2 4 62 78 172 110
C H 1 -3 78 63 327 249
H OemPeriod -1 -3 63 62 2403 2340
OemPeriod Space -1 5 62 32 280 218
Space S 2 2 32 125 1498 1466
S S 0 0 125 109 20686 20561
