D4 D8 0 -4 124 109 296 172
D8 D4 0 4 109 109 359 250
D4 D6 0 -2 109 93 234 125
D6 Return -2 -6 93 94 967 874
Return LShiftKey -1 12 94 234 49483 49389
LShiftKey M 0 -7 234 94 156 -78
M Y 2 1 94 78 234 140
Y Space -3 2 78 125 187 109
Space T 3 -1 125 109 188 63
T H -1 -1 109 109 62 -47
H I 1 -2 109 110 218 109
I R 0 4 110 46 188 78
R D -1 1 46 125 202 156
D Space -2 -1 125 125 141 16
Space S 2 2 125 109 218 93
S T 1 -3 109 78 141 32
T O 0 -4 78 140 234 156
O R 0 5 140 125 249 109
R Y 0 -2 125 62 94 -31
Y Space -3 2 62 110 171 109
Space I 3 -4 110 78 219 109
I S -1 6 78 94 93 15
S Space -2 -2 94 94 125 31
Space A 2 3 94 124 219 125
A B -1 -4 124 94 124 0
B O 2 -4 94 93 968 874
O U 0 2 93 93 234 141
U T 0 2 93 109 93 0
T Space -3 1 109 109 141 32
Space D 2 1 109 78 234 125
D E 1 0 78 93 312 234
E A -1 2 93 110 280 187
A T 1 -4 110 78 172 62
T H -1 -1 78 93 172 94
H OemPeriod -1 -3 93 109 2589 2496
OemPeriod Return 1 -3 109 110 468 359
Return LShiftKey -1 12 110 358 1982 1872
LShiftKey W 2 -2 358 156 249 -109
W H -1 -4 156 94 234 78
H E 1 3 94 109 94 0
E N -2 -3 109 78 109 0
N Space -1 2 78 93 172 94
Space LShiftKey 1 4 93 218 296 203
LShiftKey I 2 -8 218 62 125 -93
I Space -3 4 62 109 187 125
Space W 3 2 109 94 140 31
W A -1 1 94 93 219 125
A S 0 -1 93 110 171 78
S Space -2 -2 110 94 94 -16
Space D1 4 3 94 124 562 468
D1 D7 0 -6 124 109 109 -15
D7 Oemcomma -3 -1 109 94 1622 1513
Oemcomma Space -1 4 94 110 187 93
Space LShiftKey 1 4 110 187 172 62
LShiftKey I 2 -8 187 78 125 -62
I Space -3 4 78 109 203 125
Space R 3 0 109 110 280 171
R E 0 1 110 78 156 46
E A -1 2 78 140 266 188
A D 0 -2 140 78 187 47
D Space -2 -1 78 93 203 125
Space A 2 3 93 94 795 702
A Space -2 -3 94 78 141 47
Space Q 3 3 78 110 670 592
Q U 0 -6 110 172 156 46
U O 0 -2 172 93 297 125
O T 0 4 93 78 265 172
T E 0 2 78 93 94 16
E Space -3 -1 93 78 93 0
Space T 3 -1 78 78 203 125
T H -1 -1 78 62 172 94
H A 0 5 62 93 78 16
A T 1 -4 93 78 78 -15
T Space -3 1 78 78 1357 1279
Space W 3 2 78 93 671 593
W E 0 -1 93 93 187 94
E N -2 -3 93 78 187 94
N T 2 1 78 109 78 0
T Space -3 1 109 109 109 0
Space S 2 2 109 125 250 141
S O 1 -7 125 78 125 0
O M -2 2 78 109 171 93
M E 2 4 109 93 94 -15
E T 0 -2 93 93 203 110
T I 0 -3 93 78 296 203
I Back 1 -5 78 140 468 390
Back H -2 7 140 78 686 546
H I 1 -2 78 63 234 156
I N -2 2 63 78 172 109
N G 1 1 78 94 78 0
G Space -2 1 94 109 78 -16
Space L 2 -5 109 78 250 141
L I 1 1 78 78 202 124
I K -1 0 78 94 156 78
K E 1 5 94 125 905 811
E RShiftKey -2 -8 125 312 1669 1544
RShiftKey Oem1 1 1 312 125 203 -109
Oem1 Space -2 6 125 93 250 125
Space RShiftKey 1 -7 93 702 265 172
RShiftKey Oem7 1 0 702 109 421 -281
Oem7 LShiftKey -1 11 109 218 718 609
LShiftKey I 2 -8 218 94 171 -47
I F -1 4 94 109 328 234
F Space -2 0 109 94 140 31
Space Y 3 -2 94 124 266 172
Y O 0 -3 124 109 171 47
O U 0 2 109 93 63 -46
U Space -3 3 93 110 436 343
Space L 2 -5 110 78 624 514
L I 1 1 78 78 234 156
I V -2 4 78 78 297 219
V E 2 1 78 94 62 -16
E Space -3 -1 94 94 109 15
Space E 3 1 94 125 172 78
E A -1 2 125 125 281 156
A C -1 -2 125 125 296 171
C H 1 -3 125 78 141 16
H Space -2 2 78 109 187 109
Space D 2 1 109 109 187 78
D A 0 2 109 125 468 359
A Y 1 -5 125 78 936 811
Y Space -3 2 78 109 203 125
Space A 2 3 109 109 187 78
A S 0 -1 109 94 187 78
S Space -2 -2 94 93 94 0
Space I 3 -4 93 78 920 827
I F -1 4 78 93 63 -15
F Space -2 0 93 109 140 47
Space I 3 -4 109 93 593 484
I T 0 3 93 78 281 188
T Space -3 1 78 110 202 124
Space W 3 2 110 94 94 -16
W A -1 1 94 63 218 124
A S 0 -1 63 94 172 109
S Space -2 -2 94 62 156 62
Space Y 3 -2 62 125 749 687
Y O 0 -3 125 109 312 187
O U 0 2 109 78 249 140
U R 0 3 78 124 110 32
R Space -3 0 124 109 109 -15
Space L 2 -5 109 156 265 156
L A 0 8 156 94 140 -16
A S 0 -1 94 124 188 94
S T 1 -3 124 62 109 -15
T Space -3 1 62 93 203 141
Space Back 4 -9 93 93 1638 1545
Back OemPeriod -3 4 93 78 842 749
OemPeriod Space -1 5 78 125 203 125
Space S 2 2 125 109 234 109
S O 1 -7 109 78 125 16
O M -2 2 78 109 171 93
M E 2 4 109 110 109 0
E D -1 0 110 94 250 140
D A 0 2 94 110 296 202
A Y 1 -5 110 109 172 62
Y Space -3 2 109 93 484 375
Space Y 3 -2 93 110 2074 1981
Y O 0 -3 110 93 297 187
O U 0 2 93 78 234 141
U Space -3 3 78 93 203 125
Space Back 4 -9 93 141 405 312
Back Oem7 -2 2 141 109 312 171
Oem7 L 0 2 109 78 1061 952
L L 0 0 78 94 156 78
L Space -2 5 94 110 218 124
Space M 1 -3 110 63 671 561
M O 2 -2 63 78 219 156
O S -1 7 78 125 93 15
S T 1 -3 125 78 172 47
T Space -3 1 78 78 203 125
Space C 1 1 78 78 218 140
C E 2 0 78 109 94 16
E R 0 -1 109 109 93 -16
R T 0 -1 109 47 265 156
T A -1 4 47 110 78 31
A I 1 -7 110 78 172 62
I N -2 2 78 78 187 109
N L 1 -3 78 94 234 156
L Y 1 3 94 78 265 171
Y Space -3 2 78 94 203 125
Space B 1 -1 94 78 203 109
B E 2 2 78 109 94 16
E Space -3 -1 109 78 93 -16
Space R 3 0 78 125 328 250
R I 0 -4 125 94 109 -16
I G -1 3 94 94 218 124
G H 0 -1 94 94 172 78
H T 1 1 94 109 109 15
T OemPeriod -2 -4 109 78 2621 2512
OemPeriod RShiftKey 0 -2 78 405 328 250
RShiftKey Oem7 1 0 405 140 234 -171
Oem7 Space -2 7 140 93 1435 1295
Space LShiftKey 1 4 93 406 1263 1170
LShiftKey I 2 -8 406 109 359 -47
I T 0 3 109 78 312 203
T Space -3 1 78 109 203 125
Space M 1 -3 109 172 265 156
M A 1 6 172 125 78 -94
A D 0 -2 125 94 234 109
D E 1 0 94 109 172 78
E Space -3 -1 109 109 140 31
Space A 2 3 109 94 203 94
A N -1 -5 94 78 94 0
N Space -1 2 78 78 187 109
Space I 3 -4 78 78 561 483
I M -2 1 78 93 188 110
M P 2 -3 93 94 249 156
P R 0 6 94 109 312 218
R E 0 1 109 93 219 110
E S -1 1 93 63 280 187
S S 0 0 63 94 156 93
S I 1 -6 94 109 125 31
I O 0 -1 109 78 187 78
O N -2 3 78 62 188 110
N Space -1 2 62 93 156 94
Space O 3 -5 93 78 249 156
O N -2 3 78 94 187 109
N Space -1 2 94 93 188 94
Space M 1 -3 93 93 187 94
M E 2 4 93 125 93 0
E Oemcomma -2 -5 125 78 1950 1825
Oemcomma Space -1 4 78 140 219 141
Space A 2 3 140 125 249 109
A N -1 -5 125 78 110 -15
N D 1 3 78 110 124 46
D Space -2 -1 110 78 78 -32
Space S 2 2 78 125 1326 1248
S I 1 -6 125 16 156 31
I N -2 2 16 109 141 125
N C 0 3 109 109 203 94
C E 2 0 109 125 202 93
E Space -3 -1 125 93 141 16
Space T 3 -1 93 94 608 515
T H -1 -1 94 93 219 125
H E 1 3 93 93 109 16
E N -2 -3 93 94 93 0
N Oemcomma 0 -2 94 78 281 187
Oemcomma Space -1 4 78 93 172 94
Space F 2 0 93 141 1185 1092
F O 1 -5 141 78 110 -31
O R 0 5 78 109 109 31
R Space -3 0 109 110 93 -16
Space T 3 -1 110 94 780 670
T H -1 -1 94 94 203 109
H E 1 3 94 125 94 0
E Space -3 -1 125 94 109 -16
Space P 3 -6 94 125 499 405
P A -1 9 125 94 109 -16
A S 0 -1 94 109 203 109
S T 1 -3 109 93 94 -15
T Space -3 1 93 94 249 156
Space D3 4 1 94 94 718 624
D3 D3 0 0 94 109 172 78
D3 Space -4 -1 109 78 249 140
Space Y 3 -2 78 93 843 765
Y E 0 3 93 109 109 16
E A -1 2 109 110 249 140
A R 1 -3 110 62 94 -16
R S -1 2 62 94 156 94
S Oemcomma -1 -6 94 93 12262 12168
Oemcomma Space -1 4 93 93 234 141
Space LShiftKey 1 4 93 219 249 156
LShiftKey I 2 -8 219 94 109 -110
I Space -3 4 94 94 203 109
Space H 2 -2 94 94 234 140
H A 0 5 94 109 94 0
A V -1 -3 109 93 78 -31
V E 2 1 93 125 109 16
E Space -3 -1 125 93 94 -31
Space L 2 -5 93 110 748 655
L O 1 0 110 93 219 109
O O 0 0 93 78 171 78
O K -1 1 78 109 172 94
K E 1 5 109 78 140 31
E D -1 0 78 78 188 110
D Space -2 -1 78 63 124 46
Space I 3 -4 63 62 1701 1638
I N -2 2 62 78 171 109
N Space -1 2 78 94 156 78
Space T 3 -1 94 78 266 172
T H -1 -1 78 93 156 78
H E 1 3 93 109 93 0
E Space -3 -1 109 109 94 -15
Space M 1 -3 109 78 218 109
M I 2 -1 78 125 203 125
I R 0 4 125 78 203 78
R R 0 0 78 93 156 78
R I 0 -4 93 110 93 0
I R 0 4 110 125 172 62
R Back 1 -9 125 78 718 593
Back Back 0 0 78 93 156 78
Back O -1 4 93 78 1341 1248
O R 0 5 78 125 94 16
R Space -3 0 125 109 125 0
Space E 3 1 109 109 2480 2371
E V -2 -1 109 109 125 16
V E 2 1 109 109 109 0
E R 0 -1 109 78 140 31
R Y 0 -2 78 78 203 125
Y Space -3 2 78 78 203 125
Space M 1 -3 78 78 920 842
M O 2 -2 78 93 188 110
O R 0 5 93 110 202 109
R N -2 -2 110 94 125 15
N I 2 -2 94 62 203 109
I N -2 2 62 78 156 94
N G 1 1 78 94 31 -47
G Space -2 1 94 140 125 31
Space A 2 3 140 109 187 47
A N -1 -5 109 78 94 -15
N D 1 3 78 94 109 31
D Space -2 -1 94 94 62 -32
Space A 2 3 94 94 203 109
A S 0 -1 94 109 172 78
S K 0 -6 109 78 203 94
K E 1 5 78 78 124 46
E D -1 0 78 94 172 94
D Space -2 -1 94 62 156 62
Space M 1 -3 62 78 1061 999
M Y 2 1 78 94 218 140
Y S -1 4 94 109 172 78
S E 1 -1 109 124 203 94
E L -1 -6 124 93 109 -15
L F 0 5 93 94 140 47
F RShiftKey -1 -7 94 343 796 702
RShiftKey Oem1 1 1 343 94 249 -94
Oem1 Space -2 6 94 78 234 140
Space RShiftKey 1 -7 78 406 234 156
RShiftKey Oem7 1 0 406 109 250 -156
Oem7 LShiftKey -1 11 109 312 530 421
LShiftKey I 2 -8 312 94 234 -78
I F -1 4 94 109 328 234
F Space -2 0 109 78 203 94
Space T 3 -1 78 109 920 842
T O 0 -4 109 93 141 32
O D -1 6 93 109 265 172
D A 0 2 109 94 265 156
A Y 1 -5 94 63 109 15
Y Space -3 2 63 78 203 140
Space W 3 2 78 109 1170 1092
W E 0 -1 109 110 218 109
E R 0 -1 110 62 188 78
R E 0 1 62 93 78 16
E Space -3 -1 93 93 109 16
Space T 3 -1 93 94 218 125
T H -1 -1 94 78 187 93
H E 1 3 78 78 78 0
E Space -3 -1 78 94 94 16
Space L 2 -5 94 94 842 748
L A 0 8 94 78 94 0
A S 0 -1 78 109 156 78
S T 1 -3 109 63 109 0
T Space -3 1 63 94 203 140
Space D 2 1 94 125 47 -47
D A 0 2 125 93 312 187
A Y 1 -5 93 78 125 32
Y Space -3 2 78 94 218 140
Space O 3 -5 94 94 998 904
O F -1 5 94 93 141 47
F Space -2 0 93 94 109 16
Space M 1 -3 94 78 234 140
M Y 2 1 78 78 234 156
Y Space -3 2 78 125 203 125
Space L 2 -5 125 78 327 202
L I 1 1 78 93 188 110
I F -1 4 93 125 202 109
F E 1 1 125 94 250 125
E Oemcomma -2 -5 94 93 1342 1248
Oemcomma Space -1 4 93 140 203 110
Space W 3 2 140 110 280 140
W O 0 -7 110 78 94 -16
O U 0 2 78 78 203 125
U L -1 -2 78 62 187 109
L D 0 6 62 94 109 47
D Space -2 -1 94 93 63 -31
Space LShiftKey 1 4 93 172 171 78
LShiftKey I 2 -8 172 78 78 -94
I Space -3 4 78 93 219 141
Space W 3 2 93 93 2106 2013
W A -1 1 93 93 234 141
A N -1 -5 93 78 140 47
N T 2 1 78 109 109 31
T Space -3 1 109 124 63 -46
Space T 3 -1 124 93 265 141
T O 0 -4 93 78 93 0
O Space -3 5 78 63 234 156
Space D 2 1 63 109 2606 2543
D O 1 -6 109 63 171 62
O Space -3 5 63 62 219 156
Space W 3 2 62 109 109 47
W H -1 -4 109 156 281 172
H A 0 5 156 141 171 15
A T 1 -4 141 47 203 62
T Space -3 1 47 78 1014 967
Space LShiftKey 1 4 78 296 1264 1186
LShiftKey I 2 -8 296 78 234 -62
I Space -3 4 78 172 218 140
Space A 2 3 172 109 125 -47
A M -1 -6 109 47 140 31
M Space -1 3 47 78 141 94
Space A 2 3 78 93 499 421
A B -1 -4 93 78 171 78
B O 2 -4 78 78 266 188
O U 0 2 78 124 234 156
U T 0 2 124 125 171 47
T Space -3 1 125 78 141 16
Space T 3 -1 78 94 1263 1185
T O 0 -4 94 78 156 62
O Space -3 5 78 109 219 141
Space D 2 1 109 109 156 47
D O 1 -6 109 78 109 0
O Space -3 5 78 125 187 109
Space T 3 -1 125 109 156 31
T O 0 -4 109 93 125 16
O D -1 6 93 109 827 734
D A 0 2 109 110 280 171
A Y 1 -5 110 78 156 46
Y RShiftKey -2 -5 78 1310 1030 952
RShiftKey OemQuestion 0 1 1310 125 827 -483
OemQuestion Oem7 1 -1 125 109 312 187
Oem7 Space -2 7 109 78 1591 1482
Space LShiftKey 1 4 78 265 421 343
LShiftKey A 1 -1 265 93 219 -46
A N -1 -5 93 78 405 312
N D 1 3 78 78 94 16
D Space -2 -1 78 125 78 0
Space W 3 2 125 125 234 109
W H -1 -4 125 94 109 -16
H E 1 3 94 125 452 358
E N -2 -3 125 93 344 219
N E 2 3 93 109 312 219
E V -2 -1 109 94 124 15
V E 2 1 94 94 125 31
E R 0 -1 94 109 219 125
R Space -3 0 109 94 358 249
Space T 3 -1 94 93 1982 1888
T H -1 -1 93 78 187 94
H E 1 3 78 93 78 0
E Space -3 -1 93 110 93 0
Space A 2 3 110 125 250 140
A N -1 -5 125 94 187 62
N S 1 4 94 109 156 62
S W 1 0 109 109 219 110
W E 0 -1 109 78 218 109
E R 0 -1 78 124 172 94
R Space -3 0 124 78 202 78
Space H 2 -2 78 93 1592 1514
H A 0 5 93 78 93 0
A S 0 -1 78 109 172 94
S Space -2 -2 109 78 93 -16
Space B 1 -1 78 109 188 110
B E 2 2 109 78 93 -16
E E 0 0 78 94 156 78
E N -2 -3 94 78 109 15
N Space -1 2 78 109 172 94
Space RShiftKey 1 -7 109 1108 764 655
RShiftKey Oem7 1 0 1108 93 578 -530
Oem7 Oem7 0 0 93 125 124 31
Oem7 Left -2 0 125 109 1654 1529
Left LShiftKey 1 11 109 312 468 359
LShiftKey N 0 -6 312 94 234 -78
N O 2 -3 94 110 374 280
O Right -3 -4 110 125 687 577
Right Space 0 9 125 78 1373 1248
Space F 2 0 78 124 624 546
F O 1 -5 124 63 124 0
O R 0 5 63 109 94 31
R Space -3 0 109 109 109 0
Space T 3 -1 109 78 609 500
T O 0 -4 78 110 124 46
O O 0 0 110 94 172 62
O Space -3 5 94 78 1342 1248
Space M 1 -3 78 78 468 390
M A 1 6 78 109 93 15
A N -1 -5 109 94 109 0
N Y 2 0 94 63 234 140
Y Space -3 2 63 93 188 125
Space D 2 1 93 94 249 156
D A 0 2 94 125 94 0
A Y 1 -5 125 93 312 187
Y S -1 4 93 93 125 32
S Space -2 -2 93 78 124 31
Space I 3 -4 78 78 905 827
I N -2 2 78 78 187 109
N Space -1 2 78 94 172 94
Space A 2 3 94 93 16 -78
A Space -2 -3 93 109 187 94
Space R 3 0 109 109 312 203
R O 0 -5 109 94 109 0
O W 0 7 94 124 172 78
W Oemcomma -2 -6 124 78 1762 1638
Oemcomma Space -1 4 78 93 188 110
Space LShiftKey 1 4 93 172 124 31
LShiftKey I 2 -8 172 78 110 -62
I Space -3 4 78 94 202 124
Space K 2 -4 94 78 203 109
K N -1 2 78 93 172 94
N O 2 -3 93 78 218 125
O W 0 7 78 141 78 0
W Space -3 -2 141 94 1513 1372
Space LShiftKey 1 4 94 203 281 187
LShiftKey I 2 -8 203 78 141 -62
I Space -3 4 78 78 202 124
Space N 1 -2 78 93 188 110
N E 2 3 93 93 109 16
E E 0 0 93 125 171 78
E D -1 0 125 125 328 203
D Space -2 -1 125 47 234 109
Space T 3 -1 47 109 1903 1856
T O 0 -4 109 78 94 -15
O Space -3 5 78 109 203 125
Space C 1 1 109 93 156 47
C H 1 -3 93 78 109 16
H A 0 5 78 109 125 47
A N -1 -5 109 94 46 -63
N G 1 1 94 78 203 109
G E 1 2 78 93 63 -15
E Space -3 -1 93 110 124 31
Space S 2 2 110 124 578 468
S O 1 -7 124 47 140 16
O M -2 2 47 93 172 125
M E 2 4 93 94 93 0
E T 0 -2 94 94 203 109
T H -1 -1 94 94 62 -32
H I 1 -2 94 78 188 94
I N -2 2 78 94 171 93
N G 1 1 94 94 78 -16
G OemPeriod -1 -4 94 109 250 156
OemPeriod Return 1 -3 109 78 1123 1014
Return LShiftKey -1 12 78 328 702 624
LShiftKey R 2 -4 328 94 265 -63
R E 0 1 94 125 203 109
E M -2 -4 125 78 234 109
M E 2 4 78 93 125 47
E M -2 -4 93 78 62 -31
M B 0 2 78 93 297 219
B E 2 2 93 110 124 31
E R 0 -1 110 109 188 78
R I 0 -4 109 78 218 109
I N -2 2 78 78 187 109
N G 1 1 78 78 16 -62
G Space -2 1 78 93 156 78
Space T 3 -1 93 94 2059 1966
T H -1 -1 94 63 187 93
H A 0 5 63 109 94 31
A T 1 -4 109 78 78 -31
T Space -3 1 78 125 171 93
Space LShiftKey 1 4 125 156 188 63
LShiftKey I 2 -8 156 78 62 -94
I Space -3 4 78 109 187 109
Space Oem7 2 -7 109 93 687 578
Oem7 L 0 2 93 78 717 624
L L 0 0 78 94 156 78
L Space -2 5 94 78 359 265
Space Back 4 -9 78 63 1076 998
Back Back 0 0 63 78 172 109
Back Back 0 0 78 78 172 94
Back Back 0 0 78 93 343 265
Back Back 0 0 93 78 171 78
Back Oem7 -2 2 78 78 671 593
Oem7 L 0 2 78 78 281 203
L L 0 0 78 110 140 62
L Space -2 5 110 140 219 109
Space B 1 -1 140 78 1341 1201
B E 2 2 78 109 110 32
E Space -3 -1 109 110 46 -63
Space D 2 1 110 94 3354 3244
D E 1 0 94 109 203 109
E A -1 2 109 109 250 141
A D 0 -2 109 94 218 109
D Space -2 -1 94 125 125 31
Space S 2 2 125 109 156 31
S O 1 -7 109 94 156 47
O O 0 0 94 94 156 62
O N -2 3 94 78 203 109
N Space -1 2 78 78 218 140
Space I 3 -4 78 78 858 780
I S -1 6 78 78 141 63
S Space -2 -2 78 94 62 -16
Space T 3 -1 94 94 218 124
T H -1 -1 94 62 172 78
H E 1 3 62 94 62 0
E Space -3 -1 94 93 110 16
Space M 1 -3 93 93 1591 1498
M O 2 -2 93 93 234 141
O S -1 7 93 125 109 16
S T 1 -3 125 78 172 47
T Space -3 1 78 63 202 124
Space I 3 -4 63 62 250 187
I M -2 1 62 94 156 94
M P 2 -3 94 78 218 124
P O 0 1 78 78 172 94
O R 0 5 78 109 94 16
R T 0 -1 109 78 156 47
T A -1 4 78 109 109 31
A N -1 -5 109 94 62 -47
N T 2 1 94 62 203 109
T Space -3 1 62 109 172 110
Space T 3 -1 109 109 93 -16
T O 0 -4 109 63 187 78
O O 0 0 63 78 125 62
O L -1 0 78 93 172 94
L Space -2 5 93 78 249 156
Space LShiftKey 1 4 78 234 484 406
LShiftKey I 2 -8 234 78 187 -47
I Oem7 -1 -3 78 109 531 453
Oem7 V -1 7 109 78 499 390
V E 2 1 78 94 93 15
E Space -3 -1 94 125 63 -31
Space E 3 1 125 93 312 187
E V -2 -1 93 109 78 -15
V E 2 1 109 109 109 0
E R 0 -1 109 141 187 78
R Space -3 0 141 78 749 608
Space E 3 1 78 78 468 390
E N -2 -3 78 94 140 62
N C 0 3 94 93 266 172
C O 2 -6 93 94 140 47
O U 0 2 94 78 234 140
U N -2 1 78 93 172 94
N T 2 1 93 78 265 172
T E 0 2 78 94 109 31
E R 0 -1 94 94 78 -16
R E 0 1 94 94 140 46
E D -1 0 94 78 203 109
D Space -2 -1 78 125 2824 2746
Space T 3 -1 125 94 265 140
T O 0 -4 94 94 109 15
O Space -3 5 94 94 234 140
Space H 2 -2 94 78 390 296
H E 1 3 78 109 94 16
E L -1 -6 109 78 281 172
L P 1 -1 78 78 234 156
P Space -3 6 78 94 218 140
Space M 1 -3 94 93 203 109
M E 2 4 93 110 93 0
E Space -3 -1 110 78 94 -16
Space M 1 -3 78 78 2824 2746
M A 1 6 78 93 78 0
A K 0 -7 93 94 93 0
K E 1 5 94 109 94 0
E Space -3 -1 109 62 125 16
Space T 3 -1 62 78 1747 1685
T H -1 -1 78 94 171 93
H E 1 3 94 93 110 16
E Space -3 -1 93 93 78 -15
Space B 1 -1 93 78 265 172
B I 2 -3 78 93 234 156
I G -1 3 93 78 218 125
G Space -2 1 78 125 187 109
Space C 1 1 125 109 188 63
C H 1 -3 109 78 140 31
H O 1 -3 78 94 218 140
O I 0 1 94 78 203 109
I C -2 5 78 109 94 16
C E 2 0 109 94 218 109
E S -1 1 94 94 234 140
S Space -2 -2 94 78 125 31
Space I 3 -4 78 78 203 125
I N -2 2 78 78 187 109
N Space -1 2 78 93 172 94
Space L 2 -5 93 93 234 141
L I 1 1 93 94 218 125
I F -1 4 94 94 140 46
F E 1 1 94 109 203 109
E OemPeriod -2 -6 109 94 1482 1373
OemPeriod Space -1 5 94 78 297 203
Space LShiftKey 1 4 78 374 234 156
LShiftKey B 0 -5 374 93 343 -31
B E 2 2 93 125 140 47
E C -2 0 125 78 219 94
C A 1 2 78 109 109 31
A U 1 -6 109 93 125 16
U S -1 5 93 62 109 16
S E 1 -1 62 125 140 78
E Space -3 -1 125 109 141 16
Space A 2 3 109 94 514 405
A L 0 -8 94 109 94 0
L M -1 2 109 78 265 156
M O 2 -2 78 78 219 141
O S -1 7 78 94 124 46
S T 1 -3 94 78 156 62
T Space -3 1 78 109 203 125
Space E 3 1 109 110 3307 3198
E V -2 -1 110 109 94 -16
V E 2 1 109 125 109 0
E R 0 -1 125 94 125 0
R Y 0 -2 94 78 218 124
Y T 0 1 78 94 203 125
T H -1 -1 94 78 78 -16
H I 1 -2 78 78 187 109
I N -2 2 78 78 188 110
N G 1 1 78 78 124 46
G OemMinus 2 -6 78 109 999 921
OemMinus Space -4 7 109 63 327 218
Space A 2 3 63 94 827 764
A L 0 -8 94 94 109 15
L L 0 0 94 109 172 78
L Space -2 5 109 93 328 219
Space E 3 1 93 63 686 593
E X -2 1 63 94 234 171
X T 2 -3 94 78 265 171
T E 0 2 78 109 110 32
E R 0 -1 109 78 62 -47
R N -2 -2 78 78 515 437
N A 1 5 78 109 78 0
A L 0 -8 109 78 140 31
L Space -2 5 78 62 203 125
Space E 3 1 62 93 1373 1311
E X -2 1 93 78 249 156
X P 2 -8 78 78 328 250
P E 0 7 78 93 94 16
E C -2 0 93 78 327 234
C T 2 -2 78 78 250 172
T A -1 4 78 93 78 0
A T 1 -4 93 94 93 0
T I 0 -3 94 78 328 234
I O 0 -1 78 94 156 78
O N -2 3 94 78 203 109
N S 1 4 78 93 125 47
S Oemcomma -1 -6 93 78 1684 1591
Oemcomma Space -1 4 78 109 172 94
Space A 2 3 109 94 156 47
A L 0 -8 94 78 94 0
L L 0 0 78 78 156 78
L Space -2 5 78 94 218 140
Space P 3 -6 94 78 484 390
P R 0 6 78 110 124 46
R O 0 -5 110 93 110 0
O Back 1 -4 93 125 483 390
Back I -1 5 125 110 265 140
I D -1 5 110 93 141 31
D E 1 0 93 125 187 94
E Oemcomma -2 -5 125 78 1529 1404
Oemcomma Space -1 4 78 109 187 109
Space A 2 3 109 93 172 63
A L 0 -8 93 62 109 16
L L 0 0 62 62 156 94
L Space -2 5 62 94 187 125
Space F 2 0 94 78 281 187
F E 1 1 78 78 78 0
E A -1 2 78 109 218 140
A R 1 -3 109 94 78 -31
R S -1 2 94 110 109 15
S Space -2 -2 110 94 125 15
Space Back 4 -9 94 109 718 624
Back Back 0 0 109 62 187 78
Back Space -4 9 62 78 499 437
Space O 3 -5 78 93 640 562
O F -1 5 93 110 93 0
F Space -2 0 110 93 422 312
Space E 3 1 93 109 2246 2153
E M -2 -4 109 93 172 63
M B 0 2 93 93 312 219
B A 1 4 93 93 78 -15
A R 1 -3 93 78 249 156
R R 0 0 78 78 156 78
R A -1 3 78 78 109 31
A S 0 -1 78 109 172 94
S M -1 -5 109 78 328 219
M E 2 4 78 93 109 31
E N -2 -3 93 78 62 -31
N T 2 1 78 94 234 156
T Space -3 1 94 93 219 125
Space O 3 -5 93 78 2808 2715
O R 0 5 78 93 109 31
R Space -3 0 93 93 125 32
Space F 2 0 93 78 265 172
F A 0 3 78 110 93 15
A I 1 -7 110 78 266 156
I L -1 -1 78 109 1107 1029
L U 1 2 109 78 297 188
U R 0 3 78 78 280 202
R E 0 1 78 109 188 110
E OemMinus 1 -8 109 62 3978 3869
OemMinus Space -4 7 62 94 218 156
Space T 3 -1 94 78 265 171
T H -1 -1 78 109 172 94
H E 1 3 109 125 140 31
E S -1 1 125 109 250 125
S E 1 -1 109 141 171 62
E Space -3 -1 141 93 188 47
Space T 3 -1 93 94 2168 2075
T H -1 -1 94 109 94 0
H I 1 -2 109 78 218 109
I N -2 2 78 78 172 94
N G 1 1 78 63 202 124
G S 0 3 63 109 63 0
S Space -2 -2 109 94 109 0
Space J 2 -3 94 63 343 249
J U 1 0 63 78 141 78
U S -1 5 78 94 93 15
S T 1 -3 94 78 125 31
T Space -3 1 78 94 187 109
Space F 2 0 94 93 219 125
F A 0 3 93 109 62 -31
A L 0 -8 109 78 265 156
L L 0 0 78 78 156 78
L Space -2 5 78 63 312 234
Space A 2 3 63 156 1935 1872
A W 1 -1 156 78 249 93
W A -1 1 78 94 203 125
A Y 1 -5 94 93 203 109
Y Space -3 2 93 94 265 172
Space I 3 -4 94 78 3370 3276
I N -2 2 78 78 171 93
N Space -1 2 78 109 156 78
Space T 3 -1 109 63 265 156
T H -1 -1 63 78 156 93
H E 1 3 78 94 94 16
E Space -3 -1 94 94 78 -16
Space F 2 0 94 78 218 124
F A 0 3 78 109 94 16
A C -1 -2 109 94 78 -31
C E 2 0 94 125 109 15
E Space -3 -1 125 109 94 -31
Space O 3 -5 109 78 530 421
O F -1 5 78 125 109 31
F Space -2 0 125 93 110 -15
Space D 2 1 93 93 343 250
D E 1 0 93 78 187 94
E A -1 2 78 94 218 140
A T 1 -4 94 78 172 78
T H -1 -1 78 94 156 78
H Oemcomma -1 -2 94 78 7472 7378
Oemcomma Space -1 4 78 109 172 94
Space L 2 -5 109 109 250 141
L E 1 6 109 94 171 62
E A -1 2 94 109 234 140
A V -1 -3 109 78 172 63
V I 2 -4 78 63 249 171
I N -2 2 63 78 172 109
N G 1 1 78 109 109 31
G Space -2 1 109 109 328 219
Space O 3 -5 109 78 2574 2465
O N -2 3 78 94 171 93
N L 1 -3 94 78 203 109
L Y 1 3 78 78 234 156
Y Space -3 2 78 94 187 109
Space W 3 2 94 93 141 47
W A -1 1 93 78 203 110
A Back 2 -12 78 109 717 639
Back H -2 7 109 78 780 671
H A 0 5 78 125 78 0
A T 1 -4 125 78 94 -31
T Space -3 1 78 93 203 125
Space I 3 -4 93 78 733 640
I S -1 6 78 109 109 31
S Space -2 -2 109 94 109 0
Space T 3 -1 94 93 406 312
T R 0 1 93 94 187 94
R U 0 -3 94 78 234 140
U L -1 -2 78 94 218 140
L Y 1 3 94 78 234 140
Y Space -3 2 78 94 281 203
Space I 3 -4 94 78 780 686
I M -2 1 78 78 187 109
M P 2 -3 78 93 219 141
P O 0 1 93 94 171 78
O R 0 5 94 109 110 16
R T 0 -1 109 78 218 109
T A -1 4 78 94 109 31
A N -1 -5 94 93 94 0
N T 2 1 93 78 234 141
T OemPeriod -2 -4 78 63 1154 1076
OemPeriod Space -1 5 63 94 187 124
Space LShiftKey 1 4 94 203 141 47
LShiftKey R 2 -4 203 47 187 -16
R E 0 1 47 125 125 78
E M -2 -4 125 93 234 109
M M 0 0 93 93 515 422
M E 2 4 93 63 124 31
E Back 1 -10 63 93 656 593
Back Back 0 0 93 93 187 94
Back E -1 10 93 109 1076 983
E M -2 -4 109 78 172 63
M B 0 2 78 93 312 234
B E 2 2 93 93 78 -15
E R 0 -1 93 109 187 94
R I 0 -4 109 94 546 437
I N -2 2 94 109 203 109
N G 1 1 109 125 78 -31
G Space -2 1 125 78 140 15
Space T 3 -1 78 78 2028 1950
T H -1 -1 78 94 187 109
H A 0 5 94 124 110 16
A T 1 -4 124 78 93 -31
T Space -3 1 78 125 203 125
Space Y 3 -2 125 110 296 171
Y O 0 -3 110 78 250 140
O U 0 2 78 78 187 109
U Space -3 3 78 94 203 125
Space A 2 3 94 109 156 62
A R 1 -3 109 94 78 -31
R E 0 1 94 125 1825 1731
E Space -3 -1 125 78 219 94
Space G 2 -1 78 140 234 156
G O 1 -4 140 78 171 31
O I 0 1 78 62 203 125
I N -2 2 62 78 172 110
N G 1 1 78 94 124 46
G Space -2 1 94 62 63 -31
Space T 3 -1 62 93 1607 1545
T O 0 -4 93 63 358 265
O Space -3 5 63 94 203 140
Space D 2 1 94 125 250 156
D I 1 -5 125 94 249 124
I E 0 5 94 141 125 31
E Space -3 -1 141 78 109 -32
Space I 3 -4 78 94 234 156
I S -1 6 94 109 687 593
S Space -2 -2 109 94 249 140
Space T 3 -1 94 93 1358 1264
T H -1 -1 93 78 187 94
H E 1 3 78 110 93 15
E Space -3 -1 110 78 94 -16
Space B 1 -1 78 109 203 125
B E 2 2 109 93 125 16
E S -1 1 93 78 218 125
S T 1 -3 78 94 78 0
T Space -3 1 94 94 218 124
Space W 3 2 94 78 125 31
W A -1 1 78 78 203 125
A Y 1 -5 78 78 109 31
Y Space -3 2 78 78 234 156
Space LShiftKey 1 4 78 234 2590 2512
LShiftKey I 2 -8 234 62 187 -47
I Space -3 4 62 109 187 125
Space K 2 -4 109 109 250 141
K N -1 2 109 78 249 140
N O 2 -3 78 94 250 172
O W 0 7 94 141 187 93
W Space -3 -2 141 78 250 109
Space T 3 -1 78 125 936 858
T O 0 -4 125 63 171 46
O Space -3 5 63 124 188 125
Space A 2 3 124 125 187 63
A V -1 -3 125 109 343 218
V O 2 -5 109 109 187 78
O I 0 1 109 78 219 110
I D -1 5 78 109 156 78
D Space -2 -1 109 63 202 93
Space T 3 -1 63 78 1155 1092
T H -1 -1 78 62 203 125
H E 1 3 62 109 78 16
E Space -3 -1 109 94 93 -16
Space T 3 -1 94 93 250 156
T R 0 1 93 109 281 188
R A -1 3 109 109 312 203
A P 1 -9 109 78 156 47
P Space -3 6 78 78 280 202
Space O 3 -5 78 63 1092 1014
O F -1 5 63 109 110 47
F Space -2 0 109 109 93 -16
Space T 3 -1 109 109 156 47
T H -1 -1 109 94 78 -31
H I 1 -2 94 78 187 93
I N -2 2 78 94 172 94
N K 1 -2 94 78 203 109
K I 1 0 78 78 171 93
I N -2 2 78 78 172 94
N G 1 1 78 109 78 0
G Space -2 1 109 78 1560 1451
Space Y 3 -2 78 94 655 577
Y O 0 -3 94 93 250 156
O U 0 2 93 63 218 125
U Space -3 3 63 78 187 124
Space H 2 -2 78 93 219 141
H A 0 5 93 140 109 16
A V -1 -3 140 78 94 -46
V E 2 1 78 109 140 62
E Space -3 -1 109 109 31 -78
Space S 2 2 109 109 281 172
S O 1 -7 109 62 125 16
O E 0 6 62 109 312 250
E Back 1 -10 109 94 764 655
Back M -3 6 94 94 499 405
M E 2 4 94 109 110 16
E T 0 -2 109 109 234 125
T H -1 -1 109 93 109 0
H I 1 -2 93 62 203 110
I N -2 2 62 78 187 125
N G 1 1 78 93 47 -31
G Space -2 1 93 125 124 31
Space T 3 -1 125 109 94 -31
T O 0 -4 109 94 156 47
O Space -3 5 94 78 250 156
Space L 2 -5 78 94 873 795
L O 1 0 94 94 187 93
O S -1 7 94 94 78 -16
S E 1 -1 94 109 172 78
E OemPeriod -2 -6 109 109 125 16
OemPeriod Space -1 5 109 62 1201 1092
Space LShiftKey 1 4 62 312 1014 952
LShiftKey Y 2 -6 312 78 234 -78
Y O 0 -3 78 62 281 203
O U 0 2 62 62 203 141
U Space -3 3 62 93 187 125
Space A 2 3 93 93 156 63
A R 1 -3 93 62 109 16
R E 0 1 62 109 109 47
E Space -3 -1 109 109 94 -15
Space A 2 3 109 94 265 156
A L 0 -8 94 109 125 31
L R 1 5 109 93 359 250
R E 0 1 93 78 109 16
E A -1 2 78 94 218 140
A D 0 -2 94 62 219 125
D Y 1 -3 62 63 93 31
Y Space -3 2 63 94 203 140
Space N 1 -2 94 94 234 140
N A 1 5 94 94 109 15
A K 0 -7 94 94 109 15
K E 1 5 94 78 125 31
E D -1 0 78 94 187 109
D OemPeriod -1 -6 94 93 188 94
OemPeriod Oemcomma 0 1 93 63 15 -78
Oemcomma Back 3 -5 63 109 624 561
Back Space -4 9 109 78 1030 921
Space LShiftKey 1 4 78 343 889 811
LShiftKey T 2 -5 343 94 265 -78
T H -1 -1 94 63 234 140
H E 1 3 63 93 141 78
E R 0 -1 93 78 78 -15
R E 0 1 78 94 93 15
E Space -3 -1 94 109 110 16
Space I 3 -4 109 78 483 374
I S -1 6 78 93 63 -15
S Space -2 -2 93 78 124 31
Space N 1 -2 78 93 219 141
N O 2 -3 93 63 249 156
O Space -3 5 63 78 1467 1404
Space R 3 0 78 78 483 405
R E 0 1 78 94 78 0
E A -1 2 94 78 250 156
A S 0 -1 78 78 187 109
S O 1 -7 78 78 94 16
O N -2 3 78 78 203 125
N Space -1 2 78 109 1560 1482
Space N 1 -2 109 93 234 125
N O 2 -3 93 94 218 125
O T 0 4 94 109 187 93
T Space -3 1 109 94 78 -31
Space T 3 -1 94 94 187 93
T O 0 -4 94 94 78 -16
O Space -3 5 94 63 234 140
Space F 2 0 63 125 1919 1856
F O 1 -5 125 93 172 47
O L -1 0 93 78 218 125
L L 0 0 78 62 172 94
L O 1 0 62 78 171 109
O W 0 7 78 109 110 32
W Space -3 -2 109 94 124 15
Space Y 3 -2 94 93 344 250
Y O 0 -3 93 63 249 156
O U 0 2 63 63 187 124
U R 0 3 63 94 94 31
R Space -3 0 94 78 125 31
Space H 2 -2 78 78 249 171
H E 1 3 78 94 94 16
E A -1 2 94 93 250 156
A R 1 -3 93 78 156 63
R T 0 -1 78 78 171 93
T OemPeriod -2 -4 78 93 921 843
OemPeriod Return 1 -3 93 125 670 577
Return LShiftKey -1 12 125 312 1935 1810
LShiftKey A 1 -1 312 94 249 -63
A B -1 -4 94 110 312 218
B O 2 -4 110 94 328 218
O U 0 2 94 94 234 140
U T 0 2 94 78 250 156
T Space -3 1 78 109 187 109
Space A 2 3 109 93 281 172
A Space -2 -3 93 62 109 16
Space Y 3 -2 62 94 218 156
Y E 0 3 94 78 109 15
E A -1 2 78 93 219 141
A R 1 -3 93 78 62 -31
R Space -3 0 78 109 203 125
Space A 2 3 109 94 156 47
A G 0 -4 94 63 109 15
G O 1 -4 63 78 250 187
O Space -3 5 78 78 1373 1295
Space LShiftKey 1 4 78 281 717 639
LShiftKey I 2 -8 281 78 203 -78
I Space -3 4 78 93 203 125
Space W 3 2 93 93 125 32
W A -1 1 93 94 202 109
A S 0 -1 94 93 188 94
S Space -2 -2 93 94 124 31
Space D 2 1 94 109 281 187
D I 1 -5 109 109 141 32
I A -1 7 109 94 124 15
A L 0 -8 94 62 141 47
L Back 2 -4 62 94 327 265
Back G -2 8 94 93 110 16
G M -1 -2 93 62 234 141
M Back 3 -6 62 78 327 265
Back N -3 7 78 93 250 172
N O 2 -3 93 93 203 110
O S -1 7 93 109 78 -15
S E 1 -1 109 62 187 78
E D -1 0 62 78 156 94
D Space -2 -1 78 156 62 -16
Space W 3 2 156 110 187 31
W I 0 -6 110 94 94 -16
I T 0 3 94 93 125 31
T H -1 -1 93 78 78 -15
H Space -2 2 78 78 187 109
Space C 1 1 78 62 234 156
C A 1 2 62 78 62 0
A N -1 -5 78 109 141 63
N C 0 3 109 125 93 -16
C E 2 0 125 109 219 94
E R 0 -1 109 109 187 78
R OemPeriod -2 -5 109 78 203 94
OemPeriod Space -1 5 78 47 327 249
Space LShiftKey 1 4 47 327 2684 2637
LShiftKey I 2 -8 327 78 265 -62
I Space -3 4 78 125 171 93
Space H 2 -2 125 93 219 94
H A 0 5 93 94 62 -31
A S 0 -1 94 78 187 93
S Space -2 -2 78 78 110 32
Space Back 4 -9 78 78 296 218
Back Back 0 0 78 78 156 78
Back D -2 10 78 109 78 0
D Space -2 -1 109 109 187 78
Space A 2 3 109 94 187 78
A Space -2 -3 94 93 141 47
Space S 2 2 93 94 421 328
S C -1 -1 94 78 187 93
C A 1 2 78 93 219 141
A N -1 -5 93 63 93 0
N Space -1 2 63 109 156 93
Space A 2 3 109 78 219 110
A T 1 -4 78 78 62 -16
T Space -3 1 78 109 203 125
Space D7 4 -3 109 94 577 468
D7 RShiftKey -3 -4 94 390 1217 1123
RShiftKey Oem1 1 1 390 125 265 -125
Oem1 D3 2 7 125 124 562 437
D3 D0 0 -7 124 62 140 16
D0 Space -4 6 62 109 187 125
Space I 3 -4 109 62 250 141
I N -2 2 62 63 171 109
N Space -1 2 63 94 156 93
Space T 3 -1 94 78 234 140
T H -1 -1 78 78 156 78
H E 1 3 78 109 94 16
E Space -3 -1 109 94 78 -31
Space M 1 -3 94 93 250 156
M O 2 -2 93 78 202 109
O R 0 5 78 125 94 16
R N -2 -2 125 78 109 -16
N I 2 -2 78 78 187 109
I N -2 2 78 94 172 94
N G 1 1 94 109 109 15
G Oemcomma -1 -3 109 47 1139 1030
Oemcomma Space -1 4 47 125 156 109
Space A 2 3 125 110 140 15
A N -1 -5 110 78 94 -16
N D 1 3 78 109 109 31
D Space -2 -1 109 93 63 -46
Space I 3 -4 93 78 218 125
I T 0 3 78 78 218 140
T Space -3 1 78 124 188 110
Space C 1 1 124 109 171 47
C L 1 -6 109 47 172 63
L E 1 6 47 110 93 46
E A -1 2 110 94 234 124
A R 1 -3 94 62 110 16
R L -1 -5 62 125 249 187
L Y 1 3 125 78 297 172
Y Space -3 2 78 140 1544 1466
Space S 2 2 140 141 374 234
S H 0 -4 141 78 188 47
H O 1 -3 78 94 249 171
O W 0 7 94 109 250 156
W E 0 -1 109 78 203 94
E D -1 0 78 78 171 93
D Space -2 -1 78 78 94 16
Space A 2 3 78 94 140 62
A Space -2 -3 94 78 63 -31
Space T 3 -1 78 109 561 483
T U 0 -2 109 78 172 63
U M -2 0 78 78 203 125
M O 2 -2 78 78 187 109
O R 0 5 78 94 93 15
R Space -3 0 94 78 141 47
Space O 3 -5 78 78 1747 1669
O N -2 3 78 78 187 109
N Space -1 2 78 78 187 109
Space M 1 -3 78 78 203 125
M Y 2 1 78 63 265 187
Y Space -3 2 63 93 188 125
Space P 3 -6 93 78 343 250
P A -1 9 78 125 93 15
A N -1 -5 125 78 125 0
N C 0 3 78 78 312 234
C R 2 -1 78 94 203 125
R E 0 1 94 94 62 -32
E A -1 2 94 110 234 140
A S 0 -1 110 78 203 93
S OemPeriod -1 -7 78 110 187 109
OemPeriod Oemcomma 0 1 110 94 0 -110
Oemcomma Back 3 -5 94 141 624 530
Back Space -4 9 141 78 1358 1217
Space LShiftKey 1 4 78 375 358 280
LShiftKey I 2 -8 375 78 281 -94
I Space -3 4 78 125 187 109
Space D 2 1 125 109 437 312
D I 1 -5 109 94 125 16
I D -1 5 94 109 94 0
D N -1 -3 109 78 1107 998
N Oem7 1 -5 78 94 343 265
Oem7 T 1 6 94 140 328 234
T Space -3 1 140 110 218 78
Space E 3 1 110 109 297 187
E V -2 -1 109 63 93 -16
V E 2 1 63 109 94 31
E N -2 -3 109 62 94 -15
N Space -1 2 62 93 156 94
Space K 2 -4 93 78 1029 936
K N -1 2 78 78 172 94
N O 2 -3 78 62 203 125
O W 0 7 62 109 78 16
W Space -3 -2 109 140 2480 2371
Space W 3 2 140 109 265 125
W H -1 -4 109 109 78 -31
H A 0 5 109 93 141 32
A T 1 -4 93 78 78 -15
T Space -3 1 78 93 187 109
Space A 2 3 93 109 62 -31
A Space -2 -3 109 94 109 0
Space P 3 -6 94 78 500 406
P A -1 9 78 94 93 15
A N -1 -5 94 94 109 15
N C 0 3 94 78 312 218
C R 2 -1 78 109 172 94
R E 0 1 109 78 78 -31
E A -1 2 78 78 218 140
A S 0 -1 78 62 188 110
S Space -2 -2 62 94 93 31
Space W 3 2 94 94 156 62
W H -1 -4 94 62 141 47
H A 0 5 62 78 109 47
A S 0 -1 78 94 187 109
S OemPeriod -1 -7 94 110 218 124
OemPeriod Back 3 -4 110 78 500 390
Back Back 0 0 78 62 156 78
Back Back 0 0 62 47 171 109
Back Back 0 0 47 94 281 234
Back A -2 12 94 93 172 78
A S 0 -1 93 109 171 78
S OemPeriod -1 -7 109 31 141 32
OemPeriod OemPeriod 0 0 31 46 156 125
OemPeriod Back 3 -4 46 94 530 484
Back Space -4 9 94 125 1388 1294
Space LShiftKey 1 4 125 234 250 125
LShiftKey T 2 -5 234 78 172 -62
T H -1 -1 78 63 171 93
H E 1 3 63 62 125 62
E Space -3 -1 62 125 47 -15
Space D 2 1 125 110 249 124
D O 1 -6 110 110 78 -32
O C -2 6 110 46 188 78
C T 2 -2 46 110 358 312
T O 0 -4 110 78 110 0
O R 0 5 78 94 124 46
R S -1 2 94 78 250 156
S Space -2 -2 78 110 1388 1310
Space T 3 -1 110 93 531 421
T O 0 -4 93 78 156 63
O L -1 0 78 78 187 109
L D 0 6 78 93 94 16
D Space -2 -1 93 78 140 47
Space M 1 -3 78 78 172 94
M E 2 4 78 94 62 -16
E Space -3 -1 94 93 94 0
Space T 3 -1 93 94 5943 5850
T H -1 -1 94 109 78 -16
H I 1 -2 109 62 219 110
I S -1 6 62 94 46 -16
S Space -2 -2 94 93 141 47
Space W 3 2 93 93 78 -15
W A -1 1 93 93 203 110
A S 0 -1 93 94 171 78
S Space -2 -2 94 78 78 -16
Space T 3 -1 78 78 234 156
T H -1 -1 78 63 187 109
H E 1 3 63 93 63 0
E Space -3 -1 93 93 125 32
Space Back 4 -9 93 62 811 718
Back Back 0 0 62 63 140 78
Back Back 0 0 63 78 156 93
Back Back 0 0 78 78 406 328
Back A -2 12 78 110 717 639
A L 0 -8 110 78 141 31
L M -1 2 78 78 187 109
M O 2 -2 78 78 187 109
O S -1 7 78 94 47 -31
S T 1 -3 94 94 218 124
T Space -3 1 94 93 219 125
Space C 1 1 93 94 1419 1326
C E 2 0 94 110 156 62
E T 0 -2 110 78 172 62
T Back 1 -8 78 110 452 374
Back R -1 9 110 110 156 46
R T 0 -1 110 78 266 156
T A -1 4 78 125 124 46
A I 1 -7 125 78 110 -15
I N -2 2 78 94 171 93
N L 1 -3 94 78 250 156
L Y 1 3 78 62 281 203
Y Space -3 2 62 109 187 125
Space T 3 -1 109 109 140 31
T Y 0 -1 109 93 375 266
Y P 0 -4 93 78 280 187
P Space -3 6 78 94 203 125
Space Back 4 -9 94 93 531 437
Back E -1 10 93 109 78 -15
E Space -3 -1 109 94 202 93
Space O 3 -5 94 31 968 874
O F -1 5 31 125 62 31
F Space -2 0 125 78 156 31
Space C 1 1 78 78 1076 998
C A 1 2 78 109 94 16
A C -1 -2 109 78 78 -31
C Back 3 -10 78 93 437 359
Back N -3 7 93 94 265 172
N C 0 3 94 110 842 748
C E 2 0 110 125 219 109
E R 0 -1 125 109 218 93
R Space -3 0 109 63 234 125
Space T 3 -1 63 78 1014 951
T H -1 -1 78 94 203 125
H A 0 5 94 93 125 31
A T 1 -4 93 78 78 -15
T Space -3 1 78 109 218 140
Space I 3 -4 109 63 624 515
I S -1 6 63 109 94 31
S Space -2 -2 109 110 93 -16
Space I 3 -4 110 62 531 421
I N -2 2 62 110 171 109
N C 0 3 110 109 281 171
C U 2 -4 109 78 141 32
U R 0 3 78 62 296 218
R A -1 3 62 109 78 16
A B -1 -4 109 63 265 156
B L 1 -4 63 78 297 234
L E 1 6 78 109 78 0
E Oemcomma -2 -5 109 78 2823 2714
Oemcomma Space -1 4 78 125 234 156
Space A 2 3 125 109 141 16
A N -1 -5 109 94 93 -16
N D 1 3 94 125 94 0
D Space -2 -1 125 94 93 -32
Space T 3 -1 94 78 234 140
T H -1 -1 78 94 172 94
H A 0 5 94 125 109 15
A T 1 -4 125 94 78 -47
T Space -3 1 94 125 1950 1856
Space LShiftKey 1 4 125 234 250 125
LShiftKey I 2 -8 234 78 171 -63
I Space -3 4 78 109 203 125
Space S 2 2 109 109 172 63
S H 0 -4 109 78 109 0
H O 1 -3 78 78 218 140
O U 0 2 78 78 188 110
U L -1 -2 78 78 187 109
L D 0 6 78 110 93 15
D Space -2 -1 110 109 94 -16
Space E 3 1 109 93 250 141
E X -2 1 93 94 249 156
X P 2 -8 94 93 484 390
P E 0 7 93 94 62 -31
E C -2 0 94 78 234 140
C T 2 -2 78 78 109 31
T Space -3 1 78 78 234 156
Space T 3 -1 78 125 2590 2512
T O 0 -4 125 78 109 -16
O Space -3 5 78 78 250 172
Space L 2 -5 78 93 4259 4181
L I 1 1 93 78 234 141
I V -2 4 78 156 374 296
V E 2 1 156 125 47 -109
E Space -3 -1 125 63 811 686
Space N 1 -2 63 94 2465 2402
N O 2 -3 94 63 218 124
O Space -3 5 63 78 188 125
Space L 2 -5 78 94 202 124
L O 1 0 94 78 156 62
O N -2 3 78 93 188 110
N G 1 1 93 109 234 141
G E 1 2 109 94 93 -16
E R 0 -1 94 109 156 62
R Space -3 0 109 110 109 0
Space T 3 -1 110 78 1576 1466
T H -1 -1 78 78 172 94
H A 0 5 78 94 93 15
A N -1 -5 94 78 78 -16
N Space -1 2 78 78 187 109
Space T 3 -1 78 93 266 188
T H -1 -1 93 78 374 281
H R 1 2 78 94 234 156
R E 0 1 94 78 78 -16
E E 0 0 78 109 156 78
E Space -3 -1 109 93 125 16
Space T 3 -1 93 109 140 47
T O 0 -4 109 63 109 0
O Space -3 5 63 125 203 140
Space S 2 2 125 109 375 250
S I 1 -6 109 93 109 0
I X -2 6 93 141 171 78
X Space -1 -2 141 93 2013 1872
Space M 1 -3 93 78 374 281
M O 2 -2 78 78 203 125
O N -2 3 78 109 172 94
N T 2 1 109 78 265 156
T H -1 -1 78 94 171 93
H S 0 4 94 141 125 31
S OemPeriod -1 -7 141 78 265 124
OemPeriod Space -1 5 78 94 234 156
Space LShiftKey 1 4 94 468 671 577
LShiftKey M 0 -7 468 78 359 -109
M Y 2 1 78 78 296 218
Y Space -3 2 78 109 203 125
Space D 2 1 109 110 343 234
D O 1 -6 110 109 94 -16
O C -2 6 109 94 109 0
C T 2 -2 94 93 219 125
T O 0 -4 93 63 93 0
O R 0 5 63 78 109 46
R Space -3 0 78 93 110 32
Space A 2 3 93 125 218 125
A D 0 -2 125 109 234 109
D V -1 -1 109 110 296 187
V I 2 -4 110 125 250 140
I S -1 6 125 125 187 62
S E 1 -1 125 78 203 78
E D -1 0 78 109 156 78
D Space -2 -1 109 94 140 31
Space M 1 -3 94 78 1420 1326
M E 2 4 78 93 94 16
E Space -3 -1 93 109 78 -15
Space T 3 -1 109 109 140 31
T O 0 -4 109 78 125 16
O Space -3 5 78 78 218 140
Space T 3 -1 78 93 172 94
T O 0 -4 93 93 78 -15
O Back 1 -4 93 78 577 484
Back Back 0 0 78 78 156 78
Back G -2 8 78 125 1061 983
G O 1 -4 125 78 109 -16
O Space -3 5 78 94 234 156
Space T 3 -1 94 110 140 46
T O 0 -4 110 93 110 0
O Space -3 5 93 109 249 156
Space Back 4 -9 109 78 1435 1326
Back Back 0 0 78 78 156 78
Back Back 0 0 78 78 172 94
Back H -2 7 78 94 686 608
H O 1 -3 94 63 234 140
O M -2 2 63 109 172 109
M E 2 4 109 124 94 -15
E Space -3 -1 124 125 1232 1108
Space A 2 3 125 109 203 78
A N -1 -5 109 62 125 16
N D 1 3 62 125 109 47
D Space -2 -1 125 109 47 -78
Space G 2 -1 109 78 312 203
G E 1 2 78 109 93 15
E T 0 -2 109 93 141 32
T Space -3 1 93 109 218 125
Space M 1 -3 109 78 234 125
M Y 2 1 78 93 203 125
Y Space -3 2 93 78 218 125
Space A 2 3 78 110 1513 1435
A F 0 -3 110 63 203 93
F F 0 0 63 93 141 78
F A 0 3 93 109 156 63
A I 1 -7 109 63 327 218
I R 0 4 63 94 281 218
R S -1 2 94 109 203 109
S Space -2 -2 109 78 156 47
Space I 3 -4 78 94 265 187
I N -2 2 94 62 203 109
N Space -1 2 62 93 156 94
Space O 3 -5 93 109 343 250
O R 0 5 109 93 203 94
R D -1 1 93 94 218 125
D E 1 0 94 78 187 93
E R 0 -1 78 94 156 78
R OemPeriod -2 -5 94 63 1373 1279
OemPeriod Back 3 -4 63 109 3183 3120
Back Oemcomma -3 5 109 94 670 561
Oemcomma Space -1 4 94 62 250 156
Space W 3 2 62 124 1030 968
W H -1 -4 124 93 109 -15
H I 1 -2 93 78 234 141
I C -2 5 78 125 62 -16
C H 1 -3 125 94 109 -16
H Space -2 2 94 78 203 109
Space I 3 -4 78 78 265 187
I S -1 6 78 93 110 32
S Space -2 -2 93 78 109 16
Space D 2 1 78 125 1591 1513
D O 1 -6 125 94 109 -16
O C -2 6 94 141 156 62
C T 2 -2 141 124 297 156
T O 0 -4 124 94 124 0
O R 0 5 94 141 203 109
R Oem7 -1 -7 141 78 375 234
Oem7 S 0 9 78 94 93 15
S Space -2 -2 94 78 141 47
Space C 1 1 78 125 1138 1060
C O 2 -6 125 109 63 -62
O D -1 6 109 110 171 62
D E 1 0 110 109 188 78
E Space -3 -1 109 94 62 -47
Space F 2 0 94 94 530 436
F R 1 0 94 124 188 94
R Back 1 -9 124 125 499 375
Back O -1 4 125 78 327 202
O R 0 5 78 109 63 -15
R Space -3 0 109 78 140 31
Space P 3 -6 78 93 2247 2169
P R 0 6 93 109 171 78
R E 0 1 109 94 187 78
E P 0 -7 94 93 266 172
P A -1 9 93 109 93 0
A R 1 -3 109 63 265 156
R E 0 1 63 110 78 15
E Space -3 -1 110 94 125 15
Space T 3 -1 94 93 94 0
T O 0 -4 93 62 187 94
O Space -3 5 62 94 1310 1248
Space D 2 1 94 109 266 172
D I 1 -5 109 109 62 -47
I OemPeriod -2 -1 109 140 250 141
OemPeriod Back 3 -4 140 125 889 749
Back E -1 10 125 125 109 -16
E OemPeriod -2 -6 125 78 796 671
OemPeriod Space -1 5 78 78 1669 1591
Space LShiftKey 1 4 78 281 1185 1107
LShiftKey I 2 -8 281 78 188 -93
I T 0 3 78 125 499 421
T Space -3 1 125 78 203 78
Space M 1 -3 78 94 249 171
M E 2 4 94 110 109 15
E A -1 2 110 109 250 140
A N -1 -5 109 62 156 47
N S 1 4 62 63 62 0
S Space -2 -2 63 94 94 31
Space T 3 -1 94 109 936 842
T O 0 -4 109 62 437 328
O Space -3 5 62 109 187 125
Space T 3 -1 109 78 281 172
T R 0 1 78 78 62 -16
R Y 0 -2 78 62 94 16
Y Space -3 2 62 94 187 125
Space T 3 -1 94 94 842 748
T E 0 2 94 109 172 78
E Back 1 -10 109 94 2028 1919
Back O -1 4 94 63 733 639
O Space -3 5 63 94 187 124
Space T 3 -1 94 63 234 140
T E 0 2 63 110 78 15
E L -1 -6 110 94 156 46
L L 0 0 94 94 156 62
L Space -2 5 94 140 188 94
Space Y 3 -2 140 125 171 31
Y O 0 -3 125 141 109 -16
O U 0 2 141 93 110 -31
U R 0 3 93 109 296 203
R Space -3 0 109 93 172 63
Space K 2 -4 93 78 218 125
K I 1 0 78 110 140 62
I D -1 5 110 94 94 -16
D S 0 1 94 125 187 93
S Space -2 -2 125 78 156 31
Space E 3 1 78 125 1139 1061
E V -2 -1 125 93 125 0
V E 2 1 93 125 109 16
E R 0 -1 125 93 94 -31
R Y 0 -2 93 94 202 109
Y T 0 1 94 78 188 94
T H -1 -1 78 94 46 -32
H I 1 -2 94 78 188 94
I N -2 2 78 94 171 93
N G 1 1 94 63 78 -16
G Space -2 1 63 109 94 31
Space Y 3 -2 109 94 920 811
Y O 0 -3 94 93 219 125
O U 0 2 93 78 202 109
U Space -3 3 78 109 188 110
Space T 3 -1 109 94 124 15
T H -1 -1 94 78 125 31
H O 1 -3 78 78 219 141
O U 0 2 78 62 218 140
U G -1 2 62 78 172 110
G H 0 -1 78 78 156 78
H T 1 1 78 78 171 93
T Space -3 1 78 94 234 156
Space Y 3 -2 94 47 1092 998
Y O 0 -3 47 94 234 187
O U 0 2 94 78 219 125
U Oem7 -1 -4 78 94 483 405
Oem7 D 0 8 94 109 250 156
D Space -2 -1 109 78 125 16
Space H 2 -2 78 78 2293 2215
H A 0 5 78 94 62 -16
A V -1 -3 94 93 94 0
V E 2 1 93 156 93 0
E Space -3 -1 156 110 78 -78
Space T 3 -1 110 63 234 124
T H -1 -1 63 94 156 93
H E 1 3 94 110 78 -16
E Space -3 -1 110 78 110 0
Space N 1 -2 78 93 187 109
N E 2 3 93 93 78 -15
E X -2 1 93 94 218 125
X T 2 -3 94 62 94 0
T Space -3 1 62 78 203 141
Space D1 4 3 78 109 2199 2121
D1 D0 0 -9 109 47 203 94
D0 Space -4 6 47 110 218 171
Space Y 3 -2 110 94 281 171
Y E 0 3 94 94 78 -16
E A -1 2 94 93 219 125
A R 1 -3 93 78 78 -15
R S -1 2 78 93 109 31
S Space -2 -2 93 94 93 0
Space T 3 -1 94 78 1841 1747
T O 0 -4 78 78 265 187
O Space -3 5 78 78 203 125
Space T 3 -1 78 63 234 156
T E 0 2 63 109 125 62
E L -1 -6 109 94 140 31
L L 0 0 94 62 172 78
L Space -2 5 62 109 172 110
Space T 3 -1 109 94 124 15
T H -1 -1 94 78 110 16
H E 1 3 78 125 109 31
E M -2 -4 125 125 93 -32
M Space -1 3 125 78 1701 1576
Space I 3 -4 78 78 390 312
I N -2 2 78 63 171 93
N Space -1 2 63 94 156 93
Space J 2 -3 94 63 234 140
J U 1 0 63 78 203 140
U S -1 5 78 124 141 63
S T 1 -3 124 78 93 -31
T Space -3 1 78 78 219 141
Space A 2 3 78 93 265 187
A Space -2 -3 93 62 156 63
Space F 2 0 62 78 1529 1467
F E 1 1 78 94 93 15
E W 0 1 94 78 203 109
W Space -3 -2 78 78 94 16
Space M 1 -3 78 78 202 124
M O 2 -2 78 63 203 125
O N -2 3 63 125 156 93
N T 2 1 125 93 141 16
T H -1 -1 93 94 93 0
H S 0 4 94 93 141 47
S OemPeriod -1 -7 93 93 156 63
OemPeriod Space -1 5 93 78 1185 1092
Space LShiftKey 1 4 78 234 328 250
LShiftKey I 2 -8 234 109 218 -16
I T 0 3 109 78 281 172
T Space -3 1 78 109 203 125
Space M 1 -3 109 109 234 125
M E 2 4 109 109 78 -31
E A -1 2 109 94 249 140
A N -1 -5 94 94 78 -16
N S 1 4 94 93 110 16
S Space -2 -2 93 78 78 -15
Space T 3 -1 78 78 2106 2028
T O 0 -4 78 78 109 31
O Space -3 5 78 93 203 125
Space M 1 -3 93 109 187 94
M A 1 6 109 110 93 -16
A K 0 -7 110 78 94 -16
K E 1 5 78 109 109 31
E Space -3 -1 109 124 63 -46
Space S 2 2 124 125 202 78
S U 1 -5 125 109 63 -62
U R 0 3 109 78 156 47
R E 0 1 78 109 156 78
E Space -3 -1 109 93 125 16
Space E 3 1 93 93 1591 1498
E V -2 -1 93 94 109 16
V E 2 1 94 109 78 -16
E R 0 -1 109 78 125 16
R Y 0 -2 78 78 203 125
Y T 0 1 78 78 171 93
T H -1 -1 78 94 78 0
H I 1 -2 94 78 187 93
I N -2 2 78 94 172 94
N G 1 1 94 125 125 31
G Space -2 1 125 125 93 -32
Space I 3 -4 125 78 390 265
I S -1 6 78 109 94 16
S Space -2 -2 109 93 125 16
Space B 1 -1 93 78 374 281
B U 2 -2 78 93 219 141
U T 0 2 93 78 187 94
T T 0 0 78 93 156 78
T O 0 -4 93 78 109 16
O N -2 3 78 94 187 109
N E 2 3 94 78 94 0
E D -1 0 78 93 203 125
D Space -2 -1 93 78 156 63
Space U 3 -3 78 94 2511 2433
U P 0 -3 94 78 265 171
P Space -3 6 78 124 188 110
Space S 2 2 124 93 156 32
S O 1 -7 93 78 109 16
O Space -3 5 78 93 203 125
Space T 3 -1 93 93 234 141
T H -1 -1 93 78 187 94
H A 0 5 78 109 47 -31
A T 1 -4 109 94 140 31
T Space -3 1 94 94 265 171
Space I 3 -4 94 109 1233 1139
I T 0 3 109 62 265 156
T Space -3 1 62 93 203 141
Space W 3 2 93 109 109 16
W I 0 -6 109 63 109 0
I L -1 -1 63 78 172 109
L L 0 0 78 78 156 78
L Space -2 5 78 93 234 156
Space V 1 0 93 78 218 125
V E 2 1 78 125 78 0
E Space -3 -1 125 93 94 -31
Space A 2 3 93 124 281 188
A S 0 -1 124 78 234 110
S Y 1 -4 78 78 873 795
Y Back 1 -7 78 78 811 733
Back Back 0 0 78 78 141 63
Back Back 0 0 78 78 156 78
Back Back 0 0 78 78 156 78
Back Back 0 0 78 78 140 62
Back Back 0 0 78 63 156 78
Back B -3 8 63 63 577 514
B E 2 2 63 93 110 47
E Space -3 -1 93 94 46 -47
Space E 3 1 94 109 515 421
E A -1 2 109 94 234 125
A S 0 -1 94 109 172 78
S Y 1 -4 109 94 1154 1045
Y Space -3 2 94 94 265 171
Space A 2 3 94 78 2434 2340
A S 0 -1 78 78 172 94
S Space -2 -2 78 78 93 15
Space P 3 -6 78 109 250 172
P O 0 1 109 109 187 78
O S -1 7 109 78 187 78
S S 0 0 78 93 141 63
S I 1 -6 93 78 46 -47
I B -2 3 78 78 156 78
B L 1 -4 78 78 219 141
L E 1 6 78 78 93 15
E Space -3 -1 78 94 1092 1014
Space F 2 0 94 125 219 125
F O 1 -5 125 109 140 15
O R 0 5 109 109 63 -46
R Space -3 0 109 125 171 62
Space Y 3 -2 125 125 187 62
Y O 0 -3 125 94 125 0
O R 0 5 94 109 250 156
R Space -3 0 109 109 187 78
Space Back 4 -9 109 93 827 718
Back Back 0 0 93 78 156 63
Back U -1 6 78 109 593 515
U R 0 3 109 78 296 187
R Space -3 0 78 94 187 109
Space F 2 0 94 62 203 109
F A 0 3 62 125 78 16
A M -1 -6 125 78 281 156
M I 2 -1 78 109 156 78
I L -1 -1 109 78 203 94
L Y 1 3 78 78 202 124
Y OemPeriod -2 -3 78 78 1248 1170
OemPeriod Space -1 5 78 93 188 110
Space LShiftKey 1 4 93 141 124 31
LShiftKey I 2 -8 141 62 94 -47
I T 0 3 62 63 218 156
T Space -3 1 63 109 188 125
Space M 1 -3 109 125 187 78
M E 2 4 125 78 93 -32
E A -1 2 78 109 188 110
A N -1 -5 109 93 78 -31
N S 1 4 93 109 93 0
S Space -2 -2 109 94 78 -31
Space T 3 -1 94 94 936 842
T O 0 -4 94 62 125 31
O Space -3 5 62 124 172 110
Space S 2 2 124 93 109 -15
S A 0 1 93 94 218 125
A Y 1 -5 94 62 63 -31
Y Space -3 2 62 141 171 109
Space G 2 -1 141 78 172 31
G O 1 -4 78 94 109 31
O O 0 0 94 78 156 62
O D -1 6 78 109 78 0
D Space -2 -1 109 93 125 16
Space B 1 -1 93 93 234 141
B Y 2 -1 93 93 203 110
Y E 0 3 93 109 171 78
E W 0 1 109 31 16 -93
W Space -3 -2 31 78 234 203
Space Back 4 -9 78 78 1763 1685
Back Back 0 0 78 94 171 93
Back Left -4 2 94 94 2621 2527
Left Left 0 0 94 94 156 62
Left Left 0 0 94 94 140 46
Left Left 0 0 94 63 156 62
Left Left 0 0 63 78 110 47
Left Left 0 0 78 62 140 62
Left Left 0 0 62 78 140 78
Left Left 0 0 78 94 156 78
Left Y 3 5 94 94 1030 936
Y O 0 -3 94 78 250 156
O U 0 2 78 78 218 140
U R 0 3 78 109 156 78
R Space -3 0 109 62 156 47
Space Right 0 -9 62 78 842 780
Right Right 0 0 78 62 188 110
Right Right 0 0 62 78 156 94
Right Right 0 0 78 63 171 93
Right Right 0 0 63 46 141 78
Right Back 4 0 46 140 452 406
Back Right -4 0 140 78 577 437
Right Right 0 0 78 62 172 94
Right Right 0 0 62 78 156 94
Right S 2 11 78 141 873 795
S OemPeriod -1 -7 141 94 156 15
OemPeriod Return 1 -3 94 94 281 187
Return LShiftKey -1 12 94 327 1545 1451
LShiftKey I 2 -8 327 78 234 -93
I Space -3 4 78 109 187 109
Space L 2 -5 109 94 265 156
L O 1 0 94 109 156 62
O Back 1 -4 109 109 390 281
Back I -1 5 109 109 250 141
I V -2 4 109 93 733 624
V E 2 1 93 94 109 16
E D -1 0 94 109 203 109
D Space -2 -1 109 63 140 31
Space W 3 2 63 141 5226 5163
W I 0 -6 141 94 125 -16
I T 0 3 94 109 172 78
T H -1 -1 109 78 78 -31
H Space -2 2 78 93 187 109
Space T 3 -1 93 78 218 125
T H -1 -1 78 78 187 109
H A 0 5 78 93 63 -15
A T 1 -4 93 78 125 32
T Space -3 1 78 93 546 468
Space D 2 1 93 109 1232 1139
D A 0 2 109 109 265 156
A Back 2 -12 109 125 406 297
Back I -1 5 125 93 671 546
I A -1 7 93 125 93 0
A G 0 -4 125 94 156 31
G N -1 -1 94 109 297 203
N O 2 -3 109 93 234 125
O S -1 7 93 109 156 63
S I 1 -6 109 94 93 -16
I S -1 6 94 125 109 15
S Space -2 -2 125 109 110 -15
Space A 2 3 109 125 1310 1201
A L 0 -8 125 78 234 109
L L 0 0 78 62 172 94
L Space -2 5 62 125 218 156
Space D 2 1 125 94 109 -16
D A 0 2 94 109 234 140
A Y 1 -5 109 94 78 -31
Y OemPeriod -2 -3 94 94 1841 1747
OemPeriod Space -1 5 94 109 187 93
Space LShiftKey 1 4 109 203 156 47
LShiftKey L 1 -9 203 109 141 -62
L A 0 8 109 125 249 140
A T 1 -4 125 93 219 94
T E 0 2 93 125 93 0
E R 0 -1 125 78 94 -31
R Space -3 0 78 109 203 125
Space T 3 -1 109 31 624 515
T H -1 -1 31 125 187 156
H A 0 5 125 140 109 -16
A T 1 -4 140 78 172 32
T Space -3 1 78 124 234 156
Space E 3 1 124 93 312 188
E V -2 -1 93 47 140 47
V E 2 1 47 94 62 15
E B -2 -2 94 62 219 125
B N 0 -1 62 78 249 187
N Back 3 -7 78 78 375 297
Back Back 0 0 78 63 171 93
Back N -3 7 63 78 593 530
N I 2 -2 78 62 219 141
I N -2 2 62 78 171 109
N G 1 1 78 78 109 31
G Space -2 1 78 62 94 16
Space LShiftKey 1 4 62 327 1186 1124
LShiftKey I 2 -8 327 78 234 -93
I Space -3 4 78 94 218 140
Space H 2 -2 94 109 515 421
H A 0 5 109 110 93 -16
A S 0 -1 110 78 219 109
S Back 2 -11 78 109 421 343
Back D -2 10 109 109 125 16
D Space -2 -1 109 110 171 62
Space A 2 3 110 109 188 78
A Space -2 -3 109 78 78 -31
Space B 1 -1 78 94 592 514
B I 2 -3 94 94 281 187
I O 0 -1 94 94 203 109
O P 0 -1 94 94 343 249
P S -1 8 94 94 437 343
S Y 1 -4 94 94 109 15
Y Oemcomma -2 -2 94 78 1279 1185
Oemcomma Space -1 4 78 109 188 110
Space W 3 2 109 140 265 156
W H -1 -4 140 140 125 -15
H E 1 3 140 125 296 156
E R 0 -1 125 78 140 15
R E 0 1 78 110 78 0
E Space -3 -1 110 78 172 62
Space T 3 -1 78 78 1201 1123
T H -1 -1 78 78 187 109
H E 1 3 78 94 94 16
E Y 0 -3 94 62 94 0
Y Space -3 2 62 110 202 140
Space A 2 3 110 109 172 62
A L 0 -8 109 62 94 -15
L L 0 0 62 62 156 94
L Space -2 5 62 140 608 546
Space S 2 2 140 140 328 188
S T 1 -3 140 78 124 -16
T U 0 -2 78 93 219 141
U C -2 4 93 141 140 47
C K 1 -5 141 109 203 62
K A 0 7 109 110 2792 2683
A N -1 -5 110 78 78 -32
N Space -1 2 78 141 203 125
Space E 3 1 141 124 375 234
E N -2 -3 124 140 156 32
N D 1 3 140 110 202 62
D O 1 -6 110 109 141 31
O S -1 7 109 109 281 172
S C -1 -1 109 109 249 140
C O 2 -6 109 93 250 141
O P 0 -1 93 94 218 125
P E 0 7 94 125 281 187
E Space -3 -1 125 47 920 795
Space D 2 1 47 109 3136 3089
D O 1 -6 109 93 94 -15
O W 0 7 93 125 124 31
W N -2 -4 125 78 94 -31
N Space -1 2 78 94 156 78
Space M 1 -3 94 93 203 109
M Y 2 1 93 62 234 141
Y Space -3 2 62 78 187 125
Space T 3 -1 78 78 218 140
T H -1 -1 78 109 172 94
H R 1 2 109 125 265 156
R O 0 -5 125 93 94 -31
O A -1 8 93 125 187 94
A T 1 -4 125 94 109 -16
T Oemcomma -2 -3 94 78 2200 2106
Oemcomma Space -1 4 78 94 187 109
Space T 3 -1 94 63 265 171
T H -1 -1 63 94 156 93
H R 1 2 94 93 406 312
R O 0 -5 93 94 109 16
O U 0 2 94 78 281 187
U G -1 2 78 78 203 125
G H 0 -1 78 78 156 78
H Space -2 2 78 93 234 156
Space M 1 -3 93 93 2340 2247
M Y 2 1 93 78 265 172
Y Space -3 2 78 93 203 125
Space S 2 2 93 125 280 187
S T 1 -3 125 78 156 31
T O 0 -4 78 93 266 188
O N -2 3 93 62 234 141
N M 0 -1 62 63 15 -47
M A 1 6 63 110 109 46
A Back 2 -12 110 141 515 405
Back Back 0 0 141 63 234 93
Back Back 0 0 63 94 468 405
Back M -3 6 94 93 609 515
M A 1 6 93 125 93 0
A C -1 -2 125 109 234 109
C H 1 -3 109 62 141 32
H Space -2 2 62 93 187 125
Space I 3 -4 93 62 1825 1732
I N -2 2 62 109 187 125
N T 2 1 109 94 1217 1108
T O 0 -4 94 63 296 202
O Left -3 -2 63 63 827 764
Left Left 0 0 63 63 156 93
Left Left 0 0 63 63 156 93
Left Left 0 0 63 63 156 93
Left A 2 10 63 140 687 624
A N -1 -5 140 62 140 0
N D 1 3 62 109 94 32
D Space -2 -1 109 94 62 -47
Space Right 0 -9 94 63 1388 1294
Right Right 0 0 63 62 141 78
Right Right 0 0 62 16 140 78
Right Right 0 0 16 78 94 78
Right Space 0 9 78 94 717 639
Space M 1 -3 94 93 219 125
M Y 2 1 93 78 265 172
Y Space -3 2 78 109 187 109
Space I 3 -4 109 78 437 328
I N -2 2 78 93 172 94
N T 2 1 93 78 296 203
T E 0 2 78 94 78 0
E S -1 1 94 93 203 109
S T 1 -3 93 78 203 110
T I 0 -3 78 78 249 171
I N -2 2 78 93 219 141
N E 2 3 93 78 78 -15
E S -1 1 78 93 187 109
S Oemcomma -1 -6 93 78 1185 1092
Oemcomma Space -1 4 78 93 188 110
Space P 3 -6 93 94 280 187
P U 0 3 94 94 250 156
U Space -3 3 94 93 437 343
Space Back 4 -9 93 109 515 422
Back T -1 8 109 93 234 125
T Space -3 1 93 110 124 31
Space A 2 3 110 109 687 577
A Space -2 -3 109 94 171 62
Space N 1 -2 94 109 905 811
N E 2 3 109 78 172 63
E E 0 0 78 93 156 78
E D -1 0 93 125 218 125
D L 0 -6 125 78 359 234
L E 1 6 78 78 109 31
E Space -3 -1 78 78 94 16
Space I 3 -4 78 78 312 234
I N -2 2 78 78 187 109
N Left -1 -5 78 140 1950 1872
Left Space 0 7 140 94 156 16
Space T 3 -1 94 94 2933 2839
T O 0 -4 94 78 109 15
O Space -3 5 78 110 187 109
Space M 1 -3 110 63 203 93
M Y 2 1 63 78 203 140
Y Space -3 2 78 109 187 109
Space P 3 -6 109 63 265 156
P A -1 9 63 110 78 15
A N -1 -5 110 109 94 -16
N C 0 3 109 94 296 187
C R 2 -1 94 109 188 94
R E 0 1 109 78 78 -31
E A -1 2 78 109 187 109
A S 0 -1 109 94 187 78
S Space -2 -2 94 171 905 811
Space A 2 3 171 93 203 32
A N -1 -5 93 93 109 16
N D 1 3 93 110 93 0
D Space -2 -1 110 93 110 0
Space G 2 -1 93 109 343 250
G T 1 0 109 94 218 109
T Back 1 -8 94 94 702 608
Back O -1 4 94 62 437 343
O T 0 4 62 94 62 0
T Space -3 1 94 109 110 16
Space A 2 3 109 109 171 62
A Space -2 -3 109 93 94 -15
Space F 2 0 93 110 3447 3354
F E 1 1 110 94 94 -16
E W 0 1 94 94 187 93
W Space -3 -2 94 110 109 15
Space C 1 1 110 109 219 109
C E 2 0 109 109 203 94
E L -1 -6 109 78 265 156
L L 0 0 78 93 156 78
L S 0 7 93 78 93 0
S Space -2 -2 78 93 110 32
Space F 2 0 93 93 468 375
F R 1 0 93 93 187 94
R O 0 -5 93 63 93 0
O M -2 2 63 78 188 125
M Space -1 3 78 109 171 93
Space T 3 -1 109 78 94 -15
T H -1 -1 78 63 140 62
H E 1 3 63 93 94 31
E Space -3 -1 93 109 125 32
Space T 3 -1 109 109 343 234
T U 0 -2 109 78 125 16
U M -2 0 78 94 218 140
M O 2 -2 94 78 218 124
O R 0 5 78 94 78 0
R OemPeriod -2 -5 94 110 1560 1466
OemPeriod Space -1 5 110 78 359 249
Space LShiftKey 1 4 78 359 2184 2106
LShiftKey I 2 -8 359 78 265 -94
I Space -3 4 78 94 203 125
Space W 3 2 94 94 125 31
W A -1 1 94 78 218 124
A S 0 -1 78 78 188 110
S Space -2 -2 78 109 171 93
Space S 2 2 109 125 437 328
S E 1 -1 125 78 218 93
E D -1 0 78 94 203 125
D A 0 2 94 94 234 140
A T 1 -4 94 78 172 78
T E 0 2 78 78 62 -16
E D -1 0 78 109 172 94
D Oemcomma -1 -5 109 78 1763 1654
Oemcomma Space -1 4 78 78 187 109
Space B 1 -1 78 78 608 530
B U 2 -2 78 78 187 109
U T 0 2 78 94 78 0
T Space -3 1 94 94 125 31
Space M 1 -3 94 78 203 109
M Y 2 1 78 78 218 140
Y Space -3 2 78 172 250 172
Space W 3 2 172 109 671 499
W I 0 -6 109 94 140 31
I F -1 4 94 93 484 390
F E 1 1 93 78 218 125
E Oemcomma -2 -5 78 78 655 577
Oemcomma Space -1 4 78 109 188 110
Space W 3 2 109 109 187 78
W H -1 -4 109 78 125 16
H O 1 -3 78 78 218 140
O Space -3 5 78 94 187 109
Space W 3 2 94 109 125 31
W A -1 1 109 94 218 109
A S 0 -1 94 93 188 94
S Space -2 -2 93 78 187 94
Space T 3 -1 78 78 1154 1076
T H -1 -1 78 93 172 94
H E 1 3 93 78 93 0
E R 0 -1 78 93 110 32
R E 0 1 93 109 78 -15
E Oemcomma -2 -5 109 62 3151 3042
Oemcomma Space -1 4 62 125 171 109
Space T 3 -1 125 94 172 47
T O 0 -4 94 62 125 31
O L -1 0 62 62 187 125
L D 0 6 62 109 94 32
D Space -2 -1 109 94 93 -16
Space M 1 -3 94 78 187 93
M Oemcomma 0 -1 78 63 0 -78
Oemcomma E 2 5 63 109 63 0
E Space -3 -1 109 62 125 16
Space Back 4 -9 62 78 468 406
Back Back 0 0 78 62 156 78
Back Back 0 0 62 78 327 265
Back E -1 10 78 109 390 312
E Space -3 -1 109 93 5055 4946
Space T 3 -1 93 63 249 156
T H -1 -1 63 78 156 93
H A 0 5 78 125 31 -47
A T 1 -4 125 78 141 16
T Space -3 1 78 140 187 109
Space W 3 2 140 94 187 47
W H -1 -4 94 94 78 -16
H E 1 3 94 78 94 0
E N -2 -3 78 62 78 0
N Space -1 2 62 93 156 94
Space T 3 -1 93 63 218 125
T H -1 -1 63 78 156 93
H E 1 3 78 94 78 0
E Y 0 -3 94 94 78 -16
Y Space -3 2 94 94 203 109
Space V 1 0 94 78 1123 1029
V I 2 -4 78 94 359 281
I E 0 5 94 94 421 327
E W 0 1 94 110 265 171
W E 0 -1 110 94 234 124
E D -1 0 94 94 203 109
D Space -2 -1 94 78 281 187
Space T 3 -1 78 63 1201 1123
T H -1 -1 63 62 172 109
H E 1 3 62 93 78 16
E Space -3 -1 93 110 93 0
Space D 2 1 110 78 312 202
D Back 2 -10 78 109 375 297
Back C -3 10 109 93 125 16
C E 2 0 93 125 187 94
E L -1 -6 125 78 140 15
L L 0 0 78 109 141 63
L S 0 7 109 93 109 0
S Space -2 -2 93 78 125 32
Space U 3 -3 78 62 1638 1560
U N -2 1 62 78 171 109
N D 1 3 78 93 219 141
D E 1 0 93 94 171 78
E R 0 -1 94 94 156 62
R Space -3 0 94 78 156 62
Space A 2 3 78 109 156 78
A Space -2 -3 109 93 63 -46
Space N 1 -2 93 31 639 546
N Back 3 -7 31 110 889 858
Back M -3 6 110 78 500 390
M I 2 -1 78 94 218 140
I C -2 5 94 125 203 109
C R 2 -1 125 124 281 156
R O 0 -5 124 63 249 125
O S -1 7 63 125 406 343
S C -1 -1 125 109 655 530
C O 2 -6 109 78 218 109
O P 0 -1 78 78 203 125
P E 0 7 78 94 109 31
E Space -3 -1 94 62 843 749
Space T 3 -1 62 78 811 749
T H -1 -1 78 78 172 94
H E 1 3 78 93 78 0
E Space -3 -1 93 125 93 0
Space D 2 1 125 109 234 109
D O 1 -6 109 125 94 -15
O C -2 6 125 94 109 -16
C T 2 -2 94 125 218 124
T O 0 -4 125 94 78 -47
O R 0 5 94 109 172 78
R S -1 2 109 46 250 141
S Space -2 -2 46 78 982 936
Space S 2 2 78 62 1124 1046
S T 1 -3 62 78 93 31
T A -1 4 78 110 109 31
A R 1 -3 110 78 78 -32
R T 0 -1 78 78 156 78
T E 0 2 78 78 94 16
E D -1 0 78 93 172 94
D Space -2 -1 93 94 140 47
Space C 1 1 94 109 281 187
C R 2 -1 109 93 156 47
R Y 0 -2 93 78 249 156
Y I 0 -2 78 62 219 141
I N -2 2 62 78 156 94
N G 1 1 78 109 31 -47
G Space -2 1 109 94 140 31
Space B 1 -1 94 93 219 125
B E 2 2 93 110 93 0
E C -2 0 110 78 234 124
C A 1 2 78 109 110 32
A U 1 -6 109 156 156 47
U S -1 5 156 109 93 -63
S E 1 -1 109 109 203 94
E Space -3 -1 109 110 140 31
Space I 3 -4 110 93 7910 7800
I T 0 3 93 93 234 141
T Space -3 1 93 94 202 109
Space T 3 -1 94 94 234 140
T U 0 -2 94 78 219 125
U R 0 3 78 109 156 78
R N -2 -2 109 78 452 343
N E 2 3 78 78 94 16
E D -1 0 78 78 203 125
D Space -2 -1 78 78 124 46
Space O 3 -5 78 94 1217 1139
O U 0 2 94 94 234 140
U T 0 2 94 124 141 47
T Space -3 1 124 109 140 16
Space T 3 -1 109 125 1217 1108
T O 0 -4 125 62 125 0
O Space -3 5 62 94 202 140
Space B 1 -1 94 94 624 530
B E 2 2 94 110 78 -16
E Space -3 -1 110 78 110 0
Space Space 0 0 78 63 202 124
Space A 2 3 63 110 78 15
A Back 2 -12 110 78 656 546
Back Back 0 0 78 78 156 78
Back A -2 12 78 109 1092 1014
A Space -2 -3 109 93 234 125
Space V 1 0 93 78 967 874
V E 2 1 78 110 93 15
E R 0 -1 110 94 125 15
R Y 0 -2 94 78 187 93
Y Space -3 2 78 93 188 110
Space R 3 0 93 78 249 156
R A -1 3 78 94 78 0
A R 1 -3 94 94 78 -16
R E 0 1 94 125 109 15
E Space -3 -1 125 78 234 109
Space F 2 0 78 109 1701 1623
F O 1 -5 109 78 93 -16
O R 0 5 78 109 110 32
R M -2 -3 109 78 93 -16
M Space -1 3 78 93 172 94
Space O 3 -5 93 78 374 281
O F -1 5 78 78 94 16
F Space -2 0 78 78 125 47
Space P 3 -6 78 62 1856 1778
P A -1 9 62 124 94 32
A N -1 -5 124 78 109 -15
N C 0 3 78 62 312 234
C R 2 -1 62 94 187 125
R E 0 1 94 78 78 -16
E A -1 2 78 109 187 109
A T 1 -4 109 78 109 0
T I 0 -3 78 78 234 156
I C -2 5 78 94 250 172
C Space -1 -1 94 78 187 93
Space C 1 1 78 93 1108 1030
C A 1 2 93 94 93 0
A N -1 -5 94 94 172 78
N C 0 3 94 93 203 109
C E 2 0 93 109 218 125
E R 0 -1 109 110 187 78
R Space -3 0 110 78 172 62
Space T 3 -1 78 78 905 827
T H -1 -1 78 94 171 93
H A 0 5 94 109 94 0
A T 1 -4 109 78 94 -15
T Space -3 1 78 109 187 109
Space I 3 -4 109 62 234 125
I S -1 6 62 78 78 16
S Space -2 -2 78 94 109 31
Space C 1 1 94 156 203 109
C U 2 -4 156 109 156 0
U R 0 3 109 78 281 172
R A -1 3 78 109 78 0
A B -1 -4 109 94 327 218
B L 1 -4 94 93 250 156
L E 1 6 93 109 62 -31
E Space -3 -1 109 63 156 47
Space W 3 2 63 124 1623 1560
W I 0 -6 124 94 140 16
I T 0 3 94 94 140 46
T H -1 -1 94 78 78 -16
H Space -2 2 78 93 188 110
Space S 2 2 93 93 156 63
S U 1 -5 93 78 93 0
U R 0 3 78 109 156 78
R G -1 -1 109 93 297 188
G E 1 2 93 109 62 -31
E R 0 -1 109 110 296 187
R Y 0 -2 110 94 172 62
Y OemPeriod -2 -3 94 109 936 842
OemPeriod Space -1 5 109 78 265 156
Space LShiftKey 1 4 78 327 1888 1810
LShiftKey I 2 -8 327 78 234 -93
I Space -3 4 78 109 203 125
Space H 2 -2 109 109 234 125
H A 0 5 109 109 62 -47
A D 0 -2 109 109 203 94
D Space -2 -1 109 94 93 -16
Space T 3 -1 94 94 234 140
T H -1 -1 94 78 172 78
H E 1 3 78 110 62 -16
E Space -3 -1 110 94 125 15
Space S 2 2 94 109 281 187
S U 1 -5 109 94 109 0
U R 0 3 94 125 156 62
R G -1 -1 125 94 343 218
G E 1 2 94 109 63 -31
E R 0 -1 109 125 218 109
R Y 0 -2 125 78 187 62
Y Space -3 2 78 156 219 141
Space A 2 3 156 124 749 593
A N -1 -5 124 78 124 0
N D 1 3 78 125 78 0
D Space -2 -1 125 94 78 -47
Space LShiftKey 1 4 94 203 250 156
LShiftKey I 2 -8 203 93 125 -78
I Space -3 4 93 62 234 141
Space Oem7 2 -7 62 110 639 577
Oem7 Back 2 -2 110 109 671 561
Back Back 0 0 109 63 187 78
Back Oem7 -2 2 63 93 656 593
Oem7 M -1 4 93 78 390 297
M Space -1 3 78 94 171 93
Space F 2 0 94 109 983 889
F I 1 -4 109 62 125 16
I N -2 2 62 78 171 109
N E 2 3 78 78 94 16
E Space -3 -1 78 78 78 0
Space N 1 -2 78 78 203 125
N O 2 -3 78 62 203 125
O W 0 7 62 93 109 47
W OemPeriod -2 -7 93 109 78 -15
OemPeriod Return 1 -3 109 94 5756 5647
Return LShiftKey -1 12 94 531 702 608
LShiftKey T 2 -5 531 109 422 -109
T H -1 -1 109 78 218 109
H I 1 -2 78 78 172 94
I S -1 6 78 109 62 -16
S Space -2 -2 109 109 125 16
Space W 3 2 109 140 156 47
W A -1 1 140 109 265 125
A S 0 -1 109 78 187 78
S Space -2 -2 78 109 125 47
Space T 3 -1 109 94 312 203
T H -1 -1 94 78 187 93
H E 1 3 78 110 31 -47
E Space -3 -1 110 110 156 46
Space C 1 1 110 125 156 46
C L 1 -6 125 124 110 -15
L O 1 0 124 94 202 78
O S -1 7 94 125 125 31
S E 1 -1 125 78 203 78
E S -1 1 78 93 172 94
S T 1 -3 93 78 639 546
T Space -3 1 78 78 203 125
Space LShiftKey 1 4 78 297 2246 2168
LShiftKey I 2 -8 297 94 203 -94
I Oem7 -1 -3 94 109 796 702
Oem7 V -1 7 109 94 1310 1201
V E 2 1 94 125 94 0
E Space -3 -1 125 110 93 -32
Space B 1 -1 110 93 375 265
B E 2 2 93 62 109 16
E E 0 0 62 94 140 78
E N -2 -3 94 62 110 16
N Space -1 2 62 78 156 94
Space T 3 -1 78 110 1138 1060
T O 0 -4 110 78 125 15
O Space -3 5 78 94 203 125
Space F 2 0 94 78 265 171
F A 0 3 78 109 63 -15
A C -1 -2 109 78 109 0
C I 2 -5 78 62 265 187
I N -2 2 62 94 156 94
N G 1 1 94 78 250 156
G Space -2 1 78 78 187 109
Space D 2 1 78 140 281 203
D E 1 0 140 78 218 78
E A -1 2 78 93 203 125
A T 1 -4 93 78 125 32
T H -1 -1 78 78 187 109
H Oemcomma -1 -2 78 63 1778 1700
Oemcomma Space -1 4 63 156 172 109
Space A 2 3 156 125 156 0
A N -1 -5 125 78 109 -16
N D 1 3 78 125 109 31
D Space -2 -1 125 109 63 -62
Space LShiftKey 1 4 109 188 358 249
LShiftKey I 2 -8 188 62 94 -94
I Space -3 4 62 63 187 125
Space H 2 -2 63 78 203 140
H O 1 -3 78 94 218 140
O P 0 -1 94 62 172 78
P E 0 7 62 109 78 16
E Space -3 -1 109 78 1700 1591
Space I 3 -4 78 94 562 484
I T 0 3 94 78 265 171
T Oem7 -1 -6 78 93 562 484
Oem7 S 0 9 93 109 62 -31
S Space -2 -2 109 78 172 63
Space T 3 -1 78 78 1950 1872
T H -1 -1 78 78 156 78
H E 1 3 78 94 62 -16
E Space -3 -1 94 94 125 31
Space C 1 1 94 109 562 468
C L 1 -6 109 94 124 15
L O 1 0 94 78 219 125
O S -1 7 78 78 249 171
S E 1 -1 78 94 172 94
E S -1 1 94 93 203 109
S T 1 -3 93 93 156 63
T Space -3 1 93 93 234 141
Space LShiftKey 1 4 93 343 1685 1592
LShiftKey I 2 -8 343 62 265 -78
I Space -3 4 62 78 187 125
Space G 2 -1 78 78 265 187
G E 1 2 78 109 63 -15
E T 0 -2 109 78 93 -16
T Space -3 1 78 94 234 156
Space F 2 0 94 109 1311 1217
F O 1 -5 109 78 78 -31
O R 0 5 78 78 124 46
R Space -3 0 78 78 94 16
Space A 2 3 78 94 140 62
A Space -2 -3 94 78 110 16
Space F 2 0 78 78 390 312
F E 1 1 78 94 140 62
E W 0 1 94 78 218 124
W Space -3 -2 78 109 172 94
Space M 1 -3 109 78 998 889
M O 2 -2 78 93 219 141
O R 0 5 93 78 156 63
R E 0 1 78 110 171 93
E Space -3 -1 110 78 125 15
Space D 2 1 78 78 297 219
D E 1 0 78 109 156 78
E C -2 0 109 78 436 327
C A 1 2 78 94 125 47
A D 0 -2 94 78 406 312
D E 1 0 78 93 156 78
E S -1 1 93 109 203 110
S OemPeriod -1 -7 109 62 1638 1529
OemPeriod Space -1 5 62 78 218 156
Space LShiftKey 1 4 78 328 780 702
LShiftKey H 1 -6 328 93 281 -47
H A 0 5 93 110 171 78
A V -1 -3 110 78 78 -32
V I 2 -4 78 78 219 141
I N -2 2 78 78 171 93
N G 1 1 78 93 63 -15
G Space -2 1 93 94 93 0
Space A 2 3 94 94 156 62
A S 0 -1 94 31 16 -78
S Space -2 -2 31 93 94 63
Space Back 4 -9 93 62 858 765
Back Back 0 0 62 78 156 94
Back Back 0 0 78 94 795 717
Back L -2 4 94 93 250 156
L I 1 1 93 93 203 110
I V -2 4 93 94 280 187
V E 2 1 94 63 125 31
E D -1 0 63 78 156 93
D Space -2 -1 78 93 63 -15
Space T 3 -1 93 109 187 94
T H -1 -1 109 109 78 -31
H R 1 2 109 110 249 140
R O 0 -5 110 94 125 15
O U 0 2 94 78 281 187
U G -1 2 78 78 187 109
G H 0 -1 78 62 172 94
H Space -2 2 62 78 187 125
Space I 3 -4 78 78 1045 967
I T 0 3 78 110 187 109
T Oemcomma -2 -3 110 62 297 187
Oemcomma Space -1 4 62 94 171 109
Space LShiftKey 1 4 94 249 734 640
LShiftKey I 2 -8 249 78 171 -78
I Space -3 4 78 109 203 125
Space C 1 1 109 78 94 -15
C A 1 2 78 109 218 140
A N -1 -5 109 63 109 0
N Space -1 2 63 109 125 62
Space N 1 -2 109 94 702 593
N O 2 -3 94 78 218 124
O W 0 7 78 109 94 16
W Space -3 -2 109 125 109 0
Space S 2 2 125 78 219 94
S A 0 1 78 94 202 124
A Y 1 -5 94 78 110 16
Y Space -3 2 78 93 187 109
Space T 3 -1 93 78 249 156
T H -1 -1 78 78 172 94
H A 0 5 78 109 78 0
A T 1 -4 109 93 94 -15
T Space -3 1 93 94 249 156
Space Back 4 -9 94 78 484 390
Back Back 0 0 78 78 140 62
Back Back 0 0 78 63 156 78
Back I -1 5 63 63 733 670
I S -1 6 63 109 94 31
S Space -2 -2 109 93 94 -15
Space T 3 -1 93 109 187 94
T O 0 -4 109 78 93 -16
O Space -3 5 78 125 203 125
Space Y 3 -2 125 125 234 109
Y O 0 -3 125 140 94 -31
O U 0 2 140 93 125 -15
U Space -3 3 93 109 1326 1233
Space W 3 2 109 109 312 203
W I 0 -6 109 93 78 -31
I T 0 3 93 78 171 78
T H -1 -1 78 78 31 -47
H Space -2 2 78 62 219 141
Space Space 0 0 62 156 109 47
Space A 2 3 156 78 187 31
A Space -2 -3 78 94 156 78
Space B 1 -1 94 93 453 359
B I 2 -3 93 78 218 125
I T 0 3 78 109 78 0
T Space -3 1 109 78 140 31
Space M 1 -3 78 125 203 125
M O 2 -2 125 109 219 94
O R 0 5 109 94 93 -16
R E 0 1 94 78 203 109
E Space -3 -1 78 78 109 31
Space C 1 1 78 93 3058 2980
C E 2 0 93 93 125 32
E R 0 -1 93 78 109 16
R T 0 -1 78 93 234 156
T A -1 4 93 109 109 16
A I 1 -7 109 62 172 63
I N -2 2 62 109 187 125
N L 1 -3 109 94 499 390
L Y 1 3 94 93 250 156
Y Space -3 2 93 93 499 406
Space Back 4 -9 93 62 546 453
Back Back 0 0 62 78 125 63
Back Back 0 0 78 46 156 78
Back U -1 6 46 62 780 734
U Back 1 -6 62 94 483 421
Back I -1 5 94 93 843 749
I T 0 3 93 94 280 187
T Y 0 -1 94 78 172 78
Y Space -3 2 78 93 203 125
Space T 3 -1 93 62 265 172
T H -1 -1 62 109 172 110
H A 0 5 109 109 140 31
A T 1 -4 109 94 78 -31
T Space -3 1 94 94 265 171
Space Back 4 -9 94 94 905 811
Back Back 0 0 94 78 156 62
Back N -3 7 78 78 842 764
N Space -1 2 78 94 172 94
Space W 3 2 94 110 2168 2074
W H -1 -4 110 78 94 -16
H E 1 3 78 124 94 16
E N -2 -3 124 78 62 -62
N Space -1 2 78 93 172 94
Space D 2 1 93 93 1482 1389
D E 1 0 93 63 171 78
E A -1 2 63 62 219 156
A T 1 -4 62 78 124 62
T H -1 -1 78 62 188 110
H Space -2 2 62 93 187 125
Space W 3 2 93 78 405 312
W A -1 1 78 94 234 156
A S 0 -1 94 94 172 78
S Space -2 -2 94 78 94 0
Space A 2 3 78 93 187 109
A Space -2 -3 93 94 31 -62
Space U 3 -3 94 93 562 468
U S -1 5 93 109 78 -15
S E 1 -1 109 109 187 78
E F -1 -1 109 94 249 140
F U 1 -3 94 94 172 78
U L -1 -2 94 94 218 124
L Space -2 5 94 110 14898 14804
Space B 1 -1 110 93 531 421
B U 2 -2 93 78 203 110
U T 0 2 78 47 202 124
T Space -3 1 47 125 172 125
Space P 3 -6 125 93 640 515
P U 0 3 93 93 265 172
U R 0 3 93 78 312 219
R E 0 1 78 125 78 0
E L -1 -6 125 94 265 140
L Y 1 3 94 78 312 218
Y Space -3 2 78 94 1404 1326
Space I 3 -4 94 63 686 592
I N -2 2 63 94 156 93
N T 2 1 94 78 281 187
T E 0 2 78 78 94 16
E L -1 -6 78 78 218 140
L L 0 0 78 78 156 78
L E 1 6 78 78 297 219
E C -2 0 78 109 374 296
C T 2 -2 109 94 296 187
T U 0 -2 94 78 484 390
U A -1 6 78 124 172 94
A L 0 -8 124 109 140 16
L Space -2 5 109 93 562 453
Space C 1 1 93 125 421 328
C O 2 -6 125 94 109 -16
O N -2 3 94 94 218 124
N C 0 3 94 78 156 62
C E 2 0 78 109 188 110
E P 0 -7 109 93 156 47
P T 0 5 93 125 140 47
T RShiftKey -2 -6 125 343 437 312
RShiftKey Oem1 1 1 343 140 203 -140
Oem1 Return 0 -2 140 109 390 250
Return LShiftKey -1 12 109 281 1450 1341
LShiftKey N 0 -6 281 78 219 -62
N O 2 -3 78 78 265 187
O Space -3 5 78 94 234 156
Space O 3 -5 94 78 234 140
O N -2 3 78 78 187 109
N E 2 3 78 109 141 63
E Space -3 -1 109 93 31 -78
Space W 3 2 93 93 593 500
W A -1 1 93 94 202 109
A N -1 -5 94 62 656 562
N T 2 1 62 62 234 172
T S -1 3 62 94 62 0
S Space -2 -2 94 93 125 31
Space T 3 -1 93 109 125 32
T O 0 -4 109 78 124 15
O Space -3 5 78 140 188 110
Space D 2 1 140 140 218 78
D I 1 -5 140 125 125 -15
I E 0 5 125 140 109 -16
E OemPeriod -2 -6 140 78 1139 999
OemPeriod Space -1 5 78 124 203 125
Space LShiftKey 1 4 124 234 78 -46
LShiftKey E 2 -3 234 124 156 -78
E V -2 -1 124 93 187 63
V E 2 1 93 93 125 32
E N -2 -3 93 62 78 -15
N Space -1 2 62 93 156 94
Space P 3 -6 93 94 296 203
P E 0 7 94 109 94 0
E O 0 -6 109 78 93 -16
O P 0 -1 78 78 172 94
P L -1 1 78 78 156 78
L E 1 6 78 78 125 47
E Space -3 -1 78 63 93 15
Space N 1 -2 63 47 16 -47
N W 2 4 47 109 1841 1794
W H -1 -4 109 94 93 -16
H O 1 -3 94 78 203 109
O Space -3 5 78 110 187 109
Space W 3 2 110 109 125 15
W A -1 1 109 93 219 110
A N -1 -5 93 78 93 0
N T 2 1 78 78 203 125
T Space -3 1 78 109 203 125
Space T 3 -1 109 93 125 16
T O 0 -4 93 78 124 31
O Space -3 5 78 125 203 125
Space G 2 -1 125 141 624 499
G O 1 -4 141 93 94 -47
O Space -3 5 93 93 234 141
Space T 3 -1 93 109 983 890
T O 0 -4 109 63 124 15
O Space -3 5 63 109 172 109
Space H 2 -2 109 93 250 141
H E 1 3 93 78 78 -15
E A -1 2 78 94 202 124
A V -1 -3 94 78 125 31
V E 2 1 78 94 78 0
E N -2 -3 94 78 94 0
N Space -1 2 78 78 889 811
Space D 2 1 78 125 359 281
D O 1 -6 125 62 109 -16
O N -2 3 62 78 187 125
N Oem7 1 -5 78 63 468 390
Oem7 T 1 6 63 109 63 0
T Space -3 1 109 94 124 15
Space Back 4 -9 94 78 4134 4040
Back W -1 11 78 62 3230 3152
W A -1 1 62 94 171 109
A N -1 -5 94 78 109 15
N T 2 1 78 94 125 47
T Space -3 1 94 110 31 -63
Space T 3 -1 110 78 250 140
T O 0 -4 78 47 62 -16
O Space -3 5 47 125 156 109
Space D 2 1 125 109 250 125
D I 1 -5 109 109 94 -15
I E 0 5 109 110 124 15
E Space -3 -1 110 109 344 234
Space T 3 -1 109 109 1185 1076
T O 0 -4 109 62 125 16
O Space -3 5 62 109 187 125
Space G 2 -1 109 62 250 141
G E 1 2 62 94 62 0
E T 0 -2 94 62 94 0
T Space -3 1 62 94 171 109
Space T 3 -1 94 78 203 109
T H -1 -1 78 94 156 78
H E 1 3 94 94 125 31
E R 0 -1 94 94 62 -32
R E 0 1 94 109 110 16
E OemPeriod -2 -6 109 62 967 858
OemPeriod Space -1 5 62 140 187 125
Space LShiftKey 1 4 140 172 78 -62
LShiftKey A 1 -1 172 156 94 -78
A N -1 -5 156 94 140 -16
N D 1 3 94 109 125 31
D Space -2 -1 109 109 62 -47
Space Y 3 -2 109 63 468 359
Y E 0 3 63 94 78 15
E T 0 -2 94 94 78 -16
T Space -3 1 94 124 609 515
Space D 2 1 124 93 811 687
D E 1 0 93 63 171 78
E A -1 2 63 109 203 140
A T 1 -4 109 78 234 125
T H -1 -1 78 62 172 94
H Space -2 2 62 94 171 109
Space I 3 -4 94 94 234 140
I S -1 6 94 110 78 -16
S Space -2 -2 110 94 156 46
Space T 3 -1 94 78 780 686
T H -1 -1 78 78 156 78
H E 1 3 78 109 94 16
E Space -3 -1 109 109 78 -31
Space D 2 1 109 93 203 94
D E 1 0 93 63 171 78
E S -1 1 63 78 188 125
S T 1 -3 78 110 280 202
T I 0 -3 110 63 156 46
I N -2 2 63 78 172 109
N E 2 3 78 94 109 31
E D -1 0 94 78 187 93
D Space -2 -1 78 78 172 94
Space W 3 2 78 93 1186 1108
W E 0 -1 93 125 202 109
E Back 1 -10 125 78 2325 2200
Back Back 0 0 78 78 140 62
Back Back 0 0 78 47 156 78
Back Back 0 0 47 78 125 78
Back Back 0 0 78 78 140 62
Back A -2 12 78 109 562 484
A T 1 -4 109 93 203 94
T I 0 -3 93 78 281 188
I O 0 -1 78 93 343 265
O N -2 3 93 78 187 94
N Space -1 2 78 109 156 78
Space W 3 2 109 78 109 0
W E 0 -1 78 94 156 78
E Space -3 -1 94 125 47 -47
Space A 2 3 125 109 265 140
A L 0 -8 109 78 187 78
L L 0 0 78 93 141 63
L Space -2 5 93 124 203 110
Space S 2 2 124 94 93 -31
S H 0 -4 94 110 109 15
H A 0 5 110 125 78 -32
A R 1 -3 125 94 156 31
R E 0 1 94 109 63 -31
E OemPeriod -2 -6 109 124 1841 1732
OemPeriod Space -1 5 124 94 405 281
Space LShiftKey 1 4 94 171 531 437
LShiftKey N 0 -6 171 94 93 -78
N O 2 -3 94 62 203 109
O Space -3 5 62 93 172 110
Space O 3 -5 93 78 218 125
O N -2 3 78 78 187 109
N Space -1 2 78 78 203 125
Space Back 4 -9 78 78 952 874
Back E -1 10 78 109 62 -16
E Space -3 -1 109 109 234 125
Space H 2 -2 109 78 733 624
H A 0 5 78 93 141 63
A S 0 -1 93 125 218 125
S Space -2 -2 125 109 265 140
Space E 3 1 109 109 203 94
E V -2 -1 109 109 94 -15
V E 2 1 109 109 93 -16
E R 0 -1 109 93 94 -15
R Space -3 0 93 109 234 141
Space E 3 1 109 94 109 0
E S -1 1 94 110 218 124
S C -1 -1 110 78 266 156
C A 1 2 78 109 234 156
A P 1 -9 109 94 171 62
P E 0 7 94 94 109 15
E D -1 0 94 93 188 94
D Space -2 -1 93 78 109 16
Space I 3 -4 78 93 203 125
I T 0 3 93 109 93 0
T OemPeriod -2 -4 109 93 1966 1857
OemPeriod Space -1 5 93 218 203 110
Space LShiftKey 1 4 218 187 78 -140
LShiftKey A 1 -1 187 125 109 -78
A N -1 -5 125 94 171 46
N D 1 3 94 125 78 -16
D Space -2 -1 125 78 125 0
Space T 3 -1 78 93 2247 2169
T H -1 -1 93 78 187 94
H A 0 5 78 110 93 15
A T 1 -4 110 78 94 -16
T Space -3 1 78 94 218 140
Space I 3 -4 94 62 1748 1654
I S -1 6 62 125 93 31
S Space -2 -2 125 110 109 -16
Space A 2 3 110 94 281 171
A S 0 -1 94 109 172 78
S Space -2 -2 109 94 187 78
Space I 3 -4 94 93 1264 1170
I T 0 3 93 78 764 671
T Space -3 1 78 94 218 140
Space S 2 2 94 109 125 31
S H 0 -4 109 94 125 16
H O 1 -3 94 110 218 124
O U 0 2 110 78 219 109
U L -1 -2 78 109 187 109
L D 0 6 109 125 390 281
D Space -2 -1 125 78 156 31
Space B 1 -1 78 78 187 109
B E 2 2 78 124 63 -15
E Oemcomma -2 -5 124 109 1482 1358
Oemcomma B 0 3 109 125 1731 1622
B E 2 2 125 125 94 -31
E C -2 0 125 94 343 218
C A 1 2 94 140 78 -16
A U 1 -6 140 110 218 78
U S -1 5 110 125 63 -47
S E 1 -1 125 156 203 78
E Space -3 -1 156 94 171 15
Space LShiftKey 1 4 94 281 749 655
LShiftKey D 1 -3 281 94 234 -47
D E 1 0 94 63 187 93
E A -1 2 63 93 297 234
A T 1 -4 93 78 280 187
T H -1 -1 78 78 188 110
H Space -2 2 78 109 187 109
Space I 3 -4 109 78 249 140
I S -1 6 78 94 94 16
S Space -2 -2 94 93 125 31
Space V 1 0 93 94 998 905
V E 2 1 94 124 63 -31
E R 0 -1 124 110 202 78
R Y 0 -2 110 78 203 93
Y Space -3 2 78 109 203 125
Space L 2 -5 109 94 234 125
L I 1 1 94 93 172 78
I K -1 0 93 109 171 78
K E 1 5 109 94 125 16
E L -1 -6 94 109 172 78
L Y 1 3 109 78 296 187
Y Space -3 2 78 109 203 125
Space T 3 -1 109 78 1185 1076
T H -1 -1 78 78 172 94
H E 1 3 78 93 94 16
E Space -3 -1 93 124 78 -15
Space S 2 2 124 109 171 47
S I 1 -6 109 78 94 -15
I N -2 2 78 94 187 109
N G 1 1 94 94 78 -16
G L 0 -4 94 78 156 62
L E 1 6 78 109 125 47
E Space -3 -1 109 78 93 -16
Space B 1 -1 78 93 1233 1155
B E 2 2 93 94 109 16
E S -1 1 94 93 203 109
S T 1 -3 93 62 109 16
T Space -3 1 62 109 172 110
Space I 3 -4 109 63 249 140
I N -2 2 63 78 172 109
N V 0 2 78 109 281 203
V E 2 1 109 109 93 -16
E N -2 -3 109 109 250 141
N T 2 1 109 109 234 125
T I 0 -3 109 109 109 0
I O 0 -1 109 78 172 63
O N -2 3 78 78 171 93
N Space -1 2 78 109 156 78
Space O 3 -5 109 78 265 156
O F -1 5 78 94 94 16
F Space -2 0 94 94 109 15
Space LShiftKey 1 4 94 172 156 62
LShiftKey L 1 -9 172 62 125 -47
L I 1 1 62 94 156 94
I F -1 4 94 94 343 249
F E 1 1 94 125 187 93
E OemPeriod -2 -6 125 109 141 16
OemPeriod Space -1 5 109 94 951 842
Space Space 0 0 94 125 2309 2215
Space LShiftKey 1 4 125 250 3713 3588
LShiftKey I 2 -8 250 78 172 -78
I T 0 3 78 78 234 156
T Space -3 1 78 109 187 109
Space I 3 -4 109 47 234 125
I S -1 6 47 125 62 15
S Space -2 -2 125 94 109 -16
Space LShiftKey 1 4 94 187 188 94
LShiftKey L 1 -9 187 110 46 -141
L I 1 1 110 93 1545 1435
I F -1 4 93 78 296 203
F E 1 1 78 109 63 -15
E Oem7 -1 -8 109 110 1606 1497
Oem7 S 0 9 110 94 390 280
S Space -2 -2 94 78 125 31
Space C 1 1 78 109 1014 936
C H 1 -3 109 78 78 -31
H A 0 5 78 125 156 78
A N -1 -5 125 110 31 -94
N G 1 1 110 78 203 93
G E 1 2 78 94 47 -31
E Space -3 -1 94 140 125 31
Space E 3 1 140 109 234 94
E V -2 -1 109 78 187 78
V E 2 1 78 110 62 -16
E N -2 -3 110 78 110 0
N T 2 1 78 109 140 62
T OemPeriod -2 -4 109 78 328 219
OemPeriod Space -1 5 78 110 202 124
Space Back 4 -9 110 94 1170 1060
Back Back 0 0 94 62 172 78
Back Back 0 0 62 78 140 78
Back Back 0 0 78 94 156 78
Back Back 0 0 94 78 219 125
Back Back 0 0 78 93 234 156
Back G -2 8 93 62 577 484
G E 1 2 62 94 78 16
E N -2 -3 94 109 94 0
N T 2 1 109 109 187 78
T OemPeriod -2 -4 109 93 281 172
OemPeriod Space -1 5 93 94 218 125
Space LShiftKey 1 4 94 312 624 530
LShiftKey I 2 -8 312 94 265 -47
I T 0 3 94 78 250 156
T S -1 3 78 109 156 78
S Space -2 -2 109 125 171 62
Space C 1 1 125 124 266 141
C L 1 -6 124 93 109 -15
L E 1 6 93 125 109 16
E A -1 2 125 94 265 140
A R 1 -3 94 78 109 15
R Space -3 0 78 94 203 125
Space Back 4 -9 94 78 3073 2979
Back Back 0 0 78 78 156 78
Back Back 0 0 78 78 141 63
Back Back 0 0 78 63 140 62
Back Back 0 0 63 78 109 46
Back Back 0 0 78 78 141 63
Back Back 0 0 78 78 140 62
Back Back 0 0 78 78 156 78
Back S -2 11 78 156 624 546
S Back 2 -11 156 109 609 453
Back Space -4 9 109 171 343 234
Space C 1 1 171 125 390 219
C L 1 -6 125 125 109 -16
L E 1 6 125 110 296 171
E A -1 2 110 94 234 124
A R 1 -3 94 78 110 16
R S -1 2 78 93 78 0
S Space -2 -2 93 94 140 47
Space O 3 -5 94 93 874 780
O U 0 2 93 93 234 141
U T 0 2 93 140 187 94
T Space -3 1 140 94 218 78
Space T 3 -1 94 78 1077 983
T H -1 -1 78 78 156 78
H E 1 3 78 78 62 -16
E Space -3 -1 78 94 109 31
Space O 3 -5 94 78 234 140
O L -1 0 78 94 156 78
L D 0 6 94 78 78 -16
D Space -2 -1 78 78 156 78
Space T 3 -1 78 109 1389 1311
T O 0 -4 109 62 109 0
O Space -3 5 62 93 203 141
Space M 1 -3 93 94 202 109
M A 1 6 94 109 63 -31
A K 0 -7 109 78 125 16
K E 1 5 78 109 62 -16
E Space -3 -1 109 93 125 16
Space A 2 3 93 93 203 110
A Back 2 -12 93 110 436 343
Back W -1 11 110 78 453 343
W A -1 1 78 94 187 109
A Y 1 -5 94 63 187 93
Y Space -3 2 63 109 203 140
Space F 2 0 109 125 109 0
F O 1 -5 125 78 141 16
O R 0 5 78 109 62 -16
R Space -3 0 109 62 172 63
Space T 3 -1 62 94 218 156
T H -1 -1 94 78 187 93
H E 1 3 78 94 78 0
E Space -3 -1 94 94 109 15
Space M 1 -3 94 78 905 811
M Back 3 -6 78 109 390 312
Back N -3 7 109 94 281 172
N E 2 3 94 78 78 -16
E W 0 1 78 94 187 109
W OemPeriod -2 -7 94 78 141 47
OemPeriod Space -1 5 78 93 234 156
Space LShiftKey 1 4 93 515 1497 1404
LShiftKey R 2 -4 515 124 422 -93
R I 0 -4 124 78 234 110
I G -1 3 78 94 202 124
G H 0 -1 94 78 156 62
H T 1 1 78 109 94 16
T Space -3 1 109 78 78 -31
Space N 1 -2 78 78 187 109
N O 2 -3 78 78 203 125
O W 0 7 78 109 94 16
W Space -3 -2 109 78 140 31
Space T 3 -1 78 93 1217 1139
T H -1 -1 93 78 171 78
H E 1 3 78 110 78 0
E Space -3 -1 110 94 94 -16
Space N 1 -2 94 109 187 93
N E 2 3 109 93 94 -15
E W 0 1 93 93 203 110
W Space -3 -2 93 78 93 0
Space I 3 -4 78 62 219 141
I S -1 6 62 93 78 16
S Space -2 -2 93 93 109 16
Space Y 3 -2 93 78 249 156
Y O 0 -3 78 94 203 125
O U 0 2 94 78 187 93
U U 0 0 78 125 1342 1264
U Back 1 -6 125 125 671 546
Back Oemcomma -3 5 125 93 1607 1482
Oemcomma Space -1 4 93 109 234 141
Space B 1 -1 109 78 998 889
B U 2 -2 78 94 218 140
U T 0 2 94 78 203 109
T Space -3 1 78 125 187 109
Space S 2 2 125 109 141 16
S O 1 -7 109 62 125 16
O M -2 2 62 94 171 109
M E 2 4 94 109 78 -16
E D -1 0 109 78 234 125
D A 0 2 78 94 203 125
A Y 1 -5 94 78 47 -47
Y Space -3 2 78 93 203 125
Space N 1 -2 93 63 1497 1404
N O 2 -3 63 46 219 156
O T 0 4 46 109 62 16
T Space -3 1 109 109 94 -15
Space T 3 -1 109 93 156 47
T O 0 -4 93 94 46 -47
O O 0 0 94 78 203 109
O Space -3 5 78 110 265 187
Space L 2 -5 110 78 312 202
L O 1 0 78 78 203 125
O N -2 3 78 94 203 125
N G 1 1 94 93 125 31
G Space -2 1 93 125 78 -15
Space F 2 0 125 62 359 234
F R 1 0 62 78 156 94
R O 0 -5 78 78 124 46
O M -2 2 78 78 188 110
M Space -1 3 78 78 171 93
Space N 1 -2 78 94 4758 4680
N O 2 -3 94 94 234 140
O W 0 7 94 110 109 15
W Oemcomma -2 -6 110 78 1014 904
Oemcomma Space -1 4 78 125 172 94
Space Y 3 -2 125 78 562 437
Y O 0 -3 78 78 218 140
O U 0 2 78 62 172 94
U Space -3 3 62 109 171 109
Space W 3 2 109 109 172 63
W I 0 -6 109 78 109 0
I L -1 -1 78 78 172 94
L L 0 0 78 62 140 62
L Space -2 5 62 94 218 156
Space G 2 -1 94 78 468 374
G R 1 1 78 78 172 94
R A -1 3 78 109 78 0
A D 0 -2 109 78 125 16
D U 1 -4 78 93 281 203
U A -1 6 93 109 93 0
A L 0 -8 109 78 141 32
L L 0 0 78 94 140 62
L Y 1 3 94 109 234 140
Y Space -3 2 109 78 1310 1201
Space B 1 -1 78 93 1592 1514
B E 2 2 93 109 93 0
E C -2 0 109 93 250 141
C O 2 -6 93 93 78 -15
O M -2 2 93 94 187 94
M E 2 4 94 109 109 15
E Space -3 -1 109 93 2590 2481
Space T 3 -1 93 63 405 312
T H -1 -1 63 94 156 93
H E 1 3 94 93 110 16
E Space -3 -1 93 109 78 -15
Space O 3 -5 109 78 249 140
O L -1 0 78 94 156 78
L D 0 6 94 94 78 -16
D Space -2 -1 94 218 141 47
Space A 2 3 218 93 655 437
A D 0 -2 93 125 187 94
D Space -2 -1 125 94 62 -63
Space Back 4 -9 94 94 1186 1092
Back Back 0 0 94 63 187 93
Back N -3 7 63 78 702 639
N D 1 3 78 109 63 -15
D Space -2 -1 109 94 93 -16
Space B 1 -1 94 93 219 125
B E 2 2 93 94 93 0
E Space -3 -1 94 109 78 -16
Space C 1 1 109 110 421 312
C L 1 -6 110 94 125 15
L E 1 6 94 125 156 62
E A -1 2 125 109 250 125
A R 1 -3 109 78 140 31
R E 0 1 78 78 94 16
E D -1 0 78 78 171 93
D Space -2 -1 78 125 94 16
Space A 2 3 125 125 203 78
A W 1 -1 125 93 203 78
W A -1 1 93 78 202 109
A Y 1 -5 78 93 141 63
Y OemPeriod -2 -3 93 93 1170 1077
OemPeriod Space -1 5 93 171 203 110
Space LShiftKey 1 4 171 156 93 -78
LShiftKey S 1 -2 156 125 78 -78
S O 1 -7 125 125 156 31
O R 0 5 125 78 250 125
R R 0 0 78 93 156 78
R Y 0 -2 93 78 47 -46
Y Space -3 2 78 109 327 249
Space T 3 -1 109 109 1498 1389
T O 0 -4 109 78 125 16
O Space -3 5 78 62 218 140
Space B 1 -1 62 78 203 141
B E 2 2 78 94 62 -16
E Space -3 -1 94 125 94 0
Space S 2 2 125 94 171 46
S O 1 -7 94 78 110 16
O Space -3 5 78 140 187 109
Space D 2 1 140 93 468 328
D A 0 2 93 93 78 -15
A R 1 -3 93 78 93 0
R A -1 3 78 78 188 110
A M -1 -6 78 94 140 62
M A 1 6 94 94 140 46
A T 1 -4 94 78 219 125
T C -2 2 78 109 140 62
C I 2 -5 109 78 78 -31
I Back 1 -5 78 78 811 733
Back Back 0 0 78 78 156 78
Back O -1 4 78 93 843 765
O C -2 6 93 109 109 16
C Back 3 -10 109 93 1108 999
Back Back 0 0 93 78 156 63
Back I -1 5 78 93 312 234
I C -2 5 93 109 93 0
C Left -1 -8 109 94 1451 1342
Left Left 0 0 94 62 172 78
Left Back 4 -2 62 93 967 905
Back A -2 12 93 109 140 47
A Back 2 -12 109 93 4353 4244
Back Right -4 0 93 62 546 453
Right Right 0 0 62 78 124 62
Right Right 0 0 78 31 141 63
Right Right 0 0 31 63 171 140
Right Right 0 0 63 63 156 93
Right Right 0 0 63 78 141 78
Right Right 0 0 78 93 780 702
Right OemPeriod 1 4 93 94 374 281
OemPeriod Back 3 -4 94 93 1623 1529
Back Oemcomma -3 5 93 78 717 624
Oemcomma Space -1 4 78 93 172 94
Space B 1 -1 93 78 249 156
B U 2 -2 78 78 188 110
U T 0 2 78 109 93 15
T Space -3 1 109 93 94 -15
Space I 3 -4 93 78 234 141
I T 0 3 78 93 78 0
T Space -3 1 93 109 125 32
Space I 3 -4 109 78 218 109
I S -1 6 78 94 109 31
S Space -2 -2 94 93 94 0
Space Q 3 3 93 124 827 734
Q U 0 -6 124 93 109 -15
U I 0 -1 93 78 171 78
I T 0 3 78 78 203 125
T E 0 2 78 94 78 0
E Space -3 -1 94 110 109 15
Space T 3 -1 110 94 234 124
T R 0 1 94 78 125 31
R U 0 -3 78 93 172 94
U E 0 4 93 94 109 16
E OemPeriod -2 -6 94 78 328 234
OemPeriod Return 1 -3 78 140 811 733
Return LShiftKey -1 12 140 375 1544 1404
LShiftKey Y 2 -6 375 93 328 -47
Y O 0 -3 93 78 234 141
O U 0 2 78 78 171 93
U R 0 3 78 124 110 32
R Space -3 0 124 141 93 -31
Space T 3 -1 141 125 234 93
T I 0 -3 125 78 78 -47
I M -2 1 78 78 172 94
M E 2 4 78 109 78 0
E Space -3 -1 109 93 78 -31
Space I 3 -4 93 62 203 110
I S -1 6 62 109 62 0
S Space -2 -2 109 109 94 -15
Space L 2 -5 109 78 202 93
L I 1 1 78 62 188 110
I M -2 1 62 94 140 78
M I 2 -1 94 78 187 93
I T 0 3 78 78 219 141
T E 0 2 78 78 78 0
E D -1 0 78 94 171 93
D Oemcomma -1 -5 94 93 952 858
Oemcomma Space -1 4 93 171 234 141
Space S 2 2 171 94 249 78
S O 1 -7 94 94 78 -16
O Space -3 5 94 156 203 109
Space D 2 1 156 172 156 0
D O 1 -6 172 78 297 125
O N -2 3 78 94 202 124
N Oem7 1 -5 94 78 344 250
Oem7 T 1 6 78 94 93 15
T Space -3 1 94 78 125 31
Space W 3 2 78 94 936 858
W A -1 1 94 78 203 109
A S 0 -1 78 94 171 93
S T 1 -3 94 62 141 47
T E 0 2 62 93 78 16
E Space -3 -1 93 94 109 16
Space I 3 -4 94 78 983 889
I T 0 3 78 109 109 31
T Space -3 1 109 93 94 -15
Space L 2 -5 93 94 202 109
L I 1 1 94 94 203 109
I V -2 4 94 109 281 187
V I 2 -4 109 62 78 -31
I N -2 2 62 78 172 110
N G 1 1 78 93 78 0
G Space -2 1 93 93 78 -15
Space S 2 2 93 109 858 765
S O 1 -7 109 62 109 0
O M -2 2 62 93 156 94
M E 2 4 93 94 109 16
E O 0 -6 94 78 140 46
O N -2 3 78 78 188 110
N E 2 3 78 94 93 15
E Space -3 -1 94 31 141 47
Space E 3 1 31 94 982 951
E L -1 -6 94 94 78 -16
L S 0 7 94 109 172 78
S E 1 -1 109 124 172 63
E Oem7 -1 -8 124 78 374 250
Oem7 S 0 9 78 94 62 -16
S Space -2 -2 94 93 188 94
Space L 2 -5 93 93 1981 1888
L I 1 1 93 78 203 110
I F -1 4 78 63 124 46
F E 1 1 63 78 188 125
E OemPeriod -2 -6 78 62 109 31
OemPeriod Space -1 5 62 94 187 125
Space LShiftKey 1 4 94 608 468 374
LShiftKey D 1 -3 608 110 530 -78
D O 1 -6 110 78 172 62
O N -2 3 78 94 187 109
N Oem7 1 -5 94 78 437 343
Oem7 T 1 6 78 109 78 0
T Space -3 1 109 93 125 16
Space B 1 -1 93 78 218 125
B E 2 2 78 78 63 -15
E Space -3 -1 78 94 93 15
Space T 3 -1 94 78 250 156
T R 0 1 78 93 156 78
R A -1 3 93 109 109 16
A P 1 -9 109 78 203 94
P P 0 0 78 78 156 78
P E 0 7 78 94 93 15
E D -1 0 94 78 188 94
D Space -2 -1 78 94 124 46
Space B 1 -1 94 78 1358 1264
B Y 2 -1 78 78 202 124
Y Space -3 2 78 156 188 110
Space D 2 1 156 109 187 31
D O 1 -6 109 94 109 0
O G -1 4 94 93 484 390
G M -1 -2 93 94 405 312
M A 1 6 94 94 78 -16
A Space -2 -3 94 125 811 717
Space OemMinus 4 -7 125 63 125 0
OemMinus Space -4 7 63 93 406 343
Space W 3 2 93 125 312 219
W H -1 -4 125 78 109 -16
H I 1 -2 78 78 187 109
I C -2 5 78 109 94 16
C H 1 -3 109 93 78 -31
H Space -2 2 93 94 218 125
Space I 3 -4 94 63 2262 2168
I S -1 6 63 93 94 31
S Space -2 -2 93 110 93 0
Space L 2 -5 110 78 234 124
L I 1 1 78 94 172 94
I V -2 4 94 109 468 374
V I 2 -4 109 78 78 -31
I N -2 2 78 78 172 94
N G 1 1 78 109 93 15
G Space -2 1 109 78 78 -31
Space W 3 2 78 124 1779 1701
W I 0 -6 124 63 124 0
I T 0 3 63 124 110 47
T H -1 -1 124 78 78 -46
H Space -2 2 78 78 187 109
Space T 3 -1 78 78 218 140
T H -1 -1 78 78 156 78
H E 1 3 78 125 94 16
E Space -3 -1 125 93 78 -47
Space R 3 0 93 94 140 47
R E 0 1 94 94 187 93
E S -1 1 94 93 219 125
S U 1 -5 93 62 125 32
U L -1 -2 62 94 171 109
L T 1 4 94 93 94 0
T Space -3 1 93 78 967 874
Space O 3 -5 78 78 827 749
O F -1 5 78 110 93 15
F Space -2 0 110 124 110 0
Space O 3 -5 124 78 436 312
O T 0 4 78 78 250 172
T H -1 -1 78 109 172 94
H E 1 3 109 78 78 -31
E R 0 -1 78 125 140 62
R Space -3 0 125 62 156 31
Space P 3 -6 62 78 234 172
P E 0 7 78 93 94 16
E O 0 -6 93 78 78 -15
O P 0 -1 78 78 171 93
P L -1 1 78 94 156 78
L E 1 6 94 94 125 31
E Oem7 -1 -8 94 78 390 296
Oem7 S 0 9 78 109 172 94
S Space -2 -2 109 94 124 15
Space T 3 -1 94 125 390 296
T H -1 -1 125 94 94 -31
H I 1 -2 94 63 187 93
I N -2 2 63 93 172 109
N K 1 -2 93 78 187 94
K I 1 0 78 110 140 62
I N -2 2 110 78 219 109
N G 1 1 78 93 78 0
G N -1 -1 93 78 78 -15
N Back 3 -7 78 94 1669 1591
Back OemPeriod -3 4 94 78 499 405
OemPeriod Space -1 5 78 31 297 219
Space LShiftKey 1 4 31 437 1497 1466
LShiftKey D 1 -3 437 125 328 -109
D O 1 -6 125 94 265 140
O N -2 3 94 78 203 109
N Oem7 1 -5 78 78 406 328
Oem7 T 1 6 78 109 62 -16
T Space -3 1 109 78 140 31
Space L 2 -5 78 78 266 188
L E 1 6 78 140 78 0
E T 0 -2 140 94 218 78
T Space -3 1 94 109 203 109
Space T 3 -1 109 62 905 796
T H -1 -1 62 109 187 125
H E 1 3 109 125 140 31
E Space -3 -1 125 78 109 -16
Space N 1 -2 78 63 234 156
N O 2 -3 63 78 203 140
O I 0 1 78 109 172 94
I S -1 6 109 125 187 78
S E 1 -1 125 125 203 78
E Space -3 -1 125 94 93 -32
Space O 3 -5 94 94 2387 2293
O F -1 5 94 110 187 93
F Space -2 0 110 94 94 -16
Space O 3 -5 94 109 281 187
O T 0 4 109 78 281 172
T H -1 -1 78 94 171 93
H R 1 2 94 94 265 171
R Back 1 -9 94 156 484 390
Back E -1 10 156 109 125 -31
E R 0 -1 109 110 171 62
R S -1 2 110 94 468 358
S Oem7 0 -9 94 78 1826 1732
Oem7 Space -2 7 78 94 202 124
Space O 3 -5 94 78 281 187
O P 0 -1 78 94 156 78
P I 0 2 94 93 328 234
I N -2 2 93 78 405 312
N I 2 -2 78 93 188 110
I O 0 -1 93 93 156 63
O N -2 3 93 78 171 78
N Space -1 2 78 93 172 94
Space D 2 1 93 110 1887 1794
D R 1 -1 110 109 188 78
R O 0 -5 109 78 187 78
O W 0 7 78 109 125 47
W N -2 -4 109 78 93 -16
N Space -1 2 78 94 156 78
Space O 3 -5 94 94 1513 1419
O U 0 2 94 78 219 125
U T 0 2 78 78 265 187
T Space -3 1 78 93 203 125
Space Y 3 -2 93 47 889 796
Y O 0 -3 47 125 452 405
O U 0 2 125 78 250 125
U R 0 3 78 109 187 109
R Space -3 0 109 109 1529 1420
Space O 3 -5 109 109 749 640
O W 0 7 109 110 171 62
W N -2 -4 110 78 125 15
N Space -1 2 78 78 172 94
Space I 3 -4 78 62 203 125
I N -2 2 62 78 171 109
N N 0 0 78 109 156 78
N E 2 3 109 125 94 -15
E R 0 -1 125 78 171 46
R Space -3 0 78 94 250 172
Space V 1 0 94 94 842 748
V O 2 -5 94 109 110 16
O I 0 1 109 94 202 93
I C -2 5 94 93 219 125
C E 2 0 93 125 187 94
E OemPeriod -2 -6 125 93 172 47
OemPeriod Space -1 5 93 125 218 125
Space LShiftKey 1 4 125 328 733 608
LShiftKey A 1 -1 328 125 234 -94
A N -1 -5 125 78 250 125
N D 1 3 78 125 93 15
D Space -2 -1 125 110 78 -47
Space M 1 -3 110 93 266 156
M O 2 -2 93 78 218 125
O S -1 7 78 109 94 16
S T 1 -3 109 78 156 47
T Space -3 1 78 109 187 109
Space I 3 -4 109 78 234 125
I M -2 1 78 94 171 93
M P 2 -3 94 78 203 109
P O 0 1 78 93 141 63
O R 0 5 93 125 109 16
R T 0 -1 125 93 203 78
T A -1 4 93 125 171 78
A N -1 -5 125 78 63 -62
N T 2 1 78 78 218 140
T Oemcomma -2 -3 78 78 2168 2090
Oemcomma Space -1 4 78 109 172 94
Space H 2 -2 109 78 250 141
H A 0 5 78 94 93 15
A V -1 -3 94 78 78 -16
V E 2 1 78 140 94 16
E Space -3 -1 140 109 78 -62
Space T 3 -1 109 94 842 733
T H -1 -1 94 78 187 93
H E 1 3 78 125 63 -15
E Space -3 -1 125 94 109 -16
Space C 1 1 94 109 187 93
C O 2 -6 109 94 78 -31
O U 0 2 94 93 219 125
U R 0 3 93 93 156 63
R A -1 3 93 93 265 172
A G 0 -4 93 78 140 47
G E 1 2 78 109 63 -15
E Space -3 -1 109 78 1747 1638
Space T 3 -1 78 110 483 405
T O 0 -4 110 78 125 15
O Space -3 5 78 109 203 125
Space F 2 0 109 109 187 78
F O 1 -5 109 94 109 0
O L -1 0 94 63 203 109
L L 0 0 63 78 172 109
L O 1 0 78 94 171 93
O W 0 7 94 94 78 -16
W Space -3 -2 94 109 141 47
Space Y 3 -2 109 94 327 218
Y O 0 -3 94 78 234 140
O U 0 2 78 78 188 110
U R 0 3 78 109 156 78
R Space -3 0 109 93 187 78
Space H 2 -2 93 94 296 203
H E 1 3 94 109 94 0
E A -1 2 109 94 249 140
A R 1 -3 94 78 110 16
R T 0 -1 78 94 171 93
T Space -3 1 94 94 983 889
Space A 2 3 94 125 234 140
A N -1 -5 125 78 140 15
N D 1 3 78 109 110 32
D Space -2 -1 109 78 78 -31
Space I 3 -4 78 63 249 171
I N -2 2 63 109 156 93
N T 2 1 109 125 390 281
T U 0 -2 125 94 109 -16
U I 0 -1 94 93 188 94
I T 0 3 93 94 296 203
T I 0 -3 94 93 94 0
I O 0 -1 93 78 156 63
O N -2 3 78 94 171 93
N OemPeriod 0 -3 94 78 905 811
OemPeriod Space -1 5 78 109 187 109
Space LShiftKey 1 4 109 203 94 -15
LShiftKey T 2 -5 203 63 171 -32
T H -1 -1 63 62 172 109
H E 1 3 62 109 47 -15
E Y 0 -3 109 78 109 0
Y Space -3 2 78 125 218 140
Space S 2 2 125 93 531 406
S O 1 -7 93 78 93 0
O M -2 2 78 109 172 94
M E 2 4 109 109 109 0
E H -1 -3 109 94 234 125
H O 1 -3 94 78 234 140
O W 0 7 78 109 359 281
W Space -3 -2 109 94 1435 1326
Space A 2 3 94 109 453 359
A L 0 -8 109 94 592 483
L R 1 5 94 94 515 421
R E 0 1 94 78 125 31
E A -1 2 78 78 218 140
A D 0 -2 78 78 203 125
D Y 1 -3 78 63 109 31
Y Space -3 2 63 109 172 109
Space K 2 -4 109 78 359 250
K N -1 2 78 93 156 78
N O 2 -3 93 78 218 125
O W 0 7 78 109 78 0
W Space -3 -2 109 94 156 47
Space W 3 2 94 110 1513 1419
W H -1 -4 110 47 125 15
H A 0 5 47 109 125 78
A T 1 -4 109 109 47 -62
T Space -3 1 109 125 234 125
Space T 3 -1 125 78 312 187
T R 0 1 78 110 405 327
R U 0 -3 110 109 172 62
U L -1 -2 109 78 2356 2247
L Y 1 3 78 63 280 202
Y Space -3 2 63 109 188 125
Space Y 3 -2 109 93 733 624
Y O 0 -3 93 78 249 156
O U 0 2 78 78 188 110
U Space -3 3 78 94 202 124
Space W 3 2 94 78 765 671
W A -1 1 78 94 187 109
A T 1 -4 94 125 234 140
T Back 1 -8 125 140 796 671
Back N -3 7 140 78 436 296
N T 2 1 78 94 78 0
T Space -3 1 94 110 78 -16
Space T 3 -1 110 93 219 109
T O 0 -4 93 78 62 -31
O Space -3 5 78 94 203 125
Space B 1 -1 94 94 343 249
B E 2 2 94 93 63 -31
E C -2 0 93 94 218 125
C O 2 -6 94 62 94 0
O M -2 2 62 94 171 109
M E 2 4 94 110 109 15
E OemPeriod -2 -6 110 125 203 93
OemPeriod Space -1 5 125 63 967 842
Space LShiftKey 1 4 63 499 406 343
LShiftKey E 2 -3 499 141 421 -78
E V -2 -1 141 109 312 171
V E 2 1 109 94 109 0
E R 0 -1 94 93 188 94
R Y 0 -2 93 78 234 141
Y T 0 1 78 94 140 62
T H -1 -1 94 78 94 0
H I 1 -2 78 62 187 109
I N -2 2 62 94 140 78
N G 1 1 94 94 47 -47
G Space -2 1 94 140 125 31
Space E 3 1 140 109 187 47
E L -1 -6 109 109 109 0
L S 0 7 109 63 109 0
S E 1 -1 63 94 156 93
E Space -3 -1 94 141 78 -16
Space I 3 -4 141 78 234 93
I S -1 6 78 109 94 16
S Space -2 -2 109 93 94 -15
Space S 2 2 93 94 561 468
S E 1 -1 94 94 187 93
E C -2 0 94 78 250 156
C O 2 -6 78 63 109 31
O N -2 3 63 125 156 93
N D 1 3 125 93 453 328
D A 0 2 93 94 62 -31
A R 1 -3 94 94 109 15
R Y 0 -2 94 93 219 125
Y OemPeriod -2 -3 93 78 452 359
OemPeriod Return 1 -3 78 78 1045 967
Return Return 0 0 78 78 156 78
Return LShiftKey -1 12 78 234 468 390
LShiftKey S 1 -2 234 125 172 -62
S T 1 -3 125 93 125 0
T A -1 4 93 93 109 16
A Y 1 -5 93 63 93 0
Y Space -3 2 63 109 172 109
Space H 2 -2 109 78 250 141
H U 1 -1 78 62 156 78
U N -2 1 62 109 156 94
N G 1 1 109 125 140 31
G R 1 1 125 125 499 374
R Y 0 -2 125 94 187 62
Y OemPeriod -2 -3 94 78 1670 1576
OemPeriod Space -1 5 78 125 187 109
Space LShiftKey 1 4 125 156 78 -47
LShiftKey S 1 -2 156 110 93 -63
S T 1 -3 110 94 125 15
T A -1 4 94 94 109 15
A Y 1 -5 94 78 110 16
Y Space -3 2 78 125 249 171
Space F 2 0 125 109 281 156
F O 1 -5 109 78 140 31
O O 0 0 78 93 141 63
O L -1 0 93 94 187 94
L I 1 1 94 109 203 109
I S -1 6 109 94 218 109
S H 0 -4 94 78 78 -16
H OemPeriod -1 -3 78 78 1373 1295
OemPeriod Space -1 5 78 109 172 94
Space LShiftKey 1 4 109 172 93 -16
LShiftKey T 2 -5 172 78 156 -16
T H -1 -1 78 94 187 109
H A 0 5 94 78 32 -62
A LShiftKey -1 1 78 63 15 -63
LShiftKey N 0 -6 63 78 1482 1419
N K 1 -2 78 63 187 109
K Space -2 4 63 110 156 93
Space Y 3 -2 110 78 250 140
Y O 0 -3 78 78 187 109
O U 0 2 78 63 187 109
U Space -3 3 63 124 188 125
Space A 2 3 124 94 670 546
A L 0 -8 94 109 16 -78
L L 0 0 109 94 156 47
L Space -2 5 94 110 218 124
Space V 1 0 110 94 749 639
V E 2 1 94 109 219 125
E R 0 -1 109 94 93 -16
R Y 0 -2 94 62 219 125
Y Space -3 2 62 109 171 109
Space M 1 -3 109 94 234 125
M U 2 0 94 94 187 93
U C -2 4 94 94 125 31
C H 1 -3 94 78 63 -31
H OemPeriod -1 -3 78 110 2308 2230
OemPeriod S 1 7 110 187 14711 14601
