Return RShiftKey -1 1 93 453 43539 43446
RShiftKey M 0 4 453 188 265 -188
M Y 2 1 188 78 999 811
Y Space -3 2 78 141 171 93
Space T 3 -1 141 94 250 109
T H -1 -1 94 62 172 78
H J 0 -1 62 31 15 -47
J Back 2 -6 31 78 1201 1170
Back I -1 5 78 94 640 562
I R 0 4 94 94 156 62
R D -1 1 94 78 468 374
D Space -2 -1 78 124 172 94
Space S 2 2 124 109 140 16
S T 1 -3 109 93 281 172
T O 0 -4 93 78 218 125
O R 0 5 78 78 281 203
R Y 0 -2 78 93 359 281
Y Space -3 2 93 125 156 63
Space I 3 -4 125 110 171 46
I S -1 6 110 93 141 31
S Space -2 -2 93 125 171 78
Space A 2 3 125 125 172 47
A B -1 -4 125 93 94 -31
B O 2 -4 93 94 249 156
O U 0 2 94 94 265 171
U T 0 2 94 93 219 125
T Space -3 1 93 94 187 94
Space D 2 1 94 94 187 93
D E 1 0 94 78 203 109
E A -1 2 78 109 187 109
A T 1 -4 109 78 156 47
T H -1 -1 78 78 219 141
H OemPeriod -1 -3 78 78 436 358
OemPeriod Return 1 -3 78 109 874 796
Return RShiftKey -1 1 109 281 1248 1139
RShiftKey W 2 9 281 93 172 -109
W H -1 -4 93 93 265 172
H E 1 3 93 63 249 156
E N -2 -3 63 78 219 156
N Space -1 2 78 94 140 62
Space RShiftKey 1 -7 94 531 156 62
RShiftKey I 2 3 531 141 343 -188
I Space -3 4 141 156 234 93
Space W 3 2 156 78 156 0
W A -1 1 78 156 156 78
A S 0 -1 156 156 125 -31
S Space -2 -2 156 125 172 16
Space D1 4 3 125 171 203 78
D1 D7 0 -6 171 94 327 156
D7 Oemcomma -3 -1 94 94 1295 1201
Oemcomma Space -1 4 94 140 156 62
Space RShiftKey 1 -7 140 483 172 32
RShiftKey I 2 3 483 124 312 -171
I Space -3 4 124 94 171 47
Space R 3 0 94 110 187 93
R E 0 1 110 93 219 109
E A -1 2 93 140 203 110
A D 0 -2 140 140 140 0
D Space -2 -1 140 141 187 47
Space A 2 3 141 124 219 78
A Space -2 -3 124 172 202 78
Space Q 3 3 172 109 453 281
Q U 0 -6 109 94 249 140
U O 0 -2 94 110 234 140
O T 0 4 110 94 234 124
T E 0 2 94 124 188 94
E Space -3 -1 124 141 873 749
Space T 3 -1 141 62 328 187
T H -1 -1 62 94 140 78
H A 0 5 94 94 109 15
A T 1 -4 94 78 156 62
T Space -3 1 78 109 141 63
Space W 3 2 109 94 140 31
W E 0 -1 94 78 219 125
E N -2 -3 78 78 202 124
N T 2 1 78 93 188 110
T Space -3 1 93 109 187 94
Space S 2 2 109 109 140 31
S O 1 -7 109 93 172 63
O M -2 2 93 109 156 63
M E 2 4 109 78 93 -16
E T 0 -2 78 62 219 141
T H -1 -1 62 94 93 31
H I 1 -2 94 109 141 47
I N -2 2 109 94 140 31
N G 1 1 94 78 63 -31
G Space -2 1 78 78 156 78
Space L 2 -5 78 94 62 -16
L I 1 1 94 78 203 109
I K -1 0 78 94 171 93
K E 1 5 94 94 94 0
E Space -3 -1 94 78 172 78
Space RShiftKey 1 -7 78 1123 187 109
RShiftKey Back 3 -2 1123 78 1388 265
Back RShiftKey -3 2 78 2106 297 219
RShiftKey Oem1 1 1 2106 110 202 -1904
Oem1 Space -2 6 110 109 203 93
Space Oem7 2 -7 109 62 640 531
Oem7 I 1 3 62 78 936 874
I F -1 4 78 78 468 390
F Space -2 0 78 94 171 93
Space Y 3 -2 94 78 266 172
Y O 0 -3 78 109 218 140
O U 0 2 109 78 187 78
U Space -3 3 78 93 141 63
Space L 2 -5 93 93 109 16
L I 1 1 93 93 203 110
I V -2 4 93 78 124 31
V E 2 1 78 94 203 125
E Space -3 -1 94 78 203 109
Space E 3 1 78 62 1732 1654
E A -1 2 62 125 187 125
A C -1 -2 125 109 250 125
C H 1 -3 109 94 249 140
H Space -2 2 94 109 172 78
Space D 2 1 109 78 234 125
D A 0 2 78 78 187 109
A Y 1 -5 78 94 187 109
Y Space -3 2 94 109 172 78
Space A 2 3 109 156 171 62
A S 0 -1 156 125 125 -31
S Space -2 -2 125 110 187 62
Space I 3 -4 110 93 266 156
I F -1 4 93 93 156 63
F Space -2 0 93 93 187 94
Space I 3 -4 93 109 187 94
I T 0 3 109 78 140 31
T Space -3 1 78 94 203 125
Space I 3 -4 94 94 187 93
I S -1 6 94 94 125 31
S Space -2 -2 94 109 172 78
Space Y 3 -2 109 78 218 109
Y O 0 -3 78 94 156 78
O R 0 5 94 78 453 359
R Space -3 0 78 78 156 78
Space L 2 -5 78 78 171 93
L A 0 8 78 125 125 47
A S 0 -1 125 94 109 -16
S T 1 -3 94 94 281 187
T Left -3 -6 94 78 2168 2074
Left Left 0 0 78 78 188 110
Left Left 0 0 78 93 187 109
Left Left 0 0 93 94 187 94
Left Left 0 0 94 93 203 109
Left Left 0 0 93 109 203 110
Left U 3 4 109 62 936 827
U Right -3 -6 62 125 218 156
Right Right 0 0 125 94 234 109
Right Right 0 0 94 110 218 124
Right Right 0 0 110 93 219 109
Right Right 0 0 93 93 203 110
Right Right 0 0 93 140 187 94
Right Oemcomma 1 5 140 62 827 687
Oemcomma Space -1 4 62 141 2589 2527
Space S 2 2 141 124 297 156
S O 1 -7 124 94 218 94
O M -2 2 94 125 187 93
M E 2 4 125 63 234 109
E D -1 0 63 78 203 140
D A 0 2 78 78 203 125
A Y 1 -5 78 94 187 109
Y Space -3 2 94 141 187 93
Space U 3 -3 141 47 1264 1123
U Back 1 -6 47 109 499 452
Back Y -1 7 109 109 203 94
Y O 0 -3 109 94 187 78
O U 0 2 94 78 312 218
U Oem7 -1 -4 78 78 421 343
Oem7 L 0 2 78 63 312 234
L L 0 0 63 94 156 93
L Space -2 5 94 125 172 78
Space C 1 1 125 93 359 234
C E 2 0 93 93 234 141
E R 0 -1 93 78 234 141
R T 0 -1 78 78 234 156
T A -1 4 78 156 265 187
A I 1 -7 156 109 218 62
I N -2 2 109 93 250 141
N L 1 -3 93 93 234 141
L Y 1 3 93 93 312 219
Y Space -3 2 93 62 203 110
Space B 1 -1 62 110 202 140
B E 2 2 110 94 172 62
E Space -3 -1 94 109 172 78
Space R 3 0 109 93 187 78
R I 0 -4 93 109 218 125
I G -1 3 109 93 219 110
G H 0 -1 93 109 171 78
H T 1 1 109 78 156 47
T OemPeriod -2 -4 78 63 1326 1248
OemPeriod RShiftKey 0 -2 63 717 219 156
RShiftKey Oem7 1 0 717 110 514 -203
Oem7 Space -2 7 110 125 546 436
Space RShiftKey 1 -7 125 499 188 63
RShiftKey I 2 3 499 78 358 -141
I T 0 3 78 94 359 281
T Space -3 1 94 93 172 78
Space M 1 -3 93 78 218 125
M A 1 6 78 109 63 -15
A D 0 -2 109 94 202 93
D E 1 0 94 78 203 109
E Space -3 -1 78 109 172 94
Space A 2 3 109 78 140 31
A N -1 -5 78 78 219 141
N Space -1 2 78 62 187 109
Space I 3 -4 62 63 296 234
I M -2 1 63 109 141 78
M P 2 -3 109 78 218 109
P R 0 6 78 78 140 62
R E 0 1 78 94 203 125
E S -1 1 94 94 234 140
S S 0 0 94 109 172 78
S I 1 -6 109 328 93 -16
I O 0 -1 328 172 125 -203
O N -2 3 172 171 172 0
N Space -1 2 171 124 203 32
Space O 3 -5 124 93 187 63
O N -2 3 93 94 171 78
N Space -1 2 94 110 156 62
Space M 1 -3 110 93 141 31
M E 2 4 93 78 156 63
E Oemcomma -2 -5 78 78 889 811
Oemcomma Space -1 4 78 125 125 47
Space A 2 3 125 188 171 46
A N -1 -5 188 78 312 124
N D 1 3 78 94 203 125
D Space -2 -1 94 125 187 93
Space S 2 2 125 93 219 94
S I 1 -6 93 93 203 110
I N -2 2 93 94 171 78
N C 0 3 94 94 109 15
C E 2 0 94 93 188 94
E Space -3 -1 93 109 171 78
Space T 3 -1 109 94 156 47
T H -1 -1 94 94 187 93
H E 1 3 94 109 125 31
E N -2 -3 109 78 187 78
N Space -1 2 78 47 219 141
Space Back 4 -9 47 78 452 405
Back Oemcomma -3 5 78 62 297 219
Oemcomma Space -1 4 62 93 156 94
Space F 2 0 93 62 234 141
F O 1 -5 62 94 140 78
O R 0 5 94 78 109 15
R Space -3 0 78 93 172 94
Space T 3 -1 93 78 171 78
T H -1 -1 78 78 156 78
H E 1 3 78 78 125 47
E Space -3 -1 78 110 109 31
Space P 3 -6 110 94 156 46
P A -1 9 94 141 156 62
A S 0 -1 141 94 125 -16
S T 1 -3 94 78 172 78
T Space -3 1 78 109 140 62
Space D1 4 3 109 110 577 468
D1 D3 0 -2 110 110 234 124
D3 Space -4 -1 110 109 188 78
Space Y 3 -2 109 94 296 187
Y E 0 3 94 93 94 0
E A -1 2 93 156 187 94
A R 1 -3 156 78 171 15
R S -1 2 78 110 156 78
S Oemcomma -1 -6 110 78 812 702
Oemcomma Space -1 4 78 109 156 78
Space RShiftKey 1 -7 109 593 1060 951
RShiftKey I 2 3 593 125 406 -187
I Space -3 4 125 109 250 125
Space H 2 -2 109 78 265 156
H A 0 5 78 94 140 62
A V -1 -3 94 94 156 62
V E 2 1 94 78 141 47
E Space -3 -1 78 109 171 93
Space L 2 -5 109 78 359 250
L O 1 0 78 78 187 109
O O 0 0 78 78 156 78
O K -1 1 78 78 156 78
K E 1 5 78 78 125 47
E D -1 0 78 78 203 125
D Space -2 -1 78 109 140 62
Space I 3 -4 109 94 203 94
I N -2 2 94 109 125 31
N Space -1 2 109 109 187 78
Space T 3 -1 109 62 172 63
T H -1 -1 62 94 140 78
H E 1 3 94 78 125 31
E Space -3 -1 78 93 156 78
Space M 1 -3 93 94 171 78
M O 2 -2 94 31 172 78
O Back 1 -4 31 93 1420 1389
Back I -1 5 93 93 265 172
I T 0 3 93 47 187 94
T Back 1 -8 47 93 328 281
Back R -1 9 93 62 296 203
R R 0 0 62 94 312 250
R O 0 -5 94 94 265 171
O R 0 5 94 93 141 47
R Space -3 0 93 110 748 655
Space E 3 1 110 78 266 156
E V -2 -1 78 78 187 109
V E 2 1 78 78 93 15
E R 0 -1 78 62 219 141
R Y 0 -2 62 78 156 94
Y Space -3 2 78 94 140 62
Space M 1 -3 94 93 219 125
M O 2 -2 93 109 171 78
O R 0 5 109 78 156 47
R N -2 -2 78 93 141 63
N I 2 -2 93 94 171 78
I N -2 2 94 124 141 47
N G 1 1 124 78 171 47
G Space -2 1 78 109 702 624
Space A 2 3 109 125 203 94
A N -1 -5 125 94 218 93
N D 1 3 94 93 110 16
D Space -2 -1 93 109 171 78
Space A 2 3 109 156 172 63
A S 0 -1 156 124 125 -31
S K 0 -6 124 93 187 63
K E 1 5 93 62 125 32
E D -1 0 62 78 202 140
D Space -2 -1 78 94 172 94
Space M 1 -3 94 94 187 93
M Y 2 1 94 78 250 156
Y S -1 4 78 94 171 93
S E 1 -1 94 78 219 125
E L -1 -6 78 78 218 140
L K 0 1 78 63 0 -78
K F 0 4 63 78 390 327
F Left -2 -7 78 93 952 874
Left Back 4 -2 93 78 296 203
Back Right -4 0 78 110 499 421
Right RShiftKey 1 2 110 1622 1826 1716
RShiftKey Oem1 1 1 1622 94 249 -1373
Oem1 Space -2 6 94 141 234 140
Space Oem7 2 -7 141 125 250 109
Oem7 I 1 3 125 109 733 608
I F -1 4 109 63 374 265
F Space -2 0 63 78 188 125
Space T 3 -1 78 63 171 93
T O 0 -4 63 94 203 140
O D -1 6 94 78 172 78
D A 0 2 78 78 187 109
A Y 1 -5 78 94 187 109
Y Space -3 2 94 78 172 78
Space I 3 -4 78 93 234 156
I S -1 6 93 109 140 47
S Space -2 -2 109 156 265 156
Space Back 4 -9 156 94 858 702
Back Back 0 0 94 78 203 109
Back Back 0 0 78 94 312 234
Back W -1 11 94 172 546 452
W E 0 -1 172 125 140 -32
E R 0 -1 125 78 250 125
R E 0 1 78 109 203 125
E Space -3 -1 109 125 187 78
Space T 3 -1 125 78 218 93
T H -1 -1 78 94 172 94
H E 1 3 94 125 125 31
E Space -3 -1 125 109 187 62
Space L 2 -5 109 78 546 437
L A 0 8 78 156 78 0
A S 0 -1 156 109 125 -31
S T 1 -3 109 78 359 250
T Space -3 1 78 94 202 124
Space D 2 1 94 78 250 156
D A 0 2 78 78 203 125
A Y 1 -5 78 78 203 125
Y Space -3 2 78 94 124 46
Space O 3 -5 94 124 188 94
O F -1 5 124 93 187 63
F Space -2 0 93 78 203 110
Space M 1 -3 78 78 156 78
M Y 2 1 78 78 234 156
Y Space -3 2 78 109 140 62
Space L 2 -5 109 78 156 47
L I 1 1 78 93 203 125
I F -1 4 93 94 187 94
F E 1 1 94 78 218 124
E Oemcomma -2 -5 78 78 5632 5554
Oemcomma Space -1 4 78 110 140 62
Space W 3 2 110 125 219 109
W O 0 -7 125 94 171 46
O U 0 2 94 78 234 140
U L -1 -2 78 78 234 156
L D 0 6 78 94 156 78
D Space -2 -1 94 109 188 94
Space RShiftKey 1 -7 109 437 140 31
RShiftKey I 2 3 437 140 250 -187
I Space -3 4 140 94 218 78
Space W 3 2 94 94 140 46
W A -1 1 94 140 188 94
A N -1 -5 140 109 156 16
N T 2 1 109 109 249 140
T Space -3 1 109 78 234 125
Space T 3 -1 78 94 187 109
T O 0 -4 94 93 266 172
O Space -3 5 93 124 156 63
Space D 2 1 124 78 249 125
D O 1 -6 78 94 187 109
O Space -3 5 94 109 172 78
Space W 3 2 109 93 328 219
W H -1 -4 93 94 218 125
H A 0 5 94 109 156 62
A T 1 -4 109 109 156 47
T Space -3 1 109 78 187 78
Space RShiftKey 1 -7 78 374 203 125
RShiftKey I 2 3 374 125 234 -140
I Space -3 4 125 125 203 78
Space A 2 3 125 109 218 93
A M -1 -6 109 78 219 110
M Space -1 3 78 125 171 93
Space A 2 3 125 109 250 125
A B -1 -4 109 94 187 78
B O 2 -4 94 109 234 140
O U 0 2 109 94 218 109
U T 0 2 94 62 188 94
T Space -3 1 62 93 187 125
Space T 3 -1 93 78 218 125
T O 0 -4 78 94 156 78
O Space -3 5 94 124 141 47
Space D 2 1 124 94 218 94
D O 1 -6 94 94 187 93
O Space -3 5 94 125 1498 1404
Space T 3 -1 125 63 249 124
T O 0 -4 63 109 188 125
O D -1 6 109 78 187 78
D A 0 2 78 78 218 140
A Y 1 -5 78 78 172 94
Y RShiftKey -2 -5 78 1155 405 327
RShiftKey OemQuestion 0 1 1155 140 250 -905
OemQuestion Oem7 1 -1 140 140 671 531
Oem7 Space -2 7 140 140 515 375
Space RShiftKey 1 -7 140 265 171 31
RShiftKey A 1 10 265 141 156 -109
A N -1 -5 141 93 328 187
N D 1 3 93 93 125 32
D Space -2 -1 93 62 140 47
Space W 3 2 62 109 156 94
W H -1 -4 109 109 203 94
H E 1 3 109 47 156 47
E N -2 -3 47 109 187 140
N E 2 3 109 94 156 47
E V -2 -1 94 94 374 280
V E 2 1 94 93 110 16
E R 0 -1 93 94 218 125
R Space -3 0 94 156 468 374
Space T 3 -1 156 93 406 250
T H -1 -1 93 94 202 109
H E 1 3 94 109 141 47
E Space -3 -1 109 109 203 94
Space A 2 3 109 124 156 47
A N -1 -5 124 94 218 94
N S 1 4 94 109 109 15
S W 1 0 109 94 234 125
W E 0 -1 94 94 234 140
E R 0 -1 94 109 219 125
R Space -3 0 109 125 202 93
Space H 2 -2 125 94 406 281
H A 0 5 94 171 94 0
A S 0 -1 171 109 140 -31
S Space -2 -2 109 125 187 78
Space B 1 -1 125 78 203 78
B E 2 2 78 93 125 47
E E 0 0 93 125 171 78
E N -2 -3 125 62 562 437
N Space -1 2 62 94 218 156
Space RShiftKey 1 -7 94 1404 188 94
RShiftKey Oem7 1 0 1404 110 592 -812
Oem7 N -1 5 110 109 453 343
N O 2 -3 109 78 593 484
O RShiftKey -2 -2 78 499 343 265
RShiftKey Oem7 1 0 499 140 312 -187
Oem7 Space -2 7 140 109 421 281
Space F 2 0 109 78 265 156
F O 1 -5 78 109 219 141
O R 0 5 109 109 171 62
R Space -3 0 109 109 219 110
Space T 3 -1 109 78 390 281
T O 0 -4 78 94 249 171
O O 0 0 94 109 156 62
O Space -3 5 109 125 125 16
Space M 1 -3 125 78 203 78
M A 1 6 78 94 93 15
A N -1 -5 94 78 156 62
N Y 2 0 78 78 250 172
Y Space -3 2 78 94 156 78
Space D 2 1 94 78 156 62
D A 0 2 78 78 187 109
A Y 1 -5 78 78 156 78
Y S -1 4 78 93 141 63
S Space -2 -2 93 109 187 94
Space I 3 -4 109 109 234 125
I N -2 2 109 94 187 78
N Space -1 2 94 140 156 62
Space A 2 3 140 109 234 94
A Space -2 -3 109 124 172 63
Space R 3 0 124 94 249 125
R O 0 -5 94 94 203 109
O W 0 7 94 94 218 124
W Oemcomma -2 -6 94 78 1030 936
Oemcomma Space -1 4 78 78 187 109
Space RShiftKey 1 -7 78 484 203 125
RShiftKey I 2 3 484 141 265 -219
I Space -3 4 141 125 187 46
Space K 2 -4 125 94 234 109
K N -1 2 94 78 219 125
N O 2 -3 78 93 156 78
O W 0 7 93 94 140 47
W Space -3 -2 94 93 141 47
Space RShiftKey 1 -7 93 374 156 63
RShiftKey I 2 3 374 140 218 -156
I Space -3 4 140 125 156 16
Space N 1 -2 125 94 187 62
N E 2 3 94 63 156 62
E E 0 0 63 78 141 78
E D -1 0 78 109 171 93
D Space -2 -1 109 94 187 78
Space T 3 -1 94 93 188 94
T O 0 -4 93 93 187 94
O Space -3 5 93 141 93 0
Space C 1 1 141 93 188 47
C H 1 -3 93 78 171 78
H A 0 5 78 124 63 -15
A N -1 -5 124 94 171 47
N G 1 1 94 78 203 109
G E 1 2 78 109 203 125
E Space -3 -1 109 125 140 31
Space S 2 2 125 140 172 47
S O 1 -7 140 93 156 16
O M -2 2 93 124 125 32
M E 2 4 124 109 62 -62
E T 0 -2 109 78 234 125
T H -1 -1 78 109 125 47
H I 1 -2 109 125 109 0
I N -2 2 125 94 140 15
N G 1 1 94 93 110 16
G OemPeriod -1 -4 93 78 296 203
OemPeriod Return 1 -3 78 109 1170 1092
Return RShiftKey -1 1 109 280 3963 3854
RShiftKey R 2 7 280 93 156 -124
R E 0 1 93 94 249 156
E M -2 -4 94 78 172 78
M E 2 4 78 109 2075 1997
E M -2 -4 109 93 234 125
M B 0 2 93 93 234 141
B E 2 2 93 78 93 0
E R 0 -1 78 78 203 125
R I 0 -4 78 109 250 172
I N -2 2 109 93 187 78
N G 1 1 93 93 125 32
G Space -2 1 93 62 234 141
Space T 3 -1 62 93 109 47
T H -1 -1 93 93 203 110
H A 0 5 93 94 140 47
A T 1 -4 94 78 156 62
T Space -3 1 78 78 203 125
Space RShiftKey 1 -7 78 390 187 109
RShiftKey I 2 3 390 125 234 -156
I Oem7 -1 -3 125 94 421 296
Oem7 L 0 2 94 63 265 171
L L 0 0 63 78 172 109
L Space -2 5 78 110 140 62
Space B 1 -1 110 94 484 374
B E 2 2 94 78 125 31
E Space -3 -1 78 93 203 125
Space D 2 1 93 78 249 156
D E 1 0 78 62 297 219
E A -1 2 62 109 187 125
A D 0 -2 109 125 140 31
D Space -2 -1 125 140 172 47
Space S 2 2 140 94 140 0
S O 1 -7 94 94 203 109
O O 0 0 94 109 172 78
O N -2 3 109 93 265 156
N Space -1 2 93 125 171 78
Space I 3 -4 125 110 312 187
I S -1 6 110 125 94 -16
S Space -2 -2 125 124 172 47
Space T 3 -1 124 78 187 63
T H -1 -1 78 78 140 62
H E 1 3 78 94 109 31
E Space -3 -1 94 78 172 78
Space M 1 -3 78 125 109 31
M O 2 -2 125 125 125 0
O S -1 7 125 109 94 -31
S T 1 -3 109 109 234 125
T Space -3 1 109 93 187 78
Space I 3 -4 93 125 187 94
I M -2 1 125 109 187 62
M P 2 -3 109 125 187 78
P O 0 1 125 93 141 16
O R 0 5 93 94 140 47
R T 0 -1 94 78 203 109
T A -1 4 78 94 234 156
A N -1 -5 94 94 156 62
N T 2 1 94 78 187 93
T Space -3 1 78 124 219 141
Space T 3 -1 124 125 202 78
T O 0 -4 125 78 328 203
O O 0 0 78 78 156 78
O L -1 0 78 78 203 125
L Space -2 5 78 78 249 171
Space RShiftKey 1 -7 78 390 172 94
RShiftKey I 2 3 390 109 234 -156
I Oem7 -1 -3 109 94 343 234
Oem7 V -1 7 94 109 297 203
V E 2 1 109 125 202 93
E Space -3 -1 125 124 188 63
Space E 3 1 124 94 561 437
E V -2 -1 94 94 234 140
V E 2 1 94 93 94 0
E R 0 -1 93 93 203 110
R Space -3 0 93 78 171 78
Space E 3 1 78 93 141 63
E N -2 -3 93 94 327 234
N C 0 3 94 109 375 281
C O 2 -6 109 109 312 203
O U 0 2 109 94 280 171
U N -2 1 94 141 156 62
N T 2 1 141 78 94 -47
T E 0 2 78 125 187 109
E R 0 -1 125 109 94 -31
R E 0 1 109 94 187 78
E D -1 0 94 109 234 140
D Space -2 -1 109 125 187 78
Space T 3 -1 125 93 250 125
T O 0 -4 93 93 203 110
O Space -3 5 93 125 140 47
Space H 2 -2 125 78 172 47
H E 1 3 78 94 124 46
E L -1 -6 94 78 172 78
L P 1 -1 78 93 203 125
P Space -3 6 93 94 140 47
Space M 1 -3 94 94 187 93
M E 2 4 94 94 156 62
E Space -3 -1 94 124 188 94
Space M 1 -3 124 78 717 593
M A 1 6 78 110 109 31
A K 0 -7 110 93 188 78
K E 1 5 93 94 140 47
E Space -3 -1 94 109 172 78
Space T 3 -1 109 78 530 421
T H -1 -1 78 94 140 62
H E 1 3 94 109 94 0
E Space -3 -1 109 78 156 47
Space B 1 -1 78 93 203 125
B I 2 -3 93 93 156 63
I G -1 3 93 109 140 47
G Space -2 1 109 125 156 47
Space C 1 1 125 141 234 109
C H 1 -3 141 93 141 0
H O 1 -3 93 109 171 78
O I 0 1 109 125 156 47
I C -2 5 125 125 109 -16
C E 2 0 125 93 188 63
E S -1 1 93 125 218 125
S Space -2 -2 125 109 172 47
Space I 3 -4 109 124 312 203
I N -2 2 124 109 156 32
N Space -1 2 109 124 156 47
Space L 2 -5 124 62 374 250
L Oem1 0 -1 62 31 16 -46
Oem1 I 1 2 31 78 187 156
I F -1 4 78 93 156 78
F E 1 1 93 78 187 94
E Left -3 -8 78 78 1186 1108
Left Left 0 0 78 62 218 140
Left Left 0 0 62 78 187 125
Left Back 4 -2 78 93 640 562
Back Right -4 0 93 78 608 515
Right Right 0 0 78 109 234 156
Right Right 0 0 109 78 265 156
Right OemPeriod 1 4 78 63 983 905
OemPeriod Space -1 5 63 125 2137 2074
Space RShiftKey 1 -7 125 390 234 109
RShiftKey B 0 6 390 109 266 -124
B E 2 2 109 78 343 234
E C -2 0 78 78 234 156
C A 1 2 78 78 203 125
A U 1 -6 78 109 546 468
U S -1 5 109 93 156 47
S E 1 -1 93 78 218 125
E Space -3 -1 78 94 156 78
Space A 2 3 94 110 140 46
A L 0 -8 110 78 172 62
L M -1 2 78 78 234 156
M O 2 -2 78 109 172 94
O S -1 7 109 94 140 31
S T 1 -3 94 93 281 187
T Space -3 1 93 109 156 63
Space E 3 1 109 94 187 78
E V -2 -1 94 94 234 140
V R 2 0 94 94 234 140
R Y 0 -2 94 93 328 234
Y T 0 1 93 63 202 109
T H -1 -1 63 109 125 62
H I 1 -2 109 125 156 47
I N -2 2 125 109 156 31
N G 1 1 109 93 141 32
G Space -2 1 93 109 218 125
Space OemMinus 4 -7 109 93 1264 1155
OemMinus Space -4 7 93 109 140 47
Space A 2 3 109 109 187 78
A L 0 -8 109 78 172 63
L L 0 0 78 94 171 93
L Space -2 5 94 156 141 47
Space E 3 1 156 78 827 671
E X -2 1 78 124 234 156
X T 2 -3 124 94 249 125
T E 0 2 94 94 125 31
E R 0 -1 94 63 218 124
R N -2 -2 63 78 125 62
N A 1 5 78 78 172 94
A Capital 0 1 78 62 0 -78
Capital L 0 -9 62 94 171 109
L Back 2 -4 94 125 2028 1934
Back Capital -2 13 125 140 188 63
Capital L 0 -9 140 78 390 250
L Space -2 5 78 141 3681 3603
Space E 3 1 141 78 359 218
E X -2 1 78 109 234 156
X P 2 -8 109 94 234 125
P E 0 7 94 78 140 46
E C -2 0 78 110 234 156
C T 2 -2 110 78 297 187
T A -1 4 78 125 265 187
A T 1 -4 125 94 296 171
T I 0 -3 94 187 219 125
I O 0 -1 187 109 140 -47
O N -2 3 109 125 203 94
N S 1 4 125 141 187 62
S Oemcomma -1 -6 141 93 1545 1404
Oemcomma Space -1 4 93 124 156 63
Space A 2 3 124 141 202 78
A L 0 -8 141 63 203 62
L L 0 0 63 94 156 93
L Space -2 5 94 109 125 31
Space P 3 -6 109 94 156 47
P R 0 6 94 62 156 62
R I 0 -4 62 63 218 156
I O 0 -1 63 63 0 -63
O Back 1 -4 63 125 531 468
Back D -2 10 125 94 343 218
D E 1 0 94 94 218 124
E Oemcomma -2 -5 94 94 1342 1248
Oemcomma Space -1 4 94 110 140 46
Space A 2 3 110 124 188 78
A L 0 -8 124 78 374 250
L L 0 0 78 94 156 78
L Space -2 5 94 109 125 31
Space F 2 0 109 78 203 94
F E 1 1 78 78 218 140
E A -1 2 78 125 187 109
A R 1 -3 125 78 234 109
R Space -3 0 78 78 172 94
Space O 3 -5 78 109 234 156
O F -1 5 109 125 234 125
F Space -2 0 125 125 218 93
Space E 3 1 125 109 437 312
E M -2 -4 109 94 296 187
M B 0 2 94 94 359 265
B A 1 4 94 125 905 811
A R 1 -3 125 78 343 218
R R 0 0 78 94 187 109
R A -1 3 94 140 250 156
A S 0 -1 140 140 281 141
S S 0 0 140 110 249 109
S M -1 -5 110 109 188 78
M E 2 4 109 109 140 31
E N -2 -3 109 109 156 47
N T 2 1 109 125 234 125
T Space -3 1 125 141 265 140
Space O 3 -5 141 93 2044 1903
O R 0 5 93 78 187 94
R Space -3 0 78 109 203 125
Space F 2 0 109 94 218 109
F A 0 3 94 109 250 156
A I 1 -7 109 78 203 94
I L -1 -1 78 94 218 140
L U 1 2 94 93 250 156
U R 0 3 93 78 187 94
R E 0 1 78 109 265 187
E Space -3 -1 109 125 764 655
Space OemMinus 4 -7 125 93 266 141
OemMinus Space -4 7 93 110 124 31
Space T 3 -1 110 78 250 140
T H -1 -1 78 94 109 31
H E 1 3 94 94 281 187
E S -1 1 94 94 234 140
S E 1 -1 94 110 218 124
E Space -3 -1 110 93 188 78
Space T 3 -1 93 109 218 125
T H -1 -1 109 140 172 63
H I 1 -2 140 125 124 -16
I N -2 2 125 94 172 47
N G 1 1 94 78 62 -32
G S 0 3 78 109 266 188
S Space -2 -2 109 141 561 452
Space J 2 -3 141 78 468 327
J U 1 0 78 94 187 109
U S -1 5 94 94 156 62
S T 1 -3 94 78 203 109
T Space -3 1 78 125 109 31
Space F 2 0 125 78 234 109
F A 0 3 78 94 156 78
A L 0 -8 94 78 281 187
L L 0 0 78 124 141 63
L Space -2 5 124 171 156 32
Space A 2 3 171 93 936 765
A W 1 -1 93 78 218 125
W A -1 1 78 124 250 172
A Y 1 -5 124 93 577 453
Y Space -3 2 93 140 203 110
Space I 3 -4 140 110 280 140
I N -2 2 110 94 172 62
N Space -1 2 94 125 156 62
Space H 2 -2 125 78 359 234
H Back 2 -7 78 47 1170 1092
Back T -1 8 47 93 234 187
T H -1 -1 93 78 187 94
H E 1 3 78 140 125 47
E Space -3 -1 140 125 171 31
Space F 2 0 125 62 344 219
F A 0 3 62 109 218 156
A C -1 -2 109 78 187 78
C E 2 0 78 109 141 63
E Space -3 -1 109 94 171 62
Space O 3 -5 94 125 281 187
O F -1 5 125 109 172 47
F Space -2 0 109 109 187 78
Space T 3 -1 109 109 156 47
T H -1 -1 109 93 156 47
H E 1 3 93 156 140 47
E Space -3 -1 156 140 203 47
Space Back 4 -9 140 78 624 484
Back Back 0 0 78 63 187 109
Back Back 0 0 63 78 172 109
Back Back 0 0 78 62 187 109
Back D -2 10 62 93 562 500
D E 1 0 93 78 234 141
E A -1 2 78 94 218 140
A T 1 -4 94 93 125 31
T H -1 -1 93 78 515 422
H Oemcomma -1 -2 78 78 826 748
Oemcomma Space -1 4 78 110 156 78
Space L 2 -5 110 94 172 62
L E 1 6 94 78 94 0
E A -1 2 78 94 218 140
A V -1 -3 94 93 125 31
V I 2 -4 93 109 281 188
I N -2 2 109 109 156 47
N G 1 1 109 93 109 0
G Space -2 1 93 124 515 422
Space O 3 -5 124 93 265 141
O N -2 3 93 110 171 78
N L 1 -3 110 109 172 62
L Y 1 3 109 78 250 141
Y Space -3 2 78 125 124 46
Space W 3 2 125 63 312 187
W H -1 -4 63 110 156 93
H A 0 5 110 125 141 31
A T 1 -4 125 93 156 31
T Space -3 1 93 140 203 110
Space I 3 -4 140 109 655 515
I S -1 6 109 125 156 47
S Space -2 -2 125 140 156 31
Space T 3 -1 140 78 296 156
T R 0 1 78 109 203 125
R U 0 -3 109 78 265 156
U L -1 -2 78 94 265 187
L Y 1 3 94 93 297 203
Y Space -3 2 93 140 811 718
Space I 3 -4 140 94 296 156
I M -2 1 94 109 172 78
M P 2 -3 109 94 218 109
P O 0 1 94 94 156 62
O R 0 5 94 78 172 78
R T 0 -1 78 78 203 125
T A -1 4 78 109 234 156
A N -1 -5 109 93 156 47
N T 2 1 93 94 140 47
T OemPeriod -2 -4 94 78 640 546
OemPeriod Space -1 5 78 125 140 62
Space RShiftKey 1 -7 125 296 172 47
RShiftKey R 2 7 296 109 156 -140
R E 0 1 109 94 343 234
E M -2 -4 94 125 312 218
M E 2 4 125 110 530 405
E M -2 -4 110 93 266 156
M B 0 2 93 94 249 156
B E 2 2 94 109 94 0
E R 0 -1 109 93 234 125
R I 0 -4 93 109 156 63
I N -2 2 109 125 156 47
N G 1 1 125 109 140 15
G Space -2 1 109 172 203 94
Space T 3 -1 172 78 499 327
T H -1 -1 78 94 156 78
H A 0 5 94 109 172 78
A T 1 -4 109 94 187 78
T Space -3 1 94 94 156 62
Space Y 3 -2 94 93 250 156
Y O 0 -3 93 109 171 78
O U 0 2 109 94 203 94
U Space -3 3 94 125 140 46
Space A 2 3 125 141 234 109
A R 1 -3 141 109 172 31
R Space -3 0 109 31 328 219
Space E 3 1 31 125 15 -16
E Back 1 -10 125 62 796 671
Back Back 0 0 62 93 156 94
Back E -1 10 93 110 93 0
E Space -3 -1 110 171 188 78
Space G 2 -1 171 109 936 765
G O 1 -4 109 93 156 47
O I 0 1 93 94 202 109
I N -2 2 94 125 156 62
N G 1 1 125 109 172 47
G Space -2 1 109 93 172 63
Space T 3 -1 93 125 140 47
T O 0 -4 125 78 203 78
O Space -3 5 78 140 109 31
Space D 2 1 140 125 203 63
D I 1 -5 125 93 156 31
I E 0 5 93 125 93 0
E Space -3 -1 125 156 562 437
Space I 3 -4 156 109 437 281
I S -1 6 109 141 140 31
S Space -2 -2 141 110 187 46
Space T 3 -1 110 94 203 93
T H -1 -1 94 78 156 62
H E 1 3 78 109 94 16
E Space -3 -1 109 78 140 31
Space B 1 -1 78 109 156 78
B E 2 2 109 93 141 32
E S -1 1 93 125 202 109
S T 1 -3 125 78 188 63
T Space -3 1 78 125 109 31
Space W 3 2 125 93 156 31
W A -1 1 93 156 203 110
A Y 1 -5 156 78 171 15
Y Space -3 2 78 156 765 687
Space RShiftKey 1 -7 156 437 218 62
RShiftKey I 2 3 437 141 265 -172
I Space -3 4 141 125 172 31
Space K 2 -4 125 124 250 125
K N -1 2 124 109 265 141
N O 2 -3 109 125 187 78
O W 0 7 125 94 218 93
W Space -3 -2 94 156 609 515
Space T 3 -1 156 93 437 281
T O 0 -4 93 93 234 141
O Space -3 5 93 140 156 63
Space A 2 3 140 125 202 62
A V -1 -3 125 125 297 172
V O 2 -5 125 94 171 46
O I 0 1 94 93 219 125
I D -1 5 93 125 171 78
D Space -2 -1 125 156 406 281
Space T 3 -1 156 78 343 187
T H -1 -1 78 78 187 109
H E 1 3 78 125 172 94
E Space -3 -1 125 172 218 93
Space T 3 -1 172 125 156 -16
T R 0 1 125 78 266 141
R A -1 3 78 93 234 156
A P 1 -9 93 78 218 125
P Space -3 6 78 156 1685 1607
Space O 3 -5 156 141 218 62
O F -1 5 141 94 156 15
F Space -2 0 94 109 156 62
Space T 3 -1 109 94 156 47
T H -1 -1 94 109 141 47
H I 1 -2 109 109 156 47
I N -2 2 109 109 171 62
N K 1 -2 109 78 156 47
K I 1 0 78 93 172 94
I N -2 2 93 109 140 47
N G 1 1 109 94 156 47
G Space -2 1 94 140 1654 1560
Space Y 3 -2 140 156 561 421
Y O 0 -3 156 78 219 63
O U 0 2 78 78 203 125
U Space -3 3 78 141 124 46
Space H 2 -2 141 109 172 31
H A 0 5 109 109 125 16
A V -1 -3 109 94 140 31
V E 2 1 94 109 141 47
E Space -3 -1 109 141 171 62
Space S 2 2 141 125 546 405
S O 1 -7 125 109 172 47
O M -2 2 109 109 187 78
M E 2 4 109 109 172 63
E T 0 -2 109 93 265 156
T H -1 -1 93 110 171 78
H I 1 -2 110 109 141 31
I N -2 2 109 109 156 47
N G 1 1 109 94 171 62
G Space -2 1 94 94 172 78
Space E 3 1 94 109 359 265
E L -1 -6 109 110 171 62
L S 0 7 110 110 156 46
S E 1 -1 110 110 234 124
E Space -3 -1 110 156 188 78
Space T 3 -1 156 78 468 312
T O 0 -4 78 109 187 109
O Space -3 5 109 109 203 94
Space L 2 -5 109 62 156 47
L O 1 0 62 93 187 125
O S -1 7 93 109 109 16
S E 1 -1 109 93 203 94
E OemPeriod -2 -6 93 94 608 515
OemPeriod Space -1 5 94 125 203 109
Space RShiftKey 1 -7 125 218 234 109
RShiftKey Y 2 5 218 93 172 -46
Y O 0 -3 93 94 249 156
O U 0 2 94 78 219 125
U Space -3 3 78 140 140 62
Space A 2 3 140 125 203 63
A L 0 -8 125 109 140 15
L R 1 5 109 78 172 63
R E 0 1 78 93 203 125
E A -1 2 93 172 202 109
A D 0 -2 172 140 141 -31
D Y 1 -3 140 94 187 47
Y Space -3 2 94 140 172 78
Space Left 0 -7 140 671 1996 1856
Left Left 0 0 671 94 936 265
Left Left 0 0 94 94 203 109
Left A 2 10 94 140 406 312
A R 1 -3 140 156 327 187
R E 0 1 156 187 172 16
E Space -3 -1 187 156 140 -47
Space Right 0 -9 156 795 188 32
Right N 1 7 795 94 1528 733
N A 1 5 94 109 110 16
A K 0 -7 109 94 140 31
K E 1 5 94 94 1326 1232
E D -1 0 94 94 218 124
D OemPeriod -1 -6 94 78 624 530
OemPeriod Space -1 5 78 125 156 78
Space RShiftKey 1 -7 125 281 172 47
RShiftKey T 2 6 281 78 343 62
T Back 1 -8 78 78 874 796
Back RShiftKey -3 2 78 327 359 281
RShiftKey T 2 6 327 94 93 -234
T H -1 -1 94 78 921 827
H E 1 3 78 140 187 109
E R 0 -1 140 141 93 -47
R E 0 1 141 140 188 47
E Space -3 -1 140 140 187 47
Space I 3 -4 140 94 249 109
I S -1 6 94 156 63 -31
S Space -2 -2 156 141 140 -16
Space N 1 -2 141 94 125 -16
N O 2 -3 94 94 187 93
O Space -3 5 94 141 156 62
Space R 3 0 141 110 187 46
R E 0 1 110 110 234 124
E A -1 2 110 156 234 124
A S 0 -1 156 124 110 -46
S O 1 -7 124 140 187 63
O N -2 3 140 140 187 47
N Space -1 2 140 140 125 -15
Space N 1 -2 140 109 1123 983
N O 2 -3 109 124 172 63
O T 0 4 124 125 124 0
T Space -3 1 125 140 188 63
Space T 3 -1 140 156 109 -31
T O 0 -4 156 125 187 31
O Space -3 5 125 125 156 31
Space F 2 0 125 109 312 187
F O 1 -5 109 109 172 63
O O 0 0 109 94 171 62
O Back 1 -4 94 93 406 312
Back L -2 4 93 78 281 188
L L 0 0 78 78 156 78
L O 1 0 78 109 171 93
O W 0 7 109 124 219 110
W Space -3 -2 124 125 171 47
Space Y 3 -2 125 109 312 187
Y O 0 -3 109 109 141 32
O U 0 2 109 109 265 156
U R 0 3 109 125 234 125
R Space -3 0 125 110 171 46
Space H 2 -2 110 93 219 109
H E 1 3 93 78 187 94
E A -1 2 78 141 218 140
A R 1 -3 141 125 172 31
R T 0 -1 125 125 265 140
T Y 0 -1 125 93 16 -109
Y Back 1 -7 93 94 1232 1139
Back OemPeriod -3 4 94 78 297 203
OemPeriod Return 1 -3 78 63 1372 1294
Return E 1 9 63 78 3432 3369
E Return -1 -9 78 78 2621 2543
Return RShiftKey -1 1 78 234 1935 1857
RShiftKey A 1 10 234 109 140 -94
A B -1 -4 109 109 281 172
B O 2 -4 109 94 327 218
O U 0 2 94 109 188 94
U T 0 2 109 94 218 109
T Space -3 1 94 110 218 124
Space A 2 3 110 156 281 171
A Space -2 -3 156 141 187 31
Space Y 3 -2 141 93 266 125
Y E 0 3 93 110 124 31
E A -1 2 110 141 203 93
A R 1 -3 141 94 187 46
R Space -3 0 94 125 219 125
Space A 2 3 125 124 203 78
A G 0 -4 124 78 171 47
G O 1 -4 78 93 297 219
O Space -3 5 93 124 1014 921
Space RShiftKey 1 -7 124 468 202 78
RShiftKey I 2 3 468 124 266 -202
I Space -3 4 124 141 171 47
Space W 3 2 141 109 219 78
W A -1 1 109 141 202 93
A S 0 -1 141 156 94 -47
S Space -2 -2 156 140 172 16
Space D 2 1 140 110 202 62
D I 1 -5 110 94 203 93
I A -1 7 94 125 78 -16
A G 0 -4 125 78 297 172
G N -1 -1 78 93 234 156
N O 2 -3 93 109 7597 7504
O S -1 7 109 125 234 125
S E 1 -1 125 94 265 140
E D -1 0 94 140 234 140
D Space -2 -1 140 171 172 32
Space W 3 2 171 109 733 562
W I 0 -6 109 109 203 94
I T 0 3 109 94 202 93
T H -1 -1 94 94 172 78
H Space -2 2 94 109 156 62
Space C 1 1 109 78 437 328
C A 1 2 78 109 218 140
A N -1 -5 109 125 234 125
N C 0 3 125 125 156 31
C E 2 0 125 156 297 172
E R 0 -1 156 172 93 -63
R OemPeriod -2 -5 172 94 936 764
OemPeriod Space -1 5 94 109 250 156
Space RShiftKey 1 -7 109 562 187 78
RShiftKey I 2 3 562 125 343 -219
I Space -3 4 125 109 172 47
Space H 2 -2 109 93 234 125
H A 0 5 93 109 140 47
A D 0 -2 109 124 297 188
D Space -2 -1 124 125 265 141
Space A 2 3 125 125 234 109
A Space -2 -3 125 156 187 62
Space S 2 2 156 94 296 140
S C -1 -1 94 78 250 156
C A 1 2 78 94 218 140
A N -1 -5 94 78 234 140
N Space -1 2 78 141 203 125
Space A 2 3 141 171 172 31
A T 1 -4 171 78 561 390
T Space -3 1 78 125 156 78
Space D7 4 -3 125 125 468 343
D7 OemPeriod -3 -2 125 125 281 156
OemPeriod D3 3 6 125 63 546 421
D3 D0 0 -7 63 109 328 265
D0 Space -4 6 109 109 343 234
Space I 3 -4 109 78 374 265
I N -2 2 78 94 156 78
N Space -1 2 94 94 125 31
Space T 3 -1 94 94 203 109
T H -1 -1 94 78 156 62
H E 1 3 78 94 109 31
E Space -3 -1 94 94 156 62
Space M 1 -3 94 109 141 47
M O 2 -2 109 125 140 31
O R 0 5 125 93 203 78
R N -2 -2 93 109 156 63
N I 2 -2 109 125 156 47
I N -2 2 125 125 140 15
N G 1 1 125 109 172 47
G Oemcomma -1 -3 109 94 795 686
Oemcomma Space -1 4 94 125 141 47
Space A 2 3 125 109 203 78
A N -1 -5 109 109 140 31
N D 1 3 109 109 156 47
D Space -2 -1 109 94 156 47
Space I 3 -4 94 109 172 78
I T 0 3 109 93 156 47
T Space -3 1 93 140 187 94
Space C 1 1 140 156 187 47
C L 1 -6 156 109 203 47
L E 1 6 109 78 296 187
E A -1 2 78 109 219 141
A R 1 -3 109 94 218 109
R L -1 -5 94 109 187 93
L Y 1 3 109 110 187 78
Y Space -3 2 110 141 312 202
Space S 2 2 141 141 593 452
S H 0 -4 141 78 187 46
H O 1 -3 78 109 219 141
O W 0 7 109 109 125 16
W E 0 -1 109 93 234 125
E D -1 0 93 109 234 141
D Space -2 -1 109 140 218 109
Space A 2 3 140 140 562 422
A Space -2 -3 140 188 202 62
Space T 3 -1 188 110 312 124
T U 0 -2 110 78 234 124
U M -2 0 78 109 219 141
M O 2 -2 109 63 218 109
O P 0 -1 63 31 16 -47
P Back 1 -3 31 109 1357 1326
Back R -1 9 109 125 125 16
R Space -3 0 125 140 234 109
Space I 3 -4 140 94 452 312
I N -2 2 94 109 141 47
N Space -1 2 109 109 187 78
Space Back 4 -9 109 78 951 842
Back Back 0 0 78 93 188 110
Back Back 0 0 93 78 280 187
Back O -1 4 78 93 531 453
O N -2 3 93 109 203 110
N Space -1 2 109 109 218 109
Space M 1 -3 109 94 218 109
M Y 2 1 94 62 266 172
Y Space -3 2 62 124 156 94
Space P 3 -6 124 125 187 63
P A -1 9 125 156 140 15
A N -1 -5 156 94 281 125
N C 0 3 94 109 187 93
C R 2 -1 109 109 250 141
R E 0 1 109 94 265 156
E A -1 2 94 156 203 109
A S 0 -1 156 141 93 -63
S OemPeriod -1 -7 141 78 1092 951
OemPeriod Space -1 5 78 109 188 110
Space RShiftKey 1 -7 109 499 187 78
RShiftKey I 2 3 499 171 281 -218
I Space -3 4 171 110 202 31
Space D 2 1 110 109 219 109
D I 1 -5 109 109 140 31
I D -1 5 109 125 109 0
D N -1 -3 125 93 188 63
N Oem7 1 -5 93 109 483 390
Oem7 T 1 6 109 125 437 328
T Space -3 1 125 124 484 359
Space E 3 1 124 94 374 250
E V -2 -1 94 93 281 187
V E 2 1 93 125 140 47
E N -2 -3 125 78 172 47
N Space -1 2 78 110 171 93
Space K 2 -4 110 109 203 93
K N -1 2 109 124 141 32
N O 2 -3 124 109 171 47
O W 0 7 109 140 453 344
W Space -3 -2 140 203 343 203
Space W 3 2 203 110 327 124
W H -1 -4 110 110 156 46
H A 0 5 110 124 188 78
A T 1 -4 124 94 140 16
T Space -3 1 94 141 187 93
Space A 2 3 141 156 281 140
A Space -2 -3 156 156 265 109
Space P 3 -6 156 93 484 328
P A -1 9 93 171 156 63
A N -1 -5 171 93 234 63
N C 0 3 93 110 171 78
C R 2 -1 110 93 297 187
R E 0 1 93 78 249 156
E A -1 2 78 156 172 94
A S 0 -1 156 141 109 -47
S Space -2 -2 141 124 219 78
Space W 3 2 124 94 436 312
W A -1 1 94 172 234 140
A S 0 -1 172 124 110 -62
S OemPeriod -1 -7 124 94 920 796
OemPeriod Space -1 5 94 125 156 62
Space RShiftKey 1 -7 125 483 359 234
RShiftKey T 2 6 483 78 421 -62
T H -1 -1 78 125 234 156
H E 1 3 125 109 203 78
E Space -3 -1 109 156 156 47
Space D 2 1 156 140 203 47
D O 1 -6 140 109 218 78
O C -2 6 109 125 1357 1248
C T 2 -2 125 93 453 328
T O 0 -4 93 109 265 172
O R 0 5 109 78 140 31
R S -1 2 78 140 281 203
S Space -2 -2 140 156 265 125
Space T 3 -1 156 109 203 47
T O 0 -4 109 94 140 31
O L -1 0 94 94 203 109
L D 0 6 94 109 141 47
D Space -2 -1 109 140 140 31
Space M 1 -3 140 140 281 141
M E 2 4 140 125 187 47
E Space -3 -1 125 141 10483 10358
Space T 3 -1 141 93 297 156
T H -1 -1 93 124 125 32
H I 1 -2 124 140 156 32
I S -1 6 140 94 171 31
S Space -2 -2 94 172 156 62
Space W 3 2 172 125 156 -16
W A -1 1 125 140 219 94
A S 0 -1 140 140 78 -62
S Space -2 -2 140 171 156 16
Space A 2 3 171 156 156 -15
A L 0 -8 156 125 1388 1232
L M -1 2 125 110 530 405
M O 2 -2 110 94 203 93
O S -1 7 94 140 141 47
S T 1 -3 140 78 202 62
T Space -3 1 78 125 172 94
Space C 1 1 125 93 250 125
C E 2 0 93 109 218 125
E R 0 -1 109 94 234 125
R T 0 -1 94 94 218 124
T A -1 4 94 124 266 172
A I 1 -7 124 78 218 94
I N -2 2 78 125 203 125
N Space -1 2 125 156 234 109
Space Left 0 -7 156 187 5975 5819
Left L 2 2 187 94 1060 873
L Y 1 3 94 78 281 187
Y Space -3 2 78 125 187 109
Space A 2 3 125 171 188 63
A Space -2 -3 171 156 249 78
Space T 3 -1 156 94 234 78
T Y 0 -1 94 93 219 125
Y P 0 -4 93 110 514 421
P E 0 7 110 93 266 156
E Space -3 -1 93 125 187 94
Space O 3 -5 125 109 203 78
O F -1 5 109 78 171 62
F Space -2 0 78 140 172 94
Space C 1 1 140 46 203 63
C A 1 2 46 156 140 94
A N -1 -5 156 109 234 78
N C 0 3 109 110 62 -47
C E 2 0 110 156 234 124
E R 0 -1 156 172 94 -62
R Space -3 0 172 141 296 124
Space T 3 -1 141 78 4758 4617
T H -1 -1 78 93 141 63
H A 0 5 93 125 140 47
A T 1 -4 125 93 141 16
T Space -3 1 93 109 156 63
Space I 3 -4 109 109 187 78
I S -1 6 109 109 156 47
S Space -2 -2 109 110 171 62
Space I 3 -4 110 94 172 62
I N -2 2 94 125 156 62
N C 0 3 125 110 140 15
C U 2 -4 110 94 234 124
U R 0 3 94 62 172 78
R A -1 3 62 125 218 156
A B -1 -4 125 125 1935 1810
B L 1 -4 125 109 218 93
L E 1 6 109 109 203 94
E Oemcomma -2 -5 109 78 1747 1638
Oemcomma Space -1 4 78 124 141 63
Space A 2 3 124 140 187 63
A N -1 -5 140 109 203 63
N D 1 3 109 109 187 78
D Space -2 -1 109 94 171 62
Space T 3 -1 94 110 156 62
T H -1 -1 110 94 156 46
H A 0 5 94 140 141 47
A T 1 -4 140 78 203 63
T Space -3 1 78 93 234 156
Space RShiftKey 1 -7 93 936 811 718
RShiftKey I 2 3 936 140 702 -234
I Space -3 4 140 109 203 63
Space S 2 2 109 109 234 125
S H 0 -4 109 78 156 47
H O 1 -3 78 93 234 156
O U 0 2 93 78 171 78
U L -1 -2 78 94 234 156
L D 0 6 94 94 203 109
D Space -2 -1 94 156 203 109
Space E 3 1 156 109 140 -16
E X -2 1 109 125 265 156
X P 2 -8 125 109 203 78
P E 0 7 109 94 125 16
E C -2 0 94 94 234 140
C T 2 -2 94 94 218 124
T Space -3 1 94 109 172 78
Space T 3 -1 109 78 250 141
T O 0 -4 78 93 265 187
O Space -3 5 93 125 187 94
Space L 2 -5 125 109 156 31
L I 1 1 109 94 234 125
I V -2 4 94 109 31 -63
V E 2 1 109 125 234 125
E Space -3 -1 125 94 156 31
Space N 1 -2 94 93 172 78
N O 2 -3 93 109 140 47
O Space -3 5 109 140 141 32
Space L 2 -5 140 94 124 -16
L O 1 0 94 93 188 94
O N -2 3 93 109 156 63
N G 1 1 109 94 280 171
G E 1 2 94 93 141 47
E R 0 -1 93 94 218 125
R Space -3 0 94 140 203 109
Space T 3 -1 140 78 624 484
T H -1 -1 78 63 187 109
H A 0 5 63 125 125 62
A N -1 -5 125 78 218 93
N Space -1 2 78 109 172 94
Space T 3 -1 109 93 328 219
T H -1 -1 93 93 156 63
H R 1 2 93 93 109 16
R E 0 1 93 109 265 172
E E 0 0 109 125 218 109
E Space -3 -1 125 125 172 47
Space T 3 -1 125 94 265 140
T O 0 -4 94 47 234 140
O Space -3 5 47 125 187 140
Space S 2 2 125 47 312 187
S I 1 -6 47 47 125 78
I X -2 6 47 141 187 140
X Space -1 -2 141 125 234 93
Space M 1 -3 125 78 172 47
M O 2 -2 78 109 172 94
O N -2 3 109 109 171 62
N T 2 1 109 78 141 32
T H -1 -1 78 78 156 78
H S 0 4 78 140 109 31
S OemPeriod -1 -7 140 78 686 546
OemPeriod Space -1 5 78 124 141 63
Space RShiftKey 1 -7 124 406 140 16
RShiftKey I 2 3 406 125 234 -172
I T 0 3 125 78 343 218
T Space -3 1 78 94 187 109
Space M 1 -3 94 94 156 62
M E 2 4 94 109 141 47
E A -1 2 109 171 234 125
A N -1 -5 171 78 234 63
N S 1 4 78 141 249 171
S Space -2 -2 141 125 624 483
Space T 3 -1 125 78 375 250
T O 0 -4 78 94 171 93
O Space -3 5 94 172 203 109
Space T 3 -1 172 94 281 109
T R 0 1 94 109 359 265
R Y 0 -2 109 94 187 78
Y Space -3 2 94 109 156 62
Space T 3 -1 109 125 125 16
T O 0 -4 125 109 296 171
O Space -3 5 109 125 187 78
Space T 3 -1 125 63 515 390
T E 0 2 63 124 219 156
E L -1 -6 124 78 265 141
L L 0 0 78 93 156 78
L Space -2 5 93 125 156 63
Space Y 3 -2 125 94 218 93
Y O 0 -3 94 125 234 140
O U 0 2 125 109 281 156
U R 0 3 109 94 218 109
R Space -3 0 94 94 172 78
Space K 2 -4 94 78 265 171
K I 1 0 78 109 172 94
I D -1 5 109 94 187 78
D S 0 1 94 141 187 93
S Space -2 -2 141 124 609 468
Space E 3 1 124 94 249 125
E V -2 -1 94 94 187 93
V E 2 1 94 109 94 0
E R 0 -1 109 78 265 156
R Y 0 -2 78 78 265 187
Y T 0 1 78 62 188 110
T H -1 -1 62 109 78 16
H I 1 -2 109 109 171 62
I N -2 2 109 141 156 47
N G 1 1 141 93 172 31
G Space -2 1 93 140 671 578
Space Y 3 -2 140 94 358 218
Y O 0 -3 94 109 250 156
O U 0 2 109 93 203 94
U Space -3 3 93 125 156 63
Space T 3 -1 125 94 171 46
T H -1 -1 94 94 125 31
H O 1 -3 94 63 265 171
O U 0 2 63 109 141 78
U G -1 2 109 94 218 109
G H 0 -1 94 109 141 47
H T 1 1 109 125 140 31
T Space -3 1 125 140 250 125
Space Space 0 0 140 140 7441 7301
Space RShiftKey 1 -7 140 468 296 156
RShiftKey M 0 4 468 125 312 -156
M Y 2 1 125 78 390 265
Y Space -3 2 78 125 156 78
Space D 2 1 125 94 390 265
D O 1 -6 94 93 219 125
O C -2 6 93 94 249 156
C T 2 -2 94 93 297 203
T O 0 -4 93 93 187 94
O R 0 5 93 78 156 63
R Space -3 0 78 109 218 140
Space A 2 3 109 140 250 141
A D 0 -2 140 93 234 94
D V -1 -1 93 78 218 125
V I 2 -4 78 125 265 187
I S -1 6 125 110 156 31
S E 1 -1 110 78 234 124
E D -1 0 78 93 219 141
D Space -2 -1 93 109 140 47
Space M 1 -3 109 93 219 110
M E 2 4 93 93 109 16
E Space -3 -1 93 109 156 63
Space T 3 -1 109 94 218 109
T O 0 -4 94 110 187 93
O Space -3 5 110 109 172 62
Space G 2 -1 109 78 218 109
G O 1 -4 78 94 156 78
O Space -3 5 94 94 234 140
Space H 2 -2 94 94 156 62
H O 1 -3 94 78 219 125
O M -2 2 78 125 156 78
M E 2 4 125 125 624 499
E Space -3 -1 125 78 249 124
Space A 2 3 78 94 234 156
A N -1 -5 94 94 203 109
N D 1 3 94 94 203 109
D Space -2 -1 94 109 172 78
Space G 2 -1 109 93 234 125
G E 1 2 93 124 78 -15
E T 0 -2 124 93 187 63
T Space -3 1 93 94 187 94
Space M 1 -3 94 94 218 124
M Y 2 1 94 78 266 172
Y Space -3 2 78 94 124 46
Space A 2 3 94 109 203 109
A F 0 -3 109 78 125 16
F F 0 0 78 94 156 78
F A 0 3 94 109 109 15
A I 1 -7 109 125 343 234
I R 0 4 125 62 188 63
R S -1 2 62 141 249 187
S Space -2 -2 141 156 234 93
Space I 3 -4 156 109 453 297
I N -2 2 109 124 156 47
N Space -1 2 124 140 140 16
Space O 3 -5 140 141 343 203
O R 0 5 141 31 250 109
R D -1 1 31 94 218 187
D E 1 0 94 78 219 125
E R 0 -1 78 78 218 140
R Oemcomma -2 -4 78 94 624 546
Oemcomma Space -1 4 94 124 172 78
Space W 3 2 124 109 187 63
W H -1 -4 109 125 156 47
H I 1 -2 125 110 171 46
I C -2 5 110 109 188 78
C H 1 -3 109 94 171 62
H Space -2 2 94 109 156 62
Space I 3 -4 109 109 172 63
I S -1 6 109 125 140 31
S Space -2 -2 125 141 156 31
Space D 2 1 141 109 172 31
D O 1 -6 109 109 156 47
O C -2 6 109 109 187 78
C T 2 -2 109 78 265 156
T O 0 -4 78 109 156 78
O R 0 5 109 78 141 32
R Oem7 -1 -7 78 93 1045 967
Oem7 S 0 9 93 125 140 47
S Space -2 -2 125 156 187 62
Space C 1 1 156 125 250 94
C O 2 -6 125 109 203 78
O D -1 6 109 140 156 47
D E 1 0 140 140 281 141
E Space -3 -1 140 156 249 109
Space F 2 0 156 93 406 250
F O 1 -5 93 94 218 125
O R 0 5 94 93 141 47
R Space -3 0 93 125 171 78
Space P 3 -6 125 109 156 31
P R 0 6 109 78 125 16
R E 0 1 78 109 187 109
E P 0 -7 109 94 187 78
P A -1 9 94 124 188 94
A R 1 -3 124 94 249 125
R E 0 1 94 156 156 62
E Space -3 -1 156 156 156 0
Space T 3 -1 156 78 187 31
T O 0 -4 78 93 141 63
O Space -3 5 93 125 140 47
Space D 2 1 125 140 172 47
D I 1 -5 140 78 218 78
I E 0 5 78 94 125 47
E OemPeriod -2 -6 94 63 3728 3634
OemPeriod Right -1 -4 63 2480 968 905
Right Right 0 0 2480 344 2776 296
Right Space 0 9 344 156 1358 1014
Space Y 3 -2 156 94 530 374
Y O 0 -3 94 93 250 156
O U 0 2 93 141 202 109
U Oem7 -1 -4 141 93 687 546
Oem7 D 0 8 93 109 156 63
D Space -2 -1 109 125 156 47
Space H 2 -2 125 78 203 78
H A 0 5 78 124 0 -78
A V -1 -3 124 78 234 110
V E 2 1 78 94 93 15
E Space -3 -1 94 93 172 78
Space T 3 -1 93 94 171 78
T H -1 -1 94 78 141 47
H E 1 3 78 110 93 15
E Space -3 -1 110 124 188 78
Space N 1 -2 124 94 218 94
N E 2 3 94 78 109 15
E X -2 1 78 125 234 156
X T 2 -3 125 93 172 47
T Space -3 1 93 109 109 16
Space T 3 -1 109 78 187 78
T E 0 2 78 94 109 31
E Back 1 -10 94 62 734 640
Back Back 0 0 62 78 171 109
Back Back 0 0 78 78 624 546
Back Back 0 0 78 78 234 156
Back Space -4 9 78 78 484 406
Space Back 4 -9 78 93 546 468
Back T -1 8 93 78 140 47
T Space -3 1 78 93 172 94
Space D1 4 3 93 109 343 250
D1 D0 0 -9 109 94 234 125
D0 Space -4 6 94 124 141 47
Space Y 3 -2 124 109 327 203
Y E 0 3 109 78 109 0
E A -1 2 78 172 203 125
A S 0 -1 172 187 141 -31
S R 1 -2 187 62 31 -156
R Back 1 -9 62 109 3806 3744
Back Back 0 0 109 78 219 110
Back R -1 9 78 78 592 514
R S -1 2 78 141 125 47
S Space -2 -2 141 125 172 31
Space T 3 -1 125 125 249 124
T O 0 -4 125 125 250 125
O Space -3 5 125 156 218 93
Space T 3 -1 156 93 2871 2715
T E 0 2 93 110 249 156
E L -1 -6 110 78 266 156
L L 0 0 78 78 171 93
L Space -2 5 78 94 78 0
Space T 3 -1 94 78 203 109
T H -1 -1 78 78 172 94
H E 1 3 78 109 109 31
E M -2 -4 109 63 561 452
M Space -1 3 63 109 484 421
Space I 3 -4 109 78 1279 1170
I N -2 2 78 109 125 47
N Space -1 2 109 109 172 63
Space J 2 -3 109 78 124 15
J U 1 0 78 94 172 94
U S -1 5 94 125 125 31
S T 1 -3 125 78 218 93
T Space -3 1 78 156 172 94
Space A 2 3 156 125 218 62
A Space -2 -3 125 141 156 31
Space F 2 0 141 93 328 187
F E 1 1 93 187 359 266
E W 0 1 187 125 296 109
W Space -3 -2 125 125 156 31
Space M 1 -3 125 94 234 109
M O 2 -2 94 93 125 31
O N -2 3 93 125 156 63
N T 2 1 125 78 125 0
T H -1 -1 78 78 187 109
H S 0 4 78 141 93 15
S Oemcomma -1 -6 141 62 1108 967
Oemcomma Back 3 -5 62 78 421 359
Back OemPeriod -3 4 78 78 281 203
OemPeriod Space -1 5 78 109 265 187
Space RShiftKey 1 -7 109 421 172 63
RShiftKey I 2 3 421 109 265 -156
I Space -3 4 109 110 296 187
Space Back 4 -9 110 78 422 312
Back T -1 8 78 109 171 93
T Space -3 1 109 125 172 63
Space M 1 -3 125 109 390 265
M E 2 4 109 94 140 31
E A -1 2 94 125 203 109
A N -1 -5 125 78 187 62
N S 1 4 78 125 187 109
S Space -2 -2 125 46 344 219
Space T 3 -1 46 78 1248 1202
T O 0 -4 78 93 187 109
O Space -3 5 93 109 140 47
Space M 1 -3 109 93 141 32
M A 1 6 93 109 140 47
A K 0 -7 109 78 109 0
K E 1 5 78 78 141 63
E Space -3 -1 78 109 156 78
Space S 2 2 109 140 140 31
S U 1 -5 140 94 187 47
U R 0 3 94 78 156 62
R E 0 1 78 94 156 78
E Space -3 -1 94 94 3744 3650
Space E 3 1 94 125 562 468
E V -2 -1 125 94 187 62
V E 2 1 94 109 156 62
E R 0 -1 109 110 296 187
R Y 0 -2 110 93 266 156
Y T 0 1 93 63 249 156
T H -1 -1 63 109 156 93
H I 1 -2 109 62 203 94
I N -2 2 62 141 109 47
N G 1 1 141 109 172 31
G Space -2 1 109 140 4087 3978
Space I 3 -4 140 94 234 94
I S -1 6 94 125 218 124
S Space -2 -2 125 141 203 78
Space B 1 -1 141 94 156 15
B U 2 -2 94 93 172 78
U T 0 2 93 94 405 312
T T 0 0 94 47 156 62
T O 0 -4 47 109 749 702
O N -2 3 109 93 406 297
N E 2 3 93 94 218 125
E D -1 0 94 140 250 156
D Space -2 -1 140 156 483 343
Space U 3 -3 156 93 422 266
U P 0 -3 93 110 280 187
P Space -3 6 110 125 172 62
Space S 2 2 125 141 187 62
S O 1 -7 141 78 172 31
O Space -3 5 78 140 125 47
Space T 3 -1 140 62 234 94
T H -1 -1 62 93 187 125
H A 0 5 93 125 140 47
A T 1 -4 125 78 125 0
T Space -3 1 78 125 187 109
Space I 3 -4 125 78 312 187
I T 0 3 78 94 187 109
T Space -3 1 94 94 203 109
Space W 3 2 94 125 172 78
W I 0 -6 125 78 171 46
I L -1 -1 78 94 234 156
L L 0 0 94 94 156 62
L Space -2 5 94 94 125 31
Space B 1 -1 94 94 187 93
B E 2 2 94 109 188 94
E Space -3 -1 109 140 187 78
Space W 3 2 140 78 187 47
W Back 1 -11 78 78 468 390
Back E -1 10 78 78 187 109
E A -1 2 78 172 234 156
A S 0 -1 172 156 94 -78
S Y 1 -4 156 63 327 171
Y Space -3 2 63 156 344 281
Space A 2 3 156 156 390 234
A S 0 -1 156 140 109 -47
S Space -2 -2 140 140 234 94
Space P 3 -6 140 109 655 515
P O 0 1 109 94 187 78
O S -1 7 94 141 187 93
S S 0 0 141 125 219 78
S I 1 -6 125 93 203 78
I B -2 3 93 93 187 94
B L 1 -4 93 124 203 110
L E 1 6 124 93 156 32
E Space -3 -1 93 124 234 141
Space F 2 0 124 94 561 437
F O 1 -5 94 93 141 47
O R 0 5 93 109 140 47
R Space -3 0 109 125 187 78
Space Y 3 -2 125 93 328 203
Y O 0 -3 93 94 187 94
O U 0 2 94 93 250 156
U R 0 3 93 78 249 156
R Space -3 0 78 125 172 94
Space G 2 -1 125 78 281 156
G Back 2 -8 78 110 358 280
Back F -2 9 110 78 156 46
F A 0 3 78 94 203 125
A M -1 -6 94 94 156 62
M I 2 -1 94 93 141 47
I L -1 -1 93 109 234 141
L Y 1 3 109 124 234 125
Y OemPeriod -2 -3 124 78 936 812
OemPeriod Space -1 5 78 94 171 93
Space RShiftKey 1 -7 94 452 172 78
RShiftKey I 2 3 452 109 281 -171
I T 0 3 109 124 1248 1139
T Space -3 1 124 140 218 94
Space M 1 -3 140 109 203 63
M E 2 4 109 94 530 421
E A -1 2 94 171 250 156
A N -1 -5 171 94 499 328
N S 1 4 94 125 281 187
S Space -2 -2 125 94 265 140
Space T 3 -1 94 124 250 156
T O 0 -4 124 93 187 63
O Space -3 5 93 124 203 110
Space S 2 2 124 140 218 94
S A 0 1 140 140 250 110
A Y 1 -5 140 109 218 78
Y Space -3 2 109 109 265 156
Space Y 3 -2 109 78 406 297
Y O 0 -3 78 125 312 234
O U 0 2 125 94 265 140
U R 0 3 94 94 265 171
R Space -3 0 94 109 203 109
Space G 2 -1 109 109 328 219
G O 1 -4 109 78 218 109
O O 0 0 78 93 172 94
O D -1 6 93 109 171 78
D B -1 -2 109 109 297 188
B Y 2 -1 109 93 265 156
Y E 0 3 93 93 234 141
E S -1 1 93 125 234 141
S OemPeriod -1 -7 125 78 546 421
OemPeriod Return 1 -3 78 156 983 905
Return RShiftKey -1 1 156 514 702 546
RShiftKey I 2 3 514 94 358 -156
I Space -3 4 94 78 172 78
Space L 2 -5 78 94 156 78
L I 1 1 94 94 218 124
I V -2 4 94 78 110 16
V E 2 1 78 78 202 124
E D -1 0 78 125 203 125
D Space -2 -1 125 140 172 47
Space W 3 2 140 140 655 515
W I 0 -6 140 109 203 63
I T 0 3 109 93 234 125
T H -1 -1 93 125 171 78
H Space -2 2 125 125 141 16
Space T 3 -1 125 78 218 93
T H -1 -1 78 94 125 47
H A 0 5 94 156 515 421
A T 1 -4 156 109 265 109
T Space -3 1 109 125 140 31
Space D 2 1 125 141 312 187
D I 1 -5 141 94 203 62
I A -1 7 94 156 109 15
A G 0 -4 156 94 281 125
G N -1 -1 94 78 343 249
N O 2 -3 78 109 188 110
O S -1 7 109 125 327 218
S I 1 -6 125 109 281 156
I S -1 6 109 93 203 94
S Space -2 -2 93 187 2621 2528
Space A 2 3 187 140 218 31
A L 0 -8 140 47 218 78
L L 0 0 47 94 156 109
L Space -2 5 94 125 94 0
Space D 2 1 125 93 172 47
D A 0 2 93 125 202 109
A Y 1 -5 125 93 141 16
Y OemPeriod -2 -3 93 78 889 796
OemPeriod Space -1 5 78 109 172 94
Space RShiftKey 1 -7 109 359 109 0
RShiftKey L 1 2 359 125 234 -125
L A 0 8 125 109 156 31
A T 1 -4 109 62 281 172
T E 0 2 62 78 78 16
E R 0 -1 78 94 202 124
R Space -3 0 94 109 188 94
Space T 3 -1 109 94 171 62
T H -1 -1 94 94 156 62
H A 0 5 94 140 141 47
A T 1 -4 140 94 124 -16
T Space -3 1 94 109 188 94
Space E 3 1 109 94 998 889
E V -2 -1 94 94 374 280
V E 2 1 94 109 219 125
E N -2 -3 109 78 218 109
N I 2 -2 78 109 156 78
I N -2 2 109 141 156 47
N G 1 1 141 109 172 31
G Space -2 1 109 125 187 78
Space RShiftKey 1 -7 125 405 203 78
RShiftKey I 2 3 405 125 249 -156
I Space -3 4 125 125 203 78
Space H 2 -2 125 78 187 62
H A 0 5 78 140 110 32
A D 0 -2 140 109 234 94
D Space -2 -1 109 125 202 93
Space A 2 3 125 109 188 63
A Space -2 -3 109 156 530 421
Space B 1 -1 156 125 655 499
B I 2 -3 125 94 265 140
I O 0 -1 94 78 219 125
O P 0 -1 78 93 203 125
P S -1 8 93 141 171 78
S Y 1 -4 141 78 234 93
Y Oemcomma -2 -2 78 78 1467 1389
Oemcomma Space -1 4 78 109 140 62
Space W 3 2 109 109 265 156
W H -1 -4 109 78 187 78
H E 1 3 78 62 141 63
E R 0 -1 62 94 140 78
R E 0 1 94 140 125 31
E Space -3 -1 140 156 234 94
Space T 3 -1 156 94 421 265
T H -1 -1 94 94 125 31
H E 1 3 94 125 125 31
E Y 0 -3 125 94 218 93
Y Space -3 2 94 125 156 62
Space S 2 2 125 125 281 156
S T 1 -3 125 94 343 218
T U 0 -2 94 78 297 203
U C -2 4 78 140 156 78
C K 1 -5 140 109 249 109
K Space -2 4 109 140 203 94
Space A 2 3 140 125 187 47
A N -1 -5 125 109 203 78
N Space -1 2 109 125 546 437
Space E 3 1 125 93 250 125
E N -2 -3 93 109 390 297
N D 1 3 109 110 202 93
D O 1 -6 110 110 234 124
O S -1 7 110 94 203 93
S C -1 -1 94 94 234 140
C I 2 -5 94 78 187 93
I Back 1 -5 78 109 406 328
Back O -1 4 109 141 265 156
O P 0 -1 141 141 187 46
P E 0 7 141 110 156 15
E Space -3 -1 110 141 749 639
Space D 2 1 141 110 265 124
D O 1 -6 110 63 203 93
O W 0 7 63 125 125 62
W N -2 -4 125 110 218 93
N Space -1 2 110 141 156 46
Space M 1 -3 141 94 281 140
M Y 2 1 94 93 250 156
Y Space -3 2 93 109 140 47
Space T 3 -1 109 109 172 63
T H -1 -1 109 93 156 47
H R 1 2 93 93 125 32
R O 0 -5 93 141 171 78
O A -1 8 141 109 156 15
A T 1 -4 109 125 250 141
T Space -3 1 125 124 281 156
Space Back 4 -9 124 93 499 375
Back Oemcomma -3 5 93 94 343 250
Oemcomma Space -1 4 94 94 156 62
Space T 3 -1 94 109 156 62
T H -1 -1 109 110 140 31
H R 1 2 110 94 156 46
R O 0 -5 94 93 188 94
O U 0 2 93 94 218 125
U G -1 2 94 93 437 343
G H 0 -1 93 94 249 156
H Space -2 2 94 125 141 47
Space M 1 -3 125 125 265 140
M Y 2 1 125 94 343 218
Y Space -3 2 94 125 156 62
Space S 2 2 125 141 187 62
S T 1 -3 141 78 203 62
T O 0 -4 78 109 250 172
O M -2 2 109 140 203 94
M A 1 6 140 125 109 -31
A C -1 -2 125 125 234 109
C H 1 -3 125 78 125 0
H Space -2 2 78 156 2745 2667
Space A 2 3 156 109 219 63
A N -1 -5 109 93 187 78
N D 1 3 93 124 125 32
D Space -2 -1 124 125 187 63
Space I 3 -4 125 93 203 78
I N -2 2 93 125 109 16
N T 2 1 125 94 109 -16
T O 0 -4 94 93 172 78
O Space -3 5 93 110 124 31
Space M 1 -3 110 109 141 31
M Y 2 1 109 63 249 140
Y Space -3 2 63 125 141 78
Space I 3 -4 125 124 125 0
I N -2 2 124 124 156 32
N T 2 1 124 93 78 -46
T E 0 2 93 94 202 109
E S -1 1 94 109 219 125
S T 1 -3 109 93 234 125
T I 0 -3 93 94 109 16
I N -2 2 94 125 156 62
N E 2 3 125 109 250 125
E S -1 1 109 140 234 125
S Oemcomma -1 -6 140 125 998 858
Oemcomma Space -1 4 125 125 140 15
Space P 3 -6 125 94 172 47
P U 0 3 94 94 234 140
U T 0 2 94 109 172 78
T Space -3 1 109 140 187 78
Space A 2 3 140 172 218 78
A Space -2 -3 172 172 187 15
Space N 1 -2 172 94 312 140
N E 2 3 94 109 203 109
E E 0 0 109 94 187 78
E D -1 0 94 94 203 109
D L 0 -6 94 109 156 62
L E 1 6 109 124 453 344
E Space -3 -1 124 125 187 63
Space I 3 -4 125 140 265 140
I N -2 2 140 172 156 16
N T 2 1 172 94 1981 1809
T O 0 -4 94 94 234 140
O Space -3 5 94 78 281 187
Space M 1 -3 78 109 219 141
M Y 2 1 109 78 265 156
Y Space -3 2 78 109 156 78
Space P 3 -6 109 109 312 203
P A -1 9 109 124 203 94
A N -1 -5 124 125 280 156
N C 0 3 125 109 172 47
C R 2 -1 109 93 250 141
R E 0 1 93 109 234 141
E A -1 2 109 140 218 109
A S 0 -1 140 140 94 -46
S Space -2 -2 140 125 3556 3416
Space A 2 3 125 94 250 125
A N -1 -5 94 110 218 124
N D 1 3 110 110 156 46
D Space -2 -1 110 125 172 62
Space G 2 -1 125 109 234 109
G O 1 -4 109 109 187 78
O T 0 4 109 109 156 47
T Space -3 1 109 140 250 141
Space A 2 3 140 140 203 63
A Space -2 -3 140 125 218 78
Space F 2 0 125 140 234 109
F E 1 1 140 125 218 78
E W 0 1 125 141 203 78
W Space -3 -2 141 125 203 62
Space C 1 1 125 125 187 62
C E 2 0 125 109 172 47
E L -1 -6 109 78 218 109
L L 0 0 78 94 156 78
L S 0 7 94 156 156 62
S Space -2 -2 156 187 172 16
Space F 2 0 187 94 764 577
F R 1 0 94 125 156 62
R O 0 -5 125 109 172 47
O M -2 2 109 109 187 78
M Space -1 3 109 156 94 -15
Space T 3 -1 156 94 171 15
T H -1 -1 94 109 141 47
H E 1 3 109 109 327 218
E Space -3 -1 109 140 141 32
Space T 3 -1 140 109 140 0
T U 0 -2 109 78 218 109
U M -2 0 78 140 219 141
M O 2 -2 140 94 187 47
O R 0 5 94 109 156 62
R OemPeriod -2 -5 109 62 1092 983
OemPeriod Space -1 5 62 110 218 156
Space RShiftKey 1 -7 110 468 110 0
RShiftKey I 2 3 468 125 296 -172
I Space -3 4 125 141 187 62
Space W 3 2 141 110 187 46
W A -1 1 110 156 188 78
A S 0 -1 156 125 109 -47
S Space -2 -2 125 172 140 15
Space S 2 2 172 125 187 15
S E 1 -1 125 46 266 141
E D -1 0 46 93 187 141
D A 0 2 93 141 171 78
A T 1 -4 141 94 172 31
T E 0 2 94 109 109 15
E D -1 0 109 124 219 110
D Oemcomma -1 -5 124 93 1092 968
Oemcomma Space -1 4 93 109 140 47
Space B 1 -1 109 141 296 187
B U 2 -2 141 124 266 125
U T 0 2 124 109 140 16
T Space -3 1 109 109 187 78
Space M 1 -3 109 109 125 16
M Y 2 1 109 78 250 141
Y Space -3 2 78 125 124 46
Space W 3 2 125 93 188 63
W I 0 -6 93 109 265 172
I F -1 4 109 78 452 343
F E 1 1 78 110 733 655
E Oemcomma -2 -5 110 78 1233 1123
Oemcomma Space -1 4 78 125 171 93
Space W 3 2 125 94 172 47
W H -1 -4 94 78 156 62
H O 1 -3 78 94 187 109
O Space -3 5 94 124 141 47
Space W 3 2 124 93 156 32
W A -1 1 93 141 202 109
A S 0 -1 141 125 94 -47
S Space -2 -2 125 141 140 15
Space A 2 3 141 109 172 31
A L 0 -8 109 109 172 63
L S 0 7 109 125 218 109
S O 1 -7 125 78 203 78
O Space -3 5 78 125 140 62
Space T 3 -1 125 109 203 78
T H -1 -1 109 78 125 16
H E 1 3 78 124 125 47
E R 0 -1 124 109 78 -46
R E 0 1 109 125 171 62
E Oemcomma -2 -5 125 78 796 671
Oemcomma Space -1 4 78 125 78 0
Space T 3 -1 125 109 187 62
T O 0 -4 109 109 562 453
O L -1 0 109 109 234 125
L D 0 6 109 109 109 0
D Space -2 -1 109 109 156 47
Space M 1 -3 109 94 171 62
M E 2 4 94 140 63 -31
E Space -3 -1 140 156 156 16
Space T 3 -1 156 110 873 717
T H -1 -1 110 94 156 46
H A 0 5 94 125 141 47
A T 1 -4 125 78 140 15
T Space -3 1 78 141 109 31
Space W 3 2 141 140 141 0
W H -1 -4 140 78 281 141
H E 1 3 78 109 109 31
E N -2 -3 109 109 140 31
N Space -1 2 109 109 141 32
Space T 3 -1 109 125 202 93
T H -1 -1 125 109 172 47
H E 1 3 109 125 125 16
E Y 0 -3 125 94 171 46
Y Space -3 2 94 109 188 94
Space V 1 0 109 109 265 156
V I 2 -4 109 94 265 156
I E 0 5 94 109 125 31
E W 0 1 109 140 156 47
W D -1 -1 140 171 156 16
D W 1 1 171 156 281 110
W E 0 -1 156 140 109 -47
E Left -3 -8 140 78 1107 967
Left Left 0 0 78 62 188 110
Left Left 0 0 62 78 187 125
Left Left 0 0 78 78 203 125
Left Right 0 -2 78 78 780 702
Right Right 0 0 78 125 421 343
Right Back 4 0 125 63 483 358
Back Back 0 0 63 124 1436 1373
Back Right -4 0 124 78 530 406
Right Right 0 0 78 63 296 218
Right D 2 10 63 93 656 593
D Right -2 -10 93 109 421 328
Right T 3 8 109 93 3588 3479
T H -1 -1 93 94 140 47
H E 1 3 94 109 94 0
E Space -3 -1 109 125 171 62
Space C 1 1 125 125 172 47
C E 2 0 125 94 187 62
E L -1 -6 94 63 733 639
L L 0 0 63 94 156 93
L S 0 7 94 125 94 0
S Space -2 -2 125 156 156 31
Space U 3 -3 156 109 827 671
U N -2 1 109 110 171 62
N D 1 3 110 125 63 -47
D E 1 0 125 140 156 31
E R 0 -1 140 140 109 -31
R Space -3 0 140 156 187 47
Space A 2 3 156 187 172 16
A Space -2 -3 187 172 171 -16
Space M 1 -3 172 78 281 109
M I 2 -1 78 93 375 297
I C -2 5 93 78 171 78
C R 2 -1 78 78 219 141
R O 0 -5 78 109 140 62
O S -1 7 109 124 172 63
S C -1 -1 124 109 530 406
C O 2 -6 109 343 203 94
O P 0 -1 343 156 203 -140
P E 0 7 156 140 312 156
E Space -3 -1 140 124 1794 1654
Space T 3 -1 124 94 249 125
T H -1 -1 94 110 109 15
H E 1 3 110 109 125 15
E Space -3 -1 109 109 141 32
Space D 2 1 109 124 156 47
D O 1 -6 124 109 218 94
O C -2 6 109 109 156 47
C T 2 -2 109 109 250 141
T O 0 -4 109 124 156 47
O R 0 5 124 93 156 32
R S -1 2 93 171 312 219
S Space -2 -2 171 172 280 109
Space S 2 2 172 109 578 406
S T 1 -3 109 78 280 171
T A -1 4 78 125 78 0
A R 1 -3 125 156 172 47
R T 0 -1 156 125 187 31
T E 0 2 125 94 109 -16
E D -1 0 94 125 219 125
D Space -2 -1 125 156 171 46
Space C 1 1 156 109 4883 4727
C R 2 -1 109 94 265 156
R Y 0 -2 94 78 297 203
Y I 0 -2 78 94 296 218
I N -2 2 94 125 187 93
N G 1 1 125 94 125 0
G Space -2 1 94 187 3183 3089
Space B 1 -1 187 125 499 312
B E 2 2 125 109 203 78
E C -2 0 109 93 265 156
C A 1 2 93 78 265 172
A U 1 -6 78 109 203 125
U S -1 5 109 109 109 0
S E 1 -1 109 93 250 141
E Space -3 -1 93 140 265 172
Space I 3 -4 140 109 686 546
I T 0 3 109 110 187 78
T Space -3 1 110 140 188 78
Space T 3 -1 140 124 156 16
T U 0 -2 124 94 249 125
U R 0 3 94 93 640 546
R N -2 -2 93 94 218 125
N E 2 3 94 109 156 62
E D -1 0 109 125 234 125
D Space -2 -1 125 125 187 62
Space O 3 -5 125 93 188 63
O U 0 2 93 110 202 109
U T 0 2 110 109 203 93
T Space -3 1 109 172 203 94
Space T 3 -1 172 124 640 468
T O 0 -4 124 93 156 32
O Space -3 5 93 110 202 109
Space B 1 -1 110 78 281 171
B E 2 2 78 125 156 78
E Space -3 -1 125 172 187 62
Space A 2 3 172 187 281 109
A Space -2 -3 187 171 219 32
Space V 1 0 171 110 358 187
V E 2 1 110 156 234 124
E R 0 -1 156 140 110 -46
R Y 0 -2 140 94 202 62
Y Space -3 2 94 125 156 62
Space R 3 0 125 109 172 47
R A -1 3 109 141 265 156
A R 1 -3 141 110 265 124
R E 0 1 110 141 156 46
E Space -3 -1 141 125 250 109
Space P 3 -6 125 110 686 561
P A -1 9 110 156 234 124
A N -1 -5 156 93 266 110
N C 0 3 93 94 171 78
C R 2 -1 94 94 281 187
R E 0 1 94 94 218 124
E A -1 2 94 140 219 125
A T 1 -4 140 78 405 265
T I 0 -3 78 94 203 125
I C -2 5 94 78 203 109
C Space -1 -1 78 141 733 655
Space C 1 1 141 93 250 109
C A 1 2 93 110 249 156
A N -1 -5 110 94 203 93
N C 0 3 94 125 78 -16
C E 2 0 125 141 265 140
E R 0 -1 141 140 94 -47
R Space -3 0 140 125 140 0
Space T 3 -1 125 94 156 31
T H -1 -1 94 110 156 62
H A 0 5 110 141 125 15
A T 1 -4 141 93 172 31
T Space -3 1 93 125 171 78
Space I 3 -4 125 125 203 78
I S -1 6 125 125 187 62
S Space -2 -2 125 156 172 47
Space C 1 1 156 109 967 811
C U 2 -4 109 94 203 94
U R 0 3 94 93 94 0
R A -1 3 93 125 249 156
A B -1 -4 125 93 141 16
B L 1 -4 93 109 327 234
L Space -2 5 109 78 312 203
Space E 3 1 78 171 16 -62
E Back 1 -10 171 78 873 702
Back Back 0 0 78 93 188 110
Back E -1 10 93 124 156 63
E Space -3 -1 124 141 202 78
Space W 3 2 141 141 281 140
W I 0 -6 141 78 297 156
I T 0 3 78 93 234 156
T H -1 -1 93 94 171 78
H Space -2 2 94 140 125 31
Space S 2 2 140 125 234 94
S U 1 -5 125 94 109 -16
U R 0 3 94 93 141 47
R G -1 -1 93 109 187 94
G E 1 2 109 109 156 47
E R 0 -1 109 93 234 125
R Y 0 -2 93 109 156 63
Y OemPeriod -2 -3 109 94 1154 1045
OemPeriod Space -1 5 94 125 187 93
Space RShiftKey 1 -7 125 499 203 78
RShiftKey I 2 3 499 125 343 -156
I Space -3 4 125 109 172 47
Space H 2 -2 109 93 250 141
H A 0 5 93 109 109 16
A D 0 -2 109 109 203 94
D Space -2 -1 109 109 156 47
Space T 3 -1 109 78 187 78
T H -1 -1 78 78 140 62
H E 1 3 78 109 78 0
E Space -3 -1 109 124 141 32
Space S 2 2 124 125 140 16
S U 1 -5 125 78 140 15
U R 0 3 78 78 375 297
R G -1 -1 78 93 203 125
G E 1 2 93 94 140 47
E R 0 -1 94 62 234 140
R Y 0 -2 62 94 234 172
Y Space -3 2 94 94 140 46
Space A 2 3 94 109 172 78
A N -1 -5 109 94 140 31
N D 1 3 94 140 141 47
D Space -2 -1 140 94 218 78
Space RShiftKey 1 -7 94 343 156 62
RShiftKey I 2 3 343 110 187 -156
I Oem7 -1 -3 110 94 437 327
Oem7 M -1 4 94 78 297 203
M Space -1 3 78 125 109 31
Space F 2 0 125 94 187 62
F I 1 -4 94 94 140 46
I N -2 2 94 94 156 62
N E 2 3 94 109 63 -31
E Space -3 -1 109 125 187 78
Space N 1 -2 125 94 78 -47
N O 2 -3 94 125 156 62
O W 0 7 125 125 109 -16
W OemPeriod -2 -7 125 47 421 296
OemPeriod Return 1 -3 47 78 7130 7083
Return RShiftKey -1 1 78 234 1014 936
RShiftKey T 2 6 234 78 202 -32
T H -1 -1 78 93 266 188
H I 1 -2 93 109 140 47
I S -1 6 109 109 94 -15
S Space -2 -2 109 156 171 62
Space W 3 2 156 109 375 219
W A -1 1 109 218 218 109
A S 0 -1 218 140 172 -46
S Space -2 -2 140 141 249 109
Space T 3 -1 141 63 187 46
T H -1 -1 63 78 94 31
H E 1 3 78 109 125 47
E Space -3 -1 109 172 140 31
Space C 1 1 172 125 187 15
C L 1 -6 125 94 172 47
L O 1 0 94 94 187 93
O S -1 7 94 124 63 -31
S E 1 -1 124 94 218 94
E S -1 1 94 109 187 93
S T 1 -3 109 109 281 172
T Space -3 1 109 125 218 109
Space RShiftKey 1 -7 125 514 968 843
RShiftKey I 2 3 514 94 358 -156
I Oem7 -1 -3 94 94 484 390
Oem7 V -1 7 94 93 250 156
V E 2 1 93 140 187 94
E Space -3 -1 140 109 156 16
Space B 1 -1 109 78 187 78
B E 2 2 78 78 125 47
E E 0 0 78 109 156 78
E N -2 -3 109 93 156 47
N Space -1 2 93 93 78 -15
Space T 3 -1 93 94 140 47
T O 0 -4 94 93 141 47
O Space -3 5 93 125 140 47
Space D 2 1 125 94 140 15
D E 1 0 94 109 172 78
E A -1 2 109 125 203 94
A T 1 -4 125 78 78 -47
T H -1 -1 78 78 218 140
H Oemcomma -1 -2 78 78 1077 999
Oemcomma Space -1 4 78 125 140 62
Space A 2 3 125 125 125 0
A N -1 -5 125 78 171 46
N D 1 3 78 109 94 16
D Space -2 -1 109 109 156 47
Space RShiftKey 1 -7 109 359 47 -62
RShiftKey I 2 3 359 109 218 -141
I Space -3 4 109 140 125 16
Space H 2 -2 140 78 172 32
H O 1 -3 78 93 203 125
O P 0 -1 93 109 187 94
P E 0 7 109 125 109 0
E Space -3 -1 125 156 172 47
Space I 3 -4 156 93 1825 1669
I T 0 3 93 94 187 94
T Oem7 -1 -6 94 78 343 249
Oem7 Space -2 7 78 31 312 234
Space Back 4 -9 31 93 640 609
Back S -2 11 93 140 343 250
S Space -2 -2 140 141 218 78
Space T 3 -1 141 94 312 171
T H -1 -1 94 78 110 16
H E 1 3 78 109 109 31
E Space -3 -1 109 125 156 47
Space C 1 1 125 124 203 78
C L 1 -6 124 93 156 32
L O 1 0 93 93 187 94
O S -1 7 93 124 125 32
S E 1 -1 124 94 218 94
E S -1 1 94 125 218 124
S Space -2 -2 125 156 250 125
Space RShiftKey 1 -7 156 515 3026 2870
RShiftKey I 2 3 515 125 375 -140
I Space -3 4 125 124 203 78
Space G 2 -1 124 78 218 94
G E 1 2 78 78 125 47
E T 0 -2 78 78 125 47
T Space -3 1 78 109 171 93
Space A 2 3 109 140 250 141
A Space -2 -3 140 171 234 94
Space F 2 0 171 94 421 250
F O 1 -5 94 78 218 124
O R 0 5 78 125 125 47
R Space -3 0 125 140 203 78
Space Left 0 -7 140 109 1498 1358
Left Left 0 0 109 78 202 93
Left Left 0 0 78 78 188 110
Left Left 0 0 78 78 187 109
Left Left 0 0 78 94 187 109
Left Back 4 -2 94 78 328 234
Back Back 0 0 78 16 764 686
Back Back 0 0 16 15 47 31
Back Right -4 0 15 219 452 437
Right Left 0 2 219 125 624 405
Left T 3 6 125 78 375 250
T Right -3 -8 78 717 109 31
Right Left 0 2 717 109 1482 765
Left Back 4 -2 109 109 1123 1014
Back A -2 12 109 156 608 499
A Space -2 -3 156 78 281 125
Space F 2 0 78 109 203 125
F E 1 1 109 156 172 63
E W 0 1 156 172 202 46
W Space -3 -2 172 109 188 16
Space M 1 -3 109 140 156 47
M O 2 -2 140 109 171 31
O R 0 5 109 109 78 -31
R E 0 1 109 109 156 47
E Space -3 -1 109 141 390 281
Space D 2 1 141 93 219 78
D E 1 0 93 78 202 109
E C -2 0 78 109 203 125
C A 1 2 109 171 219 110
A D 0 -2 171 109 686 515
D E 1 0 109 78 218 109
E S -1 1 78 109 188 110
S OemPeriod -1 -7 109 78 1809 1700
OemPeriod Space -1 5 78 124 141 63
Space RShiftKey 1 -7 124 328 202 78
RShiftKey H 1 5 328 62 250 -78
H A 0 5 62 141 265 203
A V -1 -3 141 125 281 140
V I 2 -4 125 141 187 62
I N -2 2 141 109 172 31
N G 1 1 109 124 125 16
G Space -2 1 124 140 234 110
Space L 2 -5 140 125 686 546
L I 1 1 125 94 374 249
I V -2 4 94 93 344 250
V E 2 1 93 78 249 156
E D -1 0 78 109 203 125
D Space -2 -1 109 109 172 63
Space T 3 -1 109 109 171 62
T H -1 -1 109 109 125 16
H R 1 2 109 109 187 78
R O 0 -5 109 94 187 78
O U 0 2 94 109 203 109
U G -1 2 109 78 219 110
G H 0 -1 78 94 140 62
H Space -2 2 94 124 250 156
Space I 3 -4 124 94 748 624
I T 0 3 94 94 172 78
T OemPeriod -2 -4 94 78 437 343
OemPeriod Space -1 5 78 109 281 203
Space RShiftKey 1 -7 109 608 187 78
RShiftKey I 2 3 608 125 390 -218
I Space -3 4 125 125 171 46
Space C 1 1 125 109 188 63
C A 1 2 109 109 234 125
A N -1 -5 109 109 156 47
N Space -1 2 109 125 171 62
Space N 1 -2 125 109 172 47
N O 2 -3 109 125 265 156
O W 0 7 125 94 187 62
W Space -3 -2 94 109 141 47
Space S 2 2 109 125 140 31
S A 0 1 125 156 156 31
A Y 1 -5 156 94 140 -16
Y Space -3 2 94 125 624 530
Space T 3 -1 125 78 297 172
T H -1 -1 78 109 125 47
H I 1 -2 109 62 265 156
I S -1 6 62 140 31 -31
S Space -2 -2 140 140 203 63
Space T 3 -1 140 78 421 281
T O 0 -4 78 62 203 125
O Space -3 5 62 140 187 125
Space Y 3 -2 140 78 234 94
Y O 0 -3 78 125 265 187
O U 0 2 125 125 172 47
U Space -3 3 125 140 1295 1170
Space W 3 2 140 109 296 156
W I 0 -6 109 109 172 63
I T 0 3 109 109 218 109
T H -1 -1 109 93 172 63
H Space -2 2 93 78 218 125
Space A 2 3 78 156 1108 1030
A Space -2 -3 156 140 187 31
Space B 1 -1 140 109 546 406
B I 2 -3 109 109 218 109
I T 0 3 109 109 172 63
T Space -3 1 109 125 249 140
Space M 1 -3 125 125 671 546
M O 2 -2 125 125 187 62
O R 0 5 125 63 156 31
R E 0 1 63 125 156 93
E Space -3 -1 125 125 172 47
Space C 1 1 125 109 281 156
C E 2 0 109 78 249 140
E R 0 -1 78 78 203 125
R T 0 -1 78 94 203 125
T A -1 4 94 109 265 171
A I 1 -7 109 140 453 344
I N -2 2 140 109 624 484
N T 2 1 109 94 358 249
T Y 0 -1 94 93 344 250
Y Space -3 2 93 125 202 109
Space T 3 -1 125 78 671 546
T H -1 -1 78 110 187 109
H A 0 5 110 124 110 0
A T 1 -4 124 94 171 47
T Space -3 1 94 125 125 31
Space W 3 2 125 125 140 15
W H -1 -4 125 93 219 94
H E 1 3 93 94 296 203
E N -2 -3 94 109 250 156
N Space -1 2 109 141 218 109
Space D 2 1 141 93 484 343
D E 1 0 93 93 203 110
E A -1 2 93 125 218 125
A T 1 -4 125 94 187 62
T H -1 -1 94 172 281 187
H Space -2 2 172 140 234 62
Space W 3 2 140 125 203 63
W A -1 1 125 156 171 46
A S 0 -1 156 171 110 -46
S Space -2 -2 171 141 202 31
Space A 2 3 141 172 172 31
A Space -2 -3 172 141 187 15
Space U 3 -3 141 109 1092 951
U S -1 5 109 109 156 47
S E 1 -1 109 93 484 375
E F -1 -1 93 109 265 172
F U 1 -3 109 94 234 125
U L -1 -2 94 109 593 499
L Space -2 5 109 125 187 78
Space B 1 -1 125 93 281 156
B U 2 -2 93 78 187 94
U T 0 2 78 94 140 62
T Space -3 1 94 94 312 218
Space P 3 -6 94 109 172 78
P U 0 3 109 93 250 141
U R 0 3 93 62 218 125
R E 0 1 62 109 203 141
E L -1 -6 109 93 234 125
L Y 1 3 93 94 639 546
Y Space -3 2 94 125 312 218
Space I 3 -4 125 93 297 172
I N -2 2 93 125 156 63
N T 2 1 125 78 140 15
T E 0 2 78 94 203 125
E L -1 -6 94 47 390 296
L L 0 0 47 78 172 125
L E 1 6 78 109 140 62
E C -2 0 109 94 296 187
C T 2 -2 94 78 297 203
T U 0 -2 78 62 187 109
U A -1 6 62 109 172 110
A L 0 -8 109 125 499 390
L Space -2 5 125 140 203 78
Space C 1 1 140 110 280 140
C O 2 -6 110 110 156 46
O N -2 3 110 125 219 109
N C 0 3 125 109 125 0
C E 2 0 109 110 202 93
E P 0 -7 110 109 203 93
P T 0 5 109 93 172 63
T RShiftKey -2 -6 93 874 1575 1482
RShiftKey Oem1 1 1 874 125 702 -172
Oem1 Return 0 -2 125 125 1342 1217
Return RShiftKey -1 1 125 593 1529 1404
RShiftKey B 0 6 593 31 234 -359
B Back 3 -8 31 78 998 967
Back RShiftKey -3 2 78 265 453 375
RShiftKey N 0 5 265 125 140 -125
N O 2 -3 125 94 624 499
O Space -3 5 94 93 172 78
Space O 3 -5 93 78 171 78
O N -2 3 78 125 156 78
N E 2 3 125 109 156 31
E Space -3 -1 109 109 250 141
Space W 3 2 109 78 265 156
W A -1 1 78 109 250 172
A N -1 -5 109 62 156 47
N T 2 1 62 78 171 109
T S -1 3 78 140 219 141
S Space -2 -2 140 125 171 31
Space T 3 -1 125 94 187 62
T O 0 -4 94 125 156 62
O Space -3 5 125 125 172 47
Space D 2 1 125 109 156 31
D I 1 -5 109 124 172 63
I E 0 5 124 78 109 -15
E OemPeriod -2 -6 78 78 1139 1061
OemPeriod Space -1 5 78 124 156 78
Space RShiftKey 1 -7 124 203 187 63
RShiftKey E 2 8 203 110 93 -110
E V -2 -1 110 94 281 171
V E 2 1 94 78 219 125
E N -2 -3 78 78 187 109
N Space -1 2 78 109 140 62
Space W 3 2 109 110 187 78
W H -1 -4 110 78 141 31
H E 1 3 78 94 109 31
E N -2 -3 94 78 172 78
N Space -1 2 78 109 140 62
Space P 3 -6 109 109 499 390
P E 0 7 109 109 219 110
E O 0 -6 109 109 187 78
O P 0 -1 109 141 171 62
P L -1 1 141 125 141 0
L E 1 6 125 109 156 31
E Space -3 -1 109 125 171 62
Space W 3 2 125 140 1046 921
W H -1 -4 140 93 187 47
H O 1 -3 93 94 265 172
O Space -3 5 94 109 156 62
Space W 3 2 109 31 172 63
W A -1 1 31 140 187 156
A N -1 -5 140 94 171 31
N T 2 1 94 94 172 78
T Space -3 1 94 156 281 187
Space T 3 -1 156 109 203 47
T O 0 -4 109 109 234 125
O Space -3 5 109 140 187 78
Space G 2 -1 140 94 608 468
G O 1 -4 94 94 203 109
O Space -3 5 94 125 125 31
Space T 3 -1 125 94 187 62
T O 0 -4 94 93 203 109
O Space -3 5 93 125 156 63
Space H 2 -2 125 78 546 421
H E 1 3 78 78 156 78
E A -1 2 78 109 218 140
A V -1 -3 109 94 156 47
V E 2 1 94 94 187 93
E N -2 -3 94 94 203 109
N Space -1 2 94 140 203 109
Space D 2 1 140 94 1357 1217
D O 1 -6 94 94 234 140
O N -2 3 94 94 203 109
N Oem7 1 -5 94 94 468 374
Oem7 T 1 6 94 124 250 156
T Space -3 1 124 141 171 47
Space W 3 2 141 94 265 124
W A -1 1 94 141 203 109
A N -1 -5 141 109 156 15
N T 2 1 109 93 141 32
T T 0 0 93 140 265 172
T Back 1 -8 140 93 905 765
Back Space -4 9 93 109 156 63
Space T 3 -1 109 47 265 156
T O 0 -4 47 125 109 62
O Space -3 5 125 125 234 109
Space D 2 1 125 93 406 281
D I 1 -5 93 93 889 796
I E 0 5 93 156 889 796
E Space -3 -1 156 141 374 218
Space T 3 -1 141 93 344 203
T O 0 -4 93 94 171 78
O Space -3 5 94 140 141 47
Space G 2 -1 140 94 249 109
G E 1 2 94 187 219 125
E T 0 -2 187 62 234 47
T Space -3 1 62 171 234 172
Space T 3 -1 171 125 187 16
T H -1 -1 125 78 171 46
H E 1 3 78 125 94 16
E R 0 -1 125 124 94 -31
R E 0 1 124 125 171 47
E OemPeriod -2 -6 125 93 375 250
OemPeriod Space -1 5 93 125 140 47
Space RShiftKey 1 -7 125 218 156 31
RShiftKey A 1 10 218 140 94 -124
A N -1 -5 140 109 296 156
N D 1 3 109 125 203 94
D Space -2 -1 125 125 156 31
Space Y 3 -2 125 94 296 171
Y E 0 3 94 109 125 31
E T 0 -2 109 78 156 47
T Space -3 1 78 156 577 499
Space D 2 1 156 63 390 234
D E 1 0 63 94 187 124
E A -1 2 94 156 234 140
A T 1 -4 156 78 172 16
T H -1 -1 78 94 234 156
H Space -2 2 94 109 172 78
Space I 3 -4 109 94 483 374
I S -1 6 94 125 109 15
S Space -2 -2 125 93 188 63
Space T 3 -1 93 124 156 63
T H -1 -1 124 78 156 32
H E 1 3 78 125 109 31
E Space -3 -1 125 125 156 31
Space D 2 1 125 125 171 46
D E 1 0 125 78 234 109
E S -1 1 78 125 219 141
S T 1 -3 125 78 281 156
T I 0 -3 78 78 171 93
I N -2 2 78 93 172 94
N A 1 5 93 109 109 16
A T 1 -4 109 78 281 172
T I 0 -3 78 280 125 47
I O 0 -1 280 109 156 -124
O N -2 3 109 172 62 -47
N Space -1 2 172 141 998 826
Space W 3 2 141 93 219 78
W E 0 -1 93 109 187 94
E Space -3 -1 109 109 172 63
Space A 2 3 109 109 156 47
A L 0 -8 109 62 234 125
L L 0 0 62 78 156 94
L Space -2 5 78 140 109 31
Space S 2 2 140 125 156 16
S H 0 -4 125 78 171 46
H A 0 5 78 141 47 -31
A R 1 -3 141 125 281 140
R E 0 1 125 156 140 15
E OemPeriod -2 -6 156 62 1124 968
OemPeriod Space -1 5 62 109 171 109
Space RShiftKey 1 -7 109 203 187 78
RShiftKey N 0 5 203 93 141 -62
N O 2 -3 93 94 249 156
O Space -3 5 94 94 172 78
Space O 3 -5 94 94 156 62
O N -2 3 94 109 187 93
N E 2 3 109 125 156 47
E Space -3 -1 125 156 265 140
Space H 2 -2 156 78 1092 936
H A 0 5 78 172 94 16
A S 0 -1 172 141 140 -32
S Space -2 -2 141 140 188 47
Space E 3 1 140 125 187 47
E V -2 -1 125 94 187 62
V E 2 1 94 94 109 15
E R 0 -1 94 109 219 125
R Space -3 0 109 124 156 47
Space E 3 1 124 93 468 344
E C -2 0 93 156 655 562
C A 1 2 156 140 546 390
A P 1 -9 140 125 577 437
P E 0 7 125 94 218 93
E D -1 0 94 109 235 141
D Left -2 -8 109 749 904 795
Left Right 0 -2 749 125 1014 265
Right Right 0 0 125 94 234 109
Right Right 0 0 94 125 203 109
Right S 2 11 125 125 733 608
S Right -2 -11 125 687 390 265
Right Left 0 2 687 124 13214 12527
Left Space 0 7 124 140 764 640
Space I 3 -4 140 109 250 110
I T 0 3 109 78 187 78
T OemPeriod -2 -4 78 94 733 655
OemPeriod Space -1 5 94 125 312 218
Space RShiftKey 1 -7 125 265 187 62
RShiftKey A 1 10 265 78 281 16
A N -1 -5 78 125 203 125
N D 1 3 125 109 187 62
D Space -2 -1 109 110 140 31
Space T 3 -1 110 63 203 93
T H -1 -1 63 94 187 124
H A 0 5 94 156 172 78
A T 1 -4 156 109 187 31
T Space -3 1 109 125 172 63
Space I 3 -4 125 109 452 327
I S -1 6 109 125 125 16
S Space -2 -2 125 62 203 78
Space A 2 3 62 203 78 16
A S 0 -1 203 156 234 31
S Space -2 -2 156 171 203 47
Space I 3 -4 171 63 358 187
I U 0 1 63 47 0 -63
U T 0 2 47 109 172 125
T Back 1 -8 109 46 718 609
Back Back 0 0 46 109 187 141
Back T -1 8 109 110 717 608
T Space -3 1 110 78 203 93
Space S 2 2 78 94 265 187
S H 0 -4 94 93 63 -31
H O 1 -3 93 62 234 141
O U 0 2 62 78 140 78
U L -1 -2 78 110 265 187
L D 0 6 110 94 234 124
D Space -2 -1 94 156 125 31
Space B 1 -1 156 78 936 780
B E 2 2 78 93 141 63
E Oemcomma -2 -5 93 78 452 359
Oemcomma Space -1 4 78 140 125 47
Space B 1 -1 140 94 218 78
B E 2 2 94 78 141 47
E C -2 0 78 78 234 156
C A 1 2 78 109 218 140
A U 1 -6 109 94 187 78
U S -1 5 94 109 94 0
S E 1 -1 109 109 234 125
E Space -3 -1 109 187 1529 1420
Space RShiftKey 1 -7 187 203 842 655
RShiftKey D 1 8 203 94 109 -94
D E 1 0 94 78 250 156
E A -1 2 78 109 218 140
A T 1 -4 109 78 125 16
T H -1 -1 78 94 218 140
H Space -2 2 94 140 172 78
Space I 3 -4 140 94 421 281
I S -1 6 94 125 94 0
S Space -2 -2 125 125 171 46
Space V 1 0 125 78 172 47
V E 2 1 78 94 109 31
E R 0 -1 94 93 219 125
R Y 0 -2 93 78 187 94
Y Space -3 2 78 125 171 93
Space L 2 -5 125 78 203 78
L I 1 1 78 78 219 141
I K -1 0 78 78 171 93
K E 1 5 78 78 141 63
E L -1 -6 78 78 109 31
L Y 1 3 78 62 281 203
Y Space -3 2 62 187 998 936
Space T 3 -1 187 94 421 234
T H -1 -1 94 78 141 47
H E 1 3 78 125 124 46
E Space -3 -1 125 109 172 47
Space S 2 2 109 141 187 78
S I 1 -6 141 63 156 15
I N -2 2 63 109 125 62
N G 1 1 109 109 390 281
G L 0 -4 109 125 218 109
L E 1 6 125 94 203 78
E Space -3 -1 94 141 156 62
Space B 1 -1 141 78 468 327
B E 2 2 78 93 141 63
E S -1 1 93 109 234 141
S T 1 -3 109 62 296 187
T Space -3 1 62 110 140 78
Space I 3 -4 110 109 219 109
I N -2 2 109 109 234 125
N V 0 2 109 93 234 125
V E 2 1 93 94 218 125
E N -2 -3 94 94 156 62
N T 2 1 94 94 187 93
T I 0 -3 94 405 188 94
I O 0 -1 405 172 218 -187
O N -2 3 172 140 156 -16
N Space -1 2 140 93 281 141
Space O 3 -5 93 78 561 468
O F -1 5 78 78 344 266
F Space -2 0 78 93 234 156
Space RShiftKey 1 -7 93 484 218 125
RShiftKey L 1 2 484 94 390 -94
L I 1 1 94 78 265 171
I F -1 4 78 94 203 125
F E 1 1 94 94 187 93
E OemPeriod -2 -6 94 62 531 437
OemPeriod Space -1 5 62 94 280 218
Space RShiftKey 1 -7 94 453 312 218
RShiftKey I 2 3 453 125 297 -156
I T 0 3 125 78 390 265
T Space -3 1 78 125 265 187
Space I 3 -4 125 78 218 93
I S -1 6 78 109 188 110
S Space -2 -2 109 94 218 109
Space A 2 3 94 156 234 140
A Space -2 -3 156 140 312 156
Space RShiftKey 1 -7 140 312 655 515
RShiftKey L 1 2 312 109 219 -93
L I 1 1 109 94 249 140
I F -1 4 94 93 250 156
F E 1 1 93 124 203 110
E Oem7 -1 -8 124 110 592 468
Oem7 S 0 9 110 140 188 78
S Space -2 -2 140 124 156 16
Space C 1 1 124 125 187 63
C H 1 -3 125 94 249 124
H A 0 5 94 140 94 0
A N -1 -5 140 94 156 16
N G 1 1 94 94 218 124
G E 1 2 94 110 78 -16
E Space -3 -1 110 141 156 46
Space E 3 1 141 125 156 15
E V -2 -1 125 93 141 16
V E 2 1 93 109 109 16
E N -2 -3 109 110 140 31
N T 2 1 110 93 219 109
T Back 1 -8 93 78 1185 1092
Back Back 0 0 78 78 203 125
Back Back 0 0 78 63 187 109
Back Back 0 0 63 78 172 109
Back G -2 8 78 78 1591 1513
G E 1 2 78 94 156 78
E N -2 -3 94 78 250 156
N T 2 1 78 93 281 203
T Left -3 -6 93 93 1123 1030
Left Left 0 0 93 78 203 110
Left Left 0 0 78 78 187 109
Left Left 0 0 78 62 203 125
Left Back 4 -2 62 94 405 343
Back A -2 12 94 124 141 47
A Back 2 -12 124 78 2667 2543
Back RShiftKey -3 2 78 203 250 172
RShiftKey A 1 10 203 140 109 -94
A OemPeriod -1 -8 140 78 3728 3588
OemPeriod Space -1 5 78 141 468 390
Space RShiftKey 1 -7 141 437 172 31
RShiftKey I 2 3 437 141 265 -172
I T 0 3 141 62 375 234
T Space -3 1 62 124 312 250
Space C 1 1 124 110 280 156
C L 1 -6 110 93 219 109
L E 1 6 93 94 140 47
E A -1 2 94 140 250 156
A R 1 -3 140 94 265 125
R S -1 2 94 140 203 109
S Space -2 -2 140 140 312 172
Space O 3 -5 140 109 1560 1420
O U 0 2 109 94 343 234
U T 0 2 94 93 172 78
T Space -3 1 93 109 218 125
Space T 3 -1 109 94 156 47
T H -1 -1 94 78 156 62
H E 1 3 78 109 109 31
E Space -3 -1 109 109 141 32
Space O 3 -5 109 78 202 93
O L -1 0 78 78 219 141
L D 0 6 78 125 249 171
D Space -2 -1 125 125 172 47
Space T 3 -1 125 109 172 47
T O 0 -4 109 109 296 187
O Space -3 5 109 125 140 31
Space M 1 -3 125 109 609 484
M A 1 6 109 125 234 125
A K 0 -7 125 94 187 62
K E 1 5 94 94 140 46
E Space -3 -1 94 140 188 94
Space W 3 2 140 78 187 47
W A -1 1 78 109 218 140
A Y 1 -5 109 78 187 78
Y Space -3 2 78 109 125 47
Space F 2 0 109 93 172 63
F O 1 -5 93 94 171 78
O R 0 5 94 124 110 16
R Space -3 0 124 125 202 78
Space H 2 -2 125 109 266 141
H E 1 3 109 140 140 31
E Space -3 -1 140 109 172 32
Space N 1 -2 109 109 156 47
N E 2 3 109 109 140 31
E W 0 1 109 94 187 78
W OemPeriod -2 -7 94 78 811 717
OemPeriod Left -1 -2 78 734 1092 1014
Left Right 0 -2 734 171 1124 390
Right T 3 8 171 63 748 577
T Right -3 -8 63 795 141 78
Right Left 0 2 795 124 1607 812
Left Space 0 7 124 125 6988 6864
Space RShiftKey 1 -7 125 842 5632 5507
RShiftKey R 2 7 842 109 640 -202
R RShiftKey -2 -7 109 296 2371 2262
RShiftKey R 2 7 296 124 203 -93
R I 0 -4 124 110 358 234
I G -1 3 110 78 234 124
G H 0 -1 78 93 141 63
H T 1 1 93 109 109 16
T Space -3 1 109 125 218 109
Space Z 1 3 125 156 1545 1420
Z RShiftKey 0 -10 156 234 4227 4071
RShiftKey R 2 7 234 109 188 -46
R I 0 -4 109 94 280 171
I G -1 3 94 93 219 125
G H 0 -1 93 94 109 16
H T 1 1 94 109 109 15
T Space -3 1 109 124 141 32
Space N 1 -2 124 94 62 -62
N O 2 -3 94 125 187 93
O W 0 7 125 125 390 265
W Space -3 -2 125 125 624 499
Space T 3 -1 125 93 1467 1342
T H -1 -1 93 78 124 31
H E 1 3 78 109 125 47
E Space -3 -1 109 109 141 32
Space N 1 -2 109 109 156 47
N E 2 3 109 109 187 78
E W 0 1 109 110 171 62
W Space -3 -2 110 141 125 15
Space T 3 -1 141 78 172 31
T I 0 -3 78 93 234 156
I S -1 6 93 125 187 94
S Space -2 -2 125 124 172 47
Space Y 3 -2 124 93 390 266
Y O 0 -3 93 93 156 63
O U 0 2 93 78 202 109
U Oemcomma -2 -1 78 93 999 921
Oemcomma Space -1 4 93 110 171 78
Space B 1 -1 110 140 297 187
B U 2 -2 140 110 249 109
U T 0 2 110 110 78 -32
T Space -3 1 110 78 266 156
Space S 2 2 78 124 234 156
S O 1 -7 124 125 405 281
O M -2 2 125 125 187 62
M E 2 4 125 93 188 63
E D -1 0 93 94 218 125
D A 0 2 94 109 203 109
A Y 1 -5 109 94 156 47
Y Space -3 2 94 125 655 561
Space N 1 -2 125 47 390 265
N O 2 -3 47 109 312 265
O P 0 -1 109 62 16 -93
P Back 1 -3 62 109 764 702
Back T -1 8 109 109 172 63
T Space -3 1 109 156 639 530
Space T 3 -1 156 78 718 562
T O 0 -4 78 78 203 125
O O 0 0 78 78 171 93
O Space -3 5 78 124 110 32
Space L 2 -5 124 93 156 32
L O 1 0 93 94 202 109
O N -2 3 94 78 250 156
N G 1 1 78 78 281 203
G Space -2 1 78 141 249 171
Space F 2 0 141 93 578 437
F R 1 0 93 110 280 187
R O 0 -5 110 78 219 109
O M -2 2 78 93 203 125
M Space -1 3 93 140 156 63
Space N 1 -2 140 78 156 16
N O 2 -3 78 78 202 124
O W 0 7 78 109 656 578
W Oemcomma -2 -6 109 93 780 671
Oemcomma Space -1 4 93 125 577 484
Space Y 3 -2 125 94 499 374
Y O 0 -3 94 94 187 93
O U 0 2 94 94 203 109
U Space -3 3 94 94 187 93
Space W 3 2 94 109 172 78
W I 0 -6 109 78 171 62
I L -1 -1 78 63 281 203
L L 0 0 63 93 141 78
L Space -2 5 93 94 140 47
Space G 2 -1 94 93 203 109
G R 1 1 93 63 140 47
R A -1 3 63 156 219 156
A D 0 -2 156 94 202 46
D U 1 -4 94 94 125 31
U A -1 6 94 94 125 31
A L 0 -8 94 78 172 78
L L 0 0 78 78 156 78
L Y 1 3 78 78 234 156
Y Space -3 2 78 125 171 93
Space B 1 -1 125 78 1279 1154
B E 2 2 78 63 203 125
E C -2 0 63 124 219 156
C O 2 -6 124 93 187 63
O M -2 2 93 109 187 94
M E 2 4 109 109 94 -15
E Space -3 -1 109 109 171 62
Space T 3 -1 109 78 187 78
T H -1 -1 78 78 94 16
H E 1 3 78 94 156 78
E Space -3 -1 94 125 125 31
Space O 3 -5 125 78 234 109
O L -1 0 78 94 249 171
L D 0 6 94 109 640 546
D Space -2 -1 109 125 218 109
Space A 2 3 125 94 234 109
A N -1 -5 94 93 141 47
N D 1 3 93 109 156 63
D Space -2 -1 109 78 187 78
Space B 1 -1 78 78 187 109
B E 2 2 78 109 125 47
E Space -3 -1 109 125 187 78
Space C 1 1 125 109 156 31
C L 1 -6 109 94 234 125
L E 1 6 94 47 172 78
E A -1 2 47 140 156 109
A R 1 -3 140 63 296 156
R E 0 1 63 94 156 93
E D -1 0 94 109 219 125
D Space -2 -1 109 141 171 62
Space A 2 3 141 140 219 78
A W 1 -1 140 156 187 47
W A -1 1 156 140 234 78
A Y 1 -5 140 78 234 94
Y OemPeriod -2 -3 78 78 749 671
OemPeriod Space -1 5 78 125 140 62
Space RShiftKey 1 -7 125 202 172 47
RShiftKey S 1 9 202 124 156 -46
S O 1 -7 124 93 312 188
O R 0 5 93 78 296 203
R R 0 0 78 93 172 94
R Y 0 -2 93 94 171 78
Y Space -3 2 94 125 156 62
Space T 3 -1 125 93 640 515
T O 0 -4 93 93 468 375
O Space -3 5 93 125 187 94
Space B 1 -1 125 93 203 78
B E 2 2 93 109 156 63
E Space -3 -1 109 109 187 78
Space S 2 2 109 94 218 109
S O 1 -7 94 94 125 31
O Space -3 5 94 125 172 78
Space D 2 1 125 94 171 46
D R 1 -1 94 93 219 125
R A -1 3 93 109 234 141
A M -1 -6 109 94 187 78
M A 1 6 94 140 515 421
A T 1 -4 140 109 265 125
T I 0 -3 109 110 218 109
I C -2 5 110 125 172 62
C Oemcomma 0 -5 125 78 998 873
Oemcomma Space -1 4 78 124 188 110
Space B 1 -1 124 94 717 593
B U 2 -2 94 94 203 109
U T 0 2 94 109 156 62
T Space -3 1 109 140 156 47
Space I 3 -4 140 156 421 281
I T 0 3 156 94 265 109
T Space -3 1 94 93 297 203
Space I 3 -4 93 94 187 94
I S -1 6 94 78 172 78
S Space -2 -2 78 125 171 93
Space Q 3 3 125 125 484 359
Q U 0 -6 125 297 249 124
U I 0 -1 297 203 156 -141
I T 0 3 203 94 250 47
T E 0 2 94 109 187 93
E Space -3 -1 109 141 109 0
Space T 3 -1 141 156 188 47
T R 0 1 156 125 202 46
R U 0 -3 125 78 172 47
U E 0 4 78 141 109 31
E OemPeriod -2 -6 141 78 952 811
OemPeriod Return 1 -3 78 110 639 561
Return RShiftKey -1 1 110 390 3573 3463
RShiftKey Y 2 5 390 109 312 -78
Y O 0 -3 109 78 312 203
O U 0 2 78 78 281 203
U R 0 3 78 94 249 171
R Space -3 0 94 109 172 78
Space T 3 -1 109 94 140 31
T I 0 -3 94 62 141 47
I M -2 1 62 124 234 172
M E 2 4 124 93 234 110
E Space -3 -1 93 93 187 94
Space I 3 -4 93 78 171 78
I S -1 6 78 110 156 78
S Space -2 -2 110 125 234 124
Space L 2 -5 125 94 281 156
L I 1 1 94 94 234 140
I M -2 1 94 109 203 109
M I 2 -1 109 109 172 63
I T 0 3 109 46 312 203
T E 0 2 46 93 187 141
E D -1 0 93 78 265 172
D Oemcomma -1 -5 78 94 1170 1092
Oemcomma Space -1 4 94 156 125 31
Space S 2 2 156 124 203 47
S O 1 -7 124 78 171 47
O Space -3 5 78 141 109 31
Space D 2 1 141 109 219 78
D O 1 -6 109 94 93 -16
O N -2 3 94 93 188 94
N Oem7 1 -5 93 109 561 468
Oem7 T 1 6 109 94 187 78
T Space -3 1 94 109 172 78
Space W 3 2 109 141 140 31
W A -1 1 141 156 281 140
A S 0 -1 156 141 109 -47
S T 1 -3 141 93 188 47
T E 0 2 93 109 109 16
E Space -3 -1 109 171 203 94
Space I 3 -4 171 110 982 811
I T 0 3 110 109 125 15
T Space -3 1 109 94 187 78
Space L 2 -5 94 94 172 78
L I 1 1 94 94 218 124
I V -2 4 94 109 141 47
V I 2 -4 109 94 218 109
I N -2 2 94 125 172 78
N G 1 1 125 94 93 -32
G Space -2 1 94 156 172 78
Space S 2 2 156 125 608 452
S O 1 -7 125 94 156 31
O M -2 2 94 140 141 47
M E 2 4 140 124 125 -15
E O 0 -6 124 140 187 63
O N -2 3 140 156 140 0
N E 2 3 156 141 156 0
E Space -3 -1 141 156 1545 1404
Space E 3 1 156 141 202 46
E L -1 -6 141 140 344 203
L E 1 6 140 94 140 0
E Left -3 -8 94 156 2278 2184
Left S 2 9 156 125 202 46
S Right -2 -11 125 125 219 94
Right Oem7 2 2 125 93 936 811
Oem7 S 0 9 93 140 125 32
S Space -2 -2 140 141 202 62
Space L 2 -5 141 78 219 78
L I 1 1 78 93 203 125
I F -1 4 93 109 140 47
F E 1 1 109 156 172 63
E OemPeriod -2 -6 156 62 920 764
OemPeriod Space -1 5 62 110 140 78
Space RShiftKey 1 -7 110 203 172 62
RShiftKey D 1 8 203 124 172 -31
D O 1 -6 124 110 280 156
O N -2 3 110 78 188 78
N Oem7 1 -5 78 62 1326 1248
Oem7 T 1 6 62 109 187 125
T Space -3 1 109 109 203 94
Space B 1 -1 109 78 265 156
B E 2 2 78 109 140 62
E Space -3 -1 109 110 187 78
Space T 3 -1 110 94 156 46
T R 0 1 94 78 110 16
R A -1 3 78 109 234 156
A P 1 -9 109 62 218 109
P P 0 0 62 109 156 94
P E 0 7 109 78 78 -31
E D -1 0 78 109 203 125
D Space -2 -1 109 140 187 78
Space B 1 -1 140 93 406 266
B Space -1 1 93 93 343 250
Space D 2 1 93 124 437 344
D O 1 -6 124 109 296 172
O G -1 4 109 78 328 219
G M -1 -2 78 109 171 93
M A 1 6 109 187 390 281
A Space -2 -3 187 140 562 375
Space OemMinus 4 -7 140 94 296 156
OemMinus Space -4 7 94 140 141 47
Space W 3 2 140 140 218 78
W H -1 -4 140 94 156 16
H I 1 -2 94 94 140 46
I C -2 5 94 141 125 31
C H 1 -3 141 125 156 15
H Space -2 2 125 124 141 16
Space I 3 -4 124 125 171 47
I S -1 6 125 156 109 -16
S Space -2 -2 156 140 188 32
Space L 2 -5 140 93 702 562
L I 1 1 93 94 218 125
I V -2 4 94 93 250 156
V I 2 -4 93 93 156 63
I N -2 2 93 125 187 94
N G 1 1 125 140 109 -16
G Space -2 1 140 171 203 63
Space W 3 2 171 141 873 702
W I 0 -6 141 125 312 171
I T 0 3 125 109 203 78
T H -1 -1 109 78 203 94
H Space -2 2 78 172 109 31
Space T 3 -1 172 125 172 0
T H -1 -1 125 62 156 31
H E 1 3 62 125 187 125
E Space -3 -1 125 140 172 47
Space R 3 0 140 125 171 31
R E 0 1 125 94 187 62
E S -1 1 94 110 234 140
S U 1 -5 110 62 172 62
U L -1 -2 62 125 265 203
L T 1 4 125 78 78 -47
T S -1 3 78 156 234 156
S Space -2 -2 156 140 172 16
Space I 3 -4 140 141 218 78
I F -1 4 141 124 219 78
F Space -2 0 124 124 156 32
Space I 3 -4 124 93 187 63
I T 0 3 93 94 140 47
T H -1 -1 94 78 172 78
H E 1 3 78 171 0 -78
E R 0 -1 171 156 125 -46
R Space -3 0 156 125 374 218
Space P 3 -6 125 109 905 780
P E 0 7 109 140 265 156
E O 0 -6 140 93 359 219
O P 0 -1 93 93 281 188
P L -1 1 93 94 218 125
L E 1 6 94 125 203 109
E Oem7 -1 -8 125 109 312 187
Oem7 S 0 9 109 156 171 62
S Space -2 -2 156 156 172 16
Space T 3 -1 156 93 562 406
T H -1 -1 93 93 187 94
H I 1 -2 93 78 218 125
I N -2 2 78 109 141 63
N K 1 -2 109 94 171 62
K I 1 0 94 78 203 109
I N -2 2 78 109 156 78
N G 1 1 109 78 203 94
G OemPeriod -1 -4 78 78 1076 998
OemPeriod Space -1 5 78 109 219 141
Space RShiftKey 1 -7 109 219 171 62
RShiftKey D 1 8 219 110 187 -32
D O 1 -6 110 93 297 187
O N -2 3 93 110 171 78
N Oem7 1 -5 110 110 624 514
Oem7 T 1 6 110 94 156 46
T Space -3 1 94 110 156 62
Space L 2 -5 110 94 156 46
L E 1 6 94 109 219 125
E T 0 -2 109 156 203 94
T Space -3 1 156 187 296 140
Space T 3 -1 187 93 1919 1732
T H -1 -1 93 110 171 78
H E 1 3 110 172 125 15
E Space -3 -1 172 156 172 0
Space N 1 -2 156 93 702 546
N O 2 -3 93 110 171 78
O I 0 1 110 94 234 124
I S -1 6 94 109 203 109
S E 1 -1 109 140 765 656
E Space -3 -1 140 140 234 94
Space O 3 -5 140 110 202 62
O F -1 5 110 109 203 93
F Space -2 0 109 141 109 0
Space O 3 -5 141 109 203 62
O T 0 4 109 94 125 16
T H -1 -1 94 78 156 62
H E 1 3 78 141 62 -16
E R 0 -1 141 109 94 -47
R Oem7 -1 -7 109 94 421 312
Oem7 S 0 9 94 141 109 15
S Space -2 -2 141 141 156 15
Space O 3 -5 141 78 156 15
O P 0 -1 78 78 219 141
P I 0 2 78 109 203 125
I N -2 2 109 78 296 187
N I 2 -2 78 436 250 172
I O 0 -1 436 218 218 -218
O N -2 3 218 172 187 -31
N S 1 4 172 187 702 530
S Space -2 -2 187 140 219 32
Space D 2 1 140 109 468 328
D R 1 -1 109 93 234 125
R O 0 -5 93 141 436 343
O W 0 7 141 125 312 171
W N -2 -4 125 94 312 187
N Space -1 2 94 109 188 94
Space Y 3 -2 109 47 374 265
Y O 0 -3 47 94 234 187
O U 0 2 94 94 156 62
U Space -3 3 94 125 140 46
Space O 3 -5 125 125 156 31
O U 0 2 125 93 297 172
U T 0 2 93 94 265 172
T Space -3 1 94 156 218 124
Space Left 0 -7 156 437 4992 4836
Left Left 0 0 437 94 640 203
Left Left 0 0 94 78 218 124
Left Left 0 0 78 78 188 110
Left Back 4 -2 78 187 421 343
Back Back 0 0 187 78 312 125
Back Back 0 0 78 62 203 125
Back Back 0 0 62 63 171 109
Back Right -4 0 63 110 967 904
Right Right 0 0 110 62 219 109
Right Right 0 0 62 78 171 109
Right Right 0 0 78 62 188 110
Right Y 3 7 62 109 1045 983
Y O 0 -3 109 78 343 234
O U 0 2 78 93 203 125
U R 0 3 93 62 281 188
R Space -3 0 62 94 140 78
Space O 3 -5 94 140 1498 1404
O W 0 7 140 94 249 109
W N -2 -4 94 93 219 125
N Space -1 2 93 94 171 78
Space I 3 -4 94 78 141 47
I N -2 2 78 62 156 78
N N 0 0 62 125 140 78
N E 2 3 125 94 140 15
E R 0 -1 94 93 219 125
R Space -3 0 93 109 140 47
Space V 1 0 109 109 203 94
V O 2 -5 109 78 125 16
O I 0 1 78 78 203 125
I C -2 5 78 78 327 249
C E 2 0 78 109 172 94
E OemPeriod -2 -6 109 93 1061 952
OemPeriod Space -1 5 93 110 171 78
Space RShiftKey 1 -7 110 250 156 46
RShiftKey A 1 10 250 156 141 -109
A N -1 -5 156 109 359 203
N D 1 3 109 124 156 47
D Space -2 -1 124 109 171 47
Space M 1 -3 109 94 156 47
M O 2 -2 94 78 203 109
O S -1 7 78 124 94 16
S T 1 -3 124 78 280 156
T Space -3 1 78 109 141 63
Space I 3 -4 109 109 203 94
I M -2 1 109 109 218 109
M P 2 -3 109 94 218 109
P O 0 1 94 109 141 47
O R 0 5 109 93 203 94
R T 0 -1 93 78 234 141
T A -1 4 78 125 249 171
A N -1 -5 125 109 172 47
N T 2 1 109 109 156 47
T Oemcomma -2 -3 109 93 1170 1061
Oemcomma Space -1 4 93 125 140 47
Space H 2 -2 125 78 219 94
H A 0 5 78 109 93 15
A V -1 -3 109 94 156 47
V E 2 1 94 94 125 31
E Space -3 -1 94 94 187 93
Space T 3 -1 94 78 156 62
T H -1 -1 78 63 156 78
H E 1 3 63 140 63 0
E Space -3 -1 140 125 140 0
Space C 1 1 125 125 546 421
C O 2 -6 125 94 234 109
O U 0 2 94 93 203 109
U R 0 3 93 78 171 78
R A -1 3 78 109 219 141
A G 0 -4 109 94 140 31
G E 1 2 94 109 125 31
E Space -3 -1 109 110 140 31
Space T 3 -1 110 110 156 46
T O 0 -4 110 78 172 62
O Space -3 5 78 156 140 62
Space D 2 1 156 63 281 125
D Back 2 -10 63 93 375 312
Back F -2 9 93 109 171 78
F I 1 -4 109 125 265 156
I Back 1 -5 125 110 858 733
Back O -1 4 110 109 250 140
O L -1 0 109 78 281 172
L L 0 0 78 63 171 93
L O 1 0 63 78 172 109
O W 0 7 78 125 343 265
W Space -3 -2 125 171 718 593
Space Y 3 -2 171 109 702 531
Y O 0 -3 109 93 234 125
O U 0 2 93 78 234 141
U R 0 3 78 78 281 203
R Space -3 0 78 110 124 46
Space H 2 -2 110 94 172 62
H E 1 3 94 94 156 62
E A -1 2 94 172 234 140
A R 1 -3 172 140 234 62
R T 0 -1 140 94 296 156
T Space -3 1 94 125 141 47
Space A 2 3 125 156 203 78
A N -1 -5 156 94 202 46
N D 1 3 94 109 203 109
D Space -2 -1 109 140 141 32
Space I 3 -4 140 78 218 78
I N -2 2 78 140 125 47
N T 2 1 140 93 156 16
T U 0 -2 93 78 156 63
U I 0 -1 78 93 234 156
I T 0 3 93 62 187 94
T I 0 -3 62 390 234 172
I O 0 -1 390 140 250 -140
O N -2 3 140 141 93 -47
N OemPeriod 0 -3 141 78 531 390
OemPeriod Space -1 5 78 124 156 78
Space RShiftKey 1 -7 124 187 156 32
RShiftKey T 2 6 187 94 171 -16
T H -1 -1 94 94 203 109
H E 1 3 94 124 94 0
E Y 0 -3 124 93 156 32
Y Space -3 2 93 125 93 0
Space S 2 2 125 110 733 608
S O 1 -7 110 109 515 405
O M -2 2 109 125 234 125
M E 2 4 125 125 156 31
E H -1 -3 125 78 187 62
H O 1 -3 78 109 219 141
O W 0 7 109 156 171 62
W Space -3 -2 156 156 281 125
Space A 2 3 156 187 1139 983
A L 0 -8 187 94 421 234
L R 1 5 94 78 219 125
R E 0 1 78 94 202 124
E A -1 2 94 125 219 125
A D 0 -2 125 125 187 62
D Y 1 -3 125 94 187 62
Y Space -3 2 94 125 125 31
Space K 2 -4 125 110 452 327
K N -1 2 110 110 234 124
N O 2 -3 110 109 188 78
O W 0 7 109 109 187 78
W Space -3 -2 109 156 281 172
Space W 3 2 156 109 327 171
W H -1 -4 109 78 297 188
H A 0 5 78 171 265 187
A T 1 -4 171 109 655 484
T Space -3 1 109 156 437 328
Space Y 3 -2 156 78 499 343
Y O 0 -3 78 140 281 203
O U 0 2 140 109 234 94
U Space -3 3 109 93 203 94
Space T 3 -1 93 93 234 141
T R 0 1 93 93 234 141
R U 0 -3 93 78 327 234
U L -1 -2 78 94 281 203
L Y 1 3 94 78 281 187
Y Space -3 2 78 187 359 281
Space W 3 2 187 109 873 686
W A -1 1 109 125 265 156
A N -1 -5 125 93 219 94
N T 2 1 93 109 187 94
T Space -3 1 109 125 218 109
Space T 3 -1 125 94 203 78
T O 0 -4 94 93 172 78
O Space -3 5 93 141 140 47
Space B 1 -1 141 93 219 78
B E 2 2 93 109 156 63
E C -2 0 109 94 249 140
C O 2 -6 94 109 141 47
O M -2 2 109 140 187 78
M E 2 4 140 125 140 0
E OemPeriod -2 -6 125 94 858 733
OemPeriod Space -1 5 94 125 187 93
Space RShiftKey 1 -7 125 359 390 265
RShiftKey E 2 8 359 94 250 -109
E V -2 -1 94 93 281 187
V E 2 1 93 187 218 125
E R 0 -1 187 141 156 -31
R Y 0 -2 141 94 343 202
Y T 0 1 94 93 141 47
T H -1 -1 93 124 125 32
H I 1 -2 124 94 171 47
I N -2 2 94 140 141 47
N G 1 1 140 110 124 -16
G Space -2 1 110 125 125 15
Space E 3 1 125 94 827 702
E L -1 -6 94 109 172 78
L S 0 7 109 156 78 -31
S E 1 -1 156 234 234 78
E Space -3 -1 234 125 280 46
Space I 3 -4 125 109 203 78
I S -1 6 109 141 78 -31
S Space -2 -2 141 156 141 0
Space E 3 1 156 94 218 62
E C -2 0 94 141 265 171
C O 2 -6 141 78 203 62
O N -2 3 78 109 172 94
N D 1 3 109 125 171 62
D A 0 2 125 156 265 140
A R 1 -3 156 94 203 47
R Y 0 -2 94 109 406 312
Y OemPeriod -2 -3 109 63 2012 1903
OemPeriod Right -1 -4 63 125 3151 3088
Right S 2 11 125 93 266 141
S Return 0 -10 93 94 8080 7987
Return RShiftKey -1 1 94 203 1685 1591
RShiftKey S 1 9 203 109 141 -62
S T 1 -3 109 109 327 218
T A -1 4 109 125 109 0
A Y 1 -5 125 125 125 0
Y Space -3 2 125 109 172 47
Space H 2 -2 109 125 343 234
H U 1 -1 125 93 203 78
U N -2 1 93 109 187 94
N G 1 1 109 78 203 94
G R 1 1 78 109 218 140
R Y 0 -2 109 94 125 16
Y OemPeriod -2 -3 94 94 546 452
OemPeriod Space -1 5 94 125 140 46
Space RShiftKey 1 -7 125 203 156 31
RShiftKey S 1 9 203 141 156 -47
S T 1 -3 141 93 297 156
T A -1 4 93 125 62 -31
A Y 1 -5 125 94 234 109
Y Space -3 2 94 109 156 62
Space F 2 0 109 78 219 110
F O 1 -5 78 78 202 124
O O 0 0 78 62 188 110
O L -1 0 62 78 218 156
L I 1 1 78 93 203 125
I S -1 6 93 125 1310 1217
S H 0 -4 125 109 141 16
H OemPeriod -1 -3 109 78 1107 998
OemPeriod Space -1 5 78 140 141 63
Space RShiftKey 1 -7 140 218 156 16
RShiftKey T 2 6 218 63 202 -16
T H -1 -1 63 78 234 171
H A 0 5 78 109 125 47
A N -1 -5 109 109 141 32
N K 1 -2 109 124 156 47
K Space -2 4 124 109 140 16
Space Y 3 -2 109 94 156 47
Y O 0 -3 94 78 234 140
O U 0 2 78 125 140 62
U Space -3 3 125 140 188 63
Space A 2 3 140 140 218 78
A L 0 -8 140 78 234 94
L L 0 0 78 94 156 78
L Space -2 5 94 125 62 -32
Space V 1 0 125 93 297 172
V E 2 1 93 109 62 -31
E R 0 -1 109 78 187 78
R Space -3 0 78 78 188 110
Space Back 4 -9 78 47 499 421
Back Y -1 7 47 78 234 187
Y Space -3 2 78 109 187 109
Space M 1 -3 109 94 156 47
M U 2 0 94 63 218 124
U C -2 4 63 140 110 47
C H 1 -3 140 78 218 78
H OemPeriod -1 -3 78 78 1217 1139
OemPeriod Right -1 -4 78 125 3385 3307
Right E 3 10 125 78 593 468
E Space -3 -1 78 109 136656 136578
Space F 2 0 109 94 234 125
F A 0 3 94 94 218 124
A C -1 -2 94 78 406 312
C I 2 -5 78 109 577 499
I N -2 2 109 110 733 624
N G 1 1 110 62 921 811
G Right -2 -8 62 78 7722 7660
Right T 3 8 78 62 593 515
T Back 1 -8 62 63 41901 41839
Back Y -1 7 63 62 30093 30030
Y Back 1 -7 62 109 9204 9142
Back O -1 4 109 78 671 562
O Right -3 -4 78 78 624 546
Right Right 0 0 78 78 218 140
Right Right 0 0 78 93 203 125
Right Right 0 0 93 141 249 156
Right Back 4 0 141 78 562 421
Back Back 0 0 78 78 156 78
Back O -1 4 78 62 250 172
O Back 1 -4 62 78 10888 10826
Back Right -4 0 78 93 578 500
Right Oem7 2 2 93 63 2230 2137
Oem7 S 0 9 63 140 17270 17207
S S 0 0 140 125 249 109
S S 0 0 125 187 3276 3151
S S 0 0 187 125 281 94
S S 0 0 125 125 234 109
S S 0 0 125 109 234 109
S S 0 0 109 124 219 110
