LShiftKey I 2 -8 375 140 219 -156
I Space -3 4 140 140 78 -62
Space L 2 -5 140 93 265 125
L I 1 1 93 109 187 94
I K -1 0 109 93 203 94
K E 1 5 93 140 78 -15
E Space -3 -1 140 109 109 -31
Space T 3 -1 109 109 234 125
T H -1 -1 109 125 187 78
H E 1 3 125 93 141 16
E Space -3 -1 93 93 109 16
Space A 2 3 93 124 515 422
A R 1 -3 124 109 577 453
R C -2 1 109 110 249 140
C H 1 -3 110 93 219 109
H I 1 -2 93 125 296 203
I T 0 3 125 93 406 281
T E 0 2 93 125 249 156
E C -2 0 125 156 250 125
C T 2 -2 156 109 328 172
T U 0 -2 109 140 156 47
U R 0 3 140 109 234 94
R E 0 1 109 110 202 93
E Space -3 -1 110 109 687 577
Space A 2 3 109 125 405 296
A N -1 -5 125 125 390 265
N D 1 3 125 140 188 63
D Space -2 -1 140 124 312 172
Space D 2 1 124 141 171 47
D I 1 -5 141 110 187 46
I S -1 6 110 109 188 78
S L 0 -7 109 109 171 62
L I 1 1 109 125 203 94
I K -1 0 125 109 234 109
K E 1 5 109 109 94 -15
E Space -3 -1 109 172 124 15
Space T 3 -1 172 124 188 16
T H -1 -1 124 109 187 63
H E 1 3 109 109 109 0
E Space -3 -1 109 140 125 16
Space W 3 2 140 109 187 47
W E 0 -1 109 94 187 78
E A -1 2 94 140 203 109
A T 1 -4 140 93 359 219
T H -1 -1 93 109 140 47
H E 1 3 109 124 141 32
E R 0 -1 124 125 202 78
R OemPeriod -2 -5 125 78 422 297
OemPeriod Space -1 5 78 94 249 171
Space LShiftKey 1 4 94 1233 1903 1809
LShiftKey U 2 -7 1233 93 344 -889
U B -2 2 93 109 639 546
B Space -1 1 109 156 187 78
Space H 2 -2 156 125 515 359
H A 0 5 125 125 78 -47
A S 0 -1 125 109 219 94
S Space -2 -2 109 110 124 15
Space G 2 -1 110 93 297 187
G O 1 -4 93 94 218 125
O O 0 0 94 93 172 78
O D -1 6 93 125 109 16
D Space -2 -1 125 140 125 0
Space S 2 2 140 109 889 749
S P 1 -8 109 78 468 359
P O 0 1 78 124 172 94
O R 0 5 124 109 171 47
R T 0 -1 109 78 219 110
T S -1 3 78 109 249 171
S Space -2 -2 109 125 172 63
Space F 2 0 125 47 156 31
F A 0 3 47 78 249 202
A C -1 -2 78 109 515 437
C I 2 -5 109 109 172 63
I L -1 -1 109 109 265 156
L I 1 1 109 125 218 109
I T 0 3 125 109 281 156
T I 0 -3 109 125 265 156
I E 0 5 125 94 234 109
E S -1 1 94 109 219 125
S Space -2 -2 109 141 140 31
Space A 2 3 141 125 203 62
A N -1 -5 125 156 577 452
N D 1 3 156 125 484 328
D Space -2 -1 125 141 140 15
Space R 3 0 141 125 187 46
R E 0 1 125 124 266 141
E C -2 0 124 125 280 156
C R 2 -1 125 125 297 172
R E 0 1 125 93 234 109
E A -1 2 93 94 265 172
A T 1 -4 94 140 312 218
T I 0 -3 140 93 281 141
I O 0 -1 93 125 156 63
O N -2 3 125 110 249 124
N Space -1 2 110 125 125 15
Space A 2 3 125 172 47 -78
A L 0 -8 172 140 203 31
L Space -2 5 140 156 78 -62
Space F 2 0 156 110 639 483
F A 0 3 110 125 281 171
A C -1 -2 125 94 312 187
C I 2 -5 94 125 156 62
I L -1 -1 125 93 375 250
L I 1 1 93 140 218 125
I T 0 3 140 110 296 156
T I 0 -3 110 109 172 62
I E 0 5 109 109 234 125
E S -1 1 109 125 234 125
S OemPeriod -1 -7 125 94 234 109
OemPeriod Space -1 5 94 140 234 140
Space L 2 -5 140 78 702 562
L A 0 8 78 140 172 94
A B -1 -4 140 78 1372 1232
B S 1 3 78 172 328 250
S Space -2 -2 172 125 218 46
Space A 2 3 125 140 219 94
A E 1 -2 140 140 515 375
E Back 1 -10 140 125 452 312
Back R -1 9 125 94 140 15
R E 0 1 94 109 203 109
E Space -3 -1 109 124 141 32
Space W 3 2 124 141 904 780
W E 0 -1 141 93 266 125
E L -1 -6 93 94 62 -31
L L 0 0 94 125 187 93
L Space -2 5 125 125 94 -31
Space E 3 1 125 94 1575 1450
E Q 0 2 94 125 281 187
Q U 0 -6 125 125 328 203
U I 0 -1 125 94 249 124
I P 0 -2 94 62 266 172
P P 0 0 62 125 124 62
P E 0 7 125 109 94 -31
E D -1 0 109 109 172 63
D Space -2 -1 109 172 93 -16
Space W 3 2 172 124 609 437
W I 0 -6 124 141 93 -31
I T 0 3 141 125 281 140
T H -1 -1 125 125 140 15
H Space -2 2 125 125 78 -47
Space R 3 0 125 125 983 858
R E 0 1 125 109 297 172
E Q 0 2 109 94 1029 920
Q U 0 -6 94 93 219 125
U I 0 -1 93 140 187 94
I R 0 4 140 125 171 31
R E 0 1 125 141 203 78
E D -1 0 141 156 219 78
D Space -2 -1 156 171 156 0
Space I 3 -4 171 94 2246 2075
I N -2 2 94 125 499 405
N S 1 4 125 156 437 312
S T 1 -3 156 109 390 234
T R 0 1 109 141 343 234
R U 0 -3 141 109 234 93
U M -2 0 109 110 265 156
M E 2 4 110 109 110 0
E N -2 -3 109 124 78 -31
N T 2 1 124 94 374 250
T S -1 3 94 109 265 171
S Space -2 -2 109 156 156 47
Space A 2 3 156 109 141 -15
A N -1 -5 109 124 156 47
N D 1 3 124 125 124 0
D Space -2 -1 125 140 110 -15
Space P 3 -6 140 124 546 406
P R 0 6 124 125 171 47
R O 0 -5 125 140 94 -31
O F -1 5 140 109 281 141
F E 1 1 109 124 234 125
E S -1 1 124 78 249 125
S S 0 0 78 93 172 94
S O 1 -7 93 125 109 16
O R 0 5 125 109 172 47
R S -1 2 109 124 234 125
S Space -2 -2 124 141 405 281
Space A 2 3 141 156 281 140
A R 1 -3 156 94 390 234
R E 0 1 94 156 328 234
E Space -3 -1 156 171 390 234
Space G 2 -1 171 124 1560 1389
G O 1 -4 124 93 156 32
O O 0 0 93 109 156 63
O D -1 6 109 140 109 0
D OemPeriod -1 -6 140 78 281 141
OemPeriod LShiftKey 0 9 78 406 23618 23540
LShiftKey I 2 -8 406 156 203 -203
I Space -3 4 156 171 78 -78
Space L 2 -5 171 109 811 640
L I 1 1 109 125 187 78
I K -1 0 125 141 234 109
K E 1 5 141 156 94 -47
E Space -3 -1 156 156 93 -63
Space M 1 -3 156 109 8206 8050
M A 1 6 109 109 94 -15
A N -1 -5 109 140 125 16
N A 1 5 140 94 124 -16
A L 0 -8 94 93 188 94
L I 1 1 93 141 202 109
I Oemcomma -2 0 141 94 1030 889
Oemcomma Space -1 4 94 156 250 156
Space B 1 -1 156 141 826 670
B Back 3 -8 141 110 624 483
Back Back 0 0 110 109 188 78
Back Space -4 9 109 188 3010 2901
Space LShiftKey 1 4 188 344 390 202
LShiftKey H 1 -6 344 109 188 -156
H I 1 -2 109 110 826 717
I M -2 1 110 109 328 218
M A 1 6 109 109 172 63
A C -1 -2 109 94 296 187
C H 1 -3 94 109 343 249
H A 0 5 109 156 187 78
A L 0 -8 156 109 203 47
L Space -2 5 109 140 609 500
Space LShiftKey 1 4 140 671 171 31
LShiftKey P 2 -10 671 109 484 -187
P R 0 6 109 125 327 218
R A -1 3 125 109 281 156
A D 0 -2 109 93 250 141
D E 1 0 93 109 203 110
E S -1 1 109 140 218 109
S H 0 -4 140 94 109 -31
H OemPeriod -1 -3 94 109 671 577
OemPeriod Space -1 5 109 124 328 219
Space LShiftKey 1 4 124 328 748 624
LShiftKey I 2 -8 328 109 203 -125
I T 0 3 109 124 453 344
T S -1 3 124 140 265 141
S Space -2 -2 140 140 156 16
Space A 2 3 140 93 936 796
A M -1 -6 93 125 171 78
M A 1 6 125 109 94 -31
A Back 2 -12 109 109 858 749
Back Back 0 0 109 110 218 109
Back Back 0 0 110 125 281 171
Back Back 0 0 125 109 1763 1638
Back Back 0 0 109 93 203 94
Back Back 0 0 93 109 187 94
Back Back 0 0 109 109 499 390
Back W -1 11 109 93 219 110
W E 0 -1 93 62 187 94
E A -1 2 62 109 593 531
A T 1 -4 109 140 421 312
T H -1 -1 140 125 218 78
H E 1 3 125 140 94 -31
E R 0 -1 140 109 234 94
R Space -3 0 109 156 62 -47
Space I 3 -4 156 141 577 421
I S -1 6 141 109 344 203
S Space -2 -2 109 172 93 -16
Space P 3 -6 172 124 453 281
P R 0 6 124 109 187 63
R Back 1 -9 109 141 483 374
Back L -2 4 141 125 297 156
L E 1 6 125 109 109 -16
E A -1 2 109 156 296 187
A S 0 -1 156 62 16 -140
S S 0 0 62 125 265 203
S A 0 1 125 156 203 78
A Back 2 -12 156 109 858 702
Back Back 0 0 109 124 172 63
Back A -2 12 124 125 1606 1482
A N -1 -5 125 141 390 265
N T 2 1 141 125 156 15
T Space -3 1 125 110 156 31
Space Back 4 -9 110 78 656 546
Back Oemcomma -3 5 78 93 967 889
Oemcomma Space -1 4 93 125 265 172
Space A 2 3 125 156 1451 1326
A I 1 -7 156 125 187 31
I R 0 4 125 140 172 47
R Space -3 0 140 140 156 16
Space I 3 -4 140 125 187 47
I S -1 6 125 156 125 0
S Space -2 -2 156 125 109 -47
Space F 2 0 125 141 249 124
F R 1 0 141 109 219 78
R E 0 1 109 109 187 78
E S -1 1 109 140 234 125
S H 0 -4 140 93 125 -15
H Oemcomma -1 -2 93 109 468 375
Oemcomma Space -1 4 109 109 296 187
Space L 2 -5 109 93 4353 4244
L O 1 0 93 125 296 203
O T 0 4 125 109 172 47
T Space -3 1 109 156 265 156
Space T 3 -1 156 109 452 296
T O 0 -4 109 172 156 47
O Space -3 5 172 141 109 -63
Space S 2 2 141 156 172 31
S E 1 -1 156 93 250 94
E E 0 0 93 109 187 94
E OemPeriod -2 -6 109 109 78 -31
OemPeriod Space -1 5 109 156 515 406
Space LShiftKey 1 4 156 140 3744 3588
LShiftKey LShiftKey 0 0 140 687 2667 2527
LShiftKey I 2 -8 687 141 546 -141
I F -1 4 141 140 406 265
F Space -2 0 140 125 156 16
Space A 2 3 125 124 281 156
A B -1 -4 124 156 468 344
B R 2 1 156 125 405 249
R O 0 -5 125 141 234 109
O A -1 8 141 141 187 46
A D 0 -2 141 109 266 125
D Space -2 -1 109 125 124 15
Space LShiftKey 1 4 125 249 141 16
LShiftKey I 2 -8 249 125 140 -109
I Space -3 4 125 141 78 -47
Space W 3 2 141 141 421 280
W O 0 -7 141 109 203 62
O U 0 2 109 94 234 125
U L -1 -2 94 125 234 140
L D 0 6 125 156 265 140
D Space -2 -1 156 140 110 -46
Space L 2 -5 140 109 187 47
L I 1 1 109 93 203 94
I K -1 0 93 125 202 109
K E 1 5 125 125 63 -62
E Space -3 -1 125 109 156 31
Space T 3 -1 109 94 140 31
T O 0 -4 94 140 125 31
O Space -3 5 140 78 125 -15
Space V 1 0 78 110 795 717
V I 2 -4 110 109 203 93
I S -1 6 109 140 125 16
S I 1 -6 140 109 125 -15
I T 0 3 109 125 218 109
T Space -3 1 125 141 156 31
Space S 2 2 141 125 796 655
S C -1 -1 125 141 218 93
C O 2 -6 141 125 577 436
O T 0 4 125 125 281 156
T L -1 -4 125 93 250 125
L A 0 8 93 125 218 125
A N -1 -5 125 124 219 94
N D 1 3 124 63 171 47
D Space -2 -1 63 124 297 234
Space Left 0 -7 124 780 1638 1514
Left Right 0 -2 780 125 1060 280
Right Right 0 0 125 109 203 78
Right LShiftKey 1 13 109 640 343 234
LShiftKey Back 3 -13 640 109 203 -437
Back S -2 11 109 171 219 110
S Right -2 -11 171 921 514 343
Right Left 0 2 921 94 1342 421
Left Left 0 0 94 78 172 78
Left Left 0 0 78 93 156 78
Left Left 0 0 93 109 171 78
Left Right 0 -2 109 125 437 328
Right T 3 8 125 93 1654 1529
T O 0 -4 93 156 62 -31
O Space -3 5 156 172 78 -78
Space S 2 2 172 156 874 702
S E 1 -1 156 94 280 124
E E 0 0 94 78 188 94
E Space -3 -1 78 125 93 15
Space O 3 -5 125 110 3385 3260
O L -1 0 110 124 422 312
L D 0 6 124 156 156 32
D Space -2 -1 156 141 124 -32
Space C 1 1 141 141 468 327
C A 1 2 141 94 281 140
A S 0 -1 94 109 219 125
S T 1 -3 109 109 312 203
T L -1 -4 109 140 156 47
L E 1 6 140 109 483 343
E S -1 1 109 140 219 110
S OemPeriod -1 -7 140 109 717 577
OemPeriod P 2 -1 109 125 16068 15959
P Back 1 -3 125 110 1279 1154
Back Oemtilde 0 13 110 93 531 421
Oemtilde Back 0 -13 93 156 1263 1170
Back P -1 3 156 110 702 546
P Back 1 -3 110 140 874 764
Back S -2 11 140 109 702 562
S E 1 -1 109 78 2012 1903
E E 0 0 78 110 156 78
E M -2 -4 110 94 172 62
M S 1 5 94 156 156 62
S Space -2 -2 156 109 109 -47
Space L 2 -5 109 94 234 125
L I 1 1 94 109 281 187
I K -1 0 109 110 218 109
K E 1 5 110 125 78 -32
E Space -3 -1 125 125 125 0
Space A 2 3 125 125 203 78
A Space -2 -3 125 110 140 15
Space C 1 1 110 125 281 171
C A 1 2 125 93 297 172
A R 1 -3 93 110 280 187
R N -2 -2 110 78 172 62
N I 2 -2 78 109 234 156
I V -2 4 109 93 172 63
V A 1 3 93 156 764 671
A L 0 -8 156 78 125 -31
L OemPeriod -1 0 78 125 327 249
OemPeriod Space -1 5 125 125 281 156
Space L 2 -5 125 94 780 655
L O 1 0 94 140 219 125
O T 0 4 140 109 187 47
T Space -3 1 109 125 156 47
Space O 3 -5 125 125 717 592
O F -1 5 125 156 141 16
F Space -2 0 156 125 140 -16
Space F 2 0 125 109 156 31
F A 0 3 109 140 297 188
A M -1 -6 140 109 156 16
M I 2 -1 109 110 280 171
I L -1 -1 110 93 219 109
L I 1 1 93 140 187 94
I E 0 5 140 109 187 47
E S -1 1 109 141 265 156
S Space -2 -2 141 125 156 15
Space W 3 2 125 125 671 546
W I 0 -6 125 140 141 16
I T 0 3 140 93 359 219
T H -1 -1 93 141 171 78
H Space -2 2 141 125 109 -32
Space LShiftKey 1 4 125 827 156 31
LShiftKey R 2 -4 827 109 297 -530
R V -2 0 109 140 312 203
V OemPeriod 0 -5 140 125 312 172
OemPeriod Space -1 5 125 156 405 280
Space P 3 -6 156 109 1904 1748
P E 0 7 109 141 249 140
E O 0 -6 141 124 63 -78
O P 0 -1 124 110 202 78
P L -1 1 110 125 219 109
L E 1 6 125 109 140 15
E Space -3 -1 109 140 94 -15
Space E 3 1 140 125 234 94
E N -2 -3 125 109 125 0
N J 1 -1 109 109 1279 1170
J P 1 -3 109 94 608 499
P Back 1 -3 94 109 609 515
Back O -1 4 109 141 795 686
O Y 0 3 141 78 453 312
Y I 0 -2 78 140 265 187
I N -2 2 140 140 265 125
N H 1 0 140 156 265 125
H Space -2 2 156 156 109 -47
Space W 3 2 156 63 203 47
W A -1 1 63 202 219 156
A T 1 -4 202 124 468 266
T E 0 2 124 110 124 0
E R 0 -1 110 93 188 78
R Space -3 0 93 124 78 -15
Space S 2 2 124 93 187 63
S P 1 -8 93 109 218 125
P O 0 1 109 125 203 94
O R 0 5 125 125 203 78
R T 0 -1 125 94 218 93
T S -1 3 94 140 281 187
S OemPeriod -1 -7 140 125 343 203
OemPeriod Space -1 5 125 172 343 218
Space S 2 2 172 171 1233 1061
S O 1 -7 171 94 140 -31
O M -2 2 94 109 219 125
M E 2 4 109 110 124 15
E Space -3 -1 110 156 687 577
Space P 3 -6 156 125 312 156
P E 0 7 125 140 203 78
E O 0 -6 140 125 62 -78
O P 0 -1 125 109 1061 936
P L -1 1 109 109 218 109
L E 1 6 109 110 109 0
E Space -3 -1 110 125 156 46
Space A 2 3 125 156 281 156
A R 1 -3 156 109 531 375
R E 0 1 109 125 187 78
E Space -3 -1 125 141 140 15
Space L 2 -5 141 109 671 530
L I 1 1 109 109 421 312
I V -2 4 109 141 234 125
V I 2 -4 141 94 78 -63
I N -2 2 94 140 219 125
N G 1 1 140 125 343 203
G Space -2 1 125 109 140 15
Space I 3 -4 109 110 265 156
I N -2 2 110 141 234 124
N Space -1 2 141 140 94 -47
Space T 3 -1 140 109 156 16
T E 0 2 109 156 234 125
E N -2 -3 156 109 156 0
N T 2 1 109 124 250 141
T S -1 3 124 140 1092 968
S Right -2 -11 140 2496 5943 5803
Right Left 0 2 2496 109 2715 219
Left Left 0 0 109 109 187 78
Left Left 0 0 109 109 187 78
Left Back 4 -2 109 141 811 702
Back G -2 8 141 125 312 171
G S 0 3 125 202 10593 10468
S Y 1 -4 202 93 53820 53618
Y A -1 5 93 156 187 94
A H 0 -5 156 78 171 15
H O 1 -3 78 78 609 531
O O 0 0 78 125 140 62
O Right -3 -4 125 109 827 702
Right Return 2 1 109 94 468 359
Return U 1 5 94 110 12847 12753
U B -2 2 110 140 540 430
B C 0 2 140 130 470 330
C O 2 -6 130 90 220 90
O L -1 0 90 80 380 290
L L 0 0 80 110 990 910
L E 1 6 110 100 220 110
E C -2 0 100 130 640 540
C T 2 -2 130 130 330 200
T I 0 -3 130 110 220 90
I O 0 -1 110 100 190 80
O N -2 3 100 120 310 210
N D3 3 3 120 140 1610 1490
D3 D -2 0 140 110 3555 3415
D A 0 2 110 100 250 140
A T 1 -4 100 120 190 90
T A -1 4 120 90 130 10
A C -1 -2 90 120 260 170
C O 2 -6 120 90 320 200
O L -1 0 90 70 260 170
L L 0 0 70 122 150 80
L E 1 6 122 110 162 40
E C -2 0 110 150 250 140
C T 2 -2 150 140 330 180
T I 0 -3 140 110 240 100
I O 0 -1 110 100 180 70
O N -2 3 100 100 250 150
N S 1 4 100 120 19051 18951
S V -1 -2 120 130 290 170
V A 1 3 130 96 190 60
A P 1 -9 96 110 5863 5767
P R 0 6 110 140 380 270
R O 0 -5 140 110 180 40
O J -1 2 110 120 432 322
J E 1 4 120 80 130 10
E C -2 0 80 140 230 150
C T 2 -2 140 120 320 180
T Space -3 1 120 170 330 210
Space D1 4 3 170 150 190 20
D1 Space -4 -3 150 120 190 40
Space T 3 -1 120 100 1030 910
T A -1 4 100 110 130 30
A S 0 -1 110 110 220 110
S K 0 -6 110 130 260 150
K Space -2 4 130 150 100 -30
Space D2 4 2 150 120 230 80
D2 B -3 -3 120 130 24172 24052
B U 2 -2 130 120 180 50
U F -1 3 120 120 280 160
F F 0 0 120 100 190 70
F A 0 3 100 160 290 190
A L 0 -8 160 110 130 -30
L O 1 0 110 150 230 120
O Space -3 5 150 158 90 -60
Space W 3 2 158 100 577 419
W E 0 -1 100 60 210 110
E A -1 2 60 90 190 130
A T 1 -4 90 90 330 240
T H -1 -1 90 120 170 80
H E 1 3 120 130 100 -20
E R 0 -1 130 130 190 60
R Return -1 -8 130 110 1190 1060
Return A 0 11 110 100 16353 16243
A M -1 -6 100 140 130 30
M A 1 6 140 140 110 -30
A O 1 -8 140 150 360 220
O Back 1 -4 150 140 420 270
Back Z -3 12 140 120 140 0
Z Right -1 -12 120 140 1080 960
Right Return 2 1 140 140 900 760
Return W 1 10 140 127 6956 6816
W I 0 -6 127 120 135 8
I N -2 2 120 161 240 120
N T 2 1 161 120 272 111
T E 0 2 120 135 282 162
E R 0 -1 135 120 599 464
R Space -3 0 120 132 210 90
Space RShiftKey 1 -7 132 170 3237 3105
RShiftKey Return 1 -1 170 133 1884 1714
Return W 1 10 133 160 224388 224255
W I 0 -6 160 110 130 -30
I N -2 2 110 120 230 120
N T 2 1 120 155 460 340
T E 0 2 155 130 105 -50
E R 0 -1 130 130 210 80
R Space -3 0 130 160 140 10
Space G 2 -1 160 130 210 50
G L 0 -4 130 140 360 230
L O 1 0 140 130 210 70
O V -2 5 130 150 360 230
V E 2 1 150 100 290 140
E S -1 1 100 170 220 120
S Space -2 -2 170 160 160 -10
Space B 1 -1 160 170 380 220
B U 2 -2 170 110 190 20
U F -1 3 110 110 750 640
F F 0 0 110 100 180 70
F A 0 3 100 160 300 200
A L 0 -8 160 80 170 10
L O 1 0 80 100 170 90
O Return -1 -3 100 120 320 220
Return D9 2 3 120 110 134687 134567
D9 G -2 4 110 130 452 342
G A 0 4 130 83 395 265
A G 0 -4 83 125 373 290
G Return 0 -7 125 160 1477 1352
