LShiftKey I 2 -8 280 110 190 -90
I Space -3 4 110 150 250 140
Space L 2 -5 150 170 470 320
L I 1 1 170 70 120 -50
I K -1 0 70 151 200 130
K E 1 5 151 150 161 10
E Space -3 -1 150 191 2814 2664
Space T 3 -1 191 140 291 100
T H -1 -1 140 90 120 -20
H E 1 3 90 130 100 10
E Space -3 -1 130 130 150 20
Space W 3 2 130 210 2184 2054
W A -1 1 210 135 140 -70
A T 1 -4 135 120 163 28
T E 0 2 120 160 140 20
E R 0 -1 160 120 100 -60
R F -1 0 120 120 220 100
F R 1 0 120 133 190 70
R O 0 -5 133 210 73 -60
O N -2 3 210 141 140 -70
N T 2 1 141 120 141 0
T Space -3 1 120 150 800 680
Space O 3 -5 150 90 223 73
O F -1 5 90 120 100 10
F Space -2 0 120 110 140 20
Space LShiftKey 1 4 110 230 50 -60
LShiftKey B 0 -5 230 180 110 -120
B U 2 -2 180 110 200 20
U F -1 3 110 80 120 10
F F 0 0 80 170 160 80
F A 0 3 170 120 130 -40
A L 0 -8 120 102 90 -30
L O 1 0 102 110 192 90
O OemPeriod -2 0 110 110 650 540
OemPeriod Space -1 5 110 100 290 180
Space Space 0 0 100 120 160 60
Space LShiftKey 1 4 120 290 210 90
LShiftKey A 1 -1 290 150 150 -140
A Back 2 -12 150 130 852 702
Back LShiftKey -3 13 130 300 533 403
LShiftKey I 2 -8 300 110 170 -130
I Space -3 4 110 141 280 170
Space D 2 1 141 140 521 380
D I 1 -5 140 100 180 40
I S -1 6 100 130 460 360
S L 0 -7 130 170 170 40
L I 1 1 170 140 120 -50
I K -1 0 140 90 250 110
K E 1 5 90 120 110 20
E Space -3 -1 120 110 130 10
Space T 3 -1 110 100 120 10
T H -1 -1 100 100 90 -10
H E 1 3 100 140 130 30
E Space -3 -1 140 130 130 -10
Space W 3 2 130 140 1113 983
W I 0 -6 140 180 120 -20
I N -2 2 180 140 120 -60
N T 2 1 140 120 160 20
T E 0 2 120 180 140 20
E R 0 -1 180 120 120 -60
R Space -3 0 120 142 150 30
Space I 3 -4 142 200 82 -60
I N -2 2 200 160 140 -60
N Space -1 2 160 150 210 50
Space LShiftKey 1 4 150 710 372 222
LShiftKey B 0 -5 710 170 550 -160
B U 2 -2 170 100 200 30
U F -1 3 100 110 150 50
F F 0 0 110 130 180 70
F A 0 3 130 150 60 -70
A L 0 -8 150 100 120 -30
L O 1 0 100 110 190 90
O OemPeriod -2 0 110 100 250 140
OemPeriod Space -1 5 100 120 2112 2012
Space Space 0 0 120 130 170 50
Space LShiftKey 1 4 130 302 800 670
LShiftKey I 2 -8 302 82 190 -112
I Space -3 4 82 150 242 160
Space L 2 -5 150 170 180 30
L I 1 1 170 130 130 -40
I K -1 0 130 80 220 90
K E 1 5 80 120 90 10
E Space -3 -1 120 120 110 -10
Space T 3 -1 120 120 110 -10
T H -1 -1 120 100 100 -20
H E 1 3 100 130 110 10
E Space -3 -1 130 130 100 -30
Space B 1 -1 130 120 295 165
B U 2 -2 120 137 151 31
U I 0 -1 137 113 80 -57
I L -1 -1 113 100 243 130
L D 0 6 100 100 130 30
D I 1 -5 100 170 110 10
I N -2 2 170 130 130 -40
N G 1 1 130 100 120 -10
G Space -2 1 100 110 130 30
Space A 2 3 110 140 130 20
A N -1 -5 140 90 150 10
N D 1 3 90 130 150 60
D Back 2 -10 130 110 390 260
Back Back 0 0 110 100 170 60
Back Back 0 0 100 100 170 70
Back Back 0 0 100 90 170 70
Back S -2 11 90 114 160 70
S Space -2 -2 114 140 134 20
Space A 2 3 140 100 110 -30
A N -1 -5 100 100 110 10
N D 1 3 100 130 110 10
D Space -2 -1 130 100 140 10
Space E 3 1 100 110 750 650
E L -1 -6 110 150 80 -30
L Back 2 -4 150 100 390 240
Back Back 0 0 100 80 160 60
Back L -2 4 80 120 240 160
L E 1 6 120 110 130 10
E C -2 0 110 120 452 342
C T 2 -2 120 110 250 130
T U 0 -2 110 110 280 170
U R 0 3 110 180 100 -10
R E 0 1 180 130 110 -70
E Space -3 -1 130 160 1091 961
Space R 3 0 160 140 200 40
R O 0 -5 140 90 140 0
O O 0 0 90 180 140 50
O M -2 2 180 150 120 -60
M S 1 5 150 150 120 -30
S OemPeriod -1 -7 150 130 1974 1824
OemPeriod Space -1 5 130 130 2531 2401
Space Space 0 0 130 130 180 50
Space LShiftKey 1 4 130 1653 870 740
LShiftKey T 2 -5 1653 140 1533 -120
T H -1 -1 140 100 190 50
H E 1 3 100 130 140 40
E Space -3 -1 130 130 140 10
Space F 2 0 130 110 570 440
F O 1 -5 110 80 140 30
O O 0 0 80 90 130 50
O D -1 6 90 121 150 60
D Space -2 -1 121 170 171 50
Space I 3 -4 170 100 390 220
I S -1 6 100 120 110 10
S Space -2 -2 120 130 150 30
Space V 1 0 130 110 1310 1180
V E 2 1 110 130 220 110
E R 0 -1 130 150 50 -80
R Y 0 -2 150 130 170 20
Y Space -3 2 130 150 170 40
Space G 2 -1 150 100 290 140
G O 1 -4 100 90 120 20
O O 0 0 90 90 140 50
O D -1 6 90 120 110 20
D Space -2 -1 120 130 180 60
Space A 2 3 130 110 180 50
A N -1 -5 110 90 130 20
N D 1 3 90 130 130 40
D Space -2 -1 130 140 110 -20
Space T 3 -1 140 120 220 80
T H -1 -1 120 90 160 40
H E 1 3 90 111 140 50
E R 0 -1 111 230 2625 2514
R E 0 1 230 150 150 -80
E Space -3 -1 150 150 240 90
Space I 3 -4 150 100 170 20
I S -1 6 100 100 80 -20
S Space -2 -2 100 122 120 20
Space A 2 3 122 100 132 10
A Space -2 -3 100 120 80 -20
Space W 3 2 120 190 1130 1010
W I 0 -6 190 91 260 70
I D -1 5 91 200 121 30
D E 1 0 200 150 110 -90
E Space -3 -1 150 150 211 61
Space R 3 0 150 120 190 40
R A -1 3 120 110 200 80
A N -1 -5 110 120 220 110
N G 1 1 120 160 110 -10
G E 1 2 160 140 100 -60
E Space -3 -1 140 120 180 40
Space W 3 2 120 120 210 90
W H -1 -4 120 90 150 30
H I 1 -2 90 120 160 70
I C -2 5 120 140 150 30
C H 1 -3 140 130 120 -20
H Space -2 2 130 150 100 -30
Space LShiftKey 1 4 150 183 190 40
LShiftKey I 2 -8 183 100 73 -110
I Space -3 4 100 110 190 90
Space L 2 -5 110 160 100 -10
L I 1 1 160 130 140 -20
I K -1 0 130 100 220 90
K E 1 5 100 120 110 10
E OemPeriod -2 -6 120 100 243 123
OemPeriod Space -1 5 100 120 6029 5929
Space Space 0 0 120 130 180 60
Space LShiftKey 1 4 130 284 410 280
LShiftKey I 2 -8 284 94 150 -134
I Space -3 4 94 150 244 150
Space D 2 1 150 140 230 80
D O 1 -6 140 120 80 -60
O N -2 3 120 90 240 120
N Oem7 1 -5 90 100 450 360
Oem7 T 1 6 100 120 80 -20
T Space -3 1 120 140 193 73
Space P 3 -6 140 110 390 250
P Back 1 -3 110 140 680 570
Back P -1 3 140 80 1532 1392
P L -1 1 80 140 150 70
L A 0 8 140 120 190 50
A Y 1 -5 120 110 130 10
Y Space -3 2 110 170 130 20
Space A 2 3 170 108 220 50
A N -1 -5 108 98 80 -28
N Y 2 0 98 90 198 100
Y Space -3 2 90 140 180 90
Space S 2 2 140 130 630 490
S P 1 -8 130 180 481 351
P O 0 1 180 140 120 -60
O R 0 5 140 170 160 20
R T 0 -1 170 120 110 -60
T S -1 3 120 112 200 80
S Space -2 -2 112 150 2232 2120
Space O 3 -5 150 80 240 90
O R 0 5 80 130 120 40
R Space -3 0 130 140 130 0
Space R 3 0 140 160 190 50
R E 0 1 160 140 100 -60
E C -2 0 140 110 320 180
C R 2 -1 110 180 270 160
R E 0 1 180 140 110 -70
E A -1 2 140 120 280 140
A T 1 -4 120 131 320 200
T I 0 -3 131 160 231 100
I O 0 -1 160 180 70 -90
O N -2 3 180 155 200 20
N A 1 5 155 120 195 40
A L 0 -8 120 180 120 0
L Space -2 5 180 170 160 -20
Space A 2 3 170 116 610 440
A C -1 -2 116 110 236 120
C T 2 -2 110 120 250 140
T I 0 -3 120 130 150 30
I V -2 4 130 120 200 70
V I 2 -4 120 122 130 10
I T 0 3 122 120 182 60
T I 0 -3 120 120 130 10
I E 0 5 120 240 280 160
E S -1 1 240 160 160 -80
S Left -2 -9 160 1150 1123 963
Left Left 0 0 1150 110 1301 151
Left Left 0 0 110 90 200 90
Left D 2 8 90 145 811 721
D O 1 -6 145 135 110 -35
O Space -3 5 135 160 135 0
Space OemPeriod 1 -5 160 122 5827 5667
OemPeriod Space -1 5 122 120 1856 1734
Space Space 0 0 120 110 180 60
Space LShiftKey 1 4 110 220 120 10
LShiftKey T 2 -5 220 130 120 -100
T H -1 -1 130 110 120 -10
H E 1 3 110 130 170 60
E Space -3 -1 130 140 120 -10
Space E 3 1 140 100 213 73
E D -1 0 100 140 240 140
D U 1 -4 140 120 220 80
U C -2 4 120 142 390 270
C A 1 2 142 110 172 30
A T 1 -4 110 130 140 30
T I 0 -3 130 140 110 -20
I O 0 -1 140 180 70 -70
O N -2 3 180 150 160 -20
N Space -1 2 150 150 160 10
Space I 3 -4 150 125 240 90
I S -1 6 125 120 165 40
S Space -2 -2 120 140 183 63
Space C 1 1 140 100 400 260
C Back 3 -10 100 130 428 328
Back G -2 8 130 110 150 20
G O 1 -4 110 90 140 30
O O 0 0 90 90 140 50
O D -1 6 90 140 110 20
D Space -2 -1 140 120 170 30
Space A 2 3 120 112 140 20
A N -1 -5 112 90 92 -20
N D 1 3 90 110 120 30
D Space -2 -1 110 90 130 20
Space T 3 -1 90 110 150 60
T H -1 -1 110 110 100 -10
H E 1 3 110 110 150 40
E Space -3 -1 110 140 140 30
Space P 3 -6 140 100 510 370
P R 0 6 100 110 140 40
R O 0 -5 110 110 110 0
O F -1 5 110 150 170 60
F E 1 1 150 120 130 -20
E S -1 1 120 90 360 240
S S 0 0 90 120 150 60
S O 1 -7 120 100 150 30
O R 0 5 100 170 120 20
R S -1 2 170 140 140 -30
S Space -2 -2 140 160 220 80
Space A 2 3 160 110 413 253
A R 1 -3 110 180 200 90
R E 0 1 180 130 100 -80
E Space -3 -1 130 180 202 72
Space V 1 0 180 110 200 20
V E 2 1 110 160 230 120
E R 0 -1 160 110 110 -50
R Y 0 -2 110 130 130 20
Y Space -3 2 130 151 230 100
Space S 2 2 151 130 691 540
S M -1 -5 130 120 180 50
M A 1 6 120 140 130 10
A R 1 -3 140 90 160 20
R T 0 -1 90 120 200 110
T Space -3 1 120 170 2950 2830
Space A 2 3 170 110 260 90
A N -1 -5 110 100 130 20
N D 1 3 100 130 130 30
D Space -2 -1 130 150 140 10
Space Q 3 3 150 160 642 492
Q U 0 -6 160 110 70 -90
U A -1 6 110 120 250 140
A L 0 -8 120 120 140 20
L I 1 1 120 90 280 160
I F -1 4 90 110 210 120
F I 1 -4 110 110 150 40
I E 0 5 110 220 130 20
E D -1 0 220 190 150 -70
D Space -2 -1 190 150 883 693
Space F 2 0 150 121 210 60
F O 1 -5 121 80 131 10
O R 0 5 80 100 100 20
R Space -3 0 100 120 100 0
Space T 3 -1 120 110 130 10
T H -1 -1 110 100 120 10
H E 1 3 100 120 470 370
E I 0 -5 120 90 120 0
I R 0 4 90 120 80 -10
R Space -3 0 120 160 200 80
Space J 2 -3 160 80 593 433
J O 1 -2 80 110 170 90
O B -2 4 110 220 620 510
B S 1 3 220 152 130 -90
S OemPeriod -1 -7 152 120 432 280
OemPeriod Space -1 5 120 140 12251 12131
Space Space 0 0 140 140 200 60
Space LShiftKey 1 4 140 312 240 100
LShiftKey I 2 -8 312 112 160 -152
I Oem7 -1 -3 112 110 742 630
Oem7 V -1 7 110 172 120 10
V E 2 1 172 140 102 -70
E Space -3 -1 140 180 300 160
Space O 3 -5 180 360 1141 961
O J -1 2 360 80 260 -100
J N -1 1 80 210 10 -70
N L 1 -3 210 200 360 150
L Y 1 3 200 130 120 -80
Y Back 1 -7 130 110 480 350
Back Back 0 0 110 90 180 70
Back Back 0 0 90 93 160 70
Back Back 0 0 93 90 164 71
Back Back 0 0 90 91 150 60
Back O -1 4 91 190 901 810
O N -2 3 190 120 150 -40
N L 1 -3 120 190 180 60
L Y 1 3 190 123 140 -50
Y Space -3 2 123 150 163 40
Space B 1 -1 150 120 420 270
B E 2 2 120 110 210 90
E E 0 0 110 110 170 60
E N -2 -3 110 92 150 40
N Space -1 2 92 152 40 -52
Space I 3 -4 152 200 132 -20
I N -2 2 200 130 140 -60
N Space -1 2 130 130 90 -40
Space A 2 3 130 130 170 40
A Space -2 -3 130 150 110 -20
Space F 2 0 150 130 210 60
F E 1 1 130 190 260 130
E W 0 1 190 140 110 -80
W Space -3 -2 140 170 1493 1353
Space C 1 1 170 160 260 90
C L 1 -6 160 110 190 30
L A 0 8 110 110 120 10
A S 0 -1 110 100 180 70
S S 0 0 100 90 160 60
S R 1 -2 90 130 150 60
R O 0 -5 130 192 80 -50
O M -2 2 192 160 122 -70
M S 1 5 160 120 120 -40
S Back 2 -11 120 130 531 411
Back Back 0 0 130 100 180 50
Back O -1 4 100 160 640 540
O M -2 2 160 130 70 -90
M S 1 5 130 150 180 50
S OemQuestion -1 -8 150 122 310 160
OemQuestion L 1 1 122 120 1095 973
L A 0 8 120 100 160 40
A B -1 -4 100 120 740 640
B O 2 -4 120 120 180 60
O R 0 5 120 120 200 80
R A -1 3 120 110 180 60
A T 1 -4 110 140 160 50
T I 0 -3 140 180 160 20
I O 0 -1 180 100 562 382
O R 0 5 100 110 110 10
R I 0 -4 110 210 100 -10
I N -2 2 210 160 160 -50
N G 1 1 160 130 110 -50
G Back 2 -8 130 150 480 350
Back Back 0 0 150 110 220 70
Back E -1 10 110 190 410 300
E S -1 1 190 130 130 -60
S Space -2 -2 130 220 1043 913
Space Back 4 -9 220 90 3262 3042
Back B -3 8 90 120 1632 1542
B U 2 -2 120 100 120 0
U T 0 2 100 120 120 20
T Space -3 1 120 100 100 -20
Space T 3 -1 100 120 100 0
T H -1 -1 120 70 100 -20
H E 1 3 70 130 100 30
E Y 0 -3 130 100 160 30
Y Space -3 2 100 130 200 100
Space S 2 2 130 110 240 110
S E 1 -1 110 90 200 90
E E 0 0 90 110 170 80
E M -2 -4 110 150 130 20
M Space -1 3 150 160 130 -20
Space Q 3 3 160 140 1340 1180
Q U 0 -6 140 120 150 10
U I 0 -1 120 130 70 -50
I T 0 3 130 200 130 0
T E 0 2 200 140 120 -80
E Space -3 -1 140 170 881 741
Space N 1 -2 170 170 220 50
N I 2 -2 170 150 70 -100
I C -2 5 150 230 190 40
C E 2 0 230 170 120 -110
E OemPeriod -2 -6 170 130 250 80
OemPeriod S 1 7 130 152 1854 1724
S LShiftKey -1 2 152 280 9393 9241
LShiftKey M 0 -7 280 110 150 -130
M Y 2 1 110 110 250 140
Y Space -3 2 110 210 120 10
Space F 2 0 210 163 260 50
F A 0 3 163 140 143 -20
A V -1 -3 140 130 180 40
V O 2 -5 130 110 210 80
O R 0 5 110 100 150 40
R I 0 -4 100 90 120 20
I T 0 3 90 130 100 10
T E 0 2 130 160 100 -30
E Space -3 -1 160 170 380 220
Space V 1 0 170 109 360 190
V A 1 3 109 120 219 110
A C -1 -2 120 140 230 110
C A 1 2 140 113 160 20
A T 1 -4 113 130 233 120
T I 0 -3 130 144 130 0
I O 0 -1 144 192 80 -64
O N -2 3 192 170 142 -50
N Space -1 2 170 140 200 30
Space S 2 2 140 136 1130 990
S P 1 -8 136 130 149 13
P O 0 1 130 120 160 30
O T 0 4 120 140 160 40
T Space -3 1 140 170 230 90
Space I 3 -4 170 80 525 355
I S -1 6 80 110 130 50
S Space -2 -2 110 110 180 70
Space A 2 3 110 130 180 70
A N -1 -5 130 112 70 -60
N Y 2 0 112 130 222 110
Y Space -3 2 130 90 321 191
Space Back 4 -9 90 90 360 270
Back W -1 11 90 140 130 40
W H -1 -4 140 100 130 -10
H E 1 3 100 161 140 40
E R 0 -1 161 150 111 -50
R E 0 1 150 110 130 -20
E Space -3 -1 110 140 430 320
Space R 3 0 140 110 210 70
R Back 1 -9 110 141 1161 1051
Back W -1 11 141 180 191 50
W A -1 1 180 170 110 -70
A R 1 -3 170 160 120 -50
R M -2 -3 160 120 170 10
M Space -1 3 120 150 1071 951
Space B 1 -1 150 90 160 10
B U 2 -2 90 91 120 30
U T 0 2 91 120 121 30
T Space -3 1 120 140 140 20
Space N 1 -2 140 131 760 620
N O 2 -3 131 170 131 0
O Y 0 3 170 162 130 -40
Y Space -3 2 162 152 222 60
Space H 2 -2 152 130 162 10
H U 1 -1 130 110 90 -40
U M -2 0 110 170 832 722
M I 2 -1 170 90 140 -30
I O 0 -1 90 40 0 -90
O D -1 6 40 140 50 10
D Back 2 -10 140 80 6488 6348
Back Back 0 0 80 80 150 70
Back Back 0 0 80 90 150 70
Back Back 0 0 90 110 140 50
Back T -1 8 110 130 814 704
T Space -3 1 130 140 180 50
Space H 2 -2 140 150 382 242
H U 1 -1 150 120 120 -30
U M -2 0 120 130 260 140
M I 2 -1 130 130 140 10
I D -1 5 130 110 160 30
D OemPeriod -1 -6 110 160 5017 4907
OemPeriod Space -1 5 160 130 3205 3045
Space Space 0 0 130 140 171 41
Space LShiftKey 1 4 140 230 250 110
LShiftKey N 0 -6 230 100 100 -130
N O 2 -3 100 100 230 130
O T 0 4 100 110 140 40
T Space -3 1 110 120 110 0
Space T 3 -1 120 110 130 10
T O 0 -4 110 100 170 60
O O 0 0 100 80 180 80
O Space -3 5 80 150 160 80
Space C 1 1 150 130 260 110
C R 2 -1 130 120 330 200
R O 0 -5 120 130 1290 1170
O W 0 7 130 150 120 -10
W D -1 -1 150 120 240 90
D E 1 0 120 181 150 30
E D -1 0 181 160 111 -70
D Left -2 -8 160 80 7338 7178
Left Left 0 0 80 800 120 40
Left Left 0 0 800 120 1120 320
Left Left 0 0 120 90 220 100
Left Left 0 0 90 120 260 170
Left Back 4 -2 120 150 90 -30
Back Back 0 0 150 90 420 270
Back Right -4 0 90 161 290 200
Right Back 4 0 161 100 261 100
Back Back 0 0 100 120 190 90
Back Oemcomma -3 5 120 160 920 800
Oemcomma Space -1 4 160 160 110 -50
Space A 2 3 160 140 160 0
A N -1 -5 140 160 1210 1070
N D 1 3 160 130 230 70
D Space -2 -1 130 170 60 -70
Space N 1 -2 170 100 980 810
N OemPeriod 0 -3 100 110 1424 1324
OemPeriod Space -1 5 110 310 4404 4294
Space LShiftKey 1 4 310 280 780 470
LShiftKey T 2 -5 280 140 140 -140
T Back 1 -8 140 130 340 200
Back Space -4 9 130 160 280 150
Space LShiftKey 1 4 160 200 140 -20
LShiftKey T 2 -5 200 120 120 -80
T H -1 -1 120 91 172 52
H E 1 3 91 130 81 -10
E Space -3 -1 130 130 180 50
Space R 3 0 130 180 370 240
R E 0 1 180 140 100 -80
E S -1 1 140 200 230 90
S T 1 -3 200 140 130 -70
T Space -3 1 140 140 2095 1955
Space O 3 -5 140 80 190 50
O F -1 5 80 100 100 20
F Space -2 0 100 110 100 0
Space T 3 -1 110 100 120 10
T H -1 -1 100 90 90 -10
H E 1 3 90 122 110 20
E Space -3 -1 122 130 102 -20
Space D 2 1 130 165 220 90
D E 1 0 165 180 125 -40
E T 0 -2 180 150 170 -10
T A -1 4 150 130 180 30
A I 1 -7 130 173 110 -20
I L -1 -1 173 142 110 -63
L S 0 7 142 120 152 10
S Space -2 -2 120 140 190 70
Space D 2 1 140 100 480 340
D O 1 -6 100 140 60 -40
O N -2 3 140 140 210 70
N T 2 1 140 160 130 -10
T Space -3 1 160 160 1313 1153
Space M 1 -3 160 120 240 80
M A 1 6 120 110 70 -50
A T 1 -4 110 90 170 60
T T 0 0 90 103 160 70
T E 0 2 103 160 103 0
E R 0 -1 160 120 110 -50
R Space -3 0 120 141 110 -10
Space T 3 -1 141 131 130 -11
T O 0 -4 131 160 101 -30
O Space -3 5 160 90 180 20
Space M 1 -3 90 140 140 50
M E 2 4 140 130 120 -20
E OemPeriod -2 -6 130 160 390 260
OemPeriod Left -1 -2 160 811 8148 7988
Left Left 0 0 811 100 951 140
Left Left 0 0 100 100 180 80
Left Left 0 0 100 100 170 70
Left Left 0 0 100 100 160 60
Left Oem7 2 0 100 112 330 230
Oem7 Space -2 7 112 120 2164 2052
Space Space 0 0 120 130 190 70
Space LShiftKey 1 4 130 220 2429 2299
LShiftKey I 2 -8 220 90 100 -120
I Space -3 4 90 121 200 110
Space R 3 0 121 140 111 -10
R A -1 3 140 160 120 -20
A R 1 -3 160 130 130 -30
R E 0 1 130 120 150 20
E L -1 -6 120 100 140 20
L Y 1 3 100 100 710 610
Y Space -3 2 100 150 210 110
Space G 2 -1 150 100 543 393
G E 1 2 100 160 110 10
E T 0 -2 160 130 110 -50
T Space -3 1 130 130 110 -20
Space T 3 -1 130 121 120 -10
T O 0 -4 121 140 111 -10
O Space -3 5 140 170 120 -20
Space G 2 -1 170 120 270 100
G O 1 -4 120 120 200 80
O Space -3 5 120 140 180 60
Space O 3 -5 140 160 396 256
O N -2 3 160 130 200 40
N Space -1 2 130 120 150 20
Space V 1 0 120 120 170 50
V A 1 3 120 120 180 60
A C -1 -2 120 130 193 73
C A 1 2 130 100 180 50
A T 1 -4 100 130 150 50
T I 0 -3 130 160 190 60
I O 0 -1 160 190 110 -50
O N -2 3 190 140 150 -40
N OemPeriod 0 -3 140 120 540 400
OemPeriod Space -1 5 120 110 7874 7754
Space Space 0 0 110 120 170 60
Space LShiftKey 1 4 120 230 140 20
LShiftKey I 2 -8 230 90 110 -120
I Space -3 4 90 110 210 120
Space W 3 2 110 120 150 40
W O 0 -7 120 130 100 -20
O U 0 2 130 110 200 70
U L -1 -2 110 110 250 140
L D 0 6 110 130 140 30
D Space -2 -1 130 140 120 -10
Space L 2 -5 140 110 230 90
L I 1 1 110 110 140 30
I E 0 5 110 130 220 110
E K -1 -5 130 150 60 -70
K Back 2 -5 150 100 380 230
Back Back 0 0 100 70 153 53
Back K -2 5 70 90 202 132
K E 1 5 90 110 100 10
E Space -3 -1 110 130 180 70
Space T 3 -1 130 120 200 70
T O 0 -4 120 140 110 -10
O Space -3 5 140 142 130 -10
Space V 1 0 142 103 306 164
V I 2 -4 103 90 113 10
I S -1 6 90 110 110 20
S I 1 -6 110 80 120 10
I T 0 3 80 110 110 30
T Space -3 1 110 147 1272 1162
Space LShiftKey 1 4 147 190 377 230
LShiftKey L 1 -9 190 110 60 -130
L O 1 0 110 160 230 120
O N -2 3 160 140 220 60
N D 1 3 140 90 140 0
D O 1 -6 90 162 60 -30
O N -2 3 162 130 92 -70
N Oemcomma 0 -2 130 150 520 390
Oemcomma Space -1 4 150 140 110 -40
Space LShiftKey 1 4 140 250 850 710
LShiftKey S 1 -2 250 150 170 -80
S P 1 -8 150 111 190 40
P A -1 9 111 133 131 20
A I 1 -7 133 170 144 11
I N -2 2 170 140 120 -50
N Oemcomma 0 -2 140 170 330 190
Oemcomma Space -1 4 170 142 160 -10
Space LShiftKey 1 4 142 470 1484 1342
LShiftKey I 2 -8 470 100 340 -130
I R 0 4 100 222 230 130
R E 0 1 222 150 132 -90
E L -1 -6 150 120 200 50
L A 0 8 120 120 140 20
A N -1 -5 120 90 130 10
N D 1 3 90 120 130 40
D Oemcomma -1 -5 120 125 330 210
Oemcomma Space -1 4 125 151 455 330
Space LShiftKey 1 4 151 452 391 240
LShiftKey S 1 -2 452 130 342 -110
S C -1 -1 130 100 210 80
C O 2 -6 100 120 160 60
O R 0 5 120 60 170 50
R T 0 -1 60 60 10 -50
T Back 1 -8 60 142 1212 1152
Back Back 0 0 142 110 232 90
Back T -1 8 110 142 180 70
T L -1 -4 142 160 252 110
L A 0 8 160 110 290 130
A N -1 -5 110 90 180 70
N D 1 3 90 130 130 40
D Oemcomma -1 -5 130 110 4604 4474
Oemcomma Space -1 4 110 130 2812 2702
Space LShiftKey 1 4 130 220 3901 3771
LShiftKey P 2 -10 220 120 110 -110
P A -1 9 120 190 200 80
A R 1 -3 190 110 130 -60
R I 0 -4 110 106 150 40
I S -1 6 106 146 70 -36
S Oemcomma -1 -6 146 170 1679 1533
Oemcomma Space -1 4 170 140 130 -40
Space Back 4 -9 140 160 8117 7977
Back Back 0 0 160 120 220 60
Back OemPeriod -3 4 120 110 691 571
OemPeriod Left -1 -2 110 120 230 120
Left Left 0 0 120 100 190 70
Left Left 0 0 100 90 150 50
Left Left 0 0 90 80 330 240
Left Left 0 0 80 100 150 70
Left Left 0 0 100 110 180 80
Left A 2 10 110 120 650 540
A N -1 -5 120 100 130 10
N D 1 3 100 130 140 40
D Space -2 -1 130 140 150 20
Space Back 4 -9 140 120 9079 8939
Back Space -4 9 120 170 3133 3013
Space M 1 -3 170 130 511 341
M A 1 6 130 140 140 10
A I 1 -7 140 190 130 -10
I N -2 2 190 140 170 -20
N L 1 -3 140 130 200 60
L Y 1 3 130 142 110 -20
Y Space -3 2 142 160 222 80
Space B 1 -1 160 140 940 780
B E 2 2 140 110 240 100
E C -2 0 110 150 250 140
C A 1 2 150 130 130 -20
A S 0 -1 130 130 330 200
S U 1 -5 130 100 150 20
U S -1 5 100 190 130 30
S E 1 -1 190 150 120 -70
E Back 1 -10 150 90 293 143
Back Back 0 0 90 90 160 70
Back Back 0 0 90 112 160 70
Back Back 0 0 112 120 172 60
Back U -1 6 120 90 490 370
U S -1 5 90 180 110 20
S E 1 -1 180 130 100 -80
E Space -3 -1 130 160 261 131
Space LShiftKey 1 4 160 231 230 70
LShiftKey I 2 -8 231 90 101 -130
I Space -3 4 90 130 200 110
Space H 2 -2 130 80 350 220
H A 0 5 80 120 130 50
A V -1 -3 120 120 240 120
V E 2 1 120 120 120 0
E N -2 -3 120 110 170 50
N Back 3 -7 110 130 1404 1294
Back Space -4 9 130 150 370 240
Space N 1 -2 150 100 280 130
N E 2 3 100 150 160 60
E V -2 -1 150 140 160 10
V E 2 1 140 190 160 20
E R 0 -1 190 130 120 -70
R Space -3 0 130 130 200 70
Space B 1 -1 130 130 370 240
B E 2 2 130 110 200 70
E E 0 0 110 130 170 60
E N -2 -3 130 141 170 40
N Space -1 2 141 140 91 -50
Space O 3 -5 140 130 200 60
O V -2 5 130 110 160 30
V E 2 1 110 170 200 90
E R 0 -1 170 130 110 -60
R Space -3 0 130 120 230 100
Space S 2 2 120 120 250 130
S E 1 -1 120 100 771 651
E A -1 2 100 180 200 100
A S 0 -1 180 160 110 -70
S Space -2 -2 160 150 353 193
Space A 2 3 150 120 250 100
A N -1 -5 120 100 290 170
N D 1 3 100 120 120 20
D Space -2 -1 120 140 140 20
Space T 3 -1 140 110 260 120
T O 0 -4 110 120 150 40
O Back 1 -4 120 140 580 460
Back H -2 7 140 140 230 90
H O 1 -3 140 133 190 50
O S -1 7 133 200 353 220
S E 1 -1 200 130 120 -80
E Space -3 -1 130 170 770 640
Space A 2 3 170 120 190 20
A R 1 -3 120 170 150 30
R E 0 1 170 120 110 -60
E Space -3 -1 120 110 160 40
Space T 3 -1 110 110 90 -20
T H -1 -1 110 110 120 10
H E 1 3 110 130 100 -10
E Space -3 -1 130 130 130 0
Space M 1 -3 130 170 220 90
M O 2 -2 170 130 130 -40
O S -1 7 130 190 100 -30
S T 1 -3 190 120 130 -60
T Space -3 1 120 110 180 60
Space P 3 -6 110 120 900 790
P O 0 1 120 150 190 70
O P 0 -1 150 141 160 10
P U 0 3 141 120 271 130
U L -1 -2 120 120 483 363
L A 0 8 120 150 130 10
A R 1 -3 150 120 110 -40
R Space -3 0 120 140 1732 1612
Space S 2 2 140 140 160 20
S P 1 -8 140 170 160 20
P O 0 1 170 120 140 -30
O Back 1 -4 120 140 580 460
Back O -1 4 140 120 680 540
O T 0 4 120 190 120 0
T S -1 3 190 130 110 -80
S Space -2 -2 130 170 451 321
Space T 3 -1 170 120 200 30
T O 0 -4 120 162 110 -10
O Space -3 5 162 110 162 0
Space V 1 0 110 110 320 210
V I 2 -4 110 100 150 40
I S -1 6 100 130 120 20
S I 1 -6 130 100 120 -10
I T 0 3 100 122 160 60
T OemPeriod -2 -4 122 112 6108 5986
OemPeriod S 1 7 112 150 2322 2210
S LShiftKey -1 2 150 210 11741 11591
LShiftKey T 2 -5 210 140 120 -90
T H -1 -1 140 90 110 -30
H I 1 -2 90 100 160 70
I S -1 6 100 162 140 40
S Space -2 -2 162 144 132 -30
Space L 2 -5 144 80 414 270
L O 1 0 80 70 210 130
O O 0 0 70 161 120 50
O K -1 1 161 152 110 -51
K S 0 6 152 130 262 110
S Space -2 -2 130 142 312 182
Space L 2 -5 142 120 252 110
L I 1 1 120 110 130 10
I K -1 0 110 100 190 80
K E 1 5 100 129 120 20
E Space -3 -1 129 120 129 0
Space A 2 3 120 122 165 45
A Space -2 -3 122 140 112 -10
Space P 3 -6 140 80 2394 2254
P A -1 9 80 120 120 40
A G 0 -4 120 150 230 110
G E 1 2 150 130 90 -60
E Space -3 -1 130 142 160 30
Space I 3 -4 142 190 152 10
I N -2 2 190 160 130 -60
N Space -1 2 160 100 130 -30
Space A 2 3 100 113 130 30
A Space -2 -3 113 143 90 -23
Space LShiftKey 1 4 143 240 543 400
LShiftKey W 2 -2 240 150 140 -100
W H -1 -4 150 100 200 50
H E 1 3 100 161 133 33
E R 0 -1 161 100 141 -20
R E 0 1 100 90 310 210
E Oem7 -1 -8 90 110 420 330
Oem7 S 0 9 110 102 80 -30
S Space -2 -2 102 150 632 530
Space LShiftKey 1 4 150 290 110 -40
LShiftKey W 2 -2 290 150 140 -150
W O 0 -7 150 80 232 82
O Back 1 -4 80 120 350 270
Back A -2 12 120 110 340 220
A L 0 -8 110 112 822 712
L D 0 6 112 120 122 10
D O 1 -6 120 100 110 -10
O Space -3 5 100 152 302 202
Space B 1 -1 152 120 994 842
B O 2 -4 120 80 190 70
O O 0 0 80 160 130 50
O K -1 1 160 140 110 -50
K Space -2 4 140 172 670 530
Space Back 4 -9 172 120 582 410
Back OemPeriod -3 4 120 110 370 250
OemPeriod OemQuestion 0 -1 110 70 10 -100
OemQuestion Back 3 -3 70 130 550 480
Back Space -4 9 130 140 6531 6401
Space Space 0 0 140 170 390 250
Space LShiftKey 1 4 170 260 1232 1062
LShiftKey I 2 -8 260 100 140 -120
I T 0 3 100 122 230 130
T Space -3 1 122 140 192 70
Space L 2 -5 140 90 270 130
L O 1 0 90 82 210 120
O O 0 0 82 120 152 70
O K -1 1 120 160 120 0
K Space -2 4 160 140 350 190
Space L 2 -5 140 131 470 330
L I 1 1 131 120 151 20
I K -1 0 120 90 210 90
K E 1 5 90 140 110 20
E Space -3 -1 140 120 120 -20
Space A 2 3 120 150 140 20
A Space -2 -3 150 130 120 -30
Space C 1 1 130 200 1320 1190
C A 1 2 200 120 160 -40
A M -1 -6 120 141 130 10
M P 2 -3 141 160 151 10
P I 0 2 160 120 210 50
I N -2 2 120 120 230 110
N G 1 1 120 110 150 30
G Space -2 1 110 140 130 20
Space S 2 2 140 140 200 60
S P 1 -8 140 161 390 250
P O 0 1 161 160 111 -50
O T 0 4 160 140 150 -10
T Space -3 1 140 170 6033 5893
Space W 3 2 170 130 370 200
W I 0 -6 130 140 120 -10
I T 0 3 140 120 160 20
T H -1 -1 120 130 130 10
H Space -2 2 130 140 110 -20
Space C 1 1 140 180 330 190
C A 1 2 180 130 120 -60
A M -1 -6 130 130 220 90
M P 2 -3 130 150 270 140
P R 0 6 150 181 340 190
R E 0 1 181 141 90 -91
E Back 1 -10 141 100 301 160
Back Back 0 0 100 92 170 70
Back E -1 10 92 192 40 -52
E R 0 -1 192 140 112 -80
R S -1 2 140 120 190 50
S Back 2 -11 120 680 1034 914
Back Back 0 0 680 130 902 222
Back Space -4 9 130 120 550 420
Space LShiftKey 1 4 120 643 90 -30
LShiftKey R 2 -4 643 103 130 -513
R V -2 0 103 170 333 230
V Oem7 1 -7 170 80 340 170
Oem7 S 0 9 80 131 50 -30
S Space -2 -2 131 122 351 220
Space A 2 3 122 110 102 -20
A N -1 -5 110 120 120 10
N D 1 3 120 150 110 -10
D Space -2 -1 150 140 170 20
Space T 3 -1 140 180 440 300
T E 0 2 180 150 170 -10
E N -2 -3 150 90 230 80
N T 2 1 90 160 160 70
T S -1 3 160 140 130 -30
S OemPeriod -1 -7 140 130 7204 7064
OemPeriod Space -1 5 130 130 1240 1110
Space Space 0 0 130 130 200 70
Space LShiftKey 1 4 130 200 130 0
LShiftKey T 2 -5 200 130 120 -80
T H -1 -1 130 80 120 -10
H E 1 3 80 122 100 20
E R 0 -1 122 140 92 -30
R E 0 1 140 130 90 -50
E Space -3 -1 130 110 140 10
Space I 3 -4 110 90 160 50
I S -1 6 90 130 90 0
S Space -2 -2 130 122 120 -10
Space A 2 3 122 110 142 20
A Space -2 -3 110 130 80 -30
Space S 2 2 130 110 1357 1227
S P 1 -8 110 180 90 -20
P O 0 1 180 172 120 -60
O Back 1 -4 172 130 1866 1694
Back Back 0 0 130 80 210 80
Back Back 0 0 80 100 180 100
Back R -1 9 100 110 933 833
R I 0 -4 110 110 160 50
I V -2 4 110 110 160 50
V E 2 1 110 160 210 100
E R 0 -1 160 120 100 -60
R Space -3 0 120 180 5399 5279
Space F 2 0 180 110 813 633
F O 1 -5 110 120 140 30
O R 0 5 120 120 140 20
R Space -3 0 120 140 140 20
Space F 2 0 140 120 170 30
F I 1 -4 120 110 140 20
I S -1 6 110 120 130 20
S H 0 -4 120 120 130 10
H I 1 -2 120 190 140 20
I N -2 2 190 150 120 -70
N G 1 1 150 110 140 -10
G Space -2 1 110 120 150 40
Space A 2 3 120 110 130 10
A N -1 -5 110 100 130 20
N D 1 3 100 130 100 0
D Space -2 -1 130 130 140 10
Space S 2 2 130 250 2077 1947
S A 0 1 250 160 240 -10
A I 1 -7 160 180 20 -140
I L -1 -1 180 170 120 -60
L I 1 1 170 180 250 80
I N -2 2 180 150 130 -50
N G 1 1 150 163 130 -20
G OemPeriod -1 -4 163 120 983 820
OemPeriod Space -1 5 120 130 950 830
Space Space 0 0 130 140 220 90
Space LShiftKey 1 4 140 220 10780 10640
LShiftKey I 2 -8 220 110 80 -140
I Space -3 4 110 130 230 120
Space S 2 2 130 130 140 10
S E 1 -1 130 102 200 70
E E 0 0 102 140 162 60
E Space -3 -1 140 130 150 10
Space A 2 3 130 150 100 -30
A Space -2 -3 150 130 110 -40
Space B 1 -1 130 120 611 481
B O 2 -4 120 144 160 40
O Y 0 3 144 110 174 30
Y Space -3 2 110 130 1130 1020
Space S 2 2 130 220 150 20
S C -1 -1 220 168 140 -80
C O 2 -6 168 190 191 23
O U 0 2 190 130 130 -60
U T 0 2 130 120 150 20
T Space -3 1 120 177 1663 1543
Space G 2 -1 177 180 177 0
G R 1 1 180 150 120 -60
R O 0 -5 150 220 160 10
O U 0 2 220 170 160 -60
U P 0 -3 170 160 140 -30
P Space -3 6 160 190 11644 11484
Space A 2 3 190 140 220 30
A N -1 -5 140 102 150 10
N D 1 3 102 140 102 0
D Space -2 -1 140 130 150 10
Space A 2 3 130 110 160 30
A Space -2 -3 110 140 120 10
Space H 2 -2 140 100 210 70
H I 1 -2 100 100 190 90
I P 0 -2 100 120 210 110
P P 0 0 120 150 190 70
P I 0 2 150 130 120 -30
I E 0 5 130 110 140 10
E Space -3 -1 110 160 1422 1312
Space G 2 -1 160 180 375 215
G R 1 1 180 130 130 -50
R O 0 -5 130 290 350 220
O U 0 2 290 180 230 -60
U P 0 -3 180 230 140 -40
P Left -3 -1 230 821 5079 4849
Left Left 0 0 821 110 981 160
Left Left 0 0 110 120 170 60
Left Left 0 0 120 120 170 50
Left Left 0 0 120 160 320 200
Left Back 4 -2 160 110 260 100
Back Back 0 0 110 90 170 60
Back Back 0 0 90 80 160 70
Back Back 0 0 80 80 160 80
Back Oemcomma -3 5 80 110 733 653
Oemcomma Oemcomma 0 0 110 190 1444 1334
Oemcomma Space -1 4 190 180 140 -50
Space A 2 3 180 130 3499 3319
A Space -2 -3 130 140 240 110
Space N 1 -2 140 110 250 110
N A 1 5 110 100 150 40
A T 1 -4 100 130 270 170
T I 0 -3 130 120 170 40
I V -2 4 120 190 170 50
V E 2 1 190 170 110 -80
E Space -3 -1 170 150 210 40
Space A 2 3 150 120 224 74
A M -1 -6 120 130 140 20
M E 2 4 130 210 170 40
E R 0 -1 210 140 130 -80
R I 0 -4 140 120 270 130
I C -2 5 120 152 230 110
C A 1 2 152 120 122 -30
A N -1 -5 120 182 140 20
N Space -1 2 182 130 132 -50
Space G 2 -1 130 180 230 100
G R 1 1 180 130 120 -60
R O 0 -5 130 200 190 60
O U 0 2 200 154 140 -60
U P 0 -3 154 180 114 -40
P OemPeriod -2 1 180 130 1101 921
OemPeriod Back 3 -4 130 160 690 560
Back LShiftKey -3 13 160 280 2432 2272
LShiftKey A 1 -1 280 160 150 -130
A LShiftKey -1 1 160 550 2124 1964
LShiftKey N 0 -6 550 160 430 -120
N OemPeriod 0 -3 160 80 14085 13925
OemPeriod Space -1 5 80 110 350 270
Space Space 0 0 110 120 160 50
Space LShiftKey 1 4 120 590 330 210
LShiftKey A 1 -1 590 150 440 -150
A N -1 -5 150 120 250 100
N D 1 3 120 141 180 60
D Space -2 -1 141 110 171 30
Space N 1 -2 110 90 330 220
N O 2 -3 90 110 210 120
O W 0 7 110 130 150 40
W Space -3 -2 130 130 150 20
Space LShiftKey 1 4 130 210 140 10
LShiftKey I 2 -8 210 80 110 -100
I Space -3 4 80 122 200 120
Space H 2 -2 122 90 834 712
H A 0 5 90 130 120 30
A V -1 -3 130 150 200 70
V E 2 1 150 130 100 -50
E Space -3 -1 130 110 166 36
Space F 2 0 110 120 130 20
F O 1 -5 120 130 110 -10
O U 0 2 130 114 140 10
U N -2 1 114 100 224 110
N D 1 3 100 130 120 20
D Space -2 -1 130 100 140 10
Space LShiftKey 1 4 100 239 110 10
LShiftKey W 2 -2 239 129 150 -89
W L -1 -7 129 100 239 110
L A 0 8 100 120 110 10
A S 0 -1 120 130 190 70
S O 1 -7 130 80 160 30
O Back 1 -4 80 90 240 160
Back Back 0 0 90 101 150 60
Back Back 0 0 101 100 171 70
Back Back 0 0 100 110 160 60
Back A -2 12 110 120 410 300
A Oem1 0 -9 120 100 140 20
Oem1 L 0 1 100 120 280 180
L Back 2 -4 120 160 302 182
Back Back 0 0 160 130 240 80
Back L -2 4 130 130 320 190
L D 0 6 130 130 160 30
D O 1 -6 130 110 100 -30
O Space -3 5 110 120 3811 3701
Space N 1 -2 120 110 200 80
N E 2 3 110 90 230 120
E X -2 1 90 120 210 120
X T 2 -3 120 120 230 110
T Space -3 1 120 120 100 -20
Space T 3 -1 120 130 130 10
T O 0 -4 130 130 120 -10
O Space -3 5 130 110 110 -20
Space T 3 -1 110 110 120 10
T H -1 -1 110 90 100 -10
H E 1 3 90 100 100 10
E Space -3 -1 100 130 110 10
Space H 2 -2 130 90 901 771
H I 1 -2 90 80 180 90
I P 0 -2 80 110 210 130
P P 0 0 110 90 190 80
P I 0 2 90 100 180 90
I E 0 5 100 110 150 50
E Space -3 -1 110 160 1494 1384
Space G 2 -1 160 160 170 10
G R 1 1 160 120 120 -40
R O 0 -5 120 160 150 30
O U 0 2 160 130 120 -40
U P 0 -3 130 170 100 -30
P Space -3 6 170 130 290 120
Space S 2 2 130 150 450 320
S O 1 -7 150 100 160 10
O Space -3 5 100 120 180 80
Space LShiftKey 1 4 120 200 560 440
LShiftKey I 2 -8 200 100 100 -100
I Space -3 4 100 120 320 220
Space K 2 -4 120 110 910 790
K N -1 2 110 101 200 90
N O 2 -3 101 120 171 70
O W 0 7 120 120 140 20
W Space -3 -2 120 110 110 -10
Space T 3 -1 110 110 150 40
T H -1 -1 110 90 50 -60
H I 1 -2 90 100 161 71
I S -1 6 100 130 140 40
S Space -2 -2 130 92 140 10
Space I 3 -4 92 90 162 70
I S -1 6 90 120 100 10
S Space -2 -2 120 116 140 20
Space F 2 0 116 160 186 70
F R 1 0 160 130 90 -70
R O 0 -5 130 180 80 -50
O M -2 2 180 144 100 -80
M Space -1 3 144 140 494 350
Space O 3 -5 140 200 220 80
O N -2 3 200 140 140 -60
N W 2 4 140 143 180 40
W E 0 -1 143 103 10 -133
E Back 1 -10 103 110 514 411
Back Back 0 0 110 92 170 60
Back E -1 10 92 120 202 110
E Space -3 -1 120 140 172 52
Space O 3 -5 140 90 220 80
O F -1 5 90 110 130 40
F Space -2 0 110 110 110 0
Space T 3 -1 110 120 120 10
T H -1 -1 120 82 110 -10
H E 1 3 82 110 112 30
E Space -3 -1 110 121 140 30
Space B 1 -1 121 90 501 380
B O 2 -4 90 80 150 60
O O 0 0 80 162 140 60
O K -1 1 162 130 102 -60
K S 0 6 130 100 110 -20
S OemPeriod -1 -7 100 110 600 500
OemPeriod S 1 7 110 140 17452 17342
S S 0 0 140 120 11943 11803
S Y 1 -4 120 120 20008 19888
Y A -1 5 120 141 192 72
A H 0 -5 141 176 104 -37
H O 1 -3 176 104 120 -56
O O 0 0 104 114 454 350
O Return -1 -3 114 112 234 120
Return U 1 5 112 120 7752 7640
U B -2 2 120 104 112 -8
B C 0 2 104 122 360 256
C O 2 -6 122 89 142 20
O L -1 0 89 73 209 120
L L 0 0 73 88 121 48
L E 1 6 88 108 216 128
E C -2 0 108 136 208 100
C T 2 -2 136 104 248 112
T I 0 -3 104 128 96 -8
I O 0 -1 128 120 72 -56
O N -2 3 120 120 264 144
N D3 3 3 120 104 2703 2583
D3 LShiftKey -3 3 104 1369 504 400
LShiftKey D2 3 -2 1369 144 1241 -128
D2 Back 0 -11 144 91 1560 1416
Back D -2 10 91 158 2952 2861
D A 0 2 158 127 97 -61
A T 1 -4 127 145 247 120
T A -1 4 145 120 110 -35
A C -1 -2 120 120 284 164
C O 2 -6 120 93 192 72
O L -1 0 93 63 216 123
L L 0 0 63 72 126 63
L E 1 6 72 104 152 80
E C -2 0 104 133 194 90
C T 2 -2 133 112 238 105
T I 0 -3 112 178 76 -36
I O 0 -1 178 145 107 -71
O N -2 3 145 100 165 20
N Return 1 -6 100 108 120 20
Return H 0 6 108 176 47651 47543
H O 1 -3 176 143 113 -63
O W 0 7 143 192 151 8
W A -1 1 192 184 120 -72
A R 1 -3 184 88 136 -48
R D -1 1 88 144 320 232
D LShiftKey -1 3 144 280 13097 12953
LShiftKey D 1 -3 280 164 192 -88
D A 0 2 164 122 214 50
A T 1 -4 122 144 138 16
T A -1 4 144 139 128 -16
A Space -2 -3 139 143 200 61
Space LShiftKey 1 4 143 247 264 121
LShiftKey C 0 -3 247 160 128 -119
C O 2 -6 160 88 192 32
O L -1 0 88 72 184 96
L L 0 0 72 80 128 56
L E 1 6 80 185 191 111
E C -2 0 185 112 416 231
C T 2 -2 112 114 215 103
T I 0 -3 114 128 137 23
I O 0 -1 128 112 88 -40
O N -2 3 112 144 176 64
N A 1 5 144 120 920 776
A C -1 -2 120 152 224 104
C V 0 -1 152 152 488 336
V R 2 0 152 160 84200 84048
R E 0 1 160 176 88 -72
E S -1 1 176 120 120 -56
S Return 0 -10 120 80 176 56
Return A 0 11 80 132 29575 29495
A D 0 -2 132 119 586 454
D B -1 -2 119 98 517 398
B O 2 -4 98 104 162 64
O Back 1 -4 104 104 735 631
Back L -2 4 104 103 234 130
L O 1 0 103 82 189 86
O C -2 6 82 110 132 50
C K 1 -5 110 96 102 -8
K Return 0 -4 96 137 151 55
Return W 1 10 137 104 19800 19663
W O 0 -7 104 182 442 338
O T 0 4 182 88 286 104
T Return -1 -7 88 104 256 168
Return R 1 8 104 152 9769 9665
R E 0 1 152 128 80 -72
E D -1 0 128 123 197 69
D D 0 0 123 117 163 40
D I 1 -5 117 96 167 50
I T 0 3 96 105 96 0
T OemPeriod -2 -4 105 107 1097 992
OemPeriod C 0 6 107 103 167 60
C O 2 -6 103 136 113 10
O M -2 2 136 155 77 -59
M Return 1 -5 155 136 123 -32
Return A 0 11 136 128 247790 247654
A F 0 -3 128 104 192 64
F F 0 0 104 120 168 64
F I 1 -4 120 96 192 72
I A -1 7 96 112 104 8
A N -1 -5 112 112 168 56
N C 0 3 112 192 96 -16
C E 2 0 192 112 136 -56
E Space -3 -1 112 176 144 32
Space C 1 1 176 168 632 456
C A 1 2 168 136 120 -48
A L 0 -8 136 103 120 -16
L L 0 0 103 152 128 25
L Space -2 5 152 152 96 -56
Space T 3 -1 152 111 208 56
T O 0 -4 111 104 47 -64
O Space -3 5 104 119 113 9
Space T 3 -1 119 112 103 -16
T H -1 -1 112 95 105 -7
H E 1 3 95 120 119 24
E Space -3 -1 120 136 136 16
Space W 3 2 136 176 208 72
W A -1 1 176 145 144 -32
A R 1 -3 145 104 152 7
R R 0 0 104 120 152 48
R I 0 -4 120 144 48 -72
I O 0 -1 144 225 64 -80
O N -2 3 225 112 192 -33
N R 2 2 112 120 152 40
R Return -1 -8 120 128 128 8
