LShiftKey T 2 -5 546 140 421 -125
T H -1 -1 140 110 171 31
H R 1 2 110 125 156 46
R Back 1 -9 125 140 687 562
Back Back 0 0 140 109 281 141
Back Back 0 0 109 109 156 47
Back Back 0 0 109 109 218 109
Back LShiftKey -3 13 109 390 1264 1155
LShiftKey T 2 -5 390 140 296 -94
T H -1 -1 140 109 156 16
H E 1 3 109 125 78 -31
E Space -3 -1 125 94 187 62
Space C 1 1 94 125 172 78
C I 2 -5 125 125 483 358
I T 0 3 125 125 203 78
T Y 0 -1 125 141 265 140
Y Space -3 2 141 125 219 78
Space O 3 -5 125 94 218 93
O F -1 5 94 109 172 78
F Space -2 0 109 109 140 31
Space LShiftKey 1 4 109 936 109 0
LShiftKey B 0 -5 936 125 796 -140
B U 2 -2 125 93 172 47
U G -1 2 93 94 358 265
G Back 2 -8 94 124 344 250
Back D -2 10 124 172 249 125
D D 0 0 172 141 265 93
D Back 2 -10 141 94 406 265
Back Back 0 0 94 125 140 46
Back F -2 9 125 62 562 437
F F 0 0 62 140 125 63
F A 0 3 140 78 109 -31
A L 0 -8 78 93 125 47
L O 1 0 93 140 187 94
O Space -3 5 140 109 172 32
Space I 3 -4 109 109 686 577
I S -1 6 109 94 109 0
S Space -2 -2 94 110 109 15
Space A 2 3 110 109 141 31
A M -1 -6 109 93 203 94
M A 1 6 93 109 93 0
A Z -1 0 109 124 297 188
Z I 2 -7 124 109 78 -46
I N -2 2 109 93 234 125
N G 1 1 93 109 265 172
G L 0 -4 109 93 125 16
L Y 1 3 93 124 312 219
Y Space -3 2 124 93 109 -15
Space G 2 -1 93 125 3447 3354
G E 1 2 125 63 281 156
E R 0 -1 63 63 0 -63
R Back 1 -9 63 437 281 218
Back Back 0 0 437 156 608 171
Back Back 0 0 156 109 219 63
Back Back 0 0 109 110 171 62
Back Back 0 0 110 110 156 46
Back Back 0 0 110 125 141 31
Back Back 0 0 125 78 187 62
Back Back 0 0 78 110 140 62
Back Back 0 0 110 62 172 62
Back Back 0 0 62 93 125 63
Back Back 0 0 93 94 171 78
Back Back 0 0 94 125 125 31
Back Back 0 0 125 109 172 47
Back A -2 12 109 110 8673 8564
A Space -2 -3 110 109 125 15
Space N 1 -2 109 110 187 78
N I 2 -2 110 140 297 187
I V -2 4 140 202 125 -15
V E 2 1 202 78 171 -31
E Back 1 -10 78 125 265 187
Back Back 0 0 125 125 156 31
Back C -3 10 125 156 141 16
C E 2 0 156 125 78 -78
E Space -3 -1 125 125 140 15
Space C 1 1 125 109 905 780
C I 2 -5 109 125 296 187
I T 0 3 125 141 203 78
T Y 0 -1 141 124 141 0
Y Space -3 2 124 109 109 -15
Space T 3 -1 109 109 265 156
T O 0 -4 109 156 78 -31
O Space -3 5 156 109 156 0
Space L 2 -5 109 125 187 78
L I 1 1 125 93 250 125
I V -2 4 93 156 390 297
V E 2 1 156 125 62 -94
E Space -3 -1 125 125 203 78
Space I 3 -4 125 110 296 171
I N -2 2 110 78 219 109
N OemPeriod 0 -3 78 93 312 234
OemPeriod Space -1 5 93 141 296 203
Space LShiftKey 1 4 141 218 172 31
LShiftKey I 2 -8 218 125 93 -125
I T 0 3 125 109 250 125
T S -1 3 109 125 218 109
S Space -2 -2 125 109 172 47
Space C 1 1 109 125 702 593
C A 1 2 125 156 94 -31
A M -1 -6 156 78 156 0
M Back 3 -6 78 109 499 421
Back L -2 4 109 94 218 109
L M -1 2 94 78 250 156
M Oemcomma 0 -1 78 156 249 171
Oemcomma Space -1 4 156 109 141 -15
Space H 2 -2 109 109 920 811
H A 0 5 109 171 94 -15
A S 0 -1 171 140 187 16
S A 0 1 140 63 31 -109
A Space -2 -3 63 109 141 78
Space N 1 -2 109 94 202 93
N O 2 -3 94 156 281 187
O Space -3 5 156 125 125 -31
Space T 3 -1 125 124 172 47
T R 0 1 124 110 202 78
R A -1 3 110 141 125 15
A F 0 -3 141 94 343 202
F F 0 0 94 94 468 374
F I 1 -4 94 109 110 16
I C -2 5 109 156 156 47
C Back 3 -10 156 748 468 312
Back Back 0 0 748 125 873 125
Back Back 0 0 125 110 187 62
Back Back 0 0 110 156 328 218
Back Space -4 9 156 156 250 94
Space N 1 -2 156 94 483 327
N O 2 -3 94 156 265 171
O Space -3 5 156 125 125 -31
Space T 3 -1 125 109 250 125
T R 0 1 109 156 171 62
R A -1 3 156 140 141 -15
A F 0 -3 140 93 359 219
F F 0 0 93 78 171 78
F I 1 -4 78 125 94 16
I C -2 5 125 156 171 46
C Space -1 -1 156 156 593 437
Space J 2 -3 156 125 203 47
J A 0 6 125 140 94 -31
A M -1 -6 140 125 296 156
M S 1 5 125 94 187 62
S Space -2 -2 94 94 125 31
Space A 2 3 94 156 172 78
A N -1 -5 156 109 93 -63
N D 1 3 109 109 125 16
D Space -2 -1 109 78 109 0
Space M 1 -3 78 94 1201 1123
M O 2 -2 94 109 219 125
O S -1 7 109 124 125 16
S T 1 -3 124 109 780 656
T L -1 -4 109 110 124 15
L Y 1 3 110 156 359 249
Y Back 1 -7 156 624 1061 905
Back Back 0 0 624 93 905 281
Back T -1 8 93 141 608 515
T H -1 -1 141 125 125 -16
H E 1 3 125 109 109 -16
E Space -3 -1 109 94 156 47
Space P 3 -6 94 94 702 608
P U 0 3 94 109 250 156
U B -2 2 109 93 390 281
B L 1 -4 93 78 109 16
L I 1 1 78 94 187 109
I C -2 5 94 109 125 31
C Space -1 -1 109 94 156 47
Space T 3 -1 94 109 312 218
T R 0 1 109 124 172 63
R A -1 3 124 141 171 47
A N -1 -5 141 125 94 -47
N S 1 4 125 125 187 62
S P 1 -8 125 94 608 483
P O 0 1 94 125 172 78
O R 0 5 125 93 203 78
R T 0 -1 93 109 234 141
T Space -3 1 109 140 156 47
Space I 3 -4 140 125 156 16
I S -1 6 125 94 187 62
S Space -2 -2 94 109 109 15
Space G 2 -1 109 125 640 531
G R 1 1 125 140 203 78
R E 0 1 140 124 234 94
E A -1 2 124 156 171 47
A T 1 -4 156 125 234 78
T OemPeriod -2 -4 125 109 172 47
OemPeriod Space -1 5 109 125 702 593
Space LShiftKey 1 4 125 234 109 -16
LShiftKey A 1 -1 234 124 172 -62
A L 0 -8 124 109 156 32
L S 0 7 109 109 140 31
S O 1 -7 109 109 109 0
O Space -3 5 109 109 141 32
Space T 3 -1 109 125 249 140
T H -1 -1 125 124 141 16
H E 1 3 124 94 218 94
E Space -3 -1 94 109 484 390
Space C 1 1 109 140 858 749
C I 2 -5 140 156 218 78
I T 0 3 156 93 203 47
T Y 0 -1 93 109 296 203
Y Space -3 2 109 125 125 16
Space P 3 -6 125 109 250 125
P L -1 1 109 94 249 140
L A 0 8 94 109 125 31
A N -1 -5 109 94 421 312
N N 0 0 94 109 141 47
N I 2 -2 109 94 218 109
I N -2 2 94 109 234 140
N G 1 1 109 94 2012 1903
G Space -2 1 94 109 141 47
Space I 3 -4 109 140 234 125
I S -1 6 140 124 125 -15
S Space -2 -2 124 93 109 -15
Space G 2 -1 93 125 1232 1139
G T 1 0 125 94 234 109
T Back 1 -8 94 171 406 312
Back R -1 9 171 140 156 -15
R A -1 3 140 156 203 63
A Back 2 -12 156 110 592 436
Back E -1 10 110 187 94 -16
E A -1 2 187 156 234 47
A T 1 -4 156 140 125 -31
T Space -3 1 140 109 218 78
Space H 2 -2 109 109 219 110
H Back 2 -7 109 109 530 421
Back Back 0 0 109 109 983 874
Back OemPeriod -3 4 109 94 421 312
OemPeriod Space -1 5 94 109 406 312
Space LShiftKey 1 4 109 281 811 702
LShiftKey LShiftKey 0 0 281 312 702 421
LShiftKey W 2 -2 312 125 187 -125
W H -1 -4 125 140 172 47
H A 0 5 140 140 140 0
A T 1 -4 140 140 203 63
T Space -3 1 140 109 156 16
Space LShiftKey 1 4 109 234 608 499
LShiftKey I 2 -8 234 187 125 -109
I Space -3 4 187 141 296 109
Space D 2 1 141 125 468 327
D I 1 -5 125 140 110 -15
I S -1 6 140 93 156 16
S L 0 -7 93 94 218 125
L I 1 1 94 109 187 93
I K -1 0 109 109 219 110
K E 1 5 109 94 93 -16
E Space -3 -1 94 94 187 93
Space I 3 -4 94 109 141 47
I S -1 6 109 141 296 187
S Space -2 -2 141 110 109 -32
Space T 3 -1 110 140 188 78
T H -1 -1 140 140 78 -62
H E 1 3 140 110 202 62
E Space -3 -1 110 140 500 390
Space G 2 -1 140 172 280 140
G E 1 2 172 140 141 -31
E O 0 -6 140 109 359 219
O G -1 4 109 156 592 483
G R 1 1 156 140 250 94
R A -1 3 140 125 187 47
A P 1 -9 125 109 141 16
P H -1 4 109 94 280 171
H I 1 -2 94 94 250 156
I V -2 4 94 109 187 93
V Back 3 -9 109 125 406 297
Back C -3 10 125 109 187 62
C Space -1 -1 109 110 140 31
Space L 2 -5 110 109 203 93
L O 1 0 109 110 187 78
O C -2 6 110 110 234 124
C A 1 2 110 125 172 62
A T 1 -4 125 124 172 47
T I 0 -3 124 109 78 -46
I O 0 -1 109 93 187 78
O N -2 3 93 125 234 141
N Space -1 2 125 109 125 0
Space O 3 -5 109 125 171 62
O F -1 5 125 140 94 -31
F Space -2 0 140 94 171 31
Space T 3 -1 94 109 188 94
T H -1 -1 109 94 124 15
H E 1 3 94 125 125 31
E Space -3 -1 125 78 172 47
Space C 1 1 78 124 203 125
C I 2 -5 124 125 140 16
I T 0 3 125 141 218 93
T Y 0 -1 141 109 110 -31
Y Oemcomma -2 -2 109 109 655 546
Oemcomma Space -1 4 109 109 203 94
Space Back 4 -9 109 94 421 312
Back Back 0 0 94 93 172 78
Back OemPeriod -3 4 93 141 280 187
OemPeriod Space -1 5 141 78 297 156
Space LShiftKey 1 4 78 374 187 109
LShiftKey T 2 -5 374 125 281 -93
T H -1 -1 125 109 109 -16
H E 1 3 109 109 125 16
E Space -3 -1 109 78 140 31
Space G 2 -1 78 140 765 687
G E 1 2 140 125 93 -47
E O 0 -6 125 109 234 109
O Space -3 5 109 141 780 671
Space L 2 -5 141 125 172 31
L O 1 0 125 124 203 78
O C -2 6 124 125 140 16
C T 2 -2 125 140 328 203
T I 0 -3 140 124 156 16
I O 0 -1 124 109 187 63
O Back 1 -4 109 125 452 343
Back Back 0 0 125 94 156 31
Back Back 0 0 94 109 156 62
Back A -2 12 109 172 203 94
A T 1 -4 172 109 265 93
T I 0 -3 109 125 109 0
I O 0 -1 125 172 484 359
O N -2 3 172 156 328 156
N M 0 -1 156 62 343 187
M Back 3 -6 62 156 359 297
Back Space -4 9 156 125 187 31
Space M 1 -3 125 125 218 93
M A 1 6 125 140 94 -31
A K 0 -7 140 94 187 47
K E 1 5 94 125 109 15
E S -1 1 125 156 546 421
S Space -2 -2 156 125 156 0
Space T 3 -1 125 140 141 16
T H -1 -1 140 109 93 -47
H E 1 3 109 125 94 -15
E Space -3 -1 125 172 639 514
Space W 3 2 172 172 203 31
W E 0 -1 172 188 109 -63
E A -1 2 188 171 188 0
A T 1 -4 171 140 218 47
T H -1 -1 140 140 172 32
H E 1 3 140 203 124 -16
E R 0 -1 203 156 78 -125
R Space -3 0 156 125 203 47
Space E 3 1 125 125 780 655
E X -2 1 125 156 390 265
X T 2 -3 156 124 297 141
T E 0 2 124 93 234 110
E R 0 -1 93 78 0 -93
R Back 1 -9 78 141 592 514
Back Back 0 0 141 141 156 15
Back R -1 9 141 187 63 -78
R E 0 1 187 156 109 -78
E M -2 -4 156 109 156 0
M E 2 4 109 124 94 -15
E L -1 -6 124 109 343 219
L Y 1 3 109 124 671 562
Y Space -3 2 124 109 109 -15
Space U 3 -3 109 110 717 608
U N -2 1 110 172 281 171
N Space -1 2 172 125 187 15
Space Back 4 -9 125 109 1982 1857
Back P -1 3 109 141 249 140
P R 0 6 141 109 203 62
R E 0 1 109 93 16 -93
E D -1 0 93 140 1201 1108
D I 1 -5 140 140 187 47
I C -2 5 140 125 140 0
C T 2 -2 125 141 359 234
T I 0 -3 141 156 125 -16
I A -1 7 156 125 312 156
A Back 2 -12 125 109 562 437
Back Back 0 0 109 94 171 62
Back A -2 12 94 109 125 31
A B -1 -4 109 141 608 499
B L 1 -4 141 141 125 -16
L E 1 6 141 63 156 15
E Space -3 -1 63 62 141 78
Space A 2 3 62 156 452 390
A N -1 -5 156 125 125 -31
N D 1 3 125 140 125 0
D Space -2 -1 140 109 187 47
Space T 3 -1 109 125 171 62
T O 0 -4 125 109 141 16
O Space -3 5 109 93 468 359
Space S 2 2 93 124 125 32
S O 1 -7 124 140 109 -15
O M -2 2 140 156 624 484
M E 2 4 156 141 171 15
E Space -3 -1 141 94 172 31
Space E 3 1 94 94 702 608
E X -2 1 94 171 250 156
X T 2 -3 171 172 280 109
T E 0 2 172 140 141 -31
E N -2 -3 140 156 203 63
N R 2 2 156 109 327 171
R Back 1 -9 109 140 515 406
Back T -1 8 140 156 94 -46
T E 0 2 156 94 93 -63
E S -1 1 94 156 219 125
S Space -2 -2 156 124 156 0
Space Back 4 -9 124 94 374 250
Back Back 0 0 94 110 140 46
Back Back 0 0 110 125 172 62
Back S -2 11 125 110 140 15
S Space -2 -2 110 109 125 15
Space U 3 -3 109 125 187 78
U N -2 1 125 109 250 125
N B 0 1 109 125 671 562
B E 2 2 125 156 327 202
E A -1 2 156 156 531 375
A R 1 -3 156 140 265 109
R A -1 3 140 156 577 437
A V -1 -3 156 94 281 125
V Back 3 -9 94 156 421 327
Back B -3 8 156 140 141 -15
B L 1 -4 140 125 124 -16
L E 1 6 125 78 94 -31
E Oemcomma -2 -5 78 78 718 640
Oemcomma Back 3 -5 78 124 780 702
Back OemPeriod -3 4 124 94 374 250
OemPeriod Space -1 5 94 156 6833 6739
Space Capital 2 4 156 936 2964 2808
Capital R 1 -4 936 125 858 -78
R E 0 1 125 140 203 78
E Back 1 -10 140 125 483 343
Back Back 0 0 125 62 250 125
Back LShiftKey -3 13 62 639 468 406
LShiftKey Y 2 -6 639 109 577 -62
Y E 0 3 109 109 187 78
E S -1 1 109 109 250 141
S Oemcomma -1 -6 109 171 281 172
Oemcomma Space -1 4 171 109 156 -15
Space T 3 -1 109 141 171 62
T H -1 -1 141 109 125 -16
H E 1 3 109 78 125 16
E Space -3 -1 78 125 312 234
Space Back 4 -9 125 733 359 234
Back Back 0 0 733 109 858 125
Back Capital -2 13 109 187 889 780
Capital Space -2 -4 187 141 296 109
Space LShiftKey 1 4 141 468 328 187
LShiftKey Y 2 -6 468 109 343 -125
Y E 0 3 109 124 172 63
E S -1 1 124 125 218 94
S Oemcomma -1 -6 125 187 577 452
Oemcomma Space -1 4 187 140 141 -46
Space T 3 -1 140 110 202 62
T H -1 -1 110 109 141 31
H E 1 3 109 109 109 0
E Space -3 -1 109 109 203 94
Space S 2 2 109 109 390 281
S C -1 -1 109 125 234 125
C H 1 -3 125 93 437 312
H O 1 -3 93 94 280 187
O L -1 0 94 78 234 140
L L 0 0 78 125 141 63
L D 0 6 125 78 281 156
D Back 2 -10 78 93 265 187
Back Back 0 0 93 93 156 63
Back Back 0 0 93 109 156 63
Back O -1 4 109 140 156 47
O L -1 0 140 109 234 94
L Space -2 5 109 109 265 156
Space D 2 1 109 110 920 811
D O 1 -6 110 124 656 546
O E 0 6 124 109 78 -46
E S -1 1 109 125 218 109
S Space -2 -2 125 110 140 15
Space H 2 -2 110 140 687 577
H A 0 5 140 141 140 0
A V -1 -3 141 172 234 93
V E 2 1 172 78 468 296
E Right -3 -10 78 2824 2730 2652
Right Space 0 9 2824 156 3682 858
Space LShiftKey 1 4 156 219 140 -16
LShiftKey C 0 -3 219 172 109 -110
C A 1 2 172 94 203 31
A M -1 -6 94 93 94 0
M N 0 1 93 47 15 -78
N Back 3 -7 47 141 1014 967
Back Back 0 0 141 93 188 47
Back M -3 6 93 109 249 156
M P 2 -3 109 78 281 172
P U 0 3 78 125 265 187
U S -1 5 125 109 172 47
S Space -2 -2 109 125 421 312
Space LShiftKey 1 4 125 218 281 156
LShiftKey D 1 -3 218 78 156 -62
D I 1 -5 78 125 93 15
I N -2 2 125 94 250 125
N I 2 -2 94 78 218 124
I N -2 2 78 109 219 141
N G 1 1 109 125 187 78
G Space -2 1 125 109 172 47
Space I 3 -4 109 124 156 47
I S -1 6 124 109 62 -62
S Space -2 -2 109 93 172 63
Space G 2 -1 93 125 1045 952
G R 1 1 125 94 265 140
R E 0 1 94 140 250 156
E A -1 2 140 156 171 31
A R 1 -3 156 62 484 328
R Oemcomma -2 -4 62 78 905 843
Oemcomma Back 3 -5 78 109 312 234
Back Back 0 0 109 125 124 15
Back T -1 8 125 78 125 0
T Oemcomma -2 -3 78 172 156 78
Oemcomma Space -1 4 172 141 156 -16
Space L 2 -5 141 110 265 124
L O 1 0 110 124 188 78
O V -2 5 124 187 78 -46
V E 2 1 187 125 93 -94
E Space -3 -1 125 125 109 -16
Space T 3 -1 125 141 156 31
T H -1 -1 141 109 94 -47
H E 1 3 109 141 109 0
E Space -3 -1 141 125 265 124
Space F 2 0 125 125 453 328
F O 1 -5 125 109 140 15
O O 0 0 109 109 172 63
O D -1 6 109 140 343 234
D Space -2 -1 140 94 156 16
Space T 3 -1 94 125 125 31
T H -1 -1 125 110 93 -32
H E 1 3 110 171 63 -47
E R 0 -1 171 156 93 -78
R E 0 1 156 109 172 16
E OemPeriod -2 -6 109 93 250 141
OemPeriod Right -1 -4 93 858 951 858
Right Right 0 0 858 936 1014 156
Right Right 0 0 936 156 1233 297
Right Left 0 2 156 62 421 265
Left Space 0 7 62 140 2730 2668
Space G 2 -1 140 62 2371 2231
G Back 2 -8 62 172 2761 2699
Back E -1 10 172 140 484 312
E N -2 -3 140 109 530 390
N O 2 -3 109 110 265 156
O U 0 2 110 109 219 109
U H -1 1 109 109 265 156
H Back 2 -7 109 109 328 219
Back G -2 8 109 110 124 15
G H 0 -1 110 141 125 15
H Space -2 2 141 140 125 -16
Space S 2 2 140 156 203 63
S P 1 -8 156 110 171 15
P O 0 1 110 156 203 93
O R 0 5 156 140 125 -31
R T 0 -1 140 156 328 188
T I 0 -3 156 125 202 46
I N -2 2 125 125 234 109
N G 1 1 125 124 110 -15
G Space -2 1 124 141 670 546
Space F 2 0 141 172 546 405
F A 0 3 172 141 156 -16
A C -1 -2 141 125 219 78
C I 2 -5 125 124 203 78
I L -1 -1 124 93 234 110
L I 1 1 93 110 202 109
I T 0 3 110 140 422 312
T I 0 -3 140 125 124 -16
I E 0 5 125 109 141 16
E S -1 1 109 109 265 156
S OemPeriod -1 -7 109 109 172 63
OemPeriod Space -1 5 109 219 4695 4586
Space LShiftKey 1 4 219 562 671 452
LShiftKey LShiftKey 0 0 562 265 4259 3697
LShiftKey A 1 -1 265 124 203 -62
A Space -2 -3 124 125 343 219
Space Back 4 -9 125 140 4415 4290
Back Back 0 0 140 156 1139 999
Back LShiftKey -3 13 156 374 6864 6708
LShiftKey I 2 -8 374 109 218 -156
I Oem7 -1 -3 109 109 593 484
Oem7 M -1 4 109 140 390 281
M Space -1 3 140 109 140 0
Space H 2 -2 109 109 375 266
H A 0 5 109 141 93 -16
A P 1 -9 141 94 203 62
P P 0 0 94 78 156 62
P Y 0 4 78 156 234 156
Y Space -3 2 156 125 125 -31
Space W 3 2 125 156 187 62
W I 0 -6 156 156 671 515
I T 0 3 156 141 140 -16
T H -1 -1 141 141 156 15
H A 0 5 141 140 203 62
A Back 2 -12 140 171 437 297
Back Back 0 0 171 999 405 234
Back OemPeriod -3 4 999 171 2403 1404
OemPeriod Space -1 5 171 124 125 -46
LShiftKey I 2 -8 702 109 546 -156
I Space -3 4 109 141 78 -31
Space D 2 1 141 109 203 62
D O 1 -6 109 109 78 -31
O N -2 3 109 78 312 203
N Oem7 1 -5 78 141 452 374
Oem7 T 1 6 141 140 375 234
T Space -3 1 140 78 171 31
Space T 3 -1 78 109 94 16
T H -1 -1 109 109 94 -15
H O 1 -3 109 125 218 109
O I 0 1 125 78 16 -109
I Back 1 -5 78 156 717 639
Back Back 0 0 156 109 250 94
Back I -1 5 109 110 249 140
I N -2 2 110 109 297 187
N K 1 -2 109 94 265 156
K Space -2 4 94 140 125 31
Space W 3 2 140 78 296 156
W Space -3 -2 78 94 515 437
Space Back 4 -9 94 171 359 265
Back E -1 10 171 125 296 125
E Space -3 -1 125 140 219 94
Space N 1 -2 140 125 1045 905
N E 2 3 125 125 156 31
E E 0 0 125 125 187 62
E D -1 0 125 156 655 530
D Space -2 -1 156 140 203 47
Space A 2 3 140 78 172 32
A N -1 -5 78 125 109 31
N Y 2 0 125 140 1560 1435
Y Space -3 2 140 124 125 -15
Space Back 4 -9 124 109 374 250
Back M -3 6 109 93 250 141
M O 2 -2 93 141 249 156
O R 0 5 141 94 359 218
R E 0 1 94 141 343 249
E Space -3 -1 141 124 453 312
Space R 3 0 124 172 124 0
R E 0 1 172 124 110 -62
E C -2 0 124 109 327 203
C V 0 -1 109 78 16 -93
V Back 3 -9 78 171 546 468
Back R -1 9 171 218 156 -15
R E 0 1 218 172 171 -47
E A -1 2 172 187 266 94
A T 1 -4 187 125 171 -16
T U 0 -2 125 78 172 47
U I 0 -1 78 94 15 -63
I Back 1 -5 94 78 500 406
Back Back 0 0 78 109 156 78
Back I -1 5 109 109 483 374
I O 0 -1 109 78 187 78
O N -2 3 78 94 203 125
N A 1 5 94 94 109 15
A L 0 -8 94 172 156 62
L Space -2 5 172 125 219 47
Space A 2 3 125 125 1653 1528
A C -1 -2 125 141 312 187
C T 2 -2 141 141 515 374
T I 0 -3 141 140 125 -16
I V -2 4 140 156 281 141
V I 2 -4 156 93 125 -31
I T 0 3 93 125 218 125
T I 0 -3 125 140 172 47
I E 0 5 140 109 140 0
E S -1 1 109 109 250 141
S OemPeriod -1 -7 109 156 468 359
OemPeriod Space -1 5 156 125 1575 1419
Space Left 0 -7 125 1326 1638 1513
Left Left 0 0 1326 109 1467 141
Left Left 0 0 109 109 187 78
Left Left 0 0 109 109 156 47
Left Left 0 0 109 109 187 78
Left Right 0 -2 109 140 359 250
Right Space 0 9 140 203 296 156
Right Right 0 0 733 125 889 156
Right Right 0 0 125 94 187 62
Right Right 0 0 94 78 172 78
Right Right 0 0 78 94 171 93
Right Right 0 0 94 94 281 187
Right Space 0 9 94 188 1123 1029
Space LShiftKey 1 4 188 390 1139 951
LShiftKey E 2 -3 390 125 265 -125
E D -1 0 125 141 234 109
D U 1 -4 141 93 110 -31
U C -2 4 93 140 187 94
C A 1 2 140 141 140 0
A T 1 -4 141 125 187 46
T U 0 -2 125 109 141 16
U Back 1 -6 109 109 374 265
Back I -1 5 109 109 219 110
I O 0 -1 109 94 171 62
O N -2 3 94 141 234 140
N Space -1 2 141 109 437 296
Space I 3 -4 109 109 203 94
I S -1 6 109 94 93 -16
S Space -2 -2 94 140 141 47
Space T 3 -1 140 140 203 63
T O 0 -4 140 94 93 -47
O P 0 -1 94 94 265 171
P Space -3 6 94 125 390 296
Space N 1 -2 125 109 188 63
N O 2 -3 109 109 234 125
O T 0 4 109 125 109 0
T C -2 2 125 156 530 405
C H 1 -3 156 156 125 -31
H Space -2 2 156 78 172 16
Space N 1 -2 78 109 140 62
N O 2 -3 109 140 250 141
O Space -3 5 140 140 187 47
Space D 2 1 140 140 156 16
D O 1 -6 140 125 78 -62
O U 0 2 125 110 327 202
U B -2 2 110 124 812 702
B T 2 0 124 109 249 125
T Space -3 1 109 124 141 32
Space A 2 3 124 141 171 47
A N -1 -5 141 93 172 31
N Back 3 -7 93 140 312 219
Back B -3 8 140 110 795 655
B O 2 -4 110 140 110 0
O U 0 2 140 125 249 109
U T 0 2 125 125 156 31
T Space -3 1 125 109 141 16
Space I 3 -4 109 125 124 15
I S -1 6 125 125 156 31
S OemPeriod -1 -7 125 94 172 47
OemPeriod Back 3 -4 94 93 406 312
Back Back 0 0 93 109 156 63
Back T -1 8 109 125 62 -47
T S -1 3 125 46 328 203
S Back 2 -11 46 109 499 453
Back OemPeriod -3 4 109 78 249 140
OemPeriod Space -1 5 78 172 1014 936
Space LShiftKey 1 4 172 1825 1592 1420
LShiftKey P 2 -10 1825 109 1638 -187
P R 0 6 109 109 187 78
R O 0 -5 109 109 125 16
O F -1 5 109 125 249 140
F E 1 1 125 78 219 94
E R 0 -1 78 62 0 -78
R Back 1 -9 62 124 702 640
Back Back 0 0 124 109 187 63
Back Back 0 0 109 125 156 47
Back Back 0 0 125 94 187 62
Back Back 0 0 94 125 156 62
Back R -1 9 125 109 421 296
R O 0 -5 109 141 187 78
O F -1 5 141 187 593 452
F E 1 1 187 156 203 16
E S -1 1 156 93 562 406
S S 0 0 93 109 156 63
S O 1 -7 109 141 124 15
O R 0 5 141 156 110 -31
R S -1 2 156 141 514 358
S Space -2 -2 141 125 156 15
Space A 2 3 125 156 94 -31
A R 1 -3 156 109 484 328
R E 0 1 109 156 405 296
E Space -3 -1 156 203 1045 889
Space E 3 1 203 109 640 437
E X -2 1 109 156 265 156
X T 2 -3 156 93 297 141
T R 0 1 93 125 187 94
R E 0 1 125 124 203 78
E M -2 -4 124 125 171 47
M E 2 4 125 109 390 265
E L -1 -6 109 93 141 32
L Y 1 3 93 140 811 718
Y Space -3 2 140 141 93 -47
Space K 2 -4 141 109 266 125
K N -1 2 109 93 234 125
N P 2 -4 93 94 249 156
P O 0 1 94 78 16 -78
O Back 1 -4 78 140 593 515
Back Back 0 0 140 125 202 62
Back O -1 4 125 109 203 78
O W 0 7 109 140 172 63
W L -1 -7 140 125 218 78
L E 1 6 125 156 172 47
E F -1 -1 156 156 593 437
F A 0 3 156 93 234 78
A Back 2 -12 93 109 327 234
Back Back 0 0 109 94 187 78
Back D -2 10 94 109 734 640
D G 0 -2 109 172 249 140
G A 0 4 172 156 156 -16
A B -1 -4 156 125 874 718
B L 1 -4 125 141 171 46
L E 1 6 141 124 110 -31
E Space -3 -1 124 109 187 63
Space A 2 3 109 171 125 16
A D 0 -2 171 94 93 -78
D N -1 -3 94 156 63 -31
N Back 3 -7 156 639 468 312
Back Back 0 0 639 140 1326 687
Back Back 0 0 140 94 249 109
Back Back 0 0 94 140 640 546
Back A -2 12 140 171 780 640
A Back 2 -12 171 156 998 827
Back G -2 8 156 93 250 94
G A 0 4 93 125 639 546
A Back 2 -12 125 171 500 375
Back E -1 10 171 141 93 -78
E B -2 -2 141 141 312 171
B A 1 4 141 125 203 62
A L 0 -8 125 93 125 0
L E 1 6 93 125 187 94
E Back 1 -10 125 109 515 390
Back Back 0 0 109 110 171 62
Back Back 0 0 110 94 172 62
Back Back 0 0 94 140 172 78
Back A -2 12 140 156 202 62
A B -1 -4 156 156 328 172
B L 1 -4 156 141 187 31
L E 1 6 141 78 63 -78
E Space -3 -1 78 141 670 592
Space A 2 3 141 125 827 686
A N -1 -5 125 141 156 31
N D 1 3 141 109 172 31
D Space -2 -1 109 93 125 16
Space H 2 -2 93 94 1684 1591
H E 1 3 94 125 78 -16
E L -1 -6 125 93 219 94
L P 1 -1 93 109 187 94
P F -1 6 109 124 328 219
F U 1 -3 124 62 156 32
U I 0 -1 62 46 0 -62
I L -1 -1 46 78 296 250
L Back 2 -4 78 94 686 608
Back Back 0 0 94 78 188 94
Back L -2 4 78 78 187 109
L OemPeriod -1 0 78 63 249 171
OemPeriod Space -1 5 63 187 1061 998
Space LShiftKey 1 4 187 1139 874 687
LShiftKey C 0 -3 1139 125 1014 -125
C L 1 -6 125 109 140 15
L A 0 8 109 141 78 -31
A S 0 -1 141 125 328 187
S S 0 0 125 109 203 78
S Back 2 -11 109 109 187 78
Back Back 0 0 109 94 171 62
Back Back 0 0 94 94 156 62
Back Back 0 0 94 78 156 62
Back Back 0 0 78 156 437 359
Back LShiftKey -3 13 156 343 1810 1654
LShiftKey C 0 -3 343 156 249 -94
C L 1 -6 156 110 156 0
L A 0 8 110 156 125 15
A S 0 -1 156 125 172 16
S S 0 0 125 110 171 46
S R 1 -2 110 125 250 140
R O 0 -5 125 94 140 15
O M -2 2 94 93 266 172
M Back 3 -6 93 125 327 234
Back O -1 4 125 125 749 624
O M -2 2 125 125 234 109
M S 1 5 125 125 140 15
S Space -2 -2 125 125 484 359
Space A 2 3 125 156 125 0
A R 1 -3 156 187 125 -31
R E 0 1 187 109 171 -16
E Space -3 -1 109 172 577 468
Space G 2 -1 172 125 1092 920
G R 1 1 125 141 234 109
R E 0 1 141 156 203 62
E A -1 2 156 171 219 63
A Back 2 -12 171 78 670 499
Back Back 0 0 78 93 188 110
Back Back 0 0 93 109 171 78
Back Back 0 0 109 110 187 78
Back G -2 8 110 171 1155 1045
G R 1 1 171 156 187 16
R E 0 1 156 125 234 78
E A -1 2 125 140 328 203
A Back 2 -12 140 125 296 156
Back Back 0 0 125 109 203 78
Back Back 0 0 109 94 171 62
Back O -1 4 94 94 1014 920
O O 0 0 94 78 188 94
O D -1 6 78 125 530 452
D A 0 2 125 188 265 140
A Back 2 -12 188 140 344 156
Back Space -4 9 140 156 171 31
Space A 2 3 156 171 141 -15
A S 0 -1 171 140 78 -93
S Space -2 -2 140 156 546 406
Space W 3 2 156 187 109 -47
W E 0 -1 187 156 109 -78
E L -1 -6 156 94 156 0
L L 0 0 94 94 156 62
L Oemcomma -1 1 94 78 702 608
Oemcomma Back 3 -5 78 125 296 218
Back OemPeriod -3 4 125 109 250 125
OemPeriod LShiftKey 0 9 109 640 5928 5819
LShiftKey M 0 -7 640 109 468 -172
M Y 2 1 109 141 374 265
Y Space -3 2 141 140 94 -47
Space F 2 0 140 172 780 640
F A 0 3 172 156 140 -32
A V -1 -3 156 140 1077 921
V O 2 -5 140 125 296 156
O R 0 5 125 109 531 406
R I 0 -4 109 140 140 31
I T 0 3 140 172 187 47
T E 0 2 172 140 219 47
E Space -3 -1 140 156 530 390
Space V 1 0 156 156 920 764
V A 1 3 156 140 110 -46
A C -1 -2 140 141 202 62
C A 1 2 141 141 125 -16
A T 1 -4 141 141 343 202
T I 0 -3 141 109 172 31
I O 0 -1 109 109 234 125
O N -2 3 109 124 250 141
N Space -1 2 124 110 124 0
Space S 2 2 110 156 141 31
S P 1 -8 156 110 171 15
P O 0 1 110 125 312 202
O T 0 4 125 140 188 63
T Space -3 1 140 125 202 62
Space H 2 -2 125 109 749 624
H A 0 5 109 187 78 -31
A S 0 -1 187 125 125 -62
S Space -2 -2 125 110 140 15
Space T 3 -1 110 156 188 78
T O 0 -4 156 156 296 140
O Space -3 5 156 109 203 47
Space B 1 -1 109 156 686 577
B E 2 2 156 94 125 -31
E R 0 -1 94 62 0 -94
R Space -3 0 62 94 140 78
Space LShiftKey 1 4 94 156 562 468
LShiftKey Back 3 -13 156 109 265 109
Back Back 0 0 109 140 172 63
Back Space -4 9 140 140 203 63
Space LShiftKey 1 4 140 327 187 47
LShiftKey T 2 -5 327 109 265 -62
T A -1 4 109 125 203 94
A P 1 -9 125 109 109 -16
P O 0 1 109 94 187 78
O L -1 0 94 94 187 93
L A 0 8 94 78 141 47
A OemPeriod -1 -8 78 110 171 93
OemPeriod Space -1 5 110 125 1420 1310
Space LShiftKey 1 4 125 202 94 -31
LShiftKey I 2 -8 202 125 124 -78
I T 0 3 125 125 141 16
T Space -3 1 125 124 203 78
Space L 2 -5 124 125 374 250
L O 1 0 125 109 234 109
O C -2 6 109 203 203 94
C A 1 2 203 109 265 62
A T 1 -4 109 140 156 47
T E 0 2 140 125 109 -31
E D -1 0 125 109 219 94
D Space -2 -1 109 125 374 265
Space D2 4 2 125 156 5070 4945
D2 D5 0 -3 156 125 265 109
D5 Space -4 1 125 125 203 78
Space K 2 -4 125 109 328 203
K M -1 1 109 94 327 218
M S 1 5 94 110 187 93
S Space -2 -2 110 125 156 46
Space S 2 2 125 140 1202 1077
S O 1 -7 140 109 140 0
O U 0 2 109 109 203 94
U T 0 2 109 125 171 62
T H -1 -1 125 140 188 63
H Space -2 2 140 94 140 0
Space O 3 -5 94 124 172 78
O F -1 5 124 110 124 0
F Space -2 0 110 125 453 343
Space LShiftKey 1 4 125 187 109 -16
LShiftKey M 0 -7 187 109 109 -78
M A 1 6 109 125 109 0
A H 0 -5 125 109 188 63
H A 0 5 109 141 93 -16
A B -1 -4 141 140 609 468
B A 1 4 140 141 561 421
A L 0 -8 141 109 234 93
L E 1 6 109 94 125 16
E S -1 1 94 109 234 140
S H 0 -4 109 110 452 343
H W 1 4 110 187 219 109
W E 0 -1 187 140 125 -62
E Back 1 -10 140 109 546 406
Back A -2 12 109 187 78 -31
A R 1 -3 187 140 78 -109
R M -2 -3 140 156 421 281
M Back 3 -6 156 93 624 468
Back Oemcomma -3 5 93 156 1045 952
Oemcomma Space -1 4 156 140 94 -62
Space LShiftKey 1 4 140 234 78 -62
LShiftKey I 2 -8 234 94 171 -63
I Back 1 -5 94 141 1092 998
Back Back 0 0 141 94 203 62
Back Back 0 0 94 141 296 202
Back Space -4 9 141 93 344 203
Space N 1 -2 93 156 468 375
N E 2 3 156 171 78 -78
E A -1 2 171 172 140 -31
A R 1 -3 172 141 187 15
R Space -3 0 141 125 109 -32
Space LShiftKey 1 4 125 234 375 250
LShiftKey P 2 -10 234 110 93 -141
P U 0 3 110 110 234 124
U N -2 1 110 109 219 109
N E 2 3 109 125 78 -31
E LShiftKey -2 3 125 218 858 733
LShiftKey Oemcomma 0 -8 218 171 390 172
Oemcomma Space -1 4 171 125 234 63
Space LShiftKey 1 4 125 234 78 -47
LShiftKey I 2 -8 234 124 125 -109
I N -2 2 124 93 265 141
N D 1 3 93 140 187 94
D I 1 -5 140 124 94 -46
I A -1 7 124 94 140 16
A Oemcomma -1 -7 94 46 250 156
Oemcomma OemPeriod 0 -1 46 47 15 -31
OemPeriod Back 3 -4 47 94 4243 4196
Back Back 0 0 94 94 359 265
Back OemPeriod -3 4 94 94 905 811
OemPeriod Space -1 5 94 94 343 249
Space LShiftKey 1 4 94 1669 3401 3307
LShiftKey I 2 -8 1669 125 1529 -140
I T 0 3 125 140 281 156
T S -1 3 140 109 234 94
S Space -2 -2 109 171 546 437
Space J 2 -3 171 94 608 437
J U 1 0 94 124 172 78
U S -1 5 124 187 93 -31
S T 1 -3 187 156 125 -62
T Space -3 1 156 125 156 0
Space A 2 3 125 125 109 -16
A Space -2 -3 125 94 156 31
Space Back 4 -9 94 343 874 780
Back Back 0 0 343 156 827 484
Back Back 0 0 156 94 218 62
Back Back 0 0 94 94 156 62
Back Back 0 0 94 93 328 234
Back Back 0 0 93 78 187 94
Back Back 0 0 78 109 140 62
Back Back 0 0 109 109 172 63
Back Back 0 0 109 78 171 62
Back Space -4 9 78 172 593 515
Space Back 4 -9 172 109 624 452
Back Space -4 9 109 124 453 344
Space H 2 -2 124 140 312 188
H A 0 5 140 202 156 16
A S 0 -1 202 141 93 -109
S Space -2 -2 141 110 187 46
Space A 2 3 110 109 203 93
A Space -2 -3 109 93 219 110
Space Back 4 -9 93 140 296 203
Back Back 0 0 140 93 203 63
Back Back 0 0 93 109 156 63
Back Back 0 0 109 93 156 47
Back Back 0 0 93 93 156 63
Back Back 0 0 93 93 156 63
Back Back 0 0 93 109 156 63
Back S -2 11 109 109 390 281
S Space -2 -2 109 141 140 31
Space A 2 3 141 140 141 0
A Space -2 -3 140 93 156 16
Space R 3 0 93 156 234 141
R E 0 1 156 141 93 -63
E S -1 1 141 125 265 124
S I 1 -6 125 109 125 0
I R 0 4 109 140 328 219
R Back 1 -9 140 109 265 125
Back Back 0 0 109 109 172 63
Back O -1 4 109 124 936 827
O R 0 5 124 125 109 -15
R T 0 -1 125 125 234 109
T Space -3 1 125 93 234 109
Space W 3 2 93 140 312 219
W I 0 -6 140 156 171 31
I T 0 3 156 140 219 63
T H -1 -1 140 140 125 -15
H Space -2 2 140 47 171 31
Space A 2 3 47 125 499 452
A Space -2 -3 125 172 203 78
Space L 2 -5 172 141 421 249
L A 0 8 141 125 172 31
A K 0 -7 125 125 125 0
K E 1 5 125 124 125 0
E Space -3 -1 124 78 249 125
Space A 2 3 78 141 109 31
A N -1 -5 141 94 125 -16
N D 1 3 94 125 78 -16
D Space -2 -1 125 187 999 874
Space Back 4 -9 187 156 889 702
Back Space -4 9 156 203 764 608
Space Back 4 -9 203 1591 874 671
Back Back 0 0 1591 109 1778 187
Back Back 0 0 109 125 234 125
Back Back 0 0 125 94 187 62
Back S -2 11 94 125 593 499
S Space -2 -2 125 140 141 16
Space A 2 3 140 125 202 62
A Back 2 -12 125 125 375 250
Back J -2 6 125 93 780 655
J U 1 0 93 125 171 78
U S -1 5 125 172 94 -31
S T 1 -3 172 140 125 -47
T Space -3 1 140 140 390 250
Space A 2 3 140 109 187 47
A Space -2 -3 109 156 421 312
Space I 3 -4 156 141 1404 1248
I E 0 5 141 141 156 15
E Back 1 -10 141 280 453 312
Back Back 0 0 280 172 514 234
Back P -1 3 172 140 500 328
P I 0 2 140 172 405 265
I E 0 5 172 140 172 0
E C -2 0 140 202 671 531
C E 2 0 202 140 140 -62
E Space -3 -1 140 156 421 281
Space O 3 -5 156 125 328 172
O F -1 5 125 141 140 15
F Space -2 0 141 171 250 109
Space L 2 -5 171 125 1700 1529
L A 0 8 125 93 141 16
A N -1 -5 93 110 280 187
N D 1 3 110 171 219 109
D Space -2 -1 171 125 140 -31
Space W 3 2 125 140 1545 1420
W I 0 -6 140 156 171 31
I T 0 3 156 156 234 78
T H -1 -1 156 141 109 -47
H A 0 5 141 125 234 93
A Back 2 -12 125 125 437 312
Back Back 0 0 125 125 203 78
Back Space -4 9 125 156 94 -31
Space Back 4 -9 156 140 577 421
Back H -2 7 140 156 312 172
H Space -2 2 156 93 234 78
Space A 2 3 93 125 483 390
A L 0 -8 125 140 172 47
L E 1 6 140 125 156 16
E K -1 -5 125 109 203 78
K Back 2 -5 109 109 296 187
Back Back 0 0 109 93 172 63
Back Back 0 0 93 125 156 63
Back Space -4 9 125 140 187 62
Space A 2 3 140 124 172 32
A L 0 -8 124 109 62 -62
L E 1 6 109 109 172 63
E K -1 -5 109 94 93 -16
K Back 2 -5 94 94 312 218
Back Back 0 0 94 94 156 62
Back Back 0 0 94 109 156 62
Back Back 0 0 109 109 156 47
Back L -2 4 109 109 250 141
L A 0 8 109 140 265 156
A K 0 -7 140 109 156 16
K E 1 5 109 109 94 -15
E Space -3 -1 109 63 202 93
Space W 3 2 63 125 141 78
W I 0 -6 125 109 62 -63
I Back 1 -5 109 125 874 765
Back Back 0 0 125 110 249 124
Back Back 0 0 110 124 734 624
Back Back 0 0 124 63 202 78
Back Back 0 0 63 62 172 109
Back Back 0 0 62 78 172 110
Back Back 0 0 78 109 156 78
Back C -3 10 109 156 156 47
C A 1 2 156 109 78 -78
A M -1 -6 109 125 171 62
M K 1 -1 125 94 281 156
K Back 2 -5 94 78 452 358
Back Back 0 0 78 125 141 63
Back K -2 5 125 109 296 171
K M -1 1 109 124 609 500
M Space -1 3 124 125 140 16
Space S 2 2 125 171 125 0
S E 1 -1 171 156 156 -15
E Back 1 -10 156 109 296 140
Back Back 0 0 109 78 187 78
Back Back 0 0 78 93 141 63
Back Back 0 0 93 93 156 63
Back Back 0 0 93 94 171 78
Back Back 0 0 94 94 172 78
Back A -2 12 94 140 640 546
A L 0 -8 140 109 156 16
L M -1 2 109 156 234 125
M Space -1 3 156 125 124 -32
Space S 2 2 125 172 156 31
S E 1 -1 172 140 110 -62
E R 0 -1 140 172 218 78
R E 0 1 172 141 109 -63
E N -2 -3 141 156 141 0
N E 2 3 156 125 499 343
E Space -3 -1 125 172 421 296
Space K 2 -4 172 110 218 46
K A 0 7 110 110 78 -32
A K 0 -7 110 110 702 592
K E 1 5 110 124 500 390
E Back 1 -10 124 94 280 156
Back Back 0 0 94 94 156 62
Back Back 0 0 94 94 156 62
Back Back 0 0 94 109 172 78
Back L -2 4 109 109 609 500
L A 0 8 109 156 78 -31
A E 1 -2 156 140 156 0
E K -1 -5 140 63 249 109
K Back 2 -5 63 109 328 265
Back Back 0 0 109 125 171 62
Back K -2 5 125 109 531 406
K E 1 5 109 141 93 -16
E OemPeriod -2 -6 141 125 515 374
OemPeriod Space -1 5 125 187 2091 1966
Space T 3 -1 187 140 967 780
T H -1 -1 140 125 93 -47
H E 1 3 125 172 78 -47
E Back 1 -10 172 109 328 156
Back Back 0 0 109 109 187 78
Back Back 0 0 109 78 203 94
Back LShiftKey -3 13 78 344 140 62
LShiftKey T 2 -5 344 156 203 -141
T H -1 -1 156 125 156 0
H E 1 3 125 140 94 -31
E Space -3 -1 140 109 187 47
Space W 3 2 109 172 390 281
W E 0 -1 172 171 1061 889
E A -1 2 171 124 203 32
A T 1 -4 124 156 374 250
T H -1 -1 156 125 125 -31
H E 1 3 125 203 78 -47
E R 0 -1 203 156 125 -78
R Space -3 0 156 125 202 46
Space I 3 -4 125 125 515 390
I S -1 6 125 125 94 -31
S Space -2 -2 125 171 624 499
Space A 2 3 171 171 234 63
A L 0 -8 171 140 265 94
L W 1 7 140 156 172 32
W A -1 1 156 218 265 109
A Y 1 -5 218 109 624 406
Y S -1 4 109 125 109 0
S Space -2 -2 125 109 156 31
Space P 3 -6 109 93 359 250
P L -1 1 93 141 218 125
L E 1 6 141 171 63 -78
E A -1 2 171 156 140 -31
A S 0 -1 156 125 203 47
S A 0 1 125 125 234 109
A N -1 -5 125 125 171 46
N T 2 1 125 140 141 16
T Space -3 1 140 125 156 16
Space A 2 3 125 171 390 265
A T 1 -4 171 156 109 -62
T Space -3 1 156 125 187 31
Space LShiftKey 1 4 125 375 1201 1076
LShiftKey T 2 -5 375 140 250 -125
T A -1 4 140 156 218 78
A P 1 -9 156 109 219 63
P O 0 1 109 78 312 203
O L -1 0 78 109 203 125
L A 0 8 109 125 109 0
A Oemcomma -1 -7 125 94 187 62
Oemcomma Back 3 -5 94 125 686 592
Back Oemcomma -3 5 125 172 1170 1045
Oemcomma Space -1 4 172 188 468 296
Space E 3 1 188 187 515 327
E V -2 -1 187 156 250 63
V E 2 1 156 140 109 -47
E R 0 -1 140 140 172 32
R Y 0 -2 140 156 187 47
Y Space -3 2 156 140 156 0
Space S 2 2 140 187 234 94
S E 1 -1 187 156 140 -47
E A -1 2 156 172 187 31
A S 0 -1 172 156 390 218
S O 1 -7 156 140 219 63
O N -2 3 140 156 296 156
N Space -1 2 156 125 172 16
Space O 3 -5 125 125 234 109
O F -1 5 125 140 125 0
F Space -2 0 140 156 156 16
Space T 3 -1 156 156 140 -16
T H -1 -1 156 124 172 16
H E 1 3 124 141 93 -31
E R 0 -1 141 125 858 717
R Back 1 -9 125 156 406 281
Back Space -4 9 156 156 171 15
Space Y 3 -2 156 124 422 266
Y E 0 3 124 156 140 16
E A -1 2 156 172 140 -16
A R 1 -3 172 125 141 -31
R OemPeriod -2 -5 125 63 249 124
OemPeriod Space -1 5 63 156 1046 983
Space LShiftKey 1 4 156 1217 889 733
LShiftKey I 2 -8 1217 156 1076 -141
I T 0 3 156 141 234 78
T S -1 3 141 124 219 78
S Space -2 -2 124 156 436 312
Space M 1 -3 156 94 281 125
M O 2 -2 94 94 234 140
O S -1 7 94 172 78 -16
S T 1 -3 172 156 125 -47
T L -1 -4 156 109 328 172
L Y 1 3 109 156 639 530
Y Space -3 2 156 124 141 -15
Space C 1 1 124 172 3166 3042
C L 1 -6 172 110 156 -16
L O 1 0 110 109 203 93
O U 0 2 109 109 234 125
U Back 1 -6 109 109 640 531
Back Back 0 0 109 78 218 109
Back Back 0 0 78 109 172 94
Back Back 0 0 109 172 530 421
Back C -3 10 172 156 10296 10124
C O 2 -6 156 140 94 -62
O L -1 0 140 156 265 125
L D 0 6 156 94 218 62
D Space -2 -1 94 156 266 172
Space Back 4 -9 156 140 546 390
Back Back 0 0 140 78 218 78
Back Back 0 0 78 93 172 94
Back Back 0 0 93 93 187 94
Back Back 0 0 93 94 187 94
Back Back 0 0 94 156 686 592
Back Back 0 0 156 94 250 94
Back Back 0 0 94 109 172 78
Back Back 0 0 109 671 140 31
Back Back 0 0 671 124 796 125
Back Back 0 0 124 78 202 78
Back Back 0 0 78 125 328 250
Back Space -4 9 125 156 281 156
Space W 3 2 156 125 296 140
W I 0 -6 125 125 546 421
I O 0 -1 125 94 0 -125
O Back 1 -4 94 156 484 390
Back Back 0 0 156 156 296 140
Back I -1 5 156 109 780 624
I T 0 3 109 140 141 32
T H -1 -1 140 156 140 0
H Space -2 2 156 141 140 -16
Space T 3 -1 141 141 125 -16
T E 0 2 141 141 421 280
E M -2 -4 141 125 125 -16
M P 2 -3 125 125 328 203
P R 0 6 125 109 390 265
R Back 1 -9 109 203 499 390
Back E -1 10 203 203 125 -78
E A -1 2 203 125 140 -63
A T 1 -4 125 140 219 94
T U 0 -2 140 156 296 156
U R 0 3 156 63 218 62
R Back 1 -9 63 94 203 140
Back Back 0 0 94 93 172 78
Back Back 0 0 93 94 171 78
Back Back 0 0 94 125 156 62
Back R -1 9 125 156 406 281
R A -1 3 156 156 125 -31
A U 1 -6 156 109 530 374
U T 0 2 109 187 125 16
T E 0 2 187 156 156 -31
E R 0 -1 156 78 0 -156
R R 0 0 78 156 203 125
R Back 1 -9 156 94 452 296
Back Back 0 0 94 141 156 62
Back Back 0 0 141 156 889 748
Back Back 0 0 156 125 453 297
Back Back 0 0 125 93 234 109
Back R -1 9 93 94 764 671
R Back 1 -9 94 156 328 234
Back T -1 8 156 125 717 561
T U 0 -2 125 141 359 234
U R 0 3 141 156 109 -32
R E 0 1 156 109 94 -62
E S -1 1 109 141 218 109
S Space -2 -2 141 141 156 15
Space R 3 0 141 156 156 15
R A -1 3 156 125 172 16
A Back 2 -12 125 125 608 483
Back N -3 7 125 156 1326 1201
N G 1 1 156 125 437 281
G U 1 -2 125 110 109 -16
U Back 1 -6 110 94 546 436
Back I -1 5 94 124 188 94
I N -2 2 124 125 265 141
N Back 3 -7 125 94 327 202
Back Back 0 0 94 78 156 62
Back Back 0 0 78 78 172 94
Back Back 0 0 78 125 140 62
Back A -2 12 125 140 219 94
A N -1 -5 140 93 156 16
N G 1 1 93 124 983 890
G I 1 -3 124 110 124 0
I N -2 2 110 125 203 93
N G 1 1 125 110 187 62
G Space -2 1 110 125 219 109
Space F 2 0 125 125 374 249
F R 1 0 125 109 203 78
R O 0 -5 109 109 156 47
O N -2 3 109 141 296 187
N Space -1 2 141 140 531 390
Space D5 4 -1 140 125 218 78
D5 Space -4 1 125 172 1373 1248
Space D 2 1 172 140 328 156
D Back 2 -10 140 125 483 343
Back Back 0 0 125 94 187 62
Back Back 0 0 94 94 172 78
Back Back 0 0 94 94 156 62
Back Back 0 0 94 78 187 93
Back M -3 6 78 203 718 640
M Space -1 3 203 156 187 -16
Space D6 4 -2 156 78 796 640
D6 Back 0 -7 78 156 296 218
Back D5 0 8 156 124 172 16
D5 Space -4 1 124 172 124 0
Space D 2 1 172 141 749 577
D R 1 -1 141 109 234 93
R G -1 -1 109 125 390 281
G R 1 1 125 125 250 125
R E 0 1 125 93 203 78
E E 0 0 93 109 171 78
E Back 1 -10 109 125 905 796
Back Back 0 0 125 94 187 62
Back Back 0 0 94 94 156 62
Back Back 0 0 94 94 156 62
Back Back 0 0 94 109 156 62
Back E -1 10 109 140 484 375
E G -1 -2 140 125 296 156
G R 1 1 125 125 234 109
R E 0 1 125 110 187 62
E E 0 0 110 109 172 62
E Space -3 -1 109 109 234 125
Space LShiftKey 1 4 109 359 218 109
LShiftKey C 0 -3 359 140 219 -140
C Space -1 -1 140 156 171 31
Space Back 4 -9 156 94 1061 905
Back Back 0 0 94 125 156 62
Back C -3 10 125 78 250 125
C Space -1 -1 78 156 390 312
Space T 3 -1 156 140 187 31
T O 0 -4 140 171 125 -15
O Space -3 5 171 140 156 -15
Space A 2 3 140 172 218 78
A R 1 -3 172 125 203 31
R O 0 -5 125 125 203 78
O U 0 2 125 93 515 390
U N -2 1 93 109 390 297
N D 1 3 109 140 156 47
D Space -2 -1 140 171 546 406
Space D2 4 2 171 156 202 31
D2 D5 0 -3 156 109 297 141
D5 Space -4 1 109 172 187 78
Space D 2 1 172 125 203 31
D F 0 -1 125 94 249 124
F Back 2 -9 94 156 328 234
Back E -1 10 156 141 140 -16
E F -1 -1 141 125 312 171
F Back 2 -9 125 187 578 453
Back G -2 8 187 140 312 125
G R 1 1 140 109 249 109
R E 0 1 109 94 203 94
E S -1 1 94 78 203 109
S S 0 0 78 125 156 78
S OemPeriod -1 -7 125 125 249 124
OemPeriod Space -1 5 125 156 765 640
Space LShiftKey 1 4 156 1498 3385 3229
LShiftKey I 2 -8 1498 109 1357 -141
I T 0 3 109 141 265 156
T S -1 3 141 156 219 78
S Space -2 -2 156 140 265 109
Space N 1 -2 140 109 234 94
N O 2 -3 109 109 265 156
O T 0 4 109 125 94 -15
T Space -3 1 125 156 749 624
Space C 1 1 156 125 124 -32
C R 2 -1 125 141 203 78
R O 0 -5 141 125 156 15
O W 0 7 125 125 234 109
W E 0 -1 125 125 234 109
E D -1 0 125 110 343 218
D E 1 0 110 93 188 78
E D -1 0 93 141 171 78
D Space -2 -1 141 110 187 46
Space A 2 3 110 172 406 296
A T 1 -4 172 125 187 15
T Space -3 1 125 187 141 16
Space Back 4 -9 187 125 436 249
Back Back 0 0 125 109 172 47
Back Back 0 0 109 78 172 63
Back Back 0 0 78 93 156 78
Back Back 0 0 93 93 156 63
Back Back 0 0 93 78 156 63
Back Back 0 0 78 94 140 62
Back Back 0 0 94 109 156 62
Back D -2 10 109 125 374 265
D E 1 0 125 93 188 63
E D -1 0 93 124 156 63
D Space -2 -1 124 125 140 16
Space A 2 3 125 156 94 -31
A T 1 -4 156 156 140 -16
T Space -3 1 156 110 140 -16
Space L 2 -5 110 63 234 124
L Back 2 -4 63 110 390 327
Back A -2 12 110 78 156 46
A L 0 -8 78 78 125 47
L L 0 0 78 156 156 78
L Space -2 5 156 109 156 0
Space A 2 3 109 125 156 47
A S 0 -1 125 156 375 250
S Space -2 -2 156 124 156 0
Space M 1 -3 124 94 171 47
M O 2 -2 94 109 250 156
O S -1 7 109 156 281 172
S T 1 -3 156 125 202 46
T Space -3 1 125 125 203 78
Space P 3 -6 125 125 250 125
P E 0 7 125 125 140 15
E O 0 -6 125 109 156 31
O P 0 -1 109 94 203 94
P L -1 1 94 124 562 468
L E 1 6 124 94 171 47
E Space -3 -1 94 140 141 47
Space F 2 0 140 156 265 125
F O 1 -5 156 110 93 -63
O N -2 3 110 94 281 171
N Back 3 -7 94 78 297 203
Back Back 0 0 78 109 140 62
Back Back 0 0 109 109 172 63
Back D -2 10 109 141 124 15
D O 1 -6 141 109 125 -16
O N -2 3 109 93 250 141
N Oem7 1 -5 93 110 639 546
Oem7 T 1 6 110 140 250 140
T Space -3 1 140 172 421 281
Space K 2 -4 172 94 234 62
K L 0 -1 94 78 0 -94
L Back 2 -4 78 124 578 500
Back N -3 7 124 93 577 453
N P 2 -4 93 94 249 156
P W 0 8 94 110 78 -16
W Back 1 -11 110 94 406 296
Back Back 0 0 94 94 156 62
Back Back 0 0 94 63 187 93
Back N -3 7 63 94 780 717
N O 2 -3 94 78 265 171
O W 0 7 78 125 94 16
W Space -3 -2 125 125 218 93
Space A 2 3 125 140 94 -31
A B -1 -4 140 125 265 125
B O 2 -4 125 94 156 31
O U 0 2 94 109 281 187
U T 0 2 109 125 374 265
T Space -3 1 125 109 141 16
Space I 3 -4 109 94 171 62
I T 0 3 94 94 94 0
T Space -3 1 94 78 218 124
Space Y 3 -2 78 125 312 234
Y E 0 3 125 218 266 141
E T 0 -2 218 141 171 -47
T OemPeriod -2 -4 141 94 234 93
OemPeriod Space -1 5 94 109 468 374
Space LShiftKey 1 4 109 655 4259 4150
LShiftKey I 2 -8 655 140 515 -140
I Space -3 4 140 140 125 -15
Space G 2 -1 140 172 592 452
G E 1 2 172 171 110 -62
E N -2 -3 171 109 655 484
N E 2 3 109 140 125 16
E R 0 -1 140 141 202 62
R A -1 3 141 125 141 0
A L 0 -8 125 93 125 0
L L 0 0 93 78 187 94
L Y 1 3 78 171 1482 1404
Y Space -3 2 171 187 234 63
Space Back 4 -9 187 265 624 437
Back Space -4 9 265 140 577 312
Space V 1 0 140 156 234 94
V I 2 -4 156 140 250 94
I S -1 6 140 124 78 -62
S I 1 -6 124 110 202 78
I T 0 3 110 125 94 -16
T E 0 2 125 94 234 109
E D -1 0 94 156 203 109
D Space -2 -1 156 140 187 31
Space E 3 1 140 140 156 16
E V -2 -1 140 172 234 94
V E 2 1 172 125 312 140
E Back 1 -10 125 109 359 234
Back Back 0 0 109 94 171 62
Back Back 0 0 94 125 156 62
Back O -1 4 125 125 234 109
O N -2 3 125 109 375 250
N V 0 2 109 156 203 94
V E 2 1 156 125 140 -16
E Back 1 -10 125 110 608 483
Back Back 0 0 110 109 172 62
Back C -3 10 109 172 62 -47
C E 2 0 172 171 63 -109
E Space -3 -1 171 156 218 47
Space A 2 3 156 156 141 -15
A Space -2 -3 156 141 561 405
Space Y 3 -2 141 125 250 109
Y E 0 3 125 109 281 156
E A -1 2 109 187 109 0
A R 1 -3 187 156 125 -62
R Space -3 0 156 93 187 31
Space O 3 -5 93 109 203 110
O N -2 3 109 140 265 156
N Space -1 2 140 124 125 -15
Space N 1 -2 124 125 514 390
N Back 3 -7 125 141 468 343
Back LShiftKey -3 13 141 250 156 15
LShiftKey N 0 -6 250 125 141 -109
N W 2 4 125 172 421 296
W E 0 -1 172 125 109 -63
E Back 1 -10 125 93 297 172
Back Back 0 0 93 124 156 63
Back E -1 10 124 187 156 32
E W 0 1 187 125 124 -63
W Space -3 -2 125 141 359 234
Space LShiftKey 1 4 141 328 125 -16
LShiftKey Y 2 -6 328 109 281 -47
Y E 0 3 109 141 93 -16
E A -1 2 141 140 406 265
A R 1 -3 140 125 125 -15
R S -1 2 125 140 187 62
S Oem7 0 -9 140 110 1076 936
Oem7 Space -2 7 110 156 250 140
Space E 3 1 156 125 140 -16
E V -2 -1 125 156 219 94
V E 2 1 156 125 93 -63
E Left -3 -8 125 1529 952 827
Left Left 0 0 1529 468 1669 140
Left Right 0 -2 468 1513 624 156
Right Right 0 0 1513 109 1716 203
Right Right 0 0 109 110 187 78
Right OemPeriod 1 4 110 93 687 577
OemPeriod Space -1 5 93 141 12152 12059
Space LShiftKey 1 4 141 1045 1155 1014
LShiftKey G 1 -5 1045 140 936 -109
G I 1 -3 140 140 187 47
I V -2 4 140 188 249 109
V E 2 1 188 125 125 -63
E N -2 -3 125 171 219 94
N Space -1 2 171 110 202 31
Space A 2 3 110 156 406 296
A Space -2 -3 156 78 187 31
Space C 1 1 78 141 109 31
C H 1 -3 141 109 328 187
H A 0 5 109 109 94 -15
A N -1 -5 109 109 171 62
N C 0 3 109 234 468 359
C E 2 0 234 125 172 -62
E Space -3 -1 125 156 171 46
Space T 3 -1 156 125 952 796
T O 0 -4 125 156 109 -16
O Space -3 5 156 156 141 -15
Space V 1 0 156 156 218 62
V I 2 -4 156 125 187 31
I S -1 6 125 140 250 125
S I 1 -6 140 140 125 -15
I T 0 3 140 140 218 78
T Space -3 1 140 156 250 110
Space A 2 3 156 125 171 15
A Back 2 -12 125 109 4743 4618
Back Back 0 0 109 359 296 187
Back Back 0 0 359 94 452 93
Back Back 0 0 94 94 156 62
Back Back 0 0 94 94 156 62
Back Back 0 0 94 94 156 62
Back Back 0 0 94 94 406 312
Back G -2 8 94 109 281 187
G O 1 -4 109 140 203 94
O Space -3 5 140 109 140 0
Space A 2 3 109 125 62 -47
A B -1 -4 125 125 219 94
B R 2 1 125 124 281 156
R O 0 -5 124 125 124 0
O A -1 8 125 171 422 297
A D 0 -2 171 141 124 -47
D Oemcomma -1 -5 141 156 1061 920
Oemcomma Space -1 4 156 125 94 -62
Space LShiftKey 1 4 125 234 62 -63
LShiftKey I 2 -8 234 140 172 -62
I Space -3 4 140 141 93 -47
Space W 3 2 141 171 297 156
W O 0 -7 171 125 93 -78
O U 0 2 125 93 219 94
U L -1 -2 93 94 249 156
L D 0 6 94 109 110 16
D Space -2 -1 109 140 109 0
Space L 2 -5 140 78 608 468
L I 1 1 78 156 297 219
I K -1 0 156 125 343 187
K E 1 5 125 109 156 31
E Space -3 -1 109 78 140 31
Space T 3 -1 78 94 437 359
T O 0 -4 94 156 62 -32
O Space -3 5 156 156 453 297
Space V 1 0 156 140 234 78
V I 2 -4 140 125 109 -31
I S -1 6 125 110 140 15
S I 1 -6 110 141 203 93
I T 0 3 141 93 453 312
T Space -3 1 93 141 327 234
Space LShiftKey 1 4 141 296 1545 1404
LShiftKey S 1 -2 296 156 187 -109
S P 1 -8 156 109 156 0
P A -1 9 109 140 78 -31
A I 1 -7 140 109 156 16
I N -2 2 109 125 265 156
N Space -1 2 125 93 437 312
Space A 2 3 93 140 109 16
A N -1 -5 140 125 78 -62
N D 1 3 125 124 94 -31
D Space -2 -1 124 109 93 -31
Space LShiftKey 1 4 109 1139 6053 5944
LShiftKey Back 3 -13 1139 125 1404 265
Back Back 0 0 125 78 203 78
Back Back 0 0 78 78 156 78
Back Back 0 0 78 78 156 78
Back Back 0 0 78 94 327 249
Back OemPeriod -3 4 94 140 765 671
OemPeriod Space -1 5 140 110 249 109
Space LShiftKey 1 4 110 655 47 -63
LShiftKey T 2 -5 655 141 546 -109
T H -1 -1 141 94 125 -16
H Back 2 -7 94 125 421 327
Back Back 0 0 125 109 203 78
Back LShiftKey -3 13 109 1435 3370 3261
LShiftKey T 2 -5 1435 140 1279 -156
T H -1 -1 140 125 156 16
H Back 2 -7 125 94 452 327
Back Back 0 0 94 109 172 78
Back LShiftKey -3 13 109 3182 390 281
LShiftKey I 2 -8 3182 188 2979 -203
I Space -3 4 188 124 188 0
Space Back 4 -9 124 125 655 531
Back Back 0 0 125 109 187 62
Back LShiftKey -3 13 109 1139 359 250
LShiftKey I 2 -8 1139 172 967 -172
I Space -3 4 172 140 125 -47
Space H 2 -2 140 93 312 172
H A 0 5 93 125 62 -31
A V -1 -3 125 234 281 156
V Back 3 -9 234 109 484 250
Back Back 0 0 109 94 171 62
Back Back 0 0 94 140 796 702
Back Back 0 0 140 109 218 78
Back Oem7 -2 2 109 124 531 422
Oem7 V -1 7 124 172 249 125
V E 2 1 172 140 94 -78
E Space -3 -1 140 156 156 16
Space S 2 2 156 156 156 0
S T 1 -3 156 156 234 78
T A -1 4 156 172 187 31
A T 1 -4 172 125 109 -63
T Back 1 -8 125 110 421 296
Back R -1 9 110 125 94 -16
R T 0 -1 125 109 203 78
T I 0 -3 109 110 93 -16
I Back 1 -5 110 125 312 202
Back Back 0 0 125 93 188 63
Back Back 0 0 93 94 140 47
Back Back 0 0 94 109 156 62
Back Back 0 0 109 94 156 47
Back Back 0 0 94 94 156 62
Back Back 0 0 94 78 156 62
Back Back 0 0 78 78 156 78
Back Back 0 0 78 110 140 62
Back Back 0 0 110 124 188 78
Back Space -4 9 124 125 187 63
Space W 3 2 125 109 156 31
W O 0 -7 109 109 125 16
O I 0 1 109 78 218 109
I U 0 1 78 47 0 -78
U Back 1 -6 47 94 577 530
Back Back 0 0 94 109 141 47
Back I -1 5 109 109 421 312
I Back 1 -5 109 109 312 203
Back U -1 6 109 94 218 109
U L -1 -2 94 94 281 187
L D 0 6 94 125 140 46
D Space -2 -1 125 141 780 655
Space L 2 -5 141 94 234 93
L O 1 0 94 125 172 78
O V -2 5 125 188 140 15
V E 2 1 188 141 281 93
E Space -3 -1 141 156 141 0
Space T 3 -1 156 141 171 15
T O 0 -4 141 140 94 -47
O Space -3 5 140 140 125 -15
Space E 3 1 140 124 234 94
E X -2 1 124 156 265 141
X P 2 -8 156 109 109 -47
P L -1 1 109 93 203 94
L P 1 -1 93 93 234 141
P O 0 1 93 78 15 -78
O R 0 5 78 78 141 63
R Back 1 -9 78 94 296 218
Back Back 0 0 94 78 172 78
Back Back 0 0 78 141 140 62
Back O -1 4 141 141 499 358
O R 0 5 141 172 125 -16
R E 0 1 172 125 94 -78
E Space -3 -1 125 125 140 15
Space T 3 -1 125 171 141 16
T H -1 -1 171 109 171 0
H E 1 3 109 94 109 0
E Space -3 -1 94 110 156 62
Space S 2 2 110 93 297 187
S Back 2 -11 93 156 421 328
Back LShiftKey -3 13 156 93 172 16
LShiftKey LShiftKey 0 0 93 265 296 203
LShiftKey S 1 -2 265 156 172 -93
S P 1 -8 156 109 156 0
P A -1 9 109 94 93 -16
A N -1 -5 94 78 531 437
N I 2 -2 78 125 187 109
I S -1 6 125 124 47 -78
S H 0 -4 124 140 234 110
H Space -2 2 140 94 171 31
Space C 1 1 94 93 453 359
C V 0 -1 93 78 0 -93
V O 2 -5 78 125 31 -47
O Back 1 -4 125 78 577 452
Back Back 0 0 78 109 141 63
Back U -1 6 109 125 421 312
U L -1 -2 125 110 249 124
L T 1 4 110 140 188 78
T U 0 -2 140 125 187 47
U R 0 3 125 156 78 -47
R E 0 1 156 156 93 -63
E Space -3 -1 156 125 297 141
Space LShiftKey 1 4 125 172 171 46
LShiftKey A 1 -1 172 187 375 203
A S 0 -1 187 156 140 -47
S Space -2 -2 156 124 141 -15
Space LShiftKey 1 4 124 219 93 -31
LShiftKey I 2 -8 219 110 109 -110
I Oem7 -1 -3 110 109 609 499
Oem7 V -1 7 109 187 156 47
V E 2 1 187 156 93 -94
E Space -3 -1 156 109 172 16
Space S 2 2 109 125 125 16
S E 1 -1 125 93 156 31
E E 0 0 93 110 171 78
E N -2 -3 110 156 94 -16
N Space -1 2 156 78 156 0
Space A 2 3 78 125 78 0
A Space -2 -3 125 141 452 327
Space L 2 -5 141 109 250 109
L O 1 0 109 109 203 94
O T 0 4 109 124 125 16
T Space -3 1 124 125 202 78
Space Back 4 -9 125 687 515 390
Back Back 0 0 687 94 936 249
Back A -2 12 94 156 453 359
A N -1 -5 156 94 171 15
N D 1 3 94 156 63 -31
D Space -2 -1 156 109 156 0
Space R 3 0 109 171 390 281
R E 0 1 171 140 140 -31
E A -1 2 140 234 203 63
A D 0 -2 234 140 343 109
D Space -2 -1 140 140 172 32
Space A 2 3 140 141 280 140
A Space -2 -3 141 172 468 327
Space L 2 -5 172 110 234 62
L O 1 0 110 124 188 78
O T 0 4 124 125 109 -15
T Space -3 1 125 125 140 15
Space A 2 3 125 125 187 62
A N -1 -5 125 109 141 16
N O 2 -3 109 124 359 250
O Back 1 -4 124 109 421 297
Back Back 0 0 109 125 171 62
Back B -3 8 125 140 843 718
B O 2 -4 140 125 156 16
O U 0 2 125 109 234 109
U T 0 2 109 109 156 47
T Space -3 1 109 125 109 0
Space I 3 -4 125 124 172 47
I T 0 3 124 125 93 -31
T Space -3 1 125 124 141 16
Space F 2 0 124 109 171 47
F R 1 0 109 125 515 406
R O 0 -5 125 125 140 15
O M -2 2 125 187 593 468
M Space -1 3 187 156 406 219
Space LShiftKey 1 4 156 998 156 0
LShiftKey T 2 -5 998 125 327 -671
T V -2 1 125 140 453 328
V Back 3 -9 140 764 343 203
Back Back 0 0 764 124 952 188
Back OemPeriod -3 4 124 94 748 624
OemPeriod LShiftKey 0 9 94 1419 9189 9095
LShiftKey T 2 -5 1419 125 1326 -93
T H -1 -1 125 109 109 -16
H I 1 -2 109 110 218 109
I S -1 6 110 94 94 -16
S Space -2 -2 94 125 125 31
Space L 2 -5 125 94 452 327
L O 1 0 94 93 172 78
O O 0 0 93 94 171 78
O K -1 1 94 93 219 125
K S 0 6 93 141 686 593
S Space -2 -2 141 156 156 15
Space L 2 -5 156 110 187 31
L O 1 0 110 93 219 109
O Back 1 -4 93 125 1092 999
Back I -1 5 125 109 234 109
I K -1 0 109 156 452 343
K E 1 5 156 109 172 16
E Space -3 -1 109 141 171 62
Space A 2 3 141 156 203 62
A Space -2 -3 156 140 125 -31
Space C 1 1 140 172 452 312
C A 1 2 172 141 125 -47
A M -1 -6 141 109 156 15
M P 2 -3 109 141 390 281
P I 0 2 141 110 343 202
I H -1 2 110 31 375 265
H G 0 1 31 109 62 31
G Back 2 -8 109 125 515 406
Back N -3 7 125 125 265 140
N Back 3 -7 125 94 811 686
Back Back 0 0 94 78 156 62
Back N -3 7 78 110 234 156
N G 1 1 110 156 172 62
G Space -2 1 156 140 156 0
Space S 2 2 140 140 156 16
S I 1 -6 140 140 125 -15
I T 0 3 140 125 187 47
T E 0 2 125 109 250 125
E Space -3 -1 109 62 187 78
Space W 3 2 62 140 125 63
W I 0 -6 140 124 156 16
I T 0 3 124 125 421 297
T H -1 -1 125 156 125 0
H Space -2 2 156 109 187 31
Space Space 0 0 109 124 281 172
Space Back 4 -9 124 109 390 266
Back A -2 12 109 187 873 764
A Space -2 -3 187 203 203 16
Space L 2 -5 203 78 281 78
L K 0 1 78 47 0 -78
K O 1 -1 47 140 312 265
O T 0 4 140 125 171 31
T Space -3 1 125 156 172 47
Space O 3 -5 156 125 390 234
O Back 1 -4 125 94 312 187
Back Back 0 0 94 93 172 78
Back Back 0 0 93 93 156 63
Back Back 0 0 93 78 171 78
Back Back 0 0 78 78 172 94
Back O -1 4 78 110 795 717
O T 0 4 110 172 125 15
T Space -3 1 172 172 125 -47
Space O 3 -5 172 125 203 31
O G -1 4 125 78 234 109
G Back 2 -8 78 125 296 218
Back F -2 9 125 156 109 -16
F Space -2 0 156 141 125 -31
Space P 3 -6 141 141 187 46
P E 0 7 141 124 110 -31
E O 0 -6 124 125 686 562
O P 0 -1 125 109 234 109
P L -1 1 109 109 203 94
L E 1 6 109 141 93 -16
E Space -3 -1 141 110 156 15
Space H 2 -2 110 124 2450 2340
H A 0 5 124 140 62 -62
A V -1 -3 140 125 203 63
V I 2 -4 125 94 421 296
I N -2 2 94 125 203 109
N G 1 1 125 125 343 218
G Space -2 1 125 156 140 15
Space T 3 -1 156 172 172 16
T E 0 2 172 140 172 0
E N -2 -3 140 140 140 0
N T 2 1 140 140 156 16
T S -1 3 140 110 218 78
S OemPeriod -1 -7 110 78 156 46
OemPeriod Space -1 5 78 78 500 422
Space LShiftKey 1 4 78 1762 2106 2028
LShiftKey T 2 -5 1762 140 1638 -124
T H -1 -1 140 125 109 -31
H E 1 3 125 172 140 15
E R 0 -1 172 172 109 -63
R E 0 1 172 125 156 -16
E Back 1 -10 125 109 593 468
Back Back 0 0 109 78 187 78
Back Back 0 0 78 94 156 78
Back Back 0 0 94 94 156 62
Back H -2 7 94 109 718 624
H R 1 2 109 141 655 546
R E 0 1 141 156 47 -94
E Oem7 -1 -8 156 125 343 187
Oem7 S 0 9 125 140 94 -31
S Space -2 -2 140 109 281 141
Space Back 4 -9 109 390 2137 2028
Back Back 0 0 390 140 749 359
Back Back 0 0 140 94 202 62
Back Back 0 0 94 78 156 62
Back Back 0 0 78 94 156 78
Back Back 0 0 94 94 156 62
Back Back 0 0 94 110 156 62
Back LShiftKey -3 13 110 203 390 280
LShiftKey S 1 -2 203 156 78 -125
S O 1 -7 156 140 110 -46
O M -2 2 140 78 265 125
M E 2 4 78 125 93 15
E Back 1 -10 125 94 312 187
Back Back 0 0 94 94 156 62
Back Back 0 0 94 109 172 78
Back O -1 4 109 109 577 468
O M -2 2 109 125 203 94
M E 2 4 125 125 109 -16
E Space -3 -1 125 93 141 16
Space A 2 3 93 140 62 -31
A R 1 -3 140 172 218 78
R E 0 1 172 141 203 31
E Space -3 -1 141 140 219 78
Space F 2 0 140 156 93 -47
F I 1 -4 156 140 172 16
I S -1 6 140 156 312 172
S H 0 -4 156 110 171 15
H I 1 -2 110 94 234 124
I J -1 1 94 78 188 94
J G 0 2 78 63 124 46
G Back 2 -8 63 93 453 390
Back Back 0 0 93 125 156 63
Back N -3 7 125 125 265 140
N G 1 1 125 110 140 15
G Oemcomma -1 -3 110 172 234 124
Oemcomma Space -1 4 172 125 156 -16
Space S 2 2 125 172 390 265
S O 1 -7 172 109 110 -62
O M -2 2 109 125 374 265
M E 2 4 125 140 125 0
E Space -3 -1 140 109 109 -31
Space A 2 3 109 188 140 31
A R 1 -3 188 156 156 -32
R E 0 1 156 140 188 32
E Space -3 -1 140 156 1560 1420
Space A 2 3 156 125 514 358
A Back 2 -12 125 125 312 187
Back H -2 7 125 140 796 671
H A 0 5 140 156 78 -62
A V -1 -3 156 156 218 62
V I 2 -4 156 109 125 -31
I N -2 2 109 125 203 94
N G 1 1 125 110 140 15
G Space -2 1 110 78 172 62
Space A 2 3 78 156 733 655
A Space -2 -3 156 156 1560 1404
Space G 2 -1 156 125 733 577
G O 1 -4 125 94 156 31
O O 0 0 94 93 141 47
O D -1 6 93 140 156 63
D Space -2 -1 140 109 140 0
Space T 3 -1 109 156 125 16
T I 0 -3 156 47 187 31
I M -2 1 47 140 640 593
M E 2 4 140 109 187 47
E Space -3 -1 109 109 109 0
Space O 3 -5 109 110 187 78
O N -2 3 110 141 234 124
N Space -1 2 141 109 125 -16
Space A 2 3 109 124 141 32
A Space -2 -3 124 78 124 0
Space F 2 0 78 124 1202 1124
F E 1 1 124 109 218 94
E R 0 -1 109 109 187 78
R R 0 0 109 125 172 63
R Y 0 -2 125 140 78 -47
Y OemPeriod -2 -3 140 109 2792 2652
OemPeriod Space -1 5 109 156 234 125
Space LShiftKey 1 4 156 234 141 -15
LShiftKey O 2 -9 234 109 93 -141
O E 0 6 109 125 312 203
E Back 1 -10 125 109 312 187
Back Back 0 0 109 141 156 47
Back LShiftKey -3 13 141 327 328 187
LShiftKey P 2 -10 327 94 218 -109
P E 0 7 94 62 219 125
E O 0 -6 62 109 93 31
O P 0 -1 109 125 515 406
P L -1 1 125 125 234 109
L E 1 6 125 109 125 0
E A -1 2 109 156 265 156
A Back 2 -12 156 109 359 203
Back Space -4 9 109 156 234 125
Space A 2 3 156 156 109 -47
A R 1 -3 156 187 109 -47
R E 0 1 187 156 125 -62
E Space -3 -1 156 171 125 -31
Space S 2 2 171 172 249 78
S K 0 -6 172 125 141 -31
K A 0 7 125 141 140 15
A T 1 -4 141 140 203 62
T I 0 -3 140 124 94 -46
I N -2 2 124 140 234 110
N G 1 1 140 109 109 -31
G Space -2 1 109 125 156 47
Space A 2 3 125 125 5865 5740
A R 1 -3 125 156 47 -78
R Back 1 -9 156 125 1092 936
Back Back 0 0 125 109 172 47
Back Back 0 0 109 109 296 187
Back M -3 6 109 78 671 562
M Back 3 -6 78 125 312 234
Back Oemcomma -3 5 125 140 250 125
Oemcomma Space -1 4 140 110 124 -16
Space C 1 1 110 141 156 46
C Y 2 -3 141 110 546 405
Y C -2 3 110 156 359 249
C L 1 -6 156 109 94 -62
L I 1 1 109 94 187 78
I N -2 2 94 93 203 109
N G 1 1 93 125 109 16
G Space -2 1 125 78 250 125
Space A 2 3 78 156 62 -16
A N -1 -5 156 109 624 468
N D 1 3 109 140 78 -31
D Space -2 -1 140 94 156 16
Space Back 4 -9 94 140 3900 3806
Back Back 0 0 140 109 203 63
Back Back 0 0 109 94 187 78
Back Back 0 0 94 94 265 171
Back E -1 10 94 203 281 187
E T 0 -2 203 125 140 -63
T C -2 2 125 156 422 297
C OemPeriod 0 -6 156 124 156 0
OemPeriod Space -1 5 124 93 390 266
Space LShiftKey 1 4 93 671 2059 1966
LShiftKey K 1 -8 671 94 530 -141
K I 1 0 94 93 172 78
I D -1 5 93 250 109 16
D S 0 1 250 156 172 -78
S Space -2 -2 156 109 187 31
Space A 2 3 109 172 156 47
A R 1 -3 172 172 140 -32
R E 0 1 172 124 500 328
E Space -3 -1 124 171 265 141
Space P 3 -6 171 124 359 188
P L -1 1 124 94 296 172
L A 0 8 94 141 140 46
A Y 1 -5 141 78 344 203
Y U 0 -1 78 93 0 -78
U Back 1 -6 93 140 624 531
Back I -1 5 140 125 951 811
I N -2 2 125 125 234 109
N G 1 1 125 156 203 78
G Space -2 1 156 124 328 172
Space A 2 3 124 187 109 -15
A N -1 -5 187 110 171 -16
N D 1 3 110 125 16 -94
D Space -2 -1 125 141 187 62
Space W 3 2 141 172 390 249
W E 0 -1 172 156 109 -63
E Space -3 -1 156 140 141 -15
Space C 1 1 140 172 187 47
C A 1 2 172 141 109 -63
A N -1 -5 141 141 109 -32
N Space -1 2 141 109 125 -16
Space S 2 2 109 187 609 500
S E 1 -1 187 124 156 -31
E E 0 0 124 109 171 47
E Space -3 -1 109 140 141 32
Space S 2 2 140 141 124 -16
S O 1 -7 141 125 125 -16
O M -2 2 125 125 234 109
M E 2 4 125 125 109 -16
E Space -3 -1 125 109 125 0
Space R 3 0 109 78 265 156
R A -1 3 78 109 297 219
A P 1 -9 109 109 140 31
P Back 1 -3 109 125 406 297
Back N -3 7 125 46 827 702
N Back 3 -7 46 141 405 359
Back B -3 8 141 94 265 124
B B 0 0 94 109 172 78
B I 2 -3 109 156 62 -47
I T 0 3 156 125 281 125
T S -1 3 125 156 187 62
S Space -2 -2 156 124 188 32
Space A 2 3 124 218 78 -46
A S 0 -1 218 141 93 -125
S Space -2 -2 141 109 172 31
Space W 3 2 109 172 109 0
W E 0 -1 172 125 125 -47
E L -1 -6 125 109 140 15
L L 0 0 109 94 156 47
L Space -2 5 94 141 390 296
Space O 3 -5 141 47 250 109
O I 0 1 47 47 0 -47
I Back 1 -5 47 172 764 717
Back Back 0 0 172 109 874 702
Back I -1 5 109 125 234 125
I N -2 2 125 156 265 140
N Space -1 2 156 140 125 -31
Space T 3 -1 140 156 156 16
T H -1 -1 156 156 140 -16
H E 1 3 156 124 141 -15
E Space -3 -1 124 109 156 32
Space P 3 -6 109 78 280 171
P O 0 1 78 140 266 188
O C -2 6 140 203 421 281
C OemPeriod 0 -6 203 125 405 202
OemPeriod Back 3 -4 125 110 312 187
Back Back 0 0 110 78 188 78
Back Back 0 0 78 109 140 62
Back I -1 5 109 140 624 515
I C -2 5 140 140 203 63
C T 2 -2 140 125 265 125
T U 0 -2 125 125 156 31
U R 0 3 125 187 109 -16
R E 0 1 187 141 109 -78
E OemPeriod -2 -6 141 93 188 47
OemPeriod Space -1 5 93 140 8767 8674
Space LShiftKey 1 4 140 406 218 78
LShiftKey O 2 -9 406 109 297 -109
O N -2 3 109 125 358 249
N E 2 3 125 156 172 47
E Space -3 -1 156 109 187 31
Space O 3 -5 109 124 219 110
O F -1 5 124 109 78 -46
F Space -2 0 109 125 140 31
Space T 3 -1 125 156 125 0
T H -1 -1 156 140 125 -31
H E 1 3 140 109 156 16
E Space -3 -1 109 62 218 109
Space Space 0 0 62 141 1154 1092
Space Back 4 -9 141 125 1576 1435
Back T -1 8 125 156 562 437
T E 0 2 156 140 78 -78
E N -2 -3 140 187 312 172
N T 2 1 187 156 249 62
T S -1 3 156 140 203 47
S Space -2 -2 140 94 156 16
Space I 3 -4 94 140 156 62
I S -1 6 140 109 234 94
S Space -2 -2 109 140 328 219
Space S 2 2 140 125 436 296
S N -1 -4 125 125 141 16
N Back 3 -7 125 140 1747 1622
Back Back 0 0 140 156 250 110
Back M -3 6 156 109 499 343
M A 1 6 109 203 187 78
A Y 1 -5 203 94 187 -16
Y B -2 1 94 187 1061 967
B E 2 2 187 94 140 -47
E R 0 -1 94 47 16 -78
R Space -3 0 47 109 94 47
Space O 3 -5 109 78 280 171
O Back 1 -4 78 125 375 297
Back Back 0 0 125 109 187 62
Back Back 0 0 109 78 172 63
Back Back 0 0 78 1450 936 858
Back Back 0 0 1450 109 1669 219
Back Back 0 0 109 94 187 78
Back Back 0 0 94 94 156 62
Back Back 0 0 94 94 156 62
Back Back 0 0 94 78 156 62
Back Back 0 0 78 110 140 62
Back Back 0 0 110 94 172 62
Back Back 0 0 94 109 172 78
Back LShiftKey -3 13 109 250 405 296
LShiftKey S 1 -2 250 156 109 -141
S M -1 -5 156 109 172 16
M O 2 -2 109 94 265 156
O K -1 1 94 109 250 156
K E 1 5 109 124 125 16
E Space -3 -1 124 94 140 16
Space I 3 -4 94 78 125 31
I S -1 6 78 110 93 15
S Space -2 -2 110 94 172 62
Space C 1 1 94 140 156 62
C O 2 -6 140 109 94 -46
O M -2 2 109 94 202 93
M I 2 -1 94 109 203 109
I N -2 2 109 125 203 94
N G 1 1 125 125 749 624
G Space -2 1 125 140 125 0
Space O 3 -5 140 125 218 78
O U 0 2 125 125 296 171
U Back 1 -6 125 515 359 234
Back Back 0 0 515 952 1123 608
Back Back 0 0 952 94 1092 140
Back Back 0 0 94 94 172 78
Back Back 0 0 94 94 156 62
Back Back 0 0 94 94 156 62
Back Back 0 0 94 94 156 62
Back Back 0 0 94 93 172 78
Back M -3 6 93 93 655 562
M O 2 -2 93 78 218 125
O K -1 1 78 125 172 94
K E 1 5 125 125 78 -47
E Space -3 -1 125 109 187 62
Space H 2 -2 109 109 967 858
H A 0 5 109 187 63 -46
A S 0 -1 187 187 78 -109
S Space -2 -2 187 124 156 -31
Space F 2 0 124 124 234 110
F I 1 -4 124 78 187 63
I L -1 -1 78 109 218 140
L L 0 0 109 141 187 78
L E 1 6 141 156 453 312
E D -1 0 156 141 218 62
D Space -2 -1 141 140 141 0
Space T 3 -1 140 141 124 -16
T H -1 -1 141 94 125 -16
H E 1 3 94 140 47 -47
E Space -3 -1 140 109 187 47
Space W 3 2 109 141 312 203
W H -1 -4 141 109 141 0
H O 1 -3 109 93 234 125
O L -1 0 93 110 202 109
L E 1 6 110 109 94 -16
E S -1 1 109 125 218 109
S Space -2 -2 125 94 234 109
Space O 3 -5 94 109 141 47
O F -1 5 109 125 78 -31
F Back 2 -9 125 78 327 202
Back Back 0 0 78 78 156 78
Back Back 0 0 78 78 156 78
Back Back 0 0 78 94 156 78
Back Space -4 9 94 125 250 156
Space O 3 -5 125 125 187 62
O F -1 5 125 141 343 218
F Space -2 0 141 94 234 93
Space O 3 -5 94 125 359 265
O N -2 3 125 203 281 156
N E 2 3 203 156 874 671
E Space -3 -1 156 141 202 46
Space O 3 -5 141 125 234 93
O T 0 4 125 140 94 -31
T H -1 -1 140 156 234 94
H Back 2 -7 156 110 452 296
Back Back 0 0 110 109 219 109
Back F -2 9 109 124 671 562
F Space -2 0 124 125 140 16
Space T 3 -1 125 140 125 0
T H -1 -1 140 110 93 -47
H E 1 3 110 125 78 -32
E Space -3 -1 125 109 172 47
Space T 3 -1 109 187 156 47
T E 0 2 187 125 156 -31
E N -2 -3 125 109 125 0
N T 2 1 109 156 249 140
T S -1 3 156 140 219 63
S OemPeriod -1 -7 140 93 203 63
OemPeriod Space -1 5 93 187 1575 1482
Space Back 4 -9 187 141 3697 3510
Back S -2 11 141 124 1358 1217
S S 0 0 124 171 19219 19095
S G 0 -3 171 140 22667 22496
G M -1 -2 140 125 140 0
M A 1 6 125 156 141 16
A I 1 -7 156 110 124 -32
I Return -1 -4 110 109 1155 1045
Return U 1 5 109 109 13104 12995
U B -2 2 109 141 561 452
B V 0 1 141 140 344 203
V Back 3 -9 140 171 577 437
Back C -3 10 171 125 234 63
C P 2 -7 125 125 421 296
P L -1 1 125 78 296 171
L Back 2 -4 78 109 375 297
Back Back 0 0 109 94 187 78
Back O -1 4 94 78 593 499
O L -1 0 78 78 218 140
L L 0 0 78 109 141 63
L E 1 6 109 125 124 15
E C -2 0 125 125 1342 1217
C T 2 -2 125 109 577 452
T I 0 -3 109 125 156 47
I O 0 -1 125 94 187 62
O N -2 3 94 94 468 374
N D3 3 3 94 156 1077 983
D3 Y -1 -3 156 93 3978 3822
Y A -1 5 93 124 125 32
A H 0 -5 124 93 156 32
H Return 0 -6 93 109 1123 1030
Return U 1 5 109 99 5962 5853
U B -2 2 99 141 1206 1107
B C 0 2 141 125 359 218
C O 2 -6 125 109 172 47
O L -1 0 109 93 234 125
L L 0 0 93 109 156 63
L E 1 6 109 125 62 -47
E C -2 0 125 78 375 250
C T 2 -2 78 109 811 733
T I 0 -3 109 124 203 94
I O 0 -1 124 109 187 63
O N -2 3 109 94 265 156
N D3 3 3 94 156 1544 1450
D3 D -2 0 156 203 2675 2519
D A 0 2 203 171 125 -78
A T 1 -4 171 156 343 172
T A -1 4 156 172 109 -47
A C -1 -2 172 125 905 733
C O 2 -6 125 109 265 140
O L -1 0 109 94 234 125
L L 0 0 94 109 156 62
L E 1 6 109 125 94 -15
E C -2 0 125 125 234 109
C T 2 -2 125 125 296 171
T I 0 -3 125 109 203 78
I O 0 -1 109 109 187 78
O N -2 3 109 93 297 188
N LShiftKey 0 6 93 690 41557 41464
LShiftKey LShiftKey 0 0 690 1552 10710 10020
LShiftKey C 0 -3 1552 130 1452 -100
C O 2 -6 130 100 310 180
O M -2 2 100 110 240 140
M P 2 -3 110 92 240 130
P U 0 3 92 130 222 130
U T 0 2 130 50 440 310
T T 0 0 50 160 80 30
T E 0 2 160 190 110 -50
E R 0 -1 190 120 140 -50
R Back 1 -9 120 90 610 490
Back Back 0 0 90 130 150 60
Back Back 0 0 130 120 440 310
Back E -1 10 120 150 100 -20
E R 0 -1 150 120 70 -80
R Space -3 0 120 130 180 60
Space LShiftKey 1 4 130 290 210 80
LShiftKey S 1 -2 290 150 170 -120
S E 1 -1 150 130 370 220
E C -2 0 130 101 300 170
C U 2 -4 101 102 281 180
U R 0 3 102 133 314 212
R I 0 -4 133 120 230 97
I T 0 3 120 112 240 120
T Y 0 -1 112 170 297 185
Y Space -3 2 170 150 130 -40
Space LShiftKey 1 4 150 210 150 0
LShiftKey P 2 -10 210 120 160 -50
P A -1 9 120 120 100 -20
A H 0 -5 120 60 282 162
H H 0 0 60 72 193 133
H Back 2 -7 72 100 282 210
Back Back 0 0 100 110 160 60
Back Back 0 0 110 100 590 480
Back H -2 7 100 100 280 180
H Back 2 -7 100 130 400 300
Back R -1 9 130 140 230 100
R O 0 -5 140 120 130 -10
O J -1 2 120 110 810 690
J E 1 4 110 120 90 -20
E C -2 0 120 150 220 100
C T 2 -2 150 110 240 90
T Space -3 1 110 130 200 90
Space D1 4 3 130 120 120 -10
D1 LShiftKey -3 1 120 200 300 180
LShiftKey Space -1 -4 200 160 650 450
Space LShiftKey 1 4 160 200 170 10
LShiftKey P 2 -10 200 120 120 -80
P H -1 4 120 100 780 660
H A 0 5 100 180 100 0
A S 0 -1 180 130 190 10
S E 1 -1 130 140 210 80
E Space -3 -1 140 130 160 20
Space D2 4 2 130 140 180 50
D2 A -2 1 140 200 1452 1312
A D 0 -2 200 140 122 -78
D Return 0 -9 140 95 3490 3350
Return LShiftKey -1 12 95 1500 1332 1237
LShiftKey P 2 -10 1500 92 488 -1012
P F -1 6 92 145 642 550
F A 0 3 145 125 185 40
A OemPeriod -1 -8 125 45 425 300
