Space Back 4 -9 234 140 1061 827
Back Back 0 0 140 156 343 203
Back B -3 8 156 171 23229 23073
B U 2 -2 171 172 296 125
U F -1 3 172 109 265 93
F F 0 0 109 94 203 94
F A 0 3 94 187 172 78
A K 0 -7 187 93 187 0
K L 0 -1 93 94 15 -78
L Back 2 -4 94 171 687 593
Back Back 0 0 171 141 374 203
Back Back 0 0 141 187 468 327
Back Back 0 0 187 109 312 125
Back Back 0 0 109 124 219 110
Back Back 0 0 124 124 234 110
Back Back 0 0 124 140 234 110
Back LShiftKey -3 13 140 405 390 250
LShiftKey B 0 -5 405 171 343 -62
B U 2 -2 171 125 452 281
U F -1 3 125 265 203 78
F F 0 0 265 125 421 156
F A 0 3 125 218 281 156
A L 0 -8 218 156 265 47
L O 1 0 156 124 297 141
O Space -3 5 124 202 312 188
Space H 2 -2 202 124 702 500
H A 0 5 124 187 109 -15
A D 0 -2 187 94 265 78
D Back 2 -10 94 171 359 265
Back S -2 11 171 141 249 78
S Space -2 -2 141 171 266 125
Space A 2 3 171 156 327 156
A Space -2 -3 156 187 234 78
Space P 3 -6 187 156 1701 1514
P R 0 6 156 156 124 -32
R E 0 1 156 141 203 47
E E 0 0 141 140 203 62
E T 0 -2 140 125 296 156
T Y 0 -1 125 140 422 297
Y Space -3 2 140 187 265 125
Space G 2 -1 187 140 187 0
G O 1 -4 140 110 218 78
O O 0 0 110 124 188 78
O D -1 6 124 172 140 16
D Space -2 -1 172 171 172 0
Space S 2 2 171 156 280 109
S U 1 -5 156 125 250 94
U M -2 0 125 109 421 296
M M 0 0 109 110 187 78
M E 2 4 110 234 94 -16
E R 0 -1 234 172 187 -47
R Space -3 0 172 156 1139 967
Space A 2 3 156 124 406 250
A N -1 -5 124 125 171 47
N D 1 3 125 141 265 140
D Back 2 -10 141 795 1280 1139
Back Back 0 0 795 109 998 203
Back Space -4 9 109 187 562 453
Space S 2 2 187 156 3213 3026
S U 1 -5 156 156 203 47
U M -2 0 156 125 312 156
M M 0 0 125 156 172 47
M E 2 4 156 219 93 -63
E R 0 -1 219 187 141 -78
R Space -3 0 187 156 826 639
Space A 2 3 156 188 234 78
A N -1 -5 188 156 156 -32
N D 1 3 156 156 203 47
D Space -2 -1 156 156 172 16
Space F 2 0 156 250 218 62
F A 0 3 250 203 156 -94
A L 0 -8 203 156 250 47
L L 0 0 156 124 203 47
L Space -2 5 124 171 312 188
Space S 2 2 171 188 124 -47
S E 1 -1 188 203 156 -32
E A -1 2 203 187 172 -31
A S 0 -1 187 188 140 -47
S O 1 -7 188 140 250 62
O M -2 2 140 94 296 156
M Back 3 -6 94 156 375 281
Back N -3 7 156 109 374 218
N OemPeriod 0 -3 109 125 468 359
OemPeriod LShiftKey 0 9 125 249 4072 3947
LShiftKey T 2 -5 249 141 218 -31
T H -1 -1 141 140 125 -16
H E 1 3 140 171 203 63
E Back 1 -10 171 156 624 453
Back Back 0 0 156 140 281 125
Back Back 0 0 140 140 218 78
Back LShiftKey -3 13 140 250 702 562
LShiftKey T 2 -5 250 125 218 -32
T H -1 -1 125 140 110 -15
H E 1 3 140 125 171 31
E Space -3 -1 125 188 109 -16
Space L 2 -5 188 156 250 62
L E 1 6 156 171 250 94
E C -2 0 171 203 202 31
C U 2 -4 203 125 328 125
U T 0 2 125 172 343 218
T E 0 2 172 124 141 -31
E Back 1 -10 124 172 374 250
Back R -1 9 172 187 1108 936
R E 0 1 187 218 109 -78
E Space -3 -1 218 203 296 78
Space B 1 -1 203 203 624 421
B U 2 -2 203 125 265 62
U I 0 -1 125 109 297 172
I L -1 -1 109 140 234 125
L D 0 6 140 171 156 16
D I 1 -5 171 109 140 -31
I N -2 2 109 140 250 141
N G 1 1 140 141 140 0
G S 0 3 141 172 234 93
S Space -2 -2 172 171 172 0
Space A 2 3 171 188 1653 1482
A R 1 -3 188 234 203 15
R E 0 1 234 141 187 -47
E Space -3 -1 141 172 47 -94
Space N 1 -2 172 156 297 125
N I 2 -2 156 109 187 31
I C -2 5 109 156 156 47
C E 2 0 156 109 265 109
E Space -3 -1 109 187 328 219
Space B 1 -1 187 125 577 390
B U 2 -2 125 141 218 93
U T 0 2 141 109 203 62
T Space -3 1 109 125 78 -31
Space T 3 -1 125 109 172 47
T H -1 -1 109 124 78 -31
H E 1 3 124 140 218 94
E Space -3 -1 140 187 889 749
Space B 1 -1 187 140 765 578
B R 2 1 140 156 187 47
R O 0 -5 156 171 234 78
O W 0 7 171 172 140 -31
W N -2 -4 172 141 343 171
N Space -1 2 141 125 250 109
Space C 1 1 125 141 140 15
C O 2 -6 141 125 156 15
O L -1 0 125 156 219 94
L O 1 0 156 140 203 47
O U 0 2 140 125 265 125
U R 0 3 125 125 140 15
R Space -3 0 125 125 156 31
Space C 1 1 125 141 109 -16
C O 2 -6 141 171 375 234
O U 0 2 171 94 218 47
U L -1 -2 94 156 219 125
L D 0 6 156 140 109 -47
D Space -2 -1 140 125 156 16
Space B 1 -1 125 203 639 514
B E 2 2 203 203 125 -78
E Space -3 -1 203 172 125 -78
Space C 1 1 172 140 281 109
C H 1 -3 140 125 109 -31
H A 0 5 125 171 94 -31
A N -1 -5 171 188 202 31
N G 1 1 188 141 281 93
G E 1 2 141 140 250 109
E D -1 0 140 125 249 109
D Space -2 -1 125 234 63 -62
Space T 3 -1 234 124 281 47
T O 0 -4 124 156 46 -78
O Space -3 5 156 140 188 32
Space S 2 2 140 141 124 -16
S O 1 -7 141 125 125 -16
O M -2 2 125 172 203 78
M E 2 4 172 140 156 -16
E T 0 -2 140 125 234 94
T H -1 -1 125 110 452 327
H I 1 -2 110 109 219 109
I N -2 2 109 172 218 109
N G 1 1 172 140 219 47
G Space -2 1 140 125 140 0
Space L 2 -5 125 156 218 93
L I 1 1 156 110 234 78
I G -1 3 110 125 203 93
G H 0 -1 125 125 172 47
H T 1 1 125 140 312 187
T E 0 2 140 234 1997 1857
E R 0 -1 234 187 156 -78
R OemPeriod -2 -5 187 172 873 686
OemPeriod LShiftKey 0 9 172 422 1825 1653
LShiftKey C 0 -3 422 187 359 -63
C A 1 2 187 172 156 -31
A M -1 -6 172 141 187 15
M P 2 -3 141 156 390 249
P U 0 3 156 140 266 110
U S -1 5 140 156 109 -31
S Space -2 -2 156 187 156 0
Space D 2 1 187 172 218 31
D I 1 -5 172 140 203 31
I N -2 2 140 171 250 110
N I 2 -2 171 156 234 63
I N -2 2 156 125 202 46
N G 1 1 125 187 203 78
G Space -2 1 187 281 1170 983
Space I 3 -4 281 172 671 390
I S -1 6 172 172 109 -63
S Space -2 -2 172 188 187 15
Space P 3 -6 188 124 2419 2231
P R 0 6 124 203 202 78
R E 0 1 203 156 141 -62
E T 0 -2 156 110 327 171
T T 0 0 110 140 188 78
T Y 0 -1 140 140 187 47
Y Space -3 2 140 203 234 94
Space G 2 -1 203 156 171 -32
G O 1 -4 156 109 375 219
O O 0 0 109 110 171 62
O D -1 6 110 172 125 15
D Space -2 -1 172 156 312 140
Space W 3 2 156 156 141 -15
W I 0 -6 156 140 156 0
I T 0 3 140 125 187 47
T H -1 -1 125 141 93 -32
H Space -2 2 141 156 250 109
Space T 3 -1 156 187 31 -125
T H -1 -1 187 93 219 32
H E 1 3 93 156 109 16
E Space -3 -1 156 125 140 -16
Space S 2 2 125 125 203 78
S E 1 -1 125 203 125 0
E R 0 -1 203 172 140 -63
R V -2 0 172 141 499 327
V I 2 -4 141 140 188 47
I C -2 5 140 188 202 62
C E 2 0 188 156 156 -32
E Space -3 -1 156 187 203 47
Space Back 4 -9 187 156 702 515
Back OemPeriod -3 4 156 78 1295 1139
OemPeriod LShiftKey 0 9 78 344 5444 5366
LShiftKey Y 2 -6 344 156 328 -16
Y E 0 3 156 250 218 62
E S -1 1 250 172 203 -47
S Space -2 -2 172 203 172 0
Space Back 4 -9 203 140 749 546
Back Back 0 0 140 124 234 94
Back Back 0 0 124 125 218 94
Back Back 0 0 125 156 203 78
Back LShiftKey -3 13 156 328 452 296
LShiftKey N 0 -6 328 140 250 -78
N O 2 -3 140 109 265 125
O Oemcomma -2 1 109 156 655 546
Oemcomma Space -1 4 156 140 297 141
Space LShiftKey 1 4 140 203 109 -31
LShiftKey T 2 -5 203 125 171 -32
T H -1 -1 125 125 78 -47
H E 1 3 125 156 188 63
E Space -3 -1 156 172 93 -63
Space S 2 2 172 156 359 187
S P 1 -8 156 141 218 62
P O 0 1 141 187 203 62
O R 0 5 187 125 156 -31
R T 0 -1 125 125 343 218
T I 0 -3 125 156 531 406
I N -2 2 156 140 312 156
N G 1 1 140 156 187 47
G Space -2 1 156 140 172 16
Space F 2 0 140 250 202 62
F A 0 3 250 172 172 -78
A C -1 -2 172 140 390 218
C I 2 -5 140 93 250 110
I L -1 -1 93 140 187 94
L I 1 1 140 94 187 47
I T 0 3 94 141 140 46
T E 0 2 141 187 219 78
E S -1 1 187 141 171 -16
S Space -2 -2 141 172 156 15
Space L 2 -5 172 156 188 16
L A 0 8 156 202 156 0
A C -1 -2 202 172 140 -62
C K 1 -5 172 124 172 0
K A 0 7 124 171 234 110
A Back 2 -12 171 141 904 733
Back Space -4 9 141 172 281 140
Space A 2 3 172 156 172 0
A Space -2 -3 156 172 140 -16
Space R 3 0 172 156 375 203
R O 0 -5 156 156 140 -16
O C -2 6 156 187 203 47
C K 1 -5 187 172 187 0
K Space -2 4 172 125 203 31
Space C 1 1 125 156 156 31
C L 1 -6 156 156 140 -16
L I 1 1 156 124 219 63
I M -2 1 124 172 218 94
M B 0 2 172 156 749 577
B I 2 -3 156 124 203 47
I N -2 2 124 124 234 110
N G 1 1 124 141 202 78
G Space -2 1 141 172 125 -16
Space W 3 2 172 203 250 78
W A -1 1 203 219 140 -63
A L 0 -8 219 93 297 78
L L 0 0 93 109 187 94
L OemPeriod -1 0 109 109 281 172
OemPeriod LShiftKey 0 9 109 297 3681 3572
LShiftKey A 1 -1 297 171 219 -78
A Space -2 -3 171 172 249 78
Space R 3 0 172 125 78 -94
R C -2 1 125 140 359 234
C O 2 -6 140 140 125 -15
O K -1 1 140 156 218 78
K K 0 0 156 109 297 141
K Space -2 4 109 203 109 0
Space Back 4 -9 203 172 561 358
Back Back 0 0 172 125 250 78
Back Back 0 0 125 140 203 78
Back Back 0 0 140 125 265 125
Back Back 0 0 125 94 265 140
Back O -1 4 94 125 577 483
O C -2 6 125 156 156 31
C K 1 -5 156 141 234 78
K Space -2 4 141 156 188 47
Space C 1 1 156 140 109 -47
C L 1 -6 140 156 187 47
L I 1 1 156 141 265 109
I M -2 1 141 125 281 140
M B 0 2 125 156 764 639
B I 2 -3 156 141 203 47
I N -2 2 141 141 234 93
N G 1 1 141 140 141 0
G Space -2 1 140 156 124 -16
Space W 3 2 156 156 188 32
W A -1 1 156 250 124 -32
A L 0 -8 250 78 266 16
L L 0 0 78 93 265 187
L L 0 0 93 94 187 94
L Space -2 5 94 187 172 78
Space C 1 1 187 140 265 78
C Back 3 -10 140 156 312 172
Back Back 0 0 156 141 218 62
Back Back 0 0 141 125 203 62
Back Space -4 9 125 156 390 265
Space C 1 1 156 140 234 78
C O 2 -6 140 172 499 359
O U 0 2 172 125 281 109
U L -1 -2 125 125 218 93
L D 0 6 125 125 281 156
D Back 2 -10 125 156 577 452
Back D -2 10 156 125 593 437
D Space -2 -1 125 156 187 62
Space B 1 -1 156 171 687 531
B E 2 2 171 156 109 -62
E Space -3 -1 156 156 172 16
Space A 2 3 156 156 187 31
A Space -2 -3 156 234 234 78
Space G 2 -1 234 172 764 530
G R 1 1 172 219 312 140
R E 0 1 219 234 125 -94
E A -1 2 234 187 156 -78
A T 1 -4 187 141 218 31
T Space -3 1 141 172 234 93
Space A 2 3 172 187 281 109
A D 0 -2 187 125 811 624
D D 0 0 125 172 234 109
D I 1 -5 172 141 390 218
I O 0 -1 141 140 344 203
O T 0 4 140 109 187 47
T I 0 -3 109 187 140 31
I O 0 -1 187 171 141 -46
O N -2 3 171 140 218 47
N Space -1 2 140 125 218 78
Space T 3 -1 125 140 266 141
T O 0 -4 140 156 124 -16
O Space -3 5 156 171 219 63
Space LShiftKey 1 4 171 858 639 468
LShiftKey U 2 -7 858 125 203 -655
U B -2 2 125 156 468 343
B Space -1 1 156 187 219 63
Space A 2 3 187 141 1653 1466
A T 1 -4 141 171 328 187
T H -1 -1 171 125 296 125
H L 0 -3 125 172 281 156
L E 1 6 172 125 125 -47
E T 0 -2 125 140 203 78
T I 0 -3 140 110 202 62
I C -2 5 110 218 188 78
C S 1 1 218 188 202 -16
S OemPeriod -1 -7 188 125 749 561
OemPeriod Left -1 -2 125 1139 1186 1061
Left Back 4 -2 1139 94 2823 1684
Back Right -4 0 94 998 562 468
Right Right 0 0 998 687 3541 2543
Right Left 0 2 687 188 1435 748
Left Left 0 0 188 156 344 156
Left LShiftKey 1 11 156 1155 904 748
LShiftKey T 2 -5 1155 171 999 -156
T H -1 -1 171 124 203 32
H E 1 3 124 156 156 32
E Space -3 -1 156 218 140 -16
Space E 3 1 218 125 218 0
E D -1 0 125 124 266 141
D U 1 -4 124 124 390 266
U C -2 4 124 187 218 94
C A 1 2 187 202 484 297
A T 1 -4 202 140 374 172
T I 0 -3 140 172 234 94
I O 0 -1 172 171 125 -47
O N -2 3 171 125 483 312
N Space -1 2 125 171 219 94
Space H 2 -2 171 124 1685 1514
H A 0 5 124 172 62 -62
A S 0 -1 172 140 546 374
S Space -2 -2 140 218 172 32
Space B 1 -1 218 172 249 31
B E 2 2 172 125 125 -47
E E 0 0 125 109 250 125
E N -2 -3 109 188 202 93
N Space -1 2 188 218 219 31
Space S 2 2 218 172 343 125
S O 1 -7 172 187 203 31
O Space -3 5 187 219 249 62
Space F 2 0 219 234 375 156
F A 0 3 234 218 203 -31
A R 1 -3 218 156 265 47
R Space -3 0 156 234 265 109
Space G 2 -1 234 156 1217 983
G O 1 -4 156 124 203 47
O O 0 0 124 110 202 78
O D -1 6 110 187 219 109
D Oemcomma -1 -5 187 141 1497 1310
Oemcomma LShiftKey 0 8 141 249 1826 1685
LShiftKey I 2 -8 249 110 202 -47
I A -1 7 110 140 188 78
A Space -2 -3 140 94 171 31
Space Back 4 -9 94 110 499 405
Back Back 0 0 110 140 718 608
Back Space -4 9 140 156 250 110
Space A 2 3 156 187 156 0
A M -1 -6 187 109 187 0
M Space -1 3 109 172 187 78
Space L 2 -5 172 109 250 78
L E 1 6 109 203 93 -16
E A -1 2 203 187 156 -47
A R 1 -3 187 156 265 78
R N -2 -2 156 140 422 266
N I 2 -2 140 140 218 78
I N -2 2 140 124 172 32
N G 1 1 124 140 156 32
G Space -2 1 140 140 187 47
Space A 2 3 140 141 171 31
A Space -2 -3 141 140 172 31
Space L 2 -5 140 141 187 47
L O 1 0 141 140 219 78
O T 0 4 140 156 234 94
T OemPeriod -2 -4 156 125 1669 1513
OemPeriod LShiftKey 0 9 125 515 452 327
LShiftKey M 0 -7 515 109 406 -109
M O 2 -2 109 109 296 187
O S -1 7 109 156 109 0
S T 1 -3 156 109 297 141
T Space -3 1 109 156 171 62
Space P 3 -6 156 172 250 94
P R 0 6 172 125 187 15
R O 0 -5 125 156 125 0
O F -1 5 156 172 2886 2730
F E 1 1 172 140 203 31
E S -1 1 140 125 218 78
S S 0 0 125 140 203 78
S O 1 -7 140 171 203 63
O R 0 5 171 156 140 -31
R S -1 2 156 219 187 31
S Space -2 -2 219 218 250 31
Space A 2 3 218 188 296 78
A R 1 -3 188 219 156 -32
R E 0 1 219 203 141 -78
E Space -3 -1 203 234 156 -47
Space G 2 -1 234 93 468 234
G O 1 -4 93 124 671 578
O O 0 0 124 141 202 78
O D -1 6 141 203 359 218
D Space -2 -1 203 249 328 125
Space I 3 -4 249 187 749 500
I N -2 2 187 234 249 62
N Space -1 2 234 218 250 16
Space T 3 -1 218 125 249 31
T E 0 2 125 203 172 47
E R 0 -1 203 203 125 -78
R M -2 -3 203 156 327 124
M S 1 5 156 188 156 0
S Space -2 -2 188 219 203 15
Space O 3 -5 219 125 234 15
O P 0 -1 125 94 0 -125
P F -1 6 94 140 63 -31
F Back 2 -9 140 141 483 343
Back Back 0 0 141 109 234 93
Back F -2 9 109 202 297 188
F Space -2 0 202 187 249 47
Space T 3 -1 187 156 265 78
T E 0 2 156 266 78 -78
E A -1 2 266 203 203 -63
A C -1 -2 203 172 312 109
C H 1 -3 172 124 219 47
H I 1 -2 124 125 171 47
I N -2 2 125 140 250 125
N G 1 1 140 156 234 94
G Space -2 1 156 187 234 78
Space Back 4 -9 187 156 1419 1232
Back Space -4 9 156 172 780 624
Space A 2 3 172 187 266 94
A N -1 -5 187 156 202 15
N D 1 3 156 187 172 16
D Space -2 -1 187 171 203 16
Space Back 4 -9 171 156 7067 6896
Back Back 0 0 156 125 249 93
Back Back 0 0 125 141 203 78
Back Back 0 0 141 156 219 78
Back Back 0 0 156 110 670 514
Back OemPeriod -3 4 110 156 406 296
OemPeriod LShiftKey 0 9 156 452 3713 3557
LShiftKey C 0 -3 452 156 405 -47
C L 1 -6 156 141 234 78
L A 0 8 141 187 125 -16
A S 0 -1 187 156 172 -15
S S 0 0 156 125 218 62
S R 1 -2 125 188 733 608
R O 0 -5 188 140 172 -16
O O 0 0 140 124 250 110
O M -2 2 124 172 249 125
M S 1 5 172 187 234 62
S Space -2 -2 187 171 172 -15
Space A 2 3 171 187 2028 1857
A R 1 -3 187 187 156 -31
R E 0 1 187 203 62 -125
E Space -3 -1 203 171 219 16
Space B 1 -1 171 172 327 156
B I 2 -3 172 110 421 249
I G -1 3 110 187 484 374
G Space -2 1 187 219 343 156
Space E 3 1 219 187 484 265
E X -2 1 187 109 281 94
X C 0 -1 109 172 296 187
C E 2 0 172 187 125 -47
E P 0 -7 187 187 234 47
P T 0 5 187 125 234 47
T Space -3 1 125 203 109 -16
Space F 2 0 203 124 484 281
F O 1 -5 124 156 140 16
O R 0 5 156 141 140 -16
R Space -3 0 141 187 125 -16
Space T 3 -1 187 172 624 437
T H -1 -1 172 124 141 -31
H E 1 3 124 171 109 -15
E Space -3 -1 171 187 156 -15
Space A 2 3 187 156 234 47
A L 0 -8 156 156 203 47
L G 0 4 156 140 218 62
G O 1 -4 140 124 172 32
O R 0 5 124 203 374 250
R I 0 -4 203 156 515 312
I T 0 3 156 125 249 93
T H -1 -1 125 125 141 16
H M -1 -1 125 125 499 374
M S 1 5 125 172 140 15
S Space -2 -2 172 188 156 -16
Space C 1 1 188 140 266 78
C L 1 -6 140 140 187 47
L A 0 8 140 172 62 -78
A S 0 -1 172 125 203 31
S S 0 0 125 140 203 78
S Space -2 -2 140 171 156 16
Space W 3 2 171 156 218 47
W H -1 -4 156 93 219 63
H I 1 -2 93 140 156 63
I C -2 5 140 172 124 -16
C H 1 -3 172 156 156 -16
H Space -2 2 156 172 203 47
Space I 3 -4 172 124 297 125
I S -1 6 124 156 93 -31
S Space -2 -2 156 218 203 47
Space S 2 2 218 141 374 156
S M -1 -5 141 156 422 281
M A 1 6 156 156 156 0
A L 0 -8 156 125 187 31
L L 0 0 125 109 203 78
L OemPeriod -1 0 109 156 374 265
OemPeriod LShiftKey 0 9 156 374 10234 10078
LShiftKey F 1 -4 374 187 327 -47
F A 0 3 187 187 234 47
A V -1 -3 187 203 203 16
V O 2 -5 203 156 421 218
O U 0 2 156 109 281 125
U R 0 3 109 171 250 141
R I 0 -4 171 140 218 47
I T 0 3 140 234 172 32
T E 0 2 234 172 171 -63
E Space -3 -1 172 203 156 -16
Space V 1 0 203 187 983 780
V A 1 3 187 249 125 -62
A C -1 -2 249 172 296 47
C A 1 2 172 202 219 47
A T 1 -4 202 140 343 141
T I 0 -3 140 125 265 125
I O 0 -1 125 171 94 -31
O N -2 3 171 187 296 125
N Space -1 2 187 234 359 172
Space LShiftKey 1 4 234 1264 7082 6848
LShiftKey T 2 -5 1264 156 1155 -109
T H -1 -1 156 141 124 -32
H E 1 3 141 172 172 31
E Space -3 -1 172 234 156 -16
Space Back 4 -9 234 140 1014 780
Back Back 0 0 140 109 234 94
Back Back 0 0 109 109 203 94
Back Back 0 0 109 109 499 390
Back LShiftKey -3 13 109 281 203 94
LShiftKey E 2 -3 281 156 187 -94
E V -2 -1 156 187 468 312
V E 2 1 187 203 203 16
E Back 1 -10 203 124 437 234
Back Back 0 0 124 109 234 110
Back Back 0 0 109 78 234 125
Back LShiftKey -3 13 78 202 624 546
LShiftKey T 2 -5 202 172 140 -62
T H -1 -1 172 109 109 -63
H E 1 3 109 172 156 47
E Space -3 -1 172 171 94 -78
Space L 2 -5 171 172 296 125
L A 0 8 172 156 125 -47
A C -1 -2 156 172 156 0
C K 1 -5 172 172 156 -16
K Space -2 4 172 187 187 15
Space O 3 -5 187 140 203 16
O F -1 5 140 156 109 -31
F Space -2 0 156 188 109 -47
Space A 2 3 188 140 188 0
A T 1 -4 140 281 265 125
T R 0 1 281 203 561 280
R A -1 3 203 219 156 -47
A C -1 -2 219 141 312 93
C T 2 -2 141 171 344 203
T I 0 -3 171 203 171 0
I O 0 -1 203 141 156 -47
O N -2 3 141 156 250 109
N S 1 4 156 156 125 -31
S Space -2 -2 156 156 171 15
Space I 3 -4 156 141 265 109
I N -2 2 141 140 250 109
N Space -1 2 140 156 203 63
Space B 1 -1 156 140 546 390
B U 2 -2 140 94 218 78
U F -1 3 94 125 234 140
F F 0 0 125 188 187 62
F A 0 3 188 187 94 -94
A L 0 -8 187 156 172 -15
L O 1 0 156 125 265 109
O Space -3 5 125 156 312 187
Space M 1 -3 156 156 1341 1185
M A 1 6 156 156 94 -62
A K 0 -7 156 141 187 31
K E 1 5 141 171 94 -47
E S -1 1 171 140 156 -15
S Space -2 -2 140 172 109 -31
Space I 3 -4 172 125 218 46
I T 0 3 125 140 110 -15
T Space -3 1 140 156 109 -31
Space D 2 1 156 156 265 109
D U 1 -4 156 110 218 62
U L -1 -2 110 62 453 343
L L 0 0 62 94 140 78
L OemPeriod -1 0 94 110 265 171
OemPeriod T 2 4 110 124 3776 3666
T S -1 3 124 156 3244 3120
S P 1 -8 156 140 141 -15
P O 0 1 140 141 171 31
O T 0 4 141 156 156 15
T Space -3 1 156 172 172 16
Space W 3 2 172 171 515 343
W O 0 -7 171 156 218 47
O U 0 2 156 109 234 78
U L -1 -2 109 156 265 156
L D 0 6 156 125 141 -15
D Space -2 -1 125 141 140 15
Space B 1 -1 141 172 671 530
B E 2 2 172 172 140 -32
E Space -3 -1 172 172 203 31
Space M 1 -3 172 125 952 780
M A 1 6 125 188 93 -32
A N -1 -5 188 94 203 15
N G 1 1 94 171 141 47
G A 0 4 171 218 156 -15
A L 0 -8 218 125 202 -16
L O 1 0 125 125 219 94
O R 0 5 125 203 140 15
R E 0 1 203 202 141 -62
E OemPeriod -2 -6 202 110 358 156
OemPeriod LShiftKey 0 9 110 796 1186 1076
LShiftKey LShiftKey 0 0 796 375 1466 670
LShiftKey I 2 -8 375 125 328 -47
I T 0 3 125 124 250 125
T Space -3 1 124 156 156 32
Space I 3 -4 156 94 249 93
I S -1 6 94 156 109 15
S Space -2 -2 156 156 172 16
Space L 2 -5 156 140 250 94
L O 1 0 140 125 249 109
O C -2 6 125 156 156 31
C A 1 2 156 156 203 47
A T 1 -4 156 140 328 172
T E 0 2 140 140 218 78
E D -1 0 140 156 218 78
D Space -2 -1 156 140 172 16
Space I 3 -4 140 141 187 47
I N -2 2 141 171 219 78
N Space -1 2 171 156 234 63
Space LShiftKey 1 4 156 266 202 46
LShiftKey I 2 -8 266 109 219 -47
I N -2 2 109 141 171 62
N D 1 3 141 156 172 31
D I 1 -5 156 109 234 78
I A -1 7 109 203 140 31
A OemPeriod -1 -8 203 219 905 702
OemPeriod LShiftKey 0 9 219 1280 1981 1762
LShiftKey I 2 -8 1280 140 1202 -78
I T 0 3 140 156 202 62
T Space -3 1 156 141 125 -31
Space W 3 2 141 172 265 124
W Back 1 -11 172 156 359 187
Back H -2 7 156 110 577 421
H A 0 5 110 187 125 15
A S 0 -1 187 171 141 -46
S Space -2 -2 171 156 140 -31
Space G 2 -1 156 140 328 172
G R 1 1 140 203 280 140
R E 0 1 203 265 141 -62
E A -1 2 265 141 249 -16
A T 1 -4 141 172 172 31
T Space -3 1 172 156 156 -16
Space B 1 -1 156 140 593 437
B E 2 2 140 171 156 16
E A -1 2 171 141 171 0
A C -1 -2 141 109 125 -16
C H 1 -3 109 109 328 219
H E 1 3 109 171 125 16
E S -1 1 171 187 140 -31
S Space -2 -2 187 141 187 0
Space A 2 3 141 187 141 0
A N -1 -5 187 125 187 0
N D 1 3 125 171 125 0
D Space -2 -1 171 141 171 0
Space A 2 3 141 156 390 249
A Space -2 -3 156 156 203 47
Space M 1 -3 156 203 265 109
M O 2 -2 203 171 219 16
O U 0 2 171 93 312 141
U N -2 1 93 140 218 125
N T 2 1 140 234 312 172
T A -1 4 234 249 172 -62
A I 1 -7 249 156 1357 1108
I N -2 2 156 125 343 187
N Back 3 -7 125 687 4477 4352
Back Back 0 0 687 110 889 202
Back G -2 8 110 156 858 748
G R 1 1 156 172 281 125
R E 0 1 172 124 141 -31
E E 0 0 124 141 202 78
E N -2 -3 141 124 188 47
N Space -1 2 124 156 187 63
Space L 2 -5 156 156 764 608
L U 1 2 156 124 297 141
U S -1 5 124 172 171 47
S H 0 -4 172 140 281 109
H Space -2 2 140 141 218 78
Space M 1 -3 141 156 297 156
M O 2 -2 156 156 187 31
O U 0 2 156 109 234 78
U N -2 1 109 125 234 125
N T 2 1 125 218 312 187
T A -1 4 218 219 187 -31
A I 1 -7 219 187 297 78
I O 0 -1 187 187 109 -78
O N -2 3 187 172 249 62
N S 1 4 172 172 172 0
S Back 2 -11 172 172 499 327
Back Back 0 0 172 125 234 62
Back Back 0 0 125 124 219 94
Back N -3 7 124 110 748 624
N S 1 4 110 188 234 124
S OemPeriod -1 -7 188 109 2169 1981
OemPeriod LShiftKey 0 9 109 1045 2465 2356
LShiftKey I 2 -8 1045 109 967 -78
I T 0 3 109 203 187 78
T S -1 3 203 203 234 31
S Space -2 -2 203 141 156 -47
Space N 1 -2 141 203 749 608
N O 2 -3 203 156 265 62
O Back 1 -4 156 187 718 562
Back Back 0 0 187 125 296 109
Back Back 0 0 125 109 219 94
Back Back 0 0 109 125 218 109
Back Back 0 0 125 156 218 93
Back Back 0 0 156 156 422 266
Back LShiftKey -3 13 156 328 982 826
LShiftKey T 2 -5 328 171 266 -62
T H -1 -1 171 94 140 -31
H E 1 3 94 172 140 46
E Space -3 -1 172 156 219 47
Space S 2 2 156 141 3182 3026
S U 1 -5 141 125 187 46
U N -2 1 125 94 234 109
N N 0 0 94 125 172 78
N Y 2 0 125 94 234 109
Y Space -3 2 94 172 156 62
Space B 1 -1 172 172 343 171
B E 2 2 172 156 156 -16
E A -1 2 156 171 94 -62
A C -1 -2 171 109 265 94
C H 1 -3 109 109 187 78
H E 1 3 109 156 78 -31
E S -1 1 156 188 109 -47
S Space -2 -2 188 187 422 234
Space A 2 3 187 202 234 47
A N -1 -5 202 125 202 0
N D 1 3 125 125 141 16
D Space -2 -1 125 156 140 15
Space W 3 2 156 140 874 718
W H -1 -4 140 109 140 0
H E 1 3 109 156 125 16
E N -2 -3 156 156 172 16
N Space -1 2 156 171 187 31
Space I 3 -4 171 156 171 0
I T 0 3 156 125 156 0
T Space -3 1 125 141 125 0
Space R 3 0 141 172 265 124
R A -1 3 172 187 141 -31
A I 1 -7 187 156 171 -16
I N -2 2 156 125 234 78
N S 1 4 125 187 94 -31
S OemPeriod -1 -7 187 203 671 484
OemPeriod LShiftKey 0 9 203 2761 1778 1575
LShiftKey I 2 -8 2761 156 2683 -78
I T 0 3 156 156 188 32
T S -1 3 156 187 343 187
S Space -2 -2 187 141 171 -16
Space M 1 -3 141 141 359 218
M E 2 4 141 171 94 -47
E M -2 -4 171 109 187 16
M O 2 -2 109 140 203 94
O R 0 5 140 203 234 94
R A -1 3 203 219 140 -63
A B -1 -4 219 156 484 265
B L 1 -4 156 109 187 31
L E 1 6 109 171 172 63
E OemPeriod -2 -6 171 125 358 187
OemPeriod LShiftKey 0 9 125 358 1748 1623
LShiftKey T 2 -5 358 124 312 -46
T H -1 -1 124 94 93 -31
H E 1 3 94 156 156 62
E Space -3 -1 156 172 109 -47
Space P 3 -6 172 124 266 94
P L -1 1 124 110 202 78
L A 0 8 110 187 63 -47
A C -1 -2 187 203 171 -16
C E 2 0 203 203 172 -31
E Space -3 -1 203 171 250 47
Space I 3 -4 171 125 265 94
I S -1 6 125 172 109 -16
S N -1 -4 172 125 234 62
N T 2 1 125 109 172 47
T Space -3 1 109 141 124 15
Space C 1 1 141 141 437 296
C R 2 -1 141 187 2356 2215
R O 0 -5 187 140 234 47
O W 0 7 140 124 125 -15
W D -1 -1 124 156 312 188
D E 1 0 156 109 265 109
E D -1 0 109 156 234 125
D Space -2 -1 156 187 468 312
Space E 3 1 187 188 795 608
E X -2 1 188 125 297 109
X C 0 -1 125 171 312 187
C E 2 0 171 172 187 16
E P 0 -7 172 124 250 78
P T 0 5 124 156 156 32
T Space -3 1 156 218 156 0
Space F 2 0 218 172 296 78
F O 1 -5 172 156 250 78
O R 0 5 156 172 124 -32
R Space -3 0 172 171 219 47
Space A 2 3 171 156 1575 1404
A Space -2 -3 156 156 219 63
Space F 2 0 156 171 125 -31
F E 1 1 171 203 218 47
E W 0 1 203 187 187 -16
W Space -3 -2 187 203 172 -15
Space B 1 -1 203 125 780 577
B E 2 2 125 218 109 -16
E A -1 2 218 219 140 -78
A C -1 -2 219 172 203 -16
C H 1 -3 172 94 312 140
H E 1 3 94 203 109 15
E S -1 1 203 187 141 -62
S Space -2 -2 187 172 405 218
Space Back 4 -9 172 156 9423 9251
Back OemPeriod -3 4 156 140 312 156
OemPeriod LShiftKey 0 9 140 281 842 702
LShiftKey I 2 -8 281 94 265 -16
I Space -3 4 94 187 500 406
Space W 3 2 187 172 171 -16
W O 0 -7 172 171 141 -31
O U 0 2 171 110 202 31
U L -1 -2 110 156 328 218
L D 0 6 156 187 172 16
D Space -2 -1 187 171 187 0
Space L 2 -5 171 218 281 110
L I 1 1 218 141 202 -16
I K -1 0 141 125 297 156
K E 1 5 125 172 109 -16
E Space -3 -1 172 171 172 0
Space T 3 -1 171 172 218 47
T O 0 -4 172 172 140 -32
O Space -3 5 172 187 172 0
Space V 1 0 187 202 328 141
V I 2 -4 202 156 234 32
I S -1 6 156 171 187 31
S I 1 -6 171 156 218 47
I T 0 3 156 172 234 78
T Space -3 1 172 156 297 125
Space S 2 2 156 171 7254 7098
S O 1 -7 171 140 218 47
O U 0 2 140 125 234 94
U T 0 2 125 172 140 15
T H -1 -1 172 110 156 -16
H Space -2 2 110 187 188 78
Space A 2 3 187 188 202 15
A M -1 -6 188 110 234 46
M E 2 4 110 202 110 0
E R 0 -1 202 188 124 -78
R I 0 -4 188 110 156 -32
I C -2 5 110 203 312 202
C A 1 2 203 203 219 16
A OemPeriod -1 -8 203 109 593 390
OemPeriod LShiftKey 0 9 109 265 171 62
LShiftKey A 1 -1 265 156 203 -62
A R 1 -3 156 124 250 94
R G -1 -1 124 141 249 125
G E 1 2 141 171 219 78
E N -2 -3 171 140 140 -31
N T 2 1 140 140 156 16
T I 0 -3 140 109 187 47
I N -2 2 109 125 250 141
N A 1 5 125 172 109 -16
A Oemcomma -1 -7 172 125 1451 1279
Oemcomma B 0 3 125 187 499 374
B R 2 1 187 188 218 31
R A -1 3 188 203 94 -94
A Z -1 0 203 156 1825 1622
Z I 2 -7 156 125 234 78
I L -1 -1 125 156 234 109
L A 0 8 156 156 234 78
A Space -2 -3 156 156 94 -62
Space Back 4 -9 156 140 780 624
Back Back 0 0 140 125 530 390
Back Space -4 9 125 156 265 140
Space A 2 3 156 156 156 0
A N -1 -5 156 140 188 32
N D 1 3 140 172 124 -16
D Space -2 -1 172 156 125 -47
Space P 3 -6 156 156 250 94
P A -1 9 156 172 140 -16
A R 1 -3 172 187 172 0
R A -1 3 187 187 156 -31
A G 0 -4 187 141 296 109
G U 1 -2 141 140 250 109
U A -1 6 140 219 171 31
A Y 1 -5 219 125 1170 951
Y Space -3 2 125 172 546 421
Space Space 0 0 172 125 5694 5522
Space Back 4 -9 125 156 14820 14695
Back OemPeriod -3 4 156 125 843 687
OemPeriod LShiftKey 0 9 125 374 359 234
LShiftKey B 0 -5 374 187 327 -47
B E 2 2 187 187 172 -15
E C -2 0 187 171 312 125
C A 1 2 171 156 171 0
A U 1 -6 156 140 110 -46
U S -1 5 140 187 156 16
S E 1 -1 187 141 202 15
E Space -3 -1 141 172 78 -63
Space T 3 -1 172 156 266 94
T H -1 -1 156 109 140 -16
H E 1 3 109 141 140 31
E S -1 1 141 218 609 468
S E 1 -1 218 187 140 -78
E Space -3 -1 187 140 203 16
Space P 3 -6 140 156 265 125
P L -1 1 156 124 297 141
L A 0 8 124 188 46 -78
A C -1 -2 188 187 250 62
C E 2 0 187 156 172 -15
E S -1 1 156 171 109 -47
S Space -2 -2 171 156 187 16
Space A 2 3 156 188 140 -16
A R 1 -3 188 218 172 -16
R E 0 1 218 156 140 -78
E Space -3 -1 156 125 94 -62
Space N 1 -2 125 109 234 109
N E 2 3 109 203 156 47
E W 0 1 203 187 203 0
W Space -3 -2 187 156 249 62
Space T 3 -1 156 141 390 234
T O 0 -4 141 156 141 0
O Space -3 5 156 109 265 109
Space M 1 -3 109 125 296 187
M E 2 4 125 172 156 31
E OemPeriod -2 -6 172 125 468 296
OemPeriod LShiftKey 0 9 125 296 344 219
LShiftKey I 2 -8 296 156 234 -62
I Space -3 4 156 156 202 46
Space W 3 2 156 172 172 16
W O 0 -7 172 156 109 -63
O U 0 2 156 110 187 31
U L -1 -2 110 156 203 93
L D 0 6 156 172 125 -31
D Space -2 -1 172 141 109 -63
Space L 2 -5 141 156 250 109
L I 1 1 156 110 249 93
I K -1 0 110 125 219 109
K E 1 5 125 109 140 15
E Space -3 -1 109 172 437 328
Space T 3 -1 172 156 203 31
T O 0 -4 156 156 140 -16
O Space -3 5 156 156 219 63
Space S 2 2 156 172 452 296
S E 1 -1 172 156 156 -16
E E 0 0 156 156 218 62
E Space -3 -1 156 172 172 16
Space T 3 -1 172 140 203 31
T H -1 -1 140 109 125 -15
H E 1 3 109 124 125 16
E Space -3 -1 124 171 109 -15
Space A 2 3 171 187 203 32
A N -1 -5 187 140 343 156
N D 1 3 140 124 281 141
D E 1 0 124 171 234 110
E S -1 1 171 203 140 -31
S LShiftKey -1 2 203 312 4259 4056
LShiftKey C 0 -3 312 156 249 -63
C H 1 -3 156 109 375 219
H I 1 -2 109 125 218 109
I L -1 -1 125 140 219 94
L E 1 6 140 140 156 16
E Space -3 -1 140 141 2776 2636
Space M 1 -3 141 172 234 93
M O 2 -2 172 156 203 31
O U 0 2 156 124 219 63
U N -2 1 124 140 218 94
N T 2 1 140 203 125 -15
T A -1 4 203 218 125 -78
A I 1 -7 218 156 296 78
I N -2 2 156 109 250 94
N S 1 4 109 141 124 15
S Space -2 -2 141 140 531 390
Space A 2 3 140 156 171 31
A N -1 -5 156 94 468 312
N D 1 3 94 171 188 94
D Space -2 -1 171 171 234 63
Space T 3 -1 171 187 10873 10702
T H -1 -1 187 141 140 -47
H E 1 3 141 171 172 31
E Space -3 -1 171 172 109 -62
Space Back 4 -9 172 140 2434 2262
Back Back 0 0 140 109 265 125
Back Back 0 0 109 109 187 78
Back Back 0 0 109 62 250 141
Back T -1 8 62 140 702 640
T R 0 1 140 172 280 140
R E 0 1 172 218 94 -78
E K -1 -5 218 156 343 125
K Space -2 4 156 156 297 141
Space A 2 3 156 156 11590 11434
A C -1 -2 156 187 250 94
C R 2 -1 187 156 374 187
R O 0 -5 156 109 375 219
O O 0 0 109 78 218 109
O Back 1 -4 78 141 468 390
Back S -2 11 141 156 156 15
S S 0 0 156 171 219 63
S Space -2 -2 171 172 171 0
Space T 3 -1 172 156 187 15
T H -1 -1 156 124 110 -46
H E 1 3 124 156 124 0
E Space -3 -1 156 141 156 0
Space Back 4 -9 141 140 406 265
Back S -2 11 140 156 234 94
S O 1 -7 156 140 234 78
O E 0 6 140 156 265 125
E Space -3 -1 156 172 187 31
Space Back 4 -9 172 140 812 640
Back Back 0 0 140 109 218 78
Back Back 0 0 109 94 218 109
Back Back 0 0 94 140 172 78
Back Back 0 0 140 124 484 344
Back O -1 4 124 140 499 375
O S -1 7 140 172 140 0
S E 1 -1 172 172 109 -63
E Space -3 -1 172 156 156 -16
Space M 1 -3 156 125 780 624
M O 2 -2 125 171 110 -15
O U 0 2 171 109 265 94
U N -2 1 109 109 234 125
N T 2 1 109 187 125 16
T A -1 4 187 203 140 -47
A I 1 -7 203 109 234 31
I N -2 2 109 140 234 125
N S 1 4 140 187 187 47
S OemPeriod -1 -7 187 171 250 63
OemPeriod LShiftKey 0 9 171 374 421 250
LShiftKey I 2 -8 374 109 328 -46
I Space -3 4 109 141 202 93
Space W 3 2 141 171 110 -31
W O 0 -7 171 140 156 -15
O U 0 2 140 110 202 62
U L -1 -2 110 140 219 109
L D 0 6 140 188 93 -47
D Space -2 -1 188 140 141 -47
Space A 2 3 140 203 187 47
A L 0 -8 203 141 140 -63
L S 0 7 141 171 297 156
S O 1 -7 171 156 187 16
O Space -3 5 156 156 265 109
Space L 2 -5 156 140 219 63
L I 1 1 140 94 218 78
I K -1 0 94 141 187 93
K E 1 5 141 125 125 -16
E Space -3 -1 125 156 125 0
Space T 3 -1 156 109 234 78
T O 0 -4 109 110 249 140
O Space -3 5 110 156 219 109
Space T 3 -1 156 94 249 93
T R 0 1 94 125 234 140
R Y 0 -2 125 109 172 47
Y Space -3 2 109 140 156 47
Space T 3 -1 140 125 218 78
T H -1 -1 125 110 78 -47
H E 1 3 110 141 156 46
E Space -3 -1 141 140 94 -47
Space L 2 -5 140 125 296 156
L O 1 0 125 109 250 125
O C -2 6 109 219 62 -47
C A 1 2 219 187 188 -31
A L 0 -8 187 125 124 -63
L Space -2 5 125 156 188 63
Space C 1 1 156 188 670 514
C U 2 -4 188 109 250 62
U S -1 5 109 140 203 94
S I 1 -6 140 109 203 63
I N -2 2 109 140 452 343
N I 2 -2 140 124 250 110
I E 0 5 124 156 234 110
E OemPeriod -2 -6 156 141 1528 1372
OemPeriod LShiftKey 0 9 141 359 7301 7160
LShiftKey A 1 -1 359 187 203 -156
A LShiftKey -1 1 187 281 10561 10374
LShiftKey T 2 -5 281 141 265 -16
T H -1 -1 141 141 125 -16
H E 1 3 141 141 156 15
E Space -3 -1 141 140 125 -16
Space S 2 2 140 172 187 47
S C -1 -1 172 203 265 93
C E 2 0 203 156 172 -31
E N -2 -3 156 141 140 -16
N E 2 3 141 171 141 0
E Space -3 -1 171 172 296 125
Space D 2 1 172 156 609 437
D E 1 0 156 140 218 62
E C -2 0 140 188 296 156
C Back 3 -10 188 172 624 436
Back S -2 11 172 156 359 187
S C -1 -1 156 203 125 -31
C R 2 -1 203 141 655 452
R I 0 -4 141 156 265 124
I B -2 3 156 125 203 47
B E 2 2 125 265 234 109
E S -1 1 265 172 203 -62
S Space -2 -2 172 156 156 -16
Space A 2 3 156 172 218 62
A Space -2 -3 172 156 172 0
Space P 3 -6 156 156 265 109
P I 0 2 156 93 531 375
I C -2 5 93 156 124 31
C N 0 -3 156 140 297 141
N I 2 -2 140 156 249 109
I C -2 5 156 156 359 203
C Space -1 -1 156 140 1061 905
Space O 3 -5 140 156 250 110
O R 0 5 156 172 124 -32
R Space -3 0 172 171 141 -31
Space A 2 3 171 156 811 640
A Space -2 -3 156 171 172 16
Space P 3 -6 171 156 686 515
P I 0 2 156 78 250 94
I N -2 2 78 140 140 62
N G 1 1 140 156 156 16
G Space -2 1 156 141 499 343
Space S 2 2 141 125 343 202
S P 1 -8 125 140 188 63
P O 0 1 140 94 218 78
O T 0 4 94 125 218 124
T OemPeriod -2 -4 125 109 250 125
OemPeriod LShiftKey 0 9 109 203 203 94
LShiftKey O 2 -9 203 141 171 -32
O LShiftKey -2 9 141 296 609 468
LShiftKey Back 3 -13 296 156 452 156
Back LShiftKey -3 13 156 468 187 31
LShiftKey I 2 -8 468 125 406 -62
I T 0 3 125 141 218 93
T Space -3 1 141 140 141 0
Space I 3 -4 140 124 359 219
I S -1 6 124 140 109 -15
S Space -2 -2 140 140 125 -15
Space V 1 0 140 140 577 437
V E 2 1 140 203 249 109
E R 0 -1 203 125 141 -62
R Y 0 -2 125 93 468 343
Y Space -3 2 93 140 203 110
Space C 1 1 140 156 202 62
C R 2 -1 156 156 234 78
R O 0 -5 156 140 172 16
O W 0 7 140 109 156 16
W D -1 -1 109 141 296 187
D E 1 0 141 110 234 93
E D -1 0 110 125 219 109
D Space -2 -1 125 171 203 78
Space W 3 2 171 141 249 78
W I 0 -6 141 172 125 -16
I T 0 3 172 187 234 62
T H -1 -1 187 171 172 -15
H Space -2 2 171 218 3978 3807
Space Left 0 -7 218 1248 1372 1154
Left Left 0 0 1248 172 1732 484
Left Oemcomma 1 3 172 93 905 733
Oemcomma W 2 6 93 156 203 110
W I 0 -6 156 125 202 46
I T 0 3 125 125 141 16
T H -1 -1 125 124 125 0
H Space -2 2 124 156 234 110
Space A 2 3 156 156 171 15
A Space -2 -3 156 156 125 -31
Space R 3 0 156 140 203 47
R I 0 -4 140 156 156 16
I V -2 4 156 156 218 62
V E 2 1 156 265 219 63
E R 0 -1 265 172 171 -94
R Space -3 0 172 172 359 187
Space I 3 -4 172 140 328 156
I N -2 2 140 140 234 94
N Space -1 2 140 156 218 78
Space T 3 -1 156 172 265 109
T H -1 -1 172 140 125 -47
H E 1 3 140 156 187 47
E Space -3 -1 156 203 250 94
Space M 1 -3 203 171 437 234
M I 2 -1 171 125 280 109
I D -1 5 125 125 94 -31
D D 0 0 125 156 187 62
D L 0 -6 156 187 172 16
L E 1 6 187 156 203 16
E Right -3 -10 156 1326 1747 1591
Right Left 0 2 1326 202 2044 718
Left Left 0 0 202 249 577 375
Left Space 0 7 249 171 2106 1857
Space A 2 3 171 156 234 63
A N -1 -5 156 124 125 -31
N D 1 3 124 156 171 47
D Space -2 -1 156 187 63 -93
Space T 3 -1 187 187 312 125
T H -1 -1 187 140 140 -47
H E 1 3 140 218 156 16
E R 0 -1 218 234 156 -62
R E 0 1 234 187 172 -62
E Space -3 -1 187 203 140 -47
Space A 2 3 203 203 218 15
A R 1 -3 203 234 188 -15
R E 0 1 234 219 93 -141
E Space -3 -1 219 218 250 31
Space M 1 -3 218 203 546 328
M E 2 4 203 327 203 0
E R 0 -1 327 203 187 -140
R Back 1 -9 203 156 12246 12043
Back Back 0 0 156 187 8096 7940
Back Back 0 0 187 125 484 297
Back M -3 6 125 172 5163 5038
M Back 3 -6 172 156 1670 1498
Back P -1 3 156 140 2402 2246
P E 0 7 140 156 140 0
E O 0 -6 156 140 141 -15
O P 0 -1 140 125 93 -47
P L -1 1 125 156 172 47
L E 1 6 156 140 125 -31
E Space -3 -1 140 187 203 63
Space S 2 2 187 124 312 125
S W 1 0 124 124 234 110
W I 0 -6 124 140 811 687
I M -2 1 140 125 218 78
M M 0 0 125 110 187 62
M I 2 -1 110 141 125 15
I N -2 2 141 125 234 93
N G 1 1 125 171 219 94
G Space -2 1 171 187 140 -31
Space Back 4 -9 187 171 718 531
Back Oemcomma -3 5 171 109 390 219
Oemcomma C 0 5 109 156 312 203
C Y 2 -3 156 109 405 249
Y C -2 3 109 202 219 110
C L 1 -6 202 124 234 32
L I 1 1 124 109 218 94
I N -2 2 109 124 250 141
N G 1 1 124 140 156 32
G Space -2 1 140 156 187 47
Space S 2 2 156 171 234 78
S E 1 -1 171 125 265 94
E T 0 -2 125 124 250 125
T T 0 0 124 141 202 78
T I 0 -3 141 125 125 -16
I N -2 2 125 141 234 109
N G 1 1 141 140 125 -16
G Space -2 1 140 156 140 0
Space U 3 -3 156 110 312 156
U P 0 -3 110 156 297 187
P Space -3 6 156 156 296 140
Space T 3 -1 156 156 281 125
T E 0 2 156 156 172 16
E N -2 -3 156 109 156 0
N S 1 4 109 172 249 140
S Back 2 -11 172 141 1326 1154
Back T -1 8 141 171 328 187
T S -1 3 171 203 187 16
S OemPeriod -1 -7 203 125 608 405
OemPeriod LShiftKey 0 9 125 702 10640 10515
LShiftKey LShiftKey 0 0 702 327 1092 390
LShiftKey LShiftKey 0 0 327 531 514 187
LShiftKey W 2 -2 531 171 375 -156
W A -1 1 171 172 343 172
A L 0 -8 172 172 265 93
L D 0 6 172 171 219 47
D O 1 -6 171 156 171 0
O Space -3 5 156 187 297 141
Space I 3 -4 187 218 265 78
I S -1 6 218 141 140 -78
S Space -2 -2 141 187 156 15
Space N 1 -2 187 187 297 110
N E 2 3 187 188 280 93
E X -2 1 188 78 562 374
X T 2 -3 78 125 296 218
T Space -3 1 125 172 156 31
Space T 3 -1 172 125 203 31
T O 0 -4 125 187 125 0
O Space -3 5 187 172 187 0
Space T 3 -1 172 171 141 -31
T H -1 -1 171 140 187 16
H E 1 3 140 171 203 63
E Space -3 -1 171 203 140 -31
Space F 2 0 203 234 562 359
F L 0 -5 234 156 171 -63
L O 1 0 156 125 250 94
O W 0 7 125 187 62 -63
W E 0 -1 187 218 172 -15
E R 0 -1 218 172 171 -47
R Space -3 0 172 172 172 0
Space T 3 -1 172 140 203 31
T E 0 2 140 172 171 31
E N -2 -3 172 124 188 16
N T 2 1 124 156 187 63
T OemPeriod -2 -4 156 140 577 421
OemPeriod LShiftKey 0 9 140 218 12683 12543
LShiftKey T 2 -5 218 156 156 -62
T H -1 -1 156 141 140 -16
H E 1 3 141 172 156 15
E R 0 -1 172 218 125 -47
R E 0 1 218 172 156 -62
E Space -3 -1 172 171 47 -125
Space I 3 -4 171 125 249 78
I S -1 6 125 187 63 -62
S Space -2 -2 187 171 156 -31
Space A 2 3 171 203 218 47
A Space -2 -3 203 141 265 62
Space B 1 -1 141 156 375 234
B O 2 -4 156 156 187 31
O Y 0 3 156 109 359 203
Y Space -3 2 109 141 218 109
Space S 2 2 141 218 375 234
S C -1 -1 218 156 156 -62
C O 2 -6 156 141 124 -32
O U 0 2 141 125 219 78
U T 0 2 125 156 140 15
T Space -3 1 156 141 187 31
Space G 2 -1 141 109 297 156
G R 1 1 109 156 249 140
R O 0 -5 156 110 156 0
O U 0 2 110 125 203 93
U P 0 -3 125 156 234 109
P Space -3 6 156 172 281 125
Space P 3 -6 172 172 234 62
P R 0 6 172 249 125 -47
R A -1 3 249 265 140 -109
A C -1 -2 265 171 250 -15
C T 2 -2 171 125 1123 952
T I 0 -3 125 124 406 281
I S -1 6 124 125 249 125
S I 1 -6 125 125 156 31
I N -2 2 125 125 281 156
N G 1 1 125 156 156 31
G Space -2 1 156 124 172 16
Space C 1 1 124 219 327 203
C A 1 2 219 156 172 -47
A M -1 -6 156 124 125 -31
M P 2 -3 124 141 202 78
P I 0 2 141 125 437 296
I N -2 2 125 124 219 94
N G 1 1 124 156 109 -15
G OemPeriod -1 -4 156 125 452 296
OemPeriod LShiftKey 0 9 125 328 281 156
LShiftKey A 1 -1 328 187 187 -141
A Space -2 -3 187 156 453 266
Space C 1 1 156 140 265 109
C A 1 2 140 156 93 -47
A M -1 -6 156 140 141 -15
M E 2 4 140 202 203 63
E R 0 -1 202 156 187 -15
R M -2 -3 156 156 437 281
M A 1 6 156 172 140 -16
A N -1 -5 172 109 187 15
N Space -1 2 109 125 203 94
Space T 3 -1 125 187 312 187
T A -1 4 187 172 156 -31
A K 0 -7 172 125 140 -32
K I 1 0 125 124 266 141
I N -2 2 124 140 234 110
N G 1 1 140 171 156 16
G Space -2 1 171 172 140 -31
Space P 3 -6 172 141 655 483
P H -1 4 141 125 905 764
H O 1 -3 125 124 250 125
O T 0 4 124 125 202 78
T O 0 -4 125 109 125 0
O S -1 7 109 172 156 47
S Space -2 -2 172 187 203 31
Space O 3 -5 187 141 218 31
O F -1 5 141 156 110 -31
F Space -2 0 156 171 109 -47
Space R 3 0 171 202 281 110
R A -1 3 202 172 140 -62
A B -1 -4 172 125 827 655
B B 0 0 125 140 187 62
B I 2 -3 140 125 156 16
I T 0 3 125 156 218 93
T S -1 3 156 140 172 16
S Space -2 -2 140 171 250 110
Space A 2 3 171 203 124 -47
A N -1 -5 203 140 188 -15
N D 1 3 140 156 156 16
D Space -2 -1 156 187 93 -63
Space B 1 -1 187 156 780 593
B I 2 -3 156 125 281 125
I R 0 4 125 124 172 47
R D -1 1 124 203 280 156
D S 0 1 203 172 156 -47
S OemPeriod -1 -7 172 140 578 406
OemPeriod LShiftKey 0 9 140 3729 1497 1357
LShiftKey O 2 -9 3729 125 3604 -125
O N -2 3 125 125 234 109
N E 2 3 125 171 78 -47
E Space -3 -1 171 171 203 32
Space G 2 -1 171 171 3401 3230
G U 1 -2 171 156 296 125
U Y 0 1 156 125 390 234
Y Space -3 2 125 187 250 125
Space H 2 -2 187 172 374 187
H A 0 5 172 296 203 31
A S 0 -1 296 219 218 -78
S Space -2 -2 219 172 1201 982
Space N 1 -2 172 172 250 78
N Back 3 -7 172 156 952 780
Back Back 0 0 156 140 234 78
Back Back 0 0 140 109 249 109
Back Back 0 0 109 141 312 203
Back Back 0 0 141 687 265 124
Back Space -4 9 687 203 1217 530
Space O 3 -5 203 124 297 94
O Back 1 -4 124 156 374 250
Back Back 0 0 156 140 234 78
Back E -1 10 140 140 250 110
E Space -3 -1 140 172 171 31
Space O 3 -5 172 156 203 31
O F -1 5 156 141 187 31
F Space -2 0 141 141 78 -63
Space T 3 -1 141 140 297 156
T H -1 -1 140 125 109 -31
H E 1 3 125 172 140 15
E Space -3 -1 172 187 141 -31
Space T 3 -1 187 171 265 78
T E 0 2 171 188 171 0
E N -2 -3 188 140 172 -16
N S 1 4 140 187 172 32
S Space -2 -2 187 140 187 0
Space H 2 -2 140 94 998 858
H A 0 5 94 203 78 -16
A S 0 -1 203 187 203 0
S Space -2 -2 187 171 172 -15
Space C 1 1 171 172 374 203
C O 2 -6 172 109 187 15
O L -1 0 109 109 234 125
L L 0 0 109 109 203 94
L A 0 8 109 187 125 16
A P 1 -9 187 141 171 -16
P S -1 8 141 218 422 281
S E 1 -1 218 171 156 -62
E D -1 0 171 187 296 125
D Space -2 -1 187 172 265 78
Space A 2 3 172 172 421 249
A N -1 -5 172 141 281 109
N D 1 3 141 172 203 62
D Space -2 -1 172 172 452 280
Space P 3 -6 172 187 266 94
P E 0 7 187 187 140 -47
E O 0 -6 187 156 203 16
O P 0 -1 156 188 93 -63
P L -1 1 188 140 250 62
L E 1 6 140 171 125 -15
E Space -3 -1 171 172 187 16
Space A 2 3 172 202 172 0
A R 1 -3 202 250 140 -62
R E 0 1 250 187 156 -94
E Space -3 -1 187 172 140 -47
Space H 2 -2 172 110 2418 2246
H E 1 3 110 172 125 15
E L -1 -6 172 124 219 47
L P 1 -1 124 125 280 156
P I 0 2 125 125 219 94
I N -2 2 125 140 265 140
N G 1 1 140 171 250 110
G Space -2 1 171 203 218 47
Space H 2 -2 203 140 484 281
H I 1 -2 140 140 265 125
I M -2 1 140 125 530 390
M Space -1 3 125 187 297 172
Space O 3 -5 187 171 234 47
O U 0 2 171 156 249 78
U T 0 2 156 156 234 78
T OemPeriod -2 -4 156 156 312 156
OemPeriod LShiftKey 0 9 156 437 7176 7020
LShiftKey O 2 -9 437 141 390 -47
O N -2 3 141 140 172 31
N E 2 3 140 171 125 -15
E Space -3 -1 171 156 140 -31
Space O 3 -5 156 141 187 31
O F -1 5 141 141 109 -32
F Space -2 0 141 109 141 0
Space T 3 -1 109 156 811 702
T H -1 -1 156 156 156 0
H E 1 3 156 156 172 16
E Space -3 -1 156 187 109 -47
Space R 3 0 187 250 265 78
R E 0 1 250 218 203 -47
E N -2 -3 218 156 296 78
N T 2 1 156 203 265 109
T A -1 4 203 187 172 -31
A L 0 -8 187 156 125 -62
L Space -2 5 156 156 218 62
Space T 3 -1 156 156 343 187
T R 0 1 156 140 328 172
R U 0 -3 140 93 203 63
U C -2 4 93 156 234 141
C K 1 -5 156 140 125 -31
K S 0 6 140 156 171 31
S Space -2 -2 156 172 109 -47
Space H 2 -2 172 125 328 156
H A 0 5 125 202 94 -31
A S 0 -1 202 187 156 -46
S Space -2 -2 187 172 140 -47
Space S 2 2 172 187 281 109
S M -1 -5 187 140 234 47
M O 2 -2 140 125 249 109
O K -1 1 125 141 203 78
K E 1 5 141 172 78 -63
E Space -3 -1 172 156 156 -16
Space C 1 1 156 156 203 47
C O 2 -6 156 110 140 -16
O M -2 2 110 125 203 93
M I 2 -1 125 125 172 47
I N -2 2 125 140 203 78
N G 1 1 140 141 327 187
G Space -2 1 141 156 141 0
Space O 3 -5 156 125 171 15
O U 0 2 125 109 172 47
U T 0 2 109 124 125 16
T Space -3 1 124 171 78 -46
Space O 3 -5 171 109 218 47
O F -1 5 109 156 62 -47
F Space -2 0 156 172 78 -78
Space I 3 -4 172 125 219 47
I T 0 3 125 140 125 0
T OemPeriod -2 -4 140 109 343 203
OemPeriod S 1 7 109 249 10218 10109
S G 0 -3 249 172 24320 24071
G M -1 -2 172 156 359 187
M A 1 6 156 203 265 109
A I 1 -7 203 93 172 -31
I L -1 -1 93 94 296 203
L Return 0 -3 94 93 328 234
Return Y 1 6 93 156 27549 27456
Y A -1 5 156 156 172 16
A H 0 -5 156 125 733 577
H O 1 -3 125 125 390 265
O O 0 0 125 94 187 62
O OemPeriod -2 0 94 109 562 468
OemPeriod C 0 6 109 172 218 109
C O 2 -6 172 110 390 218
O M -2 2 110 124 188 78
M Return 1 -5 124 171 265 141
Return U 1 5 171 156 11037 10866
U B -2 2 156 156 422 266
B C 0 2 156 156 1497 1341
C O 2 -6 156 109 375 219
O L -1 0 109 78 234 125
L L 0 0 78 109 156 78
L E 1 6 109 124 78 -31
E C -2 0 124 156 249 125
C T 2 -2 156 156 1373 1217
T I 0 -3 156 171 281 125
I O 0 -1 171 156 156 -15
O N -2 3 156 125 764 608
N D3 3 3 125 140 484 359
D3 LShiftKey -3 3 140 406 218 78
LShiftKey D2 3 -2 406 140 281 -125
D2 Y -1 -4 140 125 1201 1061
Y A -1 5 125 140 125 0
A H 0 -5 140 125 187 47
H O 1 -3 125 78 562 437
O O 0 0 78 125 156 78
O OemPeriod -2 0 125 93 437 312
OemPeriod C 0 6 93 125 405 312
C O 2 -6 125 125 1045 920
O M -2 2 125 141 203 78
M D 1 4 141 187 2110 1969
D A 0 2 187 172 140 -47
A T 1 -4 172 140 359 187
T A -1 4 140 140 234 94
A C -1 -2 140 156 421 281
C O 2 -6 156 93 406 250
O L -1 0 93 94 218 125
L L 0 0 94 93 172 78
L E 1 6 93 140 109 16
E C -2 0 140 156 218 78
C T 2 -2 156 125 421 265
T I 0 -3 125 156 234 109
I O 0 -1 156 172 94 -62
O N -2 3 172 187 343 171
N Y 2 0 187 143 39414 39227
Y A -1 5 143 182 98 -45
A S 0 -1 182 200 125 -57
S H 0 -4 200 142 90 -110
H A 0 5 142 140 150 8
A S 0 -1 140 191 78 -62
S Return 0 -10 191 134 1602 1411
Return B -1 7 134 191 141404 141270
B U 2 -2 191 155 269 78
U F -1 3 155 137 383 228
F F 0 0 137 173 200 63
F A 0 3 173 193 105 -68
A L 0 -8 193 135 133 -60
L O 1 0 135 136 244 109
O Space -3 5 136 139 199 63
Space W 3 2 139 226 49 -90
W E 0 -1 226 239 153 -73
E A -1 2 239 202 170 -69
A T 1 -4 202 163 202 0
T H -1 -1 163 130 169 6
H E 1 3 130 232 133 3
E R 0 -1 232 131 148 -84
R Return -1 -8 131 80 424 293
Return A 0 11 80 149 20143 20063
A M -1 -6 149 130 352 203
M A 1 6 130 118 146 16
A Z -1 0 118 142 305 187
Z O 2 -8 142 159 303 161
O N -2 3 159 97 283 124
N OemPeriod 0 -3 97 105 557 460
OemPeriod C 0 6 105 117 719 614
C O 2 -6 117 118 242 125
O M -2 2 118 116 251 133
M Return 1 -5 116 148 312 196
Return C -1 9 148 114 45529 45381
C N 0 -3 114 123 760 646
N N 0 0 123 130 174 51
N OemPeriod 0 -3 130 136 411 281
OemPeriod C 0 6 136 64 585 449
C V 0 -1 64 64 8 -56
V Back 3 -9 64 96 1937 1873
Back O -1 4 96 136 368 272
O M -2 2 136 128 248 112
M Return 1 -5 128 176 576 448
