RShiftKey T 2 6 296 140 156 -140
T H -1 -1 140 156 296 156
H E 1 3 156 125 265 109
E Space -3 -1 125 124 141 16
Space S 2 2 124 125 717 593
S C -1 -1 125 140 250 125
C E 2 0 140 140 265 125
E N -2 -3 140 141 296 156
N E 2 3 141 109 125 -16
E Space -3 -1 109 125 187 78
Space L 2 -5 125 94 484 359
L O 1 0 94 78 250 156
O O 0 0 78 78 140 62
O K -1 1 78 125 234 156
K S 0 6 125 125 187 62
S Space -2 -2 125 110 187 62
Space L 2 -5 110 94 468 358
L I 1 1 94 94 234 140
I K -1 0 94 125 203 109
K E 1 5 125 110 187 62
E Space -3 -1 110 78 203 93
Space I 3 -4 78 94 3276 3198
I T 0 3 94 109 219 125
T S -1 3 109 141 327 218
S Space -2 -2 141 125 187 46
Space A 2 3 125 125 172 47
A Space -2 -3 125 140 172 47
Space S 2 2 140 141 764 624
S U 1 -5 141 109 250 109
U M -2 0 109 109 281 172
M M 0 0 109 94 202 93
M E 2 4 94 188 156 62
E R 0 -1 188 187 110 -78
R Space -3 0 187 109 156 -31
Space V 1 0 109 78 655 546
V A 1 3 78 125 171 93
A C -1 -2 125 125 468 343
C A 1 2 125 141 234 109
A T 1 -4 141 140 375 234
T I 0 -3 140 203 327 187
I O 0 -1 203 156 110 -93
O N -2 3 156 94 296 140
N Space -1 2 94 140 203 109
Space A 2 3 140 156 218 78
A N -1 -5 156 141 546 390
N D 1 3 141 125 468 327
D Space -2 -1 125 94 187 62
Space P 3 -6 94 109 671 577
P E 0 7 109 140 437 328
E O 0 -6 140 93 203 63
O P 0 -1 93 94 187 94
P L -1 1 94 140 203 109
L E 1 6 140 110 171 31
E Space -3 -1 110 125 219 109
Space A 2 3 125 187 187 62
A R 1 -3 187 219 265 78
R E 0 1 219 156 141 -78
E Space -3 -1 156 141 249 93
Space C 1 1 141 172 437 296
C H 1 -3 172 125 281 109
H I 1 -2 125 109 374 249
I L -1 -1 109 78 297 188
L L 0 0 78 94 140 62
L I 1 1 94 140 250 156
I N -2 2 140 109 265 125
N G 1 1 109 125 327 218
G Space -2 1 125 93 188 63
Space O 3 -5 93 266 592 499
O U 0 2 266 202 188 -78
U T 0 2 202 124 312 110
T Space -3 1 124 125 483 359
Space I 3 -4 125 125 406 281
I N -2 2 125 109 234 109
N Space -1 2 109 156 234 125
Space T 3 -1 156 140 265 109
T H -1 -1 140 125 187 47
H E 1 3 125 109 328 203
E Space -3 -1 109 171 78 -31
Space S 2 2 171 156 374 203
S U 1 -5 156 94 281 125
U M -2 0 94 78 296 202
M M 0 0 78 94 172 94
M E 2 4 94 187 156 62
E R 0 -1 187 140 125 -62
R Space -3 0 140 140 203 63
Space H 2 -2 140 109 2121 1981
H E 1 3 109 109 203 94
E A -1 2 109 172 187 78
A T 1 -4 172 93 219 47
T OemPeriod -2 -4 93 93 499 406
OemPeriod Space -1 5 93 187 218 125
Space RShiftKey 1 -7 187 655 1919 1732
RShiftKey V 0 7 655 124 484 -171
V A 1 3 124 125 561 437
A R 1 -3 125 140 406 281
R I 0 -4 140 156 405 265
I O 0 -1 156 156 78 -78
O U 0 2 156 109 297 141
U S -1 5 109 140 156 47
S Space -2 -2 140 78 203 63
Space A 2 3 78 156 140 62
A C -1 -2 156 156 281 125
C T 2 -2 156 140 343 187
T I 0 -3 140 78 281 141
I V -2 4 78 156 967 889
V I 2 -4 156 110 218 62
I T 0 3 110 125 234 124
T I 0 -3 125 109 172 47
I E 0 5 109 93 250 141
E S -1 1 93 140 218 125
S Space -2 -2 140 110 218 78
Space A 2 3 110 125 234 124
A Back 2 -12 125 109 593 468
Back C -3 10 109 171 219 110
C A 1 2 171 172 218 47
A N -1 -5 172 78 328 156
N Space -1 2 78 141 171 93
Space B 1 -1 141 141 624 483
B E 2 2 141 109 328 187
E Space -3 -1 109 109 187 78
Space S 2 2 109 125 125 16
S E 1 -1 125 94 249 124
E E 0 0 94 109 203 109
E N -2 -3 109 94 187 78
N Space -1 2 94 124 188 94
Space I 3 -4 124 124 4758 4634
I N -2 2 124 125 218 94
N Space -1 2 125 171 203 78
Space T 3 -1 171 109 187 16
T H -1 -1 109 124 172 63
H E 1 3 124 140 156 32
E Space -3 -1 140 109 156 16
Space P 3 -6 109 156 358 249
P I 0 2 156 109 219 63
I C -2 5 109 171 312 203
C T 2 -2 171 141 530 359
T U 0 -2 141 109 203 62
U R 0 3 109 187 234 125
R E 0 1 187 140 125 -62
E Space -3 -1 140 124 125 -15
Space L 2 -5 124 109 327 203
L I 1 1 109 94 234 125
I K -1 0 94 93 219 125
K E 1 5 93 124 156 63
E Space -3 -1 124 94 218 94
Space C 1 1 94 124 250 156
C A 1 2 124 125 296 172
A M -1 -6 125 94 234 109
M P 2 -3 94 93 328 234
P I 0 2 93 94 249 156
I N -2 2 94 78 312 218
N G 1 1 78 156 484 406
G Oemcomma -1 -3 156 125 312 156
Oemcomma Space -1 4 125 172 421 296
Space B 1 -1 172 140 1950 1778
B O 2 -4 140 94 234 94
O A -1 8 94 109 312 218
A T 1 -4 109 156 468 359
T I 0 -3 156 218 390 234
I N -2 2 218 203 140 -78
N G 1 1 203 124 188 -15
G Oemcomma -1 -3 124 110 670 546
Oemcomma Space -1 4 110 171 1748 1638
Space F 2 0 171 140 1014 843
F I 1 -4 140 78 265 125
I S -1 6 78 94 327 249
S H 0 -4 94 94 312 218
H I 1 -2 94 93 266 172
I N -2 2 93 109 624 531
N G 1 1 109 141 249 140
G Space -2 1 141 141 343 202
Space A 2 3 141 141 312 171
A N -1 -5 141 140 219 78
N D 1 3 140 125 312 172
D Space -2 -1 125 141 171 46
Space S 2 2 141 109 266 125
S W 1 0 109 109 561 452
W I 0 -6 109 94 265 156
I M -2 1 94 93 297 203
M M 0 0 93 93 156 63
M I 2 -1 93 234 218 125
I N -2 2 234 234 156 -78
N G 1 1 234 125 250 16
G OemPeriod -1 -4 125 94 530 405
OemPeriod Space -1 5 94 234 1186 1092
Space Oem7 2 -7 234 140 4368 4134
Oem7 RShiftKey -1 0 140 312 4118 3978
RShiftKey T 2 6 312 156 219 -93
T H -1 -1 156 187 296 140
H E 1 3 187 125 203 16
E Space -3 -1 125 109 203 78
Space C 1 1 109 140 265 156
C R 2 -1 140 171 312 172
R O 0 -5 171 109 437 266
O W 0 7 109 125 327 218
W D -1 -1 125 141 265 140
D Space -2 -1 141 109 188 47
Space L 2 -5 109 110 358 249
L O 1 0 110 78 266 156
O O 0 0 78 93 156 78
O K -1 1 93 109 249 156
K S 0 6 109 125 203 94
S Space -2 -2 125 94 234 109
Space A 2 3 94 140 250 156
A Back 2 -12 140 93 1045 905
Back E -1 10 93 109 702 609
E X -2 1 109 109 624 515
X C 0 -1 109 156 249 140
C I 2 -5 156 94 390 234
I T 0 3 94 94 437 343
T E 0 2 94 109 156 62
E D -1 0 109 124 219 110
D Space -2 -1 124 125 187 63
Space M 1 -3 125 94 655 530
M A 1 6 94 156 234 140
A Y 1 -5 156 78 343 187
Y Space -3 2 78 125 234 156
Space B 1 -1 125 78 328 203
B E 2 2 78 125 234 156
E Space -3 -1 125 78 187 62
Space B 1 -1 78 110 530 452
B E 2 2 110 109 344 234
E C -2 0 109 156 592 483
C A 1 2 156 125 312 156
A U 1 -6 125 94 406 281
U S -1 5 94 125 125 31
S E 1 -1 125 125 249 124
E Space -3 -1 125 78 234 109
Space O 3 -5 78 141 2387 2309
O F -1 5 141 124 219 78
F Space -2 0 124 187 234 110
Space T 3 -1 187 94 374 187
T H -1 -1 94 141 187 93
H E 1 3 141 141 234 93
E Space -3 -1 141 141 156 15
Space A 2 3 141 140 515 374
A Back 2 -12 140 125 905 765
Back S -2 11 125 172 187 62
S R 1 -2 172 93 406 234
R Back 1 -9 93 93 811 718
Back T -1 8 93 110 405 312
T A -1 4 110 109 188 78
A R 1 -3 109 125 296 187
R T 0 -1 125 78 281 156
T Space -3 1 78 78 296 218
Space O 3 -5 78 110 577 499
O F -1 5 110 125 125 15
F Space -2 0 125 125 234 109
Space S 2 2 125 140 640 515
S U 1 -5 140 93 281 141
U M -2 0 93 93 265 172
M M 0 0 93 110 171 78
M E 2 4 110 187 172 62
E R 0 -1 187 172 109 -78
R Space -3 0 172 109 141 -31
Space V 1 0 109 109 312 203
V A 1 3 109 141 171 62
A C -1 -2 141 94 390 249
C A 1 2 94 125 156 62
A T 1 -4 125 124 687 562
T I 0 -3 124 172 140 16
I O 0 -1 172 156 94 -78
O N -2 3 156 109 265 109
N OemPeriod 0 -3 109 110 873 764
OemPeriod Space -1 5 110 218 1280 1170
Space RShiftKey 1 -7 218 406 1856 1638
RShiftKey C 0 8 406 156 281 -125
C H 1 -3 156 78 483 327
H I 1 -2 78 94 281 203
I L -1 -1 94 94 234 140
L D 0 6 94 140 593 499
D R 1 -1 140 219 265 125
R E 0 1 219 140 141 -78
E N -2 -3 140 78 280 140
N Space -1 2 78 125 203 125
Space V 1 0 125 124 765 640
V Back 3 -9 124 109 561 437
Back C -3 10 109 140 203 94
C A 1 2 140 172 265 125
A N -1 -5 172 94 187 15
N Space -1 2 94 93 188 94
Space B 1 -1 93 125 343 250
B E 2 2 125 93 281 156
E Space -3 -1 93 109 187 94
Space S 2 2 109 125 156 47
S E 1 -1 125 109 265 140
E E 0 0 109 109 203 94
E N -2 -3 109 94 171 62
N Space -1 2 94 141 203 109
Space D 2 1 141 203 187 46
D A 0 2 203 203 172 -31
A N -1 -5 203 94 234 31
N C 0 3 94 172 468 374
C I 2 -5 172 234 281 109
I N -2 2 234 203 140 -94
N G 1 1 203 140 219 16
G Space -2 1 140 156 171 31
Space T 3 -1 156 140 1529 1373
T O 0 -4 140 140 203 63
O Space -3 5 140 124 281 141
Space M 1 -3 124 156 483 359
M I 2 -1 156 78 312 156
I Back 1 -5 78 94 546 468
Back U -1 6 94 93 484 390
U S -1 5 93 140 437 344
S I 1 -6 140 109 234 94
I C -2 5 109 172 218 109
C Space -1 -1 172 171 1373 1201
Space A 2 3 171 140 2371 2200
A N -1 -5 140 172 281 141
N D 1 3 172 140 234 62
D Space -2 -1 140 125 234 94
Space E 3 1 125 124 328 203
E N -2 -3 124 94 514 390
N J 1 -1 94 94 796 702
J O 1 -2 94 78 281 187
O Y 0 3 78 109 1139 1061
Y I 0 -2 109 249 468 359
I N -2 2 249 202 156 -93
N G 1 1 202 156 514 312
G OemPeriod -1 -4 156 94 390 234
OemPeriod S 1 7 94 156 1186 1092
S RShiftKey -1 -9 156 437 9422 9266
RShiftKey M 0 4 437 171 344 -93
M Y 2 1 171 109 733 562
Y Space -3 2 109 125 265 156
Space F 2 0 125 110 452 327
F A 0 3 110 125 375 265
A V -1 -3 125 109 343 218
V A 1 3 109 109 172 63
A R 1 -3 109 140 733 624
R O 0 -5 140 109 234 94
O T 0 4 109 140 858 749
T E 0 2 140 125 249 109
E Space -3 -1 125 109 203 78
Space V 1 0 109 109 297 188
V A 1 3 109 109 187 78
A C -1 -2 109 94 249 140
C A 1 2 94 109 188 94
A T 1 -4 109 125 343 234
T I 0 -3 125 156 234 109
I O 0 -1 156 156 78 -78
O N -2 3 156 94 296 140
N Space -1 2 94 124 219 125
Space S 2 2 124 125 655 531
S P 1 -8 125 187 187 62
P O 0 1 187 156 125 -62
O T 0 4 156 125 265 109
T Space -3 1 125 125 140 15
Space I 3 -4 125 140 250 125
I S -1 6 140 172 156 16
S Space -2 -2 172 125 187 15
Space L 2 -5 125 125 265 140
L O 1 0 125 109 188 63
O C -2 6 109 109 499 390
C A 1 2 109 109 187 78
A T 1 -4 109 125 437 328
T E 0 2 125 219 374 249
E D -1 0 219 187 141 -78
D Space -2 -1 187 172 218 31
Space I 3 -4 172 156 374 202
I N -2 2 156 156 172 16
N Space -1 2 156 125 265 109
Space RShiftKey 1 -7 125 561 406 281
RShiftKey RShiftKey 0 0 561 453 4040 3479
RShiftKey I 2 3 453 171 328 -125
I N -2 2 171 109 343 172
N D 1 3 109 125 421 312
D I 1 -5 125 109 172 47
I A -1 7 109 156 203 94
A Oemcomma -1 -7 156 109 405 249
Oemcomma Space -1 4 109 125 250 141
Space RShiftKey 1 -7 125 577 234 109
RShiftKey G 1 6 577 140 421 -156
G O 1 -4 140 110 374 234
O A -1 8 110 156 281 171
A OemPeriod -1 -8 156 109 453 297
OemPeriod Space -1 5 109 187 234 125
Space RShiftKey 1 -7 187 546 655 468
RShiftKey I 2 3 546 203 421 -125
I T 0 3 203 125 359 156
T Space -3 1 125 141 140 15
Space I 3 -4 141 140 297 156
I S -1 6 140 110 202 62
S Space -2 -2 110 94 172 62
Space S 2 2 94 140 203 109
S I 1 -6 140 93 203 63
I M -2 1 93 78 546 453
M I 2 -1 78 109 187 109
I L -1 -1 109 109 234 125
L A 0 8 109 140 203 94
A R 1 -3 140 125 265 125
R Space -3 0 125 125 156 31
Space T 3 -1 125 110 249 124
T O 0 -4 110 109 203 93
O Space -3 5 109 171 250 141
Space T 3 -1 171 125 187 16
T H -1 -1 125 156 203 78
H E 1 3 156 124 203 47
E Space -3 -1 124 109 187 63
Space P 3 -6 109 140 733 624
P I 0 2 140 94 218 78
I C -2 5 94 156 281 187
C U 2 -4 156 109 484 328
U R 0 3 109 250 499 390
R E 0 1 250 156 156 -94
E Space -3 -1 156 94 265 109
Space G 2 -1 94 124 765 671
G I 1 -3 124 125 218 94
I V -2 4 125 109 562 437
V E 2 1 109 109 218 109
E N -2 -3 109 94 468 359
N Space -1 2 94 141 218 124
Space B 1 -1 141 125 936 795
B E 2 2 125 140 406 281
E L -1 -6 140 109 328 188
L O 1 0 109 94 202 93
O W 0 7 94 156 312 218
W OemPeriod -2 -7 156 109 266 110
OemPeriod Space -1 5 109 156 280 171
Space RShiftKey 1 -7 156 406 1217 1061
RShiftKey L 1 2 406 187 312 -94
L O 1 0 187 125 281 94
O T 0 4 125 140 172 47
T S -1 3 140 125 452 312
S Space -2 -2 125 125 156 31
Space O 3 -5 125 187 359 234
O F -1 5 187 125 296 109
F Space -2 0 125 124 219 94
Space B 1 -1 124 109 2792 2668
B E 2 2 109 109 265 156
E A -1 2 109 109 328 219
A C -1 -2 109 140 546 437
C H 1 -3 140 140 187 47
H E 1 3 140 109 203 63
E S -1 1 109 140 281 172
S O 1 -7 140 93 6895 6755
O R 0 5 93 156 499 406
R I 0 -4 156 109 172 16
I T 0 3 109 125 2246 2137
T T 0 0 125 156 4789 4664
T Oemcomma -2 -3 156 94 3198 3042
Oemcomma Space -1 4 94 125 281 187
Space P 3 -6 125 140 3947 3822
P R 0 6 140 125 187 47
R O 0 -5 125 94 218 93
O P 0 -1 94 93 219 125
P Back 1 -3 93 47 1029 936
Back Back 0 0 47 93 141 94
Back Back 0 0 93 125 218 125
Back E -1 10 125 141 858 733
E O 0 -6 141 109 203 62
O P 0 -1 109 94 218 109
P L -1 1 94 124 188 94
L E 1 6 124 140 187 63
E Space -3 -1 140 125 265 125
Space F 2 0 125 140 172 47
F R 1 0 140 156 296 156
R O 0 -5 156 188 140 -16
O M -2 2 188 141 125 -63
M Space -1 3 141 125 265 124
Space A 2 3 125 125 219 94
A L 0 -8 125 62 343 218
L L 0 0 62 94 156 94
L Space -2 5 94 125 296 202
Space O 3 -5 125 94 437 312
O V -2 5 94 110 577 483
V E 2 1 110 172 172 62
E R 0 -1 172 140 125 -47
R Space -3 0 140 141 93 -47
Space T 3 -1 141 125 234 93
T H -1 -1 125 140 172 47
H E 1 3 140 109 203 63
E Space -3 -1 109 125 171 62
Space W 3 2 125 156 578 453
W O 0 -7 156 125 327 171
O R 0 5 125 125 312 187
R L -1 -5 125 93 219 94
L D 0 6 93 141 514 421
D Oemcomma -1 -5 141 78 1404 1263
Oemcomma Space -1 4 78 156 359 281
Space C 1 1 156 156 921 765
C H 1 -3 156 140 234 78
H U 1 -1 140 124 234 94
U R 0 3 124 109 452 328
R C -2 1 109 172 390 281
C H 1 -3 172 109 203 31
H E 1 3 109 94 187 78
E S -1 1 94 125 234 140
S Space -2 -2 125 187 250 125
Space A 2 3 187 125 280 93
A N -1 -5 125 171 188 63
N D 1 3 171 125 202 31
D Space -2 -1 125 124 188 63
Space O 3 -5 124 93 702 578
O L -1 0 93 109 218 125
L D 0 6 109 156 374 265
D E 1 0 156 172 328 172
E N -2 -3 172 78 312 140
N Space -1 2 78 93 203 125
Space P 3 -6 93 125 577 484
P O 0 1 125 93 172 47
O R 0 5 93 109 405 312
R T 0 -1 109 125 265 156
T U 0 -2 125 109 219 94
U G -1 2 109 125 873 764
G U 1 -2 125 109 1233 1108
U E 0 4 109 109 234 125
E S -1 1 109 110 249 140
S E 1 -1 110 125 219 109
E Space -3 -1 125 109 296 171
Space E 3 1 109 156 4353 4244
E S -1 1 156 141 249 93
S E 1 -1 141 141 234 93
E Space -3 -1 141 249 2559 2418
Space A 2 3 249 140 4602 4353
A R 1 -3 140 109 390 250
R T 0 -1 109 141 249 140
T Back 1 -8 141 109 578 437
Back C -3 10 109 156 436 327
C H 1 -3 156 140 250 94
H I 1 -2 140 141 187 47
I T 0 3 141 125 250 109
T E 0 2 125 78 218 93
E C -2 0 78 125 437 359
C T 2 -2 125 125 390 265
T U 0 -2 125 110 296 171
U R 0 3 110 202 188 78
R E 0 1 202 140 140 -62
E Space -3 -1 140 141 608 468
Space E 3 1 141 124 266 125
E T 0 -2 124 94 296 172
T C -2 2 94 172 156 62
C OemPeriod 0 -6 172 110 842 670
OemPeriod Space -1 5 110 188 312 202
Space RShiftKey 1 -7 188 374 13058 12870
RShiftKey A 1 10 374 187 249 -125
A L 0 -8 187 93 297 110
L O 1 0 93 109 234 141
O N -2 3 109 78 312 203
N G 1 1 78 141 327 249
G Space -2 1 141 109 203 62
Space W 3 2 109 171 593 484
W I 0 -6 171 124 281 110
I T 0 3 124 125 374 250
T H -1 -1 125 94 187 62
H Space -2 2 94 156 219 125
Space T 3 -1 156 140 421 265
T H -1 -1 140 140 203 63
H I 1 -2 140 172 218 78
I S -1 6 172 125 218 46
S Space -2 -2 125 172 250 125
Space T 3 -1 172 140 1264 1092
T H -1 -1 140 125 218 78
H E 1 3 125 125 203 78
E Space -3 -1 125 124 203 78
Space G 2 -1 124 141 5007 4883
G O 1 -4 141 109 250 109
O A -1 8 109 172 249 140
A N -1 -5 172 94 203 31
N Space -1 2 94 109 203 109
Space F 2 0 109 140 796 687
F O 1 -5 140 78 327 187
O O 0 0 78 109 172 94
O D -1 6 109 109 203 94
D Space -2 -1 109 141 171 62
Space I 3 -4 141 156 328 187
I S -1 6 156 109 546 390
S Space -2 -2 109 78 218 109
Space N 1 -2 78 109 453 375
N O 2 -3 109 156 312 203
O T 0 4 156 124 234 78
T Space -3 1 124 140 156 32
Space T 3 -1 140 125 171 31
T O 0 -4 125 125 172 47
O Space -3 5 125 140 234 109
Space B 1 -1 140 140 359 219
B E 2 2 140 125 187 47
E Space -3 -1 125 109 187 62
Space M 1 -3 109 125 390 281
M I 2 -1 125 109 234 109
I S -1 6 109 109 281 172
S S 0 0 109 125 171 62
S E 1 -1 125 296 266 141
E D -1 0 296 172 218 -78
D F 0 -1 172 109 16 -156
F OemPeriod -1 -5 109 78 499 390
OemPeriod Space -1 5 78 171 203 125
Space RShiftKey 1 -7 171 375 280 109
RShiftKey T 2 6 375 140 250 -125
T H -1 -1 140 171 281 141
H E 1 3 171 109 218 47
E Space -3 -1 109 78 265 156
Space Back 4 -9 78 94 874 796
Back Back 0 0 94 78 187 93
Back Back 0 0 78 78 172 94
Back Back 0 0 78 78 171 93
Back Back 0 0 78 94 203 125
Back Back 0 0 94 78 1498 1404
Back Back 0 0 78 93 156 78
Back OemPeriod -3 4 93 93 905 812
OemPeriod Space -1 5 93 125 187 94
Space RShiftKey 1 -7 125 234 234 109
RShiftKey T 2 6 234 125 156 -78
T H -1 -1 125 109 281 156
H O 1 -3 109 140 218 109
O U 0 2 140 109 187 47
U G -1 2 109 125 733 624
G H 0 -1 125 109 125 0
H Space -2 2 109 156 234 125
Space T 3 -1 156 125 109 -47
T H -1 -1 125 140 188 63
H E 1 3 140 140 156 16
E Space -3 -1 140 124 234 94
Space E 3 1 124 125 436 312
E N -2 -3 125 94 359 234
N V 0 2 94 140 437 343
V I 2 -4 140 93 203 63
I R 0 4 93 125 249 156
R O 0 -5 125 94 250 125
O N -2 3 94 93 359 265
N M 0 -1 93 140 234 141
M E 2 4 140 124 203 63
E N -2 -3 124 156 140 16
N T 2 1 156 125 203 47
T Space -3 1 125 125 156 31
Space I 3 -4 125 156 296 171
I S -1 6 156 141 234 78
S Space -2 -2 141 110 187 46
Space H 2 -2 110 109 1529 1419
H U 1 -1 109 94 577 468
U M -2 0 94 94 250 156
M I 2 -1 94 93 250 156
I D -1 5 93 141 592 499
D Space -2 -1 141 141 203 62
Space T 3 -1 141 140 297 156
T H -1 -1 140 141 249 109
H E 1 3 141 125 172 31
E Space -3 -1 125 125 234 109
Space B 1 -1 125 141 2324 2199
B E 2 2 141 141 265 124
E A -1 2 141 156 546 405
A C -1 -2 156 156 874 718
C H 1 -3 156 140 546 390
H E 1 3 140 125 187 47
E S -1 1 125 125 250 125
S Space -2 -2 125 156 187 62
Space Back 4 -9 156 125 624 468
Back Oemcomma -3 5 125 109 437 312
Oemcomma Space -1 4 109 94 343 234
Space F 2 0 94 125 359 265
F O 1 -5 125 78 249 124
O O 0 0 78 94 172 94
O D -1 6 94 109 312 218
D Space -2 -1 109 125 234 125
Space A 2 3 125 125 218 93
A N -1 -5 125 172 172 47
N D 1 3 172 140 172 0
D Space -2 -1 140 156 156 16
Space P 3 -6 156 125 421 265
P E 0 7 125 140 312 187
E O 0 -6 140 94 187 47
O P 0 -1 94 93 203 109
P L -1 1 93 125 218 125
L E 1 6 125 109 219 94
E Space -3 -1 109 94 249 140
Space C 1 1 94 188 421 327
C O 2 -6 188 109 297 109
O M -2 2 109 141 171 62
M P 2 -3 141 172 250 109
P E 0 7 172 109 265 93
E N -2 -3 109 93 219 110
N S 1 4 93 172 405 312
S A 0 1 172 172 125 -47
A T 1 -4 172 124 250 78
T E 0 2 124 140 109 -15
E Space -3 -1 140 156 249 109
Space T 3 -1 156 125 156 0
T H -1 -1 125 125 172 47
H A 0 5 125 156 187 62
A T 1 -4 156 125 156 0
T OemPeriod -2 -4 125 109 718 593
OemPeriod S 1 7 109 172 5787 5678
S RShiftKey -1 -9 172 250 7114 6942
RShiftKey T 2 6 250 172 140 -110
T H -1 -1 172 156 312 140
H E 1 3 156 140 188 32
E Space -3 -1 140 141 202 62
Space A 2 3 141 140 328 187
A R 1 -3 140 203 281 141
R E 0 1 203 156 125 -78
E Space -3 -1 156 140 187 31
Space V 1 0 140 109 811 671
V E 2 1 109 140 125 16
E R 0 -1 140 141 249 109
R Y 0 -2 141 109 219 78
Y Space -3 2 109 109 296 187
Space F 2 0 109 125 172 63
F E 1 1 125 202 359 234
E W 0 1 202 172 140 -62
W Space -3 -2 172 156 203 31
Space T 3 -1 156 140 234 78
T H -1 -1 140 109 218 78
H I 1 -2 109 141 234 125
I N -2 2 141 125 281 140
N G 1 1 125 140 484 359
G S 0 3 140 140 156 16
S Space -2 -2 140 156 234 94
Space T 3 -1 156 140 140 -16
T H -1 -1 140 141 187 47
H A 0 5 141 171 219 78
A T 1 -4 171 109 187 16
T Space -3 1 109 124 281 172
Space RShiftKey 1 -7 124 327 390 266
RShiftKey I 2 3 327 156 249 -78
I Space -3 4 156 172 359 203
Space D 2 1 172 125 187 15
D I 1 -5 125 124 297 172
I L -1 -1 124 109 577 453
L I 1 1 109 109 374 265
I K -1 0 109 124 219 110
K E 1 5 124 140 140 16
E Space -3 -1 140 94 218 78
Space Back 4 -9 94 62 968 874
Back Back 0 0 62 78 140 78
Back Back 0 0 78 78 172 94
Back Back 0 0 78 109 140 62
Back Back 0 0 109 94 187 78
Back S -2 11 94 171 765 671
S L 0 -7 171 109 374 203
L I 1 1 109 110 218 109
I K -1 0 110 125 234 124
K E 1 5 125 141 125 0
E Space -3 -1 141 125 187 46
Space I 3 -4 125 234 266 141
I N -2 2 234 187 140 -94
N Space -1 2 187 156 296 109
Space RShiftKey 1 -7 156 328 796 640
RShiftKey B 0 6 328 172 187 -141
B U 2 -2 172 109 328 156
U F -1 3 109 125 265 156
F F 0 0 125 109 187 62
F A 0 3 109 141 421 312
A L 0 -8 141 109 203 62
L O 1 0 109 78 187 78
O Oemcomma -2 1 78 94 312 234
Oemcomma RShiftKey 0 -3 94 1497 578 484
RShiftKey N 0 5 1497 141 561 -936
N Y 2 0 141 125 780 639
Y OemPeriod -2 -3 125 109 375 250
OemPeriod Space -1 5 109 140 312 203
Space RShiftKey 1 -7 140 546 717 577
RShiftKey I 2 3 546 156 437 -109
I Space -3 4 156 188 374 218
Space T 3 -1 188 125 203 15
T Back 1 -8 125 93 1810 1685
Back Back 0 0 93 46 203 110
Back Back 0 0 46 78 124 78
Back RShiftKey -3 2 78 452 1202 1124
RShiftKey I 2 3 452 187 312 -140
I T 0 3 187 140 655 468
T Space -3 1 140 141 218 78
Space H 2 -2 141 109 1654 1513
H A 0 5 109 249 78 -31
A S 0 -1 249 202 125 -124
S Back 2 -11 202 94 3416 3214
Back Oemcomma -3 5 94 109 843 749
Oemcomma Space -1 4 109 156 374 265
Space R 3 0 156 203 5507 5351
R E 0 1 203 140 109 -94
E Space -3 -1 140 125 2231 2091
Space B 1 -1 125 109 624 499
B E 2 2 109 141 452 343
E U 0 -4 141 94 499 358
U T 0 2 94 109 718 624
T I 0 -3 109 78 218 109
I F -1 4 78 125 640 562
F U 1 -3 125 78 265 140
U L -1 -2 78 94 359 281
L Space -2 5 94 125 218 124
Space H 2 -2 125 93 500 375
H O 1 -3 93 125 296 203
O U 0 2 125 109 203 78
U S -1 5 109 140 234 125
S E 1 -1 140 140 265 125
E S -1 1 140 140 234 94
S Oemcomma -1 -6 140 109 546 406
Oemcomma Space -1 4 109 141 218 109
Space G 2 -1 141 78 484 343
G A 0 4 78 140 156 78
A R 1 -3 140 125 312 172
R D -1 1 125 218 328 203
D E 1 0 218 140 140 -78
E N -2 -3 140 78 374 234
N S 1 4 78 125 141 63
S A 0 1 125 156 3884 3759
A Space -2 -3 156 234 3994 3838
Space P 3 -6 234 94 639 405
P L -1 1 94 94 234 140
L Back 2 -4 94 93 422 328
Back Back 0 0 93 63 171 78
Back Oemcomma -3 5 63 109 1186 1123
Oemcomma Space -1 4 109 125 218 109
Space P 3 -6 125 93 172 47
P L -1 1 93 109 187 94
L A 0 8 109 125 218 109
A C -1 -2 125 109 344 219
C E 2 0 109 109 187 78
E S -1 1 109 141 171 62
S Space -2 -2 141 94 156 15
Space T 3 -1 94 156 188 94
T I 0 -3 156 93 234 78
I Back 1 -5 93 93 889 796
Back O -1 4 93 93 281 188
O Space -3 5 93 94 280 187
Space V 1 0 94 141 702 608
V I 2 -4 141 109 172 31
I S -1 6 109 125 390 281
S I 1 -6 125 109 109 -16
I T 0 3 109 124 219 110
T Space -3 1 124 140 686 562
Space E 3 1 140 109 234 94
E T 0 -2 109 94 312 203
T C -2 2 94 140 172 78
C Oemcomma 0 -5 140 78 483 343
Oemcomma Back 3 -5 78 94 437 359
Back OemPeriod -3 4 94 109 343 249
OemPeriod Space -1 5 109 140 250 141
Space RShiftKey 1 -7 140 561 312 172
RShiftKey T 2 6 561 140 468 -93
T H -1 -1 140 156 265 125
H E 1 3 156 125 203 47
E Space -3 -1 125 110 171 46
Space M 1 -3 110 93 344 234
M O 2 -2 93 109 218 125
O S -1 7 109 156 234 125
S T 1 -3 156 109 187 31
T Space -3 1 109 109 250 141
Space A 2 3 109 141 171 62
A M -1 -6 141 109 297 156
M A 1 6 109 140 156 47
A Z -1 0 140 156 780 640
Z I 2 -7 156 249 312 156
I N -2 2 249 187 187 -62
N G 1 1 187 125 624 437
G Space -2 1 125 140 172 47
Space T 3 -1 140 109 187 47
T H -1 -1 109 140 187 78
H I 1 -2 140 171 203 63
I N -2 2 171 141 296 125
N G 1 1 141 109 671 530
G Space -2 1 109 125 265 156
Space I 3 -4 125 140 484 359
I S -1 6 140 156 218 78
S Space -2 -2 156 219 187 31
Space T 3 -1 219 125 281 62
T H -1 -1 125 156 172 47
H E 1 3 156 125 156 0
E Space -3 -1 125 141 171 46
Space N 1 -2 141 110 312 171
N I 2 -2 110 125 281 171
I A -1 7 125 141 780 655
A G 0 -4 141 110 265 124
G A 0 4 110 124 188 78
A R 1 -3 124 109 140 16
R A -1 3 109 109 187 78
A Space -2 -3 109 109 203 94
Space F 2 0 109 140 484 375
F A 0 3 140 172 202 62
A L 0 -8 172 110 234 62
L L 0 0 110 62 297 187
L S 0 7 62 124 203 141
S OemPeriod -1 -7 124 94 1700 1576
OemPeriod Left -1 -2 94 795 406 312
Left Left 0 0 795 109 1014 219
Left Left 0 0 109 109 156 47
Left Left 0 0 109 78 171 62
Left Back 4 -2 78 109 843 765
Back RShiftKey -3 2 109 1061 982 873
RShiftKey N 0 5 1061 156 890 -171
N Back 3 -7 156 110 2854 2698
Back Back 0 0 110 78 2652 2542
Back RShiftKey -3 2 78 327 656 578
RShiftKey F 1 7 327 156 218 -109
F S 0 2 156 172 2418 2262
S Space -2 -2 172 187 6006 5834
Space RShiftKey 1 -7 187 297 811 624
RShiftKey T 2 6 297 125 187 -110
T H -1 -1 125 125 312 187
H E 1 3 125 109 203 78
E Space -3 -1 109 109 203 94
Space U 3 -3 109 93 1061 952
U N -2 1 93 141 171 78
N I 2 -2 141 125 219 78
I V -2 4 125 109 577 452
V E 2 1 109 171 203 94
E R 0 -1 171 172 93 -78
R S -1 2 172 141 312 140
S I 1 -6 141 124 266 125
I T 0 3 124 125 265 141
T Y 0 -1 125 93 156 31
Y Space -3 2 93 140 234 141
Space I 3 -4 140 140 281 141
I S -1 6 140 125 171 31
S Space -2 -2 125 125 187 62
Space W 3 2 125 140 172 47
W E 0 -1 140 110 218 78
E L -1 -6 110 94 234 124
L L 0 0 94 94 172 78
L Space -2 5 94 109 250 156
Space K 2 -4 109 218 265 156
K N -1 2 218 171 125 -93
N O 2 -3 171 141 249 78
O W 0 7 141 171 406 265
W N -2 -4 171 93 234 63
N Space -1 2 93 94 218 125
Space F 2 0 94 141 187 93
F O 1 -5 141 125 219 78
O R 0 5 125 110 171 46
R Space -3 0 110 109 141 31
Space I 3 -4 109 109 281 172
I T 0 3 109 109 530 421
T S -1 3 109 125 203 94
S Space -2 -2 125 109 187 62
Space P 3 -6 109 109 655 546
P R 0 6 109 124 297 188
R O 0 -5 124 94 202 78
O F -1 5 94 156 624 530
F W 1 2 156 125 250 94
W Back 1 -11 125 109 624 499
Back E -1 10 109 109 187 78
E S -1 1 109 109 281 172
S S 0 0 109 78 218 109
S O 1 -7 78 109 172 94
O R 0 5 109 140 172 63
R S -1 2 140 141 280 140
S Space -2 -2 141 172 203 62
Space Back 4 -9 172 94 2496 2324
Back OemPeriod -3 4 94 109 546 452
OemPeriod Space -1 5 109 203 2059 1950
Space RShiftKey 1 -7 203 250 1919 1716
RShiftKey T 2 6 250 156 141 -109
T H -1 -1 156 187 312 156
H E 1 3 187 140 234 47
E Space -3 -1 140 125 218 78
Space L 2 -5 125 141 452 327
L E 1 6 141 125 156 15
E V -2 -1 125 109 266 141
V E 2 1 109 124 156 47
E L -1 -6 124 109 312 188
L Space -2 5 109 141 249 140
Space O 3 -5 141 141 312 171
O F -1 5 141 141 234 93
F Space -2 0 141 140 203 62
Space K 2 -4 140 203 655 515
K N -1 2 203 156 125 -78
N O 2 -3 156 125 265 109
O W 0 7 125 110 343 218
W L -1 -7 110 109 219 109
L E 1 6 109 78 218 109
E D -1 0 78 172 421 343
D G 0 -2 172 125 1420 1248
G E 1 2 125 140 125 0
E Oemcomma -2 -5 140 109 2324 2184
Oemcomma Space -1 4 109 141 234 125
Space Q 3 3 141 156 733 592
Q U 0 -6 156 94 250 94
U A -1 6 94 156 172 78
A L 0 -8 156 94 405 249
L I 1 1 94 94 203 109
I F -1 4 94 125 390 296
F I 1 -4 125 94 187 62
I F -1 4 94 125 780 686
F I 1 -4 125 109 219 94
I C -2 5 109 140 499 390
C A 1 2 140 156 203 63
A T 1 -4 156 125 873 717
T I 0 -3 125 109 234 109
I O 0 -1 109 172 47 -62
O N -2 3 172 156 328 156
N Space -1 2 156 218 920 764
Space A 2 3 218 125 265 47
A N -1 -5 125 156 250 125
N D 1 3 156 109 125 -31
D Space -2 -1 109 124 234 125
Space A 2 3 124 172 1419 1295
A R 1 -3 172 203 312 140
R E 0 1 203 156 125 -78
E A -1 2 156 141 374 218
A S 0 -1 141 140 297 156
S Space -2 -2 140 125 218 78
Space O 3 -5 125 141 468 343
O F -1 5 141 140 203 62
F Space -2 0 140 156 187 47
Space R 3 0 156 203 203 47
R E 0 1 203 140 125 -78
E S -1 1 140 125 374 234
S E 1 -1 125 125 234 109
E A -1 2 125 141 265 140
A R 1 -3 141 125 281 140
R C -2 1 125 188 265 140
C H 1 -3 188 125 234 46
H Space -2 2 125 124 266 141
Space M 1 -3 124 109 343 219
M A 1 6 109 140 203 94
A D 0 -2 140 234 265 125
D E 1 0 234 171 172 -62
E Space -3 -1 171 125 218 47
Space M 1 -3 125 140 858 733
M E 2 4 140 125 187 47
E Space -3 -1 125 125 203 78
Space C 1 1 125 203 296 171
C H 1 -3 203 110 234 31
H O 1 -3 110 78 297 187
O O 0 0 78 94 171 93
O S -1 7 94 141 125 31
S E 1 -1 141 156 265 124
E Space -3 -1 156 109 203 47
Space T 3 -1 109 125 172 63
T H -1 -1 125 140 187 62
H I 1 -2 140 187 156 16
I S -1 6 187 171 359 172
S Space -2 -2 171 125 218 47
Space U 3 -3 125 125 671 546
U N -2 1 125 125 265 140
N I 2 -2 125 109 219 94
I V -2 4 109 125 592 483
V E 2 1 125 172 203 78
E R 0 -1 172 187 78 -94
R S -1 2 187 172 265 78
S I 1 -6 172 125 203 31
I T 0 3 125 124 219 94
T Y 0 -1 124 124 468 344
Y Space -3 2 124 125 327 203
Space O 3 -5 125 109 359 234
O V -2 5 109 124 562 453
V E 2 1 124 171 234 110
E R 0 -1 171 203 62 -109
R Space -3 0 203 94 187 -16
Space O 3 -5 94 94 343 249
O T 0 4 94 94 624 530
T H -1 -1 94 124 266 172
H E 1 3 124 218 156 32
E R 0 -1 218 188 124 -94
R S -1 2 188 156 328 140
S Oemcomma -1 -6 156 110 218 62
Oemcomma Back 3 -5 110 124 1046 936
Back OemPeriod -3 4 124 93 889 765
OemPeriod Back 3 -4 93 109 3338 3245
Back Back 0 0 109 78 437 328
Back S -2 11 78 188 1076 998
S Space -2 -2 188 156 5601 5413
Space RShiftKey 1 -7 156 422 327 171
RShiftKey C 0 8 422 172 281 -141
C L 1 -6 172 93 297 125
L A 0 8 93 125 296 203
A S 0 -1 125 110 296 171
S S 0 0 110 109 219 109
S R 1 -2 109 140 359 250
R O 0 -5 140 78 343 203
O O 0 0 78 78 156 78
O M -2 2 78 124 203 125
M S 1 5 124 140 156 32
S Space -2 -2 140 156 171 31
Space A 2 3 156 156 125 -31
A N -1 -5 156 218 203 47
N D 1 3 218 140 343 125
D Space -2 -1 140 93 203 63
Space L 2 -5 93 109 437 344
L A 0 8 109 125 202 93
A B -1 -4 125 141 702 577
B O 2 -4 141 109 219 78
O R 0 5 109 110 249 140
R A -1 3 110 125 312 202
A T 1 -4 125 109 359 234
T O 0 -4 109 94 234 125
O R 0 5 94 125 468 374
R I 0 -4 125 93 250 125
I E 0 5 93 109 218 125
E S -1 1 109 156 203 94
S Space -2 -2 156 125 203 47
Space A 2 3 125 141 140 15
A R 1 -3 141 202 297 156
R E 0 1 202 156 140 -62
E Space -3 -1 156 109 250 94
Space W 3 2 109 124 546 437
W E 0 -1 124 140 296 172
E L -1 -6 140 94 312 172
L L 0 0 94 78 156 62
L Space -2 5 78 125 265 187
Space E 3 1 125 109 328 203
E Q 0 2 109 125 546 437
Q U 0 -6 125 94 483 358
U I 0 -1 94 94 203 109
I P 0 -2 94 110 577 483
P E 0 7 110 202 266 156
E D -1 0 202 218 109 -93
D Space -2 -1 218 156 265 47
Space A 2 3 156 78 265 109
A N -1 -5 78 172 109 31
N D 1 3 172 156 219 47
D Space -2 -1 156 109 203 47
Space C 1 1 109 140 811 702
C Back 3 -10 140 109 1622 1482
Back A -2 12 109 156 5725 5616
A L 0 -8 156 94 468 312
L L 0 0 94 78 125 31
L Space -2 5 78 156 203 125
Space Back 4 -9 156 94 2262 2106
Back Back 0 0 94 109 172 78
Back Back 0 0 109 109 140 31
Back Back 0 0 109 78 187 78
Back Back 0 0 78 93 141 63
Back OemPeriod -3 4 93 78 1388 1295
OemPeriod Left -1 -2 78 94 1310 1232
Left Left 0 0 94 124 188 94
Left Left 0 0 124 46 234 110
Left Left 0 0 46 125 358 312
Left P 3 1 125 125 1872 1747
P Back 1 -3 125 78 13900 13775
Back P -1 3 78 93 1966 1888
P Back 1 -3 93 94 2277 2184
Back Space -4 9 94 249 1264 1170
Space Back 4 -9 249 109 3744 3495
Back S -2 11 109 187 1872 1763
S S 0 0 187 156 1014 827
S U 1 -5 156 141 48262 48106
U B -2 2 141 110 156 15
B C 0 2 110 156 390 280
C O 2 -6 156 93 297 141
O L -1 0 93 78 265 172
L L 0 0 78 78 172 94
L E 1 6 78 109 171 93
E C -2 0 109 141 234 125
C T 2 -2 141 156 375 234
T I 0 -3 156 187 249 93
I O 0 -1 187 172 109 -78
O N -2 3 172 140 344 172
N D3 3 3 140 140 3354 3214
D3 RShiftKey -3 -8 140 375 592 452
RShiftKey D2 3 9 375 125 219 -156
D2 Y -1 -4 125 110 2667 2542
Y A -1 5 110 156 234 124
A H 0 -5 156 93 297 141
H O 1 -3 93 93 359 266
O O 0 0 93 78 171 78
O OemPeriod -2 0 78 109 1482 1404
OemPeriod C 0 6 109 187 515 406
C O 2 -6 187 234 172 -15
O M -2 2 234 187 156 -78
M Back 3 -6 187 171 5741 5554
Back D -2 10 171 109 7594 7423
D A 0 2 109 141 140 31
A T 1 -4 141 109 172 31
T A -1 4 109 124 125 16
A C -1 -2 124 141 1216 1092
C O 2 -6 141 94 390 249
O L -1 0 94 78 281 187
L L 0 0 78 94 156 78
L E 1 6 94 110 187 93
E C -2 0 110 141 234 124
C T 2 -2 141 140 406 265
T I 0 -3 140 141 265 125
I O 0 -1 141 171 63 -78
O N -2 3 171 141 327 156
N Return 1 -6 141 93 1654 1513
Return A 0 11 93 249 62807 62714
A S 0 -1 249 206 141 -108
S H 0 -4 206 125 392 186
H W 1 4 125 171 289 164
W I 0 -6 171 171 293 122
I N -2 2 171 234 93 -78
N I 2 -2 234 161 172 -62
I A -1 7 161 152 177 16
A RShiftKey -1 -10 152 490 4828 4676
RShiftKey P 2 1 490 199 396 -94
P R 0 6 199 125 350 151
R O 0 -5 125 94 218 93
O J -1 2 94 109 484 390
J E 1 4 109 93 281 172
E C -2 0 93 141 405 312
C T 2 -2 141 110 187 46
T OemMinus 1 -6 110 125 1404 1294
OemMinus D2 0 9 125 125 172 47
