Capital B -1 -5 140 202 1248 1108
B Capital 1 5 202 187 452 250
Capital U 1 -7 187 93 437 250
U F -1 3 93 109 530 437
F F 0 0 109 110 187 78
F A 0 3 110 140 297 187
A L 0 -8 140 110 1029 889
L O 1 0 110 125 172 62
O N -2 3 125 125 281 156
N Space -1 2 125 110 15 -110
Space H 2 -2 110 124 266 156
H A 0 5 124 109 218 94
A S 0 -1 109 125 218 109
S Space -2 -2 125 171 609 484
Space Back 4 -9 171 156 717 546
Back Back 0 0 156 125 203 47
Back Back 0 0 125 109 172 47
Back Back 0 0 109 94 187 78
Back Back 0 0 94 109 172 78
Back Back 0 0 109 94 171 62
Back Space -4 9 94 172 546 452
Space H 2 -2 172 125 952 780
H A 0 5 125 141 218 93
A S 0 -1 141 140 250 109
S Space -2 -2 140 156 187 47
Space E 3 1 156 156 234 78
E Back 1 -10 156 1092 7332 7176
Back Capital -2 13 1092 187 2106 1014
Capital I 1 -8 187 110 296 109
I Capital -1 8 110 156 188 78
Capital Space -2 -4 156 140 187 31
Space L 2 -5 140 141 374 234
L I 1 1 141 125 624 483
I K -1 0 125 125 546 421
K E 1 5 125 172 312 187
E Space -3 -1 172 125 187 15
Space T 3 -1 125 125 843 718
T H -1 -1 125 141 327 202
H E 1 3 141 156 250 109
E Space -3 -1 156 125 218 62
Space W 3 2 125 141 203 78
W E 0 -1 141 156 297 156
E A -1 2 156 156 374 218
A T 1 -4 156 125 312 156
T H -1 -1 125 109 328 203
H E 1 3 109 141 202 93
E R 0 -1 141 109 266 125
R Space -3 0 109 109 187 78
Space I 3 -4 109 93 359 250
I N -2 2 93 109 265 172
N Space -1 2 109 109 281 172
Space Capital 2 4 109 124 1997 1888
Capital B -1 -5 124 125 358 234
B Capital 1 5 125 171 375 250
Capital U 1 -7 171 109 265 94
U F -1 3 109 109 406 297
F F 0 0 109 141 639 530
F A 0 3 141 125 437 296
A L 0 -8 125 109 406 281
L O 1 0 109 110 202 93
O OemPeriod -2 0 110 78 312 202
OemPeriod Space -1 5 78 109 281 203
Space Capital 2 4 109 172 577 468
Capital I 1 -8 172 94 281 109
I Capital -1 8 94 156 156 62
Capital T 1 -5 156 156 531 375
T Oem7 -1 -6 156 110 280 124
Oem7 S 0 9 110 140 328 218
S Space -2 -2 140 125 203 63
Space V 1 0 125 140 265 140
V E 2 1 140 125 312 172
E R 0 -1 125 140 250 125
R Y 0 -2 140 109 312 172
Y Space -3 2 109 109 296 187
Space U 3 -3 109 109 3167 3058
U N -2 1 109 110 249 140
N P 2 -4 110 94 406 296
P R 0 6 94 141 296 202
R E 0 1 141 125 250 109
E D -1 0 125 156 359 234
D I 1 -5 156 109 265 109
I C -2 5 109 140 359 250
C T 2 -2 140 109 265 125
T A -1 4 109 156 203 94
A B -1 -4 156 140 936 780
B L 1 -4 140 125 218 78
L E 1 6 125 172 265 140
E Space -3 -1 172 109 203 31
Space A 2 3 109 156 811 702
A N -1 -5 156 140 266 110
N D 1 3 140 140 624 484
D Space -2 -1 140 109 218 78
Space T 3 -1 109 156 265 156
T H -1 -1 156 125 187 31
H A 0 5 125 156 297 172
A T 1 -4 156 109 203 47
T Space -3 1 109 124 312 203
Space M 1 -3 124 94 358 234
M A 1 6 94 156 250 156
A K 0 -7 156 110 218 62
K E 1 5 110 124 188 78
E S -1 1 124 141 280 156
S Space -2 -2 141 125 219 78
Space I 3 -4 125 124 437 312
I T 0 3 124 141 202 78
T Space -3 1 141 125 234 93
Space M 1 -3 125 109 375 250
M O 2 -2 109 109 296 187
O R 0 5 109 110 265 156
R E 0 1 110 140 219 109
E Space -3 -1 140 109 234 94
Space E 3 1 109 125 296 187
E X -2 1 125 94 593 468
X C 0 -1 94 156 250 156
C I 2 -5 156 109 312 156
I T 0 3 109 140 296 187
T I 0 -3 140 125 234 94
I N -2 2 125 124 250 125
N G 1 1 124 156 327 203
G OemPeriod -1 -4 156 78 437 281
OemPeriod Space -1 5 78 93 281 203
Space Capital 2 4 93 203 10124 10031
Capital I 1 -8 203 125 390 187
I Capital -1 8 125 171 219 94
Capital Space -2 -4 171 125 249 78
Space L 2 -5 125 109 1919 1794
L I 1 1 109 109 359 250
I K -1 0 109 94 265 156
K E 1 5 94 187 281 187
E Back 1 -10 187 562 1263 1076
Back Back 0 0 562 94 827 265
Back Back 0 0 94 93 219 125
Back Back 0 0 93 93 234 141
Back Capital -2 13 93 171 1201 1108
Capital T 1 -5 171 109 546 375
T Capital -1 5 109 172 171 62
Capital H 0 -6 172 110 234 62
H E 1 3 110 156 219 109
E Space -3 -1 156 109 187 31
Space B 1 -1 109 203 5663 5554
B U 2 -2 203 109 671 468
U I 0 -1 109 109 265 156
I L -1 -1 109 110 249 140
L D 0 6 110 156 515 405
D I 1 -5 156 110 265 109
I N -2 2 110 125 250 140
N G 1 1 125 140 640 515
G S 0 3 140 156 421 281
S Space -2 -2 156 109 359 203
Space A 2 3 109 156 1092 983
A N -1 -5 156 109 343 187
N D 1 3 109 156 343 234
D Space -2 -1 156 125 203 47
Space L 2 -5 125 109 359 234
L E 1 6 109 125 296 187
E C -2 0 125 156 312 187
C T 2 -2 156 125 234 78
T U 0 -2 125 109 343 218
U I 0 -1 109 93 16 -93
I R 0 4 93 125 405 312
R E 0 1 125 125 250 125
E Back 1 -10 125 109 796 671
Back Back 0 0 109 109 171 62
Back Back 0 0 109 109 172 63
Back R -1 9 109 140 905 796
R E 0 1 140 156 234 94
E Space -3 -1 156 140 234 78
Space R 3 0 140 172 670 530
R O 0 -5 172 110 312 140
O O 0 0 110 94 156 46
O M -2 2 94 94 250 156
M S 1 5 94 172 234 140
S Space -2 -2 172 109 187 15
Space W 3 2 109 124 999 890
W E 0 -1 124 124 234 110
E R 0 -1 124 125 202 78
R E 0 1 125 125 234 109
E Space -3 -1 125 141 234 109
Space A 2 3 141 141 359 218
A W 1 -1 141 140 250 109
W E 0 -1 140 140 468 328
E S -1 1 140 171 312 172
S O 1 -7 171 93 390 219
O M -2 2 93 125 249 156
M E 2 4 125 171 188 63
E Space -3 -1 171 94 686 515
Space Back 4 -9 94 110 6692 6598
Back OemPeriod -3 4 110 78 500 390
OemPeriod Space -1 5 78 78 343 265
Space Back 4 -9 78 62 1045 967
Back Back 0 0 62 93 874 812
Back Space -4 9 93 188 514 421
Space A 2 3 188 172 1092 904
A N -1 -5 172 125 250 78
N D 1 3 125 124 562 437
D Space -2 -1 124 109 234 110
Space T 3 -1 109 125 14726 14617
T H -1 -1 125 109 406 281
H E 1 3 109 141 280 171
E Space -3 -1 141 109 203 62
Space S 2 2 109 187 2387 2278
S P 1 -8 187 125 655 468
P O 0 1 125 93 484 359
O R 0 5 93 156 390 297
R T 0 -1 156 171 312 156
T I 0 -3 171 93 234 63
I N -2 2 93 109 265 172
N G 1 1 109 156 296 187
G Space -2 1 156 109 219 63
Space F 2 0 109 140 593 484
F A 0 3 140 125 343 203
A C -1 -2 125 156 374 249
C I 2 -5 156 124 219 63
I L -1 -1 124 93 468 344
L I 1 1 93 124 234 141
I T 0 3 124 140 733 609
T I 0 -3 140 125 421 281
I E 0 5 125 125 218 93
E S -1 1 125 124 344 219
S Space -2 -2 124 124 234 110
Space W 3 2 124 140 234 110
W E 0 -1 140 94 249 109
E R 0 -1 94 125 343 249
R E 0 1 125 125 250 125
E Space -3 -1 125 110 296 171
Space A 2 3 110 141 1919 1809
A B -1 -4 141 156 577 436
B U 2 -2 156 94 328 172
U N -2 1 94 109 281 187
N T 2 1 109 171 312 203
T Oemplus 1 -7 171 125 873 702
Oemplus Back 0 -1 125 109 812 687
Back Back 0 0 109 93 187 78
Back D -2 10 93 124 827 734
D A 0 2 124 156 265 141
A N -1 -5 156 125 234 78
N T 2 1 125 187 265 140
T OemPeriod -2 -4 187 94 468 281
OemPeriod Space -1 5 94 141 608 514
Space Capital 2 4 141 218 6085 5944
Capital I 1 -8 218 109 483 265
I Capital -1 8 109 156 250 141
Capital Space -2 -4 156 140 1373 1217
Space W 3 2 140 156 842 702
W O 0 -7 156 93 328 172
O L -1 0 93 110 670 577
L D 0 6 110 156 515 405
D Space -2 -1 156 110 265 109
Space Back 4 -9 110 94 1014 904
Back Back 0 0 94 93 188 94
Back Back 0 0 93 109 187 94
Back U -1 6 109 94 1029 920
U L -1 -2 94 109 531 437
L D 0 6 109 156 967 858
D Space -2 -1 156 109 203 47
Space L 2 -5 109 109 749 640
L I 1 1 109 109 249 140
I K -1 0 109 124 219 110
K E 1 5 124 156 561 437
E Space -3 -1 156 109 234 78
Space T 3 -1 109 156 359 250
T O 0 -4 156 78 265 109
O Space -3 5 78 109 328 250
Space S 2 2 109 124 281 172
S E 1 -1 124 124 312 188
E E 0 0 124 109 171 47
E Space -3 -1 109 125 312 203
Space S 2 2 125 172 967 842
S N -1 -4 172 125 546 374
N O 2 -3 125 109 375 250
O W 0 7 109 141 483 374
W Space -3 -2 141 94 250 109
Space S 2 2 94 156 1607 1513
S K 0 -6 156 125 405 249
K A 0 7 125 141 234 109
A T 1 -4 141 140 531 390
T I 0 -3 140 109 265 125
I N -2 2 109 125 265 156
N G 1 1 125 141 702 577
G Space -2 1 141 109 203 62
Space D 2 1 109 156 1435 1326
D U 1 -4 156 109 250 94
U R 0 3 109 156 265 156
R I 0 -4 156 124 250 94
I N -2 2 124 125 265 141
N G 1 1 125 156 421 296
G Space -2 1 156 125 187 31
Space T 3 -1 125 172 265 140
T H -1 -1 172 93 219 47
H E 1 3 93 171 234 141
E Space -3 -1 171 109 234 63
Space W 3 2 109 156 920 811
W I 0 -6 156 109 250 94
I N -2 2 109 125 249 140
N T 2 1 125 141 281 156
T E 0 2 141 125 312 171
E R 0 -1 125 140 250 125
R OemPeriod -2 -5 140 109 5054 4914
OemPeriod Space -1 5 109 125 343 234
Space Capital 2 4 125 187 10889 10764
Capital T 1 -5 187 125 421 234
T Capital -1 5 125 156 188 63
Capital H 0 -6 156 125 218 62
H E 1 3 125 140 250 125
E Space -3 -1 140 124 234 94
Space E 3 1 124 156 234 110
E D -1 0 156 172 280 124
D U 1 -4 172 124 656 484
U C -2 4 124 172 530 406
C A 1 2 172 156 343 171
A T 1 -4 156 141 499 343
T I 0 -3 141 109 266 125
I O 0 -1 109 94 280 171
O N -2 3 94 94 328 234
N Space -1 2 94 93 281 187
Space I 3 -4 93 94 1029 936
I S -1 6 94 172 437 343
S Space -2 -2 172 141 265 93
Space A 2 3 141 140 250 109
A Space -2 -3 140 109 265 125
Space B 1 -1 109 187 531 422
B I 2 -3 187 109 343 156
I T 0 3 109 140 281 172
T Space -3 1 140 109 234 94
Space H 2 -2 109 125 1123 1014
H E 1 3 125 140 203 78
E C -2 0 140 141 358 218
C T 2 -2 141 140 375 234
T I 0 -3 140 109 312 172
I C -2 5 109 171 312 203
C Space -1 -1 171 109 234 63
Space W 3 2 109 156 1919 1810
W I 0 -6 156 141 327 171
I T 0 3 141 171 328 187
T H -1 -1 171 124 203 32
H Space -2 2 124 125 265 141
Space A 2 3 125 172 265 140
A L 0 -8 172 109 421 249
L K 0 1 109 62 219 110
K L 0 -1 62 62 0 -62
L Space -2 5 62 110 358 296
Space Back 4 -9 110 110 858 748
Back Back 0 0 110 94 234 124
Back Back 0 0 94 93 219 125
Back L -2 4 93 94 1778 1685
L Back 2 -4 94 62 1155 1061
Back Back 0 0 62 109 655 593
Back Back 0 0 109 109 234 125
Back T -1 8 109 171 827 718
T H -1 -1 171 109 234 63
H E 1 3 109 140 234 125
E Space -3 -1 140 125 202 62
Space W 3 2 125 140 328 203
W O 0 -7 140 109 281 141
O R 0 5 109 156 312 203
R K -1 -4 156 109 343 187
K S 0 6 109 140 359 250
S Space -2 -2 140 93 281 141
Space P 3 -6 93 94 5584 5491
P R 0 6 94 171 843 749
R O 0 -5 171 125 296 125
O F -1 5 125 140 328 203
F E 1 1 140 141 296 156
E S -1 1 141 140 281 140
S S 0 0 140 125 203 63
S O 1 -7 125 125 234 109
O R 0 5 125 141 218 93
R S -1 2 141 156 281 140
S Space -2 -2 156 124 250 94
Space A 2 3 124 140 140 16
A R 1 -3 140 140 312 172
R E 0 1 140 125 234 94
E Space -3 -1 125 141 218 93
Space G 2 -1 141 156 468 327
G I 1 -3 156 110 468 312
I V -2 4 110 156 765 655
V I 2 -4 156 109 187 31
I N -2 2 109 94 265 156
N G 1 1 94 156 375 281
G OemPeriod -1 -4 156 125 421 265
OemPeriod Space -1 5 125 93 312 187
Space Capital 2 4 93 202 1607 1514
Capital B -1 -5 202 110 280 78
B Capital 1 5 110 140 250 140
Capital U 1 -7 140 124 328 188
U T 0 2 124 156 312 188
T Space -3 1 156 109 234 78
Space T 3 -1 109 187 4461 4352
T H -1 -1 187 110 265 78
H I 1 -2 110 109 297 187
I S -1 6 109 156 281 172
S Space -2 -2 156 109 218 62
Space W 3 2 109 156 515 406
W H -1 -4 156 110 405 249
H A 0 5 110 172 172 62
A T 1 -4 172 109 328 156
T Space -3 1 109 125 296 187
Space S 2 2 125 140 250 125
S T 1 -3 140 172 374 234
T U 0 -2 172 109 312 140
U D -1 4 109 172 296 187
D E 1 0 172 187 281 109
E N -2 -3 187 125 265 78
N T 2 1 125 156 328 203
T Oem7 -1 -6 156 109 749 593
Oem7 S 0 9 109 109 343 234
S Space -2 -2 109 125 234 125
Space L 2 -5 125 93 1186 1061
L I 1 1 93 109 265 172
I F -1 4 109 125 780 671
F E 1 1 125 141 327 202
E Space -3 -1 141 125 203 62
Space I 3 -4 125 125 702 577
I S -1 6 125 172 515 390
S OemPeriod -1 -7 172 93 437 265
OemPeriod Space -1 5 93 156 19469 19376
Space I 3 -4 156 140 359 203
I S -1 6 140 140 265 125
S Space -2 -2 140 140 624 484
Space Space 0 0 140 187 20654 20514
Space Capital 2 4 187 172 265 78
Capital T 1 -5 172 156 219 47
T Capital -1 5 156 140 156 0
Capital H 0 -6 140 140 234 94
H E 1 3 140 171 203 63
E Space -3 -1 171 125 218 47
Space C 1 1 125 203 6848 6723
C L 1 -6 203 125 390 187
L Oem1 0 -1 125 46 32 -93
Oem1 A 0 9 46 125 280 234
A S 0 -1 125 125 234 109
S S 0 0 125 125 468 343
S Back 2 -11 125 141 983 858
Back Back 0 0 141 109 203 62
Back Back 0 0 109 94 187 78
Back Back 0 0 94 109 156 62
Back A -2 12 109 109 1030 921
A S 0 -1 109 93 234 125
S S 0 0 93 110 171 78
S R 1 -2 110 140 406 296
R O 0 -5 140 109 328 188
O O 0 0 109 94 171 62
O M -2 2 94 125 281 187
M S 1 5 125 156 1466 1341
S Space -2 -2 156 156 219 63
Space A 2 3 156 140 187 31
A N -1 -5 140 109 234 94
N D 1 3 109 141 608 499
D Space -2 -1 141 125 219 78
Space L 2 -5 125 110 483 358
L A 0 8 110 140 219 109
A B -1 -4 140 156 468 328
B O 2 -4 156 110 327 171
O R 0 5 110 140 718 608
R A -1 3 140 156 328 188
A T 1 -4 156 156 405 249
T O 0 -4 156 109 250 94
O R 0 5 109 156 359 250
R I 0 -4 156 109 405 249
I E 0 5 109 109 281 172
E S -1 1 109 156 234 125
S Space -2 -2 156 109 250 94
Space W 3 2 109 124 2496 2387
W E 0 -1 124 109 249 125
E R 0 -1 109 125 234 125
R E 0 1 125 125 234 109
E Space -3 -1 125 125 250 125
Space W 3 2 125 125 1107 982
W E 0 -1 125 140 328 203
E L -1 -6 140 94 530 390
L L 0 0 94 109 172 78
L Space -2 5 109 94 312 203
Space E 3 1 94 156 3167 3073
E Q 0 2 156 140 390 234
Q U 0 -6 140 125 421 281
U I 0 -1 125 109 265 140
I P 0 -2 109 109 250 141
P P 0 0 109 94 171 62
P E 0 7 94 109 250 156
E D -1 0 109 156 203 94
D OemPeriod -1 -6 156 93 1061 905
OemPeriod Back 3 -4 93 172 19281 19188
Back Capital -2 13 172 203 36317 36145
Capital I 1 -8 203 125 265 62
I Capital -1 8 125 156 188 63
Capital Space -2 -4 156 156 171 15
Space H 2 -2 156 140 3089 2933
H A 0 5 140 156 156 16
A V -1 -3 156 125 390 234
V E 2 1 125 141 374 249
E N -2 -3 141 140 250 109
N Oem7 1 -5 140 109 1342 1202
Oem7 T 1 6 109 156 312 203
T Space -3 1 156 124 234 78
Space H 2 -2 124 110 904 780
H A 0 5 110 172 312 202
A N -1 -5 172 125 406 234
N Back 3 -7 125 109 1732 1607
Back Back 0 0 109 109 265 156
Back Back 0 0 109 125 234 125
Back F -2 9 125 172 1903 1778
F O 1 -5 172 109 281 109
O U 0 2 109 125 265 156
U N -2 1 125 125 296 171
N D 1 3 125 140 765 640
D Space -2 -1 140 94 296 156
Space M 1 -3 94 94 1248 1154
M Y 2 1 94 109 905 811
Y Space -3 2 109 125 296 187
Space D 2 1 125 140 1701 1576
D R 1 -1 140 156 234 94
R E 0 1 156 124 281 125
E A -1 2 124 140 296 172
A M -1 -6 140 110 686 546
M Space -1 3 110 109 281 171
Space V 1 0 109 124 843 734
V A 1 3 124 125 358 234
A C -1 -2 125 109 297 172
C A 1 2 109 125 265 156
A T 1 -4 125 172 374 249
T I 0 -3 172 109 328 156
I O 0 -1 109 93 203 94
O N -2 3 93 109 296 203
N Space -1 2 109 109 234 125
Space S 2 2 109 172 437 328
S P 1 -8 172 94 312 140
P O 0 1 94 93 203 109
O T 0 4 93 156 577 484
T Space -3 1 156 124 250 94
Space Y 3 -2 124 110 592 468
Y E 0 3 110 125 250 140
E T 0 -2 125 172 312 187
T OemPeriod -2 -4 172 110 842 670
OemPeriod Space -1 5 110 109 375 265
Space Capital 2 4 109 203 4898 4789
Capital I 1 -8 203 109 297 94
I Capital -1 8 109 140 156 47
Capital Space -2 -4 140 109 265 125
Space W 3 2 109 141 327 218
W O 0 -7 141 110 312 171
O Back 1 -4 110 109 7816 7706
Back Back 0 0 109 109 203 94
Back Back 0 0 109 109 203 94
Back T -1 8 109 172 1622 1513
T Oem7 -1 -6 172 125 577 405
Oem7 S 0 9 125 172 312 187
S Space -2 -2 172 109 250 78
Space T 3 -1 109 109 967 858
T H -1 -1 109 110 296 187
H E 1 3 110 109 219 109
E R 0 -1 109 109 218 109
R E 0 1 109 140 203 94
E Space -3 -1 140 125 265 125
Space I 3 -4 125 109 593 468
I N -2 2 109 93 281 172
N Space -1 2 93 62 31 -62
Space Space 0 0 62 109 234 172
Space M 1 -3 109 78 312 203
M Y 2 1 78 94 265 187
Y Space -3 2 94 125 406 312
Space S 2 2 125 140 749 624
S U 1 -5 140 109 343 203
U B -2 2 109 140 593 484
B Space -1 1 140 140 655 515
Space C 1 1 140 140 281 141
C O 2 -6 140 94 1076 936
O N -2 3 94 109 312 218
N S 1 4 109 109 718 609
S C -1 -1 109 172 296 187
C I 2 -5 172 94 343 171
I O 0 -1 94 109 219 125
O U 0 2 109 125 1060 951
U S -1 5 125 125 250 125
S Space -2 -2 125 109 250 125
Space Left 0 -7 109 733 4087 3978
Left Left 0 0 733 93 1217 484
Left Back 4 -2 93 109 1263 1170
Back OemMinus 0 2 109 93 328 219
OemMinus Right -4 -2 93 686 1170 1077
Right Right 0 0 686 140 1092 406
Right Right 0 0 140 109 265 125
Right Space 0 9 109 156 1201 1092
Space B 1 -1 156 187 2980 2824
B U 2 -2 187 125 327 140
U T 0 2 125 156 250 125
T Space -3 1 156 110 218 62
Space Capital 2 4 110 172 858 748
Capital I 1 -8 172 125 312 140
I Capital -1 8 125 171 188 63
Capital Space -2 -4 171 109 249 78
Space S 2 2 109 109 2278 2169
S T 1 -3 109 156 343 234
T I 0 -3 156 125 187 31
I L -1 -1 125 109 297 172
L L 0 0 109 94 202 93
L Space -2 5 94 125 250 156
Space F 2 0 125 187 328 203
F O 1 -5 187 125 218 31
O U 0 2 125 109 281 156
U N -2 1 109 110 249 140
N D 1 3 110 140 640 530
D Space -2 -1 140 109 203 63
Space I 3 -4 109 110 327 218
I T 0 3 110 156 234 124
T Space -3 1 156 109 219 63
Space I 3 -4 109 93 281 172
I N -2 2 93 109 249 156
N Space -1 2 109 109 219 110
Space R 3 0 109 125 280 171
R E 0 1 125 140 250 125
E A -1 2 140 140 484 344
A L 0 -8 140 109 234 94
L I 1 1 109 109 249 140
I T 0 3 109 141 421 312
T Y 0 -1 141 110 156 15
Y OemPeriod -2 -3 110 93 500 390
OemPeriod Space -1 5 93 124 780 687
Space Capital 2 4 124 202 3744 3620
Capital I 1 -8 202 110 592 390
I Capital -1 8 110 188 1170 1060
Capital Back 2 -13 188 188 5460 5272
Back D -2 10 188 156 12636 12448
D I 1 -5 156 125 234 78
I D -1 5 125 171 219 94
D N -1 -3 171 124 359 188
N Oem7 1 -5 124 109 936 812
Oem7 Y 1 5 109 78 639 530
Y Back 1 -7 78 109 1264 1186
Back T -1 8 109 141 452 343
T Space -3 1 141 109 219 78
Space Back 4 -9 109 94 8533 8424
Back T -1 8 94 171 1342 1248
T Space -3 1 171 140 234 63
Space I 3 -4 140 93 889 749
I S -1 6 93 171 359 266
S Space -2 -2 171 94 249 78
Space F 2 0 94 172 811 717
F U 1 -3 172 109 406 234
U L -1 -2 109 78 452 343
L L 0 0 78 78 188 110
L Back 2 -4 78 156 11949 11871
Back Back 0 0 156 94 312 156
Back Back 0 0 94 78 234 140
Back Back 0 0 78 94 187 109
Back Back 0 0 94 78 203 109
Back Back 0 0 78 78 219 141
Back Back 0 0 78 78 218 140
Back L -2 4 78 78 1279 1201
L O 1 0 78 109 234 156
O O 0 0 109 94 187 78
O K -1 1 94 110 234 140
K S 0 6 110 156 281 171
S Space -2 -2 156 125 203 47
Space A 2 3 125 171 562 437
A Space -2 -3 171 109 296 125
Space Back 4 -9 109 203 3869 3760
Back Back 0 0 203 156 327 124
Back G -2 8 156 141 1997 1841
G R 1 1 141 109 359 218
R E 0 1 109 110 296 187
E E 0 0 110 109 188 78
E N -2 -3 109 109 951 842
N I 2 -2 109 109 406 297
I E 0 5 109 125 327 218
E R 0 -1 125 140 219 94
R Space -3 0 140 140 234 94
Space Back 4 -9 140 562 2246 2106
Back Back 0 0 562 93 952 390
Back I -1 5 93 125 1107 1014
I S -1 6 125 141 468 343
S H 0 -4 141 109 250 109
H Space -2 2 109 125 265 156
Space Back 4 -9 125 1155 3900 3775
Back Capital -2 13 1155 187 2153 998
Capital T 1 -5 187 141 296 109
T Capital -1 5 141 156 188 47
Capital H 0 -6 156 109 218 62
H A 0 5 109 140 234 125
A T 1 -4 140 109 172 32
T Space -3 1 109 125 405 296
Space P 3 -6 125 93 1545 1420
P L -1 1 93 109 218 125
L A 0 8 109 156 218 109
A C -1 -2 156 125 406 250
C E 2 0 125 140 312 187
E Space -3 -1 140 110 218 78
Space L 2 -5 110 109 812 702
L O 1 0 109 109 265 156
O O 0 0 109 93 203 94
O K -1 1 93 93 265 172
K S 0 6 93 124 281 188
S Space -2 -2 124 93 265 141
Space L 2 -5 93 94 655 562
L I 1 1 94 94 234 140
I K -1 0 94 109 234 140
K E 1 5 109 141 265 156
E Space -3 -1 141 93 250 109
Space A 2 3 93 172 421 328
A Space -2 -3 172 110 374 202
Space G 2 -1 110 156 7208 7098
G A 0 4 156 93 390 234
A Capital 0 1 93 78 0 -93
Capital R 1 -4 78 124 468 390
R D -1 1 124 140 234 110
D E 1 0 140 140 234 94
E Back 1 -10 140 125 811 671
Back Back 0 0 125 109 187 62
Back Back 0 0 109 109 172 63
Back Back 0 0 109 78 187 78
Back A -2 12 78 141 1107 1029
A R 1 -3 141 125 375 234
R D -1 1 125 94 249 124
D E 1 0 94 140 219 125
E Back 1 -10 140 109 686 546
Back Back 0 0 109 94 187 78
Back Back 0 0 94 94 172 78
Back Back 0 0 94 109 156 62
Back Capital -2 13 109 156 967 858
Capital A 0 -1 156 110 499 343
A R 1 -3 110 141 1373 1263
R D -1 1 141 156 250 109
D E 1 0 156 156 265 109
E N -2 -3 156 125 312 156
N Space -1 2 125 125 265 140
Space Back 4 -9 125 702 1186 1061
Back Back 0 0 702 62 967 265
Back Space -4 9 62 140 640 578
Space B 1 -1 140 125 514 374
B E 2 2 125 156 234 109
E A -1 2 156 171 297 141
A U 1 -6 171 109 530 359
U T 0 2 109 141 265 156
T I 0 -3 141 124 266 125
I F -1 4 124 140 390 266
F U 1 -3 140 94 280 140
U L -1 -2 94 109 297 203
L Space -2 5 109 109 296 187
Space G 2 -1 109 125 936 827
G A 0 4 125 156 203 78
A R 1 -3 156 109 468 312
R D -1 1 109 125 203 94
D E 1 0 125 156 234 109
E N -2 -3 156 109 983 827
N Space -1 2 109 109 234 125
Space A 2 3 109 141 249 140
A T 1 -4 141 109 234 93
T Space -3 1 109 141 234 125
Space T 3 -1 141 124 297 156
T H -1 -1 124 140 265 141
H E 1 3 140 141 218 78
E Space -3 -1 141 125 203 62
Space E 3 1 125 156 250 125
E N -2 -3 156 93 234 78
N D 1 3 93 141 405 312
D Space -2 -1 141 109 219 78
Space O 3 -5 109 109 343 234
O F -1 5 109 140 546 437
F Space -2 0 140 109 234 94
Space T 3 -1 109 172 249 140
T H -1 -1 172 94 234 62
H E 1 3 94 140 250 156
E Space -3 -1 140 109 250 110
Space W 3 2 109 140 1092 983
W O 0 -7 140 125 280 140
O R 0 5 125 156 281 156
R L -1 -5 156 125 250 94
L D 0 6 125 156 437 312
D OemPeriod -1 -6 156 94 327 171
OemPeriod Space -1 5 94 109 297 203
Space Capital 2 4 109 171 936 827
Capital N -1 -6 171 94 358 187
N Capital 1 6 94 156 312 218
Capital O 1 -9 156 93 266 110
O Space -3 5 93 110 358 265
Space M 1 -3 110 125 8097 7987
M E 2 4 125 125 265 140
E C -2 0 125 156 343 218
C H 1 -3 156 125 328 172
H A 0 5 125 188 249 124
A N -1 -5 188 110 468 280
N I 2 -2 110 109 281 171
I C -2 5 109 124 609 500
C A 1 2 124 125 343 219
A L 0 -8 125 125 218 93
L Space -2 5 125 125 234 109
Space O 3 -5 125 109 281 156
O R 0 5 109 156 390 281
R Space -3 0 156 125 218 62
Space E 3 1 125 156 749 624
E L -1 -6 156 109 297 141
L E 1 6 109 140 265 156
E C -2 0 140 156 265 125
C T 2 -2 156 125 374 218
T R 0 1 125 171 266 141
R O 0 -5 171 109 281 110
O N -2 3 109 125 249 140
N I 2 -2 125 125 250 125
I C -2 5 125 156 359 234
C Space -1 -1 156 124 234 78
Space Back 4 -9 124 920 1747 1623
Back Back 0 0 920 94 1154 234
Back Space -4 9 94 172 655 561
Space Back 4 -9 172 109 1467 1295
Back M -3 6 109 124 1061 952
M A 1 6 124 156 296 172
A C -1 -2 156 156 328 172
C H 1 -3 156 125 265 109
H I 1 -2 125 109 234 109
I N -2 2 109 110 249 140
N E 2 3 110 141 281 171
E S -1 1 141 140 250 109
S Space -2 -2 140 110 249 109
Space O 3 -5 110 94 437 327
O R 0 5 94 156 390 296
R Space -3 0 156 94 234 78
Space E 3 1 94 156 3339 3245
E L -1 -6 156 125 499 343
L E 1 6 125 140 234 109
E C -2 0 140 140 281 141
C T 2 -2 140 140 312 172
T R 0 1 140 156 249 109
R O 0 -5 156 94 265 109
O N -2 3 94 125 250 156
N I 2 -2 125 109 250 125
I C -2 5 109 156 327 218
C Space -1 -1 156 124 219 63
Space D 2 1 124 141 202 78
D E 1 0 141 140 250 109
E V -2 -1 140 156 312 172
V I 2 -4 156 109 234 78
I C -2 5 109 140 312 203
C E 2 0 140 125 281 141
E S -1 1 125 125 265 140
S Space -2 -2 125 125 234 109
Space W 3 2 125 156 156 31
W E 0 -1 156 125 265 109
E R 0 -1 125 109 219 94
R E 0 1 109 140 234 125
E Space -3 -1 140 109 234 94
Space T 3 -1 109 109 7722 7613
T H -1 -1 109 125 358 249
H E 1 3 125 141 234 109
E R 0 -1 141 109 266 125
R E 0 1 109 124 234 125
E OemPeriod -2 -6 124 94 561 437
OemPeriod Space -1 5 94 109 297 203
Space Capital 2 4 109 172 1310 1201
Capital T 1 -5 172 109 250 78
T Capital -1 5 109 125 202 93
Capital H 0 -6 125 109 219 94
H E 1 3 109 156 234 125
E Space -3 -1 156 109 281 125
Space P 3 -6 109 109 1310 1201
P E 0 7 109 188 530 421
E O 0 -6 188 109 297 109
O P 0 -1 109 94 218 109
P L -1 1 94 109 203 109
L E 1 6 109 156 312 203
E Space -3 -1 156 109 203 47
Space A 2 3 109 125 4165 4056
A R 1 -3 125 125 312 187
R E 0 1 125 156 218 93
E Space -3 -1 156 109 266 110
Space S 2 2 109 187 1014 905
S O 1 -7 187 109 312 125
O Space -3 5 109 125 249 140
Space H 2 -2 125 94 468 343
H A 0 5 94 140 250 156
A P 1 -9 140 62 281 141
P P 0 0 62 94 202 140
P Y 0 4 94 109 406 312
Y Space -3 2 109 125 281 172
Space W 3 2 125 156 827 702
W I 0 -6 156 110 280 124
I T 0 3 110 156 437 327
T H -1 -1 156 109 234 78
H Space -2 2 109 109 250 141
Space W 3 2 109 156 499 390
W H -1 -4 156 109 343 187
H A 0 5 109 140 203 94
A T 1 -4 140 125 234 94
T Space -3 1 125 125 281 156
Space T 3 -1 125 124 515 390
T H -1 -1 124 140 296 172
H E 1 3 140 140 234 94
E Y 0 -3 140 94 187 47
Y Space -3 2 94 109 281 187
Space H 2 -2 109 94 1076 967
H A 0 5 94 141 234 140
A V -1 -3 141 109 359 218
V E 2 1 109 141 234 125
E OemPeriod -2 -6 141 94 624 483
OemPeriod Space -1 5 94 93 297 203
Space Capital 2 4 93 187 13915 13822
Capital T 1 -5 187 125 624 437
T Capital -1 5 125 140 234 109
Capital H 0 -6 140 109 234 94
H E 1 3 109 141 249 140
E Y 0 -3 141 94 172 31
Y Space -3 2 94 94 343 249
Space H 2 -2 94 125 1576 1482
H E 1 3 125 171 312 187
E L -1 -6 171 109 343 172
L P 1 -1 109 140 671 562
P E 0 7 140 124 437 297
E D -1 0 124 140 265 141
D Back 2 -10 140 687 920 780
Back A -2 12 687 140 2481 1794
A R 1 -3 140 109 312 172
R E 0 1 109 156 202 93
E Space -3 -1 156 109 219 63
Space H 2 -2 109 125 483 374
H E 1 3 125 171 266 141
E L -1 -6 171 94 530 359
L P 1 -1 94 93 250 156
P I 0 2 93 109 234 141
I N -2 2 109 110 280 171
N G 1 1 110 156 468 358
G Space -2 1 156 94 234 78
Space E 3 1 94 140 2403 2309
E A -1 2 140 109 359 219
A C -1 -2 109 141 327 218
C H 1 -3 141 93 453 312
H Space -2 2 93 109 265 172
Space O 3 -5 109 78 343 234
O T 0 4 78 109 671 593
T H -1 -1 109 93 312 203
H E 1 3 93 109 187 94
E R 0 -1 109 156 218 109
R Space -3 0 156 109 375 219
Space Back 4 -9 109 94 951 842
Back Oemcomma -3 5 94 78 468 374
Oemcomma Space -1 4 78 94 250 172
Space H 2 -2 94 110 842 748
H A 0 5 110 156 234 124
A V -1 -3 156 156 375 219
V I 2 -4 156 93 312 156
I N -2 2 93 110 249 156
N G 1 1 110 156 406 296
G Space -2 1 156 94 234 78
Space F 2 0 94 156 764 670
F U 1 -3 156 109 609 453
U N -2 1 109 93 281 172
N Space -1 2 93 109 234 141
Space A 2 3 109 171 4867 4758
A N -1 -5 171 140 312 141
N D 1 3 140 140 281 141
D Space -2 -1 140 62 234 94
Space T 3 -1 62 156 4461 4399
T H -1 -1 156 124 219 63
H E 1 3 124 141 280 156
E R 0 -1 141 140 219 78
R E 0 1 140 140 234 94
E Space -3 -1 140 109 234 94
Space I 3 -4 109 125 811 702
I S -1 6 125 156 234 109
S Space -2 -2 156 110 218 62
Space N 1 -2 110 125 328 218
N O 2 -3 125 94 296 171
O Space -3 5 94 125 234 140
Space O 3 -5 125 125 281 156
O N -2 3 125 125 265 140
N E 2 3 125 156 297 172
E Space -3 -1 156 93 234 78
Space Back 4 -9 93 624 7675 7582
Back Back 0 0 624 109 1061 437
Back Back 0 0 109 93 203 94
Back L -2 4 93 93 983 890
L I 1 1 93 94 327 234
I T 0 3 94 109 531 437
T E 0 2 109 110 280 171
E R 0 -1 110 141 203 93
R A -1 3 141 156 312 171
A L 0 -8 156 94 359 203
L L 0 0 94 94 140 46
L Y 1 3 94 93 266 172
Y Space -3 2 93 125 249 156
Space N 1 -2 125 109 234 109
N O 2 -3 109 110 265 156
O Space -3 5 110 125 234 124
Space O 3 -5 125 109 375 250
O N -2 3 109 109 265 156
N E 2 3 109 140 312 203
E Space -3 -1 140 93 250 110
Space L 2 -5 93 109 312 219
L O 1 0 109 109 234 125
O O 0 0 109 94 202 93
O K -1 1 94 93 219 125
K I 1 0 93 110 171 78
I N -2 2 110 94 250 140
N G 1 1 94 156 359 265
G Space -2 1 156 93 203 47
Space S 2 2 93 141 795 702
S A 0 1 141 125 250 109
A D 0 -2 125 140 265 140
D Space -2 -1 140 94 234 94
Space O 3 -5 94 140 406 312
O R 0 5 140 141 280 140
R Space -3 0 141 93 266 125
Space G 2 -1 93 125 795 702
G R 1 1 125 140 297 172
R I 0 -4 140 109 265 125
I M -2 1 109 109 234 125
M OemPeriod 0 -2 109 94 951 842
OemPeriod Space -1 5 94 78 297 203
Space Capital 2 4 78 156 1029 951
Capital M -1 -7 156 125 297 141
M Capital 1 7 125 140 265 140
Capital A 0 -1 140 141 296 156
A Y 1 -5 141 93 219 78
Y Space -3 2 93 94 343 250
Space B 1 -1 94 109 1435 1341
B E 2 2 109 140 250 141
E Space -3 -1 140 94 218 78
Space T 3 -1 94 125 4805 4711
T H -1 -1 125 125 296 171
H A 0 5 125 140 266 141
A T 1 -4 140 110 202 62
T Oem7 -1 -6 110 93 656 546
Oem7 S 0 9 93 125 343 250
S Space -2 -2 125 93 203 78
Space H 2 -2 93 125 1419 1326
H O 1 -3 125 124 375 250
O W 0 7 124 140 374 250
W Space -3 -2 140 110 218 78
Space V 1 0 110 171 344 234
V I 2 -4 171 109 296 125
I L -1 -1 109 78 265 156
L L 0 0 78 109 141 63
L A 0 8 109 141 280 171
A G 0 -4 141 140 375 234
G E 1 2 140 125 343 203
E S -1 1 125 109 265 140
S Space -2 -2 109 125 234 125
Space B 1 -1 125 140 905 780
B A 1 4 140 125 359 219
A C -1 -2 125 140 359 234
C K 1 -5 140 109 483 343
K Space -2 4 109 109 234 125
Space I 3 -4 109 110 265 156
I N -2 2 110 125 219 109
N Space -1 2 125 125 218 93
Space Capital 2 4 125 156 312 187
Capital O 1 -9 156 78 515 359
O Back 1 -4 78 109 1326 1248
Back Capital -2 13 109 140 6334 6225
Capital A 0 -1 140 125 327 187
A Capital 0 1 125 156 234 109
Capital N -1 -6 156 125 234 78
N D 1 3 125 140 297 172
D Space -2 -1 140 110 202 62
Space Back 4 -9 110 94 1248 1138
Back Back 0 0 94 94 172 78
Back Back 0 0 94 94 187 93
Back Back 0 0 94 125 2527 2433
Back Capital -2 13 125 140 999 874
Capital A 0 -1 140 109 343 203
A Capital 0 1 109 141 218 109
Capital N -1 -6 141 125 281 140
N D 1 3 125 156 780 655
D Space -2 -1 156 109 219 63
Space Back 4 -9 109 94 1060 951
Back Back 0 0 94 94 172 78
Back Back 0 0 94 94 156 62
Back Back 0 0 94 93 172 78
Back A -2 12 93 141 1294 1201
A Capital 0 1 141 203 1014 873
Capital N -1 -6 203 125 375 172
N D 1 3 125 156 437 312
D Space -2 -1 156 93 187 31
Space Back 4 -9 93 109 827 734
Back Oemcomma -3 5 109 94 592 483
Oemcomma Space -1 4 94 93 266 172
Space M 1 -3 93 110 1528 1435
M O 2 -2 110 94 281 171
O R 0 5 94 141 468 374
R E 0 1 141 140 250 109
E O 0 -6 140 109 296 156
O V -2 5 109 125 577 468
V E 2 1 125 140 219 94
E R 0 -1 140 125 218 78
R Space -3 0 125 125 234 109
Space T 3 -1 125 124 1077 952
T Back 1 -8 124 93 889 765
Back Back 0 0 93 94 483 390
Back Oemcomma -3 5 94 109 765 671
Oemcomma Space -1 4 109 94 265 156
Space T 3 -1 94 109 390 296
T H -1 -1 109 125 281 172
H E 1 3 125 140 187 62
E Y 0 -3 140 109 187 47
Y Space -3 2 109 125 250 141
Space A 2 3 125 109 234 109
A R 1 -3 109 125 296 187
R E 0 1 125 156 281 156
E Space -3 -1 156 109 281 125
Space E 3 1 109 140 1170 1061
E V -2 -1 140 125 312 172
V E 2 1 125 156 296 171
E N -2 -3 156 93 250 94
N Space -1 2 93 109 218 125
Space T 3 -1 109 140 453 344
T R 0 1 140 125 265 125
R E 0 1 125 109 265 140
E A -1 2 109 125 281 172
A T 1 -4 125 125 234 109
T I 0 -3 125 124 437 312
I N -2 2 124 109 265 141
N G 1 1 109 156 390 281
G Space -2 1 156 109 218 62
Space T 3 -1 109 140 219 110
T H -1 -1 140 125 187 47
H E 1 3 125 140 234 109
E Space -3 -1 140 94 265 125
Space T 3 -1 94 93 1030 936
T H -1 -1 93 109 265 172
H E 1 3 109 125 171 62
E Space -3 -1 125 125 219 94
Space A 2 3 125 140 187 62
A N -1 -5 140 109 172 32
N I 2 -2 109 109 249 140
I M -2 1 109 109 219 110
M A 1 6 109 125 249 140
A L 0 -8 125 93 141 16
L S 0 7 93 141 249 156
S Space -2 -2 141 109 219 78
Space A 2 3 109 141 202 93
A S 0 -1 141 125 484 343
S Space -2 -2 125 110 296 171
Space Back 4 -9 110 1232 1982 1872
Back Back 0 0 1232 125 1450 218
Back A -2 12 125 156 968 843
A N -1 -5 156 109 265 109
N I 2 -2 109 109 265 156
I M -2 1 109 125 203 94
M A 1 6 125 125 218 93
A L 0 -8 125 109 141 16
L S 0 7 109 140 296 187
S Space -2 -2 140 109 234 94
Space A 2 3 109 109 250 141
A S 0 -1 109 140 234 125
S Space -2 -2 140 109 218 78
Space T 3 -1 109 156 281 172
T H -1 -1 156 109 187 31
H E 1 3 109 140 562 453
E I 0 -5 140 109 249 109
I R 0 4 109 141 234 125
R Space -3 0 141 109 219 78
Space F 2 0 109 109 390 281
F R 1 0 109 156 249 140
R I 0 -4 156 110 265 109
I E 0 5 110 140 266 156
E N -2 -3 140 125 265 125
N D 1 3 125 125 343 218
D S 0 1 125 125 218 93
S OemPeriod -1 -7 125 109 2840 2715
OemPeriod Space -1 5 109 156 187 78
Space Capital 2 4 156 172 3291 3135
Capital I 1 -8 172 140 250 78
I Capital -1 8 140 141 218 78
Capital N -1 -6 141 109 188 47
N D 1 3 109 156 452 343
D I 1 -5 156 110 218 62
I A -1 7 110 156 375 265
A Space -2 -3 156 94 249 93
Space L 2 -5 94 109 1108 1014
L O 1 0 109 94 265 156
O O 0 0 94 93 172 78
O K -1 1 93 125 218 125
K S 0 6 125 140 250 125
S Space -2 -2 140 109 218 78
Space L 2 -5 109 93 328 219
L I 1 1 93 109 234 141
I K -1 0 109 109 733 624
K E 1 5 109 141 343 234
E Space -3 -1 141 93 172 31
Space I 3 -4 93 109 1154 1061
I N -2 2 109 109 297 188
N Space -1 2 109 93 234 125
Space O 3 -5 93 109 3744 3651
O L -1 0 109 109 265 156
L D 0 6 109 140 312 203
D E 1 0 140 156 234 94
E N -2 -3 156 109 234 78
N Space -1 2 109 125 218 109
Space D 2 1 125 156 936 811
D A 0 2 156 141 343 187
A Y 1 -5 141 94 250 109
Y S -1 4 94 140 250 156
S OemPeriod -1 -7 140 93 390 250
OemPeriod Space -1 5 93 93 343 250
Space Capital 2 4 93 187 2293 2200
Capital I 1 -8 187 110 296 109
I Capital -1 8 110 140 188 78
Capital Space -2 -4 140 125 218 78
Space A 2 3 125 109 640 515
A M -1 -6 109 109 249 140
M Space -1 3 109 124 219 110
Space M 1 -3 124 109 343 219
M I 2 -1 109 125 265 156
I S -1 6 125 109 312 187
S S 0 0 109 140 172 63
S I 1 -6 140 125 187 47
I N -2 2 125 94 374 249
N G 1 1 94 156 546 452
G Space -2 1 156 93 250 94
Space T 3 -1 93 125 1482 1389
T H -1 -1 125 124 172 47
H E 1 3 124 141 280 156
E M -2 -4 141 78 266 125
M OemPeriod 0 -2 78 78 436 358
OemPeriod Space -1 5 78 203 39437 39359
Space Capital 2 4 203 171 1186 983
Capital I 1 -8 171 125 327 156
I Capital -1 8 125 156 219 94
Capital F 0 -4 156 125 780 624
F Space -2 0 125 124 203 78
Space T 3 -1 124 125 670 546
T H -1 -1 125 125 453 328
H E 1 3 125 125 187 62
E R 0 -1 125 125 218 93
R E 0 1 125 140 219 94
E Space -3 -1 140 109 203 63
Space I 3 -4 109 110 592 483
I S -1 6 110 141 281 171
S Space -2 -2 141 125 203 62
Space A 2 3 125 141 218 93
A N -1 -5 141 93 266 125
N Y 2 0 93 109 421 328
Y Space -3 2 109 110 483 374
Space P 3 -6 110 109 656 546
P O 0 1 109 110 202 93
O S -1 7 110 109 328 218
S S 0 0 109 109 187 78
S I 1 -6 109 93 250 141
I B -2 3 93 156 468 375
B I 2 -3 156 110 249 93
I L -1 -1 110 94 234 124
L I 1 1 94 93 219 125
I T 0 3 93 140 281 188
T Y 0 -1 140 93 156 16
Y Oemcomma -2 -2 93 93 546 453
Oemcomma Space -1 4 93 94 280 187
Space Capital 2 4 94 187 718 624
Capital I 1 -8 187 109 343 156
I Capital -1 8 109 156 203 94
Capital Space -2 -4 156 94 265 109
Space W 3 2 94 156 718 624
W O 0 -7 156 93 281 125
O U 0 2 93 94 249 156
U L -1 -2 94 109 281 187
L D 0 6 109 140 640 531
D Space -2 -1 140 93 234 94
Space L 2 -5 93 110 748 655
L I 1 1 110 125 203 93
I K -1 0 125 109 219 94
K E 1 5 109 156 312 203
E Space -3 -1 156 110 202 46
Space T 3 -1 110 141 312 202
T O 0 -4 141 93 344 203
O Space -3 5 93 94 327 234
Space S 2 2 94 125 983 889
S E 1 -1 125 78 312 187
E E 0 0 78 109 172 94
E Space -3 -1 109 109 218 109
Space T 3 -1 109 171 2122 2013
T H -1 -1 171 110 280 109
H E 1 3 110 156 297 187
E M -2 -4 156 93 312 156
M Space -1 3 93 78 249 156
Space B 1 -1 78 109 1576 1498
B A 1 4 109 140 234 125
A C -1 -2 140 156 593 453
C K 1 -5 156 94 218 62
K Space -2 4 94 110 265 171
Space M 1 -3 110 94 437 327
M O 2 -2 94 94 281 187
O Back 1 -4 94 141 967 873
Back Back 0 0 141 109 250 109
Back Back 0 0 109 94 218 109
Back OemPeriod -3 4 94 78 765 671
OemPeriod Capital 1 9 78 187 15615 15537
Capital I 1 -8 187 125 250 63
I Capital -1 8 125 156 203 78
Capital T 1 -5 156 156 452 296
T Space -3 1 156 141 187 31
Space L 2 -5 141 109 936 795
L O 1 0 109 109 219 110
O O 0 0 109 110 202 93
O K -1 1 110 109 219 109
K S 0 6 109 140 234 125
S Space -2 -2 140 109 234 94
Space L 2 -5 109 109 312 203
L I 1 1 109 125 218 109
I K -1 0 125 109 219 94
K E 1 5 109 141 202 93
E Space -3 -1 141 109 219 78
Space A 2 3 109 141 249 140
A Space -2 -3 141 109 219 78
Space P 3 -6 109 172 873 764
P A -1 9 172 156 546 374
A R 1 -3 156 156 843 687
R K -1 -4 156 125 468 312
K Space -2 4 125 94 405 280
Space Back 4 -9 94 125 1935 1841
Back Space -4 9 125 140 1716 1591
Space A 2 3 140 141 218 78
A N -1 -5 141 109 203 62
N D 1 3 109 125 359 250
D Space -2 -1 125 109 203 78
Space T 3 -1 109 140 2215 2106
T H -1 -1 140 125 218 78
H E 1 3 125 141 234 109
E Space -3 -1 141 93 250 109
Space P 3 -6 93 110 327 234
P E 0 7 110 172 328 218
E O 0 -6 172 94 234 62
O P 0 -1 94 109 203 109
P L -1 1 109 109 187 78
L E 1 6 109 125 281 172
E Space -3 -1 125 94 171 46
Space A 2 3 94 156 593 499
A R 1 -3 156 141 343 187
R E 0 1 141 141 281 140
E Space -3 -1 141 78 250 109
Space H 2 -2 78 125 7722 7644
H A 0 5 125 141 249 124
A V -1 -3 141 156 375 234
V I 2 -4 156 109 234 78
I N -2 2 109 110 249 140
N G 1 1 110 156 827 717
G Space -2 1 156 125 219 63
Space F 2 0 125 156 1232 1107
F U 1 -3 156 109 297 141
U N -2 1 109 93 265 156
N Space -1 2 93 94 265 172
Space Back 4 -9 94 749 1248 1154
Back Back 0 0 749 109 1123 374
Back Back 0 0 109 94 421 312
Back Back 0 0 94 94 234 140
Back Back 0 0 94 109 4961 4867
Back P -1 3 109 125 1326 1217
P A -1 9 125 156 343 218
A R 1 -3 156 125 375 219
R T 0 -1 125 156 234 109
T Y 0 -1 156 110 249 93
Y I 0 -2 110 94 281 171
I N -2 2 94 109 234 140
N G 1 1 109 156 281 172
G Space -2 1 156 94 234 78
Space B 1 -1 94 156 1591 1497
B Y 2 -1 156 110 1045 889
Y Back 1 -7 110 125 1498 1388
Back Back 0 0 125 639 515 390
Back Back 0 0 639 110 1263 624
Back Back 0 0 110 484 468 358
Back Back 0 0 484 109 734 250
Back Back 0 0 109 109 312 203
Back Back 0 0 109 94 296 187
Back H -2 7 94 125 3307 3213
H A 0 5 125 156 234 109
A V -1 -3 156 156 343 187
V I 2 -4 156 109 250 94
I N -2 2 109 124 250 141
N G 1 1 124 140 499 375
G Space -2 1 140 109 218 78
Space A 2 3 109 172 281 172
A Space -2 -3 172 109 265 93
Space G 2 -1 109 125 328 219
G R 1 1 125 124 281 156
R E 0 1 124 125 280 156
E A -1 2 125 140 297 172
A T 1 -4 140 109 234 94
T Space -3 1 109 109 296 187
Space T 3 -1 109 156 250 141
T I 0 -3 156 109 187 31
I M -2 1 109 109 250 141
M E 2 4 109 109 218 109
E Space -3 -1 109 93 172 63
Space I 3 -4 93 93 889 796
I N -2 2 93 93 312 219
N Space -1 2 93 94 296 203
Space I 3 -4 94 109 1295 1201
I T 0 3 109 156 187 78
T OemPeriod -2 -4 156 109 328 172
OemPeriod Space -1 5 109 93 281 172
Space Capital 2 4 93 171 4056 3963
Capital M -1 -7 171 140 3494 3323
M Capital 1 7 140 140 281 141
Capital A 0 -1 140 125 374 234
A N -1 -5 125 109 281 156
N Y 2 0 109 94 296 187
Y Space -3 2 94 109 266 172
Space P 3 -6 109 78 608 499
P E 0 7 78 140 406 328
E O 0 -6 140 94 202 62
O P 0 -1 94 93 188 94
P L -1 1 93 110 202 109
L E 1 6 110 141 203 93
E Space -3 -1 141 109 203 62
Space A 2 3 109 109 203 94
A R 1 -3 109 125 296 187
R E 0 1 125 125 250 125
E Space -3 -1 125 93 203 78
Space C 1 1 93 140 1482 1389
C A 1 2 140 156 312 172
A M -1 -6 156 109 265 109
M P 2 -3 109 94 296 187
P I 0 2 94 109 219 125
I N -2 2 109 110 436 327
N G 1 1 110 156 406 296
G Space -2 1 156 109 203 47
Space W 3 2 109 156 7550 7441
W H -1 -4 156 124 531 375
H I 1 -2 124 110 280 156
I L -1 -1 110 125 219 109
L E 1 6 125 141 218 93
E Space -3 -1 141 109 219 78
Space S 2 2 109 187 218 109
S O 1 -7 187 109 250 63
O M -2 2 109 109 234 125
M E 2 4 109 141 405 296
E Space -3 -1 141 94 234 93
Space O 3 -5 94 94 359 265
O T 0 4 94 109 671 577
T H -1 -1 109 141 296 187
H E 1 3 141 141 234 93
E R 0 -1 141 141 234 93
R S -1 2 141 124 1701 1560
S Space -2 -2 124 125 202 78
Space A 2 3 125 125 125 0
A R 1 -3 125 125 312 187
R E 0 1 125 140 219 94
E Space -3 -1 140 124 234 94
Space B 1 -1 124 156 686 562
B O 2 -4 156 109 281 125
O A -1 8 109 141 327 218
A T 1 -4 141 156 375 234
T I 0 -3 156 109 265 109
I N -2 2 109 94 265 156
N G 1 1 94 156 250 156
G OemPeriod -1 -4 156 94 374 218
OemPeriod Space -1 5 94 94 281 187
Space Capital 2 4 94 125 12059 11965
Capital S 0 -2 125 125 312 187
S Capital 0 2 125 156 265 140
Capital O 1 -9 156 109 312 156
O M -2 2 109 125 234 125
M E 2 4 125 140 250 125
E Space -3 -1 140 125 187 47
Space P 3 -6 125 94 421 296
P E 0 7 94 141 452 358
E O 0 -6 141 93 266 125
O P 0 -1 93 109 187 94
P L -1 1 109 125 187 78
L E 1 6 125 140 234 109
E Space -3 -1 140 125 187 47
Space A 2 3 125 141 156 31
A R 1 -3 141 125 343 202
R E 0 1 125 140 250 125
E Space -3 -1 140 109 187 47
Space S 2 2 109 141 2028 1919
S W 1 0 141 156 265 124
W I 0 -6 156 109 359 203
I M -2 1 109 94 265 156
M M 0 0 94 109 141 47
M I 2 -1 109 109 218 109
I N -2 2 109 94 265 156
N G 1 1 94 156 344 250
G Space -2 1 156 93 234 78
Space W 3 2 93 171 2605 2512
W H -1 -4 171 109 312 141
H I 1 -2 109 93 281 172
I L -1 -1 93 109 249 156
L W 1 7 109 156 234 125
W Space -3 -2 156 109 234 78
Space O 3 -5 109 109 328 219
O T 0 4 109 125 702 593
T H -1 -1 125 125 296 171
H E 1 3 125 141 187 62
E R 0 -1 141 109 219 78
R S -1 2 109 141 249 140
S Space -2 -2 141 125 234 93
Space A 2 3 125 140 250 125
A R 1 -3 140 109 484 344
R E 0 1 109 124 234 125
E Space -3 -1 124 94 218 94
Space Back 4 -9 94 889 1139 1045
Back Back 0 0 889 94 1107 218
Back Back 0 0 94 93 219 125
Back Back 0 0 93 109 203 110
Back E -1 10 109 140 967 858
E Space -3 -1 140 124 203 63
Space S 2 2 124 156 1014 890
S O 1 -7 156 109 234 78
O M -2 2 109 125 249 140
M E 2 4 125 140 219 94
E Space -3 -1 140 109 218 78
Space O 3 -5 109 110 530 421
O T 0 4 110 109 578 468
T H -1 -1 109 125 296 187
H E 1 3 125 125 203 78
E R 0 -1 125 141 218 93
R S -1 2 141 140 281 140
S Space -2 -2 140 124 250 110
Space A 2 3 124 125 405 281
A E 1 -2 125 62 359 234
E R 0 -1 62 62 0 -62
R E 0 1 62 141 265 203
E Back 1 -10 141 109 1014 873
Back Back 0 0 109 109 172 63
Back Back 0 0 109 93 156 47
Back R -1 9 93 109 811 718
R E 0 1 109 125 218 109
E Space -3 -1 125 124 266 141
Space C 1 1 124 125 218 94
C A 1 2 125 125 296 171
A T 1 -4 125 109 344 219
T C -2 2 109 156 483 374
C H 1 -3 156 125 328 172
H I 1 -2 125 109 265 140
I N -2 2 109 125 234 125
N G 1 1 125 140 250 125
G Space -2 1 140 125 202 62
Space F 2 0 125 140 328 203
F I 1 -4 140 109 203 63
I S -1 6 109 140 437 328
S H 0 -4 140 93 234 94
H OemPeriod -1 -3 93 109 951 858
OemPeriod Space -1 5 109 140 843 734
Space Capital 2 4 140 203 13572 13432
Capital T 1 -5 203 156 296 93
T Capital -1 5 156 141 234 78
Capital H 0 -6 141 109 312 171
H E 1 3 109 109 250 141
E R 0 -1 109 140 203 94
R Space -3 0 140 140 265 125
Space A 2 3 140 156 249 109
A R 1 -3 156 125 328 172
R E 0 1 125 125 234 109
E Space -3 -1 125 125 265 140
Space S 2 2 125 171 219 94
S O 1 -7 171 109 312 141
O M -2 2 109 124 234 125
M E 2 4 124 156 234 110
E Space -3 -1 156 109 218 62
Space Back 4 -9 109 718 1357 1248
Back Back 0 0 718 124 999 281
Back Back 0 0 124 94 218 94
Back Back 0 0 94 93 328 234
Back E -1 10 93 125 873 780
E Space -3 -1 125 140 172 47
Space A 2 3 140 124 203 63
A R 1 -3 124 125 296 172
R E 0 1 125 125 218 93
E Space -3 -1 125 124 266 141
Space S 2 2 124 140 530 406
S O 1 -7 140 109 250 110
O M -2 2 109 109 249 140
M E 2 4 109 140 203 94
E Space -3 -1 140 94 218 78
Space S 2 2 94 140 219 125
S T 1 -3 140 125 234 94
T A -1 4 125 140 234 109
A L 0 -8 140 125 405 265
L L 0 0 125 93 188 63
L S 0 7 93 125 187 94
S Space -2 -2 125 125 171 46
Space S 2 2 125 141 234 109
S E 1 -1 141 125 281 140
E L -1 -6 125 109 281 156
L L 0 0 109 93 172 63
L I 1 1 93 109 234 141
I N -2 2 109 94 249 140
N G 1 1 94 156 468 374
G Space -2 1 156 125 203 47
Space F 2 0 125 140 390 265
F O 1 -5 140 94 265 125
O O 0 0 94 94 187 93
O D -1 6 94 156 281 187
D Space -2 -1 156 94 421 265
Space A 2 3 94 140 890 796
A N -1 -5 140 109 234 94
N D 1 3 109 140 452 343
D Space -2 -1 140 109 203 63
Space T 3 -1 109 140 312 203
T H -1 -1 140 124 203 63
H E 1 3 124 156 202 78
E Space -3 -1 156 125 219 63
Space P 3 -6 125 109 530 405
P E 0 7 109 141 702 593
E O 0 -6 141 109 219 78
O P 0 -1 109 110 202 93
P L -1 1 110 109 203 93
L E 1 6 109 141 234 125
E Space -3 -1 141 94 265 124
Space A 2 3 94 125 609 515
A R 1 -3 125 156 327 202
R E 0 1 156 141 281 125
E Space -3 -1 141 94 265 124
Space Back 4 -9 94 156 30327 30233
Back Back 0 0 156 141 218 62
Back Back 0 0 141 109 219 78
Back Back 0 0 109 109 390 281
Back L -2 4 109 109 686 577
L O 1 0 109 110 452 343
O O 0 0 110 94 172 62
O K -1 1 94 109 437 343
K Space -2 4 109 124 749 640
Space L 2 -5 124 94 842 718
L I 1 1 94 109 250 156
I K -1 0 109 109 218 109
K E 1 5 109 156 296 187
E Space -3 -1 156 93 219 63
Space T 3 -1 93 109 842 749
T H -1 -1 109 124 297 188
H E 1 3 124 141 249 125
E Y 0 -3 141 109 156 15
Y Space -3 2 109 125 234 125
Space A 2 3 125 140 203 78
A R 1 -3 140 140 312 172
R E 0 1 140 140 234 94
E Space -3 -1 140 110 218 78
Space N 1 -2 110 109 266 156
N O 2 -3 109 109 343 234
O T 0 4 109 156 265 156
T Space -3 1 156 109 187 31
Space I 3 -4 109 94 343 234
I N -2 2 94 109 250 156
N T 2 1 109 125 218 109
T E 0 2 125 125 281 156
E R 0 -1 125 124 219 94
R E 0 1 124 109 234 110
E S -1 1 109 125 265 156
S T 1 -3 125 109 312 187
T E 0 2 109 110 171 62
E D -1 0 110 125 203 93
D Space -2 -1 125 125 562 437
Space I 3 -4 125 109 359 234
I N -2 2 109 94 249 140
N Space -1 2 94 109 219 125
Space I 3 -4 109 109 312 203
I T 0 3 109 156 234 125
T OemPeriod -2 -4 156 94 327 171
OemPeriod Space -1 5 94 78 312 218
Space Capital 2 4 78 203 3744 3666
Capital T 1 -5 203 125 328 125
T Capital -1 5 125 140 187 62
Capital H 0 -6 140 109 234 94
H E 1 3 109 140 234 125
E Space -3 -1 140 124 172 32
Space I 3 -4 124 109 686 562
I T 0 3 109 156 265 156
T E 0 2 156 140 328 172
E M -2 -4 140 93 234 94
M S 1 5 93 140 281 188
S Space -2 -2 140 109 171 31
Space Back 4 -9 109 125 1342 1233
Back Back 0 0 125 109 234 109
Back Back 0 0 109 94 218 109
Back Back 0 0 94 94 203 109
Back Back 0 0 94 78 187 93
Back Back 0 0 78 78 172 94
Back S -2 11 78 156 905 827
S M -1 -5 156 94 249 93
M O 2 -2 94 110 265 171
O K -1 1 110 94 234 124
K E 1 5 94 125 219 125
E Space -3 -1 125 109 187 62
Space F 2 0 109 140 1186 1077
F R 1 0 140 125 296 156
R O 0 -5 125 94 265 140
O M -2 2 94 94 265 171
M Space -1 3 94 94 250 156
Space O 3 -5 94 110 296 202
O N -2 3 110 109 297 187
N E 2 3 109 124 359 250
E Space -3 -1 124 94 218 94
Space S 2 2 94 187 8377 8283
S T 1 -3 187 125 281 94
T A -1 4 125 125 265 140
A L 0 -8 125 93 328 203
L L 0 0 93 78 187 94
L Space -2 5 78 109 265 187
Space I 3 -4 109 109 921 812
I S -1 6 109 172 296 187
S Space -2 -2 172 109 265 93
Space T 3 -1 109 156 2059 1950
T R 0 1 156 140 375 219
R O 0 -5 140 109 3463 3323
O U 0 2 109 93 281 172
U B -2 2 93 172 967 874
B L 1 -4 172 78 281 109
L I 1 1 78 109 218 140
I N -2 2 109 110 265 156
N G 1 1 110 140 297 187
G Space -2 1 140 93 281 141
Space P 3 -6 93 93 1373 1280
P E 0 7 93 156 655 562
E O 0 -6 156 93 234 78
O P 0 -1 93 109 218 125
P L -1 1 109 109 219 110
L E 1 6 109 156 358 249
E Space -3 -1 156 109 203 47
Space I 3 -4 109 109 375 266
I N -2 2 109 94 296 187
N Space -1 2 94 110 218 124
Space A 2 3 110 140 250 140
A Space -2 -3 140 93 203 63
Space N 1 -2 93 109 421 328
N E 2 3 109 156 281 172
E A -1 2 156 141 296 140
A R 1 -3 141 140 328 187
R B -2 -1 140 156 530 390
B Y 2 -1 156 109 328 172
Y Space -3 2 109 125 327 218
Space C 1 1 125 140 874 749
C A 1 2 140 140 359 219
A M -1 -6 140 93 312 172
M P 2 -3 93 78 312 219
P O 0 1 78 78 0 -78
O Space -3 5 78 109 359 281
Space Back 4 -9 109 94 1263 1154
Back Back 0 0 94 78 187 93
Back Space -4 9 78 140 484 406
Space A 2 3 140 171 562 422
A N -1 -5 171 125 343 172
N D 1 3 125 156 624 499
D Space -2 -1 156 109 218 62
Space T 3 -1 109 140 250 141
T H -1 -1 140 110 171 31
H E 1 3 110 140 266 156
E Y 0 -3 140 93 156 16
Y Space -3 2 93 125 249 156
Space A 2 3 125 124 219 94
A R 1 -3 124 141 280 156
R E 0 1 141 109 250 109
E Space -3 -1 109 94 218 109
Space T 3 -1 94 124 188 94
T R 0 1 124 156 249 125
R Y 0 -2 156 125 359 203
Y I 0 -2 125 93 281 156
I N -2 2 93 94 249 156
N G 1 1 94 156 266 172
G Space -2 1 156 109 218 62
Space T 3 -1 109 156 203 94
T O 0 -4 156 78 281 125
O Space -3 5 78 94 327 249
Space C 1 1 94 171 921 827
C O 2 -6 171 94 249 78
O M -2 2 94 109 250 156
M E 2 4 109 141 218 109
E Space -3 -1 141 109 219 78
Space O 3 -5 109 93 312 203
O U 0 2 93 110 280 187
U T 0 2 110 140 219 109
T Space -3 1 140 125 187 47
Space O 3 -5 125 110 296 171
O F -1 5 110 141 312 202
F Space -2 0 141 140 141 0
Space T 3 -1 140 109 359 219
T H -1 -1 109 109 296 187
H A 0 5 109 140 234 125
A T 1 -4 140 94 156 16
T OemPeriod -2 -4 94 109 546 452
OemPeriod Y 2 3 109 131 122229 122120
Y A -1 5 131 185 228 97
A H 0 -5 185 131 388 203
H O 1 -3 131 121 564 433
O O 0 0 121 104 199 78
O Return -1 -3 104 95 1865 1761
Return U 1 5 95 141 41886 41791
U B -2 2 141 143 547 406
B C 0 2 143 143 470 327
C O 2 -6 143 117 330 187
O L -1 0 117 94 226 109
L L 0 0 94 110 141 47
L E 1 6 110 108 229 119
E C -2 0 108 125 249 141
C T 2 -2 125 135 359 234
T I 0 -3 135 123 229 94
I O 0 -1 123 108 217 94
O N -2 3 108 108 267 159
N D3 3 3 108 130 580 472
D3 D -2 0 130 129 6663 6533
D A 0 2 129 129 285 156
A T 1 -4 129 123 192 63
T A -1 4 123 137 170 47
A C -1 -2 137 150 371 234
C O 2 -6 150 111 353 203
O L -1 0 111 98 223 112
L L 0 0 98 108 163 65
L E 1 6 108 109 206 98
E C -2 0 109 128 235 126
C T 2 -2 128 133 344 216
T I 0 -3 133 109 795 662
I O 0 -1 109 96 234 125
O N -2 3 96 97 267 171
N D 1 3 97 189 16671 16574
D U 1 -4 189 120 304 115
U R 0 3 120 148 403 283
R G -1 -1 148 154 242 94
G A 0 4 154 131 263 109
A Capital 0 1 131 156 8740 8609
Capital C -1 -3 156 129 484 328
C Capital 1 3 129 187 310 181
Capital O 1 -9 187 117 407 220
O M -2 2 117 105 451 334
M Space -1 3 105 182 469 364
Space Capital 2 4 182 140 670 488
Capital S 0 -2 140 122 583 443
S Capital 0 2 122 125 268 146
Capital E 1 -3 125 95 314 189
E C -2 0 95 127 256 161
C Space -1 -1 127 134 269 142
Space Capital 2 4 134 171 275 141
Capital P 1 -10 171 97 854 683
P Capital -1 10 97 140 274 177
Capital R 1 -4 140 130 595 455
R O 0 -5 130 123 310 180
O J -1 2 123 106 286 163
J Space -2 3 106 107 299 193
Space D1 4 3 107 97 263 156
D1 Space -4 -3 97 84 131 34
Space Capital 2 4 84 140 1468 1384
Capital S 0 -2 140 111 597 457
S Capital 0 2 111 124 272 161
Capital E 1 -3 124 96 314 190
E S -1 1 96 106 257 161
S S 0 0 106 117 172 66
S I 1 -6 117 97 389 272
I O 0 -1 97 100 430 333
O N -2 3 100 106 248 148
N Space -1 2 106 103 237 131
Space D2 4 2 103 142 446 343
D2 Space -4 -2 142 84 243 101
Space Back 4 -9 84 137 5050 4966
Back E -1 10 137 112 396 259
E C -2 0 112 121 459 347
C T 2 -2 121 154 284 163
T Space -3 1 154 158 481 327
Space RShiftKey 1 -7 158 531 20544 20386
