LShiftKey LShiftKey 0 0 514 218 11419 10905
LShiftKey I 2 -8 218 125 109 -109
I Space -3 4 125 125 125 0
Space L 2 -5 125 93 156 31
L I 1 1 93 78 234 141
I K -1 0 78 93 234 156
K E 1 5 93 141 62 -31
E Space -3 -1 141 94 125 -16
Space T 3 -1 94 109 1092 998
T H -1 -1 109 94 1092 983
H A 0 5 94 125 78 -16
A T 1 -4 125 125 156 31
T Space -3 1 125 78 156 31
Space T 3 -1 78 156 1076 998
T H -1 -1 156 109 141 -15
H E 1 3 109 141 93 -16
E Space -3 -1 141 125 94 -47
Space P 3 -6 125 93 905 780
P U 0 3 93 78 281 188
U B -2 2 78 94 202 124
B L 1 -4 94 62 172 78
L I 1 1 62 93 203 141
I C -2 5 93 78 109 16
C Space -1 -1 78 110 62 -16
Space T 3 -1 110 109 219 109
T R 0 1 109 125 249 140
R A -1 3 125 140 110 -15
A N -1 -5 140 78 124 -16
N S 1 4 78 78 234 156
S P 1 -8 78 78 718 640
P O 0 1 78 109 187 109
O R 0 5 109 94 109 0
R T 0 -1 94 140 375 281
T Space -3 1 140 109 109 -31
Space I 3 -4 109 140 172 63
I S -1 6 140 125 140 0
S Space -2 -2 125 125 31 -94
Space V 1 0 125 109 640 515
V E 2 1 109 141 93 -16
E R 0 -1 141 125 63 -78
R Y 0 -2 125 78 187 62
Y Space -3 2 78 110 140 62
Space C 1 1 110 94 172 62
C O 2 -6 94 94 109 15
O N -2 3 94 109 219 125
N C 0 3 109 125 452 343
C E 2 0 125 140 94 -31
E N -2 -3 140 109 156 16
N Back 3 -7 109 125 436 327
Back Back 0 0 125 109 203 78
Back Back 0 0 109 109 219 110
Back V -3 9 109 109 156 47
V E 2 1 109 109 156 47
E N -2 -3 109 62 218 109
N I 2 -2 62 125 624 562
I E 0 5 125 110 140 15
E N -2 -3 110 109 110 0
N T 2 1 109 110 124 15
T OemPeriod -2 -4 110 31 874 764
OemPeriod Back 3 -4 31 63 1154 1123
Back Space -4 9 63 141 78 15
Space A 2 3 141 140 375 234
A N -1 -5 140 109 109 -31
N D 1 3 109 125 125 16
D Space -2 -1 125 156 62 -63
Space LShiftKey 1 4 156 219 187 31
LShiftKey I 2 -8 219 94 156 -63
I Space -3 4 94 172 47 -47
Space D 2 1 172 124 297 125
D I 1 -5 124 93 187 63
I S -1 6 93 93 125 32
S L 0 -7 93 93 187 94
L I 1 1 93 62 234 141
I K -1 0 62 94 187 125
K E 1 5 94 140 78 -16
E Space -3 -1 140 141 109 -31
Space T 3 -1 141 124 609 468
T H -1 -1 124 94 171 47
H A 0 5 94 171 16 -78
A T 1 -4 171 156 125 -46
T Space -3 1 156 125 109 -47
Space T 3 -1 125 110 3837 3712
T H -1 -1 110 94 94 -16
H W 1 4 94 109 156 62
W E 0 -1 109 94 0 -109
E Back 1 -10 94 109 780 686
Back Back 0 0 109 94 187 78
Back E -1 10 94 156 780 686
E Space -3 -1 156 125 125 -31
Space W 3 2 125 125 187 62
W E 0 -1 125 187 219 94
E A -1 2 187 140 218 31
A T 1 -4 140 16 312 172
T H -1 -1 16 109 421 405
H E 1 3 109 187 47 -62
E R 0 -1 187 78 125 -62
R Space -3 0 78 94 62 -16
Space I 3 -4 94 93 250 156
I S -1 6 93 125 62 -31
S Space -2 -2 125 109 234 109
Space V 1 0 109 78 375 266
V E 2 1 78 110 202 124
E R 0 -1 110 110 78 -32
R Space -3 0 110 125 125 15
Space Back 4 -9 125 140 453 328
Back Y -1 7 140 109 312 172
Y Space -3 2 109 110 202 93
Space U 3 -3 110 78 531 421
U N -2 1 78 93 203 125
N O 2 -3 93 141 249 156
O R 0 5 141 125 172 31
R E 0 1 125 93 78 -47
E D -1 0 93 93 156 63
D U 1 -4 93 78 156 63
U C -2 4 78 62 125 47
C Back 3 -10 62 109 312 250
Back Back 0 0 109 140 187 78
Back Back 0 0 140 93 468 328
Back Back 0 0 93 94 218 125
Back Back 0 0 94 78 203 109
Back Back 0 0 78 110 374 296
Back P -1 3 110 94 484 374
P R 0 6 94 156 140 46
R E 0 1 156 109 125 -31
E D -1 0 109 93 219 110
D I 1 -5 93 141 171 78
I C -2 5 141 109 125 -16
C T 2 -2 109 109 265 156
T A -1 4 109 140 125 16
A B -1 -4 140 78 109 -31
B L 1 -4 78 78 281 203
L E 1 6 78 94 140 62
E OemPeriod -2 -6 94 94 1451 1357
OemPeriod Space -1 5 94 109 3916 3822
Space LShiftKey 1 4 109 281 187 78
LShiftKey T 2 -5 281 94 218 -63
T H -1 -1 94 94 250 156
H E 1 3 94 109 109 15
E Space -3 -1 109 125 78 -31
Space B 1 -1 125 125 796 671
B U 2 -2 125 63 171 46
U I 0 -1 63 78 203 140
I L -1 -1 78 109 203 125
L D 0 6 109 124 94 -15
D I 1 -5 124 78 140 16
I N -2 2 78 125 203 125
N G 1 1 125 47 140 15
G S 0 3 47 125 187 140
S Space -2 -2 125 124 110 -15
Space A 2 3 124 125 327 203
A N -1 -5 125 125 109 -16
N D 1 3 125 109 110 -15
D Space -2 -1 109 124 78 -31
Space T 3 -1 124 110 202 78
T H -1 -1 110 94 484 374
H E 1 3 94 156 109 15
E Space -3 -1 156 125 78 -78
Space L 2 -5 125 141 390 265
L E 1 6 141 156 78 -63
E C -2 0 156 78 172 16
C T 2 -2 78 93 780 702
T U 0 -2 93 78 93 0
U R 0 3 78 171 110 32
R E 0 1 171 140 78 -93
E Space -3 -1 140 140 78 -62
Space R 3 0 140 156 202 62
R O 0 -5 156 63 156 0
O O 0 0 63 94 156 93
O M -2 2 94 62 344 250
M S 1 5 62 125 202 140
S Space -2 -2 125 140 94 -31
Space A 2 3 140 171 203 63
A R 1 -3 171 172 218 47
R E 0 1 172 171 63 -109
E Space -3 -1 171 156 78 -93
Space G 2 -1 156 141 639 483
G O 1 -4 141 110 187 46
O O 0 0 110 78 188 78
O D -1 6 78 109 62 -16
D OemPeriod -1 -6 109 78 374 265
OemPeriod Space -1 5 78 93 1389 1311
Space LShiftKey 1 4 93 515 577 484
LShiftKey C 0 -3 515 94 452 -63
C A 1 2 94 125 250 156
A M -1 -6 125 94 140 15
M P 2 -3 94 46 266 172
P U 0 3 46 93 421 375
U S -1 5 93 109 156 63
S Space -2 -2 109 124 125 16
Space D 2 1 124 140 218 94
D I 1 -5 140 78 172 32
I N -2 2 78 94 218 140
N I 2 -2 94 94 234 140
I N -2 2 94 94 218 124
N G 1 1 94 141 78 -16
G Space -2 1 141 109 94 -47
Space I 3 -4 109 156 1014 905
I S -1 6 156 125 109 -47
S Space -2 -2 125 140 63 -62
Space P 3 -6 140 109 171 31
P R 0 6 109 125 78 -31
R E 0 1 125 109 78 -47
E T 0 -2 109 78 156 47
T T 0 0 78 109 156 78
T Y 0 -1 109 78 109 0
Y Space -3 2 78 124 110 32
Space G 2 -1 124 125 748 624
G O 1 -4 125 93 422 297
O O 0 0 93 78 202 109
O D -1 6 78 125 141 63
D Space -2 -1 125 94 374 249
Space W 3 2 94 93 172 78
W I 0 -6 93 94 187 94
I T 0 3 94 110 140 46
T H -1 -1 110 78 141 31
H Space -2 2 78 109 47 -31
Space A 2 3 109 140 156 47
A Space -2 -3 140 94 93 -47
Space L 2 -5 94 109 156 62
L O 1 0 109 93 219 110
O T 0 4 93 94 1029 936
T Space -3 1 94 94 109 15
Space O 3 -5 94 47 172 78
O F -1 5 47 125 671 624
F Space -2 0 125 141 62 -63
Space A 2 3 141 93 219 78
A Back 2 -12 93 125 452 359
Back O -1 4 125 63 265 140
O P 0 -1 63 93 172 109
P T 0 5 93 109 125 32
T I 0 -3 109 78 140 31
I O 0 -1 78 109 156 78
O N -2 3 109 62 234 125
N S 1 4 62 78 78 16
S OemPeriod -1 -7 78 78 328 250
OemPeriod Space -1 5 78 78 2230 2152
Space LShiftKey 1 4 78 531 437 359
LShiftKey I 2 -8 531 94 421 -110
I Space -3 4 94 125 125 31
Space T 3 -1 125 93 219 94
T H -1 -1 93 93 78 -15
H I 1 -2 93 94 218 125
I N -2 2 94 94 234 140
N K 1 -2 94 125 468 374
K Space -2 4 125 140 250 125
Space W 3 2 140 140 468 328
W H -1 -4 140 93 109 -31
H Back 2 -7 93 94 452 359
Back Back 0 0 94 125 187 93
Back T -1 8 125 125 297 172
T H -1 -1 125 109 140 15
H A 0 5 109 141 78 -31
A T 1 -4 141 125 94 -47
T Space -3 1 125 141 93 -32
Space T 3 -1 141 141 156 15
T H -1 -1 141 109 125 -16
H E 1 3 109 140 63 -46
E Space -3 -1 140 124 78 -62
Space S 2 2 124 94 218 94
S C -1 -1 94 125 218 124
C H 1 -3 125 93 141 16
H O 1 -3 93 109 265 172
O O 0 0 109 63 218 109
O L -1 0 63 124 188 125
L Space -2 5 124 78 15 -109
Space H 2 -2 78 93 874 796
H A 0 5 93 172 62 -31
A S 0 -1 172 125 78 -94
S Space -2 -2 125 125 109 -16
Space E 3 1 125 109 3401 3276
E N -2 -3 109 93 94 -15
N Back 3 -7 93 546 1497 1404
Back Back 0 0 546 78 734 188
Back Back 0 0 78 78 218 140
Back Back 0 0 78 125 218 140
Back D -2 10 125 78 375 250
D O 1 -6 78 94 109 31
O E 0 6 94 93 125 31
E S -1 1 93 125 31 -62
S N -1 -4 125 94 109 -16
N Oem7 1 -5 94 110 624 530
Oem7 T 1 6 110 125 63 -47
T Space -3 1 125 125 62 -63
Space H 2 -2 125 125 265 140
H A 0 5 125 93 110 -15
A V -1 -3 93 78 140 47
V E 2 1 78 125 62 -16
E Space -3 -1 125 109 110 -15
Space E 3 1 109 125 171 62
E N -2 -3 125 78 94 -31
N O 2 -3 78 124 281 203
O U 0 2 124 94 280 156
U G -1 2 94 141 78 -16
G H 0 -1 141 78 156 15
H Space -2 2 78 124 32 -46
Space I 3 -4 124 94 218 94
I N -2 2 94 94 234 140
N D 1 3 94 78 140 46
D O 1 -6 78 109 281 203
O O 0 0 109 110 187 78
O R 0 5 110 109 94 -16
R Space -3 0 109 125 78 -31
Space F 2 0 125 125 749 624
F A 0 3 125 141 140 15
A I 1 -7 141 78 219 78
I C -2 5 78 109 93 15
C I 2 -5 109 78 203 94
I L -1 -1 78 94 234 156
L Back 2 -4 94 109 312 218
Back Back 0 0 109 93 203 94
Back Back 0 0 93 78 187 94
Back Back 0 0 78 109 187 109
Back C -3 10 109 109 281 172
C I 2 -5 109 94 156 47
I L -1 -1 94 110 218 124
L I 1 1 110 94 234 124
I T 0 3 94 156 78 -16
T I 0 -3 156 109 562 406
I E 0 5 109 141 62 -47
E S -1 1 141 125 47 -94
S OemPeriod -1 -7 125 63 702 577
OemPeriod Space -1 5 63 109 141 78
Space LShiftKey 1 4 109 593 4820 4711
LShiftKey LShiftKey 0 0 593 343 8471 7878
LShiftKey I 2 -8 343 109 218 -125
I Space -3 4 109 125 125 16
Space T 3 -1 125 125 203 78
T H -1 -1 125 93 78 -47
H I 1 -2 93 93 234 141
I N -2 2 93 62 234 141
N K 1 -2 62 109 218 156
K Space -2 4 109 125 94 -15
Space S 2 2 125 78 281 156
S Back 2 -11 78 110 436 358
Back A -2 12 110 125 78 -32
A Space -2 -3 125 140 188 63
Space S 2 2 140 93 312 172
S Q 1 1 93 94 873 780
Q U 0 -6 94 78 187 93
U A -1 6 78 109 125 47
A S 0 -1 109 110 265 156
S H 0 -4 110 94 156 46
H Space -2 2 94 109 110 16
Space C 1 1 109 109 218 109
C O 2 -6 109 109 125 16
O U 0 2 109 94 327 218
U R 0 3 94 109 203 109
R T 0 -1 109 172 234 125
T Back 1 -8 172 811 952 780
Back Back 0 0 811 94 1107 296
Back Back 0 0 94 124 188 94
Back Back 0 0 124 141 249 125
Back R -1 9 141 156 250 109
R E 0 1 156 109 109 -47
E C -2 0 109 93 437 328
C R 2 -1 93 187 265 172
R E 0 1 187 140 125 -62
E A -1 2 140 172 171 31
A T 1 -4 172 125 156 -16
T I 0 -3 125 78 141 16
I O 0 -1 78 62 187 109
O N -2 3 62 62 234 172
N A 1 5 62 125 125 63
A L 0 -8 125 93 156 31
L Space -2 5 93 109 125 32
Space R 3 0 109 124 156 47
R O 0 -5 124 93 312 188
O O 0 0 93 78 171 78
O M -2 2 78 109 219 141
M S 1 5 109 78 124 15
S Space -2 -2 78 93 63 -15
Space W 3 2 93 93 156 63
W I 0 -6 93 78 140 47
I T 0 3 78 109 219 141
T H -1 -1 109 78 171 62
H Space -2 2 78 125 125 47
Space LShiftKey 1 4 125 452 562 437
LShiftKey T 2 -5 452 109 249 -203
T A -1 4 109 125 484 375
A B -1 -4 125 78 156 31
B L 1 -4 78 109 312 234
L E 1 6 109 156 125 16
E Space -3 -1 156 63 124 -32
Space T 3 -1 63 109 141 78
T E 0 2 109 94 187 78
E N -2 -3 94 47 203 109
N N 0 0 47 78 140 93
N I 2 -2 78 109 234 156
I S -1 6 109 109 78 -31
S Space -2 -2 109 125 94 -15
Space A 2 3 125 156 1404 1279
A N -1 -5 156 109 156 0
N D 1 3 109 187 125 16
D Space -2 -1 187 141 124 -63
Space F 2 0 141 156 936 795
F O 1 -5 156 93 453 297
O O 0 0 93 94 187 94
O S -1 7 94 93 125 31
S B -1 -3 93 109 296 203
B A 1 4 109 109 94 -15
A L 0 -8 109 94 249 140
L L 0 0 94 78 188 94
L Space -2 5 78 125 109 31
Space A 2 3 125 156 171 46
A R 1 -3 156 125 156 0
R E 0 1 125 141 78 -47
E Space -3 -1 141 109 110 -31
Space N 1 -2 109 94 124 15
N E 2 3 94 110 78 -16
E E 0 0 110 125 172 62
E D -1 0 125 125 156 31
D E 1 0 125 156 125 0
E D -1 0 156 78 140 -16
D OemPeriod -1 -6 78 63 624 546
OemPeriod Space -1 5 63 94 1794 1731
Space LShiftKey 1 4 94 312 375 281
LShiftKey I 2 -8 312 94 249 -63
I Space -3 4 94 94 156 62
Space F 2 0 94 125 156 62
F I 1 -4 125 109 94 -31
I N -2 2 109 125 234 125
N D 1 3 125 94 93 -32
D Space -2 -1 94 78 94 0
Space T 3 -1 78 109 156 78
T H -1 -1 109 110 62 -47
H E 1 3 110 156 188 78
E Space -3 -1 156 125 93 -63
Space E 3 1 125 110 265 140
E D -1 0 110 110 156 46
D U 1 -4 110 140 141 31
U A -1 6 140 110 93 -47
A C -1 -2 110 109 141 31
C A 1 2 109 141 327 218
A T 1 -4 141 124 188 47
T I 0 -3 124 94 93 -31
I O 0 -1 94 94 187 93
O N -2 3 94 63 234 140
N Space -1 2 63 110 78 15
Space Back 4 -9 110 702 500 390
Back Back 0 0 702 62 998 296
Back U -1 6 62 94 858 796
U C -2 4 94 109 94 0
C A 1 2 109 124 78 -31
A T 1 -4 124 125 171 47
T I 0 -3 125 94 109 -16
I O 0 -1 94 78 188 94
O N -2 3 78 93 234 156
N Space -1 2 93 125 109 16
Space C 1 1 125 140 156 31
C H 1 -3 140 109 125 -15
H A 0 5 109 110 124 15
A L 0 -8 110 47 406 296
L L 0 0 47 93 172 125
L E 1 6 93 93 156 63
E N -2 -3 93 63 171 78
N G 1 1 63 109 484 421
G I 1 -3 109 62 125 16
I N -2 2 62 93 234 172
N G 1 1 93 109 93 0
G Space -2 1 109 140 63 -46
Space A 2 3 140 140 452 312
A N -1 -5 140 94 156 16
N D 1 3 94 109 78 -16
D Space -2 -1 109 109 78 -31
Space D 2 1 109 141 1856 1747
D E 1 0 141 125 78 -63
E M -2 -4 125 109 141 16
M Back 3 -6 109 1029 671 562
Back Back 0 0 1029 109 1248 219
Back D -2 10 109 140 468 359
D E 1 0 140 125 109 -31
E M -2 -4 125 109 281 156
M A 1 6 109 124 78 -31
A N -1 -5 124 93 156 32
N D 1 3 93 125 187 94
D I 1 -5 125 93 125 0
I N -2 2 93 94 218 125
N G 1 1 94 124 94 0
G OemPeriod -1 -4 124 47 1575 1451
OemPeriod Space -1 5 47 110 109 62
Space LShiftKey 1 4 110 140 266 156
LShiftKey LShiftKey 0 0 140 234 171 31
LShiftKey LShiftKey 0 0 234 874 265 31
LShiftKey T 2 -5 874 109 890 16
T H -1 -1 109 63 514 405
H Back 2 -7 63 109 250 187
Back Back 0 0 109 93 203 94
Back LShiftKey -3 13 93 281 140 47
LShiftKey T 2 -5 281 124 141 -140
T H -1 -1 124 109 187 63
H E 1 3 109 125 171 62
E Space -3 -1 125 109 110 -15
Space P 3 -6 109 47 374 265
P R 0 6 47 78 343 296
R O 0 -5 78 78 203 125
O F -1 5 78 78 343 265
F E 1 1 78 78 375 297
E S -1 1 78 78 218 140
S S 0 0 78 78 187 109
S O 1 -7 78 109 94 16
O R 0 5 109 140 156 47
R S -1 2 140 140 156 16
S Space -2 -2 140 109 125 -15
Space A 2 3 109 124 312 203
A R 1 -3 124 125 171 47
R E 0 1 125 140 63 -62
E Space -3 -1 140 125 93 -47
Space V 1 0 125 109 468 343
V E 2 1 109 171 141 32
E R 0 -1 171 63 124 -47
R Y 0 -2 63 62 110 47
Y Space -3 2 62 125 265 203
Space K 2 -4 125 78 203 78
K N -1 2 78 78 218 140
N O 2 -3 78 78 265 187
O W 0 7 78 94 156 78
W K -1 -6 94 78 1123 1029
K E 1 5 78 140 94 16
E A -1 2 140 125 140 0
A D 0 -2 125 109 125 0
D A 0 2 109 94 265 156
A Back 2 -12 94 62 609 515
Back Back 0 0 62 109 390 328
Back Back 0 0 109 93 203 94
Back Back 0 0 93 109 187 94
Back Back 0 0 109 93 234 125
Back L -2 4 93 94 1185 1092
L E 1 6 94 140 63 -31
E D -1 0 140 124 827 687
D G 0 -2 124 93 421 297
G E 1 2 93 125 78 -15
E A -1 2 125 125 249 124
A B -1 -4 125 78 141 16
B L 1 -4 78 63 249 171
L E 1 6 63 110 78 15
E Space -3 -1 110 62 609 499
Space Back 4 -9 62 125 936 874
Back OemPeriod -3 4 125 78 1029 904
OemPeriod Space -1 5 78 125 125 47
Space LShiftKey 1 4 125 406 390 265
LShiftKey T 2 -5 406 125 281 -125
T H -1 -1 125 109 343 218
H E 1 3 109 109 125 16
E Space -3 -1 109 94 78 -31
Space C 1 1 94 125 281 187
C L 1 -6 125 109 203 78
L A 0 8 109 109 452 343
A S 0 -1 109 78 265 156
S S 0 0 78 94 187 109
S R 1 -2 94 124 266 172
R O 0 -5 124 47 171 47
O O 0 0 47 94 156 109
O M -2 2 94 93 297 203
M S 1 5 93 93 109 16
S Space -2 -2 93 140 78 -15
Space A 2 3 140 141 608 468
A N -1 -5 141 109 125 -16
N D 1 3 109 124 94 -15
D Space -2 -1 124 109 78 -46
Space L 2 -5 109 141 202 93
L A 0 8 141 109 110 -31
A B -1 -4 109 125 265 156
B O 2 -4 125 78 343 218
O R 0 5 78 125 156 78
R A -1 3 125 156 172 47
A T 1 -4 156 94 249 93
T O 0 -4 94 124 921 827
O R 0 5 124 62 156 32
R I 0 -4 62 110 124 62
I E 0 5 110 125 78 -32
E S -1 1 125 125 47 -78
S Space -2 -2 125 125 109 -16
Space A 2 3 125 156 188 63
A R 1 -3 156 140 140 -16
R E 0 1 140 125 78 -62
E Space -3 -1 125 109 78 -47
Space Back 4 -9 109 94 8174 8065
Back Back 0 0 94 93 188 94
Back Back 0 0 93 78 187 94
Back Back 0 0 78 78 374 296
Back H -2 7 78 110 655 577
H A 0 5 110 78 125 15
A V -1 -3 78 78 125 47
V E 2 1 78 125 78 0
E Space -3 -1 125 78 109 -16
Space T 3 -1 78 125 203 125
T H -1 -1 125 110 140 15
H E 1 3 110 140 94 -16
E Space -3 -1 140 124 94 -46
Space R 3 0 124 156 561 437
R E 0 1 156 94 577 421
E Q 0 2 94 141 125 31
Q U 0 -6 141 78 172 31
U I 0 -1 78 94 218 140
I S -1 6 94 93 94 0
S I 1 -6 93 140 125 32
I T 0 3 140 141 124 -16
T E 0 2 141 141 312 171
E Space -3 -1 141 125 203 62
Space F 2 0 125 94 468 343
F A 0 3 94 156 109 15
A C -1 -2 156 125 172 16
C I 2 -5 125 78 109 -16
I L -1 -1 78 125 203 125
L I 1 1 125 109 250 125
I T 0 3 109 109 93 -16
T I 0 -3 109 109 234 125
I E 0 5 109 93 94 -15
E S -1 1 93 109 31 -62
S OemPeriod -1 -7 109 93 749 640
OemPeriod LShiftKey 0 9 93 171 14243 14150
LShiftKey M 0 -7 171 94 31 -140
M Y 2 1 94 93 250 156
Y Space -3 2 93 125 140 47
Space F 2 0 125 124 874 749
F A 0 3 124 125 124 0
A V -1 -3 125 109 843 718
V I 2 -4 109 125 140 31
I Back 1 -5 125 125 655 530
Back O -1 4 125 125 562 437
O R 0 5 125 125 140 15
R I 0 -4 125 125 172 47
I T 0 3 125 125 234 109
T E 0 2 125 125 156 31
E Space -3 -1 125 110 140 15
Space V 1 0 110 109 437 327
V A 1 3 109 125 172 63
A C -1 -2 125 78 437 312
C A 1 2 78 125 109 31
A T 1 -4 125 109 234 109
T I 0 -3 109 78 109 0
I O 0 -1 78 78 187 109
O N -2 3 78 93 219 141
N Space -1 2 93 109 93 0
Space S 2 2 109 110 265 156
S P 1 -8 110 78 125 15
P O 0 1 78 125 2059 1981
O T 0 4 125 125 125 0
T Space -3 1 125 125 78 -47
Space I 3 -4 125 125 359 234
I S -1 6 125 141 62 -63
S Space -2 -2 141 140 63 -78
Space T 3 -1 140 125 187 47
T H -1 -1 125 94 140 15
H E 1 3 94 187 47 -47
E Space -3 -1 187 171 141 -46
Space B 1 -1 171 94 2698 2527
B E 2 2 94 140 94 0
E A -1 2 140 140 78 -62
A C -1 -2 140 125 265 125
C H 1 -3 125 78 156 31
H Space -2 2 78 125 78 0
Space I 3 -4 125 78 4665 4540
I N -2 2 78 47 218 140
N Space -1 2 47 125 109 62
Space LShiftKey 1 4 125 328 312 187
LShiftKey S 1 -2 328 94 312 -16
S A 0 1 94 125 203 109
A N -1 -5 125 94 156 31
N D 1 3 94 94 140 46
D Space -2 -1 94 125 141 47
Space Back 4 -9 125 109 343 218
Back Back 0 0 109 78 203 94
Back Space -4 9 78 125 78 0
Space LShiftKey 1 4 125 343 140 15
LShiftKey D 1 -3 343 109 156 -187
D I 1 -5 109 109 328 219
I E 0 5 109 109 125 16
E G -1 -2 109 109 187 78
G O 1 -4 109 93 156 47
O Left -3 -2 93 1123 827 734
Left Right 0 -2 1123 109 2121 998
Right Space 0 9 109 93 94 -15
Space P 3 -6 93 125 405 312
P R 0 6 125 93 141 16
R I 0 -4 93 94 187 94
I V -2 4 94 94 187 93
V A 1 3 94 125 265 171
A T 1 -4 125 78 344 219
T E 0 2 78 125 218 140
E Right -3 -10 125 967 827 702
Right Right 0 0 967 78 1217 250
Right Right 0 0 78 62 187 109
Right Right 0 0 62 93 281 219
Right OemPeriod 1 4 93 94 748 655
OemPeriod Space -1 5 94 78 110 16
Space LShiftKey 1 4 78 156 171 93
LShiftKey I 2 -8 156 109 125 -31
I T 0 3 109 125 265 156
T Space -3 1 125 109 141 16
Space I 3 -4 109 125 171 62
I S -1 6 125 124 63 -62
S Space -2 -2 124 109 93 -31
Space L 2 -5 109 94 499 390
L I 1 1 94 78 219 125
I Back 1 -5 78 125 655 577
Back O -1 4 125 124 250 125
O C -2 6 124 93 156 32
C A 1 2 93 124 78 -15
A T 1 -4 124 109 187 63
T E 0 2 109 110 93 -16
E D -1 0 110 109 172 62
D Space -2 -1 109 109 109 0
Space N 1 -2 109 94 125 16
N E 2 3 94 140 78 -16
E A -1 2 140 156 593 453
A E 1 -2 156 109 109 -47
E Back 1 -10 109 110 686 577
Back R -1 9 110 109 125 15
R Space -3 0 109 125 47 -62
Space LShiftKey 1 4 125 171 593 468
LShiftKey LShiftKey 0 0 171 359 234 63
LShiftKey L 1 -9 359 109 125 -234
L A 0 8 109 125 514 405
A Space -2 -3 125 110 234 109
Space LShiftKey 1 4 110 280 188 78
LShiftKey J 1 -7 280 78 171 -109
J O 1 -2 78 94 265 187
O L -1 0 94 47 281 187
L L 0 0 47 78 156 109
L A 0 8 78 125 78 0
A LShiftKey -1 1 125 63 546 421
LShiftKey Oemcomma 0 -8 63 94 109 46
Oemcomma Back 3 -5 94 62 578 484
Back Oemcomma -3 5 62 78 951 889
Oemcomma Space -1 4 78 125 78 0
Space LShiftKey 1 4 125 296 141 16
LShiftKey S 1 -2 296 93 234 -62
S A 0 1 93 110 202 109
A N -1 -5 110 94 156 46
N D 1 3 94 32 156 62
D Space -2 -1 32 125 47 15
Space Back 4 -9 125 78 515 390
Back Back 0 0 78 109 156 78
Back LShiftKey -3 13 109 359 78 -31
LShiftKey D 1 -3 359 31 234 -125
D Space -2 -1 31 140 94 63
Space Back 4 -9 140 94 436 296
Back Back 0 0 94 93 188 94
Back Space -4 9 93 140 109 16
Space LShiftKey 1 4 140 312 109 -31
LShiftKey D 1 -3 312 140 156 -156
D I 1 -5 140 125 265 125
I E 0 5 125 94 109 -16
E G -1 -2 94 125 203 109
G O 1 -4 125 94 156 31
O OemPeriod -2 0 94 47 1045 951
OemPeriod Space -1 5 47 125 172 125
Space LShiftKey 1 4 125 2122 577 452
LShiftKey LShiftKey 0 0 2122 608 2465 343
LShiftKey T 2 -5 608 140 390 -218
T H -1 -1 140 78 296 156
H E 1 3 78 140 453 375
E Space -3 -1 140 141 93 -47
Space S 2 2 141 109 203 62
S A 0 1 109 109 125 16
A N -1 -5 109 109 94 -15
N D 1 3 109 124 156 47
D Space -2 -1 124 125 109 -15
Space I 3 -4 125 141 951 826
I S -1 6 141 125 125 -16
S Space -2 -2 125 125 78 -47
Space W 3 2 125 125 437 312
W H -1 -4 125 109 187 62
H I 1 -2 109 109 250 141
I T 0 3 109 125 78 -31
T E 0 2 125 141 62 -63
E Space -3 -1 141 141 109 -32
Space A 2 3 141 140 172 31
A N -1 -5 140 125 140 0
N D 1 3 125 110 78 -47
D Space -2 -1 110 125 78 -32
Space T 3 -1 125 62 297 172
T H -1 -1 62 93 437 375
H W 1 4 93 172 62 -31
W Space -3 -2 172 140 94 -78
Space Back 4 -9 140 109 530 390
Back Back 0 0 109 125 187 78
Back E -1 10 125 94 109 -16
E Space -3 -1 94 156 78 -16
Space W 3 2 156 156 297 141
W A -1 1 156 156 140 -16
A T 1 -4 156 93 141 -15
T E 0 2 93 109 109 16
E E 0 0 109 125 702 593
E Space -3 -1 125 171 78 -47
Space Back 4 -9 171 78 515 344
Back Back 0 0 78 124 156 78
Back R -1 9 124 125 140 16
R Space -3 0 125 109 109 -16
Space A 2 3 109 124 141 32
A Space -2 -3 124 124 78 -46
Space B 1 -1 124 125 421 297
B E 2 2 125 78 109 -16
E A -1 2 78 140 250 172
A U 1 -6 140 93 156 16
U T 0 2 93 94 140 47
T I 0 -3 94 94 967 873
I F -1 4 94 125 78 -16
F U 1 -3 125 94 234 109
U L -1 -2 94 94 265 171
L Space -2 5 94 110 156 62
Space T 3 -1 110 125 453 343
T U 0 -2 125 78 187 62
U R 0 3 78 94 218 140
R Q 0 3 94 109 297 203
Q U 0 -6 109 31 1357 1248
U O 0 -2 31 78 218 187
O P 0 -1 78 47 16 -62
P I 0 2 47 78 187 140
I S -1 6 78 93 94 16
S E 1 -1 93 109 78 -15
E Space -3 -1 109 94 140 31
Space Back 4 -9 94 125 468 374
Back Back 0 0 125 109 219 94
Back Back 0 0 109 93 187 78
Back Back 0 0 93 78 203 110
Back Back 0 0 78 187 296 218
Back I -1 5 187 93 671 484
I S -1 6 93 78 62 -31
S E 1 -1 78 94 47 -31
E Space -3 -1 94 109 265 171
Space Back 4 -9 109 63 936 827
Back OemPeriod -3 4 63 31 453 390
OemPeriod Space -1 5 31 125 2043 2012
Space LShiftKey 1 4 125 327 328 203
LShiftKey I 2 -8 327 93 203 -124
I Space -3 4 93 156 109 16
Space H 2 -2 156 110 171 15
H A 0 5 110 125 63 -47
A V -1 -3 125 93 156 31
V E 2 1 93 125 93 0
E Space -3 -1 125 94 78 -47
Space O 3 -5 94 78 359 265
O N -2 3 78 78 219 141
N L 1 -3 78 94 249 171
L Y 1 3 94 110 109 15
Y Space -3 2 110 94 78 -32
Space B 1 -1 94 62 453 359
B E 2 2 62 94 109 47
E E 0 0 94 109 203 109
E N -2 -3 109 109 125 16
N Space -1 2 109 94 93 -16
Space T 3 -1 94 141 109 15
T H -1 -1 141 109 110 -31
H E 1 3 109 156 78 -31
E E 0 0 156 31 312 156
E R 0 -1 31 203 15 -16
R E 0 1 203 125 187 -16
E Space -3 -1 125 140 63 -62
Space Back 4 -9 140 93 546 406
Back Back 0 0 93 94 187 94
Back Back 0 0 94 63 218 124
Back Back 0 0 63 109 172 109
Back R -1 9 109 140 156 47
R E 0 1 140 110 62 -78
E Space -3 -1 110 141 47 -63
Space O 3 -5 141 94 889 748
O N -2 3 94 94 234 140
N C 0 3 94 125 78 -16
C E 2 0 125 171 32 -93
E Space -3 -1 171 94 124 -47
Space Back 4 -9 94 125 453 359
Back OemPeriod -3 4 125 63 1388 1263
OemPeriod Space -1 5 63 125 203 140
Space Left 0 -7 125 1341 5351 5226
Left Left 0 0 1341 375 3837 2496
Left Left 0 0 375 94 562 187
Left LShiftKey 1 11 94 1138 1498 1404
LShiftKey T 2 -5 1138 140 967 -171
T Back 1 -8 140 110 1263 1123
Back LShiftKey -3 13 110 328 125 15
LShiftKey I 2 -8 328 94 234 -94
I T 0 3 94 156 219 125
T Space -3 1 156 125 109 -47
Space I 3 -4 125 109 203 78
I S -1 6 109 109 78 -31
S Space -2 -2 109 93 78 -31
Space V 1 0 93 47 717 624
V Back 3 -9 47 156 328 281
Back C -3 10 156 94 140 -16
C R 2 -1 94 109 250 156
R O 0 -5 109 125 218 109
O W 0 7 125 125 390 265
W D -1 -1 125 141 312 187
D E 1 0 141 109 172 31
E D -1 0 109 125 93 -16
D Space -2 -1 125 125 94 -31
Space W 3 2 125 109 281 156
W H -1 -4 109 125 93 -16
H E 1 3 125 156 141 16
E N -2 -3 156 63 171 15
N Back 3 -7 63 109 671 608
Back Back 0 0 109 78 219 110
Back Back 0 0 78 94 202 124
Back Back 0 0 94 140 188 94
Back Back 0 0 140 62 296 156
Back Space -4 9 62 125 343 281
Space I 3 -4 125 78 203 78
I N -2 2 78 94 218 140
N Space -1 2 94 140 63 -31
Space T 3 -1 140 124 125 -15
T H -1 -1 124 109 109 -15
H E 1 3 109 125 93 -16
E Space -3 -1 125 109 94 -31
Space S 2 2 109 94 187 78
S I 1 -6 94 109 203 109
I Back 1 -5 109 110 296 187
Back U -1 6 110 94 203 93
U M -2 0 94 93 219 125
M M 0 0 93 109 171 78
M E 2 4 109 124 63 -46
E R 0 -1 124 109 62 -62
R Space -3 0 109 109 78 -31
Space M 1 -3 109 94 234 125
M O 2 -2 94 94 187 93
O N -2 3 94 109 234 140
N T 2 1 109 93 141 32
T H -1 -1 93 93 187 94
H S 0 4 93 109 62 -31
S Space -2 -2 109 124 63 -46
Space W 3 2 124 125 187 63
W H -1 -4 125 94 140 15
H E 1 3 94 140 125 31
E N -2 -3 140 93 125 -15
N Space -1 2 93 109 125 32
Space S 2 2 109 109 249 140
S C -1 -1 109 78 219 110
C H 1 -3 78 94 62 -16
H O 1 -3 94 94 234 140
O O 0 0 94 78 187 93
O L -1 0 78 94 187 109
L Space -2 5 94 124 110 16
Space I 3 -4 124 109 171 47
I S -1 6 109 125 78 -31
S Space -2 -2 125 125 78 -47
Space I 3 -4 125 110 265 140
I N -2 2 110 93 266 156
N Space -1 2 93 109 156 63
Space S 2 2 109 109 265 156
S E 1 -1 109 78 140 31
E S -1 1 78 109 219 141
S S 0 0 109 93 187 78
S I 1 -6 93 78 78 -15
I O 0 -1 78 93 203 125
O N -2 3 93 94 218 125
N Space -1 2 94 109 1217 1123
Space O 3 -5 109 109 374 265
O R 0 5 109 109 359 250
R Space -3 0 109 125 78 -31
Space J 2 -3 125 93 125 0
J U 1 0 93 62 203 110
U S -1 5 62 140 296 234
S T 1 -3 140 47 265 125
T Space -3 1 47 156 343 296
Space A 2 3 156 109 219 63
A B -1 -4 109 109 296 187
B O 2 -4 109 78 125 16
O U 0 2 78 78 203 125
U T 0 2 78 140 125 47
T Space -3 1 140 141 62 -78
Space T 3 -1 141 125 250 109
T O 0 -4 125 109 62 -63
O Space -3 5 109 141 234 125
Space S 2 2 141 94 1841 1700
S T 1 -3 94 109 281 187
T A -1 4 109 156 47 -62
A R 1 -3 156 63 202 46
R T 0 -1 63 94 172 109
T OemPeriod -2 -4 94 78 842 748
OemPeriod Space -1 5 78 78 110 32
Space Right 0 -9 78 1482 982 904
Right Right 0 0 1482 1638 4727 3245
Right Right 0 0 1638 624 1888 250
Right Right 0 0 624 905 889 265
Right Right 0 0 905 94 1154 249
Right Right 0 0 94 78 219 125
Right Right 0 0 78 62 187 109
Right Right 0 0 62 47 203 141
Right Right 0 0 47 78 203 156
Right Right 0 0 78 47 218 140
Right Right 0 0 47 78 187 140
Right Space 0 9 78 109 359 281
Space LShiftKey 1 4 109 266 296 187
LShiftKey I 2 -8 266 109 172 -94
I F -1 4 109 125 811 702
F Space -2 0 125 141 78 -47
Space LShiftKey 1 4 141 297 421 280
LShiftKey I 2 -8 297 110 156 -141
I Space -3 4 110 156 125 15
Space H 2 -2 156 124 141 -15
H A 0 5 124 140 78 -46
A D 0 -2 140 125 109 -31
D Space -2 -1 125 125 93 -32
Space T 3 -1 125 125 172 47
T H -1 -1 125 187 94 -31
H E 1 3 187 15 187 0
E Space -3 -1 15 109 0 -15
Space C 1 1 109 93 203 94
C H 1 -3 93 109 93 0
H A 0 5 109 125 94 -15
A N -1 -5 125 125 156 31
N C 0 3 125 171 390 265
C E 2 0 171 140 109 -62
E Space -3 -1 140 125 78 -62
Space T 3 -1 125 109 437 312
T O 0 -4 109 93 78 -31
O Space -3 5 93 94 62 -31
Space G 2 -1 94 125 203 109
G O 1 -4 125 62 156 31
O Space -3 5 62 124 94 32
Space A 2 3 124 140 187 63
A B -1 -4 140 109 296 156
B R 2 1 109 109 234 125
R O 0 -5 109 124 141 32
O A -1 8 124 156 62 -62
A D 0 -2 156 140 125 -31
D Space -2 -1 140 93 125 -15
Space F 2 0 93 125 951 858
F O 1 -5 125 125 109 -16
O R 0 5 125 109 141 16
R Space -3 0 109 125 62 -47
Space T 3 -1 125 140 172 47
T H -1 -1 140 109 109 -31
H R 1 2 109 203 156 47
R E 0 1 203 140 156 -47
E E 0 0 140 125 218 78
E Space -3 -1 125 109 110 -15
Space M 1 -3 109 62 140 31
M O 2 -2 62 63 187 125
O N -2 3 63 93 297 234
N T 2 1 93 109 109 16
T H -1 -1 109 109 343 234
H S 0 4 109 125 343 234
S Space -2 -2 125 141 109 -16
Space LShiftKey 1 4 141 296 500 359
LShiftKey I 2 -8 296 125 124 -172
I Space -3 4 125 124 188 63
Space W 3 2 124 125 124 0
W O 0 -7 125 109 63 -62
O U 0 2 109 63 218 109
U L -1 -2 63 78 219 156
L D 0 6 78 93 109 31
D Space -2 -1 93 156 62 -31
Space L 2 -5 156 93 219 63
L I 1 1 93 78 202 109
I K -1 0 78 109 172 94
K E 1 5 109 156 94 -15
E Space -3 -1 156 125 93 -63
Space T 3 -1 125 125 125 0
T O 0 -4 125 78 172 47
O Space -3 5 78 124 78 0
Space V 1 0 124 125 748 624
V I 2 -4 125 78 141 16
I S -1 6 78 124 125 47
S I 1 -6 124 109 156 32
I T 0 3 109 109 140 31
T Space -3 1 109 125 78 -31
Space LShiftKey 1 4 125 327 796 671
LShiftKey E 2 -3 327 94 202 -125
E U 0 -4 94 94 250 156
U R 0 3 94 93 125 31
R O 0 -5 93 78 281 188
O P 0 -1 78 93 187 109
P E 0 7 93 109 62 -31
E Back 1 -10 109 609 2839 2730
Back Back 0 0 609 78 921 312
Back Back 0 0 78 78 171 93
Back T -1 8 78 141 515 437
T H -1 -1 141 94 187 46
H E 1 3 94 125 63 -31
E Space -3 -1 125 125 62 -63
Space LShiftKey 1 4 125 312 1014 889
LShiftKey E 2 -3 312 110 187 -125
E U 0 -4 110 62 250 140
U R 0 3 62 93 94 32
R O 0 -5 93 94 296 203
O P 0 -1 94 94 187 93
P E 0 7 94 94 109 15
E A -1 2 94 156 188 94
A N -1 -5 156 78 202 46
N Space -1 2 78 109 110 32
Space C 1 1 109 109 296 187
C O 2 -6 109 125 78 -31
O U 0 2 125 78 250 125
U N -2 1 78 94 171 93
N T 2 1 94 78 109 15
T I 0 -3 78 93 188 110
I R 0 4 93 63 171 78
R Back 1 -9 63 94 281 218
Back Back 0 0 94 109 187 93
Back R -1 9 109 109 156 47
R O 0 -5 109 78 187 78
O E 0 6 78 156 78 0
E S -1 1 156 125 94 -62
S Back 2 -11 125 94 343 218
Back Back 0 0 94 78 187 93
Back Back 0 0 78 109 188 110
Back I -1 5 109 94 561 452
I E 0 5 94 172 31 -63
E S -1 1 172 109 94 -78
S Space -2 -2 109 141 62 -47
Space LShiftKey 1 4 141 312 2091 1950
LShiftKey E 2 -3 312 124 203 -109
E N -2 -3 124 109 171 47
N G 1 1 109 109 172 63
G L 0 -4 109 125 468 359
L A 0 8 125 156 109 -16
A D 0 -2 156 62 125 -31
D Back 2 -10 62 140 437 375
Back N -3 7 140 109 265 125
N D 1 3 109 141 93 -16
D Oemcomma -1 -5 141 93 968 827
Oemcomma LShiftKey 0 8 93 1108 171 78
LShiftKey Space -1 -4 1108 109 640 -468
Space G 2 -1 109 78 312 203
G E 1 2 78 125 577 499
E R 0 -1 125 125 62 -63
R M -2 -3 125 93 188 63
M A 1 6 93 140 218 125
A N -1 -5 140 109 94 -46
N Y 2 0 109 78 483 374
Y Space -3 2 78 125 78 0
Space A 2 3 125 140 141 16
A N -1 -5 140 109 109 -31
N D 1 3 109 109 78 -31
D Space -2 -1 109 125 62 -47
Space LShiftKey 1 4 125 266 187 62
LShiftKey S 1 -2 266 125 125 -141
S P 1 -8 125 93 921 796
P A -1 9 93 124 78 -15
A I 1 -7 124 94 140 16
I N -2 2 94 62 203 109
N OemPeriod 0 -3 62 62 359 297
OemPeriod Space -1 5 62 94 218 156
Space LShiftKey 1 4 94 2200 218 124
LShiftKey LShiftKey 0 0 2200 390 7644 5444
LShiftKey I 2 -8 390 94 250 -140
I Space -3 4 94 93 281 187
Space L 2 -5 93 93 546 453
L O 1 0 93 93 203 110
O V -2 5 93 125 124 31
V E 2 1 125 140 110 -15
E Space -3 -1 140 109 93 -47
Space F 2 0 109 125 125 16
F O 1 -5 125 93 125 0
O O 0 0 93 78 171 78
O T 0 4 78 125 78 0
T B -2 0 125 124 188 63
B A 1 4 124 140 109 -15
A L 0 -8 140 109 218 78
L L 0 0 109 94 187 78
L Space -2 5 94 109 125 31
Space A 2 3 109 141 187 78
A N -1 -5 141 125 125 -16
N D 1 3 125 109 141 16
D Space -2 -1 109 109 62 -47
Space M 1 -3 109 94 374 265
M Y 2 1 94 94 250 156
Y Space -3 2 94 125 78 -16
Space F 2 0 125 94 140 15
F A 0 3 94 125 78 -16
A V -1 -3 125 109 203 78
V O 2 -5 109 94 109 0
O U 0 2 94 78 234 140
U Back 1 -6 78 125 1092 1014
Back R -1 9 125 110 468 343
R I 0 -4 110 124 344 234
I T 0 3 124 156 62 -62
T E 0 2 156 78 156 0
E Space -3 -1 78 140 16 -62
Space T 3 -1 140 125 280 140
T E 0 2 125 141 156 31
E A -1 2 141 141 156 15
A M -1 -6 141 110 156 15
M S 1 5 110 94 125 15
S Space -2 -2 94 109 94 0
Space Back 4 -9 109 94 374 265
Back Back 0 0 94 94 203 109
Back Space -4 9 94 124 172 78
Space P 3 -6 124 62 1014 890
P L -1 1 62 109 218 156
L A 0 8 109 125 156 47
A Y 1 -5 125 78 187 62
Y S -1 4 78 125 109 31
S Space -2 -2 125 110 78 -47
Space I 3 -4 110 78 141 31
I N -2 2 78 93 203 125
N Space -1 2 93 109 109 16
Space LShiftKey 1 4 109 374 390 281
LShiftKey E 2 -3 374 125 234 -140
E N -2 -3 125 78 187 62
N G 1 1 78 78 156 78
G L 0 -4 78 94 218 140
L A 0 8 94 141 125 31
A N -1 -5 141 62 172 31
N D 1 3 62 125 93 31
D OemPeriod -1 -6 125 78 1233 1108
OemPeriod Space -1 5 78 78 1466 1388
Space LShiftKey 1 4 78 546 453 375
LShiftKey T 2 -5 546 124 390 -156
T Back 1 -8 124 124 1482 1358
Back LShiftKey -3 13 124 655 249 125
LShiftKey I 2 -8 655 94 546 -109
I Space -3 4 94 141 78 -16
Space W 3 2 141 140 125 -16
W O 0 -7 140 94 62 -78
O U 0 2 94 78 219 125
U L -1 -2 78 94 265 187
L D 0 6 94 109 78 -16
D Space -2 -1 109 141 62 -47
Space B 1 -1 141 93 219 78
B E 2 2 93 125 78 -15
E Space -3 -1 125 125 62 -63
Space I 3 -4 125 94 156 31
I T 0 3 94 78 203 109
T N -2 -1 78 93 16 -62
N Back 3 -7 93 109 686 593
Back Back 0 0 109 93 203 94
Back N -3 7 93 93 234 141
N T 2 1 93 93 78 -15
T R 0 1 93 171 234 141
R E 0 1 171 63 171 0
E Back 1 -10 63 109 453 390
Back Back 0 0 109 94 171 62
Back E -1 10 94 141 156 62
E R 0 -1 141 203 125 -16
R E 0 1 203 93 219 16
E S -1 1 93 78 405 312
S T 1 -3 78 109 172 94
T E 0 2 109 109 125 16
E D -1 0 109 93 187 78
D Space -2 -1 93 109 62 -31
Space I 3 -4 109 109 141 32
I N -2 2 109 78 234 125
N Space -1 2 78 125 62 -16
Space G 2 -1 125 47 156 31
G O 1 -4 47 125 78 31
O I 0 1 125 94 234 109
I N -2 2 94 94 218 124
N G 1 1 94 125 78 -16
G Space -2 1 125 125 63 -62
Space T 3 -1 125 110 171 46
T O 0 -4 110 140 16 -94
O Space -3 5 140 109 125 -15
Space T 3 -1 109 109 125 16
T H -1 -1 109 125 62 -47
H E 1 3 125 125 109 -16
E S -1 1 125 140 219 94
S E 1 -1 140 171 156 16
E Space -3 -1 171 140 187 16
Space C 1 1 140 93 390 250
C O 2 -6 93 109 78 -15
O U 0 2 109 78 234 125
U N -2 1 78 78 203 125
N T 2 1 78 78 109 31
T R 0 1 78 78 1014 936
R I 0 -4 78 93 125 47
I E 0 5 93 124 78 -15
E S -1 1 124 109 62 -62
S Space -2 -2 109 109 78 -31
Space T 3 -1 109 109 203 94
T O 0 -4 109 78 78 -31
O Space -3 5 78 78 78 0
Space V 1 0 78 93 234 156
V I 2 -4 93 93 125 32
I S -1 6 93 109 156 63
S I 1 -6 109 78 156 47
I T 0 3 78 94 514 436
T Space -3 1 94 125 63 -31
Space I 3 -4 125 94 171 46
I N -2 2 94 78 219 125
N Space -1 2 78 125 62 -16
Space P 3 -6 125 125 203 78
P E 0 7 125 110 140 15
E R 0 -1 110 124 32 -78
R S -1 2 124 141 202 78
S O 1 -7 141 109 125 -16
O Space -3 5 109 62 453 344
Space Back 4 -9 62 46 390 328
Back N -3 7 46 94 795 749
N Space -1 2 94 109 78 -16
Space T 3 -1 109 109 125 16
T H -1 -1 109 78 125 16
H E 1 3 78 140 47 -31
E Space -3 -1 140 93 109 -31
Space F 2 0 93 63 4586 4493
F O 1 -5 63 109 125 62
O O 0 0 109 109 156 47
O T 0 4 109 78 156 47
T B -2 0 78 94 140 62
B A 1 4 94 125 63 -31
A L 0 -8 125 78 234 109
L L 0 0 78 62 203 125
L Space -2 5 62 124 78 16
Space S 2 2 124 125 171 47
S T 1 -3 125 110 187 62
T A -1 4 110 156 94 -16
A D 0 -2 156 109 172 16
D I 1 -5 109 109 234 125
I U 0 1 109 78 187 78
U M -2 0 78 93 203 125
M S 1 5 93 109 62 -31
S Space -2 -2 109 140 78 -31
Space A 2 3 140 124 172 32
A N -1 -5 124 93 109 -15
N D 1 3 93 47 140 47
D Space -2 -1 47 109 16 -31
Space W 3 2 109 140 312 203
W A -1 1 140 156 125 -15
A T 1 -4 156 109 171 15
T C -2 2 109 109 250 141
C H 1 -3 109 109 78 -31
H Space -2 2 109 124 125 16
Space G 2 -1 124 109 171 47
G A 0 4 109 140 141 32
A M -1 -6 140 125 31 -109
M E 2 4 125 140 187 62
E S -1 1 140 141 62 -78
S Space -2 -2 141 156 110 -31
Space L 2 -5 156 94 608 452
L I 1 1 94 94 218 124
I V -2 4 94 78 141 47
V E 2 1 78 110 93 15
E OemPeriod -2 -6 110 47 718 608
OemPeriod LShiftKey 0 9 47 374 6131 6084
LShiftKey T 2 -5 374 63 249 -125
T H -1 -1 63 78 297 234
H I 1 -2 78 109 203 125
I S -1 6 109 63 124 15
S Space -2 -2 63 47 78 15
Space S 2 2 47 125 484 437
S C -1 -1 125 62 203 78
C E 2 0 62 94 249 187
E N -2 -3 94 94 156 62
N E 2 3 94 125 94 0
E Space -3 -1 125 110 109 -16
Space L 2 -5 110 109 203 93
L I 1 1 109 62 250 141
I Back 1 -5 62 94 1310 1248
Back O -1 4 94 78 312 218
O O 0 0 78 94 156 78
O K -1 1 94 125 187 93
K S 0 6 125 109 125 0
S Space -2 -2 109 125 94 -15
Space L 2 -5 125 94 140 15
L I 1 1 94 62 219 125
I K -1 0 62 109 187 125
K E 1 5 109 140 109 0
E Space -3 -1 140 109 125 -15
Space A 2 3 109 140 156 47
A Space -2 -3 140 109 109 -31
Space R 3 0 109 94 234 125
R E 0 1 94 109 47 -47
E Back 1 -10 109 125 561 452
Back I -1 5 125 110 234 109
I V -2 4 110 62 172 62
V E 2 1 62 172 78 16
E R 0 -1 172 94 140 -32
R B -2 -1 94 63 312 218
B A 1 4 63 140 219 156
A N -1 -5 140 78 156 16
N K 1 -2 78 94 218 140
K Space -2 4 94 93 141 47
Space P 3 -6 93 78 748 655
P O 0 1 78 31 32 -46
O Back 1 -4 31 125 826 795
Back I -1 5 125 109 796 671
I C -2 5 109 109 187 78
C I 2 -5 109 78 141 32
I N -2 2 78 125 218 140
N C 0 3 125 109 858 733
C Back 3 -10 109 125 905 796
Back Back 0 0 125 78 203 78
Back Back 0 0 78 94 171 93
Back N -3 7 94 94 281 187
N I 2 -2 94 94 218 124
I C -2 5 94 93 110 16
C Oemcomma 0 -5 93 0 27752 27659
Oemcomma Space -1 4 0 78 47 47
Space S 2 2 78 125 78 0
S O 1 -7 125 78 140 15
O M -2 2 78 109 203 125
M E 2 4 109 124 94 -15
E T 0 -2 124 109 140 16
T H -1 -1 109 93 125 16
H I 1 -2 93 93 203 110
I N -2 2 93 78 218 125
N G 1 1 78 125 78 0
G Space -2 1 125 93 94 -31
Space A 2 3 93 141 249 156
A L 0 -8 141 94 187 46
L O 1 0 94 78 219 125
O N -2 3 78 94 421 343
N G 1 1 94 125 156 62
G Space -2 1 125 125 125 0
Space T 3 -1 125 125 171 46
T H -1 -1 125 109 94 -31
H E 1 3 109 109 125 16
E Space -3 -1 109 93 78 -31
Space L 2 -5 93 109 374 281
L I 1 1 109 78 234 125
I N -2 2 78 93 219 141
N E 2 3 93 172 93 0
E S -1 1 172 109 94 -78
S Space -2 -2 109 110 93 -16
Space O 3 -5 110 110 234 124
O F -1 5 110 124 110 0
F Space -2 0 124 109 62 -62
Space A 2 3 109 140 624 515
A Space -2 -3 140 109 109 -31
Space W 3 2 109 141 156 47
W E 0 -1 141 125 94 -47
E E 0 0 125 110 249 124
E K -1 -5 110 94 156 46
K E 1 5 94 94 125 31
E N -2 -3 94 94 109 15
N D 1 3 94 93 110 16
D Space -2 -1 93 109 62 -31
Space C 1 1 109 78 203 94
C A 1 2 78 125 156 78
A M -1 -6 125 78 203 78
M P 2 -3 78 78 1154 1076
P I 0 2 78 93 328 250
I N -2 2 93 94 249 156
N G 1 1 94 109 47 -47
G Space -2 1 109 109 78 -31
Space P 3 -6 109 78 187 78
P C -2 7 78 94 343 265
C Back 3 -10 94 94 905 811
Back Back 0 0 94 109 172 78
Back O -1 4 109 78 624 515
O C -2 6 78 94 171 93
C C 0 0 94 78 203 109
C A 1 2 78 140 125 47
A S 0 -1 140 93 125 -15
S I 1 -6 93 109 156 63
I O 0 -1 109 110 249 140
O N -2 3 110 78 437 327
N OemPeriod 0 -3 78 63 1045 967
OemPeriod Space -1 5 63 94 328 265
Space LShiftKey 1 4 94 2683 2839 2745
LShiftKey LShiftKey 0 0 2683 546 3027 344
LShiftKey I 2 -8 546 109 405 -141
I Space -3 4 109 125 203 94
Space C 1 1 125 94 234 109
C A 1 2 94 140 78 -16
A N -1 -5 140 109 156 16
N Space -1 2 109 140 562 453
Space S 2 2 140 125 733 593
S E 1 -1 125 78 249 124
E E 0 0 78 109 188 110
E Space -3 -1 109 125 124 15
Space A 2 3 125 141 125 0
A Space -2 -3 141 78 125 -16
Space B 1 -1 78 94 530 452
B O 2 -4 94 110 156 62
O A -1 8 110 156 94 -16
A T 1 -4 156 109 172 16
T Space -3 1 109 172 327 218
Space O 3 -5 172 78 858 686
O N -2 3 78 109 250 172
N Space -1 2 109 124 125 16
Space T 3 -1 124 94 202 78
T H -1 -1 94 94 250 156
H E 1 3 94 156 125 31
E Space -3 -1 156 109 109 -47
Space R 3 0 109 78 515 406
R I 0 -4 78 94 249 171
I V -2 4 94 140 250 156
V E 2 1 140 171 172 32
E R 0 -1 171 141 124 -47
R Space -3 0 141 94 156 15
Space W 3 2 94 125 312 218
W I 0 -6 125 94 125 0
I T 0 3 94 125 172 78
T H -1 -1 125 109 140 15
H Space -2 2 109 140 172 63
Space P 3 -6 140 125 2527 2387
P E 0 7 125 109 78 -47
E O 0 -6 109 93 281 172
O P 0 -1 93 78 218 125
P L -1 1 78 125 203 125
L E 1 6 125 109 94 -31
E Space -3 -1 109 125 62 -47
Space W 3 2 125 93 6287 6162
W A -1 1 93 109 62 -31
A V -1 -3 109 94 234 125
V I 2 -4 94 78 125 31
I N -2 2 78 110 218 140
N Back 3 -7 110 156 515 405
Back Back 0 0 156 125 250 94
Back Back 0 0 125 109 187 62
Back Back 0 0 109 109 203 94
Back Back 0 0 109 125 187 78
Back O -1 4 125 78 608 483
O N -2 3 78 109 219 141
N Space -1 2 109 109 109 0
Space T 3 -1 109 110 140 31
T H -1 -1 110 93 110 0
H E 1 3 93 140 62 -31
E Space -3 -1 140 93 125 -15
Space B 1 -1 93 94 62 -31
B A 1 4 94 109 484 390
A Back 2 -12 109 125 296 187
Back O -1 4 125 140 172 47
O A -1 8 140 187 78 -62
A R 1 -3 187 94 171 -16
R Space -3 0 94 109 328 234
Space W 3 2 109 125 125 16
W Back 1 -11 125 94 374 249
Back Back 0 0 94 93 172 78
Back Back 0 0 93 125 171 78
Back T -1 8 125 109 172 47
T Space -3 1 109 109 94 -15
Space W 3 2 109 78 187 78
W A -1 1 78 140 312 234
A V -1 -3 140 93 234 94
V I 2 -4 93 125 93 0
I N -2 2 125 125 234 109
N G 1 1 125 124 32 -93
G Space -2 1 124 109 109 -15
Space T 3 -1 109 93 125 16
T O 0 -4 93 109 62 -31
O Space -3 5 109 93 94 -15
Space T 3 -1 93 141 124 31
T H -1 -1 141 140 484 343
H E 1 3 140 125 125 -15
E Space -3 -1 125 109 78 -47
Space P 3 -6 109 125 296 187
P E 0 7 125 109 141 16
E O 0 -6 109 47 171 62
O P 0 -1 47 62 562 515
P L -1 1 62 109 187 125
L E 1 6 109 109 78 -31
E Space -3 -1 109 110 62 -47
Space A 2 3 110 156 125 15
A L 0 -8 156 109 125 -31
L O 1 0 109 78 218 109
O N -2 3 78 110 234 156
N G 1 1 110 125 94 -16
G Space -2 1 125 109 109 -16
Space T 3 -1 109 125 156 47
T H -1 -1 125 109 94 -31
H E 1 3 109 125 156 47
E Space -3 -1 125 125 62 -63
Space S 2 2 125 125 172 47
S H 0 -4 125 94 109 -16
H O 1 -3 94 125 234 140
O R 0 5 125 110 140 15
R E 0 1 110 124 32 -78
E OemPeriod -2 -6 124 63 6645 6521
OemPeriod Space -1 5 63 109 359 296
Space LShiftKey 1 4 109 468 328 219
LShiftKey I 2 -8 468 94 374 -94
I Space -3 4 94 109 156 62
Space C 1 1 109 94 234 125
C A 1 2 94 125 140 46
A N -1 -5 125 78 141 16
N Space -1 2 78 156 93 15
Space S 2 2 156 125 219 63
S E 1 -1 125 78 171 46
E E 0 0 78 78 203 125
E Space -3 -1 78 109 94 16
Space R 3 0 109 124 281 172
R E 0 1 124 109 78 -46
E C -2 0 109 94 1310 1201
C R 2 -1 94 187 281 187
R E 0 1 187 140 156 -31
E A -1 2 140 140 125 -15
A T 1 -4 140 125 124 -16
T I 0 -3 125 93 188 63
I O 0 -1 93 78 187 94
O N -2 3 78 78 218 140
N A 1 5 78 109 94 16
A L 0 -8 109 109 140 31
L Space -2 5 109 125 125 16
Space V 1 0 125 94 343 218
V E 2 1 94 125 109 15
E H -1 -3 125 93 188 63
H I 1 -2 93 78 218 125
I C -2 5 78 109 109 31
C L 1 -6 109 93 250 141
L E 1 6 93 156 62 -31
E S -1 1 156 125 78 -78
S Space -2 -2 125 125 109 -16
Space A 2 3 125 125 6162 6037
A N -1 -5 125 78 188 63
N D 1 3 78 78 93 15
D Space -2 -1 78 125 47 -31
Space A 2 3 125 140 281 156
A Space -2 -3 140 78 125 -15
Space F 2 0 78 109 421 343
F O 1 -5 109 94 171 62
O O 0 0 94 109 188 94
O Back 1 -4 109 94 405 296
Back Back 0 0 94 78 219 125
Back Back 0 0 78 109 187 109
Back Back 0 0 109 124 359 250
Back Back 0 0 124 125 202 78
Back O -1 4 125 62 422 297
O N -2 3 62 78 218 156
N E 2 3 78 140 203 125
E Space -3 -1 140 109 109 -31
Space O 3 -5 109 125 172 63
O F -1 5 125 140 109 -16
F Space -2 0 140 125 78 -62
Space T 3 -1 125 125 187 62
T H -1 -1 125 109 78 -47
H E 1 3 109 140 141 32
E M -2 -4 140 109 109 -31
M Space -1 3 109 140 234 125
Space A 2 3 140 140 265 125
A P 1 -9 140 124 172 32
P P 0 0 124 109 187 63
P E 0 7 109 140 203 94
E A -1 2 140 140 109 -31
A R 1 -3 140 156 109 -31
R Space -3 0 156 78 281 125
Space Back 4 -9 78 140 421 343
Back S -2 11 140 109 109 -31
S Space -2 -2 109 125 78 -31
Space T 3 -1 125 140 203 78
T O 0 -4 140 78 125 -15
O Space -3 5 78 141 62 -16
Space B 1 -1 141 125 203 62
B E 2 2 125 141 109 -16
E Space -3 -1 141 125 78 -63
Space S 2 2 125 94 1201 1076
S Back 2 -11 94 172 1248 1154
Back T -1 8 172 124 3230 3058
T H -1 -1 124 109 78 -46
H E 1 3 109 141 93 -16
E Space -3 -1 141 125 94 -47
Space K 2 -4 125 94 1045 920
K I 1 0 94 93 203 109
I N -2 2 93 109 203 110
N D 1 3 109 109 156 47
D Space -2 -1 109 125 93 -16
Space O 3 -5 125 109 219 94
O F -1 5 109 125 93 -16
F Space -2 0 125 125 78 -47
Space LShiftKey 1 4 125 639 2637 2512
LShiftKey R 2 -4 639 93 187 -452
R V -2 0 93 125 312 219
V Space -1 0 125 109 156 31
Space W 3 2 109 47 249 140
W H -1 -4 47 94 78 31
H I 1 -2 94 109 687 593
I C -2 5 109 124 125 16
C H 1 -3 124 109 109 -15
H Space -2 2 109 125 62 -47
Space S 2 2 125 94 187 62
S E 1 -1 94 125 78 -16
E L -1 -6 125 125 172 47
L L 0 0 125 109 187 62
L S 0 7 109 125 78 -31
S Space -2 -2 125 109 94 -31
Space F 2 0 109 125 171 62
F O 1 -5 125 93 110 -15
O O 0 0 93 93 156 63
O D -1 6 93 109 109 16
D OemPeriod -1 -6 109 63 608 499
OemPeriod Space -1 5 63 109 1404 1341
Space LShiftKey 1 4 109 296 172 63
LShiftKey I 2 -8 296 93 125 -171
I Space -3 4 93 125 124 31
Space C 1 1 125 109 125 0
C A 1 2 109 125 94 -15
A N -1 -5 125 109 78 -47
N Space -1 2 109 141 140 31
Space S 2 2 141 78 250 109
S E 1 -1 78 109 62 -16
E E 0 0 109 141 187 78
E Space -3 -1 141 93 141 0
Space T 3 -1 93 109 281 188
T E 0 2 109 125 187 78
E N -2 -3 125 125 93 -32
N T 2 1 125 94 125 0
T S -1 3 94 140 125 31
S Space -2 -2 140 125 125 -15
Space A 2 3 125 63 12854 12729
A N -1 -5 63 109 78 15
N D 1 3 109 109 94 -15
D Space -2 -1 109 141 62 -47
Space P 3 -6 141 156 1389 1248
P Back 1 -3 156 156 2932 2776
Back E -1 10 156 15 11139 10983
E W 0 1 15 187 0 -15
W Back 1 -11 187 140 858 671
Back Back 0 0 140 109 234 94
Back P -1 3 109 125 546 437
P E 0 7 125 94 109 -16
E O 0 -6 94 78 125 31
O P 0 -1 78 78 187 109
P L -1 1 78 94 187 109
L E 1 6 94 156 16 -78
E Space -3 -1 156 140 109 -47
Space C 1 1 140 125 218 78
C O 2 -6 125 93 32 -93
O M -2 2 93 78 218 125
M I 2 -1 78 78 187 109
I O 0 -1 78 32 31 -47
O N -2 3 32 78 203 171
N G 1 1 78 109 78 0
G Space -2 1 109 124 63 -46
Space I 3 -4 124 94 171 47
I Back 1 -5 94 93 562 468
Back Back 0 0 93 94 187 94
Back Back 0 0 94 78 203 109
Back Back 0 0 78 78 187 109
Back Back 0 0 78 94 312 234
Back N -3 7 94 94 577 483
N G 1 1 94 94 78 -16
G Space -2 1 94 124 63 -31
Space I 3 -4 124 63 249 125
I N -2 2 63 78 265 202
N OemQuestion 0 -4 78 109 500 422
OemQuestion O 2 1 109 78 296 187
O U 0 2 78 94 218 140
U T 0 2 94 94 78 -16
T Space -3 1 94 93 63 -31
Space O 3 -5 93 109 109 16
O F -1 5 109 94 109 0
F Space -2 0 94 94 47 -47
Space T 3 -1 94 109 172 78
T H -1 -1 109 109 93 -16
H E 1 3 109 125 125 16
E Space -3 -1 125 125 234 109
Space T 3 -1 125 124 172 47
T E 0 2 124 125 140 16
E N -2 -3 125 109 109 -16
N T 2 1 109 140 250 141
T S -1 3 140 125 93 -47
S OemPeriod -1 -7 125 78 5226 5101
OemPeriod Space -1 5 78 109 905 827
Space LShiftKey 1 4 109 328 468 359
LShiftKey I 2 -8 328 125 187 -141
I Space -3 4 125 124 110 -15
Space S 2 2 124 124 156 32
S E 1 -1 124 78 124 0
E E 0 0 78 109 172 94
E Space -3 -1 109 125 78 -31
Space P 3 -6 125 156 172 47
P E 0 7 156 94 171 15
E O 0 -6 94 46 141 47
O P 0 -1 46 94 202 156
P L -1 1 94 109 219 125
L E 1 6 109 124 47 -62
E Space -3 -1 124 124 78 -46
Space F 2 0 124 140 234 110
F I 1 -4 140 109 109 -31
I S -1 6 109 94 249 140
S I 1 -6 94 94 156 62
I N -2 2 94 109 219 125
N G 1 1 109 109 109 0
G Space -2 1 109 109 94 -15
Space I 3 -4 109 94 374 265
I N -2 2 94 109 234 140
N Space -1 2 109 125 62 -47
Space Back 4 -9 125 624 406 281
Back Back 0 0 624 94 920 296
Back Back 0 0 94 63 203 109
Back Back 0 0 63 94 265 202
Back H -2 7 94 93 500 406
H I 1 -2 93 78 234 141
I N -2 2 78 94 202 124
N G 1 1 94 78 110 16
G Space -2 1 78 141 15 -63
Space I 3 -4 141 109 203 62
I Space -3 4 109 93 172 63
Space N 1 -2 93 125 62 -31
N Back 3 -7 125 94 390 265
Back Back 0 0 94 63 187 93
Back N -3 7 63 78 187 124
N Space -1 2 78 93 63 -15
Space T 3 -1 93 124 125 32
T H -1 -1 124 109 109 -15
H E 1 3 109 140 78 -31
E Space -3 -1 140 94 93 -47
Space R 3 0 94 93 578 484
R I 0 -4 93 125 109 16
I V -2 4 125 109 140 15
V E 2 1 109 156 141 32
E R 0 -1 156 125 124 -32
R Space -3 0 125 110 468 343
Space A 2 3 110 141 359 249
A N -1 -5 141 94 125 -16
N D 1 3 94 78 172 78
D Space -2 -1 78 125 46 -32
Space W 3 2 125 125 453 328
W H -1 -4 125 109 187 62
H A 0 5 109 156 125 16
A T 1 -4 156 140 125 -31
T Space -3 1 140 125 124 -16
Space A 2 3 125 93 344 219
A P 1 -9 93 94 124 31
P P 0 0 94 93 188 94
P E 0 7 93 140 218 125
E A -1 2 140 125 203 63
A R 1 -3 125 140 577 452
R S -1 2 140 124 250 110
S Space -2 -2 124 109 109 -15
Space Back 4 -9 109 109 390 281
Back Back 0 0 109 78 203 94
Back Space -4 9 78 125 62 -16
Space T 3 -1 125 109 125 0
T O 0 -4 109 125 62 -47
O Space -3 5 125 94 109 -16
Space B 1 -1 94 110 156 62
B E 2 2 110 109 94 -16
E Space -3 -1 109 94 78 -31
Space M 1 -3 94 110 686 592
M E 2 4 110 109 94 -16
E R 0 -1 109 125 47 -62
R M -2 -3 125 78 249 124
M A 1 6 78 141 47 -31
A I 1 -7 141 109 406 265
I Back 1 -5 109 156 1950 1841
Back Back 0 0 156 94 327 171
Back Back 0 0 94 265 1108 1014
Back M -3 6 265 78 1373 1108
M E 2 4 78 109 78 0
E N -2 -3 109 62 125 16
N OemPeriod 0 -3 62 31 873 811
OemPeriod Space -1 5 31 0 19407 19376
Space LShiftKey 1 4 0 312 312 312
LShiftKey T 2 -5 312 93 156 -156
T H -1 -1 93 62 312 219
H E 1 3 62 141 327 265
E R 0 -1 141 172 78 -63
R E 0 1 172 141 156 -16
E Space -3 -1 141 93 141 0
Space I 3 -4 93 125 483 390
I S -1 6 125 140 63 -62
S Space -2 -2 140 94 124 -16
Space A 2 3 94 203 47 -47
A Space -2 -3 203 125 156 -47
Space P 3 -6 125 94 125 0
P A -1 9 94 156 187 93
A T 1 -4 156 109 624 468
T H -1 -1 109 78 125 16
H W 1 4 78 171 94 16
W A -1 1 171 156 140 -31
A Y 1 -5 156 109 640 484
Y Space -3 2 109 94 124 15
Space F 2 0 94 109 110 16
F O 1 -5 109 110 124 15
O R 0 5 110 109 94 -16
R Space -3 0 109 109 78 -31
Space P 3 -6 109 125 218 109
P E 0 7 125 109 110 -15
E O 0 -6 109 78 171 62
O P 0 -1 78 78 234 156
P L -1 1 78 94 203 125
L E 1 6 94 110 31 -63
E Space -3 -1 110 94 94 -16
Space T 3 -1 94 140 125 31
T O 0 -4 140 110 93 -47
O Space -3 5 110 125 78 -32
Space W 3 2 125 156 219 94
W A -1 1 156 156 109 -47
A L 0 -8 156 93 125 -31
L K 0 1 93 78 234 141
K Space -2 4 78 78 1887 1809
Space A 2 3 78 141 359 281
A N -1 -5 141 109 234 93
N D 1 3 109 109 94 -15
D Space -2 -1 109 156 62 -47
Space A 2 3 156 156 889 733
A Space -2 -3 156 140 141 -15
Space L 2 -5 140 110 171 31
L O 1 0 110 125 219 109
O T 0 4 125 109 109 -16
T Space -3 1 109 109 94 -15
Space O 3 -5 109 125 171 62
O F -1 5 125 124 63 -62
F Space -2 0 124 110 124 0
Space P 3 -6 110 124 188 78
P E 0 7 124 125 124 0
E O 0 -6 125 93 266 141
O P 0 -1 93 93 234 141
P L -1 1 93 94 218 125
L E 1 6 94 125 47 -47
E Space -3 -1 125 109 78 -47
Space A 2 3 109 156 171 62
A R 1 -3 156 110 234 78
R E 0 1 110 140 63 -47
E Space -3 -1 140 94 140 0
Space D 2 1 94 171 453 359
D O 1 -6 171 109 109 -62
O I 0 1 109 94 218 109
I N -2 2 94 109 219 125
N G 1 1 109 109 62 -47
G Space -2 1 109 156 62 -47
Space T 3 -1 156 93 188 32
T H -1 -1 93 78 15 -78
H A 0 5 78 124 141 63
A T 1 -4 124 109 78 -46
T OemPeriod -2 -4 109 63 670 561
OemPeriod Space -1 5 63 109 375 312
Space LShiftKey 1 4 109 312 265 156
LShiftKey I 2 -8 312 78 218 -94
I Space -3 4 78 156 63 -15
Space C 1 1 156 125 140 -16
C A 1 2 125 141 109 -16
A N -1 -5 141 93 110 -31
N Space -1 2 93 125 124 31
Space A 2 3 125 125 219 94
A L 0 -8 125 46 203 78
L S 0 7 46 109 499 453
S O 1 -7 109 78 171 62
O Space -3 5 78 156 94 16
Space S 2 2 156 125 421 265
S E 1 -1 125 93 172 47
E E 0 0 93 109 203 110
E Space -3 -1 109 94 93 -16
Space S 2 2 94 124 297 203
S O 1 -7 124 62 109 -15
O M -2 2 62 109 203 141
M E 2 4 109 109 31 -78
E Space -3 -1 109 110 93 -16
Space B 1 -1 110 109 188 78
B O 2 -4 109 125 46 -63
O Y 0 3 125 62 250 125
Y Space -3 2 62 94 78 16
Space S 2 2 94 125 62 -32
S C -1 -1 125 124 188 63
C O 2 -6 124 94 93 -31
O U 0 2 94 62 219 125
U T 0 2 62 140 296 234
T S -1 3 140 172 78 -62
S Space -2 -2 172 141 140 -32
Space I 3 -4 141 94 250 109
I N -2 2 94 125 234 140
N Space -1 2 125 125 62 -63
Space T 3 -1 125 156 156 31
T H -1 -1 156 109 125 -31
H E 1 3 109 141 31 -78
E Space -3 -1 141 109 94 -47
Space P 3 -6 109 93 281 172
P I 0 2 93 78 234 141
I C -2 5 78 94 171 93
C T 2 -2 94 125 234 140
T U 0 -2 125 78 110 -15
U R 0 3 78 141 93 15
R E 0 1 141 124 63 -78
E OemPeriod -2 -6 124 47 670 546
OemPeriod S 1 7 47 141 1139 1092
S S 0 0 141 125 468 327
S G 0 -3 125 47 12293 12168
G M -1 -2 47 93 47 0
M A 1 6 93 141 93 0
A I 1 -7 141 63 156 15
I Return -1 -4 63 78 1342 1279
Return D 0 9 78 110 8330 8252
D A 0 2 110 125 156 46
A T 1 -4 125 93 141 16
T A -1 4 93 94 109 16
A C -1 -2 94 93 250 156
C O 2 -6 93 78 421 328
O L -1 0 78 63 218 140
L L 0 0 63 94 125 62
L E 1 6 94 94 78 -16
E C -2 0 94 109 156 62
C T 2 -2 109 78 281 172
T I 0 -3 78 78 93 15
I O 0 -1 78 94 172 94
O N -2 3 94 78 109 15
N Return 1 -6 78 78 375 297
Return G 0 7 78 0 11806 11728
G A 0 4 0 94 0 0
A LShiftKey -1 1 94 1065 2850 2756
LShiftKey P 2 -10 1065 113 1002 -63
P R 0 6 113 100 243 130
R O 0 -5 100 95 80 -20
O J -1 2 95 122 215 120
J E 1 4 122 100 92 -30
E C -2 0 100 105 150 50
C T 2 -2 105 128 245 140
T Space -3 1 128 112 118 -10
Space D1 4 3 112 143 362 250
D1 Space -4 -3 143 110 163 20
Space LShiftKey 1 4 110 292 300 190
LShiftKey S 1 -2 292 112 210 -82
S E 1 -1 112 133 232 120
E S -1 1 133 72 233 100
S S 0 0 72 95 142 70
S I 1 -6 95 90 115 20
I O 0 -1 90 93 180 90
O N -2 3 93 65 243 150
N Space -1 2 65 132 95 30
Space D2 4 2 132 123 122 -10
D2 A -2 1 123 10 40239 40116
A M -1 -6 10 90 20 10
M C 0 4 90 130 150 60
C Space -1 -1 130 120 90 -40
Space M 1 -3 120 90 200 80
M A 1 6 90 110 60 -30
A P 1 -9 110 40 190 80
P Return -1 -2 40 60 1400 1360
Return D1 2 11 60 40 18397 18337
D1 A -2 0 40 20 46700 46660
A C -1 -2 20 100 130 110
C C 0 0 100 150 120 20
C U 2 -4 150 80 880 730
U Return -1 -5 80 70 1760 1680
Return A 0 11 70 20 47242 47172
A R 1 -3 20 130 875 855
R S -1 2 130 132 260 130
S E 1 -1 132 102 152 20
E N -2 -3 102 80 362 260
N A 1 5 80 92 90 10
A L 0 -8 92 80 902 810
L Return 0 -3 80 50 2000 1920
Return G 0 7 50 20 16489 16439
G O 1 -4 20 100 40 20
O A -1 8 100 120 90 -10
A L 0 -8 120 60 140 20
L E 1 6 60 110 3010 2950
E N -2 -3 110 90 100 -10
N Return 1 -6 90 50 540 450
