LShiftKey B 0 -5 140 63 124 -16
B Back 3 -8 63 125 2325 2262
Back LShiftKey -3 13 125 483 3276 3151
LShiftKey B 0 -5 483 78 390 -93
B U 2 -2 78 63 296 218
U F -1 3 63 62 437 374
F F 0 0 62 78 156 94
F A 0 3 78 109 125 47
A L 0 -8 109 63 530 421
L O 1 0 63 78 219 156
O Space -3 5 78 63 358 280
Space H 2 -2 63 78 874 811
H A 0 5 78 78 187 109
A Space -2 -3 78 78 250 172
Space S 2 2 78 63 15 -63
S Back 2 -11 63 47 1623 1560
Back Back 0 0 47 63 140 93
Back S -2 11 63 93 765 702
S Space -2 -2 93 62 218 125
Space L 2 -5 62 63 655 593
L O 1 0 63 62 203 140
O T 0 4 62 78 359 297
T Space -3 1 78 63 249 171
Space O 3 -5 63 78 593 530
O F -1 5 78 63 468 390
F Space -2 0 63 47 234 171
Space P 3 -6 47 62 562 515
P L -1 1 62 94 187 125
L A 0 8 94 109 187 93
A C -1 -2 109 63 546 437
C E 2 0 63 63 187 124
E S -1 1 63 62 406 343
S Space -2 -2 62 63 218 156
Space T 3 -1 63 62 375 312
T O 0 -4 62 78 327 265
O Space -3 5 78 78 297 219
Space V 1 0 78 47 1513 1435
V I 2 -4 47 78 203 156
I S -1 6 78 78 171 93
S I 1 -6 78 78 453 375
I T 0 3 78 78 359 281
T OemPeriod -2 -4 78 78 655 577
OemPeriod Space -1 5 78 62 234 156
Space LShiftKey 1 4 62 312 203 141
LShiftKey I 2 -8 312 78 218 -94
I Space -3 4 78 62 281 203
Space Back 4 -9 62 47 5444 5382
Back Back 0 0 47 62 141 94
Back Back 0 0 62 78 140 78
Back Back 0 0 78 78 328 250
Back Space -4 9 78 93 437 359
Space S 2 2 93 94 249 156
S U 1 -5 94 78 359 265
U C -2 4 78 93 359 281
C H 1 -3 93 78 327 234
H Space -2 2 78 78 203 125
Space A 2 3 78 109 125 47
A Space -2 -3 109 93 203 94
Space S 2 2 93 78 31 -62
S LShiftKey -1 2 78 187 655 577
LShiftKey N 0 -6 187 78 141 -46
N I 2 -2 78 93 234 156
I A -1 7 93 78 499 406
A G 0 -4 78 47 577 499
G A 0 4 47 93 125 78
A R 1 -3 93 78 249 156
R A -1 3 78 94 94 16
A Space -2 -3 94 78 172 78
Space F 2 0 78 78 374 296
F A 0 3 78 109 109 31
A K 0 -7 109 63 499 390
K K 0 0 63 47 172 109
K Back 2 -5 47 63 530 483
Back L -2 4 63 62 484 421
L L 0 0 62 47 156 94
L Back 2 -4 47 63 1435 1388
Back Back 0 0 63 62 141 78
Back Back 0 0 62 46 156 94
Back L -2 4 46 63 826 780
L L 0 0 63 63 156 93
L Back 2 -4 63 78 2886 2823
Back Back 0 0 78 63 156 78
Back S -2 11 63 63 936 873
S Space -2 -2 63 78 234 171
Space OemPeriod 1 -5 78 62 3136 3058
OemPeriod Space -1 5 62 63 218 156
Space LShiftKey 1 4 63 202 188 125
LShiftKey I 2 -8 202 62 156 -46
I Space -3 4 62 78 234 172
Space L 2 -5 78 78 265 187
L I 1 1 78 62 234 156
I K -1 0 62 78 187 125
K E 1 5 78 94 265 187
E Space -3 -1 94 63 187 93
Space T 3 -1 63 47 484 421
T O 0 -4 47 62 983 936
O Space -3 5 62 78 249 187
Space V 1 0 78 78 422 344
V I 2 -4 78 78 202 124
I S -1 6 78 78 188 110
S I 1 -6 78 78 421 343
I T 0 3 78 62 281 203
T Space -3 1 62 62 296 234
Space T 3 -1 62 62 250 188
T E 0 2 62 78 312 250
E Back 1 -10 78 62 1482 1404
Back H -2 7 62 63 873 811
H E 1 3 63 78 203 140
E S -1 1 78 109 234 156
S E 1 -1 109 62 234 125
E Space -3 -1 62 78 187 125
Space P 3 -6 78 94 577 499
P L -1 1 94 78 234 140
L A 0 8 78 94 172 94
A C -1 -2 94 78 593 499
C E 2 0 78 78 156 78
E S -1 1 78 63 249 171
S OemPeriod -1 -7 63 62 656 593
OemPeriod Space -1 5 62 46 234 172
Space LShiftKey 1 4 46 203 967 921
LShiftKey A 1 -1 203 94 187 -16
A L 0 -8 94 78 343 249
L S 0 7 78 62 219 141
S O 1 -7 62 63 124 62
O Space -3 5 63 78 266 203
Space B 1 -1 78 62 1747 1669
B I 2 -3 62 16 249 187
I U 0 1 16 32 0 -16
U F -1 3 32 63 359 327
F F 0 0 63 78 141 78
F A 0 3 78 109 140 62
A L 0 -8 109 62 359 250
L O 1 0 62 62 203 141
O Space -3 5 62 63 249 187
Space H 2 -2 63 63 624 561
H A 0 5 63 109 203 140
A S 0 -1 109 62 546 437
S Space -2 -2 62 94 156 94
Space L 2 -5 94 63 686 592
L A 0 8 63 78 156 93
A R 1 -3 78 63 390 312
R G -1 -1 63 63 234 171
G E 1 2 63 62 328 265
E Space -3 -1 62 62 406 344
Space S 2 2 62 78 733 671
S T 1 -3 78 78 171 93
T U 0 -2 78 78 453 375
U D -1 4 78 78 327 249
D E 1 0 78 78 203 125
E N -2 -3 78 63 468 390
N T 2 1 63 63 234 171
T Space -3 1 63 78 219 156
Space P 3 -6 78 63 826 748
P O 0 1 63 62 188 125
O L -1 0 62 63 202 140
L L 0 0 63 62 172 109
L Back 2 -4 62 78 827 765
Back Back 0 0 78 62 312 234
Back P -1 3 62 62 780 718
P U 0 3 62 62 390 328
U L -1 -2 62 62 593 531
L A 0 8 62 93 156 94
A T 1 -4 93 78 234 141
T I 0 -3 78 62 296 218
I O 0 -1 62 94 187 125
O N -2 3 94 78 250 156
N OemPeriod 0 -3 78 78 499 421
OemPeriod Space -1 5 78 78 218 140
Space LShiftKey 1 4 78 718 203 125
LShiftKey LShiftKey 0 0 718 218 1545 827
LShiftKey I 2 -8 218 63 171 -47
I Space -3 4 63 62 250 187
Space E 3 1 62 62 2465 2403
E N -2 -3 62 78 171 109
N J 1 -1 78 78 749 671
J O 1 -2 78 78 265 187
O Y 0 3 78 63 421 343
Y Space -3 2 63 62 266 203
Space B 1 -1 62 78 514 452
B E 2 2 78 78 172 94
E I 0 -5 78 93 437 359
I N -2 2 93 63 249 156
N G 1 1 63 62 219 156
G Space -2 1 62 78 187 125
Space O 3 -5 78 93 640 562
O A -1 8 93 93 187 94
A R 1 -3 93 62 390 297
R T 0 -1 62 63 171 109
T Space -3 1 63 62 219 156
Space O 3 -5 62 62 811 749
O F -1 5 62 78 312 250
F Space -2 0 78 62 172 94
Space T 3 -1 62 78 234 172
T H -1 -1 78 78 187 109
H E 1 3 78 63 140 62
E Back 1 -10 63 47 1810 1747
Back Back 0 0 47 63 140 93
Back Back 0 0 63 63 2886 2823
Back O -1 4 63 31 297 234
O Back 1 -4 31 109 499 468
Back P -1 3 109 93 858 749
P H -1 4 93 62 2371 2278
H I 1 -2 62 78 203 141
I S -1 6 78 78 218 140
S Space -2 -2 78 78 125 47
Space V 1 0 78 62 1342 1264
V I 2 -4 62 62 218 156
I B -2 3 62 94 624 562
B R 2 1 94 63 296 202
R A -1 3 63 94 156 93
A N -1 -5 94 78 531 437
N T 2 1 78 78 281 203
T Space -3 1 78 78 390 312
Space C 1 1 78 78 670 592
C I 2 -5 78 47 203 125
I Back 1 -5 47 62 1373 1326
Back O -1 4 62 78 296 234
O M -2 2 78 62 250 172
M M 0 0 62 46 172 110
M U 2 0 46 62 265 219
U N -2 1 62 63 249 187
N I 2 -2 63 63 234 171
I T 0 3 63 78 562 499
T Y 0 -1 78 62 203 125
Y OemPeriod -2 -3 62 62 702 640
OemPeriod Space -1 5 62 78 312 250
Space Back 4 -9 78 47 3432 3354
Back LShiftKey -3 13 47 250 4695 4648
LShiftKey I 2 -8 250 63 203 -47
I N -2 2 63 62 281 218
N Space -1 2 62 62 172 110
Space W 3 2 62 63 1606 1544
W I 0 -6 63 78 281 218
I N -2 2 78 78 219 141
N D 1 3 78 78 592 514
D E 1 0 78 78 172 94
E R 0 -1 78 78 203 125
R Oemcomma -2 -4 78 47 1107 1029
Oemcomma Space -1 4 47 46 188 141
Space I 3 -4 46 63 249 203
I T 0 3 63 62 640 577
T Oem1 -1 -5 62 31 530 468
Oem1 Back 2 -3 31 63 546 515
Back Oem7 -2 2 63 62 437 374
Oem7 S 0 9 62 94 374 312
S Space -2 -2 94 78 203 109
Space L 2 -5 78 78 967 889
L O 1 0 78 63 203 125
O T 0 4 63 62 437 374
T Space -3 1 62 78 234 172
Space O 3 -5 78 78 452 374
O F -1 5 78 63 437 359
F Space -2 0 63 78 172 109
Space C 1 1 78 62 203 125
C O 2 -6 62 78 343 281
O L -1 0 78 78 234 156
L D 0 6 78 62 390 312
D Space -2 -1 62 78 281 219
Space H 2 -2 78 78 686 608
H E 1 3 78 78 203 125
E R 0 -1 78 62 281 203
R E 0 1 62 46 156 94
E OemPeriod -2 -6 46 47 795 749
OemPeriod Space -1 5 47 47 265 218
Space LShiftKey 1 4 47 312 297 250
LShiftKey S 1 -2 312 140 234 -78
S O 1 -7 140 63 249 109
O Space -3 5 63 62 344 281
Space Back 4 -9 62 78 452 390
Back Space -4 9 78 62 905 827
Space LShiftKey 1 4 62 187 203 141
LShiftKey I 2 -8 187 62 187 0
I Space -3 4 62 63 249 187
Space H 2 -2 63 78 2247 2184
H A 0 5 78 110 93 15
A T 1 -4 110 62 734 624
T A -1 4 62 110 124 62
A Back 2 -12 110 78 624 514
Back E -1 10 78 125 702 624
E Space -3 -1 125 93 344 219
Space W 3 2 93 47 1981 1888
W I 0 -6 47 78 234 187
I N -2 2 78 47 265 187
N T 2 1 47 78 936 889
T E 0 2 78 63 265 187
E R 0 -1 63 78 187 124
R Space -3 0 78 62 297 219
Space LShiftKey 1 4 62 873 281 219
LShiftKey D7 3 -7 873 78 764 -109
D7 Space -4 3 78 47 343 265
Space S 2 2 47 62 765 718
S N -1 -4 62 62 343 281
N O 2 -3 62 62 515 453
O W 0 7 62 94 405 343
W OemPeriod -2 -7 94 93 578 484
OemPeriod LShiftKey 0 9 93 514 10218 10125
LShiftKey C 0 -3 514 63 405 -109
C L 1 -6 63 62 562 499
L A 0 8 62 78 125 63
A S 0 -1 78 78 202 124
S S 0 0 78 78 141 63
S Space -2 -2 78 78 171 93
Space Back 4 -9 78 62 4088 4010
Back Back 0 0 62 62 156 94
Back Back 0 0 62 62 156 94
Back Back 0 0 62 78 140 78
Back Back 0 0 78 62 156 78
Back Back 0 0 62 78 140 78
Back Space -4 9 78 63 749 671
Space LShiftKey 1 4 63 281 702 639
LShiftKey U 2 -7 281 63 187 -94
U B -2 2 63 63 281 218
B Space -1 1 63 78 172 109
Space A 2 3 78 94 218 140
A Back 2 -12 94 62 3167 3073
Back H -2 7 62 78 1045 983
H A 0 5 78 78 172 94
A S 0 -1 78 62 234 156
S Space -2 -2 62 78 374 312
Space L 2 -5 78 63 655 577
L O 1 0 63 62 188 125
O T 0 4 62 62 343 281
T Space -3 1 62 63 249 187
Space O 3 -5 63 62 656 593
O F -1 5 62 63 249 187
F Space -2 0 63 62 172 109
Space F 2 0 62 62 421 359
F A 0 3 62 94 109 47
A C -1 -2 94 63 390 296
C I 2 -5 63 78 234 171
I L -1 -1 78 62 375 297
L I 1 1 62 78 296 234
I T 0 3 78 62 390 312
T I 0 -3 62 63 343 281
I E 0 5 63 78 265 202
E S -1 1 78 78 328 250
S Space -2 -2 78 63 187 109
Space L 2 -5 63 62 437 374
L I 1 1 62 78 218 156
I K -1 0 78 78 344 266
K E 1 5 78 78 234 156
E Space -3 -1 78 78 156 78
Space S 2 2 78 63 9531 9453
S W 1 0 63 47 312 249
W I 0 -6 47 63 312 265
I M -2 1 63 62 281 218
M M 0 0 62 78 156 94
M I 2 -1 78 78 234 156
I N -2 2 78 62 234 156
N G 1 1 62 62 234 172
G Space -2 1 62 94 187 125
Space P 3 -6 94 78 515 421
P O 0 1 78 63 218 140
O O 0 0 63 78 156 93
O L -1 0 78 78 219 141
L Oemcomma -1 1 78 62 390 312
Oemcomma Space -1 4 62 62 234 172
Space T 3 -1 62 62 437 375
T E 0 2 62 94 249 187
E N -2 -3 94 62 359 265
N N 0 0 62 63 140 78
N I 2 -2 63 62 250 187
I S -1 6 62 109 406 344
S Space -2 -2 109 62 156 47
Space C 1 1 62 93 187 125
C O 2 -6 93 78 265 172
O U 0 2 78 62 250 172
U R 0 3 62 78 405 343
R T 0 -1 78 78 187 109
T OemPeriod -2 -4 78 47 827 749
OemPeriod Space -1 5 47 63 187 140
Space LShiftKey 1 4 63 187 266 203
LShiftKey I 2 -8 187 62 156 -31
I Space -3 4 62 78 234 172
Space L 2 -5 78 62 312 234
L I 1 1 62 63 202 140
I K -1 0 63 62 219 156
K E 1 5 62 78 390 328
E Space -3 -1 78 78 234 156
Space T 3 -1 78 62 281 203
T H -1 -1 62 78 187 125
H E 1 3 78 93 125 47
E S -1 1 93 78 312 219
S E 1 -1 78 94 249 171
E Space -3 -1 94 78 187 93
Space F 2 0 78 63 281 203
F A 0 3 63 94 156 93
A C -1 -2 94 110 343 249
C I 2 -5 110 94 234 124
I L -1 -1 94 63 624 530
L I 1 1 63 78 219 156
I T 0 3 78 62 343 265
T I 0 -3 62 78 250 188
I E 0 5 78 94 280 202
E S -1 1 94 94 250 156
S OemPeriod -1 -7 94 63 1622 1528
OemPeriod Back 3 -4 63 62 2403 2340
Back LShiftKey -3 13 62 328 249 187
LShiftKey I 2 -8 328 78 234 -94
I Back 1 -5 78 78 1779 1701
Back Back 0 0 78 141 1185 1107
Back Space -4 9 141 124 812 671
Space LShiftKey 1 4 124 515 358 234
LShiftKey I 2 -8 515 141 203 -312
I Space -3 4 141 124 453 312
Space Space 0 0 124 78 8673 8549
Space LShiftKey 1 4 78 219 187 109
LShiftKey P 2 -10 219 63 234 15
P R 0 6 63 93 344 281
R I 0 -4 93 62 390 297
I Back 1 -5 62 78 655 593
Back O -1 4 78 78 468 390
O F -1 5 78 63 374 296
F E 1 1 63 63 187 124
E S -1 1 63 78 234 171
S S 0 0 78 94 156 78
S O 1 -7 94 62 297 203
O R 0 5 62 62 312 250
R S -1 2 62 94 265 203
S Space -2 -2 94 78 172 78
Space A 2 3 78 93 343 265
A R 1 -3 93 62 187 94
R E 0 1 62 78 203 141
E Space -3 -1 78 78 187 109
Space A 2 3 78 94 530 452
A L 0 -8 94 78 297 203
L S 0 7 78 47 343 265
S O 1 -7 47 62 234 187
O Space -3 5 62 62 328 266
Space G 2 -1 62 47 3463 3401
G O 1 -4 47 78 421 374
O O 0 0 78 78 156 78
O G -1 4 78 47 905 827
G Back 2 -8 47 63 561 514
Back D -2 10 63 78 827 764
D OemPeriod -1 -6 78 93 297 219
OemPeriod LShiftKey 0 9 93 62 15444 15351
LShiftKey T 2 -5 62 62 31 -31
T H -1 -1 62 78 187 125
H E 1 3 78 78 172 94
E Space -3 -1 78 94 171 93
Space LShiftKey 1 4 94 172 14742 14648
LShiftKey L 1 -9 172 78 110 -62
L O 1 0 78 63 202 124
O N -2 3 63 62 297 234
N A 1 5 62 94 249 187
A V -1 -3 94 78 375 281
V A 1 3 78 109 125 47
A L 0 -8 109 62 452 343
L A 0 8 62 78 468 406
A Space -2 -3 78 63 218 140
Space I 3 -4 63 62 406 343
I S -1 6 62 93 172 110
S Space -2 -2 93 78 124 31
Space M 1 -3 78 63 468 390
M Y 2 1 63 78 312 249
Y Space -3 2 78 78 219 141
Space F 2 0 78 62 499 421
F A 0 3 62 110 374 312
A V -1 -3 110 78 422 312
V A 1 3 78 125 124 46
A Back 2 -12 125 62 6880 6755
Back O -1 4 62 63 577 515
O R 0 5 63 78 499 436
R I 0 -4 78 78 437 359
I T 0 3 78 78 390 312
T E 0 2 78 78 141 63
E Space -3 -1 78 78 156 78
Space V 1 0 78 78 920 842
V A 1 3 78 124 94 16
A C -1 -2 124 78 327 203
C A 1 2 78 110 109 31
A T 1 -4 110 62 266 156
T I 0 -3 62 78 546 484
I O 0 -1 78 63 202 124
O N -2 3 63 78 188 125
N Space -1 2 78 62 187 109
Space S 2 2 62 78 639 577
S P 1 -8 78 62 250 172
P O 0 1 62 78 187 125
O T 0 4 78 78 312 234
T Oemcomma -2 -3 78 15 1732 1654
Oemcomma Space -1 4 15 46 203 188
Space LShiftKey 1 4 46 312 577 531
LShiftKey I 2 -8 312 78 249 -63
I T 0 3 78 63 312 234
T Space -3 1 63 78 234 171
Space I 3 -4 78 63 1217 1139
I S -1 6 63 125 250 187
S Space -2 -2 125 78 187 62
Space L 2 -5 78 63 889 811
L O 1 0 63 78 187 124
O C -2 6 78 78 406 328
C A 1 2 78 93 94 16
A T 1 -4 93 78 140 47
T E 0 2 78 78 234 156
E D -1 0 78 63 187 109
D Space -2 -1 63 94 187 124
Space I 3 -4 94 62 1888 1794
I N -2 2 62 47 203 141
N Space -1 2 47 63 171 124
Space LShiftKey 1 4 63 188 702 639
LShiftKey I 2 -8 188 62 172 -16
I N -2 2 62 78 250 188
N E 2 3 78 78 312 234
E A -1 2 78 94 374 296
A Back 2 -12 94 63 1310 1216
Back Back 0 0 63 63 156 93
Back Back 0 0 63 62 141 78
Back Back 0 0 62 47 156 94
Back N -3 7 47 47 2808 2761
N E 2 3 47 78 171 124
E A -1 2 78 94 250 172
A R 1 -3 94 62 250 156
R Space -3 0 62 63 249 187
Space LShiftKey 1 4 63 546 375 312
LShiftKey P 2 -10 546 47 483 -63
P U 0 3 47 62 328 281
U N -2 1 62 93 203 141
N E 2 3 93 62 187 94
E Space -3 -1 62 78 624 562
Space LShiftKey 1 4 78 187 1685 1607
LShiftKey I 2 -8 187 62 78 -109
I N -2 2 62 62 265 203
N Back 3 -7 62 63 795 733
Back Back 0 0 63 109 141 78
Back Space -4 9 109 78 624 515
Space LShiftKey 1 4 78 172 171 93
LShiftKey I 2 -8 172 78 141 -31
I N -2 2 78 78 203 125
N D 1 3 78 78 327 249
D I 1 -5 78 78 234 156
I A -1 7 78 94 359 281
A OemPeriod -1 -8 94 47 530 436
OemPeriod Space -1 5 47 63 234 187
Space LShiftKey 1 4 63 202 4010 3947
LShiftKey LShiftKey 0 0 202 327 390 188
LShiftKey G 1 -5 327 62 265 -62
G O 1 -4 62 47 374 312
O O 0 0 47 78 125 78
O G -1 4 78 47 811 733
G Space -2 1 47 78 187 140
Space T 3 -1 78 62 734 656
T H -1 -1 62 62 187 125
H I 1 -2 62 93 234 172
I N -2 2 93 63 249 156
N G 1 1 63 62 375 312
G Space -2 1 62 93 203 141
Space A 2 3 93 78 374 281
A B -1 -4 78 63 421 343
B O 2 -4 63 62 453 390
O U 0 2 62 46 234 172
U T 0 2 46 47 218 172
T Space -3 1 47 78 218 171
Space I 3 -4 78 62 422 344
I S -1 6 62 78 546 484
S Space -2 -2 78 47 202 124
Space I 3 -4 47 47 359 312
I S -1 6 47 62 328 281
S Space -2 -2 62 78 187 125
Space Back 4 -9 78 78 3884 3806
Back D -2 10 78 63 1014 936
D Back 2 -10 63 78 1888 1825
Back Back 0 0 78 78 156 78
Back Back 0 0 78 63 140 62
Back I -1 5 63 47 983 920
I T 0 3 47 63 343 296
T Space -3 1 63 63 234 171
Space I 3 -4 63 63 437 374
I S -1 6 63 78 172 109
S Space -2 -2 78 78 171 93
Space E 3 1 78 63 1950 1872
E A -1 2 63 78 141 78
A S 0 -1 78 63 842 764
S I 1 -6 63 78 141 78
I L -1 -1 78 78 686 608
L Y 1 3 78 62 328 250
Y Space -3 2 62 46 234 172
Space R 3 0 46 47 421 375
R E 0 1 47 62 187 140
E A -1 2 62 78 218 156
A C -1 -2 78 62 656 578
C H 1 -3 62 78 546 484
H A 0 5 78 94 140 62
A B -1 -4 94 63 686 592
B L 1 -4 63 62 453 390
L E 1 6 62 78 203 141
E OemPeriod -2 -6 78 63 514 436
OemPeriod Space -1 5 63 63 203 140
Space LShiftKey 1 4 63 296 172 109
LShiftKey A 1 -1 296 109 265 -31
A L 0 -8 109 62 250 141
L S 0 7 62 94 140 78
S O 1 -7 94 78 172 78
O Space -3 5 78 78 249 171
Space LShiftKey 1 4 78 156 1545 1467
LShiftKey I 2 -8 156 62 78 -78
I Space -3 4 62 94 249 187
Space L 2 -5 94 47 1591 1497
L I 1 1 47 78 203 156
I K -1 0 78 78 203 125
K E 1 5 78 78 296 218
E Space -3 -1 78 94 156 78
Space M 1 -3 94 62 531 437
M A 1 6 62 94 171 109
A N -1 -5 94 94 437 343
N S 1 4 94 62 671 577
S O 1 -7 62 78 234 172
O O 0 0 78 78 172 94
O N -2 3 78 78 390 312
N Space -1 2 78 63 1060 982
Space S 2 2 63 47 1108 1045
S E 1 -1 47 78 156 109
E A -1 2 78 109 281 203
A S 0 -1 109 93 515 406
S O 1 -7 93 47 296 203
O N -2 3 47 93 250 203
N OemPeriod 0 -3 93 109 296 203
OemPeriod Back 3 -4 109 110 5210 5101
Back Back 0 0 110 78 172 62
Back Back 0 0 78 78 140 62
Back Back 0 0 78 62 172 94
Back Back 0 0 62 62 156 94
Back Back 0 0 62 63 140 78
Back Back 0 0 63 93 188 125
Back R -1 9 93 63 1809 1716
R A -1 3 63 62 125 62
A I 1 -7 62 62 484 422
I N -2 2 62 94 218 156
N Y 2 0 94 63 343 249
Y Space -3 2 63 78 2434 2371
Space LShiftKey 1 4 78 249 702 624
LShiftKey I 2 -8 249 78 187 -62
I Space -3 4 78 62 234 156
Space E 3 1 62 78 281 219
E N -2 -3 78 78 421 343
N J 1 -1 78 78 796 718
J O 1 -2 78 62 296 218
O Y 0 3 62 62 671 609
Y Space -3 2 62 78 265 203
Space W 3 2 78 62 3401 3323
W A -1 1 62 78 218 156
A T 1 -4 78 63 265 187
T E 0 2 63 63 234 171
E R 0 -1 63 78 172 109
R F -1 0 78 78 374 296
F A 0 3 78 94 156 78
A L 0 -8 94 78 562 468
L L 0 0 78 78 172 94
L S 0 7 78 110 280 202
S Space -2 -2 110 62 640 530
Space LShiftKey 1 4 62 1045 421 359
LShiftKey LShiftKey 0 0 1045 297 1201 156
LShiftKey D7 3 -7 297 78 250 -47
D7 Space -4 3 78 78 312 234
Space N 1 -2 78 78 624 546
N E 2 3 78 62 250 172
E A -1 2 62 94 249 187
A R 1 -3 94 78 219 125
R B -2 -1 78 46 905 827
B Y 2 -1 46 31 296 250
Y Space -3 2 31 63 421 390
Space L 2 -5 63 46 453 390
L A 0 8 46 78 202 156
A K 0 -7 78 63 1139 1061
K E 1 5 63 63 187 124
E Oemcomma -2 -5 63 32 624 561
Oemcomma Space -1 4 32 47 219 187
Space LShiftKey 1 4 47 250 561 514
LShiftKey I 2 -8 250 46 188 -62
I Space -3 4 46 47 249 203
Space N 1 -2 47 31 0 -47
N Space -1 2 31 63 156 125
Space S 2 2 63 78 375 312
S U 1 -5 78 63 249 171
U M -2 0 63 63 234 171
M M 0 0 63 94 156 93
M E 2 4 94 62 219 125
E Space -3 -1 62 78 202 140
Space LShiftKey 1 4 78 234 890 812
LShiftKey I 2 -8 234 62 218 -16
I Space -3 4 62 78 250 188
Space Back 4 -9 78 62 1700 1622
Back Back 0 0 62 47 187 125
Back Back 0 0 47 109 827 780
Back R -1 9 109 62 874 765
R Space -3 0 62 94 140 78
Space LShiftKey 1 4 94 296 468 374
LShiftKey L 1 -9 296 32 530 234
L LShiftKey -1 9 32 234 390 358
LShiftKey L 1 -9 234 94 203 -31
L Back 2 -4 94 78 577 483
Back Back 0 0 78 63 156 78
Back LShiftKey -3 13 63 452 250 187
LShiftKey L 1 -9 452 62 437 -15
L O 1 0 62 62 187 125
O N -2 3 62 78 359 297
N A 1 5 78 93 234 156
A V -1 -3 93 78 359 266
V A 1 3 78 78 124 46
A L 0 -8 78 63 468 390
L O 1 0 63 78 188 125
O Space -3 5 78 63 249 171
Space I 3 -4 63 78 328 265
I S -1 6 78 78 203 125
S Space -2 -2 78 110 124 46
Space Right 0 -9 110 93 3386 3276
Right Right 0 0 93 78 920 827
Right Back 4 0 78 62 359 281
Back Back 0 0 62 78 140 78
Back Back 0 0 78 31 250 172
Back Back 0 0 31 62 234 203
Back W -1 11 62 63 1076 1014
W A -1 1 63 94 125 62
A L 0 -8 94 62 749 655
L A 0 8 62 94 93 31
A Back 2 -12 94 78 6116 6022
Back V -3 9 78 94 514 436
V Back 3 -9 94 47 5117 5023
Back Space -4 9 47 63 2340 2293
Space G 2 -1 63 63 1279 1216
G O 1 -4 63 78 250 187
O O 0 0 78 62 156 78
O D -1 6 62 62 250 188
D Space -2 -1 62 63 249 187
Space Back 4 -9 63 47 1170 1107
Back Back 0 0 47 93 328 281
Back Back 0 0 93 47 234 141
Back O -1 4 47 78 1029 982
O D -1 6 78 78 281 203
D Space -2 -1 78 94 125 47
Space P 3 -6 94 63 1045 951
P I 0 2 63 62 203 140
I C -2 5 62 63 343 281
C N 0 -3 63 62 515 452
N I 2 -2 62 78 203 141
I C -2 5 78 47 1185 1107
C Space -1 -1 47 109 125 78
Space S 2 2 109 63 889 780
S P 1 -8 63 62 297 234
P O 0 1 62 63 171 109
O T 0 4 63 62 344 281
T Space -3 1 62 78 265 203
Space A 2 3 78 78 1326 1248
A S 0 -1 78 78 234 156
S Space -2 -2 78 78 62 -16
Space I 3 -4 78 62 1451 1373
I T 0 3 62 62 328 266
T Space -3 1 62 78 249 187
Space I 3 -4 78 63 421 343
I S -1 6 63 62 188 125
S Space -2 -2 62 78 156 94
Space H 2 -2 78 47 1060 982
H I 1 -2 47 62 422 375
I L -1 -1 62 62 218 156
L L 0 0 62 78 140 78
L S 0 7 78 110 468 390
S T 1 -3 110 93 344 234
T A -1 4 93 78 156 63
A I 1 -7 78 78 670 592
I O 0 -1 78 78 250 172
O N -2 3 78 94 421 343
N OemPeriod 0 -3 94 63 1248 1154
OemPeriod Space -1 5 63 62 7426 7363
Space OemMinus 4 -7 62 47 3806 3744
OemMinus T -1 6 47 62 3495 3448
T LShiftKey -2 5 62 203 1996 1934
LShiftKey I 2 -8 203 78 156 -47
I Space -3 4 78 62 219 141
Space W 3 2 62 78 312 250
W O 0 -7 78 47 327 249
O U 0 2 47 62 453 406
U L -1 -2 62 78 374 312
L D 0 6 78 31 406 328
D Space -2 -1 31 94 93 62
Space L 2 -5 94 47 437 343
L I 1 1 47 78 187 140
I K -1 0 78 78 188 110
K E 1 5 78 63 202 124
E Space -3 -1 63 62 110 47
Space T 3 -1 62 78 296 234
T O 0 -4 78 62 359 281
O Space -3 5 62 93 234 172
Space V 1 0 93 31 1622 1529
V I 2 -4 31 109 125 94
I S -1 6 109 31 250 141
S I 1 -6 31 78 452 421
I T 0 3 78 94 374 296
T Space -3 1 94 94 281 187
Space LShiftKey 1 4 94 219 9984 9890
LShiftKey A 1 -1 219 109 172 -47
A U 1 -6 109 78 530 421
U S -1 5 78 94 281 203
S T 1 -3 94 78 265 171
T A -1 4 78 93 141 63
A L 0 -8 93 78 733 640
L I 1 1 78 63 249 171
I A -1 7 63 78 453 390
A OemPeriod -1 -8 78 47 1404 1326
OemPeriod Space -1 5 47 62 281 234
Space Back 4 -9 62 110 2074 2012
Back Back 0 0 110 702 172 62
Back Back 0 0 702 94 842 140
Back Back 0 0 94 78 203 109
Back LShiftKey -3 13 78 250 4914 4836
LShiftKey S 1 -2 250 94 203 -47
S W 1 0 94 78 312 218
W I 0 -6 78 93 437 359
I T 0 3 93 78 2511 2418
T S -1 3 78 78 328 250
S Back 2 -11 78 62 718 640
Back E -1 10 62 62 187 125
E R 0 -1 62 78 218 156
R K -1 -4 78 31 562 484
K Back 2 -5 31 62 499 468
Back L -2 4 62 94 312 250
L A 0 8 94 93 141 47
A N -1 -5 93 94 405 312
N D 1 3 94 62 297 203
D Space -2 -1 62 94 327 265
Space Back 4 -9 94 936 796 702
Back Back 0 0 936 156 1061 125
Back Back 0 0 156 78 265 109
Back T -1 8 78 78 1482 1404
T Space -3 1 78 94 265 187
Space LShiftKey 1 4 94 234 10062 9968
LShiftKey E 2 -3 234 78 156 -78
E U 0 -4 78 62 936 858
U R 0 3 62 78 296 234
R O 0 -5 78 78 484 406
O P 0 -1 78 78 593 515
P E 0 7 78 94 561 483
E OemPeriod -2 -6 94 78 375 281
OemPeriod Space -1 5 78 63 218 140
Space LShiftKey 1 4 63 265 9376 9313
LShiftKey I 2 -8 265 62 234 -31
I N -2 2 62 47 218 156
N Space -1 2 47 78 156 109
Space E 3 1 78 109 453 375
E U 0 -4 109 78 390 281
U R 0 3 78 94 358 280
R O 0 -5 94 93 266 172
O P 0 -1 93 62 686 593
P R 0 6 62 78 203 141
R Back 1 -9 78 94 577 499
Back E -1 10 94 109 172 78
E Space -3 -1 109 47 218 109
Space Y 3 -2 47 63 530 483
Y O 0 -3 63 47 297 234
O U 0 2 47 78 203 156
U Space -3 3 78 62 234 156
Space Back 4 -9 62 63 6598 6536
Back LShiftKey -3 13 63 640 172 109
LShiftKey E 2 -3 640 78 577 -63
E Back 1 -10 78 62 3729 3651
Back Back 0 0 62 62 156 94
Back Back 0 0 62 78 156 94
Back Back 0 0 78 62 156 78
Back Back 0 0 62 47 124 62
Back Space -4 9 47 78 796 749
Space LShiftKey 1 4 78 187 187 109
LShiftKey I 2 -8 187 78 172 -15
I Space -3 4 78 63 249 171
Space C 1 1 63 62 422 359
C A 1 2 62 110 124 62
A N -1 -5 110 63 312 202
N Space -1 2 63 62 188 125
Space V 1 0 62 47 2402 2340
V I 2 -4 47 62 328 281
I S -1 6 62 93 187 125
S T 1 -3 93 63 327 234
T Back 1 -8 63 109 968 905
Back I -1 5 109 62 936 827
I T 0 3 62 62 265 203
T Space -3 1 62 47 234 172
Space P 3 -6 47 78 390 343
P A -1 9 78 109 203 125
A C -1 -2 109 78 717 608
C E 2 0 78 93 219 141
E S -1 1 93 78 265 172
S Space -2 -2 78 110 249 171
Space R 3 0 110 78 702 592
R A -1 3 78 110 156 78
A N -1 -5 110 78 437 327
N G 1 1 78 78 406 328
G I 1 -3 78 93 515 437
I N -2 2 93 78 234 141
N G 1 1 78 46 546 468
G Space -2 1 46 78 187 141
Space F 2 0 78 62 1045 967
F R 1 0 62 78 203 141
R O 0 -5 78 62 468 390
O M -2 2 62 62 468 406
M Space -1 3 62 93 156 94
Space LShiftKey 1 4 93 249 2387 2294
LShiftKey A 1 -1 249 109 218 -31
A L 0 -8 109 93 437 328
L P 1 -1 93 94 2449 2356
P E 0 7 94 62 1997 1903
E S -1 1 62 62 187 125
S Space -2 -2 62 109 312 250
Space Back 4 -9 109 78 874 765
Back Back 0 0 78 94 171 93
Back Back 0 0 94 93 172 78
Back S -2 11 93 94 2558 2465
S Space -2 -2 94 109 390 296
Space T 3 -1 109 63 1435 1326
T O 0 -4 63 78 219 156
O Space -3 5 78 78 265 187
Space B 1 -1 78 63 1778 1700
B E 2 2 63 78 141 78
E A -1 2 78 140 343 265
A C -1 -2 140 47 421 281
C H 1 -3 47 62 281 234
H E 1 3 62 62 250 188
E S -1 1 62 78 624 562
S Space -2 -2 78 78 187 109
Space O 3 -5 78 63 483 405
O N -2 3 63 46 5024 4961
N Space -1 2 46 78 156 110
Space Back 4 -9 78 94 2854 2776
Back Back 0 0 94 63 234 140
Back Back 0 0 63 63 203 140
Back Back 0 0 63 31 281 218
Back OemPeriod -3 4 31 78 2855 2824
OemPeriod Space -1 5 78 78 281 203
Space LShiftKey 1 4 78 187 25553 25475
LShiftKey I 2 -8 187 62 156 -31
I N -2 2 62 62 234 172
N Space -1 2 62 78 171 109
Space LShiftKey 1 4 78 249 219 141
LShiftKey P 2 -10 249 78 265 16
P I 0 2 78 78 234 156
I C -2 5 78 93 390 312
C T 2 -2 93 94 296 203
T U 0 -2 94 94 281 187
U R 0 3 94 62 484 390
R E 0 1 62 110 202 140
E Space -3 -1 110 109 172 62
Space Space 0 0 109 63 4118 4009
Space LShiftKey 1 4 63 218 172 109
LShiftKey I 2 -8 218 62 172 -46
I Space -3 4 62 78 234 172
Space C 1 1 78 62 468 390
C A 1 2 62 93 109 47
A N -1 -5 93 78 359 266
N Space -1 2 78 94 171 93
Space S 2 2 94 78 1108 1014
S E 1 -1 78 62 203 125
E E 0 0 62 78 156 94
E Space -3 -1 78 94 202 124
Space V 1 0 94 62 266 172
V A 1 3 62 93 109 47
A R 1 -3 93 78 265 172
R I 0 -4 78 78 468 390
I U 0 1 78 63 218 140
U Back 1 -6 63 78 593 530
Back O -1 4 78 78 343 265
O U 0 2 78 63 234 156
U S -1 5 63 78 266 203
S Space -2 -2 78 78 124 46
Space P 3 -6 78 94 468 390
P E 0 7 94 78 359 265
E O 0 -6 78 93 219 141
O P 0 -1 93 78 249 156
P L -1 1 78 78 187 109
L E 1 6 78 62 250 172
E Space -3 -1 62 78 328 266
Space E 3 1 78 63 3681 3603
E N -2 -3 63 78 265 202
N J 1 -1 78 78 702 624
J O 1 -2 78 63 234 156
O Y 0 3 63 46 422 359
Y O 0 -3 46 62 296 250
O Back 1 -4 62 62 624 562
Back I -1 5 62 47 374 312
I N -2 2 47 63 234 187
N G 1 1 63 47 281 218
G Space -2 1 47 78 203 156
Space T 3 -1 78 47 811 733
T H -1 -1 47 93 172 125
H E 1 3 93 78 296 203
E I 0 -5 78 78 297 219
I R 0 4 78 78 265 187
R Space -3 0 78 94 218 140
Space P 3 -6 94 93 1077 983
P I 0 2 93 78 234 141
I C -2 5 78 63 483 405
C N 0 -3 63 63 468 405
N I 2 -2 63 78 265 202
I C -2 5 78 62 718 640
C OemPeriod 0 -6 62 62 437 375
OemPeriod Space -1 5 62 62 234 172
Space LShiftKey 1 4 62 202 8705 8643
LShiftKey I 2 -8 202 62 187 -15
I N -2 2 62 63 249 187
N Back 3 -7 63 109 578 515
Back Back 0 0 109 63 3946 3837
Back Oemcomma -3 5 63 62 375 312
Oemcomma Space -1 4 62 47 218 156
Space Back 4 -9 47 62 2621 2574
Back Back 0 0 62 78 1654 1592
Back LShiftKey -3 13 78 187 265 187
LShiftKey T 2 -5 187 63 218 31
T H -1 -1 63 78 187 124
H E 1 3 78 62 219 141
E Space -3 -1 62 78 93 31
Space V 1 0 78 78 312 234
V E 2 1 78 63 203 125
E N -2 -3 63 78 390 327
N U 2 -1 78 62 328 250
U E 0 4 62 62 265 203
E Space -3 -1 62 78 125 63
Space I 3 -4 78 78 312 234
I S -1 6 78 63 171 93
S Space -2 -2 63 78 156 93
Space R 3 0 78 62 422 344
R I 0 -4 62 78 436 374
I V -2 4 78 78 390 312
V E 2 1 78 78 188 110
E R 0 -1 78 78 171 93
R S -1 2 78 78 297 219
S I 1 -6 78 63 280 202
I D -1 5 63 78 858 795
D E 1 0 78 63 203 125
E Space -3 -1 63 62 281 218
Space B 1 -1 62 94 702 640
B E 2 2 94 78 203 109
E A -1 2 78 94 421 343
A C -1 -2 94 78 312 218
C H 1 -3 78 78 250 172
H OemPeriod -1 -3 78 63 982 904
OemPeriod Space -1 5 63 46 2762 2699
Space LShiftKey 1 4 46 187 156 110
LShiftKey P 2 -10 187 62 343 156
P E 0 7 62 78 327 265
E O 0 -6 78 47 562 484
O P 0 -1 47 63 187 140
P L -1 1 63 62 219 156
L Back 2 -4 62 78 5600 5538
Back LShiftKey -3 13 78 312 203 125
LShiftKey P 2 -10 312 93 234 -78
P E 0 7 93 46 3479 3386
E Space -3 -1 46 94 140 94
Space H 2 -2 94 94 624 530
H A 0 5 94 94 109 15
A V -1 -3 94 94 265 171
V E 2 1 94 78 156 62
E Space -3 -1 78 78 141 63
Space F 2 0 78 62 1716 1638
F O 1 -5 62 78 125 63
O R 0 5 78 78 156 78
R N -2 -2 78 47 343 265
N Back 3 -7 47 78 499 452
Back M -3 6 78 62 328 250
M E 2 4 62 78 202 140
E D -1 0 78 78 203 125
D Space -2 -1 78 78 125 47
Space T 3 -1 78 63 764 686
T E 0 2 63 78 250 187
E N -2 -3 78 94 218 140
N T 2 1 94 78 250 156
T S -1 3 78 78 562 484
S Space -2 -2 78 94 249 171
Space F 2 0 94 62 1810 1716
F O 1 -5 62 78 187 125
O R 0 5 78 78 218 140
R Space -3 0 78 62 297 219
Space T 3 -1 62 47 483 421
T E 0 2 47 46 1904 1857
E M -2 -4 46 62 374 328
M P 2 -3 62 63 343 281
P O 0 1 63 63 343 280
O R 0 5 63 78 749 686
R A -1 3 78 78 187 109
A R 1 -3 78 62 687 609
R Y 0 -2 62 63 327 265
Y Space -3 2 63 94 250 187
Space S 2 2 94 78 733 639
S T 1 -3 78 94 156 78
T A -1 4 94 93 172 78
A Y 1 -5 93 78 374 281
Y OemPeriod -2 -3 78 62 1061 983
OemPeriod Space -1 5 62 78 265 203
Space Right 0 -9 78 78 8393 8315
Right Back 4 0 78 141 1076 998
Back LShiftKey -3 13 141 468 874 733
LShiftKey T 2 -5 468 63 421 -47
T Space -3 1 63 47 3011 2948
Space LShiftKey 1 4 47 546 2215 2168
LShiftKey S 1 -2 546 125 468 -78
S O 1 -7 125 63 312 187
O M -2 2 63 78 203 140
M E 2 4 78 78 187 109
E Space -3 -1 78 94 109 31
Space P 3 -6 94 47 484 390
P E 0 7 47 62 562 515
E O 0 -6 62 63 249 187
O P 0 -1 63 78 219 156
P L -1 1 78 78 187 109
L E 1 6 78 93 312 234
E Space -3 -1 93 78 171 78
Space A 2 3 78 109 687 609
A R 1 -3 109 78 125 16
R E 0 1 78 78 234 156
E Space -3 -1 78 78 187 109
Space F 2 0 78 93 593 515
F I 1 -4 93 78 234 141
I S -1 6 78 78 218 140
S H 0 -4 78 63 421 343
H I 1 -2 63 78 234 171
I N -2 2 78 94 203 125
N G 1 1 94 62 250 156
G Space -2 1 62 78 218 156
Space Back 4 -9 78 63 889 811
Back Oemcomma -3 5 63 63 312 249
Oemcomma Space -1 4 63 47 219 156
Space S 2 2 47 78 499 452
S O 1 -7 78 78 281 203
O M -2 2 78 78 234 156
M E 2 4 78 78 171 93
E Space -3 -1 78 78 156 78
Space A 2 3 78 63 359 281
A R 1 -3 63 78 219 156
R E 0 1 78 94 171 93
E Space -3 -1 94 62 328 234
Space S 2 2 62 78 8564 8502
S W 1 0 78 62 281 203
W I 0 -6 62 94 577 515
I M -2 1 94 63 265 171
M M 0 0 63 78 156 93
M I 2 -1 78 94 203 125
I N -2 2 94 94 234 140
N G 1 1 94 93 250 156
G Oemcomma -1 -3 93 47 1856 1763
Oemcomma Space -1 4 47 62 297 250
Space C 1 1 62 62 312 250
C H 1 -3 62 62 265 203
H I 1 -2 62 78 234 172
I L -1 -1 78 110 249 171
L D 0 6 110 78 609 499
D E 1 0 78 46 203 125
E Back 1 -10 46 47 1310 1264
Back R -1 9 47 62 250 203
R E 0 1 62 78 187 125
E N -2 -3 78 63 483 405
N Space -1 2 63 78 203 140
Space A 2 3 78 78 1092 1014
A R 1 -3 78 93 172 94
R E 0 1 93 78 218 125
E Space -3 -1 78 109 234 156
Space P 3 -6 109 63 1092 983
P L -1 1 63 94 187 124
L A 0 8 94 94 172 78
A Y 1 -5 94 78 265 171
Y I 0 -2 78 62 453 375
I N -2 2 62 78 234 172
N G 1 1 78 47 2761 2683
G Space -2 1 47 78 171 124
Space I 3 -4 78 93 297 219
I N -2 2 93 78 515 422
N Space -1 2 78 62 187 109
Space G 2 -1 62 94 265 203
G A 0 4 94 93 125 31
A R 1 -3 93 78 187 94
R D -1 1 78 93 250 172
D E 1 0 93 78 202 109
E N -2 -3 78 93 687 609
N OemPeriod 0 -3 93 78 1388 1295
OemPeriod Space -1 5 78 0 23962 23884
Space LShiftKey 1 4 0 577 140 140
LShiftKey O 2 -9 577 94 468 -109
O T 0 4 94 78 343 249
T H -1 -1 78 78 203 125
H E 1 3 78 78 172 94
E R 0 -1 78 62 203 125
R S -1 2 62 78 374 312
S Space -2 -2 78 94 140 62
Space A 2 3 94 125 562 468
A R 1 -3 125 78 265 140
R E 0 1 78 78 219 141
E Space -3 -1 78 63 171 93
Space J 2 -3 63 78 1217 1154
J U 1 0 78 78 218 140
U S -1 5 78 78 266 188
S T 1 -3 78 62 156 78
T Space -3 1 62 78 234 172
Space R 3 0 78 78 265 187
R E 0 1 78 63 296 218
E L -1 -6 63 78 531 468
L A 0 8 78 94 124 46
A X -1 -1 94 78 515 421
X I 2 -6 78 63 234 156
I N -2 2 63 78 219 156
N G 1 1 78 63 280 202
G OemPeriod -1 -4 63 62 609 546
OemPeriod Space -1 5 62 63 218 156
Space LShiftKey 1 4 63 93 10359 10296
LShiftKey T 2 -5 93 62 109 16
T N -2 -1 62 78 218 156
N Back 3 -7 78 62 827 749
Back Back 0 0 62 78 172 110
Back LShiftKey -3 13 78 358 2730 2652
LShiftKey T 2 -5 358 78 265 -93
T H -1 -1 78 94 187 109
H E 1 3 94 78 156 62
E R 0 -1 78 78 250 172
R E 0 1 78 78 140 62
E Space -3 -1 78 110 140 62
Space I 3 -4 110 94 515 405
I S -1 6 94 125 265 171
S Space -2 -2 125 78 219 94
Space O 3 -5 78 62 5460 5382
O N -2 3 62 78 265 203
N E 2 3 78 93 250 172
E Space -3 -1 93 62 109 16
Space B 1 -1 62 78 390 328
B A 1 4 78 94 187 109
A Back 2 -12 94 78 1888 1794
Back O -1 4 78 62 499 421
O A -1 8 62 78 171 109
A T 1 -4 78 78 312 234
T Space -3 1 78 78 219 141
Space I 3 -4 78 62 281 203
I N -2 2 62 94 218 156
N Space -1 2 94 47 187 93
Space R 3 0 47 109 328 281
R I 0 -4 109 78 920 811
I V -2 4 78 46 531 453
V E 2 1 46 78 202 156
E R 0 -1 78 78 234 156
R Space -3 0 78 62 266 188
Space W 3 2 62 62 3182 3120
W H -1 -4 62 78 250 188
H E 1 3 78 63 436 358
E R 0 -1 63 63 234 171
R E 0 1 63 31 203 140
E Space -3 -1 31 78 765 734
Space P 3 -6 78 78 1872 1794
P E 0 7 78 46 468 390
E O 0 -6 46 47 639 593
O P 0 -1 47 63 187 140
P L -1 1 63 78 188 125
L E 1 6 78 62 265 187
E Space -3 -1 62 63 140 78
Space A 2 3 63 62 671 608
A R 1 -3 62 78 109 47
R E 0 1 78 78 187 109
E Space -3 -1 78 63 281 203
Space Space 0 0 63 78 843 780
Space D 2 1 78 47 218 140
D O 1 -6 47 78 265 218
O I 0 1 78 78 889 811
I N -2 2 78 62 250 172
N G 1 1 62 78 250 188
G Space -2 1 78 62 218 140
Space E 3 1 62 46 1810 1748
E X -2 1 46 78 374 328
X C 0 -1 78 63 2293 2215
C E 2 0 63 94 187 124
E R 0 -1 94 78 203 109
R S -1 2 78 78 406 328
S I 1 -6 78 46 827 749
I Back 1 -5 46 109 3151 3105
Back Back 0 0 109 686 234 125
Back Back 0 0 686 124 874 188
Back Space -4 9 124 47 2870 2746
Space S 2 2 47 109 515 468
S O 1 -7 109 78 421 312
O M -2 2 78 94 218 140
M E 2 4 94 78 203 109
E Space -3 -1 78 109 63 -15
Space S 2 2 109 93 265 156
S H 0 -4 93 94 296 203
H O 1 -3 94 78 343 249
O W 0 7 78 63 468 390
W Space -3 -2 63 78 203 140
Space Back 4 -9 78 63 655 577
Back Oemcomma -3 5 63 63 468 405
Oemcomma Back 3 -5 63 78 1373 1310
Back OemPeriod -3 4 78 78 421 343
OemPeriod Space -1 5 78 94 281 203
Space LShiftKey 1 4 94 234 6115 6021
LShiftKey O 2 -9 234 78 203 -31
O V -2 5 78 62 406 328
V E 2 1 62 78 203 141
E R 0 -1 78 78 171 93
R A -1 3 78 93 921 843
A L 0 -8 93 78 312 219
L L 0 0 78 63 202 124
L Space -2 5 63 62 1311 1248
Space T 3 -1 62 62 593 531
T H -1 -1 62 94 202 140
H I 1 -2 94 62 500 406
I S -1 6 62 78 171 109
S Space -2 -2 78 78 156 78
Space S 2 2 78 63 421 343
S E 1 -1 63 62 250 187
E E 0 0 62 62 172 110
E S -1 1 62 78 592 530
S Space -2 -2 78 78 234 156
Space A 2 3 78 78 702 624
A Space -2 -3 78 94 203 125
Space P 3 -6 94 78 1373 1279
P I 0 2 78 78 749 671
I Back 1 -5 78 93 1092 1014
Back Back 0 0 93 78 187 94
Back Back 0 0 78 78 671 593
Back Space -4 9 78 94 889 811
Space W 3 2 94 63 2324 2230
W E 0 -1 63 62 188 125
E E 0 0 62 46 156 94
E K -1 -5 46 78 702 656
K E 1 5 78 93 312 234
E N -2 -3 93 78 343 250
N D 1 3 78 62 499 421
D Space -2 -1 62 110 140 78
Space P 3 -6 110 78 858 748
P I 0 2 78 78 609 531
I S -1 6 78 125 343 265
S Back 2 -11 125 94 608 483
Back C -3 10 94 109 266 172
C N 0 -3 109 62 1076 967
N I 2 -2 62 62 234 172
I C -2 5 62 62 328 266
C Space -1 -1 62 62 187 125
Space S 2 2 62 62 265 203
S P 1 -8 62 47 343 281
P O 0 1 47 78 172 125
O T 0 4 78 47 468 390
T OemPeriod -2 -4 47 47 624 577
OemPeriod G 1 4 47 0 43040 42993
G M -1 -2 0 78 265 265
M A 1 6 78 109 203 125
A I 1 -7 109 62 250 141
I L -1 -1 62 78 218 156
L Return 0 -3 78 109 328 250
Return P 1 2 109 78 2979 2870
P A -1 9 78 94 172 94
A T 1 -4 94 62 468 374
T I 0 -3 62 63 218 156
I L -1 -1 63 62 219 156
L OemPeriod -1 0 62 78 203 141
OemPeriod P 2 -1 78 78 265 187
P R 0 6 78 62 281 203
R A -1 3 62 109 312 250
A T 1 -4 109 62 390 281
T I 0 -3 62 63 249 187
I K -1 0 63 47 203 140
K D4 2 4 47 62 390 343
D4 U -1 -3 62 78 343 281
U LShiftKey -2 7 78 531 3775 3697
LShiftKey D 1 -3 531 124 422 -109
D Back 2 -10 124 63 1029 905
Back R -1 9 63 62 453 390
R E 0 1 62 78 187 125
E B -2 -2 78 93 546 468
B A 1 4 93 93 156 63
A M -1 -6 93 62 468 375
M I 2 -1 62 78 218 156
I L -1 -1 78 62 484 406
L T 1 4 62 94 686 624
T O 0 -4 94 78 265 171
O N -2 3 78 78 281 203
N U 2 -1 78 0 104070 103992
U B -2 2 0 60 230 230
B C 0 2 60 60 910 850
C O 2 -6 60 50 200 140
O L -1 0 50 70 180 130
L L 0 0 70 70 150 80
L E 1 6 70 80 270 200
E C -2 0 80 60 350 270
C T 2 -2 60 70 180 120
T I 0 -3 70 90 280 210
I O 0 -1 90 80 220 130
O N -2 3 80 110 260 180
N D 1 3 110 0 10284 10174
D A 0 2 0 110 80 80
A T 1 -4 110 100 170 60
T A -1 4 100 130 110 10
A C -1 -2 130 90 980 850
C O 2 -6 90 70 440 350
O L -1 0 70 60 220 150
L L 0 0 60 80 160 100
L E 1 6 80 90 330 250
E C -2 0 90 90 260 170
C T 2 -2 90 80 210 120
T I 0 -3 80 40 300 220
I O 0 -1 40 80 190 150
O N -2 3 80 70 260 180
N P 2 -4 70 0 32603 32533
P R 0 6 0 90 472 472
R Back 1 -9 90 43 1577 1487
Back A -2 12 43 80 2205 2162
A T 1 -4 80 70 422 342
T I 0 -3 70 60 375 305
I L -1 -1 60 55 365 305
L OemPeriod -1 0 55 60 225 170
OemPeriod P 2 -1 60 60 635 575
P R 0 6 60 70 375 315
R A -1 3 70 90 158 88
A T 1 -4 90 75 130 40
T I 0 -3 75 50 427 352
I K -1 0 50 60 195 145
K D4 2 4 60 63 530 470
D4 U -1 -3 63 60 398 335
U LShiftKey -2 7 60 280 545 485
LShiftKey D2 3 -2 280 125 200 -80
D2 G -2 -3 125 50 375 250
G M -1 -2 50 84 275 225
M A 1 6 84 110 207 123
A I 1 -7 110 60 365 255
I L -1 -1 60 70 215 155
L OemPeriod -1 0 70 80 215 145
OemPeriod C 0 6 80 70 405 325
C O 2 -6 70 70 207 137
O M -2 2 70 60 245 175
M P 2 -3 60 70 4942 4882
P R 0 6 70 60 517 447
R A -1 3 60 90 185 125
A T 1 -4 90 80 173 83
T I 0 -3 80 63 427 347
I K -1 0 63 63 368 305
K V -1 4 63 60 1360 1297
V I 2 -4 60 55 265 205
I LShiftKey -2 8 55 275 475 420
LShiftKey D2 3 -2 275 105 150 -125
D2 B -3 -3 105 65 455 350
B U 2 -2 65 65 255 190
U F -1 3 65 60 435 370
F F 0 0 60 75 165 105
F A 0 3 75 97 125 50
A L 0 -8 97 60 437 340
L O 1 0 60 70 165 105
O OemPeriod -2 0 70 73 225 155
OemPeriod E 2 6 73 80 320 247
E D -1 0 80 80 185 105
D U 1 -4 80 65 338 258
U LShiftKey -2 7 65 175 2262 2197
LShiftKey LShiftKey 0 0 175 985 415 240
LShiftKey C 0 -3 985 72 400 -585
C S 1 1 72 73 292 220
S Space -2 -2 73 73 2410 2337
Space P 3 -6 73 72 813 740
P R 0 6 72 98 277 205
R O 0 -5 98 102 198 100
O J -1 2 102 103 622 520
J E 1 4 103 72 213 110
E C -2 0 72 73 292 220
C T 2 -2 73 82 223 150
T Space -3 1 82 75 282 200
Space D 2 1 75 73 405 330
D A 0 2 73 105 133 60
A T 1 -4 105 70 145 40
T A -1 4 70 100 100 30
A Space -2 -3 100 112 210 110
Space C 1 1 112 73 412 300
C O 2 -6 73 63 275 202
O L -1 0 63 82 183 120
L L 0 0 82 65 152 70
L E 1 6 65 93 175 110
E C -2 0 93 55 293 200
C T 2 -2 55 72 285 230
T I 0 -3 72 65 322 250
I O 0 -1 65 73 215 150
O N -2 3 73 62 223 150
