LShiftKey I 2 -8 78 78 0 -78
I Space -3 4 78 46 188 110
Space L 2 -5 46 62 390 344
L I 1 1 62 78 140 78
I K -1 0 78 63 140 62
K E 1 5 63 109 141 78
E Space -3 -1 109 93 312 203
Space T 3 -1 93 78 499 406
T H -1 -1 78 63 62 -16
H A 0 5 63 124 110 47
A T 1 -4 124 93 78 -46
T Space -3 1 93 93 499 406
Space LShiftKey 1 4 93 156 171 78
LShiftKey B 0 -5 156 63 125 -31
B U 2 -2 63 63 109 46
U F -1 3 63 78 125 62
F F 0 0 78 94 125 47
F Back 2 -9 94 63 920 826
Back Back 0 0 63 62 141 78
Back Back 0 0 62 78 140 78
Back Back 0 0 78 93 94 16
Back T -1 8 93 78 483 390
T H -1 -1 78 78 78 0
H E 1 3 78 109 94 16
E Space -3 -1 109 62 94 -15
Space C 1 1 62 94 483 421
C I 2 -5 94 78 94 0
I T 0 3 78 78 171 93
T Y 0 -1 78 47 94 16
Y Space -3 2 47 78 125 78
Space O 3 -5 78 78 203 125
O F -1 5 78 78 93 15
F Space -2 0 78 62 94 16
Space B 1 -1 62 32 249 187
B Back 3 -8 32 62 921 889
Back LShiftKey -3 13 62 172 140 78
LShiftKey B 0 -5 172 63 187 15
B U 2 -2 63 47 156 93
U F -1 3 47 62 266 219
F F 0 0 62 63 124 62
F Back 2 -9 63 47 1264 1201
Back Back 0 0 47 62 125 78
Back Back 0 0 62 63 140 78
Back Back 0 0 63 62 141 78
Back LShiftKey -3 13 62 452 468 406
LShiftKey B 0 -5 452 78 312 -140
B U 2 -2 78 63 436 358
U F -1 3 63 78 734 671
F A 0 3 78 109 140 62
A Back 2 -12 109 62 780 671
Back F -2 9 62 109 78 16
F A 0 3 109 94 78 -31
A L 0 -8 94 62 156 62
L O 1 0 62 78 125 63
O Space -3 5 78 78 577 499
Space I 3 -4 78 62 172 94
I S -1 6 62 63 93 31
S Space -2 -2 63 47 109 46
Space A 2 3 47 93 63 16
A Space -2 -3 93 47 109 16
Space W 3 2 47 78 702 655
W E 0 -1 78 62 156 78
E L -1 -6 62 47 218 156
L L 0 0 47 47 125 78
L Space -2 5 47 47 172 125
Space P 3 -6 47 124 203 156
P L -1 1 124 62 109 -15
L A 0 8 62 109 343 281
A N -1 -5 109 47 156 47
N N 0 0 47 63 109 62
N E 2 3 63 156 78 15
E D -1 0 156 78 94 -62
D Space -2 -1 78 47 93 15
Space C 1 1 47 94 281 234
C I 2 -5 94 47 187 93
I T 0 3 47 63 156 109
T Y 0 -1 63 62 94 31
Y Space -3 2 62 78 172 110
Space Left 0 -7 78 281 1856 1778
Left Left 0 0 281 592 328 47
Left Left 0 0 592 47 920 328
Left Left 0 0 47 62 125 78
Left Left 0 0 62 47 140 78
Left Left 0 0 47 46 141 94
Left Left 0 0 46 47 140 94
Left Left 0 0 47 47 125 78
Left Left 0 0 47 47 140 93
Left Left 0 0 47 47 281 234
Left Back 4 -2 47 62 671 624
Back OemMinus 0 2 62 62 234 172
OemMinus Right -4 -2 62 905 811 749
Right Left 0 2 905 78 1342 437
Left Left 0 0 78 78 140 62
Left Space 0 7 78 31 4384 4306
Space A 2 3 31 125 62 31
A N -1 -5 125 78 94 -31
N D 1 3 78 94 62 -16
D Space -2 -1 94 46 94 0
Space I 3 -4 46 78 608 562
I T 0 3 78 78 94 16
T Space -3 1 78 47 93 15
Space H 2 -2 47 62 125 78
H A 0 5 62 156 47 -15
A S 0 -1 156 93 78 -78
S Space -2 -2 93 62 109 16
Space A 2 3 62 78 562 500
A Space -2 -3 78 78 93 15
Space L 2 -5 78 62 406 328
L O 1 0 62 62 125 63
O T 0 4 62 93 78 16
T Space -3 1 93 63 124 31
Space O 3 -5 63 78 234 171
O F -1 5 78 93 141 63
F Space -2 0 93 62 109 16
Space M 1 -3 62 93 718 656
M Back 3 -6 93 62 967 874
Back B -3 8 62 62 2465 2403
B U 2 -2 62 78 124 62
U I 0 -1 78 47 250 172
I L -1 -1 47 62 172 125
L D 0 6 62 78 171 109
D I 1 -5 78 93 63 -15
I N -2 2 93 109 62 -31
N G 1 1 109 78 94 -15
G S 0 3 78 125 109 31
S Space -2 -2 125 47 140 15
Space T 3 -1 47 63 78 31
T H -1 -1 63 62 94 31
H A 0 5 62 109 62 0
A T 1 -4 109 93 63 -46
T Space -3 1 93 63 93 0
Space A 2 3 63 109 328 265
A R 1 -3 109 156 203 94
R E 0 1 156 78 93 -63
E Space -3 -1 78 63 125 47
Space A 2 3 63 156 1576 1513
A R 1 -3 156 93 125 -31
R C -2 1 93 63 280 187
C H 1 -3 63 47 156 93
H I 1 -2 47 62 141 94
I T 0 3 62 109 78 16
T E 0 2 109 78 78 -31
E C -2 0 78 78 203 125
C T 2 -2 78 62 218 140
T U 0 -2 62 63 109 47
U R 0 3 63 109 94 31
R A -1 3 109 78 203 94
A L 0 -8 78 62 140 62
L Space -2 5 62 62 156 94
Space M 1 -3 62 62 156 94
M A 1 6 62 140 94 32
A R 1 -3 140 94 124 -16
R V -2 0 94 94 406 312
V E 2 1 94 94 78 -16
E L -1 -6 94 78 640 546
L S 0 7 78 78 124 46
S Oemcomma -1 -6 78 78 1982 1904
Oemcomma Space -1 4 78 78 187 109
Space H 2 -2 78 62 234 156
H I 1 -2 62 62 125 63
I O 0 -1 62 31 15 -47
O E 0 6 31 78 94 63
E Back 1 -10 78 63 1076 998
Back Back 0 0 63 63 109 46
Back Back 0 0 63 78 468 405
Back O -1 4 78 62 562 484
O W 0 7 62 62 172 110
W E 0 -1 62 78 187 125
E V -2 -1 78 78 187 109
V E 2 1 78 188 62 -16
E R 0 -1 188 47 172 -16
R Oemcomma -2 -4 47 94 733 686
Oemcomma Space -1 4 94 78 109 15
Space S 2 2 78 78 141 63
S O 1 -7 78 78 93 15
O M -2 2 78 62 110 32
M E 2 4 62 78 78 16
E Space -3 -1 78 62 655 577
Space P 3 -6 62 94 187 125
P A -1 9 94 140 78 -16
A R 1 -3 140 78 109 -31
R T 0 -1 78 62 219 141
T S -1 3 62 78 140 78
S Space -2 -2 78 62 125 47
Space O 3 -5 62 78 327 265
O R 0 5 78 78 141 63
R Space -3 0 78 62 125 47
Space F 2 0 62 78 78 16
F H 0 -2 78 78 109 31
H Back 2 -7 78 62 780 702
Back Back 0 0 62 78 125 63
Back Back 0 0 78 78 140 62
Back Back 0 0 78 78 140 62
Back F -2 9 78 78 593 515
F Space -2 0 78 63 109 31
Space T 3 -1 63 62 110 47
T H -1 -1 62 31 93 31
H E 1 3 31 62 63 32
E Space -3 -1 62 78 78 16
Space C 1 1 78 78 483 405
C I 2 -5 78 62 141 63
I T 0 3 62 62 140 78
T Y 0 -1 62 16 109 47
Y Space -3 2 16 94 109 93
Space A 2 3 94 141 312 218
A R 1 -3 141 109 125 -16
R E 0 1 109 63 78 -31
E Space -3 -1 63 62 94 31
Space S 2 2 62 78 249 187
S T 1 -3 78 78 188 110
T I 0 -3 78 47 93 15
I L -1 -1 47 47 172 125
L L 0 0 47 78 109 62
L Space -2 5 78 78 218 140
Space Back 4 -9 78 109 5757 5679
Back Back 0 0 109 124 125 16
Back Back 0 0 124 78 187 63
Back Back 0 0 78 78 125 47
Back Back 0 0 78 78 171 93
Back Back 0 0 78 78 94 16
Back A -2 12 78 94 5756 5678
A Space -2 -3 94 78 141 47
Space L 2 -5 78 47 530 452
L I 1 1 47 47 156 109
I T 0 3 47 47 125 78
T T 0 0 47 63 140 93
T L -1 -4 63 63 109 46
L E 1 6 63 63 78 15
E Space -3 -1 63 109 125 62
Space S 2 2 109 62 1186 1077
S C -1 -1 62 93 156 94
C A 1 2 93 93 78 -15
A R 1 -3 93 78 156 63
R Y 0 -2 78 47 187 109
Y Space -3 2 47 62 125 78
Space T 3 -1 62 62 156 94
T Back 1 -8 62 62 811 749
Back I -1 5 62 125 312 250
I N -2 2 125 63 109 -16
N Space -1 2 63 31 156 93
Space T 3 -1 31 78 94 63
T H -1 -1 78 62 31 -47
H E 1 3 62 78 140 78
E Space -3 -1 78 62 16 -62
Space N 1 -2 62 94 374 312
N I 2 -2 94 78 156 62
I G -1 3 78 78 375 297
G E 1 2 78 46 203 125
E Oemplus 1 -9 46 47 452 406
Oemplus Oemplus 0 0 47 32 140 93
Oemplus Back 0 -1 32 47 640 608
Back Back 0 0 47 47 125 78
Back Back 0 0 47 47 140 93
Back Back 0 0 47 47 125 78
Back G -2 8 47 78 718 671
G H 0 -1 78 63 124 46
H T 1 1 63 62 94 31
T S -1 3 62 78 125 63
S Space -2 -2 78 78 125 47
Space D 2 1 78 94 3088 3010
D U 1 -4 94 62 110 16
U E 0 4 62 78 109 47
E Space -3 -1 78 63 93 15
Space T 3 -1 63 93 110 47
T O 0 -4 93 47 109 16
O Space -3 5 47 78 125 78
Space T 3 -1 78 63 514 436
T H -1 -1 63 62 63 0
H E 1 3 62 62 109 47
E Space -3 -1 62 78 78 16
Space R 3 0 78 94 546 468
R A -1 3 94 78 94 0
A Back 2 -12 78 62 1466 1388
Back Back 0 0 62 63 109 47
Back Back 0 0 63 748 8487 8424
Back Back 0 0 748 47 920 172
Back Back 0 0 47 47 156 109
Back Back 0 0 47 32 140 93
Back Space -4 9 32 78 500 468
Space A 2 3 78 109 140 62
A S 0 -1 109 94 62 -47
S Space -2 -2 94 93 110 16
Space T 3 -1 93 78 140 47
T H -1 -1 78 62 94 16
H E 1 3 62 124 78 16
E R 0 -1 124 141 93 -31
R E 0 1 141 94 109 -32
E Space -3 -1 94 78 141 47
Space Back 4 -9 78 2699 4524 4446
Back Back 0 0 2699 78 2855 156
Back Back 0 0 78 406 171 93
Back Back 0 0 406 78 577 171
Back Back 0 0 78 109 2294 2216
Back Back 0 0 109 62 187 78
Back Back 0 0 62 78 156 94
Back Back 0 0 78 47 171 93
Back Back 0 0 47 63 156 109
Back Back 0 0 63 78 266 203
Back OemPeriod -3 4 78 63 748 670
OemPeriod Space -1 5 63 109 188 125
Space LShiftKey 1 4 109 140 7566 7457
LShiftKey H 1 -6 140 62 109 -31
H E 1 3 62 78 281 219
E Back 1 -10 78 78 592 514
Back O -1 4 78 63 281 203
O W 0 7 63 46 141 78
W E 0 -1 46 63 1029 983
E V -2 -1 63 78 172 109
V E 2 1 78 156 62 -16
E R 0 -1 156 78 141 -15
R Oemcomma -2 -4 78 63 93 15
Oemcomma Space -1 4 63 93 94 31
Space S 2 2 93 46 359 266
S O 1 -7 46 78 62 16
O M -2 2 78 94 78 0
M E 2 4 94 78 203 109
E Space -3 -1 78 94 93 15
Space P 3 -6 94 63 312 218
P Back 1 -3 63 46 656 593
Back Back 0 0 46 63 124 78
Back Back 0 0 63 47 141 78
Back Back 0 0 47 62 109 62
Back Back 0 0 62 62 125 63
Back Back 0 0 62 62 125 63
Back I -1 5 62 78 624 562
I T 0 3 78 78 109 31
T Space -3 1 78 63 93 15
Space G 2 -1 63 78 141 78
G E 1 2 78 125 546 468
E T 0 -2 125 62 156 31
T S -1 3 62 94 109 47
S Space -2 -2 94 78 140 46
Space R 3 0 78 140 406 328
R E 0 1 140 125 78 -62
E A -1 2 125 125 109 -16
A L 0 -8 125 47 187 62
L L 0 0 47 62 110 63
L Y 1 3 62 62 78 16
Y Space -3 2 62 78 93 31
Space C 1 1 78 78 297 219
C O 2 -6 78 63 93 15
O L -1 0 63 63 156 93
L D 0 6 63 93 94 31
D Space -2 -1 93 47 140 47
Space H 2 -2 47 62 141 94
H E 1 3 62 109 78 16
E R 0 -1 109 140 78 -31
R E 0 1 140 94 93 -47
E Space -3 -1 94 78 78 -16
Space I 3 -4 78 109 172 94
I N -2 2 109 62 78 -31
N Space -1 2 62 62 125 63
Space T 3 -1 62 93 78 16
T H -1 -1 93 63 46 -47
H E 1 3 63 78 78 15
E Space -3 -1 78 63 47 -31
Space W 3 2 63 63 187 124
W I 0 -6 63 78 47 -16
I N -2 2 78 78 94 16
N T 2 1 78 78 125 47
T E 0 2 78 125 171 93
E R 0 -1 125 109 78 -47
R Space -3 0 109 94 2839 2730
Space U 3 -3 94 47 203 109
U N -2 1 47 78 94 47
N L 1 -3 78 47 187 109
L I 1 1 47 62 125 78
I N -2 2 62 78 452 390
N E 2 3 78 78 109 31
E Back 1 -10 78 47 406 328
Back Back 0 0 47 47 125 78
Back K -2 5 47 63 483 436
K E 1 5 63 78 125 62
E Space -3 -1 78 78 63 -15
Space LShiftKey 1 4 78 905 1591 1513
LShiftKey LShiftKey 0 0 905 172 1388 483
LShiftKey C 0 -3 172 141 156 -16
C A 1 2 141 93 141 0
A L 0 -8 93 32 124 31
L I 1 1 32 63 125 93
I F -1 4 63 63 187 124
F O 1 -5 63 62 63 0
O R 0 5 62 62 156 94
R N -2 -2 62 62 156 94
N I 2 -2 62 62 125 63
I A -1 7 62 109 62 0
A Space -2 -3 109 62 125 16
Space W 3 2 62 78 171 109
W H -1 -4 78 15 141 63
H I 1 -2 15 78 140 125
I C -2 5 78 93 874 796
C H 1 -3 93 125 62 -31
H Space -2 2 125 62 94 -31
Space I 3 -4 62 78 546 484
I S -1 6 78 78 109 31
S Space -2 -2 78 94 62 -16
Space P 3 -6 94 47 1638 1544
P L -1 1 47 47 141 94
L E 1 6 47 94 62 15
E A -1 2 94 62 172 78
A Back 2 -12 62 31 1248 1186
Back Back 0 0 31 47 109 78
Back Back 0 0 47 63 140 93
Back Back 0 0 63 63 125 62
Back Back 0 0 63 62 125 62
Back Back 0 0 62 47 140 78
Back Back 0 0 47 78 266 219
Back H -2 7 78 93 577 499
H A 0 5 93 109 109 16
A S 0 -1 109 63 62 -47
S Space -2 -2 63 63 78 15
Space A 2 3 63 93 110 47
A Space -2 -3 93 46 78 -15
Space P 3 -6 46 125 249 203
P L -1 1 125 78 94 -31
L E 1 6 78 94 93 15
E A -1 2 94 78 796 702
A S 0 -1 78 78 437 359
S N -1 -4 78 78 78 0
N T 2 1 78 62 312 234
T Space -3 1 62 78 109 47
Space Oemplus 4 -8 78 47 390 312
Oemplus Oemplus 0 0 47 62 125 78
Oemplus Back 0 -1 62 63 686 624
Back Back 0 0 63 62 125 62
Back Back 0 0 62 47 140 78
Back Back 0 0 47 62 110 63
Back A -2 12 62 93 265 203
A T 1 -4 93 78 187 94
T Space -3 1 78 78 94 16
Space Back 4 -9 78 561 1872 1794
Back Back 0 0 561 94 717 156
Back Back 0 0 94 141 109 15
Back Back 0 0 141 93 547 406
Back S -2 11 93 94 202 109
S A 0 1 94 78 203 109
A N -1 -5 78 63 109 31
N T 2 1 63 78 110 47
T Space -3 1 78 47 93 15
Space W 3 2 47 78 4633 4586
W H -1 -4 78 78 156 78
H Back 2 -7 78 78 734 656
Back E -1 10 78 124 156 78
E A -1 2 124 125 514 390
A T 1 -4 125 63 234 109
T H -1 -1 63 78 94 31
H E 1 3 78 140 94 16
E R 0 -1 140 78 93 -47
R Space -3 0 78 78 94 16
Space T 3 -1 78 78 187 109
T H -1 -1 78 62 94 16
H R 1 2 62 93 468 406
R O 0 -5 93 62 109 16
O U 0 2 62 78 156 94
U G -1 2 78 94 109 31
G H 0 -1 94 109 94 0
H Space -2 2 109 63 93 -16
Space T 3 -1 63 47 31 -32
T Oemplus 1 -7 47 31 1202 1155
Oemplus Back 0 -1 31 62 1388 1357
Back Back 0 0 62 47 140 78
Back T -1 8 47 94 671 624
T H -1 -1 94 62 63 -31
H E 1 3 62 94 93 31
E Space -3 -1 94 78 63 -31
Space Y 3 -2 78 63 202 124
Y E 0 3 63 156 203 140
E A -1 2 156 140 125 -31
A R 1 -3 140 109 94 -46
R OemPeriod -2 -5 109 63 795 686
OemPeriod Left -1 -2 63 47 5850 5787
Left A 2 10 47 78 905 858
A L 0 -8 78 63 140 62
L M -1 2 63 46 188 125
M M 0 0 46 32 124 78
M Back 3 -6 32 78 874 842
Back O -1 4 78 62 281 203
O S -1 7 62 78 78 16
S T 1 -3 78 78 156 78
T Space -3 1 78 62 125 47
Space Back 4 -9 62 47 5257 5195
Back Left -4 2 47 920 2075 2028
Left Left 0 0 920 78 1310 390
Left Left 0 0 78 109 125 47
Left Left 0 0 109 16 296 187
Left Right 0 -2 16 640 2028 2012
Right Right 0 0 640 47 811 171
Right Right 0 0 47 63 203 156
Right O 3 4 63 62 640 577
O U 0 2 62 46 203 141
U T 0 2 46 78 78 32
T Right -3 -8 78 514 702 624
Right Right 0 0 514 655 795 281
Right Right 0 0 655 31 858 203
Right Right 0 0 31 16 156 125
Right Space 0 9 16 78 3963 3947
Space LShiftKey 1 4 78 172 93 15
LShiftKey T 2 -5 172 62 125 -47
T H -1 -1 62 78 156 94
H E 1 3 78 94 62 -16
E Space -3 -1 94 94 125 31
Space C 1 1 94 125 1279 1185
C A 1 2 125 93 63 -62
A M -1 -6 93 63 93 0
M P 2 -3 63 93 188 125
P U 0 3 93 63 202 109
U S -1 5 63 78 110 47
S Space -2 -2 78 47 93 15
Space D 2 1 47 94 624 577
D I 1 -5 94 63 78 -16
I N -2 2 63 62 125 62
N I 2 -2 62 93 94 32
I N -2 2 93 78 468 375
N G 1 1 78 78 124 46
G Space -2 1 78 47 94 16
Space A 2 3 47 78 4883 4836
A T 1 -4 78 63 171 93
T Space -3 1 63 62 94 31
Space LShiftKey 1 4 62 156 218 156
LShiftKey U 2 -7 156 78 94 -62
U B -2 2 78 31 562 484
B Back 3 -8 31 47 639 608
Back N -3 7 47 47 936 889
N I 2 -2 47 93 94 47
I V -2 4 93 63 140 47
V E 2 1 63 156 78 15
E R 0 -1 156 94 125 -31
R S -1 2 94 63 343 249
S I 1 -6 63 62 141 78
I T 0 3 62 63 93 31
T Y 0 -1 63 63 109 46
Y Space -3 2 63 94 468 405
Space LShiftKey 1 4 94 156 125 31
LShiftKey B 0 -5 156 78 109 -47
B U 2 -2 78 78 94 16
U F -1 3 78 78 250 172
F F 0 0 78 94 171 93
F A 0 3 94 93 172 78
A L 0 -8 93 62 125 32
L O 1 0 62 47 140 78
O Space -3 5 47 78 172 125
Space I 3 -4 78 62 546 468
I S -1 6 62 63 93 31
S Space -2 -2 63 78 94 31
Space LShiftKey 1 4 78 46 437 359
LShiftKey F 1 -4 46 93 265 219
F I 1 -4 93 93 78 -15
I N -2 2 93 78 78 -15
N E 2 3 78 62 109 31
E Space -3 -1 62 78 109 47
Space LShiftKey 1 4 78 156 484 406
LShiftKey I 2 -8 156 93 78 -78
I Space -3 4 93 78 140 47
Space G 2 -1 78 78 234 156
G U 1 -2 78 62 219 141
U E 0 4 62 94 93 31
E S -1 1 94 47 187 93
S S 0 0 47 78 94 47
S Oemcomma -1 -6 78 62 125 47
Oemcomma M 0 1 62 31 31 -31
M Space -1 3 31 78 78 47
Space Oemplus 4 -8 78 31 562 484
Oemplus Oemplus 0 0 31 16 124 93
Oemplus Back 0 -1 16 62 609 593
Back Back 0 0 62 31 156 94
Back Back 0 0 31 31 140 109
Back Back 0 0 31 78 141 110
Back Space -4 9 78 78 405 327
Space D 2 1 78 93 2668 2590
D O 1 -6 93 62 78 -15
O N -2 3 62 63 171 109
N Oem7 1 -5 63 47 1108 1045
Oem7 T 1 6 47 78 140 93
T Space -3 1 78 78 375 297
Space R 3 0 78 125 109 31
R E 0 1 125 94 78 -47
E A -1 2 94 109 187 93
A L 0 -8 109 47 156 47
L L 0 0 47 31 125 78
L Y 1 3 31 78 94 63
Y Space -3 2 78 78 109 31
Space L 2 -5 78 63 405 327
L I 1 1 63 62 141 78
I K -1 0 62 47 171 109
K E 1 5 47 78 63 16
E Space -3 -1 78 47 93 15
Space I 3 -4 47 63 156 109
I T 0 3 63 62 188 125
T Space -3 1 62 47 93 31
Space M 1 -3 47 31 203 156
M U 2 0 31 78 1326 1295
U C -2 4 78 78 94 16
C H 1 -3 78 62 109 31
H OemPeriod -1 -3 62 31 1310 1248
OemPeriod Space -1 5 31 62 1155 1124
Space LShiftKey 1 4 62 156 1934 1872
LShiftKey H 1 -6 156 46 94 -62
H O 1 -3 46 93 109 63
O W 0 7 93 94 187 94
W E 0 -1 94 78 281 187
E V -2 -1 78 94 171 93
V E 2 1 94 172 78 -16
E R 0 -1 172 93 141 -31
R Space -3 0 93 62 421 328
Space P 3 -6 62 78 234 172
P I 0 2 78 47 187 109
I S -1 6 47 109 16 -31
S T 1 -3 109 63 296 187
T A -1 4 63 93 94 31
A Back 2 -12 93 62 671 578
Back Back 0 0 62 62 140 78
Back Back 0 0 62 47 140 78
Back Back 0 0 47 47 141 94
Back Back 0 0 47 62 125 78
Back Back 0 0 62 63 124 62
Back Back 0 0 63 62 141 78
Back Back 0 0 62 32 171 109
Back Back 0 0 32 78 110 78
Back Back 0 0 78 62 140 62
Back Back 0 0 62 63 140 78
Back Back 0 0 63 93 141 78
Back Back 0 0 93 109 109 16
Back Back 0 0 109 63 187 78
Back Space -4 9 63 78 546 483
Space LShiftKey 1 4 78 78 19890 19812
LShiftKey I 2 -8 78 62 16 -62
I Space -3 4 62 109 140 78
Space B 1 -1 109 63 421 312
B E 2 2 63 78 141 78
E L -1 -6 78 78 140 62
L E 1 6 78 62 94 16
E I 0 -5 62 62 109 47
I V -2 4 62 109 94 32
V E 2 1 109 156 62 -47
E Space -3 -1 156 109 515 359
Space T 3 -1 109 93 125 16
T H -1 -1 93 78 78 -15
H A 0 5 78 141 124 46
A T 1 -4 141 78 94 -47
T Back 1 -8 78 671 624 546
Back Back 0 0 671 63 811 140
Back Back 0 0 63 78 141 78
Back I -1 5 78 62 686 608
I E 0 5 62 94 156 94
E V -2 -1 94 125 218 124
V E 2 1 125 125 63 -62
E Space -3 -1 125 63 171 46
Space T 3 -1 63 94 78 15
T H -1 -1 94 62 110 16
H A 0 5 62 141 46 -16
A T 1 -4 141 94 94 -47
T Space -3 1 94 62 94 0
Space T 3 -1 62 47 140 78
T H -1 -1 47 46 94 47
H T 1 1 46 47 109 63
T Back 1 -8 47 62 577 530
Back E -1 10 62 94 78 16
E Space -3 -1 94 78 140 46
Space S 2 2 78 63 156 78
S C -1 -1 63 93 188 125
C H 1 -3 93 62 624 531
H O 1 -3 62 47 218 156
O O 0 0 47 47 109 62
O L -1 0 47 62 141 94
L Space -2 5 62 109 156 94
Space H 2 -2 109 62 140 31
H A 0 5 62 141 62 0
A S 0 -1 141 94 94 -47
S Space -2 -2 94 78 62 -32
Space E 3 1 78 63 468 390
E N -2 -3 63 47 125 62
N O 2 -3 47 78 125 78
O U 0 2 78 31 156 78
U G -1 2 31 78 94 63
G H 0 -1 78 124 78 0
H Space -2 2 124 109 78 -46
Space S 2 2 109 78 3744 3635
S P 1 -8 78 62 125 47
P O 0 1 62 63 124 62
O R 0 5 63 78 110 47
R T 0 -1 78 78 202 124
T I 0 -3 78 125 78 0
I N -2 2 125 78 94 -31
N G 1 1 78 62 94 16
G Space -2 1 62 62 78 16
Space F 2 0 62 109 530 468
F A 0 3 109 93 328 219
A C -1 -2 93 93 234 141
C I 2 -5 93 78 234 141
I L -1 -1 78 47 202 124
L I 1 1 47 47 141 94
I T 0 3 47 110 93 46
T I 0 -3 110 62 94 -16
I E 0 5 62 78 78 16
E S -1 1 78 63 187 109
S Oemcomma -1 -6 63 78 687 624
Oemcomma Space -1 4 78 78 109 31
Space I 3 -4 78 62 187 109
I T 0 3 62 93 47 -15
T Space -3 1 93 47 140 47
Space H 2 -2 47 47 109 62
H A 0 5 47 125 63 16
A S 0 -1 125 109 47 -78
S Space -2 -2 109 94 93 -16
Space Back 4 -9 94 63 2106 2012
Back Back 0 0 63 93 141 78
Back Back 0 0 93 62 156 63
Back Back 0 0 62 62 140 78
Back Back 0 0 62 62 983 921
Back Back 0 0 62 62 156 94
Back Back 0 0 62 62 156 94
Back Back 0 0 62 47 156 94
Back Back 0 0 47 46 1763 1716
Back Oemcomma -3 5 46 78 655 609
Oemcomma Space -1 4 78 78 109 31
Space LShiftKey 1 4 78 141 109 31
LShiftKey I 2 -8 141 47 78 -63
I Space -3 4 47 78 109 62
Space L 2 -5 78 62 172 94
L O 1 0 62 63 140 78
O V -2 5 63 94 78 15
V E 2 1 94 109 63 -31
E Space -3 -1 109 78 93 -16
Space T 3 -1 78 78 94 16
T H -1 -1 78 46 94 16
H E 1 3 46 94 62 16
E Space -3 -1 94 63 62 -32
Space LShiftKey 1 4 63 156 406 343
LShiftKey A 1 -1 156 109 94 -62
A L 0 -8 109 63 202 93
L U 1 2 63 62 172 109
U M -2 0 62 63 187 125
M I 2 -1 63 47 109 46
I N -2 2 47 62 172 125
N I 2 -2 62 62 94 32
I Space -3 4 62 78 296 234
Space LShiftKey 1 4 78 62 250 172
LShiftKey A 1 -1 62 124 0 -62
A R 1 -3 124 62 998 874
R E 0 1 62 63 686 624
E N -2 -3 63 78 219 156
N A 1 5 78 78 109 31
A Oemcomma -1 -7 78 62 7738 7660
Oemcomma Space -1 4 62 47 109 47
Space I 3 -4 47 62 156 109
I T 0 3 62 78 47 -15
T Space -3 1 78 78 124 46
Space Back 4 -9 78 63 1014 936
Back Oem7 -2 2 63 62 297 234
Oem7 S 0 9 62 78 93 31
S Space -2 -2 78 62 110 32
Space G 2 -1 62 94 436 374
G O 1 -4 94 62 110 16
O T 0 4 62 78 109 47
T Space -3 1 78 47 109 31
Space A 2 3 47 78 109 62
A Space -2 -3 78 47 94 16
Space L 2 -5 47 78 156 109
L O 1 0 78 63 140 62
O T 0 4 63 78 234 171
T Space -3 1 78 78 156 78
Space O 3 -5 78 94 421 343
O F -1 5 94 94 156 62
F Space -2 0 94 62 110 16
Space R 3 0 62 62 234 172
R Oemplus 1 -8 62 78 296 234
Oemplus G -2 7 78 78 437 359
G Back 2 -8 78 62 593 515
Back Back 0 0 62 63 124 62
Back Back 0 0 63 63 125 62
Back G -2 8 63 63 1045 982
G R 1 1 63 110 234 171
R E 0 1 110 110 78 -32
E A -1 2 110 124 734 624
A T 1 -4 124 93 109 -15
T Space -3 1 93 78 140 47
Space S 2 2 78 78 390 312
S T 1 -3 78 78 843 765
T U 0 -2 78 62 140 62
U F -1 3 62 31 312 250
F F 0 0 31 78 125 94
F Space -2 0 78 63 249 171
Space T 3 -1 63 62 640 577
T H -1 -1 62 62 78 16
H E 1 3 62 109 94 32
E R 0 -1 109 140 78 -31
R E 0 1 140 94 93 -47
E OemPeriod -2 -6 94 78 733 639
OemPeriod Space -1 5 78 109 188 110
Space LShiftKey 1 4 109 187 1575 1466
LShiftKey T 2 -5 187 78 141 -46
T H -1 -1 78 78 156 78
H E 1 3 78 78 93 15
E Space -3 -1 78 78 63 -15
Space G 2 -1 78 94 670 592
G U 1 -2 94 78 141 47
U Y 0 1 78 78 452 374
Y Space -3 2 78 15 219 141
Space I 3 -4 15 94 124 109
I S -1 6 94 78 141 47
S Space -2 -2 78 78 93 15
Space U 3 -3 78 63 671 593
U Back 1 -6 63 63 811 748
Back Q -1 12 63 62 375 312
Q U 0 -6 62 62 109 47
U T 0 2 62 109 156 94
T E 0 2 109 78 94 -15
E Back 1 -10 78 47 639 561
Back Back 0 0 47 62 125 78
Back I -1 5 62 63 733 671
I T 0 3 63 125 78 15
T E 0 2 125 78 78 -47
E Space -3 -1 78 78 94 16
Space Back 4 -9 78 47 2917 2839
Back Back 0 0 47 62 125 78
Back Back 0 0 62 63 140 78
Back Back 0 0 63 47 156 93
Back Back 0 0 47 62 141 94
Back Back 0 0 62 78 343 281
Back Back 0 0 78 905 998 920
Back Back 0 0 905 93 952 47
Back R -1 9 93 140 1201 1108
R E 0 1 140 109 47 -93
E Space -3 -1 109 62 156 47
Space L 2 -5 62 62 203 141
L I 1 1 62 62 140 78
I K -1 0 62 78 156 94
K E 1 5 78 62 78 0
E Space -3 -1 62 78 94 32
Space A 2 3 78 109 109 31
A Space -2 -3 109 47 109 0
Space F 2 0 47 78 406 359
F U 1 -3 78 62 109 31
U L -1 -2 62 46 203 141
L L 0 0 46 62 109 63
L Y 1 3 62 63 62 0
Y Space -3 2 63 94 125 62
Space E 3 1 94 63 608 514
E Q 0 2 63 47 219 156
Q U 0 -6 47 47 140 93
U P 0 -3 47 31 219 172
P P 0 0 31 63 826 795
P Back 1 -3 63 47 687 624
Back Back 0 0 47 62 109 62
Back I -1 5 62 63 608 546
I P 0 -2 63 31 203 140
P P 0 0 31 62 94 63
P E 0 7 62 141 62 0
E D -1 0 141 78 109 -32
D Space -2 -1 78 78 63 -15
Space G 2 -1 78 62 546 468
G Y 1 -1 62 62 156 94
Y M -2 -1 62 63 452 390
M Space -1 3 63 78 187 124
Space Back 4 -9 78 63 905 827
Back Oemcomma -3 5 63 94 312 249
Oemcomma Space -1 4 94 63 109 15
Space A 2 3 63 78 78 15
A N -1 -5 78 78 94 16
N Space -1 2 78 94 109 31
Space D 2 1 94 62 16 -78
D Back 2 -10 62 63 1310 1248
Back Space -4 9 63 125 265 202
Space Back 4 -9 125 63 983 858
Back I -1 5 63 94 281 218
I N -2 2 94 63 109 15
N D 1 3 63 94 125 62
D O 1 -6 94 47 109 15
O O 0 0 47 63 109 62
O R 0 5 63 78 110 47
R Space -3 0 78 78 109 31
Space S 2 2 78 63 561 483
S W 1 0 63 78 266 203
W I 0 -6 78 47 171 93
I N -2 2 47 47 187 140
N Back 3 -7 47 78 858 811
Back M -3 6 78 46 266 188
M M 0 0 46 31 140 94
M I 2 -1 31 109 109 78
I N -2 2 109 62 94 -15
N G 1 1 62 63 140 78
G Space -2 1 63 47 47 -16
Space P 3 -6 47 63 218 171
P O 0 1 63 31 16 -47
O O 0 0 31 46 172 141
O O 0 0 46 62 109 63
O L -1 0 62 62 187 125
L Oemplus 2 -3 62 47 499 437
Oemplus Oemplus 0 0 47 63 109 62
Oemplus Oemplus 0 0 63 47 125 62
Oemplus Back 0 -1 47 47 515 468
Back Back 0 0 47 63 140 93
Back Back 0 0 63 63 125 62
Back Back 0 0 63 46 141 78
Back Back 0 0 46 63 124 78
Back Back 0 0 63 63 281 218
Back O -1 4 63 63 733 670
O L -1 0 63 62 172 109
L Space -2 5 62 78 484 422
Space A 2 3 78 78 78 0
A D 0 -2 78 78 187 109
D Back 2 -10 78 62 702 624
Back N -3 7 62 94 249 187
N D 1 3 94 78 156 62
D Space -2 -1 78 31 94 16
Space S 2 2 31 78 125 94
S O 1 -7 78 63 62 -16
O Space -3 5 63 47 156 93
Space O 3 -5 47 93 141 94
O N -2 3 93 93 78 -15
N OemPeriod 0 -3 93 62 998 905
OemPeriod Space -1 5 62 62 5226 5164
Space LShiftKey 1 4 62 156 9157 9095
LShiftKey I 2 -8 156 62 125 -31
I Space -3 4 62 62 172 110
Space Right 0 -9 62 62 12948 12886
Right Right 0 0 62 62 156 94
Right Right 0 0 62 63 171 109
Right Back 4 0 63 62 1576 1513
Back Back 0 0 62 62 156 94
Back Back 0 0 62 78 156 94
Back A -2 12 78 94 483 405
A N -1 -5 94 62 110 16
N D 1 3 62 78 109 47
D Back 2 -10 78 78 8939 8861
Back Back 0 0 78 125 218 140
Back LShiftKey -3 13 125 109 1311 1186
LShiftKey I 2 -8 109 62 62 -47
I Space -3 4 62 78 140 78
Space T 3 -1 78 78 172 94
T H -1 -1 78 63 31 -47
H I 1 -2 63 78 156 93
I N -2 2 78 63 78 0
N K 1 -2 63 62 125 62
K Space -2 4 62 62 125 63
Space T 3 -1 62 78 437 375
T H -1 -1 78 78 109 31
H E 1 3 78 78 93 15
E Y 0 -3 78 47 125 47
Y Space -3 2 47 78 125 78
Space S 2 2 78 62 390 312
S H 0 -4 62 62 125 63
H O 1 -3 62 62 187 125
O U 0 2 62 63 140 78
U L -1 -2 63 47 172 109
L D 0 6 47 62 47 0
D Space -2 -1 62 63 93 31
Space A 2 3 63 94 94 31
A Space -2 -3 94 62 78 -16
Space Oemplus 4 -8 62 32 374 312
Oemplus Oemplus 0 0 32 62 110 78
Oemplus Back 0 -1 62 62 920 858
Back Back 0 0 62 47 125 63
Back Back 0 0 47 78 125 78
Back Back 0 0 78 47 358 280
Back G -2 8 47 94 156 109
G E 1 2 94 94 250 156
E T 0 -2 94 62 406 312
T Space -3 1 62 78 124 62
Space A 2 3 78 63 312 234
A Space -2 -3 63 94 94 31
Space W 3 2 94 93 437 343
W A -1 1 93 93 156 63
A L 0 -8 93 31 156 63
L L 0 0 31 78 93 62
L Oemcomma -1 1 78 63 234 156
Oemcomma Space -1 4 63 93 110 47
Space L 2 -5 93 47 655 562
L I 1 1 47 46 125 78
I K -1 0 46 46 156 110
K E 1 5 46 78 15 -31
E Space -3 -1 78 110 109 31
Space Back 4 -9 110 62 1108 998
Back Back 0 0 62 63 140 78
Back Back 0 0 63 63 125 62
Back Back 0 0 63 62 141 78
Back Back 0 0 62 63 124 62
Back A -2 12 63 93 3386 3323
A Space -2 -3 93 78 93 0
Space R 3 0 78 62 219 141
R O 0 -5 62 62 78 16
O C -2 6 62 63 358 296
C K 1 -5 63 31 172 109
K Space -2 4 31 78 125 94
Space C 1 1 78 78 203 125
C L 1 -6 78 62 218 140
L I 1 1 62 78 140 78
I M -2 1 78 63 156 78
M B 0 2 63 47 234 171
B I 2 -3 47 124 188 141
I N -2 2 124 93 78 -46
N G 1 1 93 125 124 31
G Space -2 1 125 62 94 -31
Space W 3 2 62 78 218 156
W A -1 1 78 156 125 47
A L 0 -8 156 31 156 0
L L 0 0 31 47 109 78
L Space -2 5 47 78 125 78
Space T 3 -1 78 78 172 94
T O 0 -4 78 63 62 -16
O Space -3 5 63 124 141 78
Space B 1 -1 124 78 109 -15
B E 2 2 78 62 78 0
E Space -3 -1 62 62 78 16
Space S 2 2 62 62 1170 1108
S Back 2 -11 62 62 655 593
Back M -3 6 62 125 234 172
M O 2 -2 125 78 109 -16
O R 0 5 78 94 78 0
R E 0 1 94 78 47 -47
E Space -3 -1 78 46 94 16
Space S 2 2 46 78 109 63
S P 1 -8 78 78 125 47
P E 0 7 78 63 124 46
E C -2 0 63 94 640 577
C I 2 -5 94 63 109 15
I F -1 4 63 62 125 62
F I 1 -4 62 31 78 16
I L -1 -1 31 62 172 141
L Back 2 -4 62 62 1248 1186
Back C -3 10 62 124 78 16
C OemPeriod 0 -6 124 31 811 687
OemPeriod Space -1 5 31 62 109 78
Space LShiftKey 1 4 62 156 686 624
LShiftKey I 2 -8 156 47 125 -31
I T 0 3 47 78 156 109
T Space -3 1 78 31 94 16
Space W 3 2 31 62 156 125
W O 0 -7 62 47 31 -31
O U 0 2 47 63 655 608
U L -1 -2 63 78 156 93
L D 0 6 78 47 94 16
D Space -2 -1 47 63 62 15
Space B 1 -1 63 78 78 15
B E 2 2 78 78 94 16
E Space -3 -1 78 47 62 -16
Space A 2 3 47 94 109 62
A Space -2 -3 94 62 297 203
Space L 2 -5 62 47 234 172
L O 1 0 47 16 140 93
O T 0 4 16 78 437 421
T Space -3 1 78 78 125 47
Space O 3 -5 78 47 249 171
O F -1 5 47 78 141 94
F Space -2 0 78 78 546 468
Space F 2 0 78 93 468 390
F U 1 -3 93 62 109 16
U N -2 1 62 63 140 78
N Space -1 2 63 94 203 140
Space T 3 -1 94 94 905 811
T O 0 -4 94 31 78 -16
O Space -3 5 31 109 125 94
Space R 3 0 109 94 3806 3697
R O 0 -5 94 63 109 15
O C -2 6 63 62 188 125
C Back 3 -10 62 63 717 655
Back Back 0 0 63 46 141 78
Back Back 0 0 46 47 140 94
Back Back 0 0 47 1311 2215 2168
Back Back 0 0 1311 63 1435 124
Back Back 0 0 63 32 156 93
Back LShiftKey -3 13 32 187 406 374
LShiftKey T 2 -5 187 78 140 -47
T H -1 -1 78 62 172 94
H A 0 5 62 78 62 0
A T 1 -4 78 78 188 110
T Space -3 1 78 62 109 31
Space W 3 2 62 94 733 671
W O 0 -7 94 47 109 15
O U 0 2 47 46 141 94
U L -1 -2 46 63 171 125
L D 0 6 63 63 78 15
D Space -2 -1 63 78 94 31
Space B 1 -1 78 63 452 374
B E 2 2 63 78 125 62
E Space -3 -1 78 78 94 16
Space A 2 3 78 110 124 46
A Space -2 -3 110 47 94 -16
Space L 2 -5 47 78 250 203
L O 1 0 78 62 140 62
O T 0 4 62 78 140 78
T Space -3 1 78 62 94 16
Space O 3 -5 62 63 140 78
O F -1 5 63 94 78 15
F Space -2 0 94 46 110 16
Space F 2 0 46 94 748 702
F U 1 -3 94 78 78 -16
U N -2 1 78 78 125 47
N OemPeriod 0 -3 78 62 796 718
OemPeriod Back 3 -4 62 0 11840 11778
Back Back 0 0 0 46 63 63
Back Back 0 0 46 78 124 78
Back Back 0 0 78 93 453 375
Back T -1 8 93 94 811 718
T H -1 -1 94 62 125 31
H E 1 3 62 47 62 0
E Space -3 -1 47 47 125 78
Space S 2 2 47 62 125 78
S C -1 -1 62 78 171 109
C H 1 -3 78 47 125 47
H O 1 -3 47 63 265 218
O O 0 0 63 47 125 62
O L -1 0 47 78 141 94
L LShiftKey -1 9 78 94 28766 28688
LShiftKey M 0 -7 94 62 47 -47
M Y 2 1 62 78 187 125
Y Space -3 2 78 46 172 94
Space F 2 0 46 94 124 78
F A 0 3 94 78 63 -31
A V -1 -3 78 78 296 218
V O 2 -5 78 62 141 63
O U 0 2 62 47 140 78
U R 0 3 47 78 109 62
R I 0 -4 78 46 141 63
I T 0 3 46 124 78 32
T E 0 2 124 78 109 -15
E Space -3 -1 78 62 156 78
Space Back 4 -9 62 483 1607 1545
Back Back 0 0 483 78 1996 1513
Back Back 0 0 78 78 141 63
Back Back 0 0 78 78 156 78
Back Back 0 0 78 78 140 62
Back Back 0 0 78 78 141 63
Back Back 0 0 78 62 312 234
Back O -1 4 62 78 811 749
O R 0 5 78 78 140 62
R I 0 -4 78 47 125 47
I T 0 3 47 109 94 47
T E 0 2 109 94 62 -47
E Space -3 -1 94 78 140 46
Space V 1 0 78 109 344 266
V A 1 3 109 93 78 -31
A C -1 -2 93 94 202 109
C A 1 2 94 109 125 31
A T 1 -4 109 78 203 94
T I 0 -3 78 46 94 16
I O 0 -1 46 47 124 78
O N -2 3 47 47 94 47
N Space -1 2 47 63 140 93
Space S 2 2 63 62 94 31
S P 1 -8 62 78 515 453
P O 0 1 78 78 125 47
O T 0 4 78 78 109 31
T Space -3 1 78 63 93 15
Space W 3 2 63 63 125 62
W O 0 -7 63 47 78 15
O U 0 2 47 62 125 78
U L -1 -2 62 31 172 110
L D 0 6 31 78 62 31
D Space -2 -1 78 32 140 62
Space B 1 -1 32 78 16 -16
B Oemplus 3 -7 78 78 593 515
Oemplus H -2 6 78 63 327 249
H A 0 5 63 62 63 0
A V -1 -3 62 78 171 109
V E 2 1 78 109 32 -46
E Space -3 -1 109 47 124 15
Space T 3 -1 47 94 78 31
T O 0 -4 94 46 110 16
O Back 1 -4 46 717 499 453
Back Back 0 0 717 62 811 94
Back Back 0 0 62 47 156 94
Back Space -4 9 47 62 468 421
Space H 2 -2 62 63 140 78
H A 0 5 63 78 125 62
A V -1 -3 78 78 172 94
V E 2 1 78 93 47 -31
E Space -3 -1 93 63 93 0
Space T 3 -1 63 63 109 46
T O 0 -4 63 63 78 15
O Space -3 5 63 47 141 78
Space B 1 -1 47 78 62 15
B E 2 2 78 63 109 31
E Space -3 -1 63 62 63 0
Space T 3 -1 62 94 608 546
T H -1 -1 94 78 47 -47
H E 1 3 78 47 125 47
E Space -3 -1 47 62 47 0
Space V 1 0 62 94 6442 6380
V A 1 3 94 93 63 -31
A L 0 -8 93 32 249 156
L L 0 0 32 31 125 93
L E 1 6 31 63 109 78
E Y 0 -3 63 47 172 109
Y S -1 4 47 62 94 47
S Space -2 -2 62 62 78 16
Space I 3 -4 62 125 171 109
I N -2 2 125 62 94 -31
N Space -1 2 62 63 140 78
Space T 3 -1 63 63 390 327
T H -1 -1 63 46 110 47
H E 1 3 46 78 62 16
E Space -3 -1 78 63 109 31
Space LShiftKey 1 4 63 172 390 327
LShiftKey H 1 -6 172 62 125 -47
H M -1 -1 62 93 281 219
M Oemplus 3 -5 93 78 452 359
Oemplus Back 0 -1 78 78 733 655
Back Back 0 0 78 78 125 47
Back I -1 5 78 63 577 499
I M -2 1 63 62 141 78
M A 1 6 62 94 93 31
A I 1 -7 94 62 110 16
I Back 1 -5 62 78 452 390
Back L -2 4 78 62 562 484
L A 0 8 62 94 140 78
A Y 1 -5 94 47 203 109
Y A -1 5 47 62 156 109
A S 0 -1 62 62 187 125
S Left -2 -9 62 1529 5897 5835
Left Left 0 0 1529 62 2309 780
Left Right 0 -2 62 62 655 593
Right Right 0 0 62 63 140 78
Right Right 0 0 63 62 141 78
Right Right 0 0 62 62 156 94
Right Right 0 0 62 94 140 78
Right Back 4 0 94 78 671 577
Back Back 0 0 78 733 125 47
Back Back 0 0 733 47 1076 343
Back Back 0 0 47 63 140 93
Back Back 0 0 63 78 125 62
Back Back 0 0 78 63 156 78
Back Back 0 0 63 62 141 78
Back Back 0 0 62 62 140 78
Back Back 0 0 62 63 140 78
Back Back 0 0 63 78 141 78
Back Back 0 0 78 63 296 218
Back Space -4 9 63 47 406 343
Space I 3 -4 47 78 171 124
I S -1 6 78 78 110 32
S Space -2 -2 78 47 93 15
Space D 2 1 47 140 141 94
D E 1 0 140 63 93 -47
E F -1 -1 63 78 546 483
F I 1 -4 78 63 78 0
I N -2 2 63 63 187 124
N I 2 -2 63 62 172 109
I T 0 3 62 125 203 141
T E 0 2 125 94 62 -63
E L -1 -6 94 46 141 47
L Y 1 3 46 78 249 203
Y Right -3 -7 78 1358 811 733
Right Left 0 2 1358 998 1904 546
Left Right 0 -2 998 1108 1934 936
Right Left 0 2 1108 47 1529 421
Left Left 0 0 47 47 156 109
Left Left 0 0 47 63 218 171
Left Right 0 -2 63 78 1155 1092
Right OemPeriod 1 4 78 78 826 748
OemPeriod Space -1 5 78 93 1155 1077
Space LShiftKey 1 4 93 1030 405 312
LShiftKey LShiftKey 0 0 1030 343 1592 562
LShiftKey T 2 -5 343 94 280 -63
T H -1 -1 94 94 172 78
H E 1 3 94 109 78 -16
E S -1 1 109 78 484 375
S E 1 -1 78 47 202 124
E Space -3 -1 47 62 110 63
Space A 2 3 62 156 140 78
A R 1 -3 156 110 140 -16
R E 0 1 110 93 63 -47
E Space -3 -1 93 94 93 0
Space B 1 -1 94 78 453 359
B E 2 2 78 78 93 15
E A -1 2 78 78 63 -15
A U 1 -6 78 62 593 515
U T 0 2 62 78 156 94
T I 0 -3 78 78 171 93
I F -1 4 78 78 265 187
F U 1 -3 78 47 125 47
U L -1 -2 47 62 219 172
L Space -2 5 62 94 358 296
Space Back 4 -9 94 93 687 593
Back Oemcomma -3 5 93 109 296 203
Oemcomma Space -1 4 109 62 141 32
Space T 3 -1 62 94 6380 6318
T H -1 -1 94 78 78 -16
H E 1 3 78 94 109 31
E R 0 -1 94 156 78 -16
R E 0 1 156 78 94 -62
E Space -3 -1 78 62 109 31
Space Back 4 -9 62 78 608 546
Back Back 0 0 78 47 156 78
Back Back 0 0 47 62 141 94
Back Back 0 0 62 187 140 78
Back Back 0 0 187 94 437 250
Back Back 0 0 94 1123 640 546
Back Back 0 0 1123 78 1201 78
Back Back 0 0 78 63 171 93
Back Back 0 0 63 47 141 78
Back Back 0 0 47 94 171 124
Back LShiftKey -3 13 94 156 422 328
LShiftKey I 2 -8 156 78 140 -16
I Space -3 4 78 63 140 62
Space H 2 -2 63 62 110 47
H A 0 5 62 110 46 -16
A D 0 -2 110 93 297 187
D Space -2 -1 93 110 249 156
Space B 1 -1 110 62 172 62
B E 2 2 62 47 125 63
E E 0 0 47 78 109 62
E N -2 -3 78 125 78 0
N Space -1 2 125 62 94 -31
Space T 3 -1 62 63 202 140
T E 0 2 63 63 359 296
E Oemplus 1 -9 63 78 375 312
Oemplus R -1 8 78 110 202 124
R E 0 1 110 63 78 -32
E K -1 -5 63 47 125 62
K K 0 0 47 47 125 78
K I 1 0 47 47 140 93
I N -2 2 47 62 32 -15
N G 1 1 62 63 93 31
G Back 2 -8 63 717 562 499
Back Back 0 0 717 78 889 172
Back Back 0 0 78 63 655 577
Back R -1 9 63 124 219 156
R E 0 1 124 62 78 -46
E K -1 -5 62 47 202 140
K K 0 0 47 62 110 63
K I 1 0 62 140 140 78
I N -2 2 140 94 109 -31
N G 1 1 94 78 63 -31
G Space -2 1 78 63 124 46
Space T 3 -1 63 63 1607 1544
T Back 1 -8 63 765 1201 1138
Back Back 0 0 765 47 952 187
Back O -1 4 47 62 827 780
O I 0 1 62 47 0 -62
I N -2 2 47 78 93 46
N Space -1 2 78 63 156 78
Space Back 4 -9 63 63 702 639
Back Back 0 0 63 62 250 187
Back Back 0 0 62 62 125 63
Back N -3 7 62 62 390 328
N Space -1 2 62 78 140 78
Space A 2 3 78 94 109 31
A N -1 -5 94 62 63 -31
N Space -1 2 62 63 93 31
Space E 3 1 63 78 624 561
E X -2 1 78 93 219 141
X P 2 -8 93 78 312 219
P I 0 2 78 63 249 171
I D -1 5 63 93 188 125
D I 1 -5 93 47 124 31
I T 0 3 47 93 141 94
T I 0 -3 93 62 156 63
I O 0 -1 62 62 156 94
O N -2 3 62 78 109 47
N Space -1 2 78 47 156 78
Space T 3 -1 47 78 156 109
T O 0 -4 78 62 47 -31
O Space -3 5 62 78 140 78
Space T 3 -1 78 62 4150 4072
T H -1 -1 62 62 78 16
H E 1 3 62 93 156 94
E Space -3 -1 93 63 93 0
Space LShiftKey 1 4 63 187 1701 1638
LShiftKey LShiftKey 0 0 187 218 1201 1014
LShiftKey S 1 -2 218 109 187 -31
S W 1 0 109 78 219 110
W A -1 1 78 110 202 124
A R 1 -3 110 78 515 405
R G -1 -1 78 93 796 718
G A 0 4 93 93 78 -15
A R 1 -3 93 78 359 266
R O 0 -5 78 78 93 15
O H -1 3 78 78 234 156
H I 1 -2 78 93 141 63
I N -2 2 93 78 187 94
N I 2 -2 78 94 93 15
I Space -3 4 94 93 297 203
Space V 1 0 93 125 655 562
V A 1 3 125 109 94 -31
A L 0 -8 109 62 187 78
L L 0 0 62 62 109 47
L E 1 6 62 78 125 63
E Y 0 -3 78 62 156 78
Y Space -3 2 62 78 468 406
Space A 2 3 78 78 140 62
A T 1 -4 78 63 187 109
T Space -3 1 63 94 234 171
Space T 3 -1 94 109 359 265
T H -1 -1 109 63 109 0
H E 1 3 63 94 94 31
E Space -3 -1 94 94 62 -32
Space F 2 0 94 62 2528 2434
F O 1 -5 62 31 140 78
O O 0 0 31 47 265 234
O T 0 4 47 94 187 140
T H -1 -1 94 62 328 234
H I 1 -2 62 93 172 110
I L -1 -1 93 78 327 234
L Back 2 -4 78 639 1233 1155
Back Back 0 0 639 62 764 125
Back B -3 8 62 78 671 609
B A 1 4 78 125 140 62
A S 0 -1 125 94 78 -47
S E 1 -1 94 110 187 93
E Space -3 -1 110 62 94 -16
Space I 3 -4 62 62 172 110
I F -1 4 62 94 124 62
F Space -2 0 94 63 78 -16
Space Back 4 -9 63 78 531 468
Back Back 0 0 78 47 140 62
Back Back 0 0 47 62 125 78
Back Left -4 2 62 999 4196 4134
Left Right 0 -2 999 889 1436 437
Right Right 0 0 889 32 1138 249
Right Right 0 0 32 47 125 93
Right Right 0 0 47 62 141 94
Right Right 0 0 62 16 171 109
Right LShiftKey 1 13 16 406 671 655
LShiftKey S 1 -2 406 109 359 -47
S W 1 0 109 62 624 515
W A -1 1 62 109 140 78
A R 1 -3 109 94 203 94
R G -1 -1 94 110 1154 1060
G A 0 4 110 109 687 577
A R 1 -3 109 94 405 296
R O 0 -5 94 63 125 31
O H -1 3 63 78 219 156
H I 1 -2 78 78 124 46
I N -2 2 78 78 141 63
N I 2 -2 78 94 109 31
I Space -3 4 94 63 842 748
Space M 1 -3 63 63 203 140
M O 2 -2 63 78 125 62
O U 0 2 78 78 187 109
U N -2 1 78 93 141 63
N T 2 1 93 78 202 109
T A -1 4 78 78 578 500
A I 1 -7 78 78 124 46
I N -2 2 78 78 110 32
N Space -1 2 78 78 717 639
Space I 3 -4 78 94 343 265
I N -2 2 94 78 125 31
N Space -1 2 78 47 156 78
Space T 3 -1 47 109 78 31
T H -1 -1 109 63 78 -31
H E 1 3 63 78 109 46
E Space -3 -1 78 62 63 -15
Space LShiftKey 1 4 62 156 281 219
LShiftKey B 0 -5 156 78 93 -63
B A 1 4 78 109 983 905
A N -1 -5 109 62 94 -15
N D 1 3 62 125 124 62
D A 0 2 125 109 110 -15
A R 1 -3 109 94 171 62
R Space -3 0 94 63 156 62
Space P 3 -6 63 63 1747 1684
P Back 1 -3 63 63 827 764
Back Back 0 0 63 62 125 62
Back O -1 4 62 62 624 562
O U 0 2 62 63 187 125
U Back 1 -6 63 62 687 624
Back Back 0 0 62 62 140 78
Back P -1 3 62 62 874 812
P U 0 3 62 78 1248 1186
U N -2 1 78 78 202 124
N C 0 3 78 94 983 905
C H 1 -3 94 62 94 0
H Space -2 2 62 78 125 63
Space R 3 0 78 109 3775 3697
R A -1 3 109 94 78 -31
A N -1 -5 94 63 109 15
N G 1 1 63 93 141 78
G E 1 2 93 94 46 -47
E OemPeriod -2 -6 94 62 874 780
OemPeriod Right -1 -4 62 63 8174 8112
Right Back 4 0 63 765 468 405
Back Back 0 0 765 78 874 109
Back Back 0 0 78 62 156 78
Back Back 0 0 62 78 187 125
Back LShiftKey -3 13 78 203 593 515
LShiftKey H 1 -6 203 78 187 -16
H A 0 5 78 156 125 47
A R 1 -3 156 78 125 -31
R OemMinus 1 -7 78 31 1794 1716
OemMinus K -2 3 31 46 359 328
K I 1 0 46 47 140 94
I OemMinus 1 -3 47 62 718 671
OemMinus LShiftKey -3 11 62 187 312 250
LShiftKey D 1 -3 187 93 156 -31
D O 1 -6 93 62 140 47
O O 0 0 62 16 156 94
O N -2 3 16 62 125 109
N Space -1 2 62 62 4025 3963
Space LShiftKey 1 4 62 343 764 702
LShiftKey I 2 -8 343 62 234 -109
I T 0 3 62 78 515 453
T Space -3 1 78 93 125 47
Space D 2 1 93 78 1029 936
D O 1 -6 78 31 94 16
O E 0 6 31 78 125 94
E Back 1 -10 78 62 889 811
Back Back 0 0 62 78 125 63
Back Back 0 0 78 62 140 62
Back Back 0 0 62 31 733 671
Back S -2 11 31 94 156 125
S Space -2 -2 94 78 94 0
Space A 2 3 78 94 499 421
A Space -2 -3 94 63 109 15
Space V 1 0 63 78 172 109
V E 2 1 78 156 62 -16
E R 0 -1 156 78 172 16
R Y 0 -2 78 78 125 47
Y Space -3 2 78 94 140 62
Space S 2 2 94 78 125 31
S E 1 -1 78 63 171 93
E C -2 0 63 93 266 203
C U 2 -4 93 62 374 281
U L -1 -2 62 78 187 125
L E 1 6 78 140 297 219
E D -1 0 140 141 93 -47
D E 1 0 141 125 109 -32
E Space -3 -1 125 93 141 16
Space P 3 -6 93 47 343 250
P Back 1 -3 47 47 1950 1903
Back Back 0 0 47 63 140 93
Back Back 0 0 63 63 125 62
Back Back 0 0 63 63 343 280
Back Back 0 0 63 93 422 359
Back Back 0 0 93 46 1326 1233
Back Back 0 0 46 46 156 110
Back L -2 4 46 78 608 562
L U 1 2 78 47 203 125
U D -1 4 47 110 93 46
D E 1 0 110 156 78 -32
E D -1 0 156 93 110 -46
D Space -2 -1 93 31 109 16
Space P 3 -6 31 125 156 125
P L -1 1 125 94 93 -32
L A 0 8 94 93 110 16
A C -1 -2 93 124 156 63
C E 2 0 124 109 62 -62
E Space -3 -1 109 62 125 16
Space A 2 3 62 109 296 234
A N -1 -5 109 47 125 16
N D 1 3 47 31 125 78
D Back 2 -10 31 47 468 437
Back Back 0 0 47 31 125 78
Back Back 0 0 31 47 124 93
Back T -1 8 47 62 344 297
T H -1 -1 62 78 78 16
H A 0 5 78 109 78 0
A T 1 -4 109 109 62 -47
T Space -3 1 109 78 78 -31
Space D 2 1 78 94 265 187
D O 1 -6 94 63 109 15
O E 0 6 63 62 63 0
E S -1 1 62 62 156 94
S N -1 -4 62 62 125 63
N T 2 1 62 94 124 62
T Space -3 1 94 62 94 0
Space H 2 -2 62 62 172 110
H Back 2 -7 62 62 390 328
Back Back 0 0 62 63 124 62
Back Back 0 0 63 63 125 62
Back Oem7 -2 2 63 47 6833 6770
Oem7 Back 2 -2 47 62 2855 2808
Back Back 0 0 62 78 93 31
Back Back 0 0 78 62 172 94
Back Back 0 0 62 63 140 78
Back Back 0 0 63 63 125 62
Back Back 0 0 63 46 141 78
Back Back 0 0 46 47 140 94
Back Back 0 0 47 63 140 93
Back Back 0 0 63 63 156 93
Back Back 0 0 63 47 156 93
Back A -2 12 47 124 344 297
A N -1 -5 124 47 109 -15
N D 1 3 47 63 140 93
D Space -2 -1 63 47 78 15
Space T 3 -1 47 93 172 125
T H -1 -1 93 31 78 -15
H E 1 3 31 63 93 62
E Space -3 -1 63 62 63 0
Space V 1 0 62 109 281 219
V A 1 3 109 109 93 -16
A L 0 -8 109 47 187 78
L L 0 0 47 78 94 47
L E 1 6 78 62 125 47
E Y 0 -3 62 62 156 94
Y Space -3 2 62 62 125 63
Space I 3 -4 62 78 421 359
I S -1 6 78 63 140 62
S Space -2 -2 63 78 94 31
Space O 3 -5 78 62 4368 4290
O V -2 5 62 47 140 78
V E 2 1 47 171 63 16
E R 0 -1 171 125 124 -47
R Space -3 0 125 78 156 31
Space D1 4 3 78 78 1545 1467
D1 D3 0 -2 78 63 140 62
D3 Oemcomma -3 -5 63 62 749 686
Oemcomma D0 3 -2 62 47 281 219
D0 D0 0 0 47 47 140 93
D0 D0 0 0 47 78 94 47
D0 Space -4 6 78 78 296 218
Space F 2 0 78 78 297 219
F E 1 1 78 62 156 78
E E 0 0 62 109 156 94
E T 0 -2 109 62 140 31
T Space -3 1 62 93 125 63
Space A 2 3 93 78 421 328
A V -1 -3 78 62 3198 3120
V O 2 -5 62 63 109 47
O Back 1 -4 63 47 562 499
Back Back 0 0 47 46 125 78
Back B -3 8 46 78 998 952
B O 2 -4 78 63 62 -16
O V -2 5 63 125 141 78
V E 2 1 125 63 93 -32
E Space -3 -1 63 78 78 15
Space S 2 2 78 78 515 437
S E 1 -1 78 78 234 156
E A -1 2 78 109 125 47
A W 1 -1 109 63 6427 6318
W A -1 1 63 110 31 -32
A T 1 -4 110 109 266 156
T E 0 2 109 172 93 -16
E R 0 -1 172 125 109 -63
R Space -3 0 125 93 1202 1077
Space Left 0 -7 93 46 1872 1779
Left Back 4 -2 46 1576 3556 3510
Back Back 0 0 1576 78 2294 718
Back Back 0 0 78 62 156 78
Back S -2 11 62 62 780 718
S Space -2 -2 62 47 124 62
Space A 2 3 47 78 219 172
A T 1 -4 78 78 171 93
T Space -3 1 78 31 125 47
Space A 2 3 31 62 141 110
A N -1 -5 62 62 452 390
N Space -1 2 62 62 156 94
Space A 2 3 62 78 125 63
A L 0 -8 78 94 140 62
L T 1 4 94 78 312 218
T I 0 -3 78 63 109 31
I T 0 3 63 93 266 203
T U 0 -2 93 63 124 31
U D -1 4 63 140 172 109
D E 1 0 140 93 94 -46
E Space -3 -1 93 63 93 0
Space O 3 -5 63 78 156 93
O F -1 5 78 94 125 47
F Space -2 0 94 78 78 -16
Space D1 4 3 78 62 671 593
D1 D3 0 -2 62 78 140 78
D3 Oemcomma -3 -5 78 63 265 187
Oemcomma D0 3 -2 63 47 328 265
D0 D0 0 0 47 47 140 93
D0 D0 0 0 47 78 656 609
D0 Space -4 6 78 62 296 218
Space F 2 0 62 78 125 63
F E 1 1 78 63 171 93
E E 0 0 63 78 344 281
E T 0 -2 78 93 156 78
T OemPeriod -2 -4 93 94 670 577
OemPeriod Space -1 5 94 109 250 156
Space LShiftKey 1 4 109 187 1669 1560
LShiftKey T 2 -5 187 78 94 -93
T H -1 -1 78 78 156 78
H E 1 3 78 78 78 0
E Space -3 -1 78 78 93 15
Space T 3 -1 78 94 796 718
T R 0 1 94 125 218 124
R E 0 1 125 78 94 -31
E K -1 -5 78 62 749 671
K Space -2 4 62 78 327 265
Space T 3 -1 78 78 203 125
T O 0 -4 78 47 94 16
O Space -3 5 47 62 125 78
Space T 3 -1 62 78 109 47
T H -1 -1 78 63 62 -16
H E 1 3 63 78 94 31
E Space -3 -1 78 62 109 31
Space V 1 0 62 125 390 328
V A 1 3 125 109 78 -47
A L 0 -8 109 62 312 203
L L 0 0 62 78 109 47
L E 1 6 78 63 109 31
E Y 0 -3 63 62 172 109
Y Space -3 2 62 62 156 94
Space I 3 -4 62 78 140 78
I S -1 6 78 78 78 0
S Space -2 -2 78 62 94 16
Space T 3 -1 62 78 125 63
T H -1 -1 78 62 31 -47
H E 1 3 62 78 94 32
E Space -3 -1 78 78 78 0
Space B 1 -1 78 78 3151 3073
B E 2 2 78 78 78 0
E S -1 1 78 63 171 93
S T 1 -3 63 63 156 93
T Space -3 1 63 78 78 15
Space P 3 -6 78 62 2715 2637
P A -1 9 62 109 78 16
A R 1 -3 109 62 109 0
R T 0 -1 62 93 172 110
T Space -3 1 93 78 156 63
Space T 3 -1 78 93 109 31
T H -1 -1 93 78 109 16
H O 1 -3 78 78 172 94
O U 0 2 78 47 187 109
U G -1 2 47 94 93 46
G H 0 -1 94 62 640 546
H OemPeriod -1 -3 62 63 374 312
OemPeriod Space -1 5 63 47 141 78
Space LShiftKey 1 4 47 203 218 171
LShiftKey W 2 -2 203 140 141 -62
W E 0 -1 140 94 93 -47
E Space -3 -1 94 47 109 15
Space H 2 -2 47 63 125 78
H A 0 5 63 63 78 15
A V -1 -3 63 93 172 109
V E 2 1 93 110 15 -78
E Space -3 -1 110 78 156 46
Space T 3 -1 78 94 281 203
T O 0 -4 94 78 78 -16
O Space -3 5 78 109 125 47
Space C 1 1 109 94 218 109
C L 1 -6 94 63 125 31
L Back 2 -4 63 78 733 670
Back R -1 9 78 78 968 890
R O 0 -5 78 62 125 47
O S -1 7 62 32 124 62
S S 0 0 32 62 110 78
S Space -2 -2 62 78 93 31
Space A 2 3 78 62 2668 2590
A B -1 -4 62 62 78 16
B O 2 -4 62 63 140 78
O U 0 2 63 47 156 93
U T 0 2 47 78 94 47
T Space -3 1 78 63 62 -16
Space D1 4 3 63 78 624 561
D1 D0 0 -9 78 78 125 47
D0 Space -4 6 78 109 203 125
Space W 3 2 109 78 265 156
W A -1 1 78 78 156 78
A T 1 -4 78 78 140 62
T E 0 2 78 140 94 16
E R 0 -1 140 93 94 -46
R F -1 0 93 110 514 421
F A 0 3 110 78 78 -32
A L 0 -8 78 63 156 78
L L 0 0 63 62 110 47
L S 0 7 62 47 93 31
S Space -2 -2 47 78 109 62
Space Back 4 -9 78 796 671 593
Back Back 0 0 796 78 936 140
Back Back 0 0 78 32 187 109
Back S -2 11 32 109 484 452
S M -1 -5 109 47 998 889
M A 1 6 47 78 110 63
A L 0 -8 78 47 124 46
L L 0 0 47 31 125 78
L Space -2 5 31 78 109 78
Space W 3 2 78 93 453 375
W A -1 1 93 93 468 375
A T 1 -4 93 78 171 78
T E 0 2 78 156 94 16
E R 0 -1 156 109 94 -62
R F -1 0 109 125 795 686
F A 0 3 125 109 94 -31
A L 0 -8 109 78 171 62
L L 0 0 78 62 110 32
L S 0 7 62 78 109 47
S Space -2 -2 78 93 2465 2387
Space A 2 3 93 94 93 0
A N -1 -5 94 78 78 -16
N D 1 3 78 62 125 47
D Space -2 -1 62 63 31 -31
Space A 2 3 63 63 421 358
A Space -2 -3 63 62 110 47
Space T 3 -1 62 63 249 187
T H -1 -1 63 47 78 15
H I 1 -2 47 62 172 125
I C -2 5 62 32 171 109
C K 1 -5 32 93 63 31
K Space -2 4 93 78 156 63
Space J 2 -3 78 63 920 842
J U 1 0 63 78 125 62
U N -2 1 78 93 125 47
N G 1 1 93 78 608 515
G L 0 -4 78 63 109 31
L E 1 6 63 62 94 31
E Space -3 -1 62 63 1591 1529
Space T 3 -1 63 78 265 202
T O 0 -4 78 62 63 -15
O Space -3 5 62 94 140 78
Space Back 4 -9 94 31 546 452
Back Back 0 0 31 15 921 890
Back Back 0 0 15 47 904 889
Back W -1 11 47 78 266 219
W I 0 -6 78 78 93 15
I T 0 3 78 62 141 63
T H -1 -1 62 78 62 0
H Space -2 2 78 78 47 -31
Space A 2 3 78 110 93 15
A Space -2 -3 110 62 110 0
Space L 2 -5 62 63 202 140
L O 1 0 63 47 141 78
O T 0 4 47 94 109 62
T Space -3 1 94 47 109 15
Space O 3 -5 47 62 453 406
O F -1 5 62 78 109 47
F Space -2 0 78 78 93 15
Space G 2 -1 78 78 578 500
G R 1 1 78 78 202 124
R A -1 3 78 125 78 0
A D 0 -2 125 78 687 562
D I 1 -5 78 78 125 47
I A -1 7 78 78 124 46
A N -1 -5 78 62 141 63
N T 2 1 62 62 125 63
T Space -3 1 62 78 1638 1576
Space OemPeriod 1 -5 78 62 5522 5444
OemPeriod Space -1 5 62 0 13650 13588
Space LShiftKey 1 4 0 171 796 796
LShiftKey I 2 -8 171 62 156 -15
I Space -3 4 62 78 1840 1778
Space H 2 -2 78 78 188 110
H A 0 5 78 78 93 15
A V -1 -3 78 140 141 63
V E 2 1 140 109 93 -47
E Space -3 -1 109 63 109 0
Space J 2 -3 63 62 562 499
J U 1 0 62 31 156 94
U S -1 5 31 31 47 16
S T 1 -3 31 78 109 78
T Space -3 1 78 32 62 -16
Space B 1 -1 32 63 78 46
B E 2 2 63 47 125 62
E E 0 0 47 63 109 62
E N -2 -3 63 94 78 15
N Space -1 2 94 78 63 -31
Space T 3 -1 78 94 343 265
T H -1 -1 94 47 78 -16
H E 1 3 47 94 62 15
E R 0 -1 94 156 63 -31
R E 0 1 156 94 109 -47
E Space -3 -1 94 78 78 -16
Space O 3 -5 78 94 156 78
O N -2 3 94 63 109 15
N C 0 3 63 156 453 390
C E 2 0 156 93 78 -78
E Oemcomma -2 -5 93 62 577 484
Oemcomma Space -1 4 62 31 125 63
Space U 3 -3 31 93 265 234
U Oemplus 1 -5 93 47 499 406
Oemplus Back 0 -1 47 78 718 671
Back Back 0 0 78 78 124 46
Back B -3 8 78 78 484 406
B U 2 -2 78 78 125 47
U T 0 2 78 63 140 62
T Space -3 1 63 62 63 0
Space LShiftKey 1 4 62 156 624 562
LShiftKey I 2 -8 156 78 62 -94
I Space -3 4 78 63 140 62
Space W 3 2 63 78 125 62
W O 0 -7 78 63 109 31
O U 0 2 63 62 172 109
U L -1 -2 62 62 172 110
L D 0 6 62 94 93 31
D Space -2 -1 94 47 94 0
Space L 2 -5 47 63 171 124
L O 1 0 63 63 125 62
O V -2 5 63 125 94 31
V E 2 1 125 109 78 -47
E Space -3 -1 109 63 93 -16
Space T 3 -1 63 78 141 78
T O 0 -4 78 47 62 -16
O Space -3 5 47 63 109 62
Space D 2 1 63 93 141 78
D Space -2 -1 93 31 218 125
Space Back 4 -9 31 78 499 468
Back O -1 4 78 63 312 234
O Space -3 5 63 31 172 109
Space I 3 -4 31 78 109 78
I T 0 3 78 78 125 47
T Space -3 1 78 78 62 -16
Space A 2 3 78 47 328 250
A G 0 -4 47 109 172 125
G A 0 4 109 125 31 -78
A I 1 -7 125 110 93 -32
I N -2 2 110 78 78 -32
N Back 3 -7 78 63 1794 1716
Back Back 0 0 63 62 141 78
Back Back 0 0 62 63 140 78
Back Back 0 0 63 46 141 78
Back Back 0 0 46 62 140 94
Back G -2 8 62 63 577 515
G O 1 -4 63 62 63 0
O Space -3 5 62 63 124 62
Space A 2 3 63 94 94 31
A G 0 -4 94 109 546 452
G A 0 4 109 78 94 -15
A I 1 -7 78 93 109 31
I N -2 2 93 62 31 -62
N OemPeriod 0 -3 62 63 608 546
OemPeriod Space -1 5 63 63 6006 5943
Space LShiftKey 1 4 63 156 328 265
LShiftKey I 2 -8 156 78 109 -47
I F -1 4 78 78 577 499
F Space -2 0 78 62 110 32
Space LShiftKey 1 4 62 125 124 62
LShiftKey I 2 -8 125 63 78 -47
I Space -3 4 63 62 141 78
Space H 2 -2 62 78 78 16
H A 0 5 78 172 62 -16
A D 0 -2 172 109 141 -31
D Space -2 -1 109 62 140 31
Space A 2 3 62 78 125 63
A Space -2 -3 78 78 93 15
Space C 1 1 78 62 266 188
C H 1 -3 62 62 78 16
H A 0 5 62 63 93 31
A N -1 -5 63 78 94 31
N G 1 1 78 94 93 15
G E 1 2 94 93 63 -31
E Space -3 -1 93 63 93 0
Space Back 4 -9 63 62 1202 1139
Back Back 0 0 62 32 124 62
Back Back 0 0 32 62 110 78
Back C -3 10 62 125 109 47
C E 2 0 125 93 78 -47
E Space -3 -1 93 62 125 32
Space T 3 -1 62 78 1700 1638
T O 0 -4 78 63 62 -16
O Space -3 5 63 78 297 234
Space G 2 -1 78 62 421 343
G O 1 -4 62 62 78 16
O Space -3 5 62 78 281 219
Space A 2 3 78 94 265 187
A B -1 -4 94 62 125 31
B R 2 1 62 78 483 421
R O 0 -5 78 78 110 32
O A -1 8 78 109 93 15
A D 0 -2 109 78 125 16
D Space -2 -1 78 62 125 47
Space F 2 0 62 78 873 811
F O 1 -5 78 62 110 32
O R 0 5 62 63 46 -16
R Space -3 0 63 78 94 31
Space T 3 -1 78 78 296 218
T H -1 -1 78 62 94 16
H R 1 2 62 62 125 63
R E 0 1 62 172 140 78
E E 0 0 172 78 983 811
E Space -3 -1 78 78 250 172
Space M 1 -3 78 63 327 249
M O 2 -2 63 62 125 62
O N -2 3 62 63 140 78
N T 2 1 63 62 110 47
T H -1 -1 62 47 93 31
H S 0 4 47 47 94 47
S Space -2 -2 47 47 93 46
Space Oemplus 4 -8 47 62 297 250
Oemplus Back 0 -1 62 47 717 655
Back Back 0 0 47 62 110 63
Back Oemcomma -3 5 62 31 1747 1685
Oemcomma Space -1 4 31 62 312 281
Space Space 0 0 62 16 171 109
Space Back 4 -9 16 78 624 608
Back LShiftKey -3 13 78 156 141 63
LShiftKey I 2 -8 156 63 140 -16
I Space -3 4 63 78 141 78
Space W 3 2 78 63 592 514
W O 0 -7 63 62 110 47
O U 0 2 62 62 140 78
U L -1 -2 62 63 187 125
L D 0 6 63 94 78 15
D Space -2 -1 94 63 109 15
Space D 2 1 63 94 437 374
D E 1 0 94 78 47 -47
E F -1 -1 78 78 265 187
F I 1 -4 78 62 125 47
I N -2 2 62 78 125 63
N I 2 -2 78 63 140 62
I E 0 5 63 78 406 343
E T 0 -2 78 78 1092 1014
T L -1 -4 78 62 109 31
L Y 1 3 62 47 125 63
Y Space -3 2 47 78 78 31
Space Back 4 -9 78 47 1466 1388
Back Back 0 0 47 62 125 78
Back Back 0 0 62 62 156 94
Back Back 0 0 62 62 125 63
Back Back 0 0 62 47 171 109
Back T -1 8 47 109 1685 1638
T E 0 2 109 93 63 -46
E L -1 -6 93 62 140 47
L Y 1 3 62 93 125 63
Y Space -3 2 93 78 93 0
Space V 1 0 78 94 624 546
V I 2 -4 94 63 125 31
I S -1 6 63 62 94 31
S I 1 -6 62 47 93 31
I T 0 3 47 62 94 47
T Space -3 1 62 78 109 47
Space Back 4 -9 78 31 1732 1654
Back Back 0 0 31 47 140 109
Back Back 0 0 47 172 125 78
Back Back 0 0 172 94 312 140
Back Back 0 0 94 62 172 78
Back Back 0 0 62 78 577 515
Back G -2 8 78 94 249 171
G P 1 -5 94 31 110 16
P Back 1 -3 31 78 670 639
Back O -1 4 78 78 266 188
O Space -3 5 78 78 156 78
Space T 3 -1 78 93 187 109
T O 0 -4 93 31 78 -15
O Space -3 5 31 93 125 94
Space LShiftKey 1 4 93 343 1591 1498
LShiftKey G 1 -5 343 62 265 -78
G R 1 1 62 93 203 141
R E 0 1 93 63 218 125
E E 0 0 63 46 141 78
E N -2 -3 46 62 62 16
N LShiftKey 0 6 62 125 437 375
LShiftKey L 1 -9 125 78 109 -16
L A 0 8 78 110 140 62
A N -1 -5 110 47 94 -16
N D 1 3 47 78 109 62
D Space -2 -1 78 78 3214 3136
Space Back 4 -9 78 78 6458 6380
Back L -2 4 78 78 390 312
L Left -2 -2 78 78 2762 2684
Left Left 0 0 78 94 561 483
Left Left 0 0 94 78 437 343
Left Space 0 7 78 78 3697 3619
Space A 2 3 78 124 375 297
A N -1 -5 124 62 109 -15
N D 1 3 62 109 109 47
D Space -2 -1 109 31 125 16
Space P 3 -6 31 62 2371 2340
P R 0 6 62 94 109 47
R O 0 -5 94 78 47 -47
O B -2 4 78 78 265 187
B A 1 4 78 109 94 16
A B -1 -4 109 47 93 -16
B L 1 -4 47 78 203 156
L Y 1 3 78 78 156 78
Y Back 1 -7 78 811 702 624
Back Back 0 0 811 94 1373 562
Back Back 0 0 94 78 156 62
Back A -2 12 78 94 4446 4368
A N -1 -5 94 78 78 -16
N D 1 3 78 78 140 62
D Space -2 -1 78 78 78 0
Space LShiftKey 1 4 78 171 2715 2637
LShiftKey A 1 -1 171 156 93 -78
A U 1 -6 156 62 219 63
U S -1 5 62 109 140 78
S T 1 -3 109 78 187 78
T R 0 1 78 109 188 110
R A -1 3 109 124 78 -31
A L 0 -8 124 62 234 110
L I 1 1 62 31 171 109
I A -1 7 31 78 63 32
A Space -2 -3 78 110 3166 3088
Space Back 4 -9 110 78 2153 2043
Back Space -4 9 78 32 577 499
Space B 1 -1 32 94 718 686
B E 2 2 94 78 109 15
E C -2 0 78 94 187 109
C A 1 2 94 125 78 -16
A U 1 -6 125 62 172 47
U S -1 5 62 78 78 16
S E 1 -1 78 93 172 94
E Space -3 -1 93 62 78 -15
Space T 3 -1 62 62 140 78
T H -1 -1 62 78 47 -15
H E 1 3 78 78 249 171
E Y 0 -3 78 63 125 47
Y Space -3 2 63 78 156 93
Space H 2 -2 78 62 141 63
H A 0 5 62 63 93 31
A V -1 -3 63 125 172 109
V E 2 1 125 78 62 -63
E Space -3 -1 78 62 94 16
Space L 2 -5 62 31 296 234
L O 1 0 31 78 718 687
O T 0 4 78 78 109 31
T S -1 3 78 62 312 234
S Space -2 -2 62 78 109 47
Space O 3 -5 78 62 203 125
O F -1 5 62 78 109 47
F Space -2 0 78 47 94 16
Space A 2 3 47 62 359 312
A M -1 -6 62 63 124 62
M A 1 6 63 94 78 15
A Oemplus 2 -11 94 47 1030 936
Oemplus Back 0 -1 47 62 827 780
Back Z -3 12 62 78 203 141
Z I 2 -7 78 109 93 15
I N -2 2 109 78 78 -31
N G 1 1 78 78 141 63
G Space -2 1 78 78 62 -16
Space P 3 -6 78 62 1794 1716
P A -1 9 62 124 94 32
A R 1 -3 124 31 156 32
R Back 1 -9 31 63 982 951
Back Back 0 0 63 78 156 93
Back Back 0 0 78 63 156 78
Back T -1 8 63 78 484 421
T R 0 1 78 109 172 94
R A -1 3 109 78 78 -31
A K 0 -7 78 47 218 140
K Space -2 4 47 78 172 125
Space Back 4 -9 78 47 639 561
Back Back 0 0 47 62 125 78
Back Back 0 0 62 62 125 63
Back E -1 10 62 78 749 687
E K -1 -5 78 62 109 31
K Space -2 4 62 78 140 78
Space O 3 -5 78 62 203 125
O A -1 8 62 93 172 110
A Back 2 -12 93 63 1450 1357
Back Back 0 0 63 47 125 62
Back P -1 3 47 63 702 655
P A -1 9 63 94 109 46
A T 1 -4 94 62 500 406
T H -1 -1 62 47 124 62
H S 0 4 47 62 94 47
S OemPeriod -1 -7 62 63 655 593
OemPeriod LShiftKey 0 9 63 62 43353 43290
LShiftKey I 2 -8 62 63 15 -47
I Space -3 4 63 93 141 78
Space S 2 2 93 78 639 546
S E 1 -1 78 47 234 156
E E 0 0 47 62 125 78
E Space -3 -1 62 125 577 515
Space T 3 -1 125 62 609 484
T H -1 -1 62 78 78 16
H A 0 5 78 125 62 -16
A T 1 -4 125 94 78 -47
T Space -3 1 94 62 78 -16
Space A 2 3 62 93 1217 1155
A Space -2 -3 93 62 109 16
Space L 2 -5 62 32 218 156
L O 1 0 32 78 656 624
O T 0 4 78 109 93 15
T Space -3 1 109 47 125 16
Space O 3 -5 47 78 281 234
O F -1 5 78 62 281 203
F Space -2 0 62 78 93 31
Space P 3 -6 78 63 265 187
P E 0 7 63 78 141 78
E O 0 -6 78 62 593 515
O P 0 -1 62 94 140 78
P L -1 1 94 63 62 -32
L E 1 6 63 78 78 15
E Space -3 -1 78 31 125 47
Space H 2 -2 31 47 125 94
H A 0 5 47 63 62 15
A V -1 -3 63 109 141 78
V E 2 1 109 94 62 -47
E Space -3 -1 94 47 78 -16
Space C 1 1 47 93 141 94
C O 2 -6 93 78 62 -31
O M -2 2 78 78 94 16
M E 2 4 78 46 156 78
E Space -3 -1 46 62 374 328
Space O 3 -5 62 78 187 125
O U 0 2 78 63 156 78
U T 0 2 63 78 78 15
T Space -3 1 78 62 63 -15
Space I 3 -4 62 110 124 62
I N -2 2 110 47 78 -32
N Space -1 2 47 62 110 63
Space T 3 -1 62 94 62 0
T H -1 -1 94 62 78 -16
H E 1 3 62 78 94 32
E Space -3 -1 78 47 62 -16
Space Back 4 -9 47 1809 12340 12293
Back Back 0 0 1809 78 1950 141
Back Back 0 0 78 47 187 109
Back Back 0 0 47 63 140 93
Back Back 0 0 63 171 141 78
Back Back 0 0 171 62 281 110
Back Back 0 0 62 62 140 78
Back Back 0 0 62 47 140 78
Back Back 0 0 47 62 250 203
Back Back 0 0 62 62 156 94
Back Space -4 9 62 63 530 468
Space Back 4 -9 63 78 562 499
Back T -1 8 78 78 874 796
T H -1 -1 78 63 124 46
H E 1 3 63 62 110 47
E Space -3 -1 62 93 31 -31
Space P 3 -6 93 93 546 453
P E 0 7 93 78 187 94
E O 0 -6 78 32 140 62
O P 0 -1 32 63 125 93
P L -1 1 63 47 125 62
L E 1 6 47 62 94 47
E Space -3 -1 62 63 93 31
Space I 3 -4 63 109 141 78
I N -2 2 109 47 93 -16
N Space -1 2 47 78 109 62
Space T 3 -1 78 78 156 78
T E 0 2 78 62 172 94
E Back 1 -10 62 62 1654 1592
Back H -2 7 62 62 1014 952
H E 1 3 62 63 124 62
E Space -3 -1 63 63 78 15
Space P 3 -6 63 78 328 265
P I 0 2 78 63 187 109
I C -2 5 63 110 109 46
C T 2 -2 110 78 219 109
T U 0 -2 78 62 125 47
U R 0 3 62 125 93 31
R E 0 1 125 109 63 -62
E Space -3 -1 109 62 109 0
Space H 2 -2 62 63 140 78
H A 0 5 63 109 78 15
A V -1 -3 109 125 187 78
V E 2 1 125 109 47 -78
E Space -3 -1 109 62 125 16
Space C 1 1 62 94 686 624
C O 2 -6 94 94 78 -16
O M -2 2 94 78 110 16
M E 2 4 78 62 109 31
E Space -3 -1 62 62 78 16
Space O 3 -5 62 62 125 63
O U 0 2 62 46 156 94
U T 0 2 46 78 109 63
T Space -3 1 78 63 62 -16
Space F 2 0 63 78 172 109
F O 1 -5 78 47 109 31
O R 0 5 47 78 62 15
R Space -3 0 78 78 141 63
Space Back 4 -9 78 46 2777 2699
Back Back 0 0 46 63 124 78
Back Back 0 0 63 109 141 78
Back Back 0 0 109 31 156 47
Back Back 0 0 31 78 390 359
Back Back 0 0 78 62 156 78
Back Back 0 0 62 62 156 94
Back Back 0 0 62 47 265 203
Back Back 0 0 47 31 156 109
Back Back 0 0 31 62 125 94
Back Back 0 0 62 62 156 94
Back Back 0 0 62 62 125 63
Back Back 0 0 62 47 140 78
Back T -1 8 47 94 1014 967
T A -1 4 94 109 78 -16
A K 0 -7 109 62 125 16
K E 1 5 62 78 93 31
E N -2 -3 78 47 78 0
N Space -1 2 47 63 156 109
Space A 2 3 63 78 47 -16
A Space -2 -3 78 63 109 31
Space D 2 1 63 94 484 421
D A 0 2 94 109 78 -16
A F 0 -3 109 47 421 312
F Back 2 -9 47 78 1217 1170
Back Y -1 7 78 62 94 16
Y Space -3 2 62 63 171 109
Space O 3 -5 63 62 203 140
O F -1 5 62 78 125 63
F F 0 0 78 93 125 47
F Space -2 0 93 78 93 0
Space A 2 3 78 62 2543 2465
A N -1 -5 62 62 94 32
N D 1 3 62 94 405 343
D Space -2 -1 94 47 125 31
Space C 1 1 47 78 530 483
C O 2 -6 78 140 63 -15
O M -2 2 140 62 109 -31
M E 2 4 62 62 156 94
E Space -3 -1 62 78 109 47
Space O 3 -5 78 62 203 125
O U 0 2 62 63 140 78
U T 0 2 63 78 125 62
T Space -3 1 78 78 109 31
Space A 2 3 78 156 546 468
A S 0 -1 156 94 78 -78
S Space -2 -2 94 63 125 31
Space A 2 3 63 78 109 46
A Space -2 -3 78 63 78 0
Space F 2 0 63 110 390 327
F A 0 3 110 94 78 -32
A M -1 -6 94 47 125 31
M I 2 -1 47 62 125 78
I L -1 -1 62 62 172 110
L Y 1 3 62 63 93 31
Y Space -3 2 63 78 94 31
Space T 3 -1 78 78 374 296
T O 0 -4 78 78 874 796
O Space -3 5 78 109 218 140
Space E 3 1 109 0 13697 13588
E N -2 -3 0 62 16 16
N J 1 -1 62 78 202 140
J O 1 -2 78 78 359 281
O Y 0 3 78 78 172 94
Y Space -3 2 78 78 93 15
Space T 3 -1 78 78 172 94
T H -1 -1 78 62 47 -31
H A 0 5 62 141 140 78
A T 1 -4 141 47 125 -16
T Oemplus 1 -7 47 62 1014 967
Oemplus Oemplus 0 0 62 94 109 47
Oemplus Back 0 -1 94 78 983 889
Back Back 0 0 78 62 156 78
Back Back 0 0 62 62 125 63
Back Back 0 0 62 63 140 78
Back Back 0 0 63 62 141 78
Back Back 0 0 62 62 156 94
Back N -3 7 62 78 546 484
N A 1 5 78 78 78 0
A T 1 -4 78 62 187 109
T U 0 -2 62 62 109 47
U R 0 3 62 140 78 16
R E 0 1 140 78 78 -62
E OemPeriod -2 -6 78 47 702 624
OemPeriod Space -1 5 47 62 172 125
Space LShiftKey 1 4 62 187 1201 1139
LShiftKey T 2 -5 187 31 187 0
T H -1 -1 31 62 936 905
H E 1 3 62 109 78 16
E R 0 -1 109 140 94 -15
R E 0 1 140 124 78 -62
E Space -3 -1 124 62 140 16
Space A 2 3 62 172 780 718
A R 1 -3 172 125 156 -16
R E 0 1 125 78 78 -47
E Space -3 -1 78 78 94 16
Space A 2 3 78 109 78 0
A Space -2 -3 109 47 93 -16
Space F 2 0 47 94 343 296
F E 1 1 94 78 156 62
E W 0 1 78 47 1264 1186
W Space -3 -2 47 63 109 62
Space F 2 0 63 109 172 109
F A 0 3 109 63 93 -16
A M -1 -6 63 62 110 47
M I 2 -1 62 62 140 78
I L -1 -1 62 62 156 94
L I 1 1 62 62 203 141
I E 0 5 62 62 125 63
E S -1 1 62 78 171 109
S Space -2 -2 78 62 94 16
Space T 3 -1 62 78 109 47
T H -1 -1 78 63 62 -16
H A 0 5 63 125 78 15
A T 1 -4 125 78 94 -31
T Space -3 1 78 62 78 0
Space H 2 -2 62 47 1451 1389
H A 0 5 47 63 62 15
A V -1 -3 63 93 172 109
V E 2 1 93 109 31 -62
E Space -3 -1 109 78 94 -15
Space P 3 -6 78 62 577 499
P I 0 2 62 62 156 94
I T 0 3 62 78 140 78
T C -2 2 78 62 219 141
C H 1 -3 62 47 93 31
H E 1 3 47 109 94 47
E D -1 0 109 78 62 -47
D Space -2 -1 78 63 109 31
Space U 3 -3 63 62 640 577
U P 0 -3 62 63 218 156
P Space -3 6 63 94 203 140
Space T 3 -1 94 78 952 858
T E 0 2 78 93 125 47
E N -2 -3 93 78 187 94
N T 2 1 78 63 140 62
T S -1 3 63 78 63 0
S Space -2 -2 78 94 124 46
Space A 2 3 94 62 1826 1732
A N -1 -5 62 62 78 16
N D 1 3 62 63 124 62
D Space -2 -1 63 63 47 -16
Space H 2 -2 63 78 156 93
H A 0 5 78 62 94 16
A V -1 -3 62 93 125 63
V I 2 -4 93 125 109 16
I N -2 2 125 62 78 -47
N G 1 1 62 93 78 16
G Space -2 1 93 62 109 16
Space A 2 3 62 94 218 156
A Space -2 -3 94 62 110 16
Space P 3 -6 62 78 468 406
P C -2 7 78 63 202 124
C Back 3 -10 63 62 890 827
Back I -1 5 62 62 265 203
I C -2 5 62 93 125 63
C N 0 -3 93 78 234 141
N I 2 -2 78 63 124 46
I C -2 5 63 63 156 93
C Space -1 -1 63 78 125 62
Space I 3 -4 78 125 1201 1123
I N -2 2 125 46 110 -15
N Space -1 2 46 47 140 94
Space T 3 -1 47 93 125 78
T H -1 -1 93 78 47 -46
H E 1 3 78 78 187 109
E Space -3 -1 78 78 31 -47
Space O 3 -5 78 47 515 437
O P 0 -1 47 63 140 93
P E 0 7 63 47 125 62
E N -2 -3 47 47 109 62
N Space -1 2 47 78 141 94
Space Back 4 -9 78 905 1747 1669
Back Back 0 0 905 63 1029 124
Back Back 0 0 63 47 156 93
Back Back 0 0 47 63 156 109
Back Back 0 0 63 63 125 62
Back Back 0 0 63 62 437 374
Back OemPeriod -3 4 62 0 10702 10640
OemPeriod Space -1 5 0 62 62 62
Space LShiftKey 1 4 62 202 328 266
LShiftKey T 2 -5 202 63 171 -31
T H -1 -1 63 78 156 93
H E 1 3 78 93 63 -15
E R 0 -1 93 140 78 -15
R E 0 1 140 94 93 -47
E Space -3 -1 94 78 94 0
Space A 2 3 78 156 109 31
A R 1 -3 156 125 78 -78
R E 0 1 125 125 62 -63
E Space -3 -1 125 62 110 -15
Space A 2 3 62 78 265 203
A L 0 -8 78 78 125 47
L O 1 0 78 62 156 78
O S -1 7 62 63 124 62
S Space -2 -2 63 78 125 62
Space Back 4 -9 78 63 577 499
Back Back 0 0 63 47 141 78
Back Back 0 0 47 78 109 62
Back Back 0 0 78 812 296 218
Back Back 0 0 812 63 983 171
Back E -1 10 63 110 889 826
E R 0 -1 110 140 94 -16
R E 0 1 140 93 94 -46
E Space -3 -1 93 93 109 16
Space A 2 3 93 187 608 515
A R 1 -3 187 110 187 0
R E 0 1 110 78 63 -47
E Space -3 -1 78 62 125 47
Space A 2 3 62 109 62 0
A Space -2 -3 109 62 125 16
Space Oemplus 4 -8 62 78 499 437
Oemplus Back 0 -1 78 46 640 562
Back Back 0 0 46 63 124 78
Back Back 0 0 63 31 297 234
Back Back 0 0 31 78 7145 7114
Back Back 0 0 78 63 171 93
Back Back 0 0 63 47 156 93
Back Back 0 0 47 78 125 78
Back I -1 5 78 78 562 484
I S -1 6 78 93 156 78
S Space -2 -2 93 62 62 -31
Space O 3 -5 62 110 140 78
O N -2 3 110 78 94 -16
N E 2 3 78 94 187 109
E Space -3 -1 94 63 156 62
Space F 2 0 63 93 250 187
F A 0 3 93 109 62 -31
A Back 2 -12 109 32 1669 1560
Back Back 0 0 32 47 141 109
Back G -2 8 47 62 577 530
G R 1 1 62 63 187 125
R O 0 -5 63 62 94 31
O U 0 2 62 47 171 109
U P 0 -3 47 62 172 125
P Space -3 6 62 62 172 110
Space O 3 -5 62 62 140 78
O F -1 5 62 63 140 78
F Space -2 0 63 93 344 281
Space P 3 -6 93 63 358 265
P O 0 1 63 31 16 -47
O E 0 6 31 62 94 63
E O 0 -6 62 46 78 16
O P 0 -1 46 47 171 125
P Back 1 -3 47 62 2200 2153
Back Back 0 0 62 63 140 78
Back Back 0 0 63 62 172 109
Back Back 0 0 62 62 827 765
Back E -1 10 62 63 452 390
E O 0 -6 63 63 109 46
O P 0 -1 63 62 188 125
P L -1 1 62 93 31 -31
L E 1 6 93 47 140 47
E S -1 1 47 47 187 140
S Back 2 -11 47 78 765 718
Back Space -4 9 78 78 218 140
Space T 3 -1 78 78 172 94
T Back 1 -8 78 94 717 639
Back Back 0 0 94 827 1295 1201
Back Back 0 0 827 47 1342 515
Back Back 0 0 47 63 140 93
Back Back 0 0 63 78 156 93
Back Back 0 0 78 62 172 94
Back Back 0 0 62 63 140 78
Back Back 0 0 63 62 141 78
Back Back 0 0 62 47 140 78
Back Back 0 0 47 47 156 109
Back Back 0 0 47 62 125 78
Back F -2 9 62 109 530 468
F A 0 3 109 94 78 -31
A M -1 -6 94 63 109 15
M I 2 -1 63 62 110 47
I L -1 -1 62 62 187 125
L Y 1 3 62 78 93 31
Y Space -3 2 78 94 94 16
Space W 3 2 94 0 14212 14118
W H -1 -4 0 32 46 46
H I 1 -2 32 62 141 109
I C -2 5 62 62 109 47
C H 1 -3 62 94 62 0
H Space -2 2 94 47 63 -31
Space I 3 -4 47 78 140 93
I S -1 6 78 78 94 16
S Space -2 -2 78 62 109 31
Space P 3 -6 62 63 2558 2496
P I 0 2 63 62 172 109
I T 0 3 62 63 218 156
T C -2 2 63 62 219 156
C H 1 -3 62 62 78 16
H I 1 -2 62 94 140 78
I N -2 2 94 78 47 -47
N G 1 1 78 62 78 0
G Space -2 1 62 31 109 47
Space U 3 -3 31 63 156 125
U P 0 -3 63 78 203 140
P Space -3 6 78 78 187 109
Space A 2 3 78 109 125 47
A Space -2 -3 109 46 94 -15
Space T 3 -1 46 78 312 266
T E 0 2 78 78 62 -16
E N -2 -3 78 94 234 156
N T 2 1 94 93 172 78
T Space -3 1 93 78 124 31
Space I 3 -4 78 62 14774 14696
I N -2 2 62 16 46 -16
N Space -1 2 16 78 94 78
Space T 3 -1 78 78 94 16
T H -1 -1 78 62 62 -16
H E 1 3 62 78 94 32
E Space -3 -1 78 47 62 -16
Space P 3 -6 47 63 421 374
P I 0 2 63 63 187 124
I C -2 5 63 109 94 31
C T 2 -2 109 78 218 109
T U 0 -2 78 62 94 16
U R 0 3 62 125 109 47
R E 0 1 125 62 63 -62
E OemPeriod -2 -6 62 46 546 484
OemPeriod Space -1 5 46 78 109 63
Space LShiftKey 1 4 78 141 93 15
LShiftKey I 2 -8 141 78 78 -63
I Space -3 4 78 62 141 63
Space A 2 3 62 93 749 687
A L 0 -8 93 62 140 47
L S 0 7 62 78 125 63
S O 1 -7 78 63 62 -16
O Space -3 5 63 63 156 93
Space S 2 2 63 78 203 140
S E 1 -1 78 47 187 109
E E 0 0 47 47 125 78
E Space -3 -1 47 93 203 156
Space A 2 3 93 78 156 63
A Space -2 -3 78 94 93 15
Space S 2 2 94 78 4821 4727
S O 1 -7 78 78 62 -16
O M -2 2 78 94 125 47
M E 2 4 94 62 156 62
E Space -3 -1 62 78 94 32
Space P 3 -6 78 62 421 343
P E 0 7 62 62 125 63
E O 0 -6 62 62 530 468
O P 0 -1 62 78 156 94
P L -1 1 78 63 62 -16
L E 1 6 63 78 78 15
E Space -3 -1 78 63 125 47
Space F 2 0 63 94 1669 1606
F I 1 -4 94 63 78 -16
I S -1 6 63 62 110 47
S H 0 -4 62 46 78 16
H I 1 -2 46 109 140 94
I N -2 2 109 62 78 -31
N G 1 1 62 78 109 47
G Space -2 1 78 47 94 16
Space F 2 0 47 63 171 124
F O 1 -5 63 78 78 15
O R 0 5 78 62 110 32
R Space -3 0 62 31 93 31
Space M 1 -3 31 62 359 328
M E 2 4 62 94 78 16
E R 0 -1 94 78 328 234
R M -2 -3 78 62 2995 2917
M A 1 6 62 78 93 31
A I 1 -7 78 47 94 16
I D -1 5 47 93 250 203
D S 0 1 93 47 140 47
S Space -2 -2 47 78 125 78
Space P 3 -6 78 62 827 749
P R 0 6 62 94 124 62
R O 0 -5 94 78 63 -31
O B -2 4 78 62 234 156
B A 1 4 62 93 156 94
A B -1 -4 93 78 109 16
B L 1 -4 78 78 203 125
L Y 1 3 78 78 140 62
Y RShiftKey -2 -5 78 141 936 858
RShiftKey OemQuestion 0 1 141 94 47 -94
OemQuestion Space -1 6 94 63 530 436
Space Back 4 -9 63 94 827 764
Back Space -4 9 94 78 1373 1279
Space LShiftKey 1 4 78 140 125 47
LShiftKey I 2 -8 140 78 78 -62
I Space -3 4 78 78 187 109
Space D 2 1 78 63 296 218
D O 1 -6 63 62 94 31
O N -2 3 62 78 78 16
N T 2 1 78 78 156 78
T Back 1 -8 78 94 889 811
Back Oem1 -2 3 94 78 281 187
Oem1 T 1 5 78 78 94 16
T Space -3 1 78 62 109 31
Space K 2 -4 62 47 218 156
K Back 2 -5 47 62 718 671
Back Back 0 0 62 47 140 78
Back Back 0 0 47 62 125 78
Back Back 0 0 62 63 140 78
Back Oem7 -2 2 63 63 749 686
Oem7 Back 2 -2 63 62 4961 4898
Back Back 0 0 62 62 125 63
Back Back 0 0 62 63 2402 2340
Back Back 0 0 63 78 125 62
Back Back 0 0 78 78 140 62
Back Back 0 0 78 78 156 78
Back Back 0 0 78 62 141 63
Back Back 0 0 62 78 10062 10000
Back LShiftKey -3 13 78 234 5304 5226
LShiftKey T 2 -5 234 62 265 31
T H -1 -1 62 78 140 78
H E 1 3 78 93 63 -15
E R 0 -1 93 140 78 -15
R E 0 1 140 62 125 -15
E Space -3 -1 62 62 31 -31
Space A 2 3 62 156 109 47
A R 1 -3 156 124 94 -62
R E 0 1 124 78 78 -46
E Space -3 -1 78 62 62 -16
Space Back 4 -9 62 655 577 515
Back Back 0 0 655 47 1576 921
Back Back 0 0 47 63 140 93
Back Back 0 0 63 63 156 93
Back Back 0 0 63 78 125 62
Back Back 0 0 78 94 140 62
Back LShiftKey -3 13 94 249 453 359
LShiftKey T 2 -5 249 78 218 -31
T H -1 -1 78 78 156 78
H E 1 3 78 109 63 -15
E R 0 -1 109 124 78 -31
R E 0 1 124 94 93 -31
E Space -3 -1 94 62 63 -31
Space A 2 3 62 140 109 47
A R 1 -3 140 140 78 -62
R E 0 1 140 93 78 -62
E Space -3 -1 93 62 125 32
Space A 2 3 62 78 171 109
A Back 2 -12 78 795 1420 1342
Back Back 0 0 795 78 905 110
Back Back 0 0 78 46 156 78
Back Back 0 0 46 62 156 110
Back Back 0 0 62 47 140 78
Back Back 0 0 47 62 125 78
Back Back 0 0 62 62 265 203
Back Space -4 9 62 78 359 297
Space LShiftKey 1 4 78 156 109 31
LShiftKey I 2 -8 156 62 78 -78
I Space -3 4 62 63 140 78
Space A 2 3 63 125 63 0
A Oemplus 2 -11 125 63 686 561
Oemplus Back 0 -1 63 62 562 499
Back Back 0 0 62 63 140 78
Back C -3 10 63 93 843 780
C A 1 2 93 109 31 -62
A Back 2 -12 109 47 717 608
Back Back 0 0 47 78 281 234
Back S -2 11 78 78 234 156
S E 1 -1 78 47 203 125
E E 0 0 47 78 109 62
E Space -3 -1 78 78 141 63
Space S 2 2 78 78 218 140
S O 1 -7 78 110 62 -16
O M -2 2 110 62 110 0
M E 2 4 62 78 93 31
E Space -3 -1 78 62 94 16
Space C 1 1 62 125 2714 2652
C A 1 2 125 94 94 -31
A R 1 -3 94 125 156 62
R A -1 3 125 78 187 62
A V -1 -3 78 93 1264 1186
V A 1 3 93 109 62 -31
A N -1 -5 109 62 172 63
N S 1 4 62 62 109 47
S Space -2 -2 62 78 94 32
Space H 2 -2 78 109 187 109
H A 0 5 109 93 156 47
A V -1 -3 93 109 187 94
V E 2 1 109 109 47 -62
E Back 1 -10 109 63 1029 920
Back Back 0 0 63 63 125 62
Back Back 0 0 63 62 141 78
Back Back 0 0 62 63 124 62
Back H -2 7 63 62 1576 1513
H A 0 5 62 94 109 47
A V -1 -3 94 94 187 93
V E 2 1 94 109 32 -62
E Space -3 -1 109 78 93 -16
Space P 3 -6 78 62 281 203
P U 0 3 62 47 203 141
U L -1 -2 47 46 203 156
L L 0 0 46 47 124 78
L E 1 6 47 125 63 16
E D -1 0 125 94 62 -63
D Space -2 -1 94 62 47 -47
Space O 3 -5 62 62 172 110
O V -2 5 62 78 187 125
V E 2 1 78 172 62 -16
E R 0 -1 172 124 141 -31
R Space -3 0 124 62 109 -15
Space O 3 -5 62 63 171 109
O N -2 3 63 62 141 78
N Space -1 2 62 62 187 125
Space T 3 -1 62 78 125 63
T H -1 -1 78 62 47 -31
H E 1 3 62 94 93 31
E Space -3 -1 94 46 63 -31
Space O 3 -5 46 78 156 110
O T 0 4 78 78 436 358
T H -1 -1 78 62 94 16
H E 1 3 62 125 78 16
E R 0 -1 125 94 78 -47
R Space -3 0 94 62 78 -16
Space S 2 2 62 78 140 78
S I 1 -6 78 78 63 -15
I D -1 5 78 156 171 93
D E 1 0 156 94 78 -78
E Space -3 -1 94 63 78 -16
Space O 3 -5 63 78 125 62
O F -1 5 78 94 125 47
F Space -2 0 94 78 78 -16
Space T 3 -1 78 94 140 62
T H -1 -1 94 78 32 -62
H E 1 3 78 94 93 15
E Space -3 -1 94 62 47 -47
Space R 3 0 62 63 1076 1014
R I 0 -4 63 62 94 31
I V -2 4 62 94 109 47
V E 2 1 94 187 63 -31
E R 0 -1 187 109 156 -31
R OemPeriod -2 -5 109 47 9781 9672
OemPeriod Space -1 5 47 93 125 78
Space LShiftKey 1 4 93 171 156 63
LShiftKey T 2 -5 171 63 124 -47
T H -1 -1 63 94 156 93
H E 1 3 94 78 78 -16
E R 0 -1 78 140 32 -46
R E 0 1 140 93 109 -31
E Space -3 -1 93 47 78 -15
Space A 2 3 47 156 140 93
A R 1 -3 156 93 94 -62
R E 0 1 93 78 47 -46
E Space -3 -1 78 78 93 15
Space A 2 3 78 78 312 234
A L 0 -8 78 62 125 47
L O 1 0 62 62 156 94
O S -1 7 62 62 94 32
S Space -2 -2 62 93 421 359
Space Oemplus 4 -8 93 47 343 250
Oemplus Back 0 -1 47 78 671 624
Back Back 0 0 78 63 140 62
Back Back 0 0 63 62 141 78
Back Back 0 0 62 78 124 62
Back S -2 11 78 78 593 515
S O 1 -7 78 63 109 31
O Space -3 5 63 78 390 327
Space B 1 -1 78 78 453 375
B O 2 -4 78 78 171 93
O Y 0 3 78 62 219 141
Y Space -3 2 62 63 3338 3276
Space Back 4 -9 63 94 749 686
Back S -2 11 94 78 234 140
S Space -2 -2 78 63 140 62
Space S 2 2 63 62 188 125
S C -1 -1 62 94 218 156
C O 2 -6 94 62 156 62
O U 0 2 62 46 172 110
U T 0 2 46 109 171 125
T S -1 3 109 78 94 -15
S Space -2 -2 78 63 93 15
Space O 3 -5 63 63 1217 1154
O N -2 3 63 47 109 46
N Space -1 2 47 63 125 78
Space T 3 -1 63 62 94 31
T H -1 -1 62 63 62 0
H E 1 3 63 78 63 0
E Space -3 -1 78 62 62 -16
Space Back 4 -9 62 62 952 890
Back Back 0 0 62 46 156 94
Back Back 0 0 46 47 124 78
Back H -2 7 47 78 780 733
H A 0 5 78 125 78 0
A T 1 -4 125 94 94 -31
T Space -3 1 94 47 109 15
Space S 2 2 47 78 172 125
S I 1 -6 78 78 62 -16
I D -1 5 78 156 125 47
D E 1 0 156 109 78 -78
E Space -3 -1 109 62 94 -15
Space Back 4 -9 62 63 795 733
Back Back 0 0 63 63 156 93
Back Back 0 0 63 63 156 93
Back Back 0 0 63 62 125 62
Back Back 0 0 62 47 140 78
Back Back 0 0 47 62 141 94
Back Back 0 0 62 63 140 78
Back Back 0 0 63 46 141 78
Back E -1 10 46 78 140 94
E Space -3 -1 78 78 109 31
Space S 2 2 78 78 172 94
S A 0 1 78 63 374 296
A M -1 -6 63 63 78 15
M E 2 4 63 62 125 62
E Space -3 -1 62 47 78 16
Space S 2 2 47 78 156 109
S I 1 -6 78 62 94 16
I D -1 5 62 141 171 109
D E 1 0 141 78 78 -63
E Space -3 -1 78 15 94 16
Space O 3 -5 15 62 109 94
O F -1 5 62 94 78 16
F Space -2 0 94 62 78 -16
Space H 2 -2 62 63 140 78
H T 1 1 63 47 16 -47
T E 0 2 47 78 62 15
E Space -3 -1 78 47 94 16
Space Back 4 -9 47 63 842 795
Back Back 0 0 63 62 141 78
Back Back 0 0 62 62 156 94
Back Back 0 0 62 62 125 63
Back T -1 8 62 63 358 296
T H -1 -1 63 63 78 15
H E 1 3 63 62 110 47
E Space -3 -1 62 62 78 16
Space R 3 0 62 62 1544 1482
R I 0 -4 62 63 140 78
I V -2 4 63 93 110 47
V E 2 1 93 187 78 -15
E R 0 -1 187 94 140 -47
R OemPeriod -2 -5 94 63 811 717
OemPeriod Back 3 -4 63 93 3417 3354
Back Space -4 9 93 62 5210 5117
Space LShiftKey 1 4 62 156 94 32
LShiftKey I 2 -8 156 47 93 -63
I Space -3 4 47 62 141 94
Space C 1 1 62 94 93 31
C A 1 2 94 109 47 -47
A N -1 -5 109 78 94 -15
N Space -1 2 78 78 62 -16
Space S 2 2 78 94 140 62
S E 1 -1 94 46 188 94
E E 0 0 46 47 140 94
E Space -3 -1 47 93 94 47
Space T 3 -1 93 62 374 281
T H -1 -1 62 62 78 16
H A 0 5 62 110 62 0
A T 1 -4 110 63 78 -32
T Space -3 1 63 31 110 47
Space S 2 2 31 78 140 109
S O 1 -7 78 94 109 31
O M -2 2 94 63 109 15
M E 2 4 63 62 94 31
E Space -3 -1 62 63 109 47
Space O 3 -5 63 47 3292 3229
O F -1 5 47 78 93 46
F Space -2 0 78 63 78 0
Space T 3 -1 63 109 125 62
T H -1 -1 109 63 31 -78
H E 1 3 63 94 94 31
E Space -3 -1 94 63 62 -32
Space P 3 -6 63 47 687 624
P E 0 7 47 62 78 31
E O 0 -6 62 62 125 63
O P 0 -1 62 110 124 62
P L -1 1 110 94 78 -32
L E 1 6 94 78 125 31
E Space -3 -1 78 78 94 16
Space A 2 3 78 141 93 15
A R 1 -3 141 93 110 -31
R E 0 1 93 78 62 -31
E Space -3 -1 78 63 62 -16
Space Back 4 -9 63 1217 484 421
Back Back 0 0 1217 46 1342 125
Back Space -4 9 46 62 499 453
Space P 3 -6 62 63 249 187
P E 0 7 63 62 188 125
E O 0 -6 62 32 46 -16
O P 0 -1 32 125 141 109
P L -1 1 125 78 109 -16
L E 1 6 78 63 140 62
E Space -3 -1 63 63 78 15
Space A 2 3 63 109 94 31
A R 1 -3 109 124 94 -15
R E 0 1 124 47 93 -31
E Space -3 -1 47 47 47 0
Space W 3 2 47 46 2512 2465
W A -1 1 46 109 109 63
A L 0 -8 109 63 140 31
L K 0 1 63 62 562 499
K I 1 0 62 109 140 78
I N -2 2 109 78 78 -31
N G 1 1 78 78 94 16
G Space -2 1 78 63 93 15
Space B 1 -1 63 46 812 749
B U 2 -2 46 47 452 406
U Back 1 -6 47 78 780 733
Back Y -1 7 78 46 328 250
Y Space -3 2 46 63 171 125
Space T 3 -1 63 78 78 15
T H -1 -1 78 78 94 16
H E 1 3 78 78 62 -16
E Space -3 -1 78 78 78 0
Space B 1 -1 78 63 343 265
B A 1 4 63 78 344 281
A N -1 -5 78 62 140 62
N K 1 -2 62 78 140 78
K S 0 6 78 78 141 63
S Space -2 -2 78 63 93 15
Space O 3 -5 63 62 141 78
O F -1 5 62 78 109 47
F Space -2 0 78 78 62 -16
Space T 3 -1 78 109 141 63
T H -1 -1 109 94 31 -78
H E 1 3 94 94 78 -16
E Space -3 -1 94 94 62 -32
Space R 3 0 94 78 250 156
R I 0 -4 78 93 640 562
I V -2 4 93 63 124 31
V E 2 1 63 156 94 31
E R 0 -1 156 78 125 -31
R OemPeriod -2 -5 78 0 10577 10499
OemPeriod Space -1 5 0 93 78 78
Space LShiftKey 1 4 93 171 5772 5679
LShiftKey T 2 -5 171 62 156 -15
T H -1 -1 62 78 156 94
H E 1 3 78 94 15 -63
E R 0 -1 94 156 78 -16
R E 0 1 156 110 109 -47
E Space -3 -1 110 62 94 -16
Space A 2 3 62 140 94 32
A R 1 -3 140 109 78 -62
R E 0 1 109 125 31 -78
E Space -3 -1 125 78 109 -16
Space A 2 3 78 109 624 546
A K 0 -7 109 78 172 63
K S 0 6 78 63 327 249
S I 1 -6 63 63 78 15
I Back 1 -5 63 62 593 530
Back Back 0 0 62 63 140 78
Back Back 0 0 63 78 125 62
Back Back 0 0 78 63 156 78
Back Back 0 0 63 62 141 78
Back Back 0 0 62 62 140 78
Back Back 0 0 62 78 125 63
Back Back 0 0 78 62 156 78
Back Back 0 0 62 63 140 78
Back Back 0 0 63 62 141 78
Back Back 0 0 62 47 140 78
Back Back 0 0 47 63 140 93
Back Back 0 0 63 62 141 78
Back Back 0 0 62 62 156 94
Back LShiftKey -3 13 62 187 6973 6911
LShiftKey I 2 -8 187 62 156 -31
I Space -3 4 62 62 156 94
Space S 2 2 62 46 94 32
S E 1 -1 46 47 171 125
E E 0 0 47 62 125 78
E Space -3 -1 62 109 109 47
Space A 2 3 109 78 562 453
A Space -2 -3 78 78 109 31
Space Back 4 -9 78 78 4274 4196
Back Back 0 0 78 78 156 78
Back T -1 8 78 78 593 515
T H -1 -1 78 62 125 47
H R 1 2 62 62 125 63
R E 0 1 62 63 171 109
E E 0 0 63 94 78 15
E Space -3 -1 94 78 1139 1045
Space P 3 -6 78 62 4696 4618
P E 0 7 62 78 125 63
E R 0 -1 78 47 78 0
R S -1 2 47 46 125 78
S O 1 -7 46 31 78 32
O N -2 3 31 63 93 62
N S 1 4 63 78 63 0
S Space -2 -2 78 94 124 46
Space C 1 1 94 63 1326 1232
C Y 2 -3 63 63 125 62
Y C -2 3 63 63 187 124
C L 1 -6 63 47 141 78
L I 1 1 47 109 125 78
I N -2 2 109 93 78 -31
N Space -1 2 93 78 156 63
Space O 3 -5 78 47 171 93
O N -2 3 47 47 125 78
N Back 3 -7 47 47 1092 1045
Back Back 0 0 47 62 125 78
Back Back 0 0 62 62 125 63
Back F -2 9 62 93 468 406
F Space -2 0 93 62 140 47
Space O 3 -5 62 78 187 125
O Back 1 -4 78 31 468 390
Back Back 0 0 31 63 187 156
Back Back 0 0 63 63 125 62
Back F -2 9 63 62 609 546
F Back 2 -9 62 62 374 312
Back G -2 8 62 62 125 63
G Space -2 1 62 62 187 125
Space O 3 -5 62 109 156 94
O N -2 3 109 62 94 -15
N T 2 1 62 93 156 94
T H -1 -1 93 94 62 -31
H E 1 3 94 78 125 31
E Space -3 -1 78 78 62 -16
Space Back 4 -9 78 63 499 421
Back Back 0 0 63 78 141 78
Back Back 0 0 78 78 125 47
Back Back 0 0 78 62 140 62
Back Back 0 0 62 63 140 78
Back N -3 7 63 62 687 624
N Space -1 2 62 62 156 94
Space T 3 -1 62 78 78 16
T H -1 -1 78 78 62 -16
H E 1 3 78 93 63 -15
E Space -3 -1 93 62 109 16
Space T 3 -1 62 63 374 312
T R 0 1 63 78 172 109
R A -1 3 78 93 78 0
A C -1 -2 93 78 234 141
C K 1 -5 78 94 171 93
K Back 2 -5 94 46 3542 3448
Back Back 0 0 46 62 140 94
Back Back 0 0 62 63 140 78
Back Back 0 0 63 47 156 93
Back Back 0 0 47 62 141 94
Back Back 0 0 62 63 140 78
Back Back 0 0 63 62 125 62
Back Back 0 0 62 31 156 94
Back Back 0 0 31 78 109 78
Back Back 0 0 78 63 156 78
Back Back 0 0 63 78 187 124
Back Back 0 0 78 93 219 141
Back Back 0 0 93 78 281 188
Back OemPeriod -3 4 78 63 826 748
OemPeriod Space -1 5 63 47 2637 2574
Space LShiftKey 1 4 47 156 4820 4773
LShiftKey T 2 -5 156 62 141 -15
T H -1 -1 62 62 156 94
H E 1 3 62 78 62 0
E R 0 -1 78 156 62 -16
R E 0 1 156 109 125 -31
E Space -3 -1 109 94 125 16
Space A 2 3 94 156 203 109
A R 1 -3 156 125 109 -47
R E 0 1 125 109 31 -94
E Space -3 -1 109 94 125 16
Space A 2 3 94 109 156 62
A L 0 -8 109 78 686 577
L O 1 0 78 31 172 94
O S -1 7 31 78 47 16
S Space -2 -2 78 62 109 31
Space A 2 3 62 78 78 16
A Space -2 -3 78 63 109 31
Space Back 4 -9 63 62 2902 2839
Back Back 0 0 62 78 140 78
Back Back 0 0 78 78 156 78
Back Back 0 0 78 62 141 63
Back Back 0 0 62 62 390 328
Back S -2 11 62 78 405 343
S O 1 -7 78 62 94 16
O Space -3 5 62 63 171 109
Space A 2 3 63 78 63 0
A Space -2 -3 78 78 93 15
Space F 2 0 78 125 359 281
F E 1 1 125 78 109 -16
E W 0 1 78 63 203 125
W Space -3 -2 63 47 125 62
Space P 3 -6 47 78 156 109
P O 0 1 78 46 16 -62
O E 0 6 46 62 109 63
E Back 1 -10 62 32 1263 1201
Back Back 0 0 32 62 110 78
Back E -1 10 62 62 499 437
E O 0 -6 62 62 203 141
O P 0 -1 62 78 140 78
P L -1 1 78 78 31 -47
L E 1 6 78 78 109 31
E Space -3 -1 78 47 94 16
Space O 3 -5 47 141 109 62
O N -2 3 141 63 109 -32
N Space -1 2 63 78 110 47
Space A 2 3 78 78 436 358
A Space -2 -3 78 63 78 0
Space B 1 -1 63 93 219 156
B O 2 -4 93 62 203 110
O A -1 8 62 125 280 218
A T 1 -4 125 78 219 94
T Space -3 1 78 78 1763 1685
Space H 2 -2 78 46 6162 6084
H Back 2 -7 46 78 3759 3713
Back Back 0 0 78 78 141 63
Back Space -4 9 78 78 1466 1388
Space A 2 3 78 125 78 0
A N -1 -5 125 93 94 -31
N D 1 3 93 94 124 31
D Space -2 -1 94 78 78 -16
Space T 3 -1 78 93 219 141
T H -1 -1 93 62 109 16
H E 1 3 62 78 125 63
E Y 0 -3 78 78 483 405
Y Space -3 2 78 93 141 63
Space S 2 2 93 63 140 47
S E 1 -1 63 47 187 124
E E 0 0 47 47 125 78
E M -2 -4 47 63 109 62
M Space -1 3 63 47 141 78
Space L 2 -5 47 78 140 93
L I 1 1 78 63 156 78
I K -1 0 63 78 156 93
K E 1 5 78 78 63 -15
E Space -3 -1 78 63 93 15
Space T 3 -1 63 93 141 78
T H -1 -1 93 47 109 16
H E 1 3 47 78 62 15
E Y 0 -3 78 63 109 31
Y Space -3 2 63 109 141 78
Space A 2 3 109 125 93 -16
A R 1 -3 125 109 94 -31
R E 0 1 109 46 94 -15
E Space -3 -1 46 78 62 16
Space S 2 2 78 63 374 296
S H 0 -4 63 62 110 47
H O 1 -3 62 63 202 140
O W 0 7 63 93 375 312
W I 0 -6 93 125 62 -31
I N -2 2 125 109 63 -62
N G 1 1 109 110 124 15
G Space -2 1 110 62 94 -16
Space Back 4 -9 62 811 6396 6334
Back Back 0 0 811 31 1061 250
Back E -1 10 31 62 827 796
E Space -3 -1 62 63 124 62
Space W 3 2 63 62 188 125
W A -1 1 62 78 124 62
A V -1 -3 78 62 4306 4228
V Y 2 -2 62 47 109 47
Y Back 1 -7 47 62 1186 1139
Back I -1 5 62 125 249 187
I N -2 2 125 94 94 -31
N G 1 1 94 78 78 -16
G Space -2 1 78 78 78 0
Space A 2 3 78 78 593 515
A T 1 -4 78 63 2792 2714
T Space -3 1 63 78 125 62
Space O 3 -5 78 62 515 437
O T 0 4 62 93 78 16
T H -1 -1 93 63 140 47
H E 1 3 63 94 47 -16
E R 0 -1 94 141 62 -32
R S -1 2 141 47 125 -16
S OemPeriod -1 -7 47 94 780 733
OemPeriod G 1 4 94 0 59468 59374
G M -1 -2 0 78 0 0
M A 1 6 78 63 124 46
A I 1 -7 63 62 63 0
I Return -1 -4 62 63 1029 967
Return R 1 8 63 78 8534 8471
R N -2 -2 78 78 187 109
N A 1 5 78 94 93 15
A Y 1 -5 94 0 375 281
Y A -1 5 0 0 0 0
A K 0 -7 0 78 827 827
K LShiftKey -1 8 78 406 405 327
LShiftKey D2 3 -2 406 125 312 -94
D2 B -3 -3 125 63 265 140
B U 2 -2 63 78 110 47
U F -1 3 78 63 124 46
F F 0 0 63 78 125 62
F A 0 3 78 109 94 16
A L 0 -8 109 46 125 16
L O 1 0 46 62 109 63
O OemPeriod -2 0 62 47 187 125
OemPeriod E 2 6 47 93 94 47
E D -1 0 93 78 156 63
D U 1 -4 78 46 156 78
U R 0 3 46 63 4258 4212
R N -2 -2 63 78 172 109
N A 1 5 78 62 78 0
A Y 1 -5 62 78 94 32
Y A -1 5 78 47 93 15
A K 0 -7 47 63 312 265
K LShiftKey -1 8 63 266 811 748
LShiftKey R 2 -4 266 125 250 -16
R A -1 3 125 109 156 31
A G 0 -4 109 62 47 -62
G Back 2 -8 62 78 858 796
Back Back 0 0 78 63 140 62
Back Back 0 0 63 62 125 62
Back LShiftKey -3 13 62 203 265 203
LShiftKey R 2 -4 203 109 219 16
R A -1 3 109 78 124 15
A G 0 -4 78 62 94 16
G H 0 -1 62 63 140 78
H A 0 5 63 109 47 -16
A V -1 -3 109 62 125 16
V D3 3 1 62 62 328 266
D3 D3 0 0 62 46 156 94
D3 D3 0 0 46 47 124 78
D3 LShiftKey -3 3 47 172 203 156
LShiftKey D8 3 -8 172 63 156 -16
D8 Return -2 -4 63 78 1014 951
Return R 1 8 78 93 2013 1935
R N -2 -2 93 78 234 141
N A 1 5 78 31 140 62
A Y 1 -5 31 78 31 0
Y A -1 5 78 62 125 47
A K 0 -7 62 63 811 749
K LShiftKey -1 8 63 296 1389 1326
LShiftKey R 2 -4 296 94 280 -16
R A -1 3 94 93 141 47
A G 0 -4 93 62 203 110
G H 0 -1 62 78 124 62
H A 0 5 78 109 63 -15
A V -1 -3 109 62 125 16
V D3 3 1 62 63 202 140
D3 D3 0 0 63 62 141 78
D3 D3 0 0 62 78 125 63
D3 LShiftKey -3 3 78 187 249 171
LShiftKey D8 3 -8 187 78 141 -46
D8 G -2 3 78 0 42194 42116
G M -1 -2 0 70 50 50
M A 1 6 70 100 100 30
A I 1 -7 100 50 80 -20
I L -1 -1 50 60 170 120
L Return 0 -3 60 70 980 920
Return U 1 5 70 70 7312 7242
U B -2 2 70 60 170 100
B C 0 2 60 60 400 340
C O 2 -6 60 50 110 50
O L -1 0 50 50 160 110
L L 0 0 50 90 100 50
L E 1 6 90 70 80 -10
E C -2 0 70 100 160 90
C T 2 -2 100 60 210 110
T I 0 -3 60 60 90 30
I O 0 -1 60 70 120 60
O N -2 3 70 90 90 20
N D4 3 2 90 70 1780 1690
D4 LShiftKey -3 4 70 450 1030 960
LShiftKey D2 3 -2 450 70 330 -120
D2 G -2 -3 70 90 870 800
G M -1 -2 90 80 150 60
M A 1 6 80 100 170 90
A I 1 -7 100 50 120 20
I L -1 -1 50 80 150 100
L OemPeriod -1 0 80 80 160 80
OemPeriod C 0 6 80 70 170 90
C O 2 -6 70 80 100 30
O M -2 2 80 80 130 50
M D 1 4 80 100 6357 6277
D A 0 2 100 100 60 -40
A T 1 -4 100 100 190 90
T A -1 4 100 110 50 -50
A C -1 -2 110 70 480 370
C O 2 -6 70 50 120 50
O L -1 0 50 60 150 100
L L 0 0 60 80 100 40
L E 1 6 80 60 100 20
E C -2 0 60 100 170 110
C T 2 -2 100 50 600 500
T I 0 -3 50 70 110 60
I O 0 -1 70 60 140 70
O N -2 3 60 70 90 30
N R 2 2 70 0 45831 45761
R N -2 -2 0 65 70 70
N A 1 5 65 93 82 17
A Y 1 -5 93 57 113 20
Y A -1 5 57 60 77 20
A K 0 -7 60 75 323 263
K P 1 -2 75 64 8082 8007
P R 0 6 64 83 72 8
R O 0 -5 83 42 103 20
O J -1 2 42 73 172 130
J E 1 4 73 75 73 0
E C -2 0 75 73 177 102
C T 2 -2 73 72 203 130
T D1 1 4 72 63 372 300
D1 OemMinus 0 -10 63 62 1043 980
OemMinus P -1 1 62 73 222 160
P H -1 4 73 52 313 240
H A 0 5 52 153 82 30
A S 0 -1 153 80 133 -20
S E 1 -1 80 85 170 90
E D2 1 1 85 75 647 562
D2 B -3 -3 75 0 66065 65990
B U 2 -2 0 60 40 40
U F -1 3 60 70 140 80
F F 0 0 70 80 150 80
F A 0 3 80 100 70 -10
A L 0 -8 100 60 130 30
L O 1 0 60 60 110 50
O Space -3 5 60 100 220 160
Space T 3 -1 100 110 290 190
T E 0 2 110 90 90 -20
E M -2 -4 90 80 120 30
M P 2 -3 80 70 680 600
P E 0 7 70 140 120 50
E R 0 -1 140 80 120 -20
R A -1 3 80 140 130 50
A T 1 -4 140 80 120 -20
T U 0 -2 80 60 170 90
U R 0 3 60 120 80 20
R E 0 1 120 102 60 -60
E Return -1 -9 102 60 322 220
