D9 D7 0 2 109 63 452 343
D7 D6 0 1 63 31 16 -47
D6 Back 0 -7 31 78 1575 1544
Back Back 0 0 78 94 172 94
Back D6 0 7 94 78 1279 1185
D6 D7 0 -1 78 78 187 109
D7 D2 0 5 78 93 110 32
D2 Return -2 -10 93 78 2371 2278
Return LShiftKey -1 12 78 250 23259 23181
LShiftKey M 0 -7 250 125 78 -172
M T 2 2 125 46 422 297
T Space -3 1 46 141 93 47
Space LShiftKey 1 4 141 375 546 405
LShiftKey LShiftKey 0 0 375 390 1279 904
LShiftKey S 1 -2 390 141 281 -109
S E 1 -1 141 125 702 561
E C -2 0 125 94 187 62
C I 2 -5 94 62 422 328
I Back 1 -5 62 78 1684 1622
Back Back 0 0 78 62 188 110
Back Back 0 0 62 78 156 94
Back Back 0 0 78 78 374 296
Back Oemplus 0 1 78 78 499 421
Oemplus Oemplus 0 0 78 94 203 125
Oemplus Back 0 -1 94 94 686 592
Back Back 0 0 94 93 188 94
Back Back 0 0 93 62 218 125
Back Back 0 0 62 78 312 250
Back Y -1 7 78 78 811 733
Y Space -3 2 78 156 141 63
Space S 2 2 156 78 327 171
S E 1 -1 78 109 156 78
E C -2 0 109 156 141 32
C O 2 -6 156 94 670 514
O N -2 3 94 125 375 281
N D 1 3 125 156 140 15
D Space -2 -1 156 156 125 -31
Space S 2 2 156 78 250 94
S T 1 -3 78 109 249 171
T O 0 -4 109 78 343 234
O R 0 5 78 78 141 63
R Y 0 -2 78 78 437 359
Y Space -3 2 78 140 62 -16
Space I 3 -4 140 78 1139 999
I S -1 6 78 125 62 -16
S Space -2 -2 125 141 78 -47
Space A 2 3 141 125 733 592
A B -1 -4 125 109 796 671
B O 2 -4 109 94 452 343
O U 0 2 94 62 328 234
U T 0 2 62 94 78 16
T Space -3 1 94 125 109 15
Space L 2 -5 125 141 343 218
L O 1 0 141 62 250 109
O V -2 5 62 125 109 47
V E 2 1 125 156 453 328
E Space -3 -1 156 203 171 15
Space A 2 3 203 109 905 702
A N -1 -5 109 78 281 172
N D 1 3 78 125 140 62
D Space -2 -1 125 140 94 -31
Space L 2 -5 140 78 374 234
L O 1 0 78 62 219 141
O S -1 7 62 94 124 62
S S 0 0 94 110 156 62
S OemPeriod -1 -7 110 62 796 686
OemPeriod Return 1 -3 62 109 484 422
Return Return 0 0 109 94 218 109
Return Back 2 -1 94 78 998 904
Back LShiftKey -3 13 78 422 1326 1248
LShiftKey I 2 -8 422 78 359 -63
I Space -3 4 78 140 125 47
Space W 3 2 140 125 390 250
W A -1 1 125 124 94 -31
A S 0 -1 124 140 140 16
S Space -2 -2 140 141 109 -31
Space L 2 -5 141 78 281 140
L U 1 2 78 93 359 281
U C -2 4 93 109 156 63
C K 1 -5 109 94 249 140
K Y 1 2 94 63 312 218
Y Space -3 2 63 124 110 47
Space OemMinus 4 -7 124 62 1248 1124
OemMinus Space -4 7 62 109 62 0
Space LShiftKey 1 4 109 187 811 702
LShiftKey I 2 -8 187 78 156 -31
I Space -3 4 78 125 187 109
Space F 2 0 125 109 515 390
F O 1 -5 109 78 141 32
O U 0 2 78 63 327 249
U N -2 1 63 62 219 156
N D 1 3 62 109 140 78
D Space -2 -1 109 125 62 -47
Space W 3 2 125 93 2247 2122
W H -1 -4 93 93 156 63
H A 0 5 93 109 109 16
A T 1 -4 109 62 328 219
T Space -3 1 62 125 327 265
Space LShiftKey 1 4 125 702 343 218
LShiftKey I 2 -8 702 78 609 -93
I Space -3 4 78 140 187 109
Space L 2 -5 140 78 390 250
L O 1 0 78 78 187 109
O V -2 5 78 125 109 31
V E 2 1 125 110 78 -47
E D -1 0 110 125 219 109
D Space -2 -1 125 156 249 124
Space T 3 -1 156 93 890 734
T O 0 -4 93 94 202 109
O Space -3 5 94 125 125 31
Space D 2 1 125 125 983 858
D O 1 -6 125 93 172 47
O Space -3 5 93 110 124 31
Space E 3 1 110 125 250 140
E A -1 2 125 109 109 -16
A R 1 -3 109 125 203 94
R L -1 -5 125 110 218 93
L Y 1 3 110 125 297 187
Y Space -3 2 125 140 78 -47
Space I 3 -4 140 109 234 94
I N -2 2 109 93 234 125
N Space -1 2 93 125 187 94
Space L 2 -5 125 62 328 203
L I 1 1 62 94 280 218
I F -1 4 94 78 156 62
F E 1 1 78 109 63 -15
E Space -3 -1 109 156 327 218
Space Back 4 -9 156 109 1670 1514
Back OemPeriod -3 4 109 78 624 515
OemPeriod Space -1 5 78 124 156 78
Space LShiftKey 1 4 124 515 343 219
LShiftKey W 2 -2 515 140 359 -156
W O 0 -7 140 110 280 140
O Z -2 8 110 109 905 795
Z Space -1 -3 109 124 141 32
Space A 2 3 124 125 452 328
A N -1 -5 125 125 156 31
N D 1 3 125 156 109 -16
D Space -2 -1 156 125 125 -31
Space LShiftKey 1 4 125 546 296 171
LShiftKey I 2 -8 546 62 484 -62
I Space -3 4 62 125 125 63
Space S 2 2 125 93 312 187
S T 1 -3 93 171 437 344
T A -1 4 171 140 156 -15
A T 1 -4 140 94 249 109
T Back 1 -8 94 78 1357 1263
Back R -1 9 78 94 156 78
R T 0 -1 94 109 281 187
T E 0 2 109 125 312 203
E D -1 0 125 141 234 109
D Space -2 -1 141 141 78 -63
Space LShiftKey 1 4 141 484 967 826
LShiftKey A 1 -1 484 141 359 -125
A P 1 -9 141 109 390 249
P P 0 0 109 63 187 78
P L -1 1 63 78 172 109
L E 1 6 78 124 94 16
E Space -3 -1 124 141 93 -31
Space I 3 -4 141 93 1077 936
I N -2 2 93 94 218 125
N Space -1 2 94 141 140 46
Space LShiftKey 1 4 141 109 281 140
LShiftKey M 0 -7 109 124 531 422
M Y 2 1 124 109 109 -15
Y Space -3 2 109 125 78 -31
Space P 3 -6 125 78 1856 1731
P A -1 9 78 125 125 47
A R 1 -3 125 63 1076 951
R E 0 1 63 78 172 109
E N -2 -3 78 109 234 156
N T 2 1 109 125 140 31
T Oem7 -1 -6 125 78 562 437
Oem7 S 0 9 78 125 78 0
S Space -2 -2 125 140 78 -47
Space G 2 -1 140 93 1997 1857
G A 0 4 93 125 78 -15
A R 1 -3 125 172 171 46
R A -1 3 172 141 156 -16
A G 0 -4 141 140 266 125
G E 1 2 140 125 218 78
E Space -3 -1 125 156 94 -31
Space W 3 2 156 94 452 296
W H -1 -4 94 62 312 218
H E 1 3 62 109 78 16
E N -2 -3 109 63 187 78
N Space -1 2 63 94 125 62
Space LShiftKey 1 4 94 265 187 93
LShiftKey I 2 -8 265 94 203 -62
I Space -3 4 94 141 140 46
Space W 3 2 141 110 624 483
W A -1 1 110 109 94 -16
A S 0 -1 109 109 203 94
S Space -2 -2 109 125 78 -31
Space D2 4 2 125 140 546 421
D2 D0 0 -8 140 93 156 16
D0 OemPeriod -3 1 93 78 390 297
OemPeriod Space -1 5 78 125 93 15
Space LShiftKey 1 4 125 468 624 499
LShiftKey W 2 -2 468 94 312 -156
W E 0 -1 94 109 219 125
E Space -3 -1 109 125 93 -16
Space W 3 2 125 94 546 421
W O 0 -7 94 109 110 16
O R 0 5 109 78 421 312
R K -1 -4 78 109 203 125
K E 1 5 109 78 296 187
E D -1 0 78 109 265 187
D Space -2 -1 109 156 2059 1950
Space H 2 -2 156 110 437 281
H A 0 5 110 93 63 -47
A R 1 -3 93 78 702 609
R D -1 1 78 140 187 109
D Oemcomma -1 -5 140 78 281 141
Oemcomma Space -1 4 78 141 62 -16
Space A 2 3 141 125 156 15
A N -1 -5 125 93 250 125
N D 1 3 93 109 203 110
D Space -2 -1 109 187 62 -47
Space U 3 -3 187 16 1232 1045
U Back 1 -6 16 78 593 577
Back I -1 5 78 94 343 265
I N -2 2 94 93 219 125
N Space -1 2 93 140 78 -15
Space D1 4 3 140 109 499 359
D1 D0 0 -9 109 93 172 63
D0 Space -4 6 93 140 109 16
Space Y 3 -2 140 109 468 328
Y E 0 3 109 140 156 47
E A -1 2 140 125 109 -31
A R 1 -3 125 109 250 125
R S -1 2 109 140 234 125
S Space -2 -2 140 125 249 109
Space LShiftKey 1 4 125 873 1888 1763
LShiftKey A 1 -1 873 141 764 -109
A P 1 -9 141 46 531 390
P P 0 0 46 94 124 78
P L -1 1 94 78 203 109
L E 1 6 78 140 125 47
E Space -3 -1 140 125 78 -62
Space H 2 -2 125 94 1326 1201
H A 0 5 94 110 62 -32
A D 0 -2 110 141 203 93
D Space -2 -1 141 156 109 -32
Space G 2 -1 156 109 484 328
G R 1 1 109 94 608 499
R O 0 -5 94 109 1202 1108
O W 0 7 109 93 265 156
W N -2 -4 93 47 764 671
N Space -1 2 47 140 141 94
Space F 2 0 140 93 1435 1295
F R 1 0 93 78 125 32
R O 0 -5 78 78 171 93
O M -2 2 78 124 219 141
M Space -1 3 124 140 140 16
Space J 2 -3 140 78 390 250
J U 1 0 78 62 203 125
U S -1 5 62 93 78 16
S T 1 -3 93 110 249 156
T Space -3 1 110 110 78 -32
Space T 3 -1 110 109 328 218
T W 0 3 109 93 406 297
W O 0 -7 93 125 452 359
O Space -3 5 125 94 218 93
Space O 3 -5 94 93 687 593
O F -1 5 93 78 218 125
F Space -2 0 78 125 125 47
Space U 3 -3 125 94 577 452
U S -1 5 94 125 109 15
S Space -2 -2 125 125 78 -47
Space I 3 -4 125 110 234 109
I N -2 2 110 94 281 171
N Space -1 2 94 110 109 15
Space A 2 3 110 141 234 124
A Space -2 -3 141 125 141 0
Space G 2 -1 125 125 889 764
G A 0 4 125 125 109 -16
A R 1 -3 125 141 187 62
R A -1 3 141 109 110 -31
A G 0 -4 109 78 327 218
G E 1 2 78 140 141 63
E Space -3 -1 140 125 109 -31
Space I 3 -4 125 78 1076 951
I N -2 2 78 110 187 109
N T 2 1 110 109 141 31
T O 0 -4 109 63 374 265
O Space -3 5 63 125 640 577
Space A 2 3 125 93 2574 2449
A Space -2 -3 93 124 125 32
Space RShiftKey 1 -7 124 297 1840 1716
RShiftKey D4 3 7 297 93 297 0
D4 D2 0 2 93 109 889 796
D2 Space -4 -2 109 125 187 78
Space B 1 -1 125 93 1732 1607
B I 2 -3 93 94 171 78
I L -1 -1 94 62 250 156
L L 0 0 62 78 156 94
L I 1 1 78 62 234 156
I O 0 -1 62 62 156 94
O N -2 3 62 94 218 156
N Space -1 2 94 110 156 62
Space C 1 1 110 110 936 826
C O 2 -6 110 93 266 156
O M -2 2 93 78 202 109
M P 2 -3 78 109 266 188
P A -1 9 109 125 140 31
A N -1 -5 125 109 468 343
N Y 2 0 109 125 296 187
Y Space -3 2 125 156 94 -31
Space W 3 2 156 93 1607 1451
W I 0 -6 93 78 343 250
I T 0 3 78 63 109 31
T H -1 -1 63 62 141 78
H Space -2 2 62 124 78 16
Space O 3 -5 124 94 436 312
O V -2 5 94 110 78 -16
V E 2 1 110 125 78 -32
E R 0 -1 125 124 188 63
R Space -3 0 124 124 78 -46
Space D4 4 0 124 125 608 484
D4 Oemcomma -3 -4 125 47 983 858
Oemcomma D0 3 -2 47 78 437 390
D0 D0 0 0 78 78 187 109
D0 D0 0 0 78 94 171 93
D0 Space -4 6 94 140 188 94
Space E 3 1 140 125 561 421
E M -2 -4 125 78 156 31
M O 2 -2 78 15 328 250
O Back 1 -4 15 93 1373 1358
Back P -1 3 93 78 639 546
P L -1 1 78 78 187 109
L O 1 0 78 78 219 141
O Y 0 3 78 62 421 343
Y E 0 3 62 94 156 94
E E 0 0 94 94 187 93
E S -1 1 94 140 219 125
S Space -2 -2 140 141 93 -47
Space Back 4 -9 141 78 983 842
Back OemPeriod -3 4 78 110 452 374
OemPeriod Space -1 5 110 125 63 -47
Space LShiftKey 1 4 125 359 234 109
LShiftKey W 2 -2 359 156 234 -125
W E 0 -1 156 172 343 187
E Space -3 -1 172 140 125 -47
Space H 2 -2 140 78 998 858
H A 0 5 78 78 78 0
A D 0 -2 78 156 281 203
D Space -2 -1 156 141 62 -94
Space J 2 -3 141 78 546 405
J U 1 0 78 62 172 94
U S -1 5 62 63 109 47
S T 1 -3 63 141 234 171
T Space -3 1 141 141 109 -32
Space R 3 0 141 93 812 671
R E 0 1 93 109 218 125
E L -1 -6 109 94 234 125
L E 1 6 94 125 78 -16
E A -1 2 125 125 203 78
A S 0 -1 125 78 249 124
S E 1 -1 78 78 172 94
E D -1 0 78 93 203 125
D Space -2 -1 93 125 78 -15
Space O 3 -5 125 63 764 639
O U 0 2 63 94 265 202
U R 0 3 94 109 172 78
R Space -3 0 109 125 62 -47
Space F 2 0 125 78 749 624
F I 1 -4 78 109 78 0
I N -2 2 109 93 219 110
N E 2 3 93 78 78 -15
E S -1 1 78 125 218 140
S Space -2 -2 125 140 156 31
Space Back 4 -9 140 109 2106 1966
Back T -1 8 109 94 218 109
T Space -3 1 94 125 63 -31
Space C 1 1 125 78 1700 1575
C R 2 -1 78 125 328 250
R E 0 1 125 125 218 93
E A -1 2 125 109 94 -31
A T 1 -4 109 93 234 125
T I 0 -3 93 110 171 78
I O 0 -1 110 78 203 93
O N -2 3 78 93 219 141
N Space -1 2 93 125 405 312
Space OemMinus 4 -7 125 93 172 47
OemMinus Space -4 7 93 94 109 16
Space T 3 -1 94 125 1201 1107
T H -1 -1 125 78 172 47
H E 1 3 78 140 125 47
E Space -3 -1 140 125 124 -16
Space LShiftKey 1 4 125 297 203 78
LShiftKey M 0 -7 297 93 219 -78
M A 1 6 93 125 265 172
A C -1 -2 125 93 234 109
C I 2 -5 93 125 296 203
I N -2 2 125 94 234 109
N T 2 1 94 47 1139 1045
T O 0 -4 47 109 406 359
O S -1 7 109 94 140 31
S H 0 -4 94 62 156 62
H Space -2 2 62 78 109 47
Space OemMinus 4 -7 78 93 1233 1155
OemMinus Space -4 7 93 140 78 -15
Space A 2 3 140 93 889 749
A Space -2 -3 93 140 78 -15
Space Y 3 -2 140 94 1185 1045
Y E 0 3 94 78 312 218
E A -1 2 78 78 78 0
A R 1 -3 78 125 250 172
R Space -3 0 125 141 109 -16
Space E 3 1 141 109 936 795
E A -1 2 109 94 109 0
A R 1 -3 94 78 219 125
R L -1 -5 78 93 234 156
L I 1 1 93 109 234 141
I E 0 5 109 47 171 62
E R 0 -1 47 16 125 78
R R 0 0 16 47 187 171
R Back 1 -9 47 93 1358 1311
Back Oemcomma -3 5 93 78 358 265
Oemcomma Space -1 4 78 140 110 32
Space A 2 3 140 125 842 702
A N -1 -5 125 78 952 827
N D 1 3 78 125 280 202
D Space -2 -1 125 124 110 -15
Space LShiftKey 1 4 124 1061 327 203
LShiftKey I 2 -8 1061 78 967 -94
I Space -3 4 78 109 188 110
Space H 2 -2 109 109 171 62
H A 0 5 109 125 94 -15
A D 0 -2 125 156 187 62
D Space -2 -1 156 140 156 0
Space J 2 -3 140 78 359 219
J U 1 0 78 62 203 125
U S -1 5 62 93 78 16
S T 1 -3 93 141 280 187
T Space -3 1 141 140 110 -31
Space T 3 -1 140 93 702 562
T U 0 -2 93 78 171 78
U R 0 3 78 124 141 63
R N -2 -2 124 141 249 125
N E 2 3 141 94 156 15
E D -1 0 94 140 250 156
D Space -2 -1 140 125 109 -31
Space D3 4 1 125 110 1388 1263
D3 D0 0 -7 110 78 250 140
D0 OemPeriod -3 1 78 125 468 390
OemPeriod Space -1 5 125 140 172 47
Space LShiftKey 1 4 140 328 998 858
LShiftKey A 1 -1 328 125 203 -125
A N -1 -5 125 78 515 390
N D 1 3 78 125 202 124
D Space -2 -1 125 140 94 -31
Space T 3 -1 140 62 250 110
T H -1 -1 62 124 78 16
H E 1 3 124 141 171 47
E N -2 -3 141 94 203 62
N Space -1 2 94 125 312 218
Space LShiftKey 1 4 125 218 484 359
LShiftKey I 2 -8 218 78 156 -62
I Space -3 4 78 109 187 109
Space G 2 -1 109 109 281 172
G O 1 -4 109 156 124 15
O T 0 4 156 140 141 -15
T Space -3 1 140 125 140 0
Space F 2 0 125 125 499 374
F I 1 -4 125 109 203 78
I R 0 4 109 78 328 219
R E 0 1 78 94 171 93
E S -1 1 94 78 266 172
S Oemplus 2 -10 78 78 764 686
Oemplus D -2 9 78 125 47 -31
D Space -2 -1 125 141 93 -32
Space Oemplus 4 -8 141 62 484 343
Oemplus Oemplus 0 0 62 78 172 110
Oemplus Oemplus 0 0 78 62 187 109
Oemplus Back 0 -1 62 78 671 609
Back Back 0 0 78 78 171 93
Back Back 0 0 78 62 172 94
Back Back 0 0 62 63 171 109
Back Back 0 0 63 62 172 109
Back Back 0 0 62 78 156 94
Back Back 0 0 78 63 187 109
Back D -2 10 63 172 187 124
D Space -2 -1 172 141 125 -47
Space Back 4 -9 141 124 1155 1014
Back OemPeriod -3 4 124 94 530 406
OemPeriod Space -1 5 94 141 109 15
Space LShiftKey 1 4 141 297 156 15
LShiftKey H 1 -6 297 63 187 -110
H O 1 -3 63 109 250 187
O W 0 7 109 78 234 125
W Space -3 -2 78 141 31 -47
Space C 1 1 141 141 858 717
C A 1 2 141 125 78 -63
A N -1 -5 125 94 203 78
N Space -1 2 94 109 125 31
Space Y 3 -2 109 78 359 250
Y O 0 -3 78 109 343 265
O U 0 2 109 63 249 140
U Space -3 3 63 125 125 62
Space G 2 -1 125 93 406 281
G E 1 2 93 94 109 16
E T 0 -2 94 140 172 78
T Space -3 1 140 125 124 -16
Space F 2 0 125 125 1888 1763
F I 1 -4 125 62 234 109
I R 0 4 62 109 125 63
R E 0 1 109 94 218 109
E D -1 0 94 140 250 156
D Space -2 -1 140 141 93 -47
Space F 2 0 141 109 765 624
F R 1 0 109 109 78 -31
R O 0 -5 109 62 359 250
O M -2 2 62 63 202 140
M Space -1 3 63 141 47 -16
Space A 2 3 141 125 187 46
A Space -2 -3 125 109 141 16
Space C 1 1 109 78 749 640
C O 2 -6 78 94 686 608
O M -2 2 94 63 218 124
M P 2 -3 63 46 266 203
P A -1 9 46 78 109 63
A N -1 -5 78 109 437 359
N Y 2 0 109 109 249 140
Y Space -3 2 109 125 94 -15
Space Y 3 -2 125 93 1217 1092
Y O 0 -3 93 94 140 47
O U 0 2 94 93 281 187
U Space -3 3 93 171 1139 1046
Space S 2 2 171 93 593 422
S T 1 -3 93 141 280 187
T A -1 4 141 141 125 -16
A R 1 -3 141 109 515 374
R T 0 -1 109 78 187 78
T E 0 2 78 109 203 125
E D -1 0 109 125 203 94
D RShiftKey -1 -8 125 515 405 280
RShiftKey OemQuestion 0 1 515 124 422 -93
OemQuestion Space -1 6 124 141 405 281
Space LShiftKey 1 4 141 312 546 405
LShiftKey W 2 -2 312 125 234 -78
W L -1 -7 125 78 406 281
L L 0 0 78 94 140 62
L Oemcomma -1 1 94 94 203 109
Oemcomma Space -1 4 94 125 125 31
Space A 2 3 125 125 468 343
A S 0 -1 125 109 140 15
S Space -2 -2 109 125 125 16
Space LShiftKey 1 4 125 375 343 218
LShiftKey A 1 -1 375 141 234 -141
A P 1 -9 141 109 484 343
P P 0 0 109 93 156 47
P L -1 1 93 78 187 94
L E 1 6 78 110 140 62
E Space -3 -1 110 125 78 -32
Space G 2 -1 125 109 453 328
G R 1 1 109 109 187 78
R E 0 1 109 109 203 94
E W 0 1 109 156 234 125
W Space -3 -2 156 141 140 -16
Space W 3 2 141 93 1030 889
W E 0 -1 93 125 218 125
E Space -3 -1 125 125 78 -47
Space H 2 -2 125 109 1560 1435
H I 1 -2 109 156 141 32
I R 0 4 156 78 171 15
R E 0 1 78 63 187 109
E D -1 0 63 125 203 140
D Space -2 -1 125 109 94 -31
Space S 2 2 109 124 203 94
S O 1 -7 124 93 156 32
O M -2 2 93 47 218 125
M M 0 0 47 47 125 78
M Back 3 -6 47 78 1513 1466
Back E -1 10 78 109 780 702
E O 0 -6 109 78 234 125
O N -2 3 78 78 250 172
N E 2 3 78 140 78 0
E Space -3 -1 140 110 124 -16
Space W 3 2 110 125 936 826
W H -1 -4 125 94 328 203
H O 1 -3 94 109 546 452
O Space -3 5 109 109 125 16
Space LShiftKey 1 4 109 250 187 78
LShiftKey I 2 -8 250 78 187 -63
I Space -3 4 78 93 172 94
Space T 3 -1 93 93 234 141
T H -1 -1 93 93 78 -15
H O 1 -3 93 94 327 234
O U 0 2 94 109 266 172
U G -1 2 109 94 327 218
G H 0 -1 94 110 109 15
H T 1 1 110 125 437 327
T Space -3 1 125 125 125 0
Space W 3 2 125 125 2215 2090
W A -1 1 125 141 109 -16
A S 0 -1 141 141 125 -16
S Space -2 -2 141 125 125 -16
Space V 1 0 125 94 967 842
V E 2 1 94 125 47 -47
E R 0 -1 125 124 250 125
R Y 0 -2 124 78 390 266
Y Space -3 2 78 109 93 15
Space T 3 -1 109 124 219 110
T A -1 4 124 93 109 -15
A L 0 -8 93 93 203 110
L E 1 6 93 109 171 78
E N -2 -3 109 78 141 32
N T 2 1 78 125 249 171
T E 0 2 125 109 234 109
E D -1 0 109 125 203 94
D Space -2 -1 125 125 62 -63
Space T 3 -1 125 109 188 63
T O 0 -4 109 140 140 31
O Space -3 5 140 109 203 63
Space R 3 0 109 109 421 312
R U 0 -3 109 78 250 141
U N -2 1 78 94 202 124
N Space -1 2 94 187 110 16
Space T 3 -1 187 93 1014 827
T H -1 -1 93 78 124 31
H E 1 3 78 125 125 47
E Space -3 -1 125 156 141 16
Space C 1 1 156 110 280 124
C O 2 -6 110 94 156 46
O M -2 2 94 46 188 94
M P 2 -3 46 156 343 297
P A -1 9 156 109 218 62
A N -1 -5 109 93 250 141
N Y 2 0 93 62 749 656
Y Space -3 2 62 124 78 16
Space E 3 1 124 110 4804 4680
E W 0 1 110 110 4056 3946
W I 0 -6 110 94 593 483
I T 0 3 94 109 141 47
T H -1 -1 109 78 140 31
H Space -2 2 78 109 94 16
Space M 1 -3 109 78 218 109
M E 2 4 78 156 94 16
E Oemcomma -2 -5 156 93 312 156
Oemcomma Space -1 4 93 140 156 63
Space A 2 3 140 109 655 515
A N -1 -5 109 94 421 312
N D 1 3 94 156 156 62
D Space -2 -1 156 172 234 78
Space F 2 0 172 94 312 140
F O 1 -5 94 110 140 46
O R 0 5 110 109 110 0
R Space -3 0 109 125 93 -16
Space T 3 -1 125 78 1077 952
T H -1 -1 78 78 405 327
H E 1 3 78 125 94 16
E Space -3 -1 125 140 78 -47
Space F 2 0 140 109 421 281
F I 1 -4 109 141 187 78
I R 0 4 141 31 125 -16
R S -1 2 31 140 390 359
S T 1 -3 140 156 702 562
T Space -3 1 156 156 172 16
Space Y 3 -2 156 109 842 686
Y E 0 3 109 125 312 203
E A -1 2 125 125 109 -16
A R 1 -3 125 156 172 47
R Space -3 0 156 141 140 -16
Space O 3 -5 141 93 718 577
O R 0 5 93 125 78 -15
R Space -3 0 125 125 109 -16
Space S 2 2 125 125 312 187
S O 1 -7 125 94 187 62
O Space -3 5 94 109 78 -16
Space T 3 -1 109 124 453 344
T H -1 -1 124 78 156 32
H I 1 -2 78 93 312 234
I N -2 2 93 62 234 141
N G 1 1 62 141 93 31
G S 0 3 141 109 203 62
S Space -2 -2 109 141 109 0
Space W 3 2 141 109 1186 1045
W E 0 -1 109 93 390 281
E N -2 -3 93 78 171 78
N T 2 1 78 124 266 188
T Space -3 1 124 109 109 -15
Space W 3 2 109 140 624 515
W E 0 -1 140 109 281 141
E L -1 -6 109 63 795 686
L L 0 0 63 62 141 78
L OemPeriod -1 0 62 125 374 312
OemPeriod Space -1 5 125 280 250 125
Space LShiftKey 1 4 280 921 717 437
LShiftKey B 0 -5 921 78 811 -110
B U 2 -2 78 62 297 219
U T 0 2 62 124 125 63
T Space -3 1 124 109 109 -15
Space T 3 -1 109 94 2402 2293
T H -1 -1 94 93 141 47
H E 1 3 93 93 109 16
E N -2 -3 93 63 171 78
N Space -1 2 63 109 141 78
Space O 3 -5 109 109 281 172
O U 0 2 109 93 265 156
U R 0 3 93 109 187 94
R Space -3 0 109 124 94 -15
Space V 1 0 124 125 249 125
V I 2 -4 125 78 125 0
I S -1 6 78 78 250 172
S I 1 -6 78 78 140 62
I O 0 -1 78 110 452 374
O N -2 3 110 109 422 312
N S 1 4 109 125 140 31
S Space -2 -2 125 109 94 -31
Space O 3 -5 109 94 686 577
O F -1 5 94 140 94 0
F Space -2 0 140 125 124 -16
Space T 3 -1 125 94 203 78
T H -1 -1 94 109 125 31
H E 1 3 109 125 109 0
E Space -3 -1 125 124 63 -62
Space F 2 0 124 93 733 609
F U 1 -3 93 109 156 63
U T 0 2 109 156 171 62
T U 0 -2 156 125 203 47
U R 0 3 125 125 499 374
R E 0 1 125 156 250 125
E Space -3 -1 156 110 140 -16
Space B 1 -1 110 93 1077 967
B E 2 2 93 140 78 -15
E G -1 -2 140 140 359 219
G A 0 4 140 110 124 -16
A N -1 -5 110 94 281 171
N Space -1 2 94 78 125 31
Space T 3 -1 78 109 172 94
T O 0 -4 109 141 124 15
O Space -3 5 141 109 125 -16
Space D 2 1 109 140 328 219
D I 1 -5 140 110 171 31
I V -2 4 110 140 219 109
V E 2 1 140 110 93 -47
E R 0 -1 110 94 203 93
R G -1 -1 94 140 281 187
G E 1 2 140 187 172 32
E Space -3 -1 187 109 156 -31
Space A 2 3 109 125 436 327
A N -1 -5 125 78 422 297
N D 1 3 78 125 109 31
D Space -2 -1 125 125 93 -32
Space E 3 1 125 109 266 141
E V -2 -1 109 125 171 62
V E 2 1 125 125 109 -16
E N -2 -3 125 94 312 187
N T 2 1 94 141 203 109
T U 0 -2 141 94 187 46
U A -1 6 94 109 125 31
A L 0 -8 109 78 203 94
L L 0 0 78 94 156 78
L Y 1 3 94 125 218 124
Y Space -3 2 125 109 125 0
Space W 3 2 109 125 1061 952
W E 0 -1 125 140 203 78
E Space -3 -1 140 125 109 -31
Space H 2 -2 125 109 234 109
H A 0 5 109 109 94 -15
A D 0 -2 109 124 468 359
D Space -2 -1 124 94 140 16
Space A 2 3 94 94 468 374
A Space -2 -3 94 109 109 15
Space F 2 0 109 94 437 328
F A 0 3 94 109 78 -16
A L 0 -8 109 63 218 109
L L 0 0 63 94 125 62
L I 1 1 94 109 234 140
I N -2 2 109 63 234 125
N G 1 1 63 172 78 15
G Space -2 1 172 93 172 0
Space O 3 -5 93 110 327 234
O U 0 2 110 93 297 187
U T 0 2 93 94 109 16
T OemPeriod -2 -4 94 62 468 374
OemPeriod Space -1 5 62 125 62 0
Space LShiftKey 1 4 125 405 812 687
LShiftKey W 2 -2 405 141 280 -125
W H -1 -4 141 78 375 234
H W 1 4 78 63 171 93
W Oemplus 1 -10 63 94 468 405
Oemplus E -1 9 94 94 94 0
E Back 1 -10 94 78 998 904
Back Back 0 0 78 78 172 94
Back Back 0 0 78 47 187 109
Back E -1 10 47 125 359 312
E N -2 -3 125 62 312 187
N Space -1 2 62 125 109 47
Space W 3 2 125 109 312 187
W E 0 -1 109 125 187 78
E Space -3 -1 125 109 141 16
Space D 2 1 109 125 936 827
D I 1 -5 125 94 249 124
I D -1 5 94 109 110 16
D Oemcomma -1 -5 109 78 483 374
Oemcomma Space -1 4 78 109 219 141
Space O 3 -5 109 78 967 858
O U 0 2 78 78 281 203
U R 0 3 78 94 124 46
R Space -3 0 94 125 63 -31
Space B 1 -1 125 94 343 218
B O 2 -4 94 125 109 15
O A -1 8 125 140 484 359
A R 1 -3 140 125 249 109
R D -1 1 125 140 297 172
D Space -2 -1 140 124 125 -15
Space Left 0 -7 124 94 2870 2746
Left Left 0 0 94 63 187 93
Left Left 0 0 63 94 156 93
Left Left 0 0 94 78 172 78
Left Left 0 0 78 78 187 109
Left Back 4 -2 78 94 811 733
Back LShiftKey -3 13 94 530 141 47
LShiftKey B 0 -5 530 109 405 -125
B Right -1 -8 109 78 749 640
Right Right 0 0 78 62 172 94
Right Right 0 0 62 63 171 109
Right Right 0 0 63 94 187 124
Right Right 0 0 94 62 188 94
Right O 3 4 62 93 858 796
O F -1 5 93 125 93 0
F Space -2 0 125 94 125 0
Space LShiftKey 1 4 94 375 187 93
LShiftKey D 1 -3 375 125 265 -110
D I 1 -5 125 124 188 63
I R 0 4 124 110 202 78
R E 0 1 110 125 203 93
E C -2 0 125 188 265 140
C T 2 -2 188 109 968 780
T O 0 -4 109 141 670 561
O R 0 5 141 125 125 -16
R S -1 2 125 125 281 156
S Space -2 -2 125 125 109 -16
Space D 2 1 125 125 749 624
D E 1 0 125 109 78 -47
E C -2 0 109 156 172 63
C I 2 -5 156 125 202 46
I D -1 5 125 156 110 -15
D E 1 0 156 125 124 -32
E D -1 0 125 125 172 47
D Space -2 -1 125 125 203 78
Space Back 4 -9 125 624 2589 2464
Back Back 0 0 624 78 765 141
Back Back 0 0 78 62 187 109
Back Back 0 0 62 93 172 110
Back S -2 11 93 124 312 219
S I 1 -6 124 78 312 188
I D -1 5 78 109 93 15
D E 1 0 109 110 109 0
E D -1 0 110 125 125 15
D Space -2 -1 125 156 187 62
Space W 3 2 156 124 500 344
W I 0 -6 124 93 390 266
I T 0 3 93 94 218 125
T H -1 -1 94 93 125 31
H Space -2 2 93 110 93 0
Space H 2 -2 110 125 936 826
H I 1 -2 125 109 203 78
I M -2 1 109 94 234 125
M OemPeriod 0 -2 94 78 1108 1014
OemPeriod Space -1 5 78 109 62 -16
Space LShiftKey 1 4 109 484 187 78
LShiftKey S 1 -2 484 140 328 -156
S O 1 -7 140 93 203 63
O Space -3 5 93 124 203 110
Space A 2 3 124 109 530 406
A T 1 -4 109 125 359 250
T Space -3 1 125 125 109 -16
Space D3 4 1 125 94 437 312
D3 D9 0 -6 94 109 250 156
D9 Back 0 -4 109 78 748 639
Back D0 0 3 78 63 515 437
D0 Oemcomma -3 2 63 62 1576 1513
Oemcomma Space -1 4 62 125 78 16
Space LShiftKey 1 4 125 577 296 171
LShiftKey Back 3 -13 577 62 1701 1124
Back Back 0 0 62 47 202 140
Back Space -4 9 47 140 172 125
Space LShiftKey 1 4 140 655 281 141
LShiftKey I 2 -8 655 93 546 -109
I Space -3 4 93 94 265 172
Space W 3 2 94 125 234 140
W A -1 1 125 171 125 0
A S 0 -1 171 109 187 16
S Space -2 -2 109 140 172 63
Space O 3 -5 140 78 748 608
O U 0 2 78 78 266 188
U T 0 2 78 140 140 62
T OemPeriod -2 -4 140 94 374 234
OemPeriod Space -1 5 94 109 110 16
Space LShiftKey 1 4 109 718 202 93
LShiftKey A 1 -1 718 109 578 -140
A N -1 -5 109 62 234 125
N D 1 3 62 125 124 62
D Space -2 -1 125 94 94 -31
Space V 1 0 94 125 374 280
V E 2 1 125 109 110 -15
E R 0 -1 109 125 187 78
R Y 0 -2 125 47 327 202
Y Space -3 2 47 125 125 78
Space P 3 -6 125 94 1217 1092
P U 0 3 94 109 343 249
U B -2 2 109 94 281 172
B L 1 -4 94 78 203 109
L I 1 1 78 62 234 156
I C -2 5 62 125 93 31
C L 1 -6 125 94 1139 1014
L Y 1 3 94 110 499 405
Y Space -3 2 110 141 78 -32
Space O 3 -5 141 109 297 156
O U 0 2 109 78 265 156
U T 0 2 78 109 125 47
T Space -3 1 109 110 93 -16
Space Back 4 -9 110 125 453 343
Back OemPeriod -3 4 125 94 873 748
OemPeriod Space -1 5 94 94 125 31
Space LShiftKey 1 4 94 359 125 31
LShiftKey W 2 -2 359 140 250 -109
W H -1 -4 140 93 156 16
H A 0 5 93 187 140 47
A T 1 -4 187 125 296 109
T Space -3 1 125 109 125 0
Space H 2 -2 109 94 187 78
H A 0 5 94 124 110 16
A D 0 -2 124 140 218 94
D Space -2 -1 140 140 125 -15
Space B 1 -1 140 93 983 843
B E 2 2 93 109 93 0
E E 0 0 109 63 343 234
E N -2 -3 63 94 172 109
N Space -1 2 94 125 156 62
Space T 3 -1 125 109 811 686
T H -1 -1 109 109 94 -15
H E 1 3 109 156 140 31
E Space -3 -1 156 124 141 -15
Space F 2 0 124 125 561 437
F O 1 -5 125 125 250 125
O C -2 6 125 109 374 249
C U 2 -4 109 124 141 32
U S -1 5 124 109 374 250
S Space -2 -2 109 109 94 -15
Space O 3 -5 109 62 858 749
O F -1 5 62 94 93 31
F Space -2 0 94 125 78 -16
Space M 1 -3 125 125 733 608
M Y 2 1 125 93 266 141
Y Space -3 2 93 125 124 31
Space E 3 1 125 187 344 219
E N -2 -3 187 94 296 109
N T 2 1 94 93 125 31
T I 0 -3 93 109 234 141
I R 0 4 109 109 296 187
R E 0 1 109 188 187 78
E Space -3 -1 188 109 172 -16
Space A 2 3 109 109 2371 2262
A D 0 -2 109 125 265 156
D U 1 -4 125 109 219 94
U L -1 -2 109 93 234 125
L T 1 4 93 140 109 16
T Space -3 1 140 124 94 -46
Space L 2 -5 124 94 218 94
L I 1 1 94 93 203 109
I F -1 4 93 141 218 125
F E 1 1 141 171 63 -78
E Space -3 -1 171 125 187 16
Space W 3 2 125 141 1965 1840
W A -1 1 141 125 125 -16
A S 0 -1 125 78 203 78
S Space -2 -2 78 124 94 16
Space G 2 -1 124 94 280 156
G O 1 -4 94 109 110 16
O N -2 3 109 78 327 218
N E 2 3 78 124 63 -15
E Oemcomma -2 -5 124 46 312 188
Oemcomma Space -1 4 46 94 171 125
Space A 2 3 94 109 2075 1981
A N -1 -5 109 94 187 78
N D 1 3 94 94 671 577
D Space -2 -1 94 125 62 -32
Space I 3 -4 125 110 390 265
I T 0 3 110 109 110 0
T Space -3 1 109 141 93 -16
Space W 3 2 141 125 468 327
W A -1 1 125 110 109 -16
A S 0 -1 110 125 219 109
S Space -2 -2 125 140 109 -16
Space D 2 1 140 93 1295 1155
D E 1 0 93 141 249 156
E V -2 -1 141 125 250 109
V A 1 3 125 124 172 47
A S 0 -1 124 94 280 156
S T 1 -3 94 94 250 156
T I 0 -3 94 156 218 124
I Oemplus 1 -4 156 62 640 484
Oemplus Back 0 -1 62 62 936 874
Back Back 0 0 62 78 140 78
Back A -2 12 78 140 172 94
A T 1 -4 140 125 624 484
T I 0 -3 125 78 218 93
I N -2 2 78 78 234 156
N G 1 1 78 125 312 234
G OemPeriod -1 -4 125 78 921 796
OemPeriod Return 1 -3 78 93 234 156
Return LShiftKey -1 12 93 609 1310 1217
LShiftKey I 2 -8 609 62 484 -125
I Space -3 4 62 124 203 141
Space R 3 0 124 109 312 188
R E 0 1 109 172 202 93
E A -1 2 172 125 125 -47
A L 0 -8 125 109 219 94
L L 0 0 109 78 187 78
L Y 1 3 78 78 281 203
Y Space -3 2 78 109 109 31
Space D 2 1 109 125 249 140
D I 1 -5 125 63 156 31
I Back 1 -5 63 62 1233 1170
Back O -1 4 62 125 499 437
O N -2 3 125 109 328 203
N T 2 1 109 93 390 281
T Space -3 1 93 125 218 125
Space Back 4 -9 125 94 889 764
Back Back 0 0 94 46 219 125
Back Back 0 0 46 62 156 110
Back Back 0 0 62 94 171 109
Back I -1 5 94 94 780 686
I D -1 5 94 125 234 140
D I 1 -5 125 31 250 125
I Back 1 -5 31 63 1154 1123
Back N -3 7 63 62 749 686
N Oem7 1 -5 62 94 624 562
Oem7 T 1 6 94 140 250 156
T Space -3 1 140 125 93 -47
Space K 2 -4 125 94 343 218
K N -1 2 94 62 266 172
N O 2 -3 62 78 234 172
O W 0 7 78 141 93 15
W Space -3 -2 141 156 94 -47
Space W 3 2 156 110 1497 1341
W H -1 -4 110 78 156 46
H A 0 5 78 172 328 250
A T 1 -4 172 140 281 109
T Space -3 1 140 110 93 -47
Space T 3 -1 110 156 266 156
T O 0 -4 156 94 764 608
O Space -3 5 94 109 109 15
Space D 2 1 109 109 234 125
D O 1 -6 109 94 125 16
O Space -3 5 94 109 109 15
Space F 2 0 109 93 328 219
F O 1 -5 93 124 125 32
O R 0 5 124 110 124 0
R Space -3 0 110 94 125 15
Space A 2 3 94 140 219 125
A Space -2 -3 140 93 156 16
Space F 2 0 93 156 795 702
F E 1 1 156 140 125 -31
E W 0 1 140 141 265 125
W Space -3 -2 141 140 141 0
Space M 1 -3 140 78 780 640
M O 2 -2 78 78 218 140
O N -2 3 78 93 203 125
N T 2 1 93 78 171 78
T H -1 -1 78 78 125 47
H S 0 4 78 156 203 125
S OemPeriod -1 -7 156 125 359 203
OemPeriod Space -1 5 125 125 218 93
Space LShiftKey 1 4 125 375 499 374
LShiftKey I 2 -8 375 78 312 -63
I Space -3 4 78 109 141 63
Space F 2 0 109 94 265 156
F E 1 1 94 141 62 -32
E L -1 -6 141 109 250 109
L T 1 4 109 125 265 156
T Space -3 1 125 110 109 -16
Space T 3 -1 110 124 656 546
T H -1 -1 124 125 265 141
H A 0 5 125 94 62 -63
A T 1 -4 94 124 141 47
T Space -3 1 124 125 109 -15
Space LShiftKey 1 4 125 219 249 124
LShiftKey I 2 -8 219 94 156 -63
I Space -3 4 94 140 172 78
Space H 2 -2 140 94 1123 983
H A 0 5 94 93 94 0
A D 0 -2 93 124 203 110
D Space -2 -1 124 109 140 16
Space L 2 -5 109 78 1076 967
L E 1 6 78 125 63 -15
E T 0 -2 125 140 390 265
T Space -3 1 140 78 156 16
Space T 3 -1 78 78 265 187
T H -1 -1 78 94 530 452
H E 1 3 94 94 78 -16
E Space -3 -1 94 125 78 -16
Space P 3 -6 125 125 593 468
P R 0 6 125 78 125 0
R E 0 1 78 93 172 94
E V -2 -1 93 125 218 125
V I 2 -4 125 125 187 62
I O 0 -1 125 78 234 109
O U 0 2 78 78 234 156
U S -1 5 78 109 125 47
S Space -2 -2 109 140 94 -15
Space G 2 -1 140 78 1872 1732
G E 1 2 78 187 31 -47
E N -2 -3 187 94 327 140
N E 2 3 94 125 47 -47
E R 0 -1 125 140 281 156
R A -1 3 140 94 156 16
A T 1 -4 94 93 172 78
T I 0 -3 93 93 156 63
I O 0 -1 93 78 202 109
O N -2 3 78 140 188 110
N Space -1 2 140 125 202 62
Space O 3 -5 125 125 687 562
O F -1 5 125 172 93 -32
F Space -2 0 172 156 188 16
Space E 3 1 156 125 951 795
E N -2 -3 125 141 234 109
N T 2 1 141 125 172 31
T R 0 1 125 78 234 109
R E 0 1 78 156 187 109
E P 0 -7 156 109 3042 2886
P R 0 6 109 110 140 31
R E 0 1 110 140 188 78
E N -2 -3 140 94 358 218
N E 2 3 94 94 172 78
E U 0 -4 94 94 452 358
U R 0 3 94 63 125 31
R S -1 2 63 140 219 156
S Space -2 -2 140 140 109 -31
Space D 2 1 140 125 1310 1170
D O 1 -6 125 140 219 94
O W 0 7 140 109 1248 1108
W N -2 -4 109 63 639 530
N Space -1 2 63 110 109 46
Space OemMinus 4 -7 110 94 250 140
OemMinus Space -4 7 94 94 109 15
Space T 3 -1 94 47 515 421
T T 0 0 47 110 62 15
T H -1 -1 110 109 125 15
H A 0 5 109 125 125 16
A T 1 -4 125 125 140 15
T Space -3 1 125 124 110 -15
Space LShiftKey 1 4 124 234 499 375
LShiftKey I 2 -8 234 94 171 -63
I Space -3 4 94 93 141 47
Space H 2 -2 93 94 218 125
H A 0 5 94 93 94 0
A D 0 -2 93 109 343 250
D Space -2 -1 109 109 125 16
Space D 2 1 109 78 343 234
D R 1 -1 78 93 203 125
R O 0 -5 93 78 171 78
O P 0 -1 78 78 188 110
P P 0 0 78 78 140 62
P E 0 7 78 109 125 47
E D -1 0 109 125 234 125
D Space -2 -1 125 94 93 -32
Space T 3 -1 94 109 827 733
T H -1 -1 109 94 109 0
H E 1 3 94 109 125 31
E Space -3 -1 109 125 125 16
Space B 1 -1 125 94 218 93
B A 1 4 94 125 78 -16
A T 1 -4 125 94 203 78
T O 0 -4 94 124 141 47
O N -2 3 124 78 296 172
N Space -1 2 78 63 140 62
Space A 2 3 63 93 578 515
A S 0 -1 93 125 171 78
S Space -2 -2 125 124 141 16
Space I 3 -4 124 109 577 453
I T 0 3 109 109 125 16
T Space -3 1 109 141 93 -16
Space W 3 2 141 156 390 249
W A -1 1 156 125 172 16
A S 0 -1 125 94 171 46
S Space -2 -2 94 125 156 62
Space B 1 -1 125 109 344 219
B E 2 2 109 109 78 -31
E I 0 -5 109 94 202 93
I N -2 2 94 110 234 140
N G 1 1 110 110 234 124
G Space -2 1 110 124 110 0
Space P 3 -6 124 109 998 874
P A -1 9 109 125 62 -47
A S 0 -1 125 125 375 250
S S 0 0 125 124 203 78
S E 1 -1 124 78 249 125
E D -1 0 78 125 187 109
D Space -2 -1 125 94 125 0
Space T 3 -1 94 125 421 327
T O 0 -4 125 140 172 47
O Space -3 5 140 94 187 47
Space M 1 -3 94 109 156 62
M E 2 4 109 109 141 32
E OemPeriod -2 -6 109 78 1357 1248
OemPeriod Space -1 5 78 93 78 0
Space LShiftKey 1 4 93 312 140 47
LShiftKey I 2 -8 312 78 219 -93
I Space -3 4 78 93 234 156
Space M 1 -3 93 94 171 78
M E 2 4 94 141 109 15
E T 0 -2 141 140 250 109
T Space -3 1 140 140 172 32
Space W 3 2 140 125 374 234
W I 0 -6 125 110 296 171
I T 0 3 110 109 172 62
T H -1 -1 109 93 125 16
H Space -2 2 93 125 78 -15
Space LShiftKey 1 4 125 531 171 46
LShiftKey D 1 -3 531 171 375 -156
D A 0 2 171 78 218 47
A V -1 -3 78 171 297 219
V I 2 -4 171 94 218 47
I D -1 5 94 109 468 374
D Space -2 -1 109 141 234 125
Space LShiftKey 1 4 141 296 796 655
LShiftKey P 2 -10 296 110 171 -125
P A -1 9 110 140 266 156
A C -1 -2 140 94 405 265
C K 1 -5 94 125 172 78
K A 0 7 125 78 140 15
A R 1 -3 78 94 390 312
R D -1 1 94 125 203 109
D Space -2 -1 125 109 125 0
Space A 2 3 109 78 421 312
A N -1 -5 78 62 515 437
N D 1 3 62 78 187 125
D Space -2 -1 78 109 94 16
Space LShiftKey 1 4 109 312 327 218
LShiftKey B 0 -5 312 63 234 -78
B O 2 -4 63 78 250 187
O B -2 4 78 94 93 15
B Space -1 1 94 125 156 62
Space LShiftKey 1 4 125 499 266 141
LShiftKey N 0 -6 499 94 374 -125
N Y 2 0 94 109 359 265
Y C -2 3 109 171 390 281
C E 2 0 171 140 125 -46
E Left -3 -8 140 125 4399 4259
Left Left 0 0 125 78 218 93
Left Left 0 0 78 63 234 156
Left O 3 2 63 125 858 795
O RShiftKey -2 -2 125 78 936 811
RShiftKey Left -1 0 78 124 2247 2169
Left Left 0 0 124 78 265 141
Left Back 4 -2 78 78 3151 3073
Back Left -4 2 78 62 749 671
Left Space 0 7 62 124 4727 4665
Space A 2 3 124 141 748 624
A N -1 -5 141 94 281 140
N D 1 3 94 125 109 15
D Space -2 -1 125 141 78 -47
Space T 3 -1 141 109 250 109
T R 0 1 109 78 218 109
R I 0 -4 78 125 281 203
I E 0 5 125 171 94 -31
E D -1 0 171 140 234 63
D Space -2 -1 140 125 93 -47
Space T 3 -1 125 93 2559 2434
T I 0 -3 93 31 234 141
I Back 1 -5 31 109 1856 1825
Back O -1 4 109 94 359 250
O Space -3 5 94 125 125 31
Space A 2 3 125 125 343 218
A P 1 -9 125 94 187 62
P O 0 1 94 62 250 156
O L -1 0 62 156 265 203
L O 1 0 156 94 312 156
O G -1 4 94 125 515 421
G I 1 -3 125 125 374 249
I Z -2 7 125 125 234 109
Z E 2 -2 125 187 250 125
E Space -3 -1 187 156 281 94
Space F 2 0 156 93 858 702
F O 1 -5 93 140 156 63
O R 0 5 140 78 78 -62
R Space -3 0 78 124 156 78
Space S 2 2 124 110 280 156
S C -1 -1 110 110 234 124
C R 2 -1 110 110 156 46
R E 0 1 110 62 250 140
E W 0 1 62 109 312 250
W I 0 -6 109 62 1404 1295
I N -2 2 62 94 218 156
N G 1 1 94 109 141 47
G Space -2 1 109 125 93 -16
Space U 3 -3 125 94 281 156
U P 0 -3 94 109 328 234
P Space -3 6 109 124 125 16
Space S 2 2 124 109 187 63
S O 1 -7 109 78 140 31
O Space -3 5 78 93 94 16
Space B 1 -1 93 62 546 453
B A 1 4 62 125 31 -31
A D 0 -2 125 125 437 312
D L 0 -6 125 141 140 15
L Y 1 3 141 125 421 280
Y OemPeriod -2 -3 125 125 952 827
OemPeriod Space -1 5 125 94 109 -16
Space LShiftKey 1 4 94 296 141 47
LShiftKey I 2 -8 296 94 218 -78
I Space -3 4 94 125 203 109
Space W 3 2 125 156 249 124
W A -1 1 156 187 94 -62
A S 0 -1 187 78 234 47
S Space -2 -2 78 125 78 0
Space A 2 3 125 125 234 109
A Space -2 -3 125 141 109 -16
Space V 1 0 141 125 390 249
V E 2 1 125 110 109 -16
E R 0 -1 110 124 188 78
R Y 0 -2 124 94 374 250
Y Space -3 2 94 109 78 -16
Space P 3 -6 109 110 374 265
P U 0 3 110 94 312 202
U N -2 1 94 78 203 109
N Back 3 -7 78 109 453 375
Back B -3 8 109 78 109 0
B L 1 -4 78 78 577 499
L I 1 1 78 47 218 140
I C -2 5 47 141 125 78
C Space -1 -1 141 125 109 -32
Space F 2 0 125 93 344 219
F I 1 -4 93 109 156 63
I G -1 3 109 78 280 171
G U 1 -2 78 125 125 47
U R 0 3 125 78 203 78
R E 0 1 78 140 156 78
E Space -3 -1 140 125 125 -15
Space Back 4 -9 125 94 2589 2464
Back Back 0 0 94 62 188 94
Back Back 0 0 62 63 171 109
Back Back 0 0 63 78 172 109
Back Back 0 0 78 78 156 78
Back Back 0 0 78 94 171 93
Back A -2 12 94 109 219 125
A I 1 -7 109 94 421 312
I L -1 -1 94 94 187 93
L U 1 2 94 78 265 171
U R 0 3 78 93 110 32
R E 0 1 93 141 202 109
E Space -3 -1 141 124 110 -31
Space Back 4 -9 124 110 1060 936
Back Oemcomma -3 5 110 78 297 187
Oemcomma Space -1 4 78 109 62 -16
Space A 2 3 109 125 156 47
A N -1 -5 125 78 312 187
N D 1 3 78 125 125 47
D Space -2 -1 125 125 78 -47
Space LShiftKey 1 4 125 780 265 140
LShiftKey I 2 -8 780 109 562 -218
I Space -3 4 109 140 967 858
Space L 2 -5 140 93 593 453
L O 1 0 93 62 234 141
O V -2 5 62 140 125 63
V E 2 1 140 140 78 -62
E D -1 0 140 124 234 94
D Space -2 -1 124 172 93 -31
Space W 3 2 172 109 406 234
W H -1 -4 109 109 218 109
H A 0 5 109 62 94 -15
A T 1 -4 62 125 390 328
T Space -3 1 125 141 93 -32
Space Back 4 -9 141 608 3776 3635
Back Back 0 0 608 344 1138 530
Back Back 0 0 344 78 437 93
Back Back 0 0 78 78 156 78
Back Back 0 0 78 63 187 109
Back Back 0 0 63 109 188 125
Back Back 0 0 109 94 218 109
Back E -1 10 94 110 374 280
E V -2 -1 110 124 266 156
V E 2 1 124 125 109 -15
E N -2 -3 125 78 171 46
N Space -1 2 78 140 110 32
Space T 3 -1 140 93 1123 983
T H -1 -1 93 109 125 32
H O 1 -3 109 109 218 109
O U 0 2 109 78 296 187
U G -1 2 78 94 203 125
G H 0 -1 94 109 141 47
H T 1 1 109 124 78 -31
T Space -3 1 124 125 124 0
Space A 2 3 125 125 203 78
A B -1 -4 125 109 172 47
B O 2 -4 109 109 390 281
O U 0 2 109 78 281 172
U T 0 2 78 125 140 62
T Space -3 1 125 141 218 93
Space R 3 0 141 78 952 811
R U 0 -3 78 62 250 172
U N -2 1 62 47 202 140
N N 0 0 47 78 125 78
N I 2 -2 78 78 219 141
I N -2 2 78 78 218 140
N G 1 1 78 140 94 16
G Space -2 1 140 156 124 -16
Space A 2 3 156 110 234 78
A W 1 -1 110 109 484 374
W A -1 1 109 124 94 -15
A Y 1 -5 124 94 608 484
Y Space -3 2 94 156 78 -16
Space F 2 0 156 109 437 281
F R 1 0 109 125 171 62
R O 0 -5 125 93 266 141
O M -2 2 93 110 202 109
M Space -1 3 110 125 141 31
Space T 3 -1 125 93 156 31
T H -1 -1 93 109 78 -15
H E 1 3 109 156 156 47
E Space -3 -1 156 125 171 15
Space V 1 0 125 125 297 172
V A 1 3 125 94 109 -16
A L 0 -8 94 109 203 109
L L 0 0 109 93 203 94
L E 1 6 93 109 109 16
E Y 0 -3 109 171 468 359
Y OemPeriod -2 -3 171 109 983 812
OemPeriod Space -1 5 109 78 93 -16
Space LShiftKey 1 4 78 561 141 63
LShiftKey B 0 -5 561 63 436 -125
B U 2 -2 63 78 219 156
U T 0 2 78 109 109 31
T Space -3 1 109 140 94 -15
Space S 2 2 140 124 468 328
S O 1 -7 124 124 156 32
O M -2 2 124 94 249 125
M E 2 4 94 78 78 -16
E T 0 -2 78 124 297 219
T H -1 -1 124 140 234 110
H I 1 -2 140 109 171 31
I N -2 2 109 124 219 110
N G 1 1 124 140 109 -15
G Space -2 1 140 124 125 -15
Space S 2 2 124 78 982 858
S L 0 -7 78 140 141 63
L O 1 0 140 94 265 125
O W 0 7 94 109 156 62
W O 0 -7 109 78 218 109
O Back 1 -4 78 78 1170 1092
Back L -2 4 78 109 344 266
L Y 1 3 109 125 249 140
Y Space -3 2 125 140 94 -31
Space B 1 -1 140 93 359 219
B E 2 2 93 78 109 16
E G -1 -2 78 141 249 171
G A 0 4 141 125 125 -16
A N -1 -5 125 63 889 764
N Space -1 2 63 125 78 15
Space T 3 -1 125 125 671 546
T O 0 -4 125 125 172 47
O Space -3 5 125 125 109 -16
Space D 2 1 125 78 343 218
D A 0 2 78 109 94 16
A W 1 -1 109 125 218 109
W N -2 -4 125 94 203 78
N Space -1 2 94 109 125 31
Space O 3 -5 109 78 218 109
O N -2 3 78 78 219 141
N Space -1 2 78 125 124 46
Space M 1 -3 125 78 250 125
M E 2 4 78 156 156 78
E Space -3 -1 156 125 140 -16
Space OemMinus 4 -7 125 94 858 733
OemMinus Space -4 7 94 109 110 16
Space LShiftKey 1 4 109 203 748 639
LShiftKey I 2 -8 203 93 141 -62
I Space -3 4 93 109 187 94
Space S 2 2 109 94 234 125
S T 1 -3 94 124 328 234
T I 0 -3 124 94 124 0
I L -1 -1 94 78 266 172
L L 0 0 78 78 171 93
L Space -2 5 78 125 156 78
Space L 2 -5 125 110 343 218
L O 1 0 110 78 234 124
O V -2 5 78 125 94 16
V E 2 1 125 109 94 -31
E D -1 0 109 140 218 109
D Space -2 -1 140 125 109 -31
Space W 3 2 125 125 312 187
W H -1 -4 125 109 281 156
H A 0 5 109 124 94 -15
A T 1 -4 124 172 358 234
T Space -3 1 172 125 156 -16
Space LShiftKey 1 4 125 203 281 156
LShiftKey I 2 -8 203 78 156 -47
I Space -3 4 78 109 172 94
Space D 2 1 109 78 296 187
D I 1 -5 78 109 234 156
I D -1 5 109 124 219 110
D OemPeriod -1 -6 124 93 936 812
OemPeriod Space -1 5 93 78 93 0
Space LShiftKey 1 4 78 296 141 63
LShiftKey T 2 -5 296 93 187 -109
T H -1 -1 93 124 125 32
H E 1 3 124 109 140 16
E Space -3 -1 109 140 78 -31
Space T 3 -1 140 78 905 765
T U 0 -2 78 78 140 62
U R 0 3 78 94 281 203
R N -2 -2 94 110 140 46
N Space -1 2 110 109 141 31
Space O 3 -5 109 78 1248 1139
O F -1 5 78 94 109 31
F Space -2 0 94 94 109 15
Space E 3 1 94 109 297 203
E V -2 -1 109 125 171 62
V E 2 1 125 125 109 -16
E N -2 -3 125 125 219 94
N T 2 1 125 110 249 124
T S -1 3 110 125 219 109
S Space -2 -2 125 94 187 62
Space A 2 3 94 171 172 78
A T 1 -4 171 110 436 265
T Space -3 1 110 109 110 0
Space LShiftKey 1 4 109 561 577 468
LShiftKey A 1 -1 561 156 390 -171
A P 1 -9 156 47 3151 2995
P P 0 0 47 78 125 78
P L -1 1 78 62 187 109
L E 1 6 62 125 234 172
E Space -3 -1 125 125 78 -47
Space H 2 -2 125 62 1482 1357
H A 0 5 62 93 47 -15
A D 0 -2 93 141 218 125
D Space -2 -1 141 109 125 -16
Space N 1 -2 109 94 218 109
N O 2 -3 94 78 546 452
O T 0 4 78 124 110 32
T Space -3 1 124 93 109 -15
Space C 1 1 93 109 796 703
C H 1 -3 109 62 468 359
H A 0 5 62 110 280 218
A N -1 -5 110 93 141 31
N G 1 1 93 124 281 188
G E 1 2 124 140 140 16
E D -1 0 140 125 234 94
D Space -2 -1 125 109 109 -16
Space T 3 -1 109 141 811 702
T H -1 -1 141 94 125 -16
H A 0 5 94 109 78 -16
A T 1 -4 109 110 187 78
T Space -3 1 110 125 125 15
Space O 3 -5 125 78 343 218
O N -2 3 78 94 203 125
N E 2 3 94 109 125 31
E Space -3 -1 109 124 94 -15
Space B 1 -1 124 78 374 250
B I 2 -3 78 109 187 109
I T 0 3 109 125 234 125
T OemPeriod -2 -4 125 125 484 359
OemPeriod Space -1 5 125 109 125 0
Space LShiftKey 1 4 109 296 468 359
LShiftKey I 2 -8 296 94 218 -78
I Space -3 4 94 94 218 124
Space H 2 -2 94 93 188 94
H A 0 5 93 125 93 0
A D 0 -2 125 141 234 109
D Space -2 -1 141 125 78 -63
Space B 1 -1 125 78 609 484
B E 2 2 78 78 62 -16
E E 0 0 78 93 172 94
E N -2 -3 93 62 234 141
N Space -1 2 62 93 187 125
Space R 3 0 93 63 218 125
R E 0 1 63 109 172 109
E J -1 -4 109 93 312 203
J E 1 4 93 109 62 -31
E C -2 0 109 94 203 94
C T 2 -2 94 94 218 124
T E 0 2 94 156 203 109
E D -1 0 156 141 234 78
D Space -2 -1 141 78 187 46
Space Oemplus 4 -8 78 109 344 266
Oemplus Oemcomma -3 4 109 94 405 296
Oemcomma Space -1 4 94 110 109 15
Space LShiftKey 1 4 110 46 422 312
LShiftKey B 0 -5 46 94 358 312
B U 2 -2 94 78 125 31
U T 0 2 78 141 156 78
T Space -3 1 141 94 156 15
Space LShiftKey 1 4 94 359 156 62
LShiftKey I 2 -8 359 78 250 -109
I Space -3 4 78 125 234 156
Space W 3 2 125 125 312 187
W A -1 1 125 124 125 0
A S 0 -1 124 141 124 0
S Space -2 -2 141 140 172 31
Space S 2 2 140 125 281 141
S T 1 -3 125 109 312 187
T I 0 -3 109 63 140 31
I L -1 -1 63 63 234 171
L L 0 0 63 78 141 78
L Space -2 5 78 94 171 93
Space I 3 -4 94 62 172 78
I N -2 2 62 109 203 141
N Space -1 2 109 125 93 -16
Space L 2 -5 125 93 1077 952
L O 1 0 93 94 249 156
O V -2 5 94 109 156 62
V E 2 1 109 124 63 -46
E OemPeriod -2 -6 124 125 436 312
OemPeriod Space -1 5 125 93 110 -15
Space LShiftKey 1 4 93 405 265 172
LShiftKey A 1 -1 405 109 296 -109
A N -1 -5 109 62 172 63
N D 1 3 62 125 421 359
D Space -2 -1 125 125 109 -16
Space S 2 2 125 94 265 140
S O 1 -7 94 124 188 94
O Space -3 5 124 93 156 32
Space LShiftKey 1 4 93 187 312 219
LShiftKey I 2 -8 187 93 109 -78
I Space -3 4 93 109 203 110
Space D 2 1 109 141 405 296
D E 1 0 141 125 78 -63
E C -2 0 125 93 297 172
C I 2 -5 93 62 187 94
I D -1 5 62 109 343 281
D E 1 0 109 125 109 0
E D -1 0 125 78 219 94
D Space -2 -1 78 125 140 62
Space T 3 -1 125 125 468 343
T O 0 -4 125 94 156 31
O Space -3 5 94 140 78 -16
Space S 2 2 140 125 265 125
S T 1 -3 125 109 234 109
T A -1 4 109 124 141 32
A T 1 -4 124 94 202 78
T Oemplus 1 -7 94 78 687 593
Oemplus R -1 8 78 78 93 15
R T 0 -1 78 109 203 125
T Space -3 1 109 125 78 -31
Space Back 4 -9 125 62 796 671
Back Back 0 0 62 78 156 94
Back Back 0 0 78 63 171 93
Back Back 0 0 63 94 172 109
Back Back 0 0 94 94 187 93
Back R -1 9 94 94 624 530
R T 0 -1 94 156 172 78
T Space -3 1 156 125 109 -47
Space O 3 -5 125 109 811 686
O V -2 5 109 124 141 32
V E 2 1 124 109 62 -62
E R 0 -1 109 109 187 78
R OemPeriod -2 -5 109 109 375 266
OemPeriod Return 1 -3 109 78 1185 1076
Return LShiftKey -1 12 78 1201 1264 1186
LShiftKey I 2 -8 1201 78 1123 -78
I Space -3 4 78 109 265 187
Space D 2 1 109 78 265 156
D I 1 -5 78 78 141 63
I D -1 5 78 94 93 15
D N -1 -3 94 109 1342 1248
N Oem7 1 -5 109 109 546 437
Oem7 T 1 6 109 109 343 234
T Space -3 1 109 125 94 -15
Space S 2 2 125 125 327 202
S E 1 -1 125 78 219 94
E E 0 0 78 125 156 78
E Space -3 -1 125 125 171 46
Space I 3 -4 125 31 687 562
I T 0 3 31 109 62 31
T Space -3 1 109 94 125 16
Space T 3 -1 94 94 296 202
T H -1 -1 94 109 110 16
H E 1 3 109 78 171 62
E N -2 -3 78 78 125 47
N Oemcomma 0 -2 78 47 1513 1435
Oemcomma Space -1 4 47 94 78 31
Space B 1 -1 94 110 421 327
B U 2 -2 110 63 203 93
U T 0 2 63 141 78 15
T Space -3 1 141 109 125 -16
Space I 3 -4 109 125 1045 936
I T 0 3 125 125 94 -31
T Space -3 1 125 109 140 15
Space T 3 -1 109 78 265 156
T U 0 -2 78 78 203 125
U R 0 3 78 109 141 63
R N -2 -2 109 78 218 109
N E 2 3 78 63 109 31
E D -1 0 63 125 156 93
D Space -2 -1 125 125 125 0
Space O 3 -5 125 78 1435 1310
O U 0 2 78 93 250 172
U T 0 2 93 125 140 47
T Space -3 1 125 110 109 -16
Space T 3 -1 110 109 141 31
T H -1 -1 109 93 125 16
H A 0 5 93 93 109 16
A T 1 -4 93 124 125 32
T Space -3 1 124 109 109 -15
Space G 2 -1 109 125 468 359
G E 1 2 125 78 187 62
E T 0 -2 78 109 187 109
T T 0 0 109 78 624 515
T I 0 -3 78 94 187 109
I N -2 2 94 109 328 234
N G 1 1 109 94 218 109
G Space -2 1 94 125 63 -31
Space F 2 0 125 125 608 483
F I 1 -4 125 125 187 62
I R 0 4 125 78 110 -15
R E 0 1 78 94 202 124
E D -1 0 94 140 609 515
D Space -2 -1 140 109 125 -15
Space F 2 0 109 141 249 140
F R 1 0 141 93 219 78
R O 0 -5 93 94 140 47
O M -2 2 94 94 218 124
M Space -1 3 94 109 125 31
Space A 2 3 109 62 203 94
A Back 2 -12 62 109 515 453
Back LShiftKey -3 13 109 312 47 -62
LShiftKey A 1 -1 312 125 187 -125
A P 1 -9 125 78 811 686
P P 0 0 78 63 140 62
P L -1 1 63 78 172 109
L E 1 6 78 124 94 16
E Space -3 -1 124 94 140 16
Space W 3 2 94 125 842 748
W A -1 1 125 110 156 31
A S 0 -1 110 109 172 62
S Space -2 -2 109 125 125 16
Space T 3 -1 125 93 234 109
T H -1 -1 93 109 156 63
H E 1 3 109 109 78 -31
E Space -3 -1 109 125 93 -16
Space B 1 -1 125 156 266 141
B E 2 2 156 140 234 78
E S -1 1 140 93 265 125
S T 1 -3 93 125 249 156
T Space -3 1 125 124 110 -15
Space T 3 -1 124 93 234 110
T H -1 -1 93 124 156 63
H I 1 -2 124 94 280 156
I N -2 2 94 110 234 140
N G 1 1 110 93 141 31
G Space -2 1 93 93 78 -15
Space T 3 -1 93 109 296 203
T H -1 -1 109 109 125 16
H A 0 5 109 125 109 0
A T 1 -4 125 125 125 0
T Space -3 1 125 109 125 0
Space C 1 1 109 172 1045 936
C O 2 -6 172 125 187 15
O U 0 2 125 62 250 125
U L -1 -2 62 78 218 156
L D 0 6 78 125 125 47
D Space -2 -1 125 109 78 -47
Space H 2 -2 109 125 281 172
H A 0 5 125 94 109 -16
A V -1 -3 94 125 156 62
V E 2 1 125 156 94 -31
E Space -3 -1 156 94 140 -16
Space E 3 1 94 156 780 686
E V -2 -1 156 140 172 16
V E 2 1 140 78 140 0
E R 0 -1 78 109 172 94
R Space -3 0 109 125 140 31
Space H 2 -2 125 94 546 421
H A 0 5 94 109 78 -16
A P 1 -9 109 78 343 234
P P 0 0 78 94 156 78
P E 0 7 94 109 78 -16
E N -2 -3 109 63 265 156
N E 2 3 63 109 47 -16
E D -1 0 109 109 250 141
D Space -2 -1 109 109 156 47
Space T 3 -1 109 78 764 655
T O 0 -4 78 109 141 63
O Space -3 5 109 78 171 62
Space M 1 -3 78 93 406 328
M E 2 4 93 78 109 16
E OemPeriod -2 -6 78 78 749 671
OemPeriod Space -1 5 78 109 78 0
Space LShiftKey 1 4 109 312 249 140
LShiftKey T 2 -5 312 94 250 -62
T H -1 -1 94 93 125 31
H E 1 3 93 94 109 16
E Space -3 -1 94 125 125 31
Space H 2 -2 125 78 359 234
H E 1 3 78 78 62 -16
E A -1 2 78 125 62 -16
A V -1 -3 125 141 671 546
V I 2 -4 141 94 1092 951
I N -2 2 94 94 203 109
N E 2 3 94 78 125 31
E S -1 1 78 47 234 156
S S 0 0 47 110 171 124
S Space -2 -2 110 141 156 46
Space O 3 -5 141 94 702 561
O F -1 5 94 110 78 -16
F Space -2 0 110 125 94 -16
Space B 1 -1 125 63 421 296
B E 2 2 63 109 63 0
E I 0 -5 109 94 249 140
I N -2 2 94 62 250 156
N G 1 1 62 94 93 31
G Space -2 1 94 125 141 47
Space S 2 2 125 109 686 561
S U 1 -5 109 78 203 94
U C -2 4 78 93 203 125
C C 0 0 93 110 171 78
C E 2 0 110 94 172 62
E D -1 0 94 63 218 124
D Back 2 -10 63 47 437 374
Back S -2 11 47 63 546 499
S S 0 0 63 78 156 93
S F 0 -2 78 125 499 421
F U 1 -3 125 31 281 156
U L -1 -2 31 109 203 172
L Space -2 5 109 78 187 78
Space W 3 2 78 94 234 156
W A -1 1 94 94 78 -16
A S 0 -1 94 125 172 78
S Space -2 -2 125 93 125 0
Space R 3 0 93 47 499 406
R R 0 0 47 31 78 31
R E 0 1 31 93 203 172
E P 0 -7 93 63 202 109
P L -1 1 63 109 188 125
L A 0 8 109 93 156 47
A C -1 -2 93 62 421 328
C E 2 0 62 125 31 -31
E D -1 0 125 141 296 171
D Space -2 -1 141 125 125 -16
Space B 1 -1 125 78 874 749
B Y 2 -1 78 125 265 187
Y Space -3 2 125 94 140 15
Space T 3 -1 94 125 172 78
T H -1 -1 125 94 156 31
H E 1 3 94 125 78 -16
E Space -3 -1 125 110 140 15
Space L 2 -5 110 78 500 390
L I 1 1 78 62 218 140
I G -1 3 62 94 109 47
G H 0 -1 94 94 187 93
H T 1 1 94 94 78 -16
T N -2 -1 94 78 1638 1544
N E 2 3 78 94 78 0
E S -1 1 94 94 281 187
S S 0 0 94 125 172 78
S Back 2 -11 125 47 3447 3322
Back Space -4 9 47 125 2309 2262
Space O 3 -5 125 63 2340 2215
O F -1 5 63 110 421 358
F Space -2 0 110 125 94 -16
Space B 1 -1 125 78 296 171
B E 2 2 78 93 110 32
E I 0 -5 93 93 156 63
I N -2 2 93 63 249 156
N F 1 2 63 78 94 31
F Space -2 0 78 94 93 15
Space A 2 3 94 109 188 94
A Space -2 -3 109 110 124 15
Space B 1 -1 110 109 968 858
B E 2 2 109 110 124 15
E G -1 -2 110 110 702 592
G I 1 -3 110 78 281 171
I N -2 2 78 62 203 125
N N 0 0 62 78 156 94
N E 2 3 78 109 94 16
E R 0 -1 109 110 202 93
R Space -3 0 110 109 110 0
Space A 2 3 109 124 312 203
A G 0 -4 124 78 312 188
G A 0 4 78 93 109 31
A I 1 -7 93 93 156 63
I B -2 3 93 62 281 188
B Back 3 -8 62 78 842 780
Back N -3 7 78 78 468 390
N OemPeriod 0 -3 78 94 374 296
OemPeriod Space -1 5 94 125 156 62
Space Left 0 -7 125 842 1732 1607
Left Left 0 0 842 219 889 47
Left Left 0 0 219 93 406 187
Left Left 0 0 93 78 187 94
Left Left 0 0 78 78 172 94
Left Left 0 0 78 63 171 93
Left Left 0 0 63 63 156 93
Left Left 0 0 63 109 141 78
Left Back 4 -2 109 62 998 889
Back G -2 8 62 78 421 359
G Back 2 -8 78 63 4477 4399
Back Back 0 0 63 94 156 93
Back Oemcomma -3 5 94 62 734 640
Oemcomma Space -1 4 62 110 124 62
Space L 2 -5 110 78 422 312
L E 1 6 78 93 78 0
E S -1 1 93 62 234 141
S S 0 0 62 109 156 94
S Space -2 -2 109 109 171 62
Space S 2 2 109 109 250 141
S U 1 -5 109 62 281 172
U R 0 3 62 78 93 31
R E 0 1 78 110 187 109
E Space -3 -1 110 78 125 15
Space A 2 3 78 94 437 359
A B -1 -4 94 78 328 234
B O 2 -4 78 110 358 280
O U 0 2 110 93 219 109
U T 0 2 93 125 109 16
T Space -3 1 125 94 109 -16
Space E 3 1 94 125 796 702
E V -2 -1 125 140 156 31
V E 2 1 140 109 109 -31
E R 0 -1 109 124 219 110
R Y 0 -2 124 78 405 281
Y T 0 1 78 94 109 31
T H -1 -1 94 93 141 47
H I 1 -2 93 78 359 266
I N -2 2 78 63 249 171
N G 1 1 63 124 63 0
G Space -2 1 124 109 171 47
Space Back 4 -9 109 78 1248 1139
Back OemPeriod -3 4 78 62 484 406
OemPeriod Space -1 5 62 109 78 16
Space LShiftKey 1 4 109 249 203 94
LShiftKey I 2 -8 249 78 187 -62
I T 0 3 78 109 218 140
T Space -3 1 109 125 156 47
Space F 2 0 125 125 265 140
F R 1 0 125 110 156 31
R E 0 1 110 63 234 124
E E 0 0 63 94 156 93
E D -1 0 94 109 687 593
D Space -2 -1 109 93 125 16
Space M 1 -3 93 78 218 125
M E 2 4 78 78 62 -16
E Space -3 -1 78 109 125 47
Space T 3 -1 109 78 265 156
T O 0 -4 78 78 125 47
O Space -3 5 78 93 141 63
Space E 3 1 93 78 265 172
E N -2 -3 78 109 156 78
N T 2 1 109 94 187 78
T E 0 2 94 94 218 124
E R 0 -1 94 125 172 78
R Space -3 0 125 94 140 15
Space O 3 -5 94 109 1030 936
O N -2 3 109 78 250 141
N E 2 3 78 93 109 31
E Space -3 -1 93 94 93 0
Space O 3 -5 94 109 578 484
O F -1 5 109 125 109 0
F Space -2 0 125 78 327 202
Space T 3 -1 78 78 188 110
T H -1 -1 78 94 124 46
H E 1 3 94 125 94 0
E Space -3 -1 125 125 109 -16
Space M 1 -3 125 93 297 172
M O 2 -2 93 94 249 156
O S -1 7 94 94 78 -16
S T 1 -3 94 124 219 125
T Space -3 1 124 94 140 16
Space C 1 1 94 109 889 795
C R 2 -1 109 62 219 110
R E 0 1 62 125 187 125
E A -1 2 125 78 140 15
A T 1 -4 78 124 141 63
T I 0 -3 124 125 187 63
I V -2 4 125 110 249 124
V E 2 1 110 156 47 -63
E Space -3 -1 156 93 172 16
Space P 3 -6 93 125 858 765
P E 0 7 125 93 125 0
E R 0 -1 93 94 218 125
R I 0 -4 94 78 203 109
I O 0 -1 78 78 203 125
O D -1 6 78 141 249 171
D S 0 1 141 125 125 -16
S Space -2 -2 125 141 140 15
Space O 3 -5 141 125 687 546
O F -1 5 125 141 93 -32
F Space -2 0 141 125 125 -16
Space M 1 -3 125 93 765 640
M Y 2 1 93 110 202 109
Y Space -3 2 110 140 141 31
Space L 2 -5 140 78 327 187
L I 1 1 78 78 203 125
I F -1 4 78 109 141 63
F E 1 1 109 124 78 -31
E OemPeriod -2 -6 124 62 312 188
OemPeriod Return 1 -3 62 93 343 281
Return Back 2 -1 93 78 3806 3713
Back Back 0 0 78 62 219 141
Back LShiftKey -3 13 62 1358 3634 3572
LShiftKey D 1 -3 1358 109 1264 -94
D U 1 -4 109 78 234 125
U R 0 3 78 125 187 109
R I 0 -4 125 125 125 0
I N -2 2 125 109 250 125
N G 1 1 109 109 93 -16
G Space -2 1 109 125 94 -15
Space T 3 -1 125 78 4914 4789
T H -1 -1 78 94 218 140
H E 1 3 94 125 328 234
E Space -3 -1 125 109 78 -47
Space N 1 -2 109 78 234 125
N E 2 3 78 109 78 0
E X -2 1 109 125 421 312
X T 2 -3 125 94 265 140
T Space -3 1 94 125 78 -16
Space F 2 0 125 110 265 140
F I 1 -4 110 109 188 78
I V -2 4 109 62 234 125
V E 2 1 62 109 249 187
E Space -3 -1 109 94 125 16
Space Y 3 -2 94 94 1045 951
Y E 0 3 94 93 141 47
E A -1 2 93 124 78 -15
A R 1 -3 124 93 187 63
R S -1 2 93 125 218 125
S Oemcomma -1 -6 125 78 281 156
Oemcomma Space -1 4 78 78 187 109
Space LShiftKey 1 4 78 436 375 297
LShiftKey I 2 -8 436 78 327 -109
I Space -3 4 78 110 187 109
Space S 2 2 110 110 156 46
S T 1 -3 110 93 266 156
T A -1 4 93 141 124 31
A R 1 -3 141 78 203 62
R T 0 -1 78 110 265 187
T E 0 2 110 93 219 109
E D -1 0 93 93 203 110
D Space -2 -1 93 156 140 47
Space A 2 3 156 78 655 499
A Space -2 -3 78 125 94 16
Space C 1 1 125 109 733 608
C O 2 -6 109 78 187 78
O M -2 2 78 94 234 156
M P 2 -3 94 78 265 171
P A -1 9 78 141 156 78
A N -1 -5 141 109 203 62
N Y 2 0 109 109 328 219
Y Space -3 2 109 125 93 -16
Space N 1 -2 125 62 952 827
N A 1 5 62 47 78 16
A M -1 -6 47 93 203 156
M E 2 4 93 124 125 32
E D -1 0 124 109 296 172
D Space -2 -1 109 140 156 47
Space LShiftKey 1 4 140 1139 1591 1451
LShiftKey N 0 -6 1139 63 1092 -47
N E 2 3 63 93 219 156
E X -2 1 93 47 280 187
X LShiftKey 0 2 47 1419 266 219
LShiftKey Back 3 -13 1419 78 1154 -265
Back X -3 11 78 94 78 0
X T 2 -3 94 188 374 280
T Oemplus 1 -7 188 63 437 249
LShiftKey Back 3 -13 734 109 47 -687
Back Back 0 0 109 78 219 110
Back T -1 8 78 109 343 265
T Space -3 1 109 125 265 156
Space Back 4 -9 125 125 749 624
Back Oemcomma -3 5 125 62 577 452
Oemcomma Space -1 4 62 109 78 16
Space A 2 3 109 140 156 47
A N -1 -5 140 78 406 266
N O 2 -3 78 94 358 280
O T 0 4 94 78 250 156
T H -1 -1 78 78 187 109
H E 1 3 78 110 31 -47
E R 0 -1 110 109 203 93
R Space -3 0 109 93 141 32
Space C 1 1 93 94 1060 967
C O 2 -6 94 110 156 62
O M -2 2 110 63 234 124
M O 2 -2 63 78 219 156
O P 0 -1 78 31 31 -47
P A -1 9 31 110 62 31
A Back 2 -12 110 62 1389 1279
Back Back 0 0 62 62 187 125
Back Back 0 0 62 94 156 94
Back P -1 3 94 110 530 436
P A -1 9 110 93 188 78
A N -1 -5 93 94 202 109
N Y 2 0 94 124 500 406
Y Space -3 2 124 125 124 0
Space N 1 -2 125 93 578 453
N A 1 5 93 110 46 -47
A M -1 -6 110 93 188 78
M E 2 4 93 109 78 -15
E D -1 0 109 125 218 109
D Space -2 -1 125 109 109 -16
Space LShiftKey 1 4 109 422 421 312
LShiftKey P 2 -10 422 78 312 -110
P I 0 2 78 109 266 188
I C -2 5 109 78 218 109
C Back 3 -10 78 124 406 328
Back X -3 11 124 93 109 -15
X A 1 1 93 141 62 -31
A R 1 -3 141 156 421 280
R Oemcomma -2 -4 156 94 1061 905
Oemcomma Space -1 4 94 94 109 15
Space A 2 3 94 110 390 296
A N -1 -5 110 93 141 31
N D 1 3 93 140 109 16
D Space -2 -1 140 125 109 -31
Space LShiftKey 1 4 125 171 219 94
LShiftKey I 2 -8 171 78 140 -31
I Space -3 4 78 94 140 62
Space F 2 0 94 187 250 156
F E 1 1 187 124 172 -15
E L -1 -6 124 93 187 63
L L 0 0 93 78 187 94
L Space -2 5 78 125 140 62
Space I 3 -4 125 109 687 562
I N -2 2 109 93 1217 1108
N Space -1 2 93 125 109 16
Space L 2 -5 125 94 764 639
L O 1 0 94 62 203 109
O V -2 5 62 78 94 32
V E 2 1 78 110 46 -32
E Space -3 -1 110 125 156 46
Space W 3 2 125 125 562 437
W I 0 -6 125 78 187 62
I T 0 3 78 125 203 125
T H -1 -1 125 110 140 15
H Space -2 2 110 109 125 15
Space A 2 3 109 78 172 63
A N -1 -5 78 78 187 109
N Space -1 2 78 109 109 31
Space A 2 3 109 109 936 827
A M -1 -6 109 109 141 32
M A 1 6 109 94 140 31
A Z -1 0 94 125 452 358
Z I 2 -7 125 94 125 0
I N -2 2 94 93 219 125
N G 1 1 93 125 109 16
G Space -2 1 125 109 109 -16
Space W 3 2 109 110 374 265
W O 0 -7 110 141 156 46
O M -2 2 141 94 250 109
M A 1 6 94 78 125 31
A N -1 -5 78 63 171 93
N Space -1 2 63 94 125 62
Space W 3 2 94 125 1170 1076
W H -1 -4 125 94 390 265
H O 1 -3 94 78 297 203
O Space -3 5 78 109 249 171
Space W 3 2 109 125 343 234
W O 0 -7 125 78 609 484
O U 0 2 78 94 374 296
U L -1 -2 94 109 234 140
L D 0 6 109 78 141 32
D Space -2 -1 78 124 78 0
Space B 1 -1 124 63 873 749
B E 2 2 63 141 31 -32
E C -2 0 141 110 468 327
C O 2 -6 110 78 453 343
O M -2 2 78 93 203 125
M E 2 4 93 109 109 16
E Space -3 -1 109 125 78 -31
Space M 1 -3 125 125 624 499
M Y 2 1 125 78 359 234
Y Space -3 2 78 94 93 15
Space W 3 2 94 109 297 203
W I 0 -6 109 93 156 47
I F -1 4 93 109 421 328
F E 1 1 109 140 47 -62
E OemPeriod -2 -6 140 63 1341 1201
OemPeriod Space -1 5 63 109 78 15
Space LShiftKey 1 4 109 265 141 32
LShiftKey P 2 -10 265 94 140 -125
P I 0 2 94 109 250 156
I X -2 6 109 125 436 327
X A 1 1 125 141 47 -78
A R 1 -3 141 156 219 78
R Space -3 0 156 140 140 -16
Space W 3 2 140 124 328 188
W E 0 -1 124 110 280 156
E N -2 -3 110 94 250 140
N T 2 1 94 125 187 93
T Space -3 1 125 109 141 16
Space O 3 -5 109 78 249 140
O N -2 3 78 94 265 187
N Space -1 2 94 94 172 78
Space T 3 -1 94 93 203 109
T O 0 -4 93 63 1232 1139
O Space -3 5 63 78 94 31
Space C 1 1 78 78 249 171
C R 2 -1 78 78 156 78
R E 0 1 78 124 188 110
E A -1 2 124 110 124 0
A T 1 -4 110 109 141 31
T E 0 2 109 109 234 125
E Space -3 -1 109 93 125 16
Space T 3 -1 93 78 920 827
T H -1 -1 78 78 140 62
H E 1 3 78 125 63 -15
E Space -3 -1 125 125 156 31
Space W 3 2 125 94 296 171
W O 0 -7 94 125 172 78
O R 0 5 125 93 312 187
R L -1 -5 93 93 156 63
L D 0 6 93 93 312 219
D Oem7 0 -8 93 94 561 468
Oem7 S 0 9 94 140 63 -31
S Space -2 -2 140 109 125 -15
Space F 2 0 109 93 1014 905
F I 1 -4 93 78 436 343
I R 0 4 78 109 125 47
R S -1 2 109 110 265 156
S T 1 -3 110 109 250 140
T Space -3 1 109 110 140 31
Space C 1 1 110 78 858 748
C O 2 -6 78 62 188 110
O M -2 2 62 93 187 125
M P 2 -3 93 63 249 156
P U 0 3 63 94 312 249
U T 0 2 94 141 125 31
T E 0 2 141 140 125 -16
E R 0 -1 140 125 203 63
R Space -3 0 125 109 125 0
Space A 2 3 109 109 374 265
A N -1 -5 109 109 203 94
N I 2 -2 109 94 296 187
I M -2 1 94 109 234 140
M A 1 6 109 62 141 32
A T 1 -4 62 78 171 109
T E 0 2 78 124 219 141
E D -1 0 124 140 296 172
D Space -2 -1 140 93 203 63
Space F 2 0 93 109 858 765
F E 1 1 109 140 234 125
E A -1 2 140 141 93 -47
A T 1 -4 141 171 344 203
T U 0 -2 171 93 343 172
U E 0 4 93 94 483 390
E Back 1 -10 94 78 1233 1139
Back R -1 9 78 47 62 -16
R E 0 1 47 125 0 -47
E Space -3 -1 125 125 234 109
Space F 2 0 125 110 967 842
F U 1 -3 110 78 219 109
U Back 1 -6 78 78 671 593
Back I -1 5 78 78 296 218
I L -1 -1 78 93 203 125
L M -1 2 93 78 780 687
M Oemcomma 0 -1 78 63 1107 1029
Oemcomma Space -1 4 63 124 32 -31
Space LShiftKey 1 4 124 436 234 110
LShiftKey T 2 -5 436 125 296 -140
T O 0 -4 125 93 359 234
O Y 0 3 93 109 156 63
Y Space -3 2 109 125 109 0
Space LShiftKey 1 4 125 359 593 468
LShiftKey S 1 -2 359 125 265 -94
S T 1 -3 125 109 250 125
T O 0 -4 109 156 218 109
O R 0 5 156 78 172 16
R Y 0 -2 78 94 296 218
Y Space -3 2 94 109 2013 1919
Space Back 4 -9 109 109 795 686
Back Oemcomma -3 5 109 94 421 312
Oemcomma Space -1 4 94 125 78 -16
Space A 2 3 125 94 172 47
A N -1 -5 94 78 172 78
N D 1 3 78 124 156 78
D Space -2 -1 124 140 78 -46
Space I 3 -4 140 124 234 94
I S -1 6 124 93 109 -15
S Space -2 -2 93 109 78 -15
Space N 1 -2 109 62 187 78
N O 2 -3 62 109 203 141
O W 0 7 109 140 156 47
W Space -3 -2 140 140 125 -15
Space T 3 -1 140 78 951 811
T H -1 -1 78 94 78 0
H E 1 3 94 78 109 15
E Space -3 -1 78 125 63 -15
Space M 1 -3 125 94 343 218
M O 2 -2 94 78 218 124
O S -1 7 78 94 78 0
S T 1 -3 94 109 219 125
T Space -3 1 109 94 140 31
Space S 2 2 94 94 203 109
S U 1 -5 94 78 187 93
U C -2 4 78 109 125 47
C C 0 0 109 94 187 78
C E 2 0 94 125 109 15
E S -1 1 125 93 219 94
S S 0 0 93 78 171 78
S F 0 -2 78 140 297 219
F U 1 -3 140 62 281 141
U L -1 -2 62 109 265 203
L Space -2 5 109 94 249 140
Space A 2 3 94 78 562 468
A N -1 -5 78 125 234 156
N I 2 -2 125 78 265 140
I M -2 1 78 109 203 125
M A 1 6 109 109 156 47
A T 1 -4 109 78 187 78
T I 0 -3 78 109 94 16
I O 0 -1 109 94 187 78
O N -2 3 94 93 203 109
N Space -1 2 93 109 62 -31
Space S 2 2 109 94 234 125
S T 1 -3 94 78 265 171
T U 0 -2 78 78 172 94
U D -1 4 78 125 125 47
D I 1 -5 125 78 171 46
I O 0 -1 78 63 203 125
O Space -3 5 63 109 125 62
Space I 3 -4 109 63 1513 1404
I N -2 2 63 78 187 124
N Space -1 2 78 47 141 63
Space T 3 -1 47 78 156 109
T H -1 -1 78 110 93 15
H E 1 3 110 47 172 62
E Space -3 -1 47 125 62 15
Space W 3 2 125 78 702 577
W O 0 -7 78 109 125 47
O R 0 5 109 63 312 203
R L -1 -5 63 109 219 156
L D 0 6 109 125 218 109
D OemPeriod -1 -6 125 109 359 234
OemPeriod Space -1 5 109 94 187 78
Space LShiftKey 1 4 94 265 671 577
LShiftKey I 2 -8 265 78 171 -94
I N -2 2 78 62 219 141
N Space -1 2 62 62 156 94
Space A 2 3 62 125 93 31
A Space -2 -3 125 125 156 31
Space R 3 0 125 94 406 281
R E 0 1 94 124 172 78
E M -2 -4 124 124 156 32
M A 1 6 124 109 109 -15
A R 1 -3 109 93 203 94
R K -1 -4 93 94 280 187
K A 0 7 94 78 110 16
A B -1 -4 78 93 390 312
B L 1 -4 93 109 140 47
L E 1 6 109 124 172 63
E Space -3 -1 124 125 93 -31
Space T 3 -1 125 94 1357 1232
T U 0 -2 94 78 297 203
U R 0 3 78 125 265 187
R N -2 -2 125 78 172 47
N Space -1 2 78 125 93 15
Space O 3 -5 125 78 921 796
O F -1 5 78 141 93 15
F Space -2 0 141 109 125 -16
Space E 3 1 109 110 296 187
E V -2 -1 110 140 250 140
V E 2 1 140 125 109 -31
E N -2 -3 125 93 250 125
N T 2 1 93 125 156 63
T S -1 3 125 94 249 124
S Oemcomma -1 -6 94 94 1014 920
Oemcomma Space -1 4 94 94 94 0
Space LShiftKey 1 4 94 312 172 78
LShiftKey A 1 -1 312 78 218 -94
A P 1 -9 78 94 187 109
P P 0 0 94 78 203 109
P L -1 1 78 94 187 109
L E 1 6 94 125 109 15
E Space -3 -1 125 109 110 -15
Space B 1 -1 109 94 452 343
B O 2 -4 94 109 156 62
O U 0 2 109 94 296 187
U G -1 2 94 124 188 94
G H 0 -1 124 78 140 16
H T 1 1 78 110 62 -16
T Space -3 1 110 94 156 46
Space LShiftKey 1 4 94 655 250 156
LShiftKey N 0 -6 655 78 343 -312
N E 2 3 78 109 515 437
E LShiftKey -2 3 109 795 281 172
LShiftKey X 0 -2 795 140 312 -483
X T 2 -3 140 124 359 219
T Space -3 1 124 94 140 16
Space Back 4 -9 94 109 936 842
Back Oemcomma -3 5 109 94 343 234
Oemcomma Space -1 4 94 94 109 15
Space LShiftKey 1 4 94 265 203 109
LShiftKey I 2 -8 265 94 125 -140
I Space -3 4 94 93 484 390
Space R 3 0 93 93 187 94
R E 0 1 93 94 187 94
E T 0 -2 94 93 250 156
T U 0 -2 93 93 187 94
U R 0 3 93 93 78 -15
R E 0 1 93 78 203 110
E Back 1 -10 78 94 483 405
Back N -3 7 94 62 281 187
N E 2 3 62 109 78 16
E D -1 0 109 109 281 172
D Space -2 -1 109 78 125 16
Space T 3 -1 78 125 826 748
T O 0 -4 125 94 172 47
O Space -3 5 94 93 125 31
Space LShiftKey 1 4 93 421 296 203
LShiftKey A 1 -1 421 125 328 -93
A P 1 -9 125 94 218 93
P P 0 0 94 63 187 93
P L -1 1 63 62 188 125
L E 1 6 62 93 156 94
E Oemcomma -2 -5 93 93 265 172
Oemcomma Space -1 4 93 94 140 47
Space A 2 3 94 109 515 421
A N -1 -5 109 93 172 63
N R 2 2 93 93 234 141
R Back 1 -9 93 62 1591 1498
Back D -2 10 62 93 437 375
D Space -2 -1 93 156 265 172
Space T 3 -1 156 78 951 795
T H -1 -1 78 78 125 47
H E 1 3 78 156 63 -15
E Space -3 -1 156 93 156 0
Space T 3 -1 93 94 842 749
T E 0 2 94 94 218 124
E C -2 0 94 94 281 187
C H 1 -3 94 78 141 47
H N -1 0 78 62 218 140
N O 2 -3 62 62 250 188
O L -1 0 62 94 202 140
L O 1 0 94 62 219 125
O G -1 4 62 141 171 109
G Y 1 -1 141 141 312 171
Y Space -3 2 141 94 172 31
Space E 3 1 94 93 1186 1092
E Oemplus 1 -9 93 93 499 406
Oemplus W -1 10 93 63 93 0
W E 0 -1 63 187 188 125
E Space -3 -1 187 94 140 -47
Space Back 4 -9 94 702 1030 936
Back Space -4 9 702 141 1341 639
Space Back 4 -9 141 124 531 390
Back Y -1 7 124 94 202 78
Y Space -3 2 94 125 125 31
Space W 3 2 125 94 312 187
W E 0 -1 94 125 156 62
E Space -3 -1 125 110 109 -16
Space D 2 1 110 156 437 327
D E 1 0 156 140 94 -62
E V -2 -1 140 125 312 172
V E 2 1 125 109 78 -47
E L -1 -6 109 93 234 125
L O 1 0 93 78 187 94
O P 0 -1 78 109 172 94
P E 0 7 109 94 124 15
E D -1 0 94 110 234 140
D Space -2 -1 110 109 94 -16
Space A 2 3 109 94 265 156
A T 1 -4 94 93 999 905
T Space -3 1 93 125 109 16
Space LShiftKey 1 4 125 281 312 187
LShiftKey N 0 -6 281 62 203 -78
N E 2 3 62 93 234 172
E LShiftKey -2 3 93 608 655 562
LShiftKey X 0 -2 608 140 125 -483
X T 2 -3 140 78 327 187
T Space -3 1 78 109 515 437
Space I 3 -4 109 93 905 796
I S -1 6 93 171 78 -15
S Space -2 -2 171 94 187 16
Space A 2 3 94 140 172 78
A T 1 -4 140 78 1216 1076
T Space -3 1 78 93 110 32
Space T 3 -1 93 125 140 47
T H -1 -1 125 63 187 62
H E 1 3 63 125 78 15
E Space -3 -1 125 78 125 0
Space H 2 -2 78 94 577 499
H E 1 3 94 94 125 31
E A -1 2 94 156 421 327
A R 1 -3 156 109 203 47
R T 0 -1 109 110 218 109
T Space -3 1 110 93 141 31
Space O 3 -5 93 109 1217 1124
O F -1 5 109 156 124 15
F Space -2 0 156 141 125 -31
Space LShiftKey 1 4 141 343 234 93
LShiftKey A 1 -1 343 109 203 -140
A P 1 -9 109 124 250 141
P P 0 0 124 63 202 78
P L -1 1 63 93 188 125
L E 1 6 93 109 218 125
E Oem1 -1 -7 109 140 250 141
Oem1 Back 2 -3 140 109 811 671
Back Oem7 -2 2 109 46 281 172
Oem7 S 0 9 46 124 156 110
S Space -2 -2 124 94 93 -31
Space C 1 1 94 93 1779 1685
C U 2 -4 93 78 343 250
U R 0 3 78 94 187 109
R R 0 0 94 63 187 93
R E 0 1 63 109 141 78
E N -2 -3 109 109 390 281
N T 2 1 109 125 93 -16
T Space -3 1 125 109 94 -31
Space R 3 0 109 63 920 811
R E 0 1 63 78 187 124
E N -2 -3 78 140 188 110
N A 1 5 140 78 312 172
A I 1 -7 78 94 202 124
I S -1 6 94 109 437 343
S S 0 0 109 109 312 203
S A 0 1 109 78 172 63
A N -1 -5 78 109 343 265
N C 0 3 109 109 172 63
C E 2 0 109 156 46 -63
E Space -3 -1 156 62 219 63
Space Oemplus 4 -8 62 110 327 265
Oemplus Back 0 -1 110 47 375 265
Back Back 0 0 47 63 171 124
Back OemPeriod -3 4 63 94 780 717
OemPeriod Space -1 5 94 93 110 16
Space LShiftKey 1 4 93 531 483 390
LShiftKey A 1 -1 531 156 187 -344
A N -1 -5 156 31 344 188
N D 1 3 31 125 1123 1092
D Space -2 -1 125 94 109 -16
Space LShiftKey 1 4 94 250 265 171
LShiftKey L 1 -9 250 110 187 -63
L A 0 8 110 124 188 78
A U 1 -6 124 94 280 156
U R 0 3 94 94 203 109
R E 0 1 94 94 203 109
E N -2 -3 94 94 702 608
N C 0 3 94 110 140 46
C E 2 0 110 187 47 -63
E Space -3 -1 187 94 156 -31
Space A 2 3 94 78 967 873
A N -1 -5 78 94 172 94
N D 1 3 94 156 140 46
D Space -2 -1 156 109 141 -15
Space LShiftKey 1 4 109 202 203 94
LShiftKey I 2 -8 202 78 140 -62
I Space -3 4 78 109 203 125
Space H 2 -2 109 93 156 47
H A 0 5 93 109 140 47
A V -1 -3 109 94 234 125
V E 2 1 94 140 47 -47
E Space -3 -1 140 125 156 16
Space A 2 3 125 125 218 93
A Space -2 -3 125 109 219 94
Space W 3 2 109 110 483 374
W O 0 -7 110 110 156 46
O N -2 3 110 93 266 156
N D 1 3 93 125 124 31
D E 1 0 125 109 94 -31
E R 0 -1 109 94 218 109
R F -1 0 94 156 203 109
F U 1 -3 156 125 312 156
U L -1 -2 125 110 265 140
L Space -2 5 110 110 156 46
Space F 2 0 110 93 531 421
F A 0 3 93 109 62 -31
A M -1 -6 109 109 250 141
M I 2 -1 109 93 234 125
I L -1 -1 93 141 327 234
L Y 1 3 141 109 172 31
Y Space -3 2 109 94 140 31
Space T 3 -1 94 94 172 78
T O 0 -4 94 141 109 15
O G -1 4 141 93 297 156
G E 1 2 93 78 78 -15
E T 0 -2 78 47 1591 1513
T H -1 -1 47 125 93 46
H E 1 3 125 94 156 31
E R 0 -1 94 93 188 94
R OemPeriod -2 -5 93 78 826 733
OemPeriod Return 1 -3 78 63 3167 3089
Return LShiftKey -1 12 63 515 1123 1060
LShiftKey I 2 -8 515 62 422 -93
I Oem7 -1 -3 62 62 1435 1373
Oem7 M -1 4 62 93 312 250
M Space -1 3 93 94 109 16
Space LShiftKey 1 4 94 94 187 93
LShiftKey P 2 -10 94 109 390 296
P R 0 6 109 78 109 0
R E 0 1 78 78 188 110
E T 0 -2 78 94 218 140
T T 0 0 94 109 156 62
T Y 0 -1 109 78 218 109
Y Space -3 2 78 109 94 16
Space S 2 2 109 93 796 687
S U 1 -5 93 94 202 109
U R 0 3 94 94 203 109
R E 0 1 94 141 187 93
E Space -3 -1 141 124 110 -31
Space N 1 -2 124 94 249 125
N O 2 -3 94 62 281 187
O N -2 3 62 78 203 141
N E 2 3 78 125 93 15
E Space -3 -1 125 93 110 -15
Space O 3 -5 93 109 1092 999
O F -1 5 109 125 109 0
F Space -2 0 125 125 109 -16
Space T 3 -1 125 125 187 62
T H -1 -1 125 94 109 -16
H I 1 -2 94 93 219 125
I S -1 6 93 125 109 16
S Space -2 -2 125 109 78 -47
Space W 3 2 109 125 296 187
W O 0 -7 125 93 921 796
O U 0 2 93 63 218 125
U L -1 -2 63 109 234 171
L D 0 6 109 63 187 78
D Space -2 -1 63 141 47 -16
Space H 2 -2 141 93 219 78
H A 0 5 93 110 124 31
A V -1 -3 110 125 375 265
V E 2 1 125 141 93 -32
E Space -3 -1 141 140 110 -31
Space G 2 -1 140 78 608 468
G Back 2 -8 78 125 359 281
Back H -2 7 125 125 109 -16
H A 0 5 125 94 140 15
A P 1 -9 94 62 297 203
P P 0 0 62 62 156 94
P E 0 7 62 124 125 63
E N -2 -3 124 78 187 63
N E 2 3 78 94 93 15
E D -1 0 94 125 219 125
D Space -2 -1 125 125 93 -32
Space I 3 -4 125 78 1280 1155
I F -1 4 78 125 46 -32
F Space -2 0 125 109 110 -15
Space LShiftKey 1 4 109 266 280 171
LShiftKey I 2 -8 266 94 156 -110
I Space -3 4 94 125 297 203
Space H 2 -2 125 124 203 78
H A 0 5 124 78 124 0
A D 0 -2 78 93 188 110
D N -1 -3 93 78 234 141
N Oem7 1 -5 78 125 514 436
Oem7 T 1 6 125 124 188 63
T Space -3 1 124 110 124 0
Space B 1 -1 110 32 1607 1497
B E 2 2 32 78 47 15
E E 0 0 78 109 156 78
E N -2 -3 109 78 250 141
N Space -1 2 78 109 156 78
Space F 2 0 109 78 327 218
F I 1 -4 78 109 375 297
I R 0 4 109 78 62 -47
R E 0 1 78 78 234 156
E D -1 0 78 156 203 125
D Space -2 -1 156 94 140 -16
Space F 2 0 94 141 234 140
F R 1 0 141 124 110 -31
R I 0 -4 124 140 187 63
I Oemplus 1 -4 140 156 764 624
Oemplus Back 0 -1 156 93 999 843
Back Back 0 0 93 47 202 109
Back Back 0 0 47 63 359 312
Back R -1 9 63 94 702 639
R O 0 -5 94 94 125 31
O N -2 3 94 93 281 187
N Space -1 2 93 62 156 63
Space Back 4 -9 62 109 593 531
Back Back 0 0 109 62 187 78
Back M -3 6 62 78 749 687
M Space -1 3 78 141 93 15
Space A 2 3 141 109 203 62
A Back 2 -12 109 141 686 577
Back LShiftKey -3 13 141 421 94 -47
LShiftKey A 1 -1 421 140 312 -109
A P 1 -9 140 78 343 203
P P 0 0 78 78 156 78
P L -1 1 78 78 187 109
L E 1 6 78 125 141 63
E Space -3 -1 125 93 468 343
Space Back 4 -9 93 93 468 375
Back OemPeriod -3 4 93 93 936 843
OemPeriod Space -1 5 93 94 109 16
Space LShiftKey 1 4 94 343 187 93
LShiftKey I 2 -8 343 78 187 -156
I T 0 3 78 125 1014 936
T Space -3 1 125 110 156 31
Space A 2 3 110 93 375 265
A Back 2 -12 93 110 717 624
Back W -1 11 110 109 125 15
W A -1 1 109 109 78 -31
A S 0 -1 109 156 250 141
S Space -2 -2 156 124 125 -31
Space A 2 3 124 78 561 437
A W 1 -1 78 125 437 359
W G -1 -3 125 47 312 187
G Back 2 -8 47 93 437 390
Back F -2 9 93 109 109 16
F U 1 -3 109 94 234 125
U L -1 -2 94 125 218 124
L Space -2 5 125 125 141 16
Space T 3 -1 125 109 1014 889
T A -1 4 109 140 125 16
A S 0 -1 140 78 312 172
S T 1 -3 78 93 234 156
T I 0 -3 93 109 140 47
I N -2 2 109 109 312 203
N G 1 1 109 140 125 16
G Space -2 1 140 109 125 -15
Space M 1 -3 109 140 1123 1014
M E 2 4 140 93 156 16
E D -1 0 93 110 249 156
D I 1 -5 110 94 156 46
I C -2 5 94 94 203 109
C I 2 -5 94 78 125 31
I N -2 2 78 78 265 187
N E 2 3 78 141 109 31
E Oemcomma -2 -5 141 78 1451 1310
Oemcomma Space -1 4 78 109 94 16
Space B 1 -1 109 93 437 328
B U 2 -2 93 93 265 172
U T 0 2 93 94 187 94
T Space -3 1 94 125 62 -32
Space LShiftKey 1 4 125 202 344 219
LShiftKey I 2 -8 202 94 124 -78
I Space -3 4 94 124 266 172
Space G 2 -1 124 63 748 624
G U 1 -2 63 78 468 405
U E 0 4 78 109 344 266
E S -1 1 109 94 218 109
S S 0 0 94 125 187 93
S Space -2 -2 125 78 203 78
Space T 3 -1 78 94 187 109
T H -1 -1 94 94 156 62
H E 1 3 94 141 109 15
E Space -3 -1 141 124 110 -31
Space P 3 -6 124 109 405 281
P A -1 9 109 125 125 16
A T 1 -4 125 110 218 93
T I 0 -3 110 125 156 46
I E 0 5 125 156 156 31
E N -2 -3 156 109 250 94
N T 2 1 109 140 203 94
T Space -3 1 140 93 156 16
Space N 1 -2 93 109 1529 1436
N E 2 3 109 109 93 -16
E E 0 0 109 109 219 110
E D -1 0 109 141 280 171
D E 1 0 141 78 250 109
E D -1 0 78 125 203 125
D Space -2 -1 125 109 281 156
Space I 3 -4 109 109 405 296
I T 0 3 109 110 187 78
T OemPeriod -2 -4 110 125 406 296
OemPeriod Space -1 5 125 94 156 31
Space LShiftKey 1 4 94 296 312 218
LShiftKey S 1 -2 296 125 203 -93
S O 1 -7 125 62 499 374
O M -2 2 62 78 187 125
M E 2 4 78 109 63 -15
E T 0 -2 109 109 296 187
T I 0 -3 109 109 172 63
I M -2 1 109 94 218 109
M E 2 4 94 94 78 -16
E S -1 1 94 140 234 140
S Space -2 -2 140 140 125 -15
Space L 2 -5 140 109 702 562
L I 1 1 109 63 249 140
I F -1 4 63 109 141 78
F E 1 1 109 156 47 -62
E Space -3 -1 156 125 140 -16
Space H 2 -2 125 93 671 546
H I 1 -2 93 125 140 47
I T 0 3 125 109 78 -47
T S -1 3 109 156 265 156
S Space -2 -2 156 125 141 -15
Space Y 3 -2 125 110 873 748
Y I 0 -2 110 62 141 31
I Back 1 -5 62 109 421 359
Back O -1 4 109 93 281 172
O U 0 2 93 94 249 156
U Space -3 3 94 94 156 62
Space I 3 -4 94 78 172 78
I N -2 2 78 78 218 140
N Space -1 2 78 125 219 141
Space T 3 -1 125 62 234 109
T H -1 -1 62 93 78 16
H E 1 3 93 93 125 32
E Space -3 -1 93 109 78 -15
Space H 2 -2 109 94 920 811
H E 1 3 94 93 125 31
E A -1 2 93 109 78 -15
A S 0 -1 109 63 249 140
S Back 2 -11 63 62 1826 1763
Back D -2 10 62 125 62 0
D Space -2 -1 125 141 109 -16
Space W 3 2 141 110 499 358
W I 0 -6 110 109 203 93
I T 0 3 109 125 187 78
T H -1 -1 125 125 125 0
H Space -2 2 125 125 94 -31
Space A 2 3 125 78 203 78
A Space -2 -3 78 94 124 46
Space B 1 -1 94 109 656 562
B R 2 1 109 141 124 15
R I 0 -4 141 78 297 156
I C -2 5 78 141 140 62
C K 1 -5 141 94 359 218
K Space -2 4 94 124 172 78
Space Back 4 -9 124 140 889 765
Back OemPeriod -3 4 140 63 764 624
OemPeriod Space -1 5 63 140 125 62
Space LShiftKey 1 4 140 608 203 63
LShiftKey D 1 -3 608 140 390 -218
D O 1 -6 140 93 281 141
O N -2 3 93 47 374 281
N Oem7 1 -5 47 47 593 546
Oem7 T 1 6 47 156 156 109
T Space -3 1 156 110 171 15
Space L 2 -5 110 94 1217 1107
L O 1 0 94 78 203 109
O S -1 7 78 94 78 0
S E 1 -1 94 172 187 93
E Space -3 -1 172 94 156 -16
Space F 2 0 94 110 655 561
F A 0 3 110 109 94 -16
A I 1 -7 109 78 218 109
I T 0 3 78 125 141 63
T H -1 -1 125 78 140 15
H OemPeriod -1 -3 78 78 1233 1155
OemPeriod Space -1 5 78 125 140 62
Space LShiftKey 1 4 125 234 156 31
LShiftKey I 2 -8 234 62 156 -78
I Oem7 -1 -3 62 62 562 500
Oem7 M -1 4 62 63 436 374
M Space -1 3 63 78 125 62
Space C 1 1 78 94 468 390
C O 2 -6 94 109 125 31
O N -2 3 109 78 281 172
N V 0 2 78 94 218 140
V I 2 -4 94 93 219 125
I N -2 2 93 78 249 156
N C 0 3 78 109 156 78
C E 2 0 109 125 47 -62
E D -1 0 125 124 250 125
D Space -2 -1 124 141 124 0
Space T 3 -1 141 78 1451 1310
T J -1 -2 78 31 141 63
J A 0 6 31 93 78 47
A T 1 -4 93 156 156 63
T Back 1 -8 156 78 1404 1248
Back Back 0 0 78 78 187 109
Back Back 0 0 78 78 203 125
Back H -2 7 78 93 1014 936
H A 0 5 93 125 93 0
A T 1 -4 125 156 156 31
T Space -3 1 156 125 109 -47
Space T 3 -1 125 78 3573 3448
T H -1 -1 78 109 156 78
H E 1 3 109 125 93 -16
E Space -3 -1 125 140 110 -15
Space O 3 -5 140 47 405 265
O N -2 3 47 78 219 172
N L 1 -3 78 94 249 171
L T 1 4 94 31 219 125
T T 0 0 31 31 78 47
T Y 0 -1 31 47 15 -16
Y Back 1 -7 47 47 1092 1045
Back Back 0 0 47 31 172 125
Back Back 0 0 31 93 312 281
Back Y -1 7 93 140 203 110
Y Space -3 2 140 125 124 -16
Space T 3 -1 125 124 578 453
T H -1 -1 124 78 187 63
H I 1 -2 78 94 218 140
I N -2 2 94 124 219 125
N G 1 1 124 110 202 78
G Space -2 1 110 124 110 0
Space T 3 -1 124 94 1856 1732
T H -1 -1 94 93 125 31
H A 0 5 93 93 78 -15
A T 1 -4 93 109 140 47
T Space -3 1 109 140 125 16
Space K 2 -4 140 93 515 375
K E 1 5 93 109 78 -15
E P 0 -7 109 140 281 172
P R 0 6 140 110 202 62
R Back 1 -9 110 94 406 296
Back T -1 8 94 94 78 -16
T Space -3 1 94 109 125 31
Space M 1 -3 109 93 281 172
M E 2 4 93 93 109 16
E Space -3 -1 93 94 109 16
Space G 2 -1 94 109 359 265
G O 1 -4 109 78 125 16
O I 0 1 78 47 187 109
I N -2 2 47 78 203 156
N G 1 1 78 125 218 140
G Space -2 1 125 94 140 15
Space W 3 2 94 110 1248 1154
W A -1 1 110 110 78 -32
A S 0 -1 110 125 172 62
S Space -2 -2 125 125 125 0
Space T 3 -1 125 93 234 109
T H -1 -1 93 78 125 32
H A 0 5 78 109 93 15
A T 1 -4 109 110 109 0
T Space -3 1 110 110 78 -32
Space LShiftKey 1 4 110 281 281 171
LShiftKey I 2 -8 281 94 203 -78
I Space -3 4 94 125 203 109
Space L 2 -5 125 62 312 187
L O 1 0 62 62 187 125
O V -2 5 62 125 125 63
V E 2 1 125 109 125 0
E D -1 0 109 172 218 109
D Space -2 -1 172 125 140 -32
Space W 3 2 125 156 406 281
W A -1 1 156 63 140 -16
A Back 2 -12 63 78 515 452
Back A -2 12 78 78 874 796
A Oemplus 2 -11 78 93 546 468
Oemplus Back 0 -1 93 78 546 453
Back Back 0 0 78 78 171 93
Back H -2 7 78 78 328 250
H A 0 5 78 94 78 0
A T 1 -4 94 93 203 109
T Space -3 1 93 109 109 16
Space LShiftKey 1 4 109 250 296 187
LShiftKey I 2 -8 250 94 156 -94
I Space -3 4 94 93 219 125
Space D 2 1 93 93 468 375
D I 1 -5 93 93 156 63
I D -1 5 93 78 281 188
D OemPeriod -1 -6 78 63 951 873
OemPeriod Space -1 5 63 78 78 15
Space LShiftKey 1 4 78 359 187 109
LShiftKey Back 3 -13 359 94 952 593
Back LShiftKey -3 13 94 358 172 78
LShiftKey Space -1 -4 358 125 452 94
Space LShiftKey 1 4 125 453 218 93
LShiftKey Y 2 -6 453 125 390 -63
Y O 0 -3 125 93 531 406
O Oem7 -1 -2 93 47 686 593
Oem7 Back 2 -2 47 62 562 515
Back U -1 6 62 78 530 468
U Oem7 -1 -4 78 109 780 702
Oem7 V -1 7 109 125 250 141
V E 2 1 125 156 62 -63
E Space -3 -1 156 125 125 -31
Space G 2 -1 125 109 1108 983
G O 1 -4 109 78 140 31
O T 0 4 78 125 62 -16
T Space -3 1 125 110 156 31
Space T 3 -1 110 109 219 109
T O 0 -4 109 109 125 16
O Space -3 5 109 141 93 -16
Space F 2 0 141 94 343 202
F I 1 -4 94 93 110 16
I N -2 2 93 94 249 156
N D 1 3 94 125 109 15
D Space -2 -1 125 125 94 -31
Space W 3 2 125 109 1825 1700
W H -1 -4 109 94 421 312
H A 0 5 94 62 63 -31
A T 1 -4 62 141 171 109
T Space -3 1 141 125 125 -16
Space Y 3 -2 125 140 359 234
Y O 0 -3 140 94 140 0
O U 0 2 94 78 219 125
U Space -3 3 78 109 437 359
Space L 2 -5 109 93 312 203
L O 1 0 93 78 202 109
O V -2 5 78 94 78 0
V E 2 1 94 141 47 -47
E OemPeriod -2 -6 141 62 1217 1076
OemPeriod Space -1 5 62 109 47 -15
Space LShiftKey 1 4 109 265 218 109
LShiftKey A 1 -1 265 125 156 -109
A N -1 -5 125 78 234 109
N D 1 3 78 78 109 31
D Space -2 -1 78 109 63 -15
Space T 3 -1 109 109 3869 3760
T H -1 -1 109 78 140 31
H A 0 5 78 94 62 -16
A T 1 -4 94 93 141 47
T Space -3 1 93 125 109 16
Space I 3 -4 125 78 218 93
I S -1 6 78 125 94 16
S Space -2 -2 125 94 140 15
Space A 2 3 94 94 1888 1794
A S 0 -1 94 93 172 78
S Space -2 -2 93 109 78 -15
Space T 3 -1 109 124 156 47
T R 0 1 124 109 234 110
R U 0 -3 109 78 265 156
U E 0 4 78 110 62 -16
E Space -3 -1 110 124 188 78
Space F 2 0 124 125 1045 921
F O 1 -5 125 109 515 390
O R 0 5 109 109 109 0
R Space -3 0 109 141 62 -47
Space Y 3 -2 141 78 1623 1482
Y O 0 -3 78 93 109 31
O U 0 2 93 109 296 203
U R 0 3 109 141 156 47
R Space -3 0 141 125 125 -16
Space W 3 2 125 94 499 374
W O 0 -7 94 125 156 62
O R 0 5 125 62 375 250
R K -1 -4 62 109 187 125
K Space -2 4 109 93 125 16
Space A 2 3 93 125 187 94
A S 0 -1 125 110 171 46
S Space -2 -2 110 125 125 15
Space I 3 -4 125 93 1888 1763
I T 0 3 93 109 78 -15
T Space -3 1 109 109 234 125
Space I 3 -4 109 78 203 94
I S -1 6 78 78 109 31
S Space -2 -2 78 94 93 15
Space F 2 0 94 125 281 187
F O 1 -5 125 125 156 31
O R 0 5 125 125 109 -16
R Space -3 0 125 109 110 -15
Space Y 3 -2 109 78 1591 1482
Y O 0 -3 78 94 140 62
O U 0 2 94 62 250 156
U R 0 3 62 125 187 125
R Space -3 0 125 141 140 15
Space L 2 -5 141 63 234 93
L O 1 0 63 125 250 187
O V -2 5 125 125 78 -47
V E 2 1 125 93 94 -31
E R 0 -1 93 109 171 78
R S -1 2 109 94 281 172
S OemPeriod -1 -7 94 78 749 655
OemPeriod Space -1 5 78 110 93 15
Space LShiftKey 1 4 110 593 141 31
LShiftKey Y 2 -6 593 125 374 -219
Y O 0 -3 125 94 234 109
O U 0 2 94 94 281 187
U R 0 3 94 140 203 109
R Space -3 0 140 109 140 0
Space W 3 2 109 109 624 515
W O 0 -7 109 94 421 312
O R 0 5 94 109 110 16
R K -1 -4 109 93 421 312
K Space -2 4 93 109 343 250
Space I 3 -4 109 78 172 63
I S -1 6 78 109 187 109
S Space -2 -2 109 140 78 -31
Space G 2 -1 140 62 671 531
G O 1 -4 62 94 124 62
O I 0 1 94 62 188 94
I N -2 2 62 109 187 125
N G 1 1 109 125 405 296
G Space -2 1 125 125 94 -31
Space T 3 -1 125 94 1388 1263
T O 0 -4 94 124 110 16
O Space -3 5 124 125 140 16
Space G 2 -1 125 46 484 359
G Back 2 -8 46 109 327 281
Back F -2 9 109 94 78 -31
F I 1 -4 94 78 172 78
I L -1 -1 78 78 218 140
L L 0 0 78 62 172 94
L Space -2 5 62 93 125 63
Space A 2 3 93 94 1606 1513
A Space -2 -3 94 125 94 0
Space L 2 -5 125 94 234 109
L A 0 8 94 78 109 15
A R 1 -3 78 94 234 156
R G -1 -1 94 109 281 187
G E 1 2 109 171 94 -15
E Space -3 -1 171 125 140 -31
Space P 3 -6 125 93 952 827
P A -1 9 93 94 202 109
A R 1 -3 94 109 141 47
R T 0 -1 109 109 187 78
T Space -3 1 109 109 94 -15
Space O 3 -5 109 109 171 62
O F -1 5 109 141 109 0
F Space -2 0 141 110 156 15
Space Y 3 -2 110 78 406 296
Y O 0 -3 78 93 94 16
O U 0 2 93 78 234 141
U R 0 3 78 94 93 15
R Space -3 0 94 109 94 0
Space L 2 -5 109 78 234 125
L I 1 1 78 62 203 125
I F -1 4 62 187 109 47
F E 1 1 187 156 171 -16
E Oemcomma -2 -5 156 47 1966 1810
Oemcomma Space -1 4 47 94 78 31
Space A 2 3 94 78 218 124
A N -1 -5 78 78 203 125
N D 1 3 78 140 203 125
D Space -2 -1 140 110 140 0
Space T 3 -1 110 109 125 15
T H -1 -1 109 93 141 32
H E 1 3 93 62 109 16
E Space -3 -1 62 124 47 -15
Space O 3 -5 124 63 1138 1014
O N -2 3 63 94 780 717
N L 1 -3 94 62 266 172
L Y 1 3 62 125 218 156
Y Space -3 2 125 125 109 -16
Space W 3 2 125 172 234 109
W A -1 1 172 125 156 -16
A Y 1 -5 125 110 889 764
Y Space -3 2 110 124 188 78
Space T 3 -1 124 93 1482 1358
T O 0 -4 93 94 202 109
O Space -3 5 94 110 156 62
Space B 1 -1 110 110 312 202
B E 2 2 110 124 110 0
E Space -3 -1 124 110 124 0
Space T 3 -1 110 125 219 109
T R 0 1 125 109 203 78
R U 0 -3 109 78 218 109
U L -1 -2 78 109 421 343
L Y 1 3 109 94 281 172
Y Space -3 2 94 141 109 15
Space S 2 2 141 140 1498 1357
S A 0 1 140 109 140 0
A T 1 -4 109 62 250 141
T I 0 -3 62 109 203 141
I S -1 6 109 94 93 -16
S F 0 -2 94 109 406 312
F I 1 -4 109 109 125 16
I E 0 5 109 78 124 15
E D -1 0 78 47 250 172
D Space -2 -1 47 109 1248 1201
Space I 3 -4 109 109 1045 936
I S -1 6 109 109 94 -15
S Space -2 -2 109 94 93 -16
Space T 3 -1 94 94 312 218
T O 0 -4 94 93 141 47
O Space -3 5 93 125 62 -31
Space D 2 1 125 93 250 125
D O 1 -6 93 94 109 16
O Space -3 5 94 94 156 62
Space W 3 2 94 109 312 218
W H -1 -4 109 94 858 749
H A 0 5 94 94 62 -32
A T 1 -4 94 140 172 78
T Space -3 1 140 109 125 -15
Space Y 3 -2 109 124 359 250
Y O 0 -3 124 110 124 0
O U 0 2 110 78 234 124
U Space -3 3 78 140 250 172
Space B 1 -1 140 78 187 47
B E 2 2 78 94 125 47
E L -1 -6 94 62 468 374
L E 1 6 62 109 265 203
E Back 1 -10 109 93 1311 1202
Back Back 0 0 93 78 171 78
Back L -2 4 78 94 733 655
L I 1 1 94 62 219 125
I E 0 5 62 124 515 453
E V -2 -1 124 110 124 0
V E 2 1 110 140 94 -16
E Space -3 -1 140 109 250 110
Space I 3 -4 109 78 1154 1045
I S -1 6 78 109 47 -31
S Space -2 -2 109 125 93 -16
Space G 2 -1 125 109 359 234
G R 1 1 109 93 172 63
R E 0 1 93 156 249 156
E A -1 2 156 109 188 32
A T 1 -4 109 109 171 62
T Space -3 1 109 125 172 63
Space W 3 2 125 125 312 187
W O 0 -7 125 124 125 0
O R 0 5 124 78 171 47
R K -1 -4 78 125 172 94
K OemPeriod -1 -1 125 78 1466 1341
OemPeriod Space -1 5 78 63 78 0
Space LShiftKey 1 4 63 499 219 156
LShiftKey N 0 -6 499 47 280 -219
N Back 3 -7 47 125 531 484
Back LShiftKey -3 13 125 234 171 46
LShiftKey A 1 -1 234 125 125 -109
A N -1 -5 125 94 515 390
N D 1 3 94 125 109 15
D Space -2 -1 125 172 109 -16
Space T 3 -1 172 109 250 78
T H -1 -1 109 94 156 47
H E 1 3 94 78 109 15
E Space -3 -1 78 109 63 -15
Space O 3 -5 109 62 1638 1529
O N -2 3 62 94 140 78
N L 1 -3 94 93 172 78
L Y 1 3 93 109 187 94
Y Space -3 2 109 109 140 31
Space W 3 2 109 156 203 94
W A -1 1 156 110 140 -16
A Y 1 -5 110 125 312 202
Y Space -3 2 125 109 141 16
Space T 3 -1 109 109 218 109
T O 0 -4 109 93 172 63
O Space -3 5 93 94 109 16
Space D 2 1 94 109 1030 936
D O 1 -6 109 109 187 78
O Space -3 5 109 93 125 16
Space G 2 -1 93 78 296 203
G R 1 1 78 94 140 62
R E 0 1 94 125 172 78
E A -1 2 125 109 109 -16
A T 1 -4 109 140 141 32
T Space -3 1 140 124 156 16
Space W 3 2 124 109 483 359
W O 0 -7 109 140 172 63
O R 0 5 140 125 312 172
R K -1 -4 125 78 218 93
K Space -2 4 78 93 141 63
Space O 3 -5 93 62 1123 1030
O S -1 7 62 78 62 0
S Back 2 -11 78 46 297 219
Back Back 0 0 46 124 156 110
Back I -1 5 124 94 405 281
I S -1 6 94 110 109 15
S Space -2 -2 110 125 78 -32
Space T 3 -1 125 109 890 765
T O 0 -4 109 140 187 78
O Space -3 5 140 109 125 -15
Space L 2 -5 109 125 1653 1544
L O 1 0 125 78 234 109
O V -2 5 78 110 109 31
V E 2 1 110 140 63 -47
E Space -3 -1 140 93 156 16
Space W 3 2 93 140 905 812
W H -1 -4 140 62 2683 2543
H A 0 5 62 63 62 0
A T 1 -4 63 110 187 124
T Space -3 1 110 141 78 -32
Space Y 3 -2 141 94 406 265
Y O 0 -3 94 93 125 31
O U 0 2 93 94 218 125
U Space -3 3 94 94 156 62
Space D 2 1 94 124 219 125
D O 1 -6 124 94 124 0
O OemPeriod -2 0 94 78 437 343
OemPeriod Space -1 5 78 78 1654 1576
Space LShiftKey 1 4 78 328 187 109
LShiftKey I 2 -8 328 78 234 -94
I F -1 4 78 94 234 156
F Space -2 0 94 125 140 46
Space Y 3 -2 125 140 531 406
Y O 0 -3 140 78 93 -47
O U 0 2 78 93 297 219
U Space -3 3 93 110 171 78
Space H 2 -2 110 78 3105 2995
H A 0 5 78 94 31 -47
A V -1 -3 94 124 250 156
V E 2 1 124 140 156 32
E N -2 -3 140 109 1092 952
N Oem7 1 -5 109 109 218 109
Oem7 T 1 6 109 125 437 328
T Space -3 1 125 125 109 -16
Space F 2 0 125 110 2324 2199
F O 1 -5 110 78 437 327
O U 0 2 78 62 203 125
U N -2 1 62 78 218 156
N D 1 3 78 109 141 63
D Space -2 -1 109 125 93 -16
Space I 3 -4 125 94 312 187
I T 0 3 94 140 63 -31
T Space -3 1 140 109 125 -15
Space Y 3 -2 109 109 374 265
Y E 0 3 109 110 218 109
E T 0 -2 110 141 203 93
T Oemcomma -2 -3 141 94 312 171
Oemcomma Space -1 4 94 109 125 31
Space Back 4 -9 109 93 2122 2013
Back Space -4 9 93 109 873 780
Space K 2 -4 109 63 312 203
K E 1 5 63 78 78 15
E E 0 0 78 62 203 125
E P 0 -7 62 78 203 141
P Space -3 6 78 109 125 47
Space L 2 -5 109 78 343 234
L O 1 0 78 63 218 140
O O 0 0 63 94 156 93
O K -1 1 94 78 234 140
K I 1 0 78 78 219 141
I N -2 2 78 109 218 140
N G 1 1 109 124 172 63
G OemPeriod -1 -4 124 78 1326 1202
OemPeriod Space -1 5 78 125 109 31
Space LShiftKey 1 4 125 515 187 62
LShiftKey D 1 -3 515 125 390 -125
D O 1 -6 125 62 250 125
O N -2 3 62 109 343 281
N Oem7 1 -5 109 94 561 452
Oem7 T 1 6 94 109 63 -31
T Space -3 1 109 109 125 16
Space S 2 2 109 93 577 468
S E 1 -1 93 109 187 94
E T 0 -2 109 93 250 141
T T 0 0 93 125 296 203
T L -1 -4 125 109 312 187
L E 1 6 109 125 187 78
E Space -3 -1 125 109 125 0
Space Back 4 -9 109 140 437 328
Back OemPeriod -3 4 140 109 359 219
OemPeriod Space -1 5 109 78 124 15
Space LShiftKey 1 4 78 327 188 110
LShiftKey A 1 -1 327 110 202 -125
A S 0 -1 110 109 203 93
S Space -2 -2 109 78 156 47
Space W 3 2 78 109 1092 1014
W I 0 -6 109 78 421 312
I T 0 3 78 94 125 47
T H -1 -1 94 94 156 62
H Space -2 2 94 125 109 15
Space A 2 3 125 93 266 141
A L 0 -8 93 78 187 94
L L 0 0 78 78 156 78
L Space -2 5 78 140 156 78
Space M 1 -3 140 94 171 31
M A 1 6 94 93 141 47
A T 1 -4 93 94 218 125
T T 0 0 94 78 156 62
T E 0 2 78 110 187 109
E R 0 -1 110 63 203 93
R S -1 2 63 93 219 156
S Space -2 -2 93 94 140 47
Space O 3 -5 94 93 796 702
O F -1 5 93 109 78 -15
F Space -2 0 109 94 124 15
Space T 3 -1 94 93 141 47
T H -1 -1 93 93 125 32
H E 1 3 93 78 124 31
E Space -3 -1 78 109 63 -15
Space H 2 -2 109 125 1045 936
H E 1 3 125 140 156 31
E R 0 -1 140 62 250 110
R Oemplus 1 -8 62 125 405 343
Oemplus A -2 11 125 125 109 -16
A R 1 -3 125 141 125 0
R T 0 -1 141 141 546 405
T Oemcomma -2 -3 141 78 562 421
Oemcomma Space -1 4 78 125 78 0
Space Back 4 -9 125 78 749 624
Back Back 0 0 78 78 187 109
Back Back 0 0 78 62 172 94
Back Back 0 0 62 62 156 94
Back Back 0 0 62 62 156 94
Back Back 0 0 62 62 156 94
Back Back 0 0 62 94 405 343
Back A -2 12 94 125 234 140
A E 1 -2 125 78 468 343
E Back 1 -10 78 109 297 219
Back R -1 9 109 78 124 15
R T 0 -1 78 125 172 94
T Oemcomma -2 -3 125 110 2636 2511
Oemcomma Space -1 4 110 109 94 -16
Space Y 3 -2 109 94 577 468
Y O 0 -3 94 94 125 31
O U 0 2 94 94 265 171
U Oem1 -1 -3 94 31 515 421
Oem1 Back 2 -3 31 94 452 421
Back Oem7 -2 2 94 109 453 359
Oem7 L 0 2 109 46 359 250
L L 0 0 46 78 124 78
L Space -2 5 78 125 172 94
Space K 2 -4 125 93 827 702
K N -1 2 93 78 218 125
N O 2 -3 78 93 250 172
O W 0 7 93 109 125 32
W Space -3 -2 109 125 109 0
Space W 3 2 125 93 1919 1794
W H -1 -4 93 78 124 31
H E 1 3 78 94 250 172
E N -2 -3 94 46 172 78
N Space -1 2 46 109 156 110
Space Y 3 -2 109 93 421 312
Y O 0 -3 93 109 156 63
O U 0 2 109 94 249 140
U Space -3 3 94 31 172 78
Space Space 0 0 31 140 78 47
Space F 2 0 140 109 281 141
F I 1 -4 109 109 203 94
I N -2 2 109 124 234 125
N D 1 3 124 140 187 63
D Space -2 -1 140 109 125 -15
Space I 3 -4 109 125 358 249
I T 0 3 125 109 125 0
T OemPeriod -2 -4 109 109 406 297
OemPeriod Space -1 5 109 125 171 62
Space LShiftKey 1 4 125 406 328 203
LShiftKey A 1 -1 406 140 250 -156
A N -1 -5 140 78 343 203
N D 1 3 78 125 140 62
D OemPeriod -1 -6 125 93 375 250
OemPeriod Space -1 5 93 94 124 31
Space Oem6 3 -8 94 63 359 265
Oem6 Back 1 -1 63 93 219 156
Back Back 0 0 93 15 265 172
Back Back 0 0 15 78 249 234
Back Left -4 2 78 78 4883 4805
Left Left 0 0 78 78 203 125
Left Left 0 0 78 63 187 109
Left Left 0 0 63 78 172 109
Left Left 0 0 78 62 203 125
Left Left 0 0 62 249 156 94
Left Left 0 0 249 78 343 94
Left Left 0 0 78 62 187 109
Left Left 0 0 62 94 140 78
Left Left 0 0 94 94 172 78
Left Left 0 0 94 93 172 78
Left Left 0 0 93 124 702 609
Left Oemplus 4 -1 124 156 390 266
Oemplus Back 0 -1 156 78 982 826
Back Back 0 0 78 93 188 110
Back Space -4 9 93 141 3759 3666
Space Back 4 -9 141 109 671 530
Back Oemcomma -3 5 109 78 421 312
Oemcomma Space -1 4 78 109 172 94
Space L 2 -5 109 109 234 125
L I 1 1 109 63 249 140
I K -1 0 63 109 172 109
K E 1 5 109 141 62 -47
E Space -3 -1 141 125 94 -47
Space A 2 3 125 140 203 78
A N -1 -5 140 78 811 671
N Y 2 0 78 109 203 125
Y Space -3 2 109 110 93 -16
Space G 2 -1 110 93 344 234
G R 1 1 93 125 343 250
R E 0 1 125 109 218 93
E A -1 2 109 172 156 47
A T 1 -4 172 110 187 15
T Space -3 1 110 125 156 46
Space R 3 0 125 109 671 546
R E 0 1 109 94 187 78
E L -1 -6 94 140 250 156
L A 0 8 140 94 218 78
A T 1 -4 94 125 297 203
T I 0 -3 125 94 187 62
I O 0 -1 94 93 172 78
O N -2 3 93 78 234 141
N S 1 4 78 125 374 296
S H 0 -4 125 78 234 109
H I 1 -2 78 94 296 218
I P 0 -2 94 140 297 203
P Oemcomma -2 2 140 78 1170 1030
Oemcomma Space -1 4 78 125 93 15
Space I 3 -4 125 78 312 187
I T 0 3 78 109 203 125
T Space -3 1 109 125 94 -15
Space J 2 -3 125 78 390 265
J U 1 0 78 94 187 109
U S -1 5 94 94 78 -16
S T 1 -3 94 110 218 124
T Space -3 1 110 125 125 15
Space G 2 -1 125 78 406 281
G E 1 2 78 156 47 -31
E T 0 -2 156 109 234 78
T S -1 3 109 109 249 140
S Space -2 -2 109 93 172 63
Space B 1 -1 93 93 983 890
B E 2 2 93 109 78 -15
E T 0 -2 109 78 390 281
T T 0 0 78 78 156 78
T E 0 2 78 93 187 109
E R 0 -1 93 78 203 110
R Space -3 0 78 47 124 46
Space A 2 3 47 109 141 94
A N -1 -5 109 125 156 47
N D 1 3 125 110 171 46
D Space -2 -1 110 94 78 -32
Space B 1 -1 94 110 390 296
B E 2 2 110 78 94 -16
E T 0 -2 78 94 296 218
T T 0 0 94 46 188 94
T E 0 2 46 78 187 141
E R 0 -1 78 109 187 109
R Space -3 0 109 125 312 203
Space A 2 3 125 94 156 31
A S 0 -1 94 94 187 93
S Space -2 -2 94 125 109 15
Space T 3 -1 125 94 250 125
T H -1 -1 94 94 140 46
H Space -2 2 94 125 172 78
Space Back 4 -9 125 78 1404 1279
Back E -1 10 78 110 62 -16
E Space -3 -1 110 109 110 0
Space T 3 -1 109 93 702 593
T Back 1 -8 93 124 546 453
Back Y -1 7 124 109 93 -31
Y E 0 3 109 172 312 203
E A -1 2 172 125 172 0
A R 1 -3 125 78 171 46
R S -1 2 78 109 250 172
S Space -2 -2 109 93 125 16
Space R 3 0 93 125 405 312
R O 0 -5 125 94 172 47
O L -1 0 94 62 234 140
L L 0 0 62 62 156 94
L Space -2 5 62 141 265 203
Space O 3 -5 141 78 687 546
O N -2 3 78 94 327 249
N OemPeriod 0 -3 94 94 359 265
OemPeriod Space -1 5 94 47 140 46
Space LShiftKey 1 4 47 343 203 156
LShiftKey S 1 -2 343 109 250 -93
S O 1 -7 109 78 764 655
O Space -3 5 78 94 125 47
Space K 2 -4 94 62 281 187
K E 1 5 62 78 140 78
E E 0 0 78 93 172 94
E P 0 -7 93 63 171 78
P Space -3 6 63 93 141 78
Space L 2 -5 93 47 1778 1685
L O 1 0 47 46 219 172
O O 0 0 46 62 156 110
O K -1 1 62 63 202 140
K I 1 0 63 94 203 140
I N -2 2 94 63 265 171
N G 1 1 63 125 203 140
G Space -2 1 125 93 141 16
Space U 3 -3 93 62 1092 999
U N -2 1 62 78 202 140
N T 2 1 78 109 203 125
T I 0 -3 109 94 156 47
I Space -3 4 94 63 390 296
Space Oemplus 4 -8 63 109 515 452
Oemplus Back 0 -1 109 78 577 468
Back Back 0 0 78 93 172 94
Back L -2 4 93 78 1170 1077
L Space -2 5 78 94 109 31
Space Y 3 -2 94 124 484 390
Y O 0 -3 124 78 140 16
O U 0 2 78 94 343 265
U Space -3 3 94 140 718 624
Space F 2 0 140 94 686 546
F I 1 -4 94 94 156 62
I N -2 2 94 109 234 140
N D 1 3 109 140 250 141
D Space -2 -1 140 109 312 172
Space I 3 -4 109 109 296 187
I T 0 3 109 109 156 47
T OemPeriod -2 -4 109 109 484 375
OemPeriod Space -1 5 109 109 125 16
Space LShiftKey 1 4 109 421 343 234
LShiftKey D 1 -3 421 125 296 -125
D O 1 -6 125 78 250 125
O N -2 3 78 78 296 218
N Oem7 1 -5 78 78 609 531
Oem7 T 1 6 78 93 109 31
T Space -3 1 93 109 109 16
Space S 2 2 109 125 312 203
S E 1 -1 125 110 218 93
E T 0 -2 110 78 234 124
T T 0 0 78 63 156 78
T L -1 -4 63 94 172 109
L E 1 6 94 109 78 -16
E OemPeriod -2 -6 109 78 406 297
