LShiftKey T 2 -5 811 78 733 -78
T H -1 -1 78 78 188 110
H E 1 3 78 78 109 31
E Space -3 -1 78 94 93 15
Space C 1 1 94 63 1638 1544
C I 2 -5 63 78 172 109
I T 0 3 78 78 234 156
T Y 0 -1 78 93 125 47
Y Space -3 2 93 125 109 16
Space O 3 -5 125 93 437 312
O F -1 5 93 47 78 -15
F Space -2 0 47 156 78 31
Space LShiftKey 1 4 156 234 561 405
LShiftKey B 0 -5 234 62 219 -15
B U 2 -2 62 62 187 125
U F -1 3 62 94 265 203
F F 0 0 94 94 156 62
F A 0 3 94 141 78 -16
A L 0 -8 141 78 187 46
L O 1 0 78 78 328 250
O Space -3 5 78 125 187 109
Space H 2 -2 125 78 811 686
H A 0 5 78 109 110 32
A S 0 -1 109 78 202 93
S Space -2 -2 78 94 78 0
Space Q 3 3 94 94 1950 1856
Q U 0 -6 94 94 203 109
U I 0 -1 94 109 203 109
I E 0 5 109 63 1435 1326
E T 0 -2 63 140 47 -16
T Space -3 1 140 125 125 -15
Space Back 4 -9 125 47 1326 1201
Back Back 0 0 47 62 156 109
Back Back 0 0 62 62 156 94
Back T -1 8 62 94 811 749
T E 0 2 94 62 47 -47
E Space -3 -1 62 109 125 63
Space A 2 3 109 125 327 218
A Space -2 -3 125 93 328 203
Space L 2 -5 93 62 312 219
L O 1 0 62 62 187 125
O T 0 4 62 63 187 125
T Space -3 1 63 94 125 62
Space T 3 -1 94 62 562 468
T O 0 -4 62 125 93 31
O Space -3 5 125 125 109 -16
Space O 3 -5 125 63 1529 1404
O F -1 5 63 78 94 31
F F 0 0 78 110 171 93
F E 1 1 110 78 624 514
E R 0 -1 78 94 156 78
R Space -3 0 94 94 172 78
Space I 3 -4 94 94 296 202
I N -2 2 94 62 219 125
N Space -1 2 62 78 140 78
Space T 3 -1 78 62 250 172
T E 0 2 62 94 93 31
E R 0 -1 94 94 172 78
R M -2 -3 94 47 203 109
M S 1 5 47 125 78 31
S Space -2 -2 125 62 78 -47
Space O 3 -5 62 94 265 203
O F -1 5 94 46 172 78
F Space -2 0 46 78 62 16
Space Back 4 -9 78 78 4664 4586
Back Back 0 0 78 78 8737 8659
Back Back 0 0 78 78 156 78
Back Back 0 0 78 109 405 327
Back OemPeriod -3 4 109 78 780 671
OemPeriod Space -1 5 78 46 297 219
Space LShiftKey 1 4 46 702 5272 5226
LShiftKey O 2 -9 702 31 531 -171
O Back 1 -4 31 62 2761 2730
Back Capital -2 13 62 156 920 858
Capital Capital 0 0 156 109 718 562
Capital LShiftKey -1 0 109 2075 733 624
LShiftKey I 2 -8 2075 78 1935 -140
I Space -3 4 78 140 218 140
Space D 2 1 140 78 437 297
D O 1 -6 78 140 125 47
O Space -3 5 140 156 156 16
Space L 2 -5 156 93 390 234
L I 1 1 93 78 218 125
I K -1 0 78 62 172 94
K E 1 5 62 63 93 31
E Space -3 -1 63 78 125 62
Space T 3 -1 78 78 203 125
T H -1 -1 78 125 156 78
H E 1 3 125 62 78 -47
E Space -3 -1 62 109 78 16
Space I 3 -4 109 78 390 281
I N -2 2 78 62 203 125
N F 1 2 62 172 374 312
F R 1 0 172 140 125 -47
R A -1 3 140 109 967 827
A S 0 -1 109 140 749 640
S T 1 -3 140 78 374 234
T R 0 1 78 78 234 156
R U 0 -3 78 78 297 219
U C -2 4 78 78 187 109
C T 2 -2 78 93 281 203
T U 0 -2 93 63 249 156
U R 0 3 63 125 156 93
R E 0 1 125 125 94 -31
E Space -3 -1 125 93 125 0
Space A 2 3 93 124 156 63
A T 1 -4 124 94 218 94
T Space -3 1 94 125 125 31
Space T 3 -1 125 63 1887 1762
T E 0 2 63 62 172 109
E H -1 -3 62 93 16 -46
H Back 2 -7 93 47 1669 1576
Back Back 0 0 47 109 140 93
Back H -2 7 109 124 687 578
H E 1 3 124 94 46 -78
E Space -3 -1 94 109 141 47
Space LShiftKey 1 4 109 687 218 109
LShiftKey U 2 -7 687 94 624 -63
U N -2 1 94 93 219 125
N I 2 -2 93 47 358 265
I V -2 4 47 63 546 499
V E 2 1 63 124 422 359
E R 0 -1 124 78 202 78
R S -1 2 78 156 203 125
S I 1 -6 156 94 281 125
I T 0 3 94 78 156 62
T Y 0 -1 78 109 499 421
Y Space -3 2 109 140 125 16
Space A 2 3 140 109 172 32
A T 1 -4 109 125 218 109
T Space -3 1 125 110 140 15
Space LShiftKey 1 4 110 328 156 46
LShiftKey B 0 -5 328 78 188 -140
B U 2 -2 78 47 374 296
U F -1 3 47 78 234 187
F F 0 0 78 94 140 62
F A 0 3 94 109 94 0
A L 0 -8 109 78 172 63
L O 1 0 78 63 202 124
O OemPeriod -2 0 63 46 422 359
OemPeriod Right -1 -4 46 16 17440 17394
Right LShiftKey 1 13 16 530 250 234
LShiftKey I 2 -8 530 94 452 -78
I Space -3 4 94 78 328 234
Space L 2 -5 78 78 328 250
L I 1 1 78 46 234 156
I K -1 0 46 63 171 125
K E 1 5 63 78 109 46
E Space -3 -1 78 78 188 110
Space T 3 -1 78 63 1809 1731
T H -1 -1 63 125 156 93
H E 1 3 125 63 109 -16
E Space -3 -1 63 94 78 15
Space T 3 -1 94 78 1311 1217
T O 0 -4 78 63 140 62
O U 0 2 63 78 234 171
U R 0 3 78 63 265 187
R I 0 -4 63 78 188 125
I S -1 6 78 78 187 109
S Y 1 -4 78 78 171 93
Y Back 1 -7 78 156 484 406
Back T -1 8 156 94 967 811
T Space -3 1 94 125 203 109
Space A 2 3 125 109 234 109
A T 1 -4 109 78 530 421
T T 0 0 78 63 156 78
T R 0 1 63 110 156 93
R A -1 3 110 187 125 15
A C -1 -2 187 110 265 78
C T 2 -2 110 78 281 171
T I 0 -3 78 93 172 94
I O 0 -1 93 93 78 -15
O N -2 3 93 78 218 125
N S 1 4 78 94 265 187
S Space -2 -2 94 78 110 16
Space T 3 -1 78 78 296 218
T H -1 -1 78 94 156 78
H A 0 5 94 78 47 -47
A T 1 -4 78 62 187 109
T Space -3 1 62 93 94 32
Space C 1 1 93 78 296 203
C I 2 -5 78 78 296 218
I T 0 3 78 78 250 172
T Y 0 -1 78 94 156 78
Y Space -3 2 94 124 94 0
Space H 2 -2 124 78 234 110
H A 0 5 78 109 93 15
A S 0 -1 109 125 125 16
S Space -2 -2 125 94 187 62
Space T 3 -1 94 78 219 125
T O 0 -4 78 109 140 62
O Space -3 5 109 93 125 16
Space O 3 -5 93 62 437 344
O F -1 5 62 78 374 312
F F 0 0 78 125 140 62
F E 1 1 125 234 94 -31
E R 0 -1 234 109 172 -62
R Back 1 -9 109 717 1201 1092
Back Back 0 0 717 94 1310 593
Back OemPeriod -3 4 94 63 702 608
OemPeriod Space -1 5 63 47 265 202
Space LShiftKey 1 4 47 266 156 109
LShiftKey I 2 -8 266 125 141 -125
I Space -3 4 125 109 187 62
Space D 2 1 109 78 562 453
D O 1 -6 78 94 62 -16
O N -2 3 94 78 250 156
N Oem7 1 -5 78 46 546 468
Oem7 T 1 6 46 63 249 203
T Space -3 1 63 62 94 31
Space L 2 -5 62 62 390 328
L I 1 1 62 78 187 125
I K -1 0 78 62 172 94
K E 1 5 62 62 62 0
E Space -3 -1 62 62 125 63
Space T 3 -1 62 78 265 203
T H -1 -1 78 62 172 94
H E 1 3 62 109 78 16
E Space -3 -1 109 78 124 15
Space W 3 2 78 171 578 500
W E 0 -1 171 156 202 31
E A -1 2 156 187 188 32
A T 1 -4 187 62 468 281
T H -1 -1 62 78 171 109
H E 1 3 78 94 125 47
E R 0 -1 94 78 187 93
R Space -3 0 78 125 78 0
Space H 2 -2 125 78 219 94
H E 1 3 78 110 46 -32
E R 0 -1 110 187 188 78
R E 0 1 187 125 187 0
E OemPeriod -2 -6 125 109 515 390
OemPeriod Space -1 5 109 156 4321 4212
Space LShiftKey 1 4 156 765 9890 9734
LShiftKey C 0 -3 765 109 687 -78
C A 1 2 109 94 218 109
A M -1 -6 94 171 203 109
M P 2 -3 171 109 265 94
P U 0 3 109 93 359 250
U S -1 5 93 62 78 -15
S Space -2 -2 62 125 78 16
Space D 2 1 125 78 390 265
D I 1 -5 78 78 218 140
I N -2 2 78 94 234 156
N I 2 -2 94 125 109 15
I G -1 3 125 78 406 281
G N -1 -1 78 63 296 218
N Back 3 -7 63 124 656 593
Back Back 0 0 124 110 202 78
Back N -3 7 110 78 1030 920
N G 1 1 78 62 94 16
G Space -2 1 62 109 156 94
Space P 3 -6 109 93 733 624
P R 0 6 93 63 249 156
R O 0 -5 63 62 219 156
O V -2 5 62 62 281 219
V I 2 -4 62 62 218 156
I D -1 5 62 125 187 125
D E 1 0 125 109 78 -47
E S -1 1 109 94 234 125
S Space -2 -2 94 125 156 62
Space U 3 -3 125 110 1513 1388
U S -1 5 110 109 125 15
S Space -2 -2 109 109 141 32
Space S 2 2 109 109 249 140
S T 1 -3 109 78 234 125
T U 0 -2 78 78 312 234
U D -1 4 78 140 94 16
D E 1 0 140 141 93 -47
E N -2 -3 141 78 203 62
N T 2 1 78 94 281 203
T S -1 3 94 93 94 0
S Space -2 -2 93 110 124 31
Space W 3 2 110 140 250 140
W I 0 -6 140 93 250 110
I T 0 3 93 78 218 125
T H -1 -1 78 140 94 16
H Space -2 2 140 94 202 62
Space A 2 3 94 156 16 -78
A Space -2 -3 156 109 187 31
Space C 1 1 109 94 1716 1607
C O 2 -6 94 62 172 78
O S -1 7 62 110 171 109
S T 1 -3 110 125 250 140
T Space -3 1 125 125 125 0
Space E 3 1 125 78 437 312
E F -1 -1 78 94 249 171
F F 0 0 94 110 156 62
F E 1 1 110 156 110 0
E C -2 0 156 156 249 93
C T 2 -2 156 110 499 343
T I 0 -3 110 78 250 140
I V -2 4 78 125 203 125
V E 2 1 125 156 125 0
E Space -3 -1 156 78 218 62
Space A 2 3 78 47 140 62
A N -1 -5 47 125 219 172
N D 1 3 125 94 171 46
D Space -2 -1 94 78 110 16
Space Q 3 3 78 109 1341 1263
Q U 0 -6 109 125 437 328
U I 0 -1 125 172 62 -63
I C -2 5 172 78 687 515
C K 1 -5 78 171 78 0
K Space -2 4 171 171 203 32
Space M 1 -3 171 62 1045 874
M E 2 4 62 94 93 31
E A -1 2 94 140 141 47
A L 0 -8 140 109 218 78
L Space -2 5 109 156 187 78
Space O 3 -5 156 93 890 734
O P 0 -1 93 78 296 203
P T 0 5 78 94 218 140
T I 0 -3 94 109 110 16
I O 0 -1 109 141 46 -63
O N -2 3 141 94 250 109
N S 1 4 94 94 156 62
S Space -2 -2 94 78 889 795
Space W 3 2 78 78 203 125
W H -1 -4 78 94 234 156
H I 1 -2 94 140 47 -47
I C -2 5 140 78 156 16
C H 1 -3 78 140 593 515
H Space -2 2 140 125 124 -16
Space H 2 -2 125 63 1872 1747
H E 1 3 63 78 63 0
E L -1 -6 78 63 327 249
L P 1 -1 63 94 203 140
P Space -3 6 94 109 749 655
Space U 3 -3 109 156 328 219
U S -1 5 156 109 31 -125
S Space -2 -2 109 124 515 406
Space S 2 2 124 140 608 484
S A 0 1 140 187 109 -31
A V -1 -3 187 62 281 94
V E 2 1 62 109 0 -62
E Space -3 -1 109 109 187 78
Space T 3 -1 109 78 359 250
T I 0 -3 78 94 140 62
I M -2 1 94 93 188 94
M E 2 4 93 78 109 16
E Space -3 -1 78 110 93 15
Space Back 4 -9 110 63 7379 7269
Back Back 0 0 63 63 3931 3868
Back OemPeriod -3 4 63 47 312 249
OemPeriod Space -1 5 47 47 250 203
Space LShiftKey 1 4 47 374 6942 6895
LShiftKey T 2 -5 374 94 296 -78
T H -1 -1 94 125 250 156
H E 1 3 125 63 218 93
E Space -3 -1 63 109 94 31
Space E 3 1 109 110 920 811
E D -1 0 110 93 141 31
D U 1 -4 93 47 234 141
U C -2 4 47 141 171 124
C A 1 2 141 187 110 -31
A T 1 -4 187 78 234 47
T I 0 -3 78 94 140 62
I O 0 -1 94 125 62 -32
O N -2 3 125 78 219 94
N Space -1 2 78 63 171 93
Space I 3 -4 63 141 2496 2433
I S -1 6 141 94 78 -63
S Space -2 -2 94 172 78 -16
Space A 2 3 172 31 10749 10577
A T 1 -4 31 125 187 156
T Space -3 1 125 140 125 0
Space P 3 -6 140 125 811 671
P A -1 9 125 234 187 62
A R 1 -3 234 156 250 16
R Space -3 0 156 140 187 31
Space W 3 2 140 110 1232 1092
W I 0 -6 110 250 94 -16
I T 0 3 250 109 312 62
T H -1 -1 109 156 94 -15
H Space -2 2 156 124 156 0
Space S 2 2 124 124 702 578
S O 1 -7 124 109 187 63
O M -2 2 109 109 374 265
M E 2 4 109 109 141 32
E Space -3 -1 109 62 109 0
Space O 3 -5 62 125 405 343
O F -1 5 125 47 125 0
F Space -2 0 47 109 78 31
Space T 3 -1 109 94 234 125
T H -1 -1 94 110 187 93
H E 1 3 110 78 110 0
E Space -3 -1 78 109 31 -47
Space B 1 -1 109 78 265 156
B E 2 2 78 94 78 0
E S -1 1 94 110 218 124
S T 1 -3 110 109 188 78
T Space -3 1 109 156 124 15
Space U 3 -3 156 78 734 578
U N -2 1 78 140 608 530
N I 2 -2 140 140 125 -15
I V -2 4 140 78 327 187
V E 2 1 78 110 78 0
E R 0 -1 110 47 219 109
R S -1 2 47 109 218 171
S I 1 -6 109 78 234 125
I T 0 3 78 78 265 187
T Y 0 -1 78 46 188 110
Y Back 1 -7 46 140 1482 1436
Back I -1 5 140 94 717 577
I E 0 5 94 94 156 62
E S -1 1 94 109 219 125
S Space -2 -2 109 110 124 15
Space I 3 -4 110 78 297 187
I N -2 2 78 62 203 125
N Space -1 2 62 78 187 125
Space T 3 -1 78 93 203 125
T H -1 -1 93 94 202 109
H E 1 3 94 62 172 78
E Space -3 -1 62 109 94 32
Space W 3 2 109 109 624 515
W O 0 -7 109 78 156 47
O R 0 5 78 78 249 171
R L -1 -5 78 78 328 250
L D 0 6 78 78 359 281
D OemPeriod -1 -6 78 47 296 218
OemPeriod M 0 2 47 47 281 234
M Back 3 -6 47 94 1435 1388
Back Space -4 9 94 93 125 31
Space LShiftKey 1 4 93 842 13541 13448
LShiftKey M 0 -7 842 94 748 -94
M O 2 -2 94 78 250 156
O S -1 7 78 78 203 125
S T 1 -3 78 125 187 109
T Space -3 1 125 94 234 109
Space O 3 -5 94 93 515 421
O F -1 5 93 46 125 32
F Space -2 0 46 125 62 16
Space T 3 -1 125 78 234 109
T H -1 -1 78 109 156 78
H E 1 3 109 62 47 -62
E Space -3 -1 62 109 109 47
Space P 3 -6 109 62 515 406
P R 0 6 62 78 93 31
R O 0 -5 78 62 297 219
O F -1 5 62 47 452 390
F E 1 1 47 93 406 359
E S -1 1 93 109 281 188
S S 0 0 109 125 171 62
S O 1 -7 125 78 390 265
O R 0 5 78 94 125 47
R S -1 2 94 93 250 156
S Space -2 -2 93 109 171 78
Space I 3 -4 109 78 203 94
I N -2 2 78 78 234 156
N Space -1 2 78 140 156 78
Space T 3 -1 140 94 1404 1264
T Back 1 -8 94 109 2746 2652
Back M -3 6 109 109 499 390
M Y 2 1 109 141 249 140
Y Space -3 2 141 140 110 -31
Space D 2 1 140 141 1341 1201
D E 1 0 141 141 109 -32
E P 0 -7 141 62 266 125
P A -1 9 62 156 109 47
A R 1 -3 156 124 203 47
R T 0 -1 124 78 234 110
T M -2 -2 78 78 452 374
M E 2 4 78 78 125 47
E N -2 -3 78 63 249 171
N T 2 1 63 109 281 218
T Space -3 1 109 125 172 63
Space A 2 3 125 125 249 124
A R 1 -3 125 140 375 250
R E 0 1 140 124 125 -15
E Space -3 -1 124 171 187 63
Space Capital 2 4 171 671 530 359
Capital Capital 0 0 671 140 1030 359
Capital LShiftKey -1 0 140 515 327 187
LShiftKey S 1 -2 515 110 312 -203
S U 1 -5 110 78 375 265
U N -2 1 78 124 203 125
N Back 3 -7 124 171 702 578
Back Back 0 0 171 109 265 94
Back LShiftKey -3 13 109 1264 296 187
LShiftKey U 2 -7 1264 94 468 -796
U N -2 1 94 110 187 93
N Y 2 0 110 156 266 156
Y Space -3 2 156 125 202 46
Space Back 4 -9 125 640 2028 1903
Back Back 0 0 640 47 843 203
Back E -1 10 47 78 842 795
E Space -3 -1 78 94 125 47
Space D 2 1 94 78 172 78
D I 1 -5 78 78 140 62
I S -1 6 78 140 125 47
S T 1 -3 140 63 249 109
T U 0 -2 63 47 328 265
U Back 1 -6 47 109 718 671
Back I -1 5 109 94 748 639
I N -2 2 94 62 250 156
N G 1 1 62 156 343 281
G U 1 -2 156 125 109 -47
U I 0 -1 125 62 484 359
I S -1 6 62 156 203 141
S H 0 -4 156 109 234 78
H E 1 3 109 125 109 0
E D -1 0 125 78 219 94
D Space -2 -1 78 93 156 78
Space P 3 -6 93 63 748 655
P R 0 6 63 78 110 47
R O 0 -5 78 78 483 405
O F -1 5 78 63 234 156
F E 1 1 63 125 250 187
E S -1 1 125 93 858 733
S S 0 0 93 187 156 63
S O 1 -7 187 78 312 125
O R 0 5 78 94 171 93
R E 0 1 94 125 78 -16
E Oem5 0 -10 125 78 702 577
Oem5 Back 1 0 78 94 468 390
Back Back 0 0 94 78 188 94
Back S -2 11 78 109 1232 1154
S Space -2 -2 109 110 140 31
Space A 2 3 110 141 156 46
A N -1 -5 141 94 172 31
N D 1 3 94 94 78 -16
D Space -2 -1 94 78 140 46
Space H 2 -2 78 93 375 297
H A 0 5 93 125 62 -31
A V -1 -3 125 63 187 62
V E 2 1 63 94 78 15
E Space -3 -1 94 109 141 47
Space Y 3 -2 109 78 374 265
Y E 0 3 78 156 94 16
E A -1 2 156 187 187 31
A R 1 -3 187 109 187 0
R S -1 2 109 125 265 156
S Space -2 -2 125 109 188 63
Space O 3 -5 109 109 3151 3042
O F -1 5 109 78 156 47
F Space -2 0 78 93 125 47
Space T 3 -1 93 110 358 265
T E 0 2 110 156 125 15
E A -1 2 156 203 125 -31
A C -1 -2 203 109 312 109
C H 1 -3 109 156 250 141
H I 1 -2 156 140 109 -47
I N -2 2 140 109 265 125
N G 1 1 109 63 296 187
G OemQuestion -1 -5 63 47 671 608
OemQuestion P 2 0 47 78 359 312
P R 0 6 78 93 250 172
R O 0 -5 93 78 202 109
O F -1 5 78 124 344 266
F E 1 1 124 140 109 -15
E S -1 1 140 78 593 453
S S 0 0 78 78 171 93
S I 1 -6 78 94 671 593
I O 0 -1 94 125 47 -47
O N -2 3 125 78 249 124
N A 1 5 78 78 172 94
A L 0 -8 78 125 62 -16
L Space -2 5 125 94 172 47
Space E 3 1 94 94 343 249
E X -2 1 94 140 250 156
X P 2 -8 140 93 468 328
P E 0 7 93 125 93 0
E R 0 -1 125 94 203 78
R I 0 -4 94 78 281 187
I E 0 5 78 141 187 109
E N -2 -3 141 94 780 639
N C 0 3 94 156 78 -16
C E 2 0 156 125 109 -47
E OemPeriod -2 -6 125 78 827 702
OemPeriod Space -1 5 78 63 499 421
Space LShiftKey 1 4 63 702 15444 15381
LShiftKey N 0 -6 702 62 172 -530
N Back 3 -7 62 62 796 734
Back LShiftKey -3 13 62 952 358 296
LShiftKey M 0 -7 952 78 890 -62
M Y 2 1 78 94 296 218
Y Space -3 2 94 109 156 62
Space F 2 0 109 124 250 141
F A 0 3 124 125 124 0
A V -1 -3 125 78 188 63
V O 2 -5 78 78 514 436
O U 0 2 78 62 250 172
U R 0 3 62 93 281 219
R I 0 -4 93 47 171 78
I T 0 3 47 93 297 250
T E 0 2 93 94 62 -31
E Space -3 -1 94 109 141 47
Space V 1 0 109 78 468 359
V A 1 3 78 156 93 15
A C -1 -2 156 109 250 94
C A 1 2 109 141 93 -16
A T 1 -4 141 78 297 156
T I 0 -3 78 125 171 93
I O 0 -1 125 78 609 484
O N -2 3 78 78 327 249
N Space -1 2 78 94 156 78
Space S 2 2 94 156 250 156
S P 1 -8 156 78 468 312
P O 0 1 78 63 218 140
O T 0 4 63 94 359 296
T Space -3 1 94 125 187 93
Space I 3 -4 125 94 390 265
I S -1 6 94 93 219 125
S Space -2 -2 93 140 125 32
Space T 3 -1 140 62 343 203
T H -1 -1 62 94 187 125
H E 1 3 94 62 125 31
E Space -3 -1 62 94 109 47
Space LShiftKey 1 4 94 296 250 156
LShiftKey B 0 -5 296 62 187 -109
B A 1 4 62 109 125 63
A H 0 -5 109 94 218 109
H A 0 5 94 125 62 -32
A M -1 -6 125 63 593 468
M A 1 6 63 156 125 62
A S 0 -1 156 125 125 -31
S Back 2 -11 125 62 3385 3260
Back Back 0 0 62 109 234 172
Back Z -3 12 109 125 1981 1872
Z Z 0 0 125 156 437 312
Z Z 0 0 156 125 468 312
Z Back 3 -12 125 62 1763 1638
Back Back 0 0 62 63 171 109
Back Back 0 0 63 62 188 125
Back Z -3 12 62 109 1497 1435
Z Z 0 0 109 125 593 484
Z Z 0 0 125 109 858 733
Z LShiftKey 0 1 109 592 3682 3573
LShiftKey LShiftKey 0 0 592 405 1357 765
LShiftKey M 0 -7 405 93 234 -171
M Y 2 1 93 78 920 827
Y Space -3 2 78 110 109 31
Space F 2 0 110 140 344 234
F A 0 3 140 172 124 -16
A V -1 -3 172 78 1514 1342
V O 2 -5 78 109 624 546
O U 0 2 109 62 265 156
U R 0 3 62 94 343 281
R I 0 -4 94 94 140 46
I T 0 3 94 141 203 109
T E 0 2 141 125 125 -16
E Space -3 -1 125 94 140 15
Space V 1 0 94 109 3885 3791
V A 1 3 109 203 93 -16
A C -1 -2 203 140 500 297
C A 1 2 140 140 109 -31
A T 1 -4 140 78 1435 1295
T I 0 -3 78 94 109 31
I O 0 -1 94 94 31 -63
O N -2 3 94 94 234 140
N Space -1 2 94 62 172 78
Space S 2 2 62 109 187 125
S P 1 -8 109 109 531 422
P O 0 1 109 78 234 125
O T 0 4 78 78 390 312
T Space -3 1 78 156 124 46
Space I 3 -4 156 109 375 219
I S -1 6 109 78 156 47
S Space -2 -2 78 109 78 0
Space T 3 -1 109 94 795 686
T H -1 -1 94 109 172 78
H E 1 3 109 47 125 16
E Space -3 -1 47 94 109 62
Space B 1 -1 94 62 2309 2215
B A 1 4 62 94 109 47
A H 0 -5 94 78 187 93
H A 0 5 78 109 94 16
A M -1 -6 109 94 483 374
M S 1 5 94 125 203 109
S Left -2 -9 125 593 1591 1466
Left Back 4 -2 593 78 1404 811
Back LShiftKey -3 13 78 624 156 78
LShiftKey B 0 -5 624 78 297 -327
B Right -1 -8 78 702 795 717
Right Left 0 2 702 125 1545 843
Left Left 0 0 125 110 405 280
Left Left 0 0 110 109 375 265
Left OemPeriod 1 2 109 62 1123 1014
OemPeriod Space -1 5 62 78 234 172
Space LShiftKey 1 4 78 484 374 296
LShiftKey I 2 -8 484 78 390 -94
I T 0 3 78 94 359 281
T Space -3 1 94 109 125 31
Space I 3 -4 109 93 281 172
I S -1 6 93 63 62 -31
S Space -2 -2 63 124 63 0
Space A 2 3 124 63 249 125
A Space -2 -3 63 94 109 46
Space Back 4 -9 94 141 2184 2090
Back N -3 7 141 62 765 624
N Space -1 2 62 109 140 78
Space I 3 -4 109 62 328 219
I S -1 6 62 94 327 265
S L 0 -7 94 78 297 203
L A 0 8 78 140 109 31
A N -1 -5 140 78 172 32
N D 1 3 78 63 280 202
D OemPeriod -1 -6 63 63 281 218
OemPeriod Space -1 5 63 93 219 156
Space LShiftKey 1 4 93 344 4102 4009
LShiftKey I 2 -8 344 109 188 -156
I T 0 3 109 78 561 452
T Space -3 1 78 141 156 78
Space H 2 -2 141 109 203 62
H A 0 5 109 140 94 -15
A S 0 -1 140 125 109 -31
S Space -2 -2 125 109 125 0
Space A 2 3 109 125 327 218
A Space -2 -3 125 125 109 -16
Space T 3 -1 125 125 936 811
T R 0 1 125 109 141 16
R O 0 -5 109 125 296 187
O P 0 -1 125 125 78 -47
P Back 1 -3 125 156 1030 905
Back P -1 3 156 78 920 764
P I 0 2 78 78 187 109
I C -2 5 78 78 188 110
C A 1 2 78 109 93 15
A L 0 -8 109 125 172 63
L Space -2 5 125 110 1029 904
Space C 1 1 110 78 266 156
C L 1 -6 78 78 234 156
L I 1 1 78 78 218 140
I M -2 1 78 78 187 109
M A 1 6 78 156 109 31
A T 1 -4 156 93 344 188
T E 0 2 93 78 109 16
E Space -3 -1 78 62 9251 9173
Space A 2 3 62 141 140 78
A N -1 -5 141 63 109 -32
N D 1 3 63 78 125 62
D Space -2 -1 78 63 78 0
Space I 3 -4 63 78 312 249
I T 0 3 78 62 250 172
T Space -3 1 62 93 156 94
Space D 2 1 93 62 343 250
D O 1 -6 62 78 125 63
O E 0 6 78 62 203 125
E N -2 -3 62 63 561 499
N Oem7 1 -5 63 46 531 468
Oem7 T 1 6 46 78 390 344
T Space -3 1 78 125 62 -16
Space G 2 -1 125 63 343 218
G E 1 2 63 62 125 62
E T 0 -2 62 47 140 78
T T 0 0 47 78 156 109
T Back 1 -8 78 141 671 593
Back Back 0 0 141 63 468 327
Back Back 0 0 63 63 187 124
Back Back 0 0 63 63 156 93
Back Back 0 0 63 47 172 109
Back Back 0 0 47 47 156 109
Back Back 0 0 47 62 156 109
Back Back 0 0 62 47 156 94
Back Back 0 0 47 62 156 109
Back S -2 11 62 93 718 656
S E 1 -1 93 110 280 187
E N -2 -3 110 62 344 234
N Oem7 1 -5 62 63 982 920
Oem7 T 1 6 63 62 110 47
T Space -3 1 62 78 140 78
Space Back 4 -9 78 78 4181 4103
Back Right -4 0 78 125 483 405
Right S 2 11 125 125 203 78
S Right -2 -11 125 109 515 390
Right Right 0 0 109 47 234 125
Right Right 0 0 47 62 156 109
Right Right 0 0 62 63 187 125
Right G 2 8 63 78 1435 1372
G E 1 2 78 109 63 -15
E T 0 -2 109 94 93 -16
T Space -3 1 94 156 125 31
Space T 3 -1 156 94 733 577
T O 0 -4 94 62 219 125
O O 0 0 62 93 125 63
O Space -3 5 93 125 171 78
Space C 1 1 125 63 702 577
C O 2 -6 63 93 94 31
O L -1 0 93 78 187 94
L D 0 6 78 63 296 218
D OemPeriod -1 -6 63 78 328 265
OemPeriod Space -1 5 78 78 1388 1310
Space LShiftKey 1 4 78 437 4665 4587
LShiftKey I 2 -8 437 63 327 -110
I N -2 2 63 78 188 125
N Space -1 2 78 62 218 140
Space T 3 -1 62 63 920 858
T H -1 -1 63 94 156 93
H E 1 3 94 62 63 -31
E Space -3 -1 62 63 171 109
Space P 3 -6 63 78 437 374
P E 0 7 78 78 125 47
E A -1 2 78 109 156 78
A K 0 -7 109 141 374 265
K Space -2 4 141 125 172 31
Space V 1 0 125 94 1310 1185
V A 1 3 94 94 125 31
A C -1 -2 94 125 265 171
C A 1 2 125 218 110 -15
A T 1 -4 218 78 280 62
T I 0 -3 78 93 188 110
I O 0 -1 93 110 46 -47
O N -2 3 110 93 219 109
N Space -1 2 93 63 171 78
Space S 2 2 63 141 312 249
S E 1 -1 141 156 203 62
E A -1 2 156 187 203 47
A S 0 -1 187 78 250 63
S O 1 -7 78 110 358 280
O N -2 3 110 78 234 124
N S 1 4 78 94 172 94
S Space -2 -2 94 94 109 15
Space I 3 -4 94 62 593 499
I T 0 3 62 78 172 110
T Space -3 1 78 62 140 62
Space I 3 -4 62 124 250 188
I S -1 6 124 94 140 16
S Space -2 -2 94 125 125 31
Space P 3 -6 125 93 905 780
P R 0 6 93 94 171 78
R E 0 1 94 125 234 140
E T 0 -2 125 78 312 187
T T 0 0 78 109 141 63
T Y 0 -1 109 125 202 93
Y Space -3 2 125 93 141 16
Space C 1 1 93 110 171 78
C R 2 -1 110 78 312 202
R O 0 -5 78 78 500 422
O W 0 7 78 109 218 140
W D -1 -1 109 203 265 156
D E 1 0 203 172 203 0
E D -1 0 172 109 156 -16
D Space -2 -1 109 110 218 109
Space A 2 3 110 125 125 15
A N -1 -5 125 94 156 31
N D 1 3 94 110 109 15
D Space -2 -1 110 109 125 15
Space E 3 1 109 125 421 312
E X -2 1 125 78 297 172
X P 2 -8 78 62 281 203
P E 0 7 62 109 109 47
E N -2 -3 109 78 281 172
N S 1 4 78 140 374 296
S I 1 -6 140 78 312 172
I V -2 4 78 125 218 140
V E 2 1 125 109 110 -15
E Space -3 -1 109 109 156 47
Space B 1 -1 109 109 312 203
B U 2 -2 109 125 93 -16
U T 0 2 125 94 203 78
T Space -3 1 94 140 94 0
Space O 3 -5 140 63 1341 1201
O T 0 4 63 78 359 296
T H -1 -1 78 78 187 109
H E 1 3 78 78 109 31
E R 0 -1 78 78 749 671
R W 0 2 78 109 390 312
W I 0 -6 109 78 172 63
I S -1 6 78 125 171 93
S E 1 -1 125 78 234 109
E Space -3 -1 78 109 141 63
Space T 3 -1 109 78 2792 2683
T H -1 -1 78 109 203 125
H E 1 3 109 94 499 390
E Space -3 -1 94 109 203 109
Space Back 4 -9 109 125 1482 1373
Back Back 0 0 125 94 218 93
Back Back 0 0 94 78 219 125
Back Back 0 0 78 94 561 483
Back I -1 5 94 62 531 437
I T 0 3 62 62 312 250
T Space -3 1 62 109 78 16
Space I 3 -4 109 78 312 203
I S -1 6 78 78 125 47
S Space -2 -2 78 109 109 31
Space S 2 2 109 125 452 343
S C -1 -1 125 93 250 125
C A 1 2 93 203 109 16
A R 1 -3 203 109 281 78
R S -1 2 109 125 577 468
S E 1 -1 125 109 234 109
E L -1 -6 109 62 250 141
L Y 1 3 62 156 280 218
Y Space -3 2 156 125 156 0
Space P 3 -6 125 47 4571 4446
P O 0 1 47 62 203 156
O P 0 -1 62 125 140 78
P U 0 3 125 78 266 141
U L -1 -2 78 93 234 156
L A 0 8 93 109 187 94
A T 1 -4 109 78 327 218
T E 0 2 78 78 110 32
E D -1 0 78 78 187 109
D OemPeriod -1 -6 78 94 374 296
OemPeriod Space -1 5 94 78 312 218
Space LShiftKey 1 4 78 952 9875 9797
LShiftKey I 2 -8 952 78 905 -47
I Space -3 4 78 125 156 78
Space H 2 -2 125 78 218 93
H A 0 5 78 109 94 16
A V -1 -3 109 78 187 78
V E 2 1 78 78 94 16
E Space -3 -1 78 93 109 31
Space B 1 -1 93 47 374 281
B E 2 2 47 78 125 78
E E 0 0 78 93 125 47
E N -2 -3 93 62 156 63
N Space -1 2 62 62 156 94
Space T 3 -1 62 78 281 219
T O 0 -4 78 78 156 78
O Space -3 5 78 110 124 46
Space T 3 -1 110 63 624 514
T H -1 -1 63 110 156 93
H E 1 3 110 109 125 15
E Space -3 -1 109 93 94 -15
Space LShiftKey 1 4 93 297 218 125
LShiftKey B 0 -5 297 47 187 -110
B A 1 4 47 94 203 156
A H 0 -5 94 62 1311 1217
H A 0 5 62 94 93 31
A M -1 -6 94 110 421 327
M A 1 6 110 172 172 62
A S 0 -1 172 94 156 -16
S Space -2 -2 94 110 140 46
Space O 3 -5 110 94 780 670
O N -2 3 94 63 749 655
N L 1 -3 63 78 375 312
L Y 1 3 78 94 296 218
Y Space -3 2 94 109 109 15
Space O 3 -5 109 62 297 188
O N -2 3 62 47 249 187
N C 0 3 47 156 219 172
C E 2 0 156 171 109 -47
E OemPeriod -2 -6 171 63 296 125
OemPeriod Space -1 5 63 93 219 156
Space LShiftKey 1 4 93 671 8096 8003
LShiftKey I 2 -8 671 78 562 -109
I F -1 4 78 63 280 202
F Space -2 0 63 78 125 62
Space LShiftKey 1 4 78 218 593 515
LShiftKey I 2 -8 218 94 156 -62
I Space -3 4 94 109 156 62
Space G 2 -1 109 78 250 141
G E 1 2 78 78 46 -32
E T 0 -2 78 78 125 47
T Space -3 1 78 110 109 31
Space A 2 3 110 94 172 62
A Space -2 -3 94 109 125 31
Space C 1 1 109 78 546 437
C H 1 -3 78 78 140 62
H A 0 5 78 110 109 31
A N -1 -5 110 47 94 -16
N C 0 3 47 141 187 140
C E 2 0 141 110 109 -32
E Space -3 -1 110 78 141 31
Space T 3 -1 78 78 203 125
T O 0 -4 78 141 124 46
O Space -3 5 141 125 172 31
Space G 2 -1 125 62 328 203
G O 1 -4 62 78 156 94
O Space -3 5 78 109 93 15
Space A 2 3 109 125 250 141
A B -1 -4 125 62 234 109
B R 2 1 62 78 468 406
R O 0 -5 78 94 171 93
O A -1 8 94 124 188 94
A D 0 -2 124 94 124 0
D Space -2 -1 94 62 188 94
Space Back 4 -9 62 78 795 733
Back Oemcomma -3 5 78 47 343 265
Oemcomma Space -1 4 47 94 1139 1092
Space LShiftKey 1 4 94 250 156 62
LShiftKey I 2 -8 250 141 187 -63
I Space -3 4 141 125 125 -16
Space W 3 2 125 63 421 296
W O 0 -7 63 78 125 62
O U 0 2 78 63 234 156
U L -1 -2 63 94 187 124
L D 0 6 94 63 156 62
D Space -2 -1 63 94 78 15
Space G 2 -1 94 63 312 218
G O 1 -4 63 93 110 47
O Space -3 5 93 78 156 63
Space T 3 -1 78 78 187 109
T O 0 -4 78 141 93 15
O Space -3 5 141 94 156 15
Space LShiftKey 1 4 94 390 1498 1404
LShiftKey A 1 -1 390 188 265 -125
A M -1 -6 188 78 297 109
M E 2 4 78 109 296 218
E R 0 -1 109 78 219 110
R S -1 2 78 156 265 187
S T 1 -3 156 109 452 296
T E 0 2 109 172 312 203
E R 0 -1 172 109 172 0
R D -1 1 109 125 655 546
D A 0 2 125 141 109 -16
A M -1 -6 141 94 281 140
M Space -1 3 94 94 265 171
Space Back 4 -9 94 47 5741 5647
Back OemPeriod -3 4 47 78 374 327
OemPeriod Space -1 5 78 63 1014 936
Space LShiftKey 1 4 63 218 219 156
LShiftKey I 2 -8 218 78 187 -31
I T 0 3 78 93 281 203
T Space -3 1 93 124 125 32
Space I 3 -4 124 93 265 141
I S -1 6 93 93 47 -46
S Space -2 -2 93 125 124 31
Space A 2 3 125 109 250 125
A Space -2 -3 109 109 94 -15
Space B 1 -1 109 78 780 671
B E 2 2 78 109 78 0
E A -1 2 109 188 124 15
A T 1 -4 188 93 219 31
T U 0 -2 93 78 249 156
U Back 1 -6 78 78 734 656
Back I -1 5 78 93 312 234
I F -1 4 93 78 249 156
F U 1 -3 78 78 156 78
U L -1 -2 78 140 219 141
L Space -2 5 140 109 187 47
Space C 1 1 109 78 187 78
C O 2 -6 78 63 187 109
O N -2 3 63 47 250 187
N T 2 1 47 125 608 561
T R 0 1 125 156 109 -16
R Y 0 -2 156 141 234 78
Y Space -3 2 141 125 125 -16
Space U 3 -3 125 62 3916 3791
U U 0 0 62 63 3182 3120
U A -1 6 63 125 3479 3416
A N -1 -5 125 109 78 -47
N D 1 3 109 63 109 0
D Space -2 -1 63 93 94 31
Space T 3 -1 93 78 359 266
T H -1 -1 78 93 187 109
H E 1 3 93 62 47 -46
E Space -3 -1 62 62 156 94
Space P 3 -6 62 47 748 686
P E 0 7 47 78 94 47
E O 0 -6 78 78 203 125
O P 0 -1 78 109 62 -16
P L -1 1 109 109 172 63
L E 1 6 109 78 156 47
E Space -3 -1 78 94 93 15
Space T 3 -1 94 63 515 421
T H -1 -1 63 62 172 109
H E 1 3 62 94 109 47
E R 0 -1 94 156 421 327
R E 0 1 156 187 125 -31
E Space -3 -1 187 125 187 0
Space H 2 -2 125 94 577 452
H A 0 5 94 140 110 16
A V -1 -3 140 78 577 437
V E 2 1 78 78 93 15
E Space -3 -1 78 109 125 47
Space A 2 3 109 109 203 94
A N -1 -5 109 93 203 94
N Space -1 2 93 141 218 125
Space A 2 3 141 109 749 608
A M -1 -6 109 78 140 31
M A 1 6 78 78 125 47
A Z -1 0 78 172 593 515
Z I 2 -7 172 109 203 31
I N -2 2 109 110 171 62
N G 1 1 110 78 156 46
G Space -2 1 78 109 94 16
Space O 3 -5 109 93 515 406
O U 0 2 93 63 218 125
U T 0 2 63 78 265 202
T L -1 -4 78 62 266 188
L O 1 0 62 47 218 156
O O 0 0 47 62 156 109
O K -1 1 62 94 156 94
K Space -2 4 94 94 187 93
Space T 3 -1 94 78 297 203
T O 0 -4 78 125 109 31
O Space -3 5 125 109 125 0
Space L 2 -5 109 109 249 140
L I 1 1 109 62 250 141
I F -1 4 62 171 624 562
F E 1 1 171 172 140 -31
E OemPeriod -2 -6 172 78 671 499
OemPeriod LShiftKey 0 9 78 390 16879 16801
LShiftKey I 2 -8 390 63 312 -78
I T 0 3 63 62 375 312
T Space -3 1 62 93 109 47
Space L 2 -5 93 78 468 375
L O 1 0 78 63 218 140
O O 0 0 63 78 141 78
O K -1 1 78 78 187 109
K S 0 6 78 94 499 421
S Space -2 -2 94 94 156 62
Space L 2 -5 94 94 187 93
L I 1 1 94 62 203 109
I K -1 0 62 62 156 94
K E 1 5 62 62 125 63
E Space -3 -1 62 78 125 63
Space A 2 3 78 109 140 62
A Space -2 -3 109 94 156 47
Space P 3 -6 94 63 218 124
P I 0 2 63 62 219 156
I C -2 5 62 94 187 125
C T 2 -2 94 78 312 218
T U 0 -2 78 62 156 78
U R 0 3 62 141 218 156
R E 0 1 141 140 110 -31
E Space -3 -1 140 78 156 16
Space O 3 -5 78 93 312 234
O F -1 5 93 62 31 -62
F Space -2 0 62 93 125 63
Space A 2 3 93 109 249 156
A Space -2 -3 109 94 125 16
Space S 2 2 94 109 1014 920
S T 1 -3 109 78 250 141
T A -1 4 78 109 62 -16
A T 1 -4 109 187 359 250
T E 0 2 187 109 203 16
E Space -3 -1 109 110 826 717
Space P 3 -6 110 78 328 218
P A -1 9 78 140 94 16
A R 1 -3 140 78 202 62
R K -1 -4 78 78 468 390
K OemPeriod -1 -1 78 78 344 266
OemPeriod Space -1 5 78 62 265 187
Space LShiftKey 1 4 62 2824 421 359
LShiftKey P 2 -10 2824 78 2621 -203
P E 0 7 78 78 858 780
E O 0 -6 78 94 265 187
O P 0 -1 94 141 31 -63
P L -1 1 141 93 219 78
L E 1 6 93 94 124 31
E Space -3 -1 94 78 110 16
Space H 2 -2 78 63 436 358
H A 0 5 63 109 63 0
A V -1 -3 109 62 187 78
V E 2 1 62 63 62 0
E Space -3 -1 63 94 125 62
Space C 1 1 94 93 687 593
C O 2 -6 93 78 124 31
O M -2 2 78 94 172 94
M E 2 4 94 93 94 0
E Space -3 -1 93 78 109 16
Space H 2 -2 78 78 249 171
H E 1 3 78 94 78 0
E R 0 -1 94 125 203 109
R E 0 1 125 125 109 -16
E Space -3 -1 125 94 156 31
Space F 2 0 94 78 827 733
F O 1 -5 78 94 156 78
O R 0 5 94 94 109 15
R Space -3 0 94 125 125 31
Space A 2 3 125 78 1685 1560
A Space -2 -3 78 93 94 16
Space F 2 0 93 93 234 141
F A 0 3 93 109 109 16
A M -1 -6 109 63 171 62
M I 2 -1 63 46 188 125
I L -1 -1 46 63 171 125
L Y 1 3 63 93 250 187
Y Space -3 2 93 109 125 32
Space O 3 -5 109 47 327 218
O U 0 2 47 62 219 172
U T 0 2 62 63 249 187
T I 0 -3 63 62 125 62
I N -2 2 62 78 218 156
N G 1 1 78 63 203 125
G Space -2 1 63 94 125 62
Space O 3 -5 94 94 296 202
O R 0 5 94 46 188 94
R Space -3 0 46 125 842 796
Space A 2 3 125 109 187 62
A Space -2 -3 109 110 109 0
Space P 3 -6 110 62 1186 1076
P I 0 2 62 62 203 141
I C -2 5 62 94 140 78
C N 0 -3 94 125 312 218
N I 2 -2 125 188 109 -16
I N -2 2 188 125 156 -32
N C 0 3 125 62 94 -31
C Back 3 -10 62 141 967 905
Back Back 0 0 141 109 1420 1279
Back C -3 10 109 109 187 78
C OemPeriod 0 -6 109 78 842 733
OemPeriod Space -1 5 78 78 281 203
Space LShiftKey 1 4 78 327 11794 11716
LShiftKey T 2 -5 327 62 281 -46
T H -1 -1 62 78 187 125
H E 1 3 78 63 93 15
E R 0 -1 63 125 172 109
R E 0 1 125 125 140 15
E Space -3 -1 125 62 219 94
Space A 2 3 62 156 109 47
A R 1 -3 156 125 203 47
R E 0 1 125 140 109 -16
E Space -3 -1 140 78 172 32
Space L 2 -5 78 63 405 327
L O 1 0 63 63 156 93
O T 0 4 63 109 297 234
T S -1 3 109 78 93 -16
S Space -2 -2 78 125 109 31
Space O 3 -5 125 94 874 749
O F -1 5 94 62 125 31
F Space -2 0 62 109 125 63
Space T 3 -1 109 63 1653 1544
T E 0 2 63 140 47 -16
E N -2 -3 140 63 265 125
N E 2 3 63 110 109 46
E Back 1 -10 110 125 640 530
Back T -1 8 125 141 374 249
T S -1 3 141 172 328 187
S Space -2 -2 172 62 2231 2059
Space A 2 3 62 109 125 63
A N -1 -5 109 78 109 0
N D 1 3 78 46 125 47
D Space -2 -1 46 78 78 32
Space F 2 0 78 94 280 202
F O 1 -5 94 47 312 218
O O 0 0 47 63 125 78
O D -1 6 63 78 125 62
D Space -2 -1 78 78 140 62
Space S 2 2 78 124 266 188
S T 1 -3 124 78 187 63
T A -1 4 78 78 109 31
A L 0 -8 78 31 359 281
L L 0 0 31 94 109 78
L S 0 7 94 109 94 0
S OemPeriod -1 -7 109 47 218 109
OemPeriod Space -1 5 47 63 218 171
Space LShiftKey 1 4 63 359 1576 1513
LShiftKey T 2 -5 359 78 265 -94
T H -1 -1 78 63 203 125
H Back 2 -7 63 93 640 577
Back Back 0 0 93 63 218 125
Back LShiftKey -3 13 63 250 437 374
LShiftKey P 2 -10 250 94 265 15
P E 0 7 94 62 172 78
E O 0 -6 62 94 218 156
O P 0 -1 94 125 31 -63
P L -1 1 125 109 188 63
L E 1 6 109 78 249 140
E Space -3 -1 78 93 141 63
Space A 2 3 93 187 187 94
A R 1 -3 187 140 203 16
R E 0 1 140 141 124 -16
E Space -3 -1 141 109 172 31
Space F 2 0 109 63 265 156
F I 1 -4 63 78 172 109
I S -1 6 78 141 93 15
S H 0 -4 141 78 281 140
H I 1 -2 78 94 203 125
I N -2 2 94 63 218 124
N G 1 1 63 78 125 62
G Space -2 1 78 109 94 16
Space LShiftKey 1 4 109 608 6895 6786
LShiftKey T 2 -5 608 94 421 -187
T H -1 -1 94 93 531 437
H E 1 3 93 94 171 78
E R 0 -1 94 109 203 109
R E 0 1 109 156 78 -31
E Space -3 -1 156 141 140 -16
Space I 3 -4 141 172 328 187
I S -1 6 172 93 47 -125
S Space -2 -2 93 125 187 94
Space E 3 1 125 93 905 780
E V -2 -1 93 94 218 125
V E 2 1 94 94 125 31
E N -2 -3 94 78 109 15
N Space -1 2 78 93 172 94
Space A 2 3 93 94 93 0
A Space -2 -3 94 62 110 16
Space F 2 0 62 93 265 203
F E 1 1 93 187 125 32
E R 0 -1 187 62 234 47
R R 0 0 62 110 124 62
R Y 0 -2 110 78 312 202
Y Space -3 2 78 109 94 16
Space Back 4 -9 109 109 1638 1529
Back OemPeriod -3 4 109 63 842 733
OemPeriod Space -1 5 63 109 110 47
Space RShiftKey 1 -7 109 374 624 515
RShiftKey RShiftKey 0 0 374 141 483 109
RShiftKey Right -1 -2 141 109 1482 1341
Right Back 4 0 109 78 484 375
Back LShiftKey -3 13 78 499 187 109
LShiftKey P 2 -10 499 94 265 -234
P RShiftKey -2 -1 94 717 531 437
RShiftKey Right -1 -2 717 765 1060 343
Right Right 0 0 765 94 1030 265
Right Right 0 0 94 78 187 93
Right Right 0 0 78 94 187 109
Right Right 0 0 94 78 172 78
Right Right 0 0 78 78 172 94
Right Right 0 0 78 78 171 93
Right Right 0 0 78 109 1545 1467
Right Oemcomma 1 5 109 78 842 733
Oemcomma Space -1 4 78 78 234 156
Space S 2 2 78 110 218 140
S K 0 -6 110 63 203 93
K A 0 7 63 188 109 46
A T 1 -4 188 63 312 124
T I 0 -3 63 94 94 31
I N -2 2 94 94 187 93
N G 1 1 94 63 156 62
G Oemcomma -1 -3 63 62 437 374
Oemcomma Space -1 4 62 62 203 141
Space L 2 -5 62 47 374 312
L A 0 8 47 125 421 374
A Z -1 0 125 140 250 125
Z I 2 -7 140 109 281 141
I N -2 2 109 93 203 94
N G 1 1 93 78 109 16
G Space -2 1 78 94 140 62
Space A 2 3 94 125 281 187
A R 1 -3 125 78 187 62
R O 0 -5 78 93 250 172
O U 0 2 93 62 203 110
U N -2 1 62 78 187 125
N D 1 3 78 63 374 296
D Space -2 -1 63 125 109 46
Space S 2 2 125 109 5039 4914
S W 1 0 109 78 250 141
W I 0 -6 78 78 452 374
I M -2 1 78 109 328 250
M M 0 0 109 63 171 62
M I 2 -1 63 78 297 234
I N -2 2 78 62 468 390
N G 1 1 62 62 187 125
G OemPeriod -1 -4 62 46 328 266
OemPeriod Space -1 5 46 78 296 250
Space LShiftKey 1 4 78 375 12776 12698
LShiftKey T 2 -5 375 78 266 -109
T H -1 -1 78 78 187 109
H E 1 3 78 78 93 15
E R 0 -1 78 78 203 125
R E 0 1 78 94 0 -78
E Space -3 -1 94 109 234 140
Space A 2 3 109 172 390 281
A R 1 -3 172 93 484 312
R E 0 1 93 125 78 -15
E Space -3 -1 125 124 203 78
Space E 3 1 124 125 374 250
E V -2 -1 125 78 187 62
V E 2 1 78 109 156 78
E N -2 -3 109 62 406 297
N Space -1 2 62 93 156 94
Space S 2 2 93 125 156 63
S O 1 -7 125 78 249 124
O M -2 2 78 63 203 125
M E 2 4 63 63 187 124
E Space -3 -1 63 78 32 -31
Space G 2 -1 78 125 483 405
G R 1 1 125 124 141 16
R O 0 -5 124 125 483 359
O P 0 -1 125 125 94 -31
P Back 1 -3 125 141 873 748
Back U -1 6 141 62 812 671
U P 0 -3 62 78 390 328
P S -1 8 78 78 109 31
S Space -2 -2 78 141 93 15
Space H 2 -2 141 78 1014 873
H E 1 3 78 62 63 -15
E E 0 0 62 78 187 125
E R 0 -1 78 78 16 -62
R Space -3 0 78 156 156 78
Space Back 4 -9 156 78 826 670
Back Back 0 0 78 63 203 125
Back Back 0 0 63 78 156 93
Back Back 0 0 78 93 531 453
Back Back 0 0 93 78 187 94
Back S -2 11 78 78 2886 2808
S I 1 -6 78 93 125 47
I G -1 3 93 156 327 234
G H 0 -1 156 125 94 -62
H T 1 1 125 62 390 265
T S -1 3 62 124 359 297
S E 1 -1 124 47 280 156
E E 0 0 47 141 125 78
E I 0 -5 141 109 406 265
I N -2 2 109 93 234 125
N G 1 1 93 78 249 156
G OemPeriod -1 -4 78 63 312 234
OemPeriod Space -1 5 63 62 250 187
Space LShiftKey 1 4 62 1170 9064 9002
LShiftKey C 0 -3 1170 78 1076 -94
C H 1 -3 78 141 265 187
H I 1 -2 141 141 109 -32
I L -1 -1 141 78 375 234
L D 0 6 78 94 499 421
D R 1 -1 94 124 250 156
R E 0 1 124 93 156 32
E N -2 -3 93 78 234 141
N Space -1 2 78 141 483 405
Space A 2 3 141 203 250 109
A S 0 -1 203 93 281 78
S Back 2 -11 93 141 561 468
Back R -1 9 141 141 577 436
R E 0 1 141 124 110 -31
E Space -3 -1 124 78 124 0
Space C 1 1 78 94 5382 5304
C Y 2 -3 94 63 234 140
Y C -2 3 63 93 141 78
C L 1 -6 93 125 655 562
L I 1 1 125 110 452 327
I N -2 2 110 78 234 124
N G 1 1 78 62 172 94
G OemPeriod -1 -4 62 109 1170 1108
OemPeriod Space -1 5 109 94 109 0
Space Back 4 -9 94 63 6864 6770
Back Oemcomma -3 5 63 78 1279 1216
Oemcomma Space -1 4 78 141 2465 2387
Space LShiftKey 1 4 141 359 15148 15007
LShiftKey S 1 -2 359 109 234 -125
S O 1 -7 109 140 359 250
O M -2 2 140 94 296 156
M E 2 4 94 78 125 31
E Space -3 -1 78 78 156 78
Space P 3 -6 78 78 608 530
P E 0 7 78 94 172 94
E O 0 -6 94 94 265 171
O P 0 -1 94 109 47 -47
P L -1 1 109 109 203 94
L E 1 6 109 62 156 47
E Space -3 -1 62 109 78 16
Space A 2 3 109 171 234 125
A R 1 -3 171 109 218 47
R E 0 1 109 109 125 16
E Space -3 -1 109 78 140 31
Space E 3 1 78 140 4088 4010
E A -1 2 140 203 124 -16
A T 1 -4 203 47 219 16
T I 0 -3 47 140 234 187
I N -2 2 140 93 234 94
N G 1 1 93 78 125 32
G OemPeriod -1 -4 78 63 7066 6988
OemPeriod G 1 4 63 0 30202 30139
G M -1 -2 0 78 203 203
M A 1 6 78 93 125 47
A I 1 -7 93 62 109 16
I L -1 -1 62 78 171 109
L Return 0 -3 78 94 3635 3557
Return D 0 9 94 16 18283 18189
D A 0 2 16 125 0 -16
A T 1 -4 125 46 188 63
T A -1 4 46 94 93 47
A C -1 -2 94 78 453 359
C O 2 -6 78 62 234 156
O L -1 0 62 62 218 156
L L 0 0 62 63 140 78
L E 1 6 63 94 125 62
E C -2 0 94 78 234 140
C T 2 -2 78 62 328 250
T I 0 -3 62 94 93 31
I O 0 -1 94 93 63 -31
O N -2 3 93 78 203 110
N D 1 3 78 30 29541 29463
D E 1 0 30 110 20 -10
E V -2 -1 110 85 325 215
V A 1 3 85 145 105 20
A S 0 -1 145 95 335 190
S I 1 -6 95 113 2682 2587
I A -1 7 113 100 433 320
A A 0 0 100 147 195 95
A LShiftKey -1 1 147 2855 559 412
LShiftKey LShiftKey 0 0 2855 2120 4895 2040
LShiftKey D2 3 -2 2120 130 1532 -588
D2 B -3 -3 130 70 1328 1198
B U 2 -2 70 50 215 145
U F -1 3 50 55 375 325
F F 0 0 55 95 125 70
F A 0 3 95 125 85 -10
A L 0 -8 125 60 135 10
L O 1 0 60 60 155 95
O OemPeriod -2 0 60 60 297 237
OemPeriod E 2 6 60 80 135 75
E D -1 0 80 70 205 125
D U 1 -4 70 80 255 185
U H -1 1 80 66 3067 2987
H A 0 5 66 63 102 36
A H 0 -5 63 75 153 90
H A 0 5 75 72 145 70
A H 0 -5 72 63 112 40
H A 0 5 63 82 153 90
A H 0 -5 82 63 102 20
H A 0 5 63 62 163 100
A H 0 -5 62 92 82 20
H A 0 5 92 73 202 110
A LShiftKey -1 1 73 385 1440 1367
LShiftKey B 0 -5 385 52 343 -42
B O 2 -4 52 63 187 135
O W 0 7 63 82 213 150
W Space -3 -2 82 63 112 30
Space D 2 1 63 63 465 402
D O 1 -6 63 75 153 90
O W 0 7 75 83 197 122
W N -2 -4 83 65 163 80
N Space -1 2 65 82 185 120
Space T 3 -1 82 70 362 280
T O 0 -4 70 79 133 63
O Space -3 5 79 103 129 50
Space M 1 -3 103 72 333 230
M E 2 4 72 63 132 60
E Space -3 -1 63 72 93 30
Space Y 3 -2 72 62 485 413
Y O 0 -3 62 83 112 50
O U 0 2 83 102 213 130
U Space -3 3 102 103 132 30
Space M 1 -3 103 72 233 130
M E 2 4 72 113 122 50
E R 0 -1 113 62 263 150
R E 0 1 62 75 72 10
E Space -3 -1 75 115 125 50
Space M 1 -3 115 75 763 648
M O 2 -2 75 82 165 90
O R 0 5 82 88 302 220
R T 0 -1 88 55 238 150
T A -1 4 55 105 107 52
A L 0 -8 105 75 275 170
L Space -2 5 75 83 155 80
Space E 3 1 83 100 213 130
E R 0 -1 100 72 210 110
R A -1 3 72 170 82 10
A T 1 -4 170 78 240 70
T H -1 -1 78 80 218 140
H L 0 -3 80 75 517 437
L I 1 1 75 73 195 120
I N -2 2 73 82 193 120
N G 1 1 82 63 282 200
G Back 2 -8 63 75 5074 5011
Back A -2 12 75 95 285 210
A Right -2 -12 95 100 285 190
Right Left 0 2 100 82 693 593
Left R 3 7 82 82 955 873
R Right -3 -9 82 92 145 63
Right Back 4 0 92 63 1142 1050
Back LShiftKey -3 13 63 552 7295 7232
LShiftKey M 0 -7 552 72 490 -62
M A 1 6 72 83 147 75
A I 1 -7 83 65 133 50
I L -1 -1 65 62 195 130
L Space -2 5 62 63 262 200
Space D 2 1 63 30 18765 18702
D E 1 0 30 110 10 -20
E V -2 -1 110 115 245 135
V A 1 3 115 213 115 0
A S 0 -1 213 113 335 122
S I 1 -6 113 80 263 150
I A -1 7 80 140 115 35
A OemPeriod -1 -8 140 62 515 375
OemPeriod A 1 8 62 70 387 325
A OemPeriod -1 -8 70 65 545 475
OemPeriod T 2 4 65 60 365 300
T H -1 -1 60 73 225 165
H O 1 -3 73 65 1788 1715
O M -2 2 65 60 235 170
M A 1 6 60 122 225 165
A S 0 -1 122 145 92 -30
S LShiftKey -1 2 145 500 335 190
LShiftKey D2 3 -2 500 120 350 -150
D2 G -2 -3 120 83 445 325
G M -1 -2 83 85 183 100
M A 1 6 85 112 105 20
A I 1 -7 112 75 132 20
I L -1 -1 75 70 175 100
L OemPeriod -1 0 70 95 160 90
OemPeriod C 0 6 95 50 145 50
C O 2 -6 50 85 120 70
O M -2 2 85 53 165 80
M C 0 4 53 1 65035 64982
C N 0 -3 1 52 174 173
N N 0 0 52 76 126 74
N Return 1 -6 76 138 1450 1374
