LShiftKey I 2 -8 187 94 109 -78
I Space -3 4 94 47 234 140
Space L 2 -5 47 62 406 359
L I 1 1 62 93 234 172
I K -1 0 93 78 218 125
K E 1 5 78 62 156 78
E Space -3 -1 62 78 156 94
Space T 3 -1 78 62 125 47
T H -1 -1 62 62 125 63
H E 1 3 62 47 93 31
E Space -3 -1 47 63 109 62
Space P 3 -6 63 46 266 203
P E 0 7 46 62 156 110
E O 0 -6 62 47 93 31
O P 0 -1 47 78 141 94
P L -1 1 78 62 156 78
L E 1 6 62 62 156 94
E Space -3 -1 62 47 109 47
Space O 3 -5 47 78 156 109
O F -1 5 78 63 140 62
F Space -2 0 63 62 141 78
Space LShiftKey 1 4 62 328 436 374
LShiftKey B 0 -5 328 62 219 -109
B U 2 -2 62 78 171 109
U F -1 3 78 63 234 156
F F 0 0 63 94 125 62
F A 0 3 94 63 156 62
A L 0 -8 63 62 94 31
L O 1 0 62 78 156 94
O Space -3 5 78 62 203 125
Space Oemcomma 1 -4 62 63 1341 1279
Oemcomma Space -1 4 63 62 125 62
Space T 3 -1 62 63 187 125
T H -1 -1 63 47 109 46
H E 1 3 47 63 125 78
E Y 0 -3 63 78 109 46
Y Space -3 2 78 78 141 63
Space A 2 3 78 78 515 437
A R 1 -3 78 78 124 46
R E 0 1 78 63 125 47
E Space -3 -1 63 62 141 78
Space Q 3 3 62 78 436 374
Q U 0 -6 78 47 78 0
U I 0 -1 47 93 188 141
I T 0 3 93 31 109 16
T E 0 2 31 78 156 125
E Space -3 -1 78 63 171 93
Space W 3 2 63 62 250 187
W A -1 1 62 62 156 94
A R 1 -3 62 47 187 125
R M -2 -3 47 62 125 78
M Space -1 3 62 78 94 32
Space A 2 3 78 62 140 62
A N -1 -5 62 63 109 47
N D 1 3 63 63 109 46
D Space -2 -1 63 62 110 47
Space F 2 0 62 31 140 78
F R 1 0 31 63 140 109
R I 0 -4 63 62 141 78
I E 0 5 62 62 343 281
E N -2 -3 62 63 140 78
N D 1 3 63 62 141 78
D L 0 -6 62 63 140 78
L Y 1 3 63 47 187 124
Y OemPeriod -2 -3 47 63 359 312
OemPeriod Space -1 5 63 78 125 62
Space LShiftKey 1 4 78 1529 437 359
LShiftKey I 2 -8 1529 63 1419 -110
I Space -3 4 63 63 156 93
Space L 2 -5 63 62 188 125
L Back 2 -4 62 78 967 905
Back A -2 12 78 78 998 920
A L 0 -8 78 93 141 63
L S 0 7 93 47 218 125
S O 1 -7 47 62 94 47
O Space -3 5 62 62 187 125
Space L 2 -5 62 63 218 156
L I 1 1 63 47 187 124
I K -1 0 47 78 141 94
K E 1 5 78 62 125 47
E Space -3 -1 62 63 124 62
Space T 3 -1 63 47 125 62
T H -1 -1 47 47 109 62
H E 1 3 47 63 78 31
E Space -3 -1 63 78 141 78
Space C 1 1 78 47 109 31
C A 1 2 47 78 187 140
A P 1 -9 78 62 125 47
P M -2 3 62 78 172 110
M U 2 0 78 62 218 140
U S -1 5 62 62 125 63
S Back 2 -11 62 63 717 655
Back Back 0 0 63 63 156 93
Back Back 0 0 63 94 125 62
Back Back 0 0 94 94 390 296
Back M -3 6 94 63 624 530
M P 2 -3 63 78 172 109
P U 0 3 78 63 218 140
U S -1 5 63 47 109 46
S Space -2 -2 47 62 110 63
Space B 1 -1 62 62 187 125
B U 2 -2 62 63 218 156
U I 0 -1 63 78 203 140
I L -1 -1 78 78 187 109
L D 0 6 78 93 297 219
D I 1 -5 93 63 124 31
I N -2 2 63 78 172 109
N G 1 1 78 62 78 0
G S 0 3 62 63 218 156
S Space -2 -2 63 62 141 78
Space A 2 3 62 63 93 31
A N -1 -5 63 78 110 47
N D 1 3 78 63 124 46
D Space -2 -1 63 63 125 62
Space L 2 -5 63 62 827 764
L E 1 6 62 47 156 94
E C -2 0 47 78 156 109
C T 2 -2 78 62 250 172
T U 0 -2 62 62 2137 2075
U R 0 3 62 78 203 141
R E 0 1 78 78 156 78
E S -1 1 78 47 202 124
S Space -2 -2 47 78 125 78
Space R 3 0 78 63 156 78
R O 0 -5 63 46 141 78
O O 0 0 46 62 109 63
O M -2 2 62 78 218 156
M OemPeriod 0 -2 78 78 546 468
OemPeriod Space -1 5 78 78 156 78
Space LShiftKey 1 4 78 296 141 63
LShiftKey T 2 -5 296 47 202 -94
T H -1 -1 47 78 172 125
H E 1 3 78 78 109 31
E Space -3 -1 78 62 125 47
Space P 3 -6 62 93 484 422
P R 0 6 93 62 156 63
R O 0 -5 62 62 374 312
O F -1 5 62 62 312 250
F E 1 1 62 78 187 125
E S -1 1 78 47 203 125
S S 0 0 47 62 125 78
S O 1 -7 62 62 125 63
O R 0 5 62 63 124 62
R Space -3 0 63 63 125 62
Space A 2 3 63 62 94 31
A N -1 -5 62 78 125 63
N D 1 3 78 63 93 15
D Space -2 -1 63 62 125 62
Space Back 4 -9 62 62 624 562
Back Back 0 0 62 47 156 94
Back Back 0 0 47 78 125 78
Back R -1 9 78 78 780 702
R E 0 1 78 47 140 62
E Space -3 -1 47 46 141 94
Space Q 3 3 46 78 561 515
Q U 0 -6 78 31 141 63
U I 0 -1 31 78 156 125
I T 0 3 78 47 93 15
T E 0 2 47 78 156 109
E Space -3 -1 78 78 141 63
Space A 2 3 78 109 546 468
A M -1 -6 109 62 187 78
M A 1 6 62 62 78 16
A Z -1 0 62 62 203 141
Z I 2 -7 62 62 109 47
I N -2 2 62 94 187 125
N G 1 1 94 63 109 15
G Space -2 1 63 62 141 78
Space A 2 3 62 78 156 94
A N -1 -5 78 47 109 31
N D 1 3 47 62 125 78
D Space -2 -1 62 63 124 62
Space W 3 2 63 78 1888 1825
W E 0 -1 78 78 218 140
E L -1 -6 78 140 765 687
L L 0 0 140 93 203 63
L Space -2 5 93 78 1076 983
Space E 3 1 78 62 250 172
E X -2 1 62 78 312 250
X P 2 -8 78 63 280 202
P E 0 7 63 47 156 93
E R 0 -1 47 47 172 125
R I 0 -4 47 47 593 546
I E 0 5 47 78 811 764
E N -2 -3 78 62 125 47
N C 0 3 62 62 234 172
C E 2 0 62 62 78 16
E D -1 0 62 47 156 94
D Space -2 -1 47 78 109 62
Space I 3 -4 78 47 234 156
I N -2 2 47 94 156 109
N Space -1 2 94 78 125 31
Space T 3 -1 78 62 109 31
T H -1 -1 62 62 125 63
H E 1 3 62 62 125 63
E I 0 -5 62 62 156 94
I R 0 4 62 78 109 47
R Space -3 0 78 62 156 78
Space R 3 0 62 63 140 78
R E 0 1 63 63 156 93
E S -1 1 63 78 172 109
S P 1 -8 78 78 156 78
P E 0 7 78 62 203 125
E C -2 0 62 78 187 125
C T 2 -2 78 78 171 93
T I 0 -3 78 78 188 110
I V -2 4 78 47 218 140
V E 2 1 47 62 125 78
E Space -3 -1 62 62 109 47
Space F 2 0 62 63 452 390
F I 1 -4 63 62 188 125
I E 0 5 62 63 93 31
E L -1 -6 63 62 125 62
L D 0 6 62 62 156 94
D S 0 1 62 78 250 188
S OemPeriod -1 -7 78 46 156 78
OemPeriod Space -1 5 46 94 124 78
Space LShiftKey 1 4 94 905 3058 2964
LShiftKey I 2 -8 905 78 749 -156
I Space -3 4 78 62 265 187
Space H 2 -2 62 62 546 484
H A 0 5 62 78 125 63
A V -1 -3 78 62 125 47
V E 2 1 62 62 140 78
E Space -3 -1 62 63 109 47
Space N 1 -2 63 47 265 202
N O 2 -3 47 63 234 187
O T 0 4 63 94 156 93
T Space -3 1 94 62 141 47
Space Y 3 -2 62 31 234 172
Y E 0 3 31 63 93 62
E T 0 -2 63 94 172 109
T Space -3 1 94 78 234 140
Space C 1 1 78 62 921 843
C H 1 -3 62 62 109 47
H E 1 3 62 31 109 47
E C -2 0 31 62 125 94
C K 1 -5 62 78 125 63
K E 1 5 78 47 93 15
E D -1 0 47 47 156 109
D Space -2 -1 47 63 78 31
Space O 3 -5 63 62 172 109
O U 0 2 62 62 187 125
U T 0 2 62 62 125 63
T Space -3 1 62 46 125 63
Space T 3 -1 46 62 140 94
T H -1 -1 62 62 125 63
H E 1 3 62 62 109 47
E Space -3 -1 62 63 140 78
Space R 3 0 63 62 609 546
R E 0 1 62 62 156 94
E C -2 0 62 47 187 125
C R 2 -1 47 62 172 125
R E 0 1 62 78 140 78
E A -1 2 78 78 218 140
A T 1 -4 78 62 172 94
T I 0 -3 62 63 218 156
I O 0 -1 63 47 156 93
O N -2 3 47 62 172 125
N A 1 5 62 62 125 63
A L 0 -8 62 93 78 16
L Space -2 5 93 63 171 78
Space F 2 0 63 78 250 187
F A 0 3 78 78 203 125
A C -1 -2 78 63 218 140
C I 2 -5 63 62 141 78
I L -1 -1 62 62 187 125
L I 1 1 62 78 187 125
I T 0 3 78 63 343 265
T I 0 -3 63 94 187 124
I E 0 5 94 62 110 16
E S -1 1 62 78 171 109
S Space -2 -2 78 46 141 63
Space Oemcomma 1 -4 46 94 249 203
Oemcomma Space -1 4 94 63 156 62
Space B 1 -1 63 46 219 156
B U 2 -2 46 63 171 125
U T 0 2 63 62 125 62
T Space -3 1 62 47 140 78
Space LShiftKey 1 4 47 234 156 109
LShiftKey I 2 -8 234 78 63 -171
I Space -3 4 78 62 187 109
Space H 2 -2 62 62 172 110
H A 0 5 62 78 93 31
A V -1 -3 78 63 109 31
V E 2 1 63 78 110 47
E Space -3 -1 78 78 109 31
Space H 2 -2 78 63 452 374
H E 1 3 63 78 109 46
E A -1 2 78 78 172 94
A R 1 -3 78 78 218 140
R D -1 1 78 94 156 78
D Space -2 -1 94 109 125 31
Space G 2 -1 109 62 172 63
G R 1 1 62 47 109 47
R E 0 1 47 78 140 93
E A -1 2 78 62 188 110
A T 1 -4 62 47 124 62
T Space -3 1 47 63 156 109
Space T 3 -1 63 62 141 78
T H -1 -1 62 47 109 47
H I 1 -2 47 78 156 109
I N -2 2 78 78 156 78
N S 1 4 78 63 187 109
S G 0 -3 63 78 219 156
G Back 2 -8 78 47 1419 1341
Back Back 0 0 47 62 141 94
Back G -2 8 62 62 343 281
G S 0 3 62 62 125 63
S Space -2 -2 62 62 109 47
Space A 2 3 62 63 140 78
A B -1 -4 63 47 94 31
B O 2 -4 47 62 203 156
O U 0 2 62 47 171 109
U T 0 2 47 46 141 94
T Space -3 1 46 47 93 47
Space I 3 -4 47 63 234 187
I T 0 3 63 78 125 62
T OemPeriod -2 -4 78 47 312 234
OemPeriod Return 1 -3 47 63 2246 2199
Return LShiftKey -1 12 63 374 718 655
LShiftKey T 2 -5 374 62 250 -124
T H -1 -1 62 93 156 94
H E 1 3 93 62 140 47
E Space -3 -1 62 93 94 32
Space C 1 1 93 78 109 16
C L 1 -6 78 62 156 78
L A 0 8 62 62 125 63
A S 0 -1 62 63 171 109
S S 0 0 63 62 141 78
S R 1 -2 62 63 358 296
R O 0 -5 63 47 125 62
O O 0 0 47 78 375 328
O M -2 2 78 93 234 156
M S 1 5 93 63 124 31
S Space -2 -2 63 62 141 78
Space A 2 3 62 63 405 343
A R 1 -3 63 78 94 31
R E 0 1 78 62 172 94
E Space -3 -1 62 94 124 62
Space Q 3 3 94 94 172 78
Q U 0 -6 94 47 156 62
U I 0 -1 47 94 140 93
I T 0 3 94 47 125 31
T E 0 2 47 93 141 94
E Space -3 -1 93 62 140 47
Space H 2 -2 62 47 1310 1248
H I 1 -2 47 78 219 172
I G -1 3 78 62 203 125
G H 0 -1 62 93 156 94
H Space -2 2 93 78 156 63
Space T 3 -1 78 62 156 78
T E 0 2 62 63 171 109
E C -2 0 63 63 187 124
C H 1 -3 63 62 188 125
H Space -2 2 62 78 156 94
Space A 2 3 78 62 156 78
A N -1 -5 62 78 109 47
N D 1 3 78 46 125 47
D Space -2 -1 46 62 78 32
Space T 3 -1 62 47 1435 1373
T H -1 -1 47 62 109 62
H E 1 3 62 63 140 78
E Space -3 -1 63 63 125 62
Space L 2 -5 63 62 297 234
L A 0 8 62 78 124 62
A B -1 -4 78 62 297 219
B O 2 -4 62 78 421 359
O R 0 5 78 62 172 94
R I 0 -4 62 47 296 234
I T 0 3 47 93 125 78
T I 0 -3 93 63 171 78
I E 0 5 63 78 281 218
E S -1 1 78 47 187 109
S Space -2 -2 47 78 156 109
Space A 2 3 78 78 125 47
A R 1 -3 78 78 187 109
R E 0 1 78 62 172 94
E R 0 -1 62 47 0 -62
R Space -3 0 47 62 172 125
Space F 2 0 62 63 795 733
F U 1 -3 63 78 109 46
U L -1 -2 78 63 390 312
L Space -2 5 63 78 359 296
Space O 3 -5 78 78 187 109
O F -1 5 78 63 156 78
F Space -2 0 63 47 125 62
Space A 2 3 47 62 125 78
A D 0 -2 62 62 203 141
D E 1 0 62 63 171 109
E Q 0 2 63 93 453 390
Q U 0 -6 93 63 171 78
U T 0 2 63 62 266 203
T A -1 4 62 63 124 62
A E 1 -2 63 78 312 249
E Space -3 -1 78 63 156 78
Space R 3 0 63 62 94 31
R E 0 1 62 62 156 94
E S -1 1 62 93 172 110
S O 1 -7 93 63 171 78
O U 0 2 63 63 187 124
U R 0 3 63 62 765 702
R C -2 1 62 63 218 156
C E 2 0 63 62 141 78
E S -1 1 62 78 187 125
S OemPeriod -1 -7 78 62 265 187
OemPeriod Space -1 5 62 78 109 47
Space A 2 3 78 63 5413 5335
A R 1 -3 63 62 141 78
R E 0 1 62 62 125 63
E Space -3 -1 62 78 124 62
Space Back 4 -9 78 78 1124 1046
Back Right -4 0 78 62 6786 6708
Right Back 4 0 62 47 343 281
Back Back 0 0 47 31 2730 2683
Back LShiftKey -3 13 31 234 6567 6536
LShiftKey I 2 -8 234 78 141 -93
I Space -3 4 78 78 203 125
Space Back 4 -9 78 47 561 483
Back Back 0 0 47 62 172 125
Back Back 0 0 62 62 109 47
Back LShiftKey -3 13 62 328 156 94
LShiftKey Y 2 -6 328 62 359 31
Y Space -3 2 62 78 156 94
Space Back 4 -9 78 47 1092 1014
Back Back 0 0 47 78 125 78
Back LShiftKey -3 13 78 219 171 93
LShiftKey M 0 -7 219 63 156 -63
M Y 2 1 63 62 203 140
Y Space -3 2 62 78 140 78
Space F 2 0 78 63 234 156
F A 0 3 63 47 141 78
A V -1 -3 47 62 125 78
V O 2 -5 62 63 280 218
O U 0 2 63 62 250 187
U R 0 3 62 62 328 266
R I 0 -4 62 62 140 78
I T 0 3 62 63 140 78
T E 0 2 63 31 188 125
E Space -3 -1 31 63 93 62
Space V 1 0 63 78 577 514
V A 1 3 78 63 125 47
A C -1 -2 63 62 141 78
C A 1 2 62 47 124 62
A T 1 -4 47 63 156 109
T I 0 -3 63 62 219 156
I O 0 -1 62 63 171 109
O N -2 3 63 78 188 125
N Space -1 2 78 63 124 46
Space S 2 2 63 78 125 62
S P 1 -8 78 78 141 63
P O 0 1 78 78 202 124
O T 0 4 78 94 203 125
T Space -3 1 94 47 187 93
Space I 3 -4 47 63 156 109
I S -1 6 63 62 110 47
S Space -2 -2 62 62 140 78
Space LShiftKey 1 4 62 375 499 437
LShiftKey G 1 -5 375 63 187 -188
G O 1 -4 63 47 219 156
O A -1 8 47 62 546 499
A Oemcomma -1 -7 62 47 234 172
Oemcomma Back 3 -5 47 47 421 374
Back Back 0 0 47 31 811 764
Back A -2 12 31 62 796 765
A OemPeriod -1 -8 62 47 265 203
OemPeriod Space -1 5 47 47 187 140
Space LShiftKey 1 4 47 234 125 78
LShiftKey I 2 -8 234 63 140 -94
I T 0 3 63 47 219 156
T Space -3 1 47 62 125 78
Space I 3 -4 62 78 202 140
I S -1 6 78 78 141 63
S Space -2 -2 78 47 140 62
Space L 2 -5 47 47 172 125
L O 1 0 47 93 125 78
O C -2 6 93 62 156 63
C A 1 2 62 94 171 109
A T 1 -4 94 78 94 0
T E 0 2 78 63 140 62
E D -1 0 63 93 141 78
D Space -2 -1 93 62 109 16
Space I 3 -4 62 63 171 109
I N -2 2 63 93 188 125
N Space -1 2 93 78 109 16
Space LShiftKey 1 4 78 234 93 15
LShiftKey I 2 -8 234 47 141 -93
I N -2 2 47 78 171 124
N D 1 3 78 47 141 63
D I 1 -5 47 78 93 46
I A -1 7 78 62 141 63
A Space -2 -3 62 62 156 94
Space Back 4 -9 62 47 3276 3214
Back OemPeriod -3 4 47 62 343 296
OemPeriod Space -1 5 62 31 187 125
Space LShiftKey 1 4 31 187 141 110
LShiftKey I 2 -8 187 78 93 -94
I T 0 3 78 62 203 125
T Space -3 1 62 78 140 78
Space I 3 -4 78 62 734 656
I S -1 6 62 63 124 62
S Space -2 -2 63 47 141 78
Space A 2 3 47 62 156 109
A Space -2 -3 62 47 140 78
Space B 1 -1 47 62 250 203
B E 2 2 62 78 109 47
E A -1 2 78 62 203 125
A C -1 -2 62 62 109 47
C H 1 -3 62 78 203 141
H Space -2 2 78 47 171 93
Space Back 4 -9 47 94 1451 1404
Back Back 0 0 94 78 156 62
Back Back 0 0 78 78 156 78
Back Back 0 0 78 78 141 63
Back Back 0 0 78 125 124 46
Back Back 0 0 125 78 203 78
Back C -3 10 78 62 671 593
C O 2 -6 62 63 140 78
O S -1 7 63 62 94 31
S T 1 -3 62 62 172 110
T A -1 4 62 63 124 62
A L 0 -8 63 94 125 62
L Space -2 5 94 78 156 62
Space A 2 3 78 78 468 390
A R 1 -3 78 63 187 109
R E 0 1 63 78 125 62
E Space -3 -1 78 63 156 78
Space A 2 3 63 62 406 343
A Back 2 -12 62 47 468 406
Back Back 0 0 47 93 203 156
Back A -2 12 93 63 280 187
A Space -2 -3 63 62 344 281
Space W 3 2 62 78 171 109
W I 0 -6 78 78 156 78
I T 0 3 78 46 141 63
T H -1 -1 46 78 93 47
H Space -2 2 78 62 141 63
Space M 1 -3 62 62 265 203
M A 1 6 62 47 140 78
A N -1 -5 47 62 63 16
N Y 2 0 62 62 187 125
Y Space -3 2 62 78 140 78
Space E 3 1 78 78 1061 983
E X -2 1 78 78 218 140
X O 2 -7 78 62 188 110
O T 0 4 62 62 702 640
T I 0 -3 62 62 156 94
I C -2 5 62 63 202 140
C Space -1 -1 63 62 141 78
Space B 1 -1 62 46 281 219
B E 2 2 46 62 78 32
E A -1 2 62 78 202 140
A C -1 -2 78 47 94 16
C H 1 -3 47 47 234 187
H E 1 3 47 46 94 47
E S -1 1 46 63 171 125
S OemPeriod -1 -7 63 47 250 187
OemPeriod Space -1 5 47 78 125 78
Space LShiftKey 1 4 78 249 5928 5850
LShiftKey I 2 -8 249 78 124 -125
I T 0 3 78 47 219 141
T Space -3 1 47 62 156 109
Space I 3 -4 62 62 187 125
I S -1 6 62 78 125 63
S Space -2 -2 78 93 125 47
Space Q 3 3 93 63 171 78
Q W 0 -1 63 31 16 -47
W U 0 -5 31 47 156 125
U I 0 -1 47 93 156 109
I T 0 3 93 46 125 32
T Back 1 -8 46 62 998 952
Back Back 0 0 62 63 140 78
Back Back 0 0 63 63 156 93
Back Back 0 0 63 62 406 343
Back U -1 6 62 47 749 687
U I 0 -1 47 93 156 109
I T 0 3 93 63 171 78
T E 0 2 63 62 188 125
E Space -3 -1 62 78 124 62
Space W 3 2 78 63 125 47
W A -1 1 63 46 141 78
A R 1 -3 46 62 187 141
R M -2 -3 62 63 140 78
M Space -1 3 63 62 172 109
Space A 2 3 62 63 140 78
A N -1 -5 63 62 94 31
N D 1 3 62 63 140 78
D Space -2 -1 63 63 78 15
Space H 2 -2 63 47 172 109
H U 1 -1 47 62 187 140
U M -2 0 62 62 172 110
M I 2 -1 62 62 140 78
I D -1 5 62 78 187 125
D Space -2 -1 78 62 141 63
Space T 3 -1 62 62 967 905
T H -1 -1 62 47 140 78
H R 1 2 47 63 187 140
R O 0 -5 63 78 110 47
O U 0 2 78 78 187 109
U G -1 2 78 63 171 93
G H 0 -1 63 62 172 109
H O 1 -3 62 47 265 203
O U 0 2 47 62 172 125
U T 0 2 62 78 125 63
T Space -3 1 78 63 124 46
Space T 3 -1 63 47 172 109
T H -1 -1 47 94 78 31
H E 1 3 94 47 140 46
E Space -3 -1 47 62 110 63
Space Y 3 -2 62 62 218 156
Y E 0 3 62 62 94 32
E A -1 2 62 63 202 140
A R 1 -3 63 63 125 62
R OemPeriod -2 -5 63 63 421 358
OemPeriod Space -1 5 63 93 110 47
Space LShiftKey 1 4 93 374 624 531
LShiftKey T 2 -5 374 62 265 -109
T H -1 -1 62 94 156 94
H E 1 3 94 62 125 31
E Space -3 -1 62 62 125 63
Space C 1 1 62 93 312 250
C H 1 -3 93 46 156 63
H R 1 2 46 78 171 125
R I 0 -4 78 125 203 125
I S -1 6 125 78 655 530
S T 1 -3 78 47 203 125
T M -2 -2 47 63 218 171
M A 1 6 63 62 110 47
A N -1 -5 62 31 156 94
N S 1 4 31 46 702 671
S Back 2 -11 46 63 436 390
Back Back 0 0 63 109 94 31
Back S -2 11 109 78 172 63
S Space -2 -2 78 62 187 109
Space C 1 1 62 62 1045 983
C E 2 0 62 93 172 110
E L -1 -6 93 47 265 172
L E 1 6 47 62 109 62
E B -2 -2 62 62 234 172
B R 2 1 62 62 125 63
R A -1 3 62 78 281 219
A T 1 -4 78 62 140 62
T I 0 -3 62 62 203 141
I O 0 -1 62 78 156 94
O N -2 3 78 94 187 109
N Space -1 2 94 62 156 62
Space A 2 3 62 62 156 94
A R 1 -3 62 47 109 47
R E 0 1 47 78 141 94
E Space -3 -1 78 47 124 46
Space T 3 -1 47 47 125 78
T H -1 -1 47 78 94 47
H E 1 3 78 62 109 31
E Space -3 -1 62 63 109 47
Space M 1 -3 63 78 125 62
M A 1 6 78 63 140 62
A I 1 -7 63 62 94 31
I N -2 2 62 78 140 78
N Space -1 2 78 78 125 47
Space T 3 -1 78 47 390 312
T O 0 -4 47 78 187 140
O U 0 2 78 62 219 141
U R 0 3 62 63 171 109
R I 0 -4 63 78 141 78
I S -1 6 78 62 125 47
S T 1 -3 62 47 140 78
T Space -3 1 47 78 109 62
Space A 2 3 78 94 3697 3619
A T 1 -4 94 78 531 437
T T 0 0 78 78 171 93
T R 0 1 78 78 219 141
R A -1 3 78 62 234 156
A C -1 -2 62 62 203 141
C T 2 -2 62 78 202 140
T I 0 -3 78 62 141 63
I O 0 -1 62 62 156 94
O N -2 3 62 78 156 94
N Space -1 2 78 63 93 15
Space O 3 -5 63 62 188 125
O F -1 5 62 63 171 109
F Space -2 0 63 78 94 31
Space LShiftKey 1 4 78 234 140 62
LShiftKey G 1 -5 234 46 141 -93
G O 1 -4 46 94 202 156
O A -1 8 94 78 110 16
A OemPeriod -1 -8 78 62 468 390
OemPeriod Space -1 5 62 62 156 94
Space LShiftKey 1 4 62 546 5772 5710
LShiftKey W 2 -2 546 125 483 -63
W H -1 -4 125 62 219 94
H E 1 3 62 63 124 62
E N -2 -3 63 63 125 62
N Space -1 2 63 78 125 62
Space LShiftKey 1 4 78 172 109 31
LShiftKey I 2 -8 172 63 109 -63
I Space -3 4 63 78 141 78
Space W 3 2 78 62 109 31
W A -1 1 62 31 187 125
A Space -2 -3 31 78 156 125
Space Back 4 -9 78 78 546 468
Back S -2 11 78 78 109 31
S Space -2 -2 78 78 281 203
Space B 1 -1 78 62 437 359
B A 1 4 62 63 109 47
A C -1 -2 63 62 125 62
C K 1 -5 62 78 203 141
K Space -2 4 78 63 140 62
Space I 3 -4 63 78 203 140
I N -2 2 78 78 203 125
N Space -1 2 78 78 93 15
Space LShiftKey 1 4 78 218 110 32
LShiftKey I 2 -8 218 63 124 -94
I N -2 2 63 78 172 109
N I 2 -2 78 62 203 125
I D -1 5 62 62 109 47
D A 0 2 62 78 218 156
A Space -2 -3 78 62 172 94
Space Oemcomma 1 -4 62 47 671 609
Oemcomma Space -1 4 47 78 109 62
Space LShiftKey 1 4 78 250 109 31
LShiftKey I 2 -8 250 62 125 -125
I Space -3 4 62 62 156 94
Space U 3 -3 62 78 296 234
U S -1 5 78 62 110 32
S E 1 -1 62 62 187 125
E D -1 0 62 47 171 109
D Space -2 -1 47 62 110 63
Space T 3 -1 62 63 124 62
T O 0 -4 63 63 78 15
O Space -3 5 63 78 156 93
Space T 3 -1 78 32 312 234
T R 0 1 32 62 141 109
R Y 0 -2 62 46 125 63
Y Space -3 2 46 78 124 78
Space T 3 -1 78 78 110 32
T O 0 -4 78 78 109 31
O Space -3 5 78 47 156 78
Space V 1 0 47 78 265 218
V I 2 -4 78 63 218 140
I S -1 6 63 62 110 47
S I 1 -6 62 78 109 47
I T 0 3 78 63 140 62
T Space -3 1 63 78 125 62
Space T 3 -1 78 78 250 172
T H -1 -1 78 78 124 46
H E 1 3 78 78 110 32
E Space -3 -1 78 47 109 31
Space P 3 -6 47 62 187 140
P L -1 1 62 78 156 94
L A 0 8 78 62 156 78
A C -1 -2 62 63 140 78
C E 2 0 63 78 110 47
E Space -3 -1 78 47 140 62
Space O 3 -5 47 78 328 281
O N -2 3 78 78 218 140
N C 0 3 78 62 234 156
C E 2 0 62 78 125 63
E Space -3 -1 78 62 125 47
Space E 3 1 62 62 468 406
E V -2 -1 62 78 93 31
V E 2 1 78 47 109 31
E R 0 -1 47 125 141 94
R Y 0 -2 125 63 93 -32
Y Space -3 2 63 63 203 140
Space S 2 2 63 78 141 78
S I 1 -6 78 63 171 93
I X -2 6 63 63 234 171
X Space -1 -2 63 62 141 78
Space M 1 -3 62 78 296 234
M O 2 -2 78 63 187 109
O N -2 3 63 78 141 78
N T 2 1 78 62 156 78
T H -1 -1 62 47 124 62
H S 0 4 47 78 141 94
S OemPeriod -1 -7 78 63 218 140
OemPeriod Space -1 5 63 62 125 62
Space Back 4 -9 62 31 3713 3651
Back LShiftKey -3 13 31 593 6318 6287
LShiftKey I 2 -8 593 94 499 -94
I F -1 4 94 46 328 234
F Space -2 0 46 47 124 78
Space LShiftKey 1 4 47 187 141 94
LShiftKey I 2 -8 187 62 78 -109
I Space -3 4 62 78 140 78
Space G 2 -1 78 47 593 515
G O 1 -4 47 78 203 156
O T 0 4 78 62 125 47
T Space -3 1 62 47 124 62
Space A 2 3 47 63 125 78
A Space -2 -3 63 62 125 62
Space C 1 1 62 62 125 63
C H 1 -3 62 47 109 47
H N -1 0 47 47 156 109
N A 1 5 47 78 94 47
A C -1 -2 78 47 374 296
C E 2 0 47 62 94 47
E Space -3 -1 62 47 140 78
Space T 3 -1 47 78 125 78
T O 0 -4 78 62 109 31
O Space -3 5 62 63 187 125
Space T 3 -1 63 47 1404 1341
T R 0 1 47 78 156 109
R A -1 3 78 63 234 156
A V -1 -3 63 47 156 93
V E 2 1 47 63 109 62
E L -1 -6 63 78 141 78
L Space -2 5 78 78 171 93
Space A 2 3 78 63 203 125
A B -1 -4 63 62 125 62
B R 2 1 62 46 172 110
R A -1 3 46 109 187 141
A Back 2 -12 109 93 624 515
Back O -1 4 93 47 936 843
O A -1 8 47 78 93 46
A D 0 -2 78 62 188 110
D Space -2 -1 62 47 140 78
Space Oemcomma 1 -4 47 78 312 265
Oemcomma Space -1 4 78 78 125 47
Space LShiftKey 1 4 78 203 93 15
LShiftKey I 2 -8 203 63 125 -78
I Space -3 4 63 63 156 93
Space W 3 2 63 94 78 15
W O 0 -7 94 62 125 31
O U 0 2 62 63 187 125
U L -1 -2 63 93 172 109
L D 0 6 93 78 140 47
D Space -2 -1 78 63 109 31
Space L 2 -5 63 78 188 125
L O 1 0 78 62 187 109
O V -2 5 62 63 249 187
V E 2 1 63 78 110 47
E Space -3 -1 78 63 93 15
Space T 3 -1 63 63 156 93
T O 0 -4 63 62 94 31
O Space -3 5 62 78 140 78
Space S 2 2 78 62 94 16
S E 1 -1 62 32 171 109
E E 0 0 32 93 63 31
E Space -3 -1 93 78 218 125
Space Back 4 -9 78 78 640 562
Back Space -4 9 78 63 561 483
Space LShiftKey 1 4 63 203 78 15
LShiftKey A 1 -1 203 109 172 -31
A U 1 -6 109 63 218 109
U S -1 5 63 16 328 265
S T 1 -3 16 78 265 249
T R 0 1 78 78 141 63
R I 0 -4 78 62 156 78
I A -1 7 62 93 421 359
A OemPeriod -1 -8 93 47 780 687
OemPeriod Space -1 5 47 78 93 46
Space Back 4 -9 78 125 2574 2496
Back LShiftKey -3 13 125 281 5585 5460
LShiftKey I 2 -8 281 63 187 -94
I Space -3 4 63 78 156 93
Space H 2 -2 78 78 203 125
H A 0 5 78 62 125 47
A V -1 -3 62 62 125 63
V E 2 1 62 62 109 47
E Space -3 -1 62 63 109 47
Space H 2 -2 63 63 156 93
H E 1 3 63 47 109 46
E A -1 2 47 78 156 109
A R 1 -3 78 46 188 110
R D -1 1 46 47 280 234
D Space -2 -1 47 62 141 94
Space A 2 3 62 78 187 125
A Space -2 -3 78 62 156 78
Space O 3 -5 62 62 671 609
O Back 1 -4 62 94 374 312
Back L -2 4 94 78 593 499
L O 1 0 78 62 172 94
O T 0 4 62 47 109 47
T Space -3 1 47 47 140 93
Space A 2 3 47 47 172 125
A B -1 -4 47 47 78 31
B O 2 -4 47 62 187 140
O U 0 2 62 46 172 110
U T 0 2 46 62 140 94
T Space -3 1 62 31 125 63
Space I 3 -4 31 78 187 156
I T 0 3 78 47 218 140
T S -1 3 47 63 125 78
S Space -2 -2 63 47 125 62
Space H 2 -2 47 62 702 655
H I 1 -2 62 78 203 141
I L -1 -1 78 31 234 156
L L 0 0 31 78 109 78
L Y 1 3 78 78 562 484
Y Space -3 2 78 62 140 62
Space R 3 0 62 63 265 203
R E 0 1 63 63 187 124
E G -1 -2 63 62 250 187
G I 1 -3 62 47 218 156
I O 0 -1 47 63 156 109
O N -2 3 63 62 188 125
N S 1 4 62 63 124 62
S Space -2 -2 63 47 141 78
Space Back 4 -9 47 78 936 889
Back OemPeriod -3 4 78 47 249 171
OemPeriod Space -1 5 47 62 110 63
Space LShiftKey 1 4 62 312 14742 14680
LShiftKey T 2 -5 312 62 234 -78
T H -1 -1 62 78 171 109
H E 1 3 78 62 141 63
E S -1 1 62 63 171 109
S Back 2 -11 63 63 655 592
Back Back 0 0 63 62 141 78
Back I -1 5 62 62 827 765
I S -1 6 62 62 140 78
S Space -2 -2 62 63 140 78
Space P 3 -6 63 78 671 608
P I 0 2 78 63 234 156
I C -2 5 63 47 172 109
C T 2 -2 47 78 203 156
T U 0 -2 78 46 156 78
U R 0 3 46 63 171 125
R E 0 1 63 47 172 109
E Space -3 -1 47 78 93 46
Space S 2 2 78 47 125 47
S E 1 -1 47 16 156 109
E E 0 0 16 62 94 78
E M -2 -4 62 62 156 94
M S 1 5 62 62 125 63
S Space -2 -2 62 63 124 62
Space T 3 -1 63 62 188 125
T O 0 -4 62 63 124 62
O Space -3 5 63 62 141 78
Space D 2 1 62 47 218 156
D E 1 0 47 78 141 94
E P 0 -7 78 78 140 62
P I 0 2 78 63 187 109
I C -2 5 63 62 125 62
C T 2 -2 62 62 250 188
T Space -3 1 62 62 140 78
Space T 3 -1 62 63 140 78
T H -1 -1 63 63 125 62
H E 1 3 63 63 109 46
E Space -3 -1 63 62 141 78
Space A 2 3 62 63 4820 4758
A Space -2 -3 63 62 125 62
Space O 3 -5 62 47 2324 2262
O P 0 -1 47 93 141 94
P E 0 7 93 47 156 63
E N -2 -3 47 78 109 62
N Space -1 2 78 78 140 62
Space P 3 -6 78 78 453 375
P I 0 2 78 63 218 140
I C -2 5 63 78 203 140
C N 0 -3 78 47 187 109
N I 2 -2 47 62 172 125
I Back 1 -5 62 234 624 562
Back Back 0 0 234 47 343 109
Back Back 0 0 47 46 141 94
Back Back 0 0 46 78 124 78
Back Back 0 0 78 78 328 250
Back Back 0 0 78 94 156 78
Back Back 0 0 94 94 156 62
Back Back 0 0 94 94 140 46
Back Back 0 0 94 62 172 78
Back Back 0 0 62 62 156 94
Back Back 0 0 62 78 140 78
Back N -3 7 78 63 905 827
N Space -1 2 63 62 125 62
Space O 3 -5 62 31 234 172
O P 0 -1 31 94 109 78
P E 0 7 94 62 141 47
E N -2 -3 62 47 124 62
N Space -1 2 47 94 78 31
Space P 3 -6 94 78 328 234
P U 0 3 78 62 234 156
U B -2 2 62 93 172 110
B L 1 -4 93 46 156 63
L I 1 1 46 47 171 125
I C -2 5 47 47 109 62
C Space -1 -1 47 47 125 78
Space P 3 -6 47 63 390 343
P I 0 2 63 47 203 140
I C -2 5 47 62 250 203
C N 0 -3 62 47 140 78
N I 2 -2 47 62 172 125
I C -2 5 62 47 265 203
C Space -1 -1 47 62 312 265
Space A 2 3 62 109 265 203
A R 1 -3 109 62 234 125
R E 0 1 62 78 156 94
E A -1 2 78 63 218 140
A Space -2 -3 63 62 141 78
Space B 1 -1 62 47 2215 2153
B Y 2 -1 47 62 156 109
Y Space -3 2 62 46 172 110
Space A 2 3 46 78 93 47
A Space -2 -3 78 46 141 63
Space C 1 1 46 47 124 78
C A 1 2 47 62 188 141
A N -1 -5 62 62 109 47
N L 1 -3 62 62 281 219
L OemPeriod -1 0 62 31 249 187
OemPeriod Space -1 5 31 93 94 63
Space Back 4 -9 93 31 1248 1155
Back Back 0 0 31 47 140 109
Back Back 0 0 47 62 125 78
Back A -2 12 62 78 577 515
A L 0 -8 78 63 234 156
L OemPeriod -1 0 63 62 297 234
OemPeriod Space -1 5 62 62 109 47
Space LShiftKey 1 4 62 312 4040 3978
LShiftKey S 1 -2 312 172 265 -47
S LShiftKey -1 2 172 63 125 -47
LShiftKey O 2 -9 63 47 156 93
O M -2 2 47 93 172 125
M E 2 4 93 47 140 47
E Space -3 -1 47 63 109 62
Space P 3 -6 63 62 297 234
P E 0 7 62 62 265 203
E O 0 -6 62 78 156 94
O P 0 -1 78 78 172 94
P L -1 1 78 78 156 78
L E 1 6 78 47 124 46
E Space -3 -1 47 63 125 78
Space S 2 2 63 62 125 62
S E 1 -1 62 46 172 110
E E 0 0 46 63 124 78
E M -2 -4 63 47 141 78
M Space -1 3 47 78 93 46
Space T 3 -1 78 63 125 47
T O 0 -4 63 62 125 62
O Space -3 5 62 46 172 110
Space B 1 -1 46 47 327 281
B E 2 2 47 63 109 62
E Space -3 -1 63 47 141 78
Space F 2 0 47 47 1544 1497
F I 1 -4 47 63 109 62
I S -1 6 63 78 328 265
S H 0 -4 78 62 125 47
H I 1 -2 62 62 187 125
I N -2 2 62 78 172 110
N G 1 1 78 62 156 78
G Space -2 1 62 78 93 31
Space I 3 -4 78 62 281 203
I N -2 2 62 93 203 141
N Space -1 2 93 78 109 16
Space T 3 -1 78 78 140 62
T H -1 -1 78 62 110 32
H E 1 3 62 62 156 94
E Space -3 -1 62 62 140 78
Space C 1 1 62 62 749 687
C A 1 2 62 62 203 141
A N -1 -5 62 78 109 47
N A 1 5 78 62 125 47
A L 0 -8 62 63 249 187
L OemPeriod -1 0 63 63 265 202
OemPeriod Space -1 5 63 78 125 62
Space LShiftKey 1 4 78 889 3838 3760
LShiftKey O 2 -9 889 62 733 -156
O N -2 3 62 63 218 156
N Space -1 2 63 62 110 47
Space O 3 -5 62 94 717 655
O N -2 3 94 78 234 140
N E 2 3 78 93 94 16
E Space -3 -1 93 62 156 63
Space S 2 2 62 94 374 312
S I 1 -6 94 63 187 93
I D -1 5 63 46 110 47
D E 1 0 46 62 140 94
E Space -3 -1 62 62 125 63
Space O 3 -5 62 62 187 125
O F -1 5 62 62 125 63
F Space -2 0 62 78 109 47
Space T 3 -1 78 63 140 62
T H -1 -1 63 62 110 47
H E 1 3 62 47 93 31
E Space -3 -1 47 47 94 47
Space C 1 1 47 63 171 124
C A 1 2 63 47 125 62
A N -1 -5 47 46 141 94
N E 2 3 46 62 156 110
E L -1 -6 62 63 124 62
L Space -2 5 63 62 188 125
Space Back 4 -9 62 31 1201 1139
Back Back 0 0 31 47 140 109
Back Back 0 0 47 78 109 62
Back A -2 12 78 78 531 453
A L 0 -8 78 47 171 93
L Space -2 5 47 47 172 125
Space Back 4 -9 47 63 1154 1107
Back Space -4 9 63 78 422 359
Space LShiftKey 1 4 78 172 452 374
LShiftKey I 2 -8 172 78 109 -63
I Space -3 4 78 63 156 78
Space C 1 1 63 63 109 46
C A 1 2 63 47 219 156
A N -1 -5 47 78 78 31
N Space -1 2 78 78 109 31
Space S 2 2 78 47 125 47
S E 1 -1 47 31 156 109
E E 0 0 31 62 125 94
E Space -3 -1 62 47 171 109
Space A 2 3 47 94 265 218
A Back 2 -12 94 826 656 562
Back Back 0 0 826 78 1060 234
Back Back 0 0 78 47 172 94
Back Back 0 0 47 78 608 561
Back LShiftKey -3 13 78 219 780 702
LShiftKey I 2 -8 219 62 110 -109
I Space -3 4 62 78 187 125
Space S 2 2 78 62 78 0
S E 1 -1 62 31 187 125
E E 0 0 31 63 109 78
E Space -3 -1 63 62 141 78
Space T 3 -1 62 47 124 62
T H -1 -1 47 78 110 63
H E 1 3 78 47 93 15
E R 0 -1 47 47 156 109
R E 0 1 47 63 156 109
E Space -3 -1 63 62 125 62
Space A 2 3 62 78 156 94
A R 1 -3 78 78 125 47
R E 0 1 78 78 203 125
E Space -3 -1 78 31 171 93
Space C 1 1 31 78 780 749
C E 2 0 78 62 281 203
E R 0 -1 62 62 234 172
R A -1 3 62 63 218 156
A T 1 -4 63 62 141 78
T I 0 -3 62 62 187 125
I N -2 2 62 78 187 125
N Space -1 2 78 62 141 63
Space Oemplus 4 -8 62 171 889 827
Oemplus Back 0 -1 171 109 499 328
Back Back 0 0 109 63 187 78
Back Back 0 0 63 63 156 93
Back Back 0 0 63 78 141 78
Back Back 0 0 78 63 514 436
Back Back 0 0 63 47 406 343
Back T -1 8 47 47 733 686
T A -1 4 47 47 94 47
A I 1 -7 47 62 109 62
I N -2 2 62 109 172 110
N Space -1 2 109 78 140 31
Space P 3 -6 78 78 312 234
P E 0 7 78 78 140 62
E O 0 -6 78 62 110 32
O P 0 -1 62 78 140 78
P L -1 1 78 94 140 62
L E 1 6 94 63 125 31
E Space -3 -1 63 47 156 93
Space C 1 1 47 62 125 78
C A 1 2 62 63 187 125
A M -1 -6 63 63 109 46
M P 2 -3 63 78 188 125
P I 0 2 78 63 171 93
I N -2 2 63 94 187 124
N G 1 1 94 47 141 47
G Space -2 1 47 62 109 62
Space I 3 -4 62 62 234 172
I N -2 2 62 125 187 125
N Space -1 2 125 94 156 31
Space T 3 -1 94 62 484 390
T E 0 2 62 62 187 125
E N -2 -3 62 63 109 47
N T 2 1 63 78 203 140
T S -1 3 78 62 125 47
S OemPeriod -1 -7 62 47 998 936
OemPeriod Space -1 5 47 62 125 78
Space LShiftKey 1 4 62 296 2980 2918
LShiftKey LShiftKey 0 0 296 328 8127 7831
LShiftKey S 1 -2 328 109 281 -47
S O 1 -7 109 63 187 78
O M -2 2 63 93 219 156
M E 2 4 93 62 140 47
E Space -3 -1 62 63 140 78
Space H 2 -2 63 78 156 93
H A 0 5 78 63 125 47
A V -1 -3 63 78 156 93
V E 2 1 78 63 156 78
E Space -3 -1 63 63 109 46
Space U 3 -3 63 78 1155 1092
U T 0 2 78 62 156 78
T Back 1 -8 62 63 842 780
Back Back 0 0 63 63 156 93
Back P -1 3 63 78 406 343
P U 0 3 78 62 234 156
U T 0 2 62 62 125 63
T Space -3 1 62 63 124 62
Space U 3 -3 63 62 453 390
U P 0 -3 62 62 187 125
P Space -3 6 62 62 203 141
Space A 2 3 62 63 140 78
A Space -2 -3 63 78 94 31
Space T 3 -1 78 47 249 171
T Capital -1 5 47 63 125 78
Capital B -1 -5 63 62 125 62
B L 1 -4 62 78 203 141
L E 1 6 78 78 156 78
E Space -3 -1 78 62 187 109
Space A 2 3 62 62 156 94
A N -1 -5 62 62 125 63
N D 1 3 62 0 218 156
D Space -2 -1 0 62 63 63
Space Back 4 -9 62 702 468 406
Back Capital -2 13 702 78 904 202
Capital Capital 0 0 78 63 203 125
Capital Back 2 -13 63 78 328 265
Back Back 0 0 78 78 140 62
Back Capital -2 13 78 62 874 796
Capital A 0 -1 62 63 327 265
A B -1 -4 63 47 172 109
B L 1 -4 47 63 187 140
L E 1 6 63 62 125 62
E Space -3 -1 62 62 125 63
Space A 2 3 62 62 109 47
A N -1 -5 62 63 109 47
N D 1 3 63 63 109 46
D Space -2 -1 63 78 125 62
Space S 2 2 78 32 109 31
S E 1 -1 32 31 172 140
E E 0 0 31 78 390 359
E M -2 -4 78 94 343 265
M Space -1 3 94 47 172 78
Space T 3 -1 47 78 530 483
T O 0 -4 78 78 125 47
O Space -3 5 78 47 187 109
Space B 1 -1 47 63 187 140
B E 2 2 63 62 110 47
E Space -3 -1 62 62 109 47
Space E 3 1 62 62 203 141
E N -2 -3 62 63 93 31
N J 1 -1 63 46 453 390
J O 1 -2 46 78 218 172
O T 0 4 78 31 156 78
T Back 1 -8 31 62 780 749
Back Y -1 7 62 78 125 63
Y I 0 -2 78 62 749 671
I N -2 2 62 63 202 140
N G 1 1 63 63 125 62
G Space -2 1 63 62 125 62
Space A 2 3 62 62 172 110
A Space -2 -3 62 62 140 78
Space Back 4 -9 62 62 874 812
Back Back 0 0 62 78 156 94
Back A -2 12 78 93 546 468
A Space -2 -3 93 46 1482 1389
Space B 1 -1 46 62 2246 2200
B E 2 2 62 78 140 78
E V -2 -1 78 62 406 328
V E 2 1 62 62 234 172
E R 0 -1 62 62 250 188
R A -1 3 62 93 265 203
A G 0 -4 93 78 452 359
G E 1 2 78 63 109 31
E Space -3 -1 63 62 141 78
Space A 2 3 62 62 125 63
A N -1 -5 62 63 93 31
N D 1 3 63 62 125 62
D Space -2 -1 62 63 109 47
Space S 2 2 63 78 125 62
S O 1 -7 78 63 109 31
O M -2 2 63 63 187 124
M E 2 4 63 63 125 62
E Space -3 -1 63 62 125 62
Space G 2 -1 62 78 874 812
G R 1 1 78 78 202 124
R I 0 -4 78 78 156 78
I L -1 -1 78 62 219 141
L L 0 0 62 78 125 63
L E 1 6 78 47 124 46
E D -1 0 47 47 156 109
D Space -2 -1 47 62 141 94
Space F 2 0 62 78 327 265
F O 1 -5 78 63 156 78
O O 0 0 63 78 141 78
O D -1 6 78 47 156 78
D OemPeriod -1 -6 47 63 249 202
OemPeriod Space -1 5 63 63 125 62
Space LShiftKey 1 4 63 1778 1467 1404
LShiftKey A 1 -1 1778 125 1731 -47
A N -1 -5 125 31 172 47
N O 2 -3 31 110 171 140
O T 0 4 110 63 156 46
T H -1 -1 63 78 110 47
H E 1 3 78 63 93 15
E R 0 -1 63 63 156 93
R Space -3 0 63 78 94 31
Space F 2 0 78 62 109 31
F A 0 3 62 78 203 141
A M -1 -6 78 78 62 -16
M I 2 -1 78 46 219 141
I L -1 -1 46 94 124 78
L T 1 4 94 62 172 78
T Back 1 -8 62 983 312 250
Back Back 0 0 983 46 1186 203
Back Back 0 0 46 47 140 94
Back Back 0 0 47 125 156 109
Back LShiftKey -3 13 125 218 437 312
LShiftKey A 1 -1 218 125 156 -62
A N -1 -5 125 62 187 62
N O 2 -3 62 63 187 125
O T 0 4 63 62 125 62
T H -1 -1 62 78 125 63
H E 1 3 78 31 156 78
E R 0 -1 31 94 109 78
R Space -3 0 94 78 203 109
Space F 2 0 78 78 281 203
F A 0 3 78 62 234 156
A M -1 -6 62 63 15 -47
M I 2 -1 63 62 219 156
I L -1 -1 62 93 156 94
L Y 1 3 93 62 140 47
Y Space -3 2 62 63 140 78
Space I 3 -4 63 93 1046 983
I S -1 6 93 63 124 31
S Space -2 -2 63 62 141 78
Space P 3 -6 62 63 296 234
P L -1 1 63 94 156 93
L A 0 8 94 62 125 31
A Y 1 -5 62 78 156 94
Y I 0 -2 78 78 156 78
I N -2 2 78 109 187 109
N G 1 1 109 78 109 0
G Space -2 1 78 63 156 78
Space S 2 2 63 62 141 78
S O 1 -7 62 62 109 47
O M -2 2 62 93 172 110
M E 2 4 93 62 140 47
E Space -3 -1 62 47 125 63
Space G 2 -1 47 78 203 156
G U 1 -2 78 78 125 47
U I 0 -1 78 93 187 109
I T 0 3 93 62 312 219
T A -1 4 62 78 218 156
A R 1 -3 78 62 125 47
R Space -3 0 62 78 203 141
Space A 2 3 78 63 140 62
A N -1 -5 63 47 156 93
N D 1 3 47 62 125 78
D Space -2 -1 62 62 94 32
Space S 2 2 62 62 140 78
S I 1 -6 62 47 125 63
I N -2 2 47 78 156 109
N G 1 1 78 63 140 62
G I 1 -3 63 46 141 78
I N -2 2 46 63 171 125
N G 1 1 63 63 109 46
G Space -2 1 63 47 141 78
Space LShiftKey 1 4 47 125 109 62
LShiftKey I 2 -8 125 47 125 0
I Space -3 4 47 78 125 78
Space S 2 2 78 78 109 31
S U 1 -5 78 78 140 62
U P 0 -3 78 47 234 156
P P 0 0 47 62 125 78
P O 0 1 62 62 156 94
O S -1 7 62 47 156 94
S E 1 -1 47 63 187 140
E OemPeriod -2 -6 63 62 172 109
OemPeriod Space -1 5 62 63 140 78
Space LShiftKey 1 4 63 437 780 717
LShiftKey O 2 -9 437 78 281 -156
O N -2 3 78 78 203 125
N Space -1 2 78 78 125 47
Space T 3 -1 78 63 93 15
T H -1 -1 63 78 141 78
H E 1 3 78 62 109 31
E Space -3 -1 62 46 125 63
Space O 3 -5 46 63 202 156
O T 0 4 63 78 110 47
T H -1 -1 78 78 124 46
H E 1 3 78 62 94 16
E R 0 -1 62 62 156 94
R Space -3 0 62 78 109 47
Space S 2 2 78 62 141 63
S I 1 -6 62 78 124 62
I D -1 5 78 62 94 16
D E 1 0 62 78 125 63
E Space -3 -1 78 31 140 62
Space F 2 0 31 63 655 624
F Space -2 0 63 62 141 78
Space T 3 -1 62 62 125 63
T H -1 -1 62 78 124 62
H E 1 3 78 78 110 32
E Back 1 -10 78 78 686 608
Back Back 0 0 78 78 203 125
Back Back 0 0 78 78 187 109
Back Back 0 0 78 78 187 109
Back Back 0 0 78 63 187 109
Back O -1 4 63 62 609 546
O F -1 5 62 78 125 63
F Space -2 0 78 62 140 62
Space T 3 -1 62 47 140 78
T H -1 -1 47 62 110 63
H E 1 3 62 78 109 47
E Space -3 -1 78 78 109 31
Space C 1 1 78 63 811 733
C A 1 2 63 78 109 46
A N -1 -5 78 47 328 250
N A 1 5 47 46 172 125
A L 0 -8 46 62 187 141
L Space -2 5 62 62 203 141
Space Oemcomma 1 -4 62 78 733 671
Oemcomma Space -1 4 78 78 156 78
Space P 3 -6 78 78 265 187
P E 0 7 78 62 156 78
E O 0 -6 62 47 125 63
O P 0 -1 47 62 125 78
P L -1 1 62 94 171 109
L E 1 6 94 78 156 62
E Space -3 -1 78 63 156 78
Space S 2 2 63 94 1357 1294
S E 1 -1 94 47 234 140
E E 0 0 47 63 125 78
E M -2 -4 63 78 125 62
M Space -1 3 78 63 140 62
Space T 3 -1 63 62 219 156
T O 0 -4 62 62 78 16
O Space -3 5 62 94 140 78
Space H 2 -2 94 63 187 93
H A 0 5 63 31 110 47
A V -1 -3 31 47 93 62
V E 2 1 47 46 141 94
E Space -3 -1 46 63 93 47
Space P 3 -6 63 78 250 187
P A -1 9 78 63 140 62
A R 1 -3 63 47 234 171
R K -1 -4 47 78 141 94
K E 1 5 78 63 124 46
E D -1 0 63 94 156 93
D Space -2 -1 94 63 125 31
Space T 3 -1 63 46 141 78
T H -1 -1 46 62 109 63
H E 1 3 62 62 109 47
E I 0 -5 62 63 140 78
I R 0 4 63 47 125 62
R Space -3 0 47 62 141 94
Space T 3 -1 62 62 265 203
T R 0 1 62 78 171 109
R A -1 3 78 47 297 219
A I 1 -7 47 63 249 202
I L -1 -1 63 62 172 109
L E 1 6 62 47 125 63
E R 0 -1 47 78 140 93
R S -1 2 78 62 203 125
S Space -2 -2 62 78 125 63
Space A 2 3 78 47 156 78
A N -1 -5 47 63 62 15
N D 1 3 63 62 141 78
D Space -2 -1 62 63 124 62
Space S 2 2 63 62 1046 983
S E 1 -1 62 31 187 125
E E 0 0 31 78 125 94
E M -2 -4 78 78 109 31
M Space -1 3 78 78 125 47
Space T 3 -1 78 62 109 31
T O 0 -4 62 62 125 63
O Space -3 5 62 62 140 78
Space B 1 -1 62 78 187 125
B E 2 2 78 47 156 78
E Space -3 -1 47 78 94 47
Space E 3 1 78 78 749 671
E N -2 -3 78 62 234 156
N J 1 -1 62 63 249 187
J O 1 -2 63 94 187 124
O Y 0 3 94 63 203 109
Y I 0 -2 63 47 125 62
I N -2 2 47 78 172 125
N G 1 1 78 47 187 109
G Space -2 1 47 47 93 46
Space T 3 -1 47 62 141 94
T H -1 -1 62 78 109 47
H E 1 3 78 78 94 16
E Space -3 -1 78 62 140 62
Space D 2 1 62 78 94 32
D A 0 2 78 78 187 109
A Y 1 -5 78 62 47 -31
Y Space -3 2 62 62 218 156
Space A 2 3 62 63 374 312
A S 0 -1 63 78 141 78
S W 1 0 78 46 203 125
W Space -3 -2 46 78 15 -31
Space Back 4 -9 78 62 1108 1030
Back Back 0 0 62 78 171 109
Back Space -4 9 78 62 952 874
Space W 3 2 62 47 109 47
W E 0 -1 47 63 156 109
E L -1 -6 63 31 125 62
L L 0 0 31 62 125 94
L OemPeriod -1 0 62 63 218 156
OemPeriod Space -1 5 63 47 125 62
Space LShiftKey 1 4 47 281 3806 3759
LShiftKey I 2 -8 281 78 188 -93
I Space -3 4 78 93 156 78
Space S 2 2 93 63 124 31
S E 1 -1 63 46 188 125
E E 0 0 46 47 140 94
E Space -3 -1 47 63 109 62
Space C 1 1 63 93 328 265
C E 2 0 93 62 203 110
E R 0 -1 62 63 171 109
R T 0 -1 63 63 343 280
T A -1 4 63 62 141 78
A I 1 -7 62 62 109 47
I N -2 2 62 94 156 94
N Space -1 2 94 93 125 31
Space P 3 -6 93 63 249 156
P E 0 7 63 63 156 93
E O 0 -6 63 63 78 15
O P 0 -1 63 94 125 62
P L -1 1 94 78 172 78
L E 1 6 78 47 140 62
E Space -3 -1 47 62 125 78
Space C 1 1 62 62 281 219
C Y 2 -3 62 63 296 234
Y C -2 3 63 78 187 124
C L 1 -6 78 78 250 172
L I 1 1 78 63 187 109
I N -2 2 63 78 172 109
N G 1 1 78 62 109 31
G Space -2 1 62 62 125 63
Space O 3 -5 62 62 281 219
O N -2 3 62 78 187 125
N Space -1 2 78 94 93 15
Space T 3 -1 94 63 156 62
T H -1 -1 63 78 94 31
H E 1 3 78 46 172 94
E Space -3 -1 46 62 140 94
Space S 2 2 62 78 780 718
S T 1 -3 78 63 140 62
T R 0 1 63 63 156 93
R E 0 1 63 47 250 187
E E 0 0 47 78 125 78
E T 0 -2 78 78 327 249
T S -1 3 78 63 125 47
S Space -2 -2 63 78 156 93
Space A 2 3 78 93 172 94
A B -1 -4 93 63 140 47
B D 1 2 63 78 141 78
D Space -2 -1 78 78 140 62
Space Back 4 -9 78 46 1342 1264
Back Back 0 0 46 47 140 94
Back Back 0 0 47 62 125 78
Back D -2 10 62 47 421 359
D Back 2 -10 47 47 889 842
Back N -3 7 47 62 375 328
N D 1 3 62 47 109 47
D Space -2 -1 47 63 140 93
Space S 2 2 63 78 3838 3775
S O 1 -7 78 62 156 78
O M -2 2 62 78 171 109
M E 2 4 78 63 156 78
E Space -3 -1 63 47 78 15
Space B 1 -1 47 63 203 156
B O 2 -4 63 78 219 156
O Y 0 3 78 47 171 93
Y Space -3 2 47 62 359 312
Space S 2 2 62 62 172 110
S C -1 -1 62 63 202 140
C O 2 -6 63 78 125 62
O U 0 2 78 63 187 109
U T 0 2 63 62 141 78
T S -1 3 62 62 187 125
S Space -2 -2 62 63 140 78
Space S 2 2 63 78 1748 1685
S T 1 -3 78 78 249 171
T A -1 4 78 62 125 47
A N -1 -5 62 62 125 63
N D 1 3 62 63 140 78
D I 1 -5 63 47 94 31
I N -2 2 47 78 171 124
N G 1 1 78 78 110 32
G Space -2 1 78 63 93 15
Space I 3 -4 63 63 156 93
I N -2 2 63 78 172 109
N Space -1 2 78 78 93 15
Space A 2 3 78 94 312 234
A T 1 -4 94 62 188 94
T T 0 0 62 62 140 78
T E 0 2 62 63 140 78
E N -2 -3 63 62 141 78
N T 2 1 62 62 187 125
T I 0 -3 62 47 140 78
I O 0 -1 47 94 125 78
O N -2 3 94 46 219 125
N OemPeriod 0 -3 46 47 405 359
OemPeriod Space -1 5 47 47 125 78
Space C 1 1 47 47 3463 3416
C A 1 2 47 78 94 47
A N -1 -5 78 47 234 156
N A 1 5 47 62 109 62
A L 0 -8 62 78 203 141
L Right -2 -4 78 32 1965 1887
Right Back 4 0 32 32 234 202
Back G -2 8 32 0 33946 33914
G M -1 -2 0 78 47 47
M A 1 6 78 78 140 62
A I 1 -7 78 63 109 31
I L -1 -1 63 125 156 93
L OemPeriod -1 0 125 93 219 94
OemPeriod C 0 6 93 94 171 78
C O 2 -6 94 62 110 16
O M -2 2 62 63 93 31
M Return 1 -5 63 62 219 156
Return U 1 5 62 0 45895 45833
U B -2 2 0 78 109 109
B C 0 2 78 78 250 172
C O 2 -6 78 62 156 78
O L -1 0 62 46 203 141
L L 0 0 46 63 124 78
L E 1 6 63 47 156 93
E C -2 0 47 47 203 156
C T 2 -2 47 63 187 140
T I 0 -3 63 46 110 47
I O 0 -1 46 78 140 94
O N -2 3 78 78 218 140
N D4 3 2 78 78 1482 1404
D4 Return -2 -8 78 62 2481 2403
Return D 0 9 62 16 3247 3185
D A 0 2 16 62 94 78
A T 1 -4 62 62 296 234
T A -1 4 62 63 140 78
A C -1 -2 63 78 1030 967
C O 2 -6 78 47 187 109
O L -1 0 47 62 359 312
L L 0 0 62 78 156 94
L E 1 6 78 62 203 125
E C -2 0 62 62 187 125
C T 2 -2 62 63 187 125
T I 0 -3 63 47 125 62
I O 0 -1 47 78 125 78
O N -2 3 78 62 234 156
N J 1 -1 62 0 20542 20480
J A 0 6 0 77 30 30
A Y 1 -5 77 60 117 40
Y N -2 0 60 78 175 115
N E 2 3 78 60 88 10
E E 0 0 60 60 175 115
E S -1 1 60 55 195 135
S H 0 -4 55 70 145 90
H LShiftKey -1 6 70 1690 3109 3039
LShiftKey P 2 -10 1690 73 1567 -123
P R 0 6 73 65 343 270
R O 0 -5 65 62 155 90
O J -1 2 62 62 285 223
J E 1 4 62 63 112 50
E C -2 0 63 65 173 110
C T 2 -2 65 72 85 20
T Space -3 1 72 63 192 120
Space D1 4 3 63 62 778 715
D1 Space -4 -3 62 53 172 110
Space S 2 2 53 65 735 682
S E 1 -1 65 55 175 110
E C -2 0 55 58 165 110
C T 2 -2 58 52 178 120
T I 0 -3 52 55 132 80
I O 0 -1 55 63 155 100
O N -2 3 63 67 183 120
N Space -1 2 67 73 117 50
Space D2 4 2 73 72 373 300
D2 Space -4 -2 72 65 122 50
Space LShiftKey 1 4 65 428 3295 3230
LShiftKey P 2 -10 428 52 323 -105
P L -1 1 52 75 145 93
L E 1 6 75 75 185 110
E A -1 2 75 82 195 120
A S 0 -1 82 55 172 90
S E 1 -1 55 63 135 80
E Space -3 -1 63 57 163 100
Space F 2 0 57 50 87 30
F I 1 -4 50 43 120 70
I N -2 2 43 85 143 100
N D 1 3 85 62 105 20
D Space -2 -1 62 63 122 60
Space T 3 -1 63 45 123 60
T H -1 -1 45 65 115 70
H E 1 3 65 60 75 10
E Space -3 -1 60 57 140 80
Space A 2 3 57 95 555 498
A T 1 -4 95 72 275 180
T T 0 0 72 58 142 70
T A -1 4 58 62 238 180
A C -1 -2 62 60 152 90
C H 1 -3 60 90 185 125
H E 1 3 90 43 80 -10
E D -1 0 43 72 133 90
D Space -2 -1 72 55 142 70
Space Back 4 -9 55 48 800 745
Back OemPeriod -3 4 48 35 370 322
OemPeriod Space -1 5 35 105 85 50
Space V 1 0 105 94 162044 161939
V I 2 -4 94 78 219 125
I C -2 5 78 78 280 202
C E 2 0 78 78 125 47
E Space -3 -1 78 109 156 78
Space N 1 -2 109 78 234 125
N E 2 3 78 78 109 31
E W 0 1 78 62 188 110
W S -1 0 62 78 202 140
S Return 0 -10 78 62 250 172
Return V -1 8 62 109 3747 3685
V I 2 -4 109 78 205 96
I Return -1 -4 78 96 985 907
