D9 D9 0 0 0 78 62 62
D9 D2 0 7 78 63 499 421
D2 D0 0 -8 63 62 515 452
D0 RShiftKey -3 -1 62 109 51449 51387
RShiftKey M 0 4 109 125 15 -94
M Y 2 1 125 109 328 203
Y Space -3 2 109 140 156 47
Space S 2 2 140 93 250 110
S E 1 -1 93 125 187 94
E C -2 0 125 141 249 124
C O 2 -6 141 187 188 47
O N -2 3 187 109 109 -78
N D 1 3 109 93 156 47
D Space -2 -1 93 140 125 32
Space S 2 2 140 124 78 -62
S T 1 -3 124 94 218 94
T O 0 -4 94 109 109 15
O R 0 5 109 109 94 -15
R Y 0 -2 109 94 140 31
Y Space -3 2 94 109 141 47
Space I 3 -4 109 63 171 62
I S -1 6 63 141 109 46
S Space -2 -2 141 156 78 -63
Space A 2 3 156 140 110 -46
A B -1 -4 140 78 78 -62
B O 2 -4 78 109 218 140
O U 0 2 109 78 94 -15
U T 0 2 78 109 78 0
T Space -3 1 109 110 124 15
Space L 2 -5 110 62 1810 1700
L O 1 0 62 109 187 125
O V -2 5 109 125 47 -62
V E 2 1 125 125 218 93
E Space -3 -1 125 140 110 -15
Space A 2 3 140 171 78 -62
A D 0 -2 171 156 296 125
D Back 2 -10 156 47 998 842
Back N -3 7 47 62 484 437
N D 1 3 62 141 109 47
D Space -2 -1 141 156 125 -16
Space L 2 -5 156 46 172 16
L O 1 0 46 62 156 110
O S -1 7 62 62 109 47
S S 0 0 62 63 171 109
S OemPeriod -1 -7 63 78 1576 1513
OemPeriod Return 1 -3 78 93 203 125
Return RShiftKey -1 1 93 172 889 796
RShiftKey I 2 3 172 125 109 -63
I Space -3 4 125 171 141 16
Space W 3 2 171 171 78 -93
W A -1 1 171 93 109 -62
A S 0 -1 93 125 187 94
S Space -2 -2 125 141 109 -16
Space L 2 -5 141 94 156 15
L U 1 2 94 94 203 109
U C -2 4 94 110 140 46
C K 1 -5 110 78 125 15
K Y 1 2 78 31 297 219
Y Space -3 2 31 109 951 920
Space OemMinus 4 -7 109 78 94 -15
OemMinus Space -4 7 78 124 125 47
Space RShiftKey 1 -7 124 171 343 219
RShiftKey I 2 3 171 125 109 -62
I Space -3 4 125 125 140 15
Space F 2 0 125 109 203 78
F O 1 -5 109 109 63 -46
O U 0 2 109 125 280 171
U N -2 1 125 125 63 -62
N D 1 3 125 125 109 -16
D Space -2 -1 125 156 109 -16
Space W 3 2 156 93 453 297
W H -1 -4 93 109 78 -15
H A 0 5 109 109 93 -16
A T 1 -4 109 109 156 47
T Space -3 1 109 109 156 47
Space I 3 -4 109 109 172 63
I Space -3 4 109 141 140 31
Space Back 4 -9 141 62 718 577
Back Back 0 0 62 125 140 78
Back Back 0 0 125 47 343 218
Back Space -4 9 47 124 734 687
Space RShiftKey 1 -7 124 187 109 -15
RShiftKey I 2 3 187 140 125 -62
I Space -3 4 140 156 156 16
Space L 2 -5 156 62 1232 1076
L O 1 0 62 94 187 125
O V -2 5 94 109 78 -16
V E 2 1 109 94 187 78
E D -1 0 94 125 172 78
D Space -2 -1 125 125 109 -16
Space T 3 -1 125 109 141 16
T O 0 -4 109 109 93 -16
O Space -3 5 109 110 109 0
Space D 2 1 110 94 172 62
D O 1 -6 94 62 78 -16
O Space -3 5 62 125 125 63
Space E 3 1 125 172 764 639
E A -1 2 172 110 109 -63
A R 1 -3 110 125 141 31
R L -1 -5 125 78 125 0
L Y 1 3 78 93 234 156
Y Space -3 2 93 125 140 47
Space I 3 -4 125 125 109 -16
I N -2 2 125 94 78 -47
N Space -1 2 94 141 109 15
Space L 2 -5 141 109 110 -31
L I 1 1 109 109 218 109
I F -1 4 109 78 125 16
F E 1 1 78 94 171 93
E OemPeriod -2 -6 94 63 593 499
OemPeriod Space -1 5 63 140 172 109
Space RShiftKey 1 -7 140 187 78 -62
RShiftKey W 2 9 187 94 187 0
W O 0 -7 94 93 172 78
O Z -2 8 93 94 218 125
Z Space -1 -3 94 172 156 62
Space A 2 3 172 110 140 -32
A N -1 -5 110 109 141 31
N D 1 3 109 125 109 0
D Space -2 -1 125 125 125 0
Space RShiftKey 1 -7 125 218 78 -47
RShiftKey I 2 3 218 125 156 -62
I Space -3 4 125 172 171 46
Space S 2 2 172 125 125 -47
S A 0 1 125 125 312 187
A Back 2 -12 125 63 1591 1466
Back T -1 8 63 78 203 140
T A -1 4 78 156 172 94
A T 1 -4 156 78 421 265
T E 0 2 78 78 218 140
E D -1 0 78 110 156 78
D Space -2 -1 110 140 94 -16
Space A 2 3 140 62 172 32
A Back 2 -12 62 109 343 281
Back RShiftKey -3 2 109 156 686 577
RShiftKey A 1 10 156 109 141 -15
A P 1 -9 109 62 187 78
P P 0 0 62 140 156 94
P L -1 1 140 141 93 -47
L E 1 6 141 141 125 -16
E Space -3 -1 141 156 109 -32
Space I 3 -4 156 141 125 -31
I N -2 2 141 94 78 -63
N Space -1 2 94 172 125 31
Space M 1 -3 172 93 125 -47
M Y 2 1 93 94 561 468
Y Space -3 2 94 140 219 125
Space P 3 -6 140 109 187 47
P A -1 9 109 124 172 63
A R 1 -3 124 125 187 63
R E 0 1 125 124 125 0
E N -2 -3 124 78 156 32
N T 2 1 78 93 109 31
T S -1 3 93 78 421 328
S Oem7 0 -9 78 62 125 47
Oem7 Space -2 7 62 171 281 219
Space A 2 3 171 94 140 -31
A Back 2 -12 94 93 562 468
Back G -2 8 93 93 655 562
G A 0 4 93 156 140 47
A R 1 -3 156 141 109 -47
R A -1 3 141 125 156 15
A G 0 -4 125 93 890 765
G E 1 2 93 141 171 78
E Space -3 -1 141 172 125 -16
Space W 3 2 172 109 187 15
W H -1 -4 109 109 94 -15
H E 1 3 109 125 140 31
E N -2 -3 125 125 94 -31
N Space -1 2 125 94 140 15
Space RShiftKey 1 -7 94 187 531 437
RShiftKey I 2 3 187 124 125 -62
I Space -3 4 124 156 124 0
Space W 3 2 156 156 125 -31
W A -1 1 156 93 94 -62
A S 0 -1 93 109 203 110
S Space -2 -2 109 156 78 -31
Space D2 4 2 156 78 436 280
D2 D0 0 -8 78 62 94 16
D0 OemPeriod -3 1 62 62 983 921
OemPeriod Space -1 5 62 156 125 63
Space RShiftKey 1 -7 156 203 109 -47
RShiftKey W 2 9 203 78 125 -78
W E 0 -1 78 125 187 109
E Space -3 -1 125 172 109 -16
Space W 3 2 172 62 172 0
W O 0 -7 62 110 124 62
O R 0 5 110 63 125 15
R K -1 -4 63 93 94 31
K E 1 5 93 62 125 32
E D -1 0 62 109 171 109
D Space -2 -1 109 172 125 16
Space H 2 -2 172 63 109 -63
H A 0 5 63 109 78 15
A R 1 -3 109 78 156 47
R D -1 1 78 31 234 156
D Oemcomma -1 -5 31 63 967 936
Oemcomma Space -1 4 63 156 1295 1232
Space A 2 3 156 125 156 0
A N -1 -5 125 78 265 140
N D 1 3 78 62 172 94
D Space -2 -1 62 125 515 453
Space I 3 -4 125 140 109 -16
I N -2 2 140 109 78 -62
N Space -1 2 109 125 78 -31
Space D1 4 3 125 109 187 62
D1 D0 0 -9 109 78 94 -15
D0 Space -4 6 78 140 125 47
Space Y 3 -2 140 110 202 62
Y E 0 3 110 94 94 -16
E A -1 2 94 156 109 15
A R 1 -3 156 93 219 63
R S -1 2 93 93 187 94
S Space -2 -2 93 125 109 16
Space RShiftKey 1 -7 125 203 62 -63
RShiftKey A 1 10 203 109 110 -93
A P 1 -9 109 47 202 93
P P 0 0 47 109 141 94
P L -1 1 109 125 62 -47
L E 1 6 125 109 141 16
E Space -3 -1 109 172 93 -16
Space H 2 -2 172 78 156 -16
H A 0 5 78 94 109 31
A D 0 -2 94 78 344 250
D Space -2 -1 78 125 171 93
Space G 2 -1 125 93 172 47
G R 1 1 93 109 187 94
R O 0 -5 109 93 125 16
O W 0 7 93 78 156 63
W N -2 -4 78 78 140 62
N Space -1 2 78 125 1061 983
Space F 2 0 125 94 452 327
F R 1 0 94 125 203 109
R O 0 -5 125 140 94 -31
O M -2 2 140 109 78 -62
M Space -1 3 109 140 78 -31
Space J 2 -3 140 78 1232 1092
J U 1 0 78 78 203 125
U S -1 5 78 109 47 -31
S T 1 -3 109 63 249 140
T Space -3 1 63 124 110 47
Space T 3 -1 124 94 280 156
T H -1 -1 94 110 78 -16
H E 1 3 110 125 141 31
E Space -3 -1 125 156 109 -16
Space T 3 -1 156 62 1342 1186
T W 0 3 62 46 234 172
W O 0 -7 46 109 62 16
O Space -3 5 109 141 140 31
Space O 3 -5 141 109 172 31
O F -1 5 109 109 125 16
F Space -2 0 109 125 374 265
Space U 3 -3 125 93 172 47
U S -1 5 93 94 109 16
S Space -2 -2 94 172 140 46
Space I 3 -4 172 141 234 62
I N -2 2 141 78 78 -63
N Space -1 2 78 109 94 16
Space A 2 3 109 125 62 -47
A Space -2 -3 125 140 141 16
Space G 2 -1 140 62 390 250
G A 0 4 62 140 156 94
A R 1 -3 140 93 203 63
R A -1 3 93 109 171 78
A G 0 -4 109 125 187 78
G E 1 2 125 125 312 187
E Space -3 -1 125 140 110 -15
Space I 3 -4 140 141 327 187
I N -2 2 141 109 78 -63
N T 2 1 109 78 109 0
T O 0 -4 78 94 125 47
O Space -3 5 94 125 109 15
Space A 2 3 125 125 141 16
A Space -2 -3 125 140 125 0
Space RShiftKey 1 -7 140 234 4212 4072
RShiftKey D4 3 7 234 171 78 -156
D4 D2 0 2 171 125 530 359
D2 B -3 -3 125 172 920 795
B U 2 -2 172 109 110 -62
U L -1 -2 109 47 951 842
L L 0 0 47 47 156 109
L I 1 1 47 62 219 172
I I 0 0 62 110 202 140
I N -2 2 110 125 47 -63
N Back 3 -7 125 31 1420 1295
Back Back 0 0 31 47 156 125
Back Back 0 0 47 47 140 93
Back Back 0 0 47 31 172 125
Back Back 0 0 31 31 156 125
Back Back 0 0 31 47 171 140
Back Back 0 0 47 47 156 109
Back Back 0 0 47 62 297 250
Back D2 0 11 62 110 1185 1123
D2 Space -4 -2 110 124 188 78
Space B 1 -1 124 140 1638 1514
B I 2 -3 140 94 171 31
I L -1 -1 94 63 312 218
L L 0 0 63 78 156 93
L I 1 1 78 62 219 141
I O 0 -1 62 172 249 187
O N -2 3 172 125 78 -94
N Space -1 2 125 125 250 125
Space C 1 1 125 188 249 124
C O 2 -6 188 125 94 -94
O M -2 2 125 78 78 -47
M P 2 -3 78 109 187 109
P A -1 9 109 94 78 -31
A N -1 -5 94 94 187 93
N Y 2 0 94 94 250 156
Y Space -3 2 94 140 156 62
Space W 3 2 140 125 109 -31
W I 0 -6 125 109 63 -62
I T 0 3 109 110 202 93
T H -1 -1 110 78 94 -16
H Space -2 2 78 140 125 47
Space O 3 -5 140 109 125 -15
O V -2 5 109 78 124 15
V E 2 1 78 140 188 110
E R 0 -1 140 78 93 -47
R Space -3 0 78 141 234 156
Space D4 4 0 141 109 328 187
D4 Oemcomma -3 -4 109 78 483 374
Oemcomma D0 3 -2 78 47 281 203
D0 D0 0 0 47 62 172 125
D0 D0 0 0 62 93 749 687
D0 Space -4 6 93 156 187 94
Space E 3 1 156 109 265 109
E N -2 -3 109 47 125 16
N O 2 -3 47 109 234 187
O K -1 1 109 94 62 -47
K Oemplus 2 -4 94 47 671 577
Oemplus Back 0 -1 47 47 858 811
Back Back 0 0 47 31 187 140
Back Back 0 0 31 47 125 94
Back Back 0 0 47 47 374 327
Back M -3 6 47 46 656 609
M P 2 -3 46 156 436 390
P L -1 1 156 93 110 -46
L O 1 0 93 62 218 125
O Y 0 3 62 62 312 250
Y E 0 3 62 78 203 141
E E 0 0 78 63 171 93
E S -1 1 63 47 203 140
S OemPeriod -1 -7 47 94 1997 1950
OemPeriod Space -1 5 94 125 780 686
Space RShiftKey 1 -7 125 249 203 78
RShiftKey W 2 9 249 109 140 -109
W E 0 -1 109 94 203 94
E Space -3 -1 94 141 842 748
Space H 2 -2 141 46 500 359
H A 0 5 46 141 15 -31
A D 0 -2 141 125 234 93
D Space -2 -1 125 171 94 -31
Space J 2 -3 171 63 218 47
J U 1 0 63 47 203 140
U S -1 5 47 125 47 0
S Space -2 -2 125 93 203 78
Space T 3 -1 93 124 78 -15
T Oemplus 1 -7 124 93 312 188
Oemplus Oemplus 0 0 93 47 218 125
Oemplus Back 0 -1 47 47 858 811
Back Back 0 0 47 47 140 93
Back Back 0 0 47 62 141 94
Back Back 0 0 62 78 452 390
Back T -1 8 78 109 765 687
T Space -3 1 109 124 156 47
Space R 3 0 124 141 93 -31
R E 0 1 141 93 94 -47
E L -1 -6 93 32 327 234
L E 1 6 32 78 328 296
E A -1 2 78 109 156 78
A S 0 -1 109 94 187 78
S E 1 -1 94 93 172 78
E S -1 1 93 110 249 156
S Back 2 -11 110 110 702 592
Back D -2 10 110 109 141 31
D Space -2 -1 109 140 203 94
Space O 3 -5 140 140 374 234
O U 0 2 140 109 94 -46
U R 0 3 109 78 171 62
R Space -3 0 78 125 187 109
Space F 2 0 125 140 172 47
F I 1 -4 140 125 125 -15
I N -2 2 125 93 78 -47
N E 2 3 93 109 78 -15
E S -1 1 109 94 218 109
S T 1 -3 94 93 219 125
T Space -3 1 93 125 202 109
Space C 1 1 125 78 468 343
C R 2 -1 78 140 219 141
R E 0 1 140 125 78 -62
E A -1 2 125 94 187 62
A T 1 -4 94 109 172 78
T I 0 -3 109 140 109 0
I O 0 -1 140 109 78 -62
O N -2 3 109 47 249 140
N OemMinus 3 -5 47 62 500 453
OemMinus Space -4 7 62 109 187 125
Space T 3 -1 109 94 218 109
T H -1 -1 94 93 94 0
H E 1 3 93 124 125 32
E Space -3 -1 124 156 140 16
Space RShiftKey 1 -7 156 280 328 172
RShiftKey M 0 4 280 125 202 -78
M A 1 6 125 93 110 -15
A C -1 -2 93 140 234 141
C U 2 -4 140 109 187 47
U N -2 1 109 93 125 16
N T 2 1 93 125 249 156
T I 0 -3 125 46 141 16
I S -1 6 46 109 171 125
S H 0 -4 109 47 94 -15
H Back 2 -7 47 32 249 202
Back Back 0 0 32 46 734 702
Back Back 0 0 46 31 171 125
Back Back 0 0 31 62 141 110
Back Back 0 0 62 78 156 94
Back Back 0 0 78 93 156 78
Back I -1 5 93 62 811 718
I N -2 2 62 109 187 125
N T 2 1 109 93 172 63
T O 0 -4 93 78 62 -31
O S -1 7 78 94 156 78
S H 0 -4 94 62 78 -16
H Space -2 2 62 94 764 702
Space OemMinus 4 -7 94 63 156 62
OemMinus Space -4 7 63 110 78 15
Space A 2 3 110 125 1373 1263
A Space -2 -3 125 156 156 31
Space Y 3 -2 156 125 484 328
Y E 0 3 125 109 109 -16
E A -1 2 109 124 172 63
A R 1 -3 124 141 171 47
R Space -3 0 141 141 156 15
Space E 3 1 141 78 125 -16
E A -1 2 78 94 156 78
A R 1 -3 94 141 218 124
R L -1 -5 141 78 125 -16
L I 1 1 78 93 219 141
I E 0 5 93 110 124 31
E R 0 -1 110 94 78 -32
R Oemcomma -2 -4 94 93 1857 1763
Oemcomma Space -1 4 93 156 125 32
Space A 2 3 156 141 93 -63
A D 0 -2 141 125 250 109
D Back 2 -10 125 94 374 249
Back N -3 7 94 125 437 343
N D 1 3 125 141 655 530
D Space -2 -1 141 140 141 0
Space RShiftKey 1 -7 140 219 124 -16
RShiftKey I 2 3 219 141 125 -94
I Space -3 4 141 171 172 31
Space H 2 -2 171 93 156 -15
H A 0 5 93 94 109 16
A D 0 -2 94 110 140 46
D Space -2 -1 110 109 422 312
Space J 2 -3 109 47 686 577
J U 1 0 47 63 187 140
U S -1 5 63 94 78 15
S T 1 -3 94 78 219 125
T Space -3 1 78 125 187 109
Space T 3 -1 125 47 265 140
T U 0 -2 47 78 109 62
U R 0 3 78 94 125 47
R N -2 -2 94 47 125 31
N E 2 3 47 78 109 62
E D -1 0 78 109 187 109
D Space -2 -1 109 141 109 0
Space D3 4 1 141 94 484 343
D3 D0 0 -7 94 63 62 -32
D0 OemPeriod -3 1 63 140 843 780
OemPeriod Space -1 5 140 124 281 141
Space RShiftKey 1 -7 124 203 109 -15
RShiftKey A 1 10 203 125 109 -94
A N -1 -5 125 78 250 125
N D 1 3 78 125 140 62
D Space -2 -1 125 156 125 0
Space T 3 -1 156 109 187 31
T H -1 -1 109 125 78 -31
H E 1 3 125 125 109 -16
E N -2 -3 125 94 281 156
N Space -1 2 94 171 281 187
Space RShiftKey 1 -7 171 218 187 16
RShiftKey I 2 3 218 125 156 -62
I Space -3 4 125 125 203 78
Space G 2 -1 125 94 1357 1232
G O 1 -4 94 94 78 -16
O T 0 4 94 109 156 62
T Space -3 1 109 109 125 16
Space F 2 0 109 110 171 62
F I 1 -4 110 78 141 31
I R 0 4 78 140 125 47
R E 0 1 140 93 109 -31
E D -1 0 93 109 203 110
D OemPeriod -1 -6 109 109 140 31
OemPeriod Space -1 5 109 125 499 390
Space RShiftKey 1 -7 125 250 905 780
RShiftKey H 1 5 250 140 156 -94
H O 1 -3 140 78 2714 2574
O W 0 7 78 109 141 63
W Space -3 -2 109 141 218 109
Space C 1 1 141 78 265 124
C A 1 2 78 125 156 78
A N -1 -5 125 109 110 -15
N Space -1 2 109 109 140 31
Space Y 3 -2 109 93 203 94
Y O 0 -3 93 140 78 -15
O U 0 2 140 125 93 -47
U Space -3 3 125 109 141 16
Space G 2 -1 109 125 156 47
G E 1 2 125 125 187 62
E T 0 -2 125 93 94 -31
T Space -3 1 93 141 171 78
Space F 2 0 141 78 156 15
F I 1 -4 78 110 109 31
I R 0 4 110 124 110 0
R E 0 1 124 109 93 -31
E D -1 0 109 125 234 125
D Space -2 -1 125 94 156 31
Space F 2 0 94 78 375 281
F R 1 0 78 94 202 124
R O 0 -5 94 188 78 -16
O M -2 2 188 124 110 -78
M Space -1 3 124 140 78 -46
Space A 2 3 140 156 124 -16
A Space -2 -3 156 171 141 -15
Space C 1 1 171 156 390 219
C O 2 -6 156 125 156 0
O M -2 2 125 94 62 -63
M P 2 -3 94 62 203 109
P A -1 9 62 109 125 63
A N -1 -5 109 78 171 62
N Y 2 0 78 94 125 47
Y Space -3 2 94 125 187 93
Space Y 3 -2 125 125 234 109
Y O 0 -3 125 94 94 -31
O U 0 2 94 125 62 -32
U Space -3 3 125 156 188 63
Space S 2 2 156 93 187 31
S T 1 -3 93 47 265 172
T A -1 4 47 125 343 296
A R 1 -3 125 109 172 47
R T 0 -1 109 125 249 140
T E 0 2 125 63 203 78
E D -1 0 63 125 156 93
D RShiftKey -1 -8 125 499 874 749
RShiftKey OemQuestion 0 1 499 140 437 -62
OemQuestion Space -1 6 140 141 280 140
Space RShiftKey 1 -7 141 203 156 15
RShiftKey W 2 9 203 110 78 -125
W E 0 -1 110 47 250 140
E L -1 -6 47 31 156 109
L L 0 0 31 63 140 109
L Oemcomma -1 1 63 47 219 156
Oemcomma Space -1 4 47 156 608 561
Space A 2 3 156 94 156 0
A S 0 -1 94 109 203 109
S Space -2 -2 109 140 94 -15
Space A 2 3 140 125 124 -16
A Back 2 -12 125 78 562 437
Back RShiftKey -3 2 78 202 328 250
RShiftKey A 1 10 202 156 140 -62
A P 1 -9 156 62 281 125
P P 0 0 62 141 171 109
P L -1 1 141 125 78 -63
L E 1 6 125 140 110 -15
E Space -3 -1 140 141 124 -16
Space G 2 -1 141 140 141 0
G R 1 1 140 93 234 94
R E 0 1 93 109 62 -31
E W 0 1 109 93 219 110
W Space -3 -2 93 125 686 593
Space W 3 2 125 94 140 15
W E 0 -1 94 94 203 109
E Space -3 -1 94 140 94 0
Space H 2 -2 140 171 125 -15
H I 1 -2 171 94 124 -47
I T 0 3 94 78 328 234
T Back 1 -8 78 109 328 250
Back R -1 9 109 125 109 0
R E 0 1 125 94 93 -32
E D -1 0 94 78 219 125
D Space -2 -1 78 187 187 109
Space S 2 2 187 140 390 203
S O 1 -7 140 156 94 -46
O M -2 2 156 124 78 -78
M E 2 4 124 110 124 0
E O 0 -6 110 156 125 15
O N -2 3 156 109 94 -62
N E 2 3 109 109 140 31
E Space -3 -1 109 156 125 16
Space W 3 2 156 109 172 16
W H -1 -4 109 93 109 0
H I 1 -2 93 78 203 110
I Space -3 4 78 124 390 312
Space RShiftKey 1 -7 124 281 93 -31
RShiftKey I 2 3 281 109 156 -125
I Space -3 4 109 110 499 390
Space T 3 -1 110 94 203 93
T H -1 -1 94 78 63 -31
H O 1 -3 78 140 156 78
O U 0 2 140 78 93 -47
U G -1 2 78 94 109 31
G H 0 -1 94 93 110 16
H T 1 1 93 125 124 31
T Space -3 1 125 125 125 0
Space W 3 2 125 140 141 16
W A -1 1 140 125 109 -31
A S 0 -1 125 125 249 124
S Space -2 -2 125 187 125 0
Space V 1 0 187 109 141 -46
V E 2 1 109 109 187 78
E R 0 -1 109 109 62 -47
R Y 0 -2 109 109 156 47
Y Space -3 2 109 140 125 16
Space T 3 -1 140 78 156 16
T A -1 4 78 125 125 47
A L 0 -8 125 93 156 31
L E 1 6 93 125 156 63
E N -2 -3 125 62 125 0
N D 1 3 62 125 109 47
D E 1 0 125 78 203 78
E D -1 0 78 109 187 109
D Space -2 -1 109 93 125 16
Space T 3 -1 93 109 78 -15
T O 0 -4 109 63 124 15
O Oemplus 1 -3 63 46 266 203
Oemplus Oemplus 0 0 46 32 202 156
Oemplus Oemplus 0 0 32 62 157 125
Oemplus Back 0 -1 62 32 436 374
Back Back 0 0 32 47 125 93
Back Back 0 0 47 31 172 125
Back Back 0 0 31 63 140 109
Back Back 0 0 63 47 156 93
Back Back 0 0 47 94 125 78
Back Back 0 0 94 109 172 78
Back Back 0 0 109 62 234 125
Back Back 0 0 62 62 140 78
Back T -1 8 62 78 796 734
T E 0 2 78 47 93 15
E D -1 0 47 109 172 125
D Space -2 -1 109 109 140 31
Space T 3 -1 109 125 234 125
T O 0 -4 125 94 109 -16
O Space -3 5 94 125 156 62
Space R 3 0 125 93 2918 2793
R U 0 -3 93 125 46 -47
U N -2 1 125 109 94 -31
N Space -1 2 109 109 78 -31
Space T 3 -1 109 109 78 -31
T H -1 -1 109 47 125 16
H E 1 3 47 109 62 15
E Space -3 -1 109 125 109 0
Space C 1 1 125 110 156 31
C O 2 -6 110 93 63 -47
O M -2 2 93 109 78 -15
M P 2 -3 109 47 234 125
P A -1 9 47 109 78 31
A N -1 -5 109 62 156 47
N Y 2 0 62 109 125 63
Y Space -3 2 109 110 2074 1965
Space W 3 2 110 125 125 15
W I 0 -6 125 93 94 -31
I T 0 3 93 93 156 63
T H -1 -1 93 62 109 16
H Space -2 2 62 109 94 32
Space M 1 -3 109 63 124 15
M E 2 4 63 62 110 47
E Oemcomma -2 -5 62 62 1076 1014
Oemcomma Space -1 4 62 140 125 63
Space A 2 3 140 94 93 -47
A N -1 -5 94 78 172 78
N D 1 3 78 125 109 31
D Space -2 -1 125 187 125 0
Space F 2 0 187 125 156 -31
F O 1 -5 125 93 172 47
O R 0 5 93 94 171 78
R Space -3 0 94 171 141 47
Space T 3 -1 171 93 156 -15
T H -1 -1 93 94 93 0
H E 1 3 94 125 125 31
E Space -3 -1 125 156 78 -47
Space F 2 0 156 93 359 203
F I 1 -4 93 62 125 32
I R 0 4 62 78 109 47
R S -1 2 78 78 156 78
S T 1 -3 78 93 203 125
T Space -3 1 93 171 109 16
Space Y 3 -2 171 93 156 -15
Y E 0 3 93 156 78 -15
E A -1 2 156 140 125 -31
A R 1 -3 140 125 202 62
R Space -3 0 125 141 203 78
Space O 3 -5 141 78 156 15
O R 0 5 78 125 125 47
R Space -3 0 125 125 140 15
Space S 2 2 125 109 94 -31
S O 1 -7 109 78 78 -31
O Space -3 5 78 156 94 16
Space T 3 -1 156 125 140 -16
T H -1 -1 125 109 94 -31
H I 1 -2 109 156 93 -16
I N -2 2 156 94 125 -31
N G 1 1 94 62 94 0
G S 0 3 62 93 156 94
S Space -2 -2 93 141 93 0
Space W 3 2 141 109 125 -16
W E 0 -1 109 140 203 94
E N -2 -3 140 78 125 -15
N T 2 1 78 93 109 31
T Space -3 1 93 125 78 -15
Space W 3 2 125 78 125 0
W E 0 -1 78 78 171 93
E L -1 -6 78 47 94 16
L L 0 0 47 94 140 93
L Right -2 -4 94 141 3744 3650
Right Back 4 0 141 63 624 483
Back O -1 4 63 47 312 249
O OemPeriod -2 0 47 47 4446 4399
OemPeriod Space -1 5 47 109 1638 1591
Space RShiftKey 1 -7 109 218 250 141
RShiftKey B 0 6 218 93 125 -93
B U 2 -2 93 125 187 94
U T 0 2 125 94 109 -16
T Space -3 1 94 141 140 46
Space T 3 -1 141 109 94 -47
T H -1 -1 109 78 125 16
H E 1 3 78 94 93 15
E N -2 -3 94 110 156 62
N Space -1 2 110 94 125 15
Space O 3 -5 94 156 125 31
O U 0 2 156 94 109 -47
U T 0 2 94 93 141 47
T Back 1 -8 93 94 296 203
Back R -1 9 94 78 125 31
R Space -3 0 78 93 515 437
Space V 1 0 93 109 468 375
V I 2 -4 109 93 109 0
I S -1 6 93 93 156 63
S I 1 -6 93 94 109 16
I O 0 -1 94 125 47 -47
O N -2 3 125 94 218 93
N S 1 4 94 109 78 -16
S Space -2 -2 109 140 94 -15
Space O 3 -5 140 62 156 16
O F -1 5 62 125 78 16
F Space -2 0 125 156 109 -16
Space T 3 -1 156 94 140 -16
T H -1 -1 94 125 78 -16
H E 1 3 125 109 110 -15
E Space -3 -1 109 125 93 -16
Space F 2 0 125 93 141 16
F U 1 -3 93 78 93 0
U T 0 2 78 125 187 109
T U 0 -2 125 62 110 -15
U R 0 3 62 110 124 62
R E 0 1 110 109 94 -16
E Space -3 -1 109 156 172 63
Space B 1 -1 156 78 171 15
B E 2 2 78 109 78 0
E G -1 -2 109 78 203 94
G A 0 4 78 110 140 62
A N -1 -5 110 94 94 -16
N Space -1 2 94 125 109 15
Space T 3 -1 125 110 109 -16
T O 0 -4 110 125 78 -32
O Space -3 5 125 156 94 -31
Space D 2 1 156 78 218 62
D I 1 -5 78 78 125 47
I V -2 4 78 78 94 16
V E 2 1 78 140 156 78
E R 0 -1 140 63 93 -47
R G -1 -1 63 78 172 109
G E 1 2 78 78 140 62
E Space -3 -1 78 156 1514 1436
Space A 2 3 156 125 124 -32
A N -1 -5 125 94 156 31
N D 1 3 94 125 78 -16
D Space -2 -1 125 140 94 -31
Space E 3 1 140 109 172 32
E V -2 -1 109 93 187 78
V E 2 1 93 125 140 47
E N -2 -3 125 110 109 -16
N T 2 1 110 109 125 15
T U 0 -2 109 93 297 188
U A -1 6 93 109 109 16
A L 0 -8 109 31 140 31
L L 0 0 31 78 156 125
L Y 1 3 78 109 63 -15
Y Space -3 2 109 141 124 15
Space W 3 2 141 78 156 15
W E 0 -1 78 109 172 94
E Space -3 -1 109 156 125 16
Space H 2 -2 156 94 140 -16
H A 0 5 94 125 47 -47
A D 0 -2 125 94 218 93
D Space -2 -1 94 109 94 0
Space A 2 3 109 156 62 -47
A Space -2 -3 156 156 125 -31
Space F 2 0 156 94 1404 1248
F A 0 3 94 140 141 47
A L 0 -8 140 47 109 -31
L L 0 0 47 94 140 93
L I 1 1 94 124 219 125
I N -2 2 124 94 93 -31
N G 1 1 94 125 31 -63
G Space -2 1 125 140 141 16
Space O 3 -5 140 124 125 -15
O U 0 2 124 109 62 -62
U T 0 2 109 78 94 -15
T OemPeriod -2 -4 78 63 202 124
OemPeriod Space -1 5 63 110 234 171
Space RShiftKey 1 -7 110 219 78 -32
RShiftKey W 2 9 219 125 125 -94
W H -1 -4 125 94 234 109
H E 1 3 94 62 141 47
E N -2 -3 62 62 1014 952
N Space -1 2 62 141 93 31
Space W 3 2 141 109 94 -47
W E 0 -1 109 109 203 94
E Space -3 -1 109 94 93 -16
Space D 2 1 94 109 219 125
D I 1 -5 109 32 124 15
I D -1 5 32 63 125 93
D Oemcomma -1 -5 63 62 250 187
Oemcomma Space -1 4 62 110 171 109
Space O 3 -5 110 171 266 156
O U 0 2 171 94 124 -47
U T 0 2 94 110 78 -16
T Space -3 1 110 141 437 327
Space RShiftKey 1 -7 141 172 577 436
RShiftKey B 0 6 172 78 94 -78
B O 2 -4 78 109 156 78
O A -1 8 109 109 234 125
A R 1 -3 109 125 218 109
R D -1 1 125 109 593 468
D Space -2 -1 109 140 375 266
Space O 3 -5 140 94 280 140
O F -1 5 94 78 110 16
F Space -2 0 78 141 93 15
Space RShiftKey 1 -7 141 187 47 -94
RShiftKey D 1 8 187 109 109 -78
D I 1 -5 109 110 187 78
I R 0 4 110 110 78 -32
R E 0 1 110 140 63 -47
E C -2 0 140 109 234 94
C T 2 -2 109 124 203 94
T O 0 -4 124 78 109 -15
O R 0 5 78 109 125 47
R S -1 2 109 124 156 47
S Space -2 -2 124 156 187 63
Space W 3 2 156 63 171 15
W Back 1 -11 63 78 624 561
Back S -2 11 78 94 562 484
S I 1 -6 94 109 78 -16
I D -1 5 109 109 125 16
D E 1 0 109 93 156 47
E D -1 0 93 94 171 78
D Space -2 -1 94 141 125 31
Space W 3 2 141 125 94 -47
W I 0 -6 125 94 109 -16
I T 0 3 94 109 109 15
T H -1 -1 109 109 125 16
H Space -2 2 109 156 78 -31
Space H 2 -2 156 109 484 328
H I 1 -2 109 109 1170 1061
I M -2 1 109 94 46 -63
M OemPeriod 0 -2 94 63 515 421
OemPeriod Space -1 5 63 109 172 109
Space RShiftKey 1 -7 109 202 359 250
RShiftKey S 1 9 202 109 156 -46
S O 1 -7 109 109 156 47
O Space -3 5 109 156 187 78
Space A 2 3 156 124 125 -31
A T 1 -4 124 125 249 125
T Space -3 1 125 109 141 16
Space D3 4 1 109 94 795 686
D3 D0 0 -7 94 94 78 -16
D0 Space -4 6 94 156 312 218
Space RShiftKey 1 -7 156 156 593 437
RShiftKey I 2 3 156 140 125 -31
I Space -3 4 140 188 93 -47
Space W 3 2 188 156 125 -63
W A -1 1 156 140 141 -15
A S 0 -1 140 156 265 125
S Space -2 -2 156 156 218 62
Space O 3 -5 156 140 796 640
O U 0 2 140 78 78 -62
U T 0 2 78 78 125 47
T OemPeriod -2 -4 78 78 202 124
OemPeriod Space -1 5 78 94 156 78
Space RShiftKey 1 -7 94 187 94 0
RShiftKey A 1 10 187 109 78 -109
A B -1 -4 109 31 234 125
B D 1 2 31 109 47 16
D Back 2 -10 109 47 842 733
Back Back 0 0 47 94 125 78
Back N -3 7 94 93 281 187
N D 1 3 93 94 499 406
D Space -2 -1 94 156 156 62
Space V 1 0 156 125 125 -31
V E 2 1 125 125 171 46
E R 0 -1 125 110 78 -47
R Y 0 -2 110 125 125 15
Y Space -3 2 125 125 172 47
Space P 3 -6 125 93 1092 967
P U 0 3 93 93 437 344
U B -2 2 93 109 390 297
B L 1 -4 109 94 140 31
L I 1 1 94 78 281 187
I C -2 5 78 78 140 62
C L 1 -6 78 62 125 47
L T 1 4 62 78 250 188
T Y 0 -1 78 78 483 405
Y Back 1 -7 78 78 281 203
Back Back 0 0 78 109 172 94
Back Y -1 7 109 125 717 608
Y Space -3 2 125 125 234 109
Space O 3 -5 125 109 1264 1139
O U 0 2 109 109 47 -62
U T 0 2 109 78 109 0
T OemPeriod -2 -4 78 62 437 359
OemPeriod Space -1 5 62 141 171 109
Space W 3 2 141 125 281 140
W Back 1 -11 125 141 998 873
Back RShiftKey -3 2 141 234 359 218
RShiftKey W 2 9 234 125 172 -62
W H -1 -4 125 125 187 62
H A 0 5 125 109 109 -16
A T 1 -4 109 125 203 94
T Space -3 1 125 141 187 62
Space H 2 -2 141 94 187 46
H A 0 5 94 94 47 -47
A D 0 -2 94 110 187 93
D Space -2 -1 110 125 78 -32
Space B 1 -1 125 78 125 0
B E 2 2 78 62 125 47
E E 0 0 62 125 156 94
E N -2 -3 125 94 109 -16
N Space -1 2 94 141 109 15
Space T 3 -1 141 109 141 0
T H -1 -1 109 94 93 -16
H E 1 3 94 140 110 16
E Space -3 -1 140 125 124 -16
Space F 2 0 125 94 546 421
F O 1 -5 94 125 63 -31
O C -2 6 125 125 140 15
C U 2 -4 125 110 109 -16
U S -1 5 110 140 141 31
S Space -2 -2 140 171 125 -15
Space O 3 -5 171 109 1123 952
O F -1 5 109 125 93 -16
F Space -2 0 125 110 156 31
Space M 1 -3 110 125 125 15
M Y 2 1 125 109 125 0
Y Space -3 2 109 109 125 16
Space E 3 1 109 125 140 31
E N -2 -3 125 109 141 16
N T 2 1 109 110 124 15
T I 0 -3 110 78 156 46
I R 0 4 78 110 78 0
R E 0 1 110 109 94 -16
E Space -3 -1 109 93 172 63
Space A 2 3 93 93 31 -62
A D 0 -2 93 109 218 125
D U 1 -4 109 94 125 16
U L -1 -2 94 125 234 140
L T 1 4 125 109 94 -31
T Space -3 1 109 140 140 31
Space L 2 -5 140 94 109 -31
L I 1 1 94 109 125 31
I F -1 4 109 63 920 811
F E 1 1 63 94 234 171
E Space -3 -1 94 187 297 203
Space W 3 2 187 109 281 94
W A -1 1 109 125 62 -47
A S 0 -1 125 125 203 78
S Space -2 -2 125 141 93 -32
Space G 2 -1 141 109 531 390
G O 1 -4 109 140 78 -31
O N -2 3 140 110 93 -47
N E 2 3 110 62 141 31
E Oemcomma -2 -5 62 93 780 718
Oemcomma Space -1 4 93 140 109 16
Space A 2 3 140 109 94 -46
A N -1 -5 109 109 140 31
N D 1 3 109 109 94 -15
D Space -2 -1 109 125 109 0
Space I 3 -4 125 109 62 -63
I T 0 3 109 125 187 78
T Space -3 1 125 156 172 47
Space W 3 2 156 109 94 -62
W A -1 1 109 94 93 -16
A S 0 -1 94 109 203 109
S Space -2 -2 109 156 78 -31
Space D 2 1 156 78 562 406
D E 1 0 78 94 171 93
E V -2 -1 94 124 141 47
V A 1 3 124 94 171 47
A S 0 -1 94 109 141 47
S T 1 -3 109 94 218 109
T A -1 4 94 172 109 15
A T 1 -4 172 109 141 -31
T I 0 -3 109 141 93 -16
I N -2 2 141 109 94 -47
N G 1 1 109 110 93 -16
G OemPeriod -1 -4 110 47 546 436
OemPeriod Return 1 -3 47 46 188 141
Return RShiftKey -1 1 46 140 2917 2871
RShiftKey I 2 3 140 171 78 -62
I Space -3 4 171 140 109 -62
Space R 3 0 140 140 172 32
R E 0 1 140 124 78 -62
E A -1 2 124 125 187 63
A L 0 -8 125 31 125 0
L L 0 0 31 94 124 93
L Y 1 3 94 109 110 16
Y Space -3 2 109 156 124 15
Space D 2 1 156 94 250 94
D I 1 -5 94 62 94 0
I D -1 5 62 109 109 47
D N -1 -3 109 63 140 31
N T 2 1 63 78 125 62
T Space -3 1 78 125 390 312
Space Back 4 -9 125 15 1373 1248
Back Back 0 0 15 63 140 125
Back Back 0 0 63 47 156 93
Back Oem7 -2 2 47 78 1591 1544
Oem7 T 1 6 78 93 63 -15
T Space -3 1 93 140 234 141
Space K 2 -4 140 156 187 47
K N -1 2 156 109 94 -62
N O 2 -3 109 94 202 93
O Back 1 -4 94 31 344 250
Back Back 0 0 31 63 124 93
Back Back 0 0 63 62 141 78
Back Back 0 0 62 63 171 109
Back Back 0 0 63 47 156 93
Back Back 0 0 47 47 1217 1170
Back N -3 7 47 47 593 546
N Oem7 1 -5 47 62 546 499
Oem7 T 1 6 62 109 94 32
T Space -3 1 109 125 655 546
Space K 2 -4 125 125 327 202
K N -1 2 125 93 63 -62
N O 2 -3 93 78 218 125
O W 0 7 78 93 94 16
W Space -3 -2 93 140 203 110
Space W 3 2 140 94 280 140
W H -1 -4 94 93 110 16
H A 0 5 93 78 109 16
A T 1 -4 78 110 171 93
T Space -3 1 110 109 172 62
Space T 3 -1 109 109 172 63
T O 0 -4 109 94 93 -16
O Space -3 5 94 109 125 31
Space D 2 1 109 124 172 63
D O 1 -6 124 78 93 -31
O Space -3 5 78 109 125 47
Space F 2 0 109 109 234 125
F O 1 -5 109 78 125 16
O R 0 5 78 110 93 15
R Space -3 0 110 109 125 15
Space A 2 3 109 124 63 -46
A Space -2 -3 124 141 124 0
Space F 2 0 141 125 125 -16
F E 1 1 125 94 203 78
E W 0 1 94 109 187 93
W Space -3 -2 109 140 125 16
Space M 1 -3 140 47 156 16
M O 2 -2 47 93 16 -31
O N -2 3 93 94 608 515
N T 2 1 94 94 109 15
T H -1 -1 94 94 109 15
H S 0 4 94 78 125 31
S OemPeriod -1 -7 78 63 811 733
OemPeriod Space -1 5 63 125 250 187
Space RShiftKey 1 -7 125 203 140 15
RShiftKey I 2 3 203 141 125 -78
I Space -3 4 141 125 125 -16
Space F 2 0 125 125 156 31
F E 1 1 125 141 187 62
E L -1 -6 141 109 94 -47
L T 1 4 109 109 140 31
T Space -3 1 109 141 265 156
Space T 3 -1 141 78 203 62
T H -1 -1 78 94 109 31
H A 0 5 94 125 63 -31
A T 1 -4 125 125 93 -32
T Space -3 1 125 109 125 0
Space RShiftKey 1 -7 109 172 203 94
RShiftKey I 2 3 172 125 109 -63
I Space -3 4 125 124 141 16
Space H 2 -2 124 31 171 47
H A 0 5 31 94 78 47
A D 0 -2 94 125 250 156
D Space -2 -1 125 156 125 0
Space L 2 -5 156 94 171 15
L E 1 6 94 109 78 -16
E T 0 -2 109 109 141 32
T Space -3 1 109 125 171 62
Space T 3 -1 125 78 109 -16
T H -1 -1 78 78 94 16
H E 1 3 78 125 109 31
E Space -3 -1 125 156 94 -31
Space P 3 -6 156 78 140 -16
P R 0 6 78 94 109 31
R E 0 1 94 109 63 -31
E V -2 -1 109 109 218 109
V I 2 -4 109 78 343 234
I O 0 -1 78 109 188 110
O U 0 2 109 110 124 15
U S -1 5 110 140 110 0
S Space -2 -2 140 140 109 -31
Space G 2 -1 140 94 171 31
G E 1 2 94 94 156 62
E N -2 -3 94 78 110 16
N E 2 3 78 141 124 46
E R 0 -1 141 109 406 265
R A -1 3 109 109 125 16
A T 1 -4 109 110 140 31
T I 0 -3 110 125 94 -16
I O 0 -1 125 78 94 -31
O N -2 3 78 93 187 109
N Space -1 2 93 125 109 16
Space O 3 -5 125 62 156 31
O F -1 5 62 109 172 110
F Space -2 0 109 125 171 62
Space E 3 1 125 140 484 359
E N -2 -3 140 93 125 -15
N T 2 1 93 94 124 31
T R 0 1 94 78 453 359
R E 0 1 78 124 203 125
E P 0 -7 124 78 483 359
P R 0 6 78 78 141 63
R E 0 1 78 78 171 93
E N -2 -3 78 94 125 47
N E 2 3 94 110 140 46
E U 0 -4 110 94 156 46
U R 0 3 94 94 281 187
R S -1 2 94 109 156 62
S Space -2 -2 109 141 109 0
Space D 2 1 141 93 1358 1217
D O 1 -6 93 109 93 0
O W 0 7 109 78 141 32
W N -2 -4 78 94 124 46
N OemMinus 3 -5 94 93 890 796
OemMinus Space -4 7 93 125 171 78
Space T 3 -1 125 110 187 62
T H -1 -1 110 125 125 15
H A 0 5 125 141 78 -47
A T 1 -4 141 125 94 -47
T Space -3 1 125 156 109 -16
Space RShiftKey 1 -7 156 187 733 577
RShiftKey I 2 3 187 141 109 -78
I Space -3 4 141 140 172 31
Space H 2 -2 140 109 94 -46
H A 0 5 109 78 109 0
A D 0 -2 78 78 187 109
D Space -2 -1 78 125 109 31
Space D 2 1 125 109 952 827
D R 1 -1 109 110 249 140
R O 0 -5 110 110 78 -32
O P 0 -1 110 78 234 124
P P 0 0 78 110 156 78
P E 0 7 110 78 78 -32
E D -1 0 78 125 172 94
D Space -2 -1 125 78 156 31
Space T 3 -1 78 93 125 47
T H -1 -1 93 125 31 -62
H E 1 3 125 109 172 47
E Space -3 -1 109 141 124 15
Space B 1 -1 141 109 94 -47
B A 1 4 109 78 94 -15
A T 1 -4 78 63 202 124
T O 0 -4 63 62 63 0
O N -2 3 62 109 203 141
N Space -1 2 109 141 124 15
Space A 2 3 141 63 125 -16
A S 0 -1 63 94 156 93
S Space -2 -2 94 141 109 15
Space I 3 -4 141 94 125 -16
I T 0 3 94 109 141 47
T Space -3 1 109 171 187 78
Space W 3 2 171 109 125 -46
W A -1 1 109 140 62 -47
A S 0 -1 140 125 203 63
S Space -2 -2 125 172 93 -32
Space B 1 -1 172 94 125 -47
B E 2 2 94 94 109 15
E I 0 -5 94 109 141 47
I N -2 2 109 94 93 -16
N G 1 1 94 78 78 -16
G Space -2 1 78 156 94 16
Space A 2 3 156 78 203 47
A S 0 -1 78 63 171 93
S S 0 0 63 62 172 109
S E 1 -1 62 94 187 125
E D -1 0 94 125 172 78
D Back 2 -10 125 46 281 156
Back Back 0 0 46 47 187 141
Back Back 0 0 47 47 171 124
Back Back 0 0 47 63 125 78
Back Back 0 0 63 62 172 109
Back Back 0 0 62 32 327 265
Back Space -4 9 32 124 578 546
Space P 3 -6 124 94 124 0
P A -1 9 94 110 78 -16
A S 0 -1 110 93 188 78
S S 0 0 93 47 202 109
S E 1 -1 47 62 188 141
E D -1 0 62 110 202 140
D Space -2 -1 110 187 141 31
Space T 3 -1 187 125 171 -16
T O 0 -4 125 125 78 -47
O Space -3 5 125 109 125 0
Space M 1 -3 109 62 141 32
M E 2 4 62 93 78 16
E OemPeriod -2 -6 93 78 468 375
OemPeriod Space -1 5 78 109 218 140
Space RShiftKey 1 -7 109 188 62 -47
RShiftKey I 2 3 188 109 125 -63
I Space -3 4 109 125 109 0
Space M 1 -3 125 109 141 16
M E 2 4 109 78 93 -16
E T 0 -2 78 78 203 125
T Space -3 1 78 156 125 47
Space W 3 2 156 109 172 16
W I 0 -6 109 62 156 47
I T 0 3 62 109 171 109
T H -1 -1 109 78 125 16
H Space -2 2 78 140 125 47
Space RShiftKey 1 -7 140 172 140 0
RShiftKey D 1 8 172 125 125 -47
D A 0 2 125 109 109 -16
A V -1 -3 109 124 297 188
V I 2 -4 124 109 343 219
I D -1 5 109 109 125 16
D Space -2 -1 109 140 109 0
Space RShiftKey 1 -7 140 234 203 63
RShiftKey O 2 2 234 63 202 -32
O A -1 8 63 110 78 15
A Back 2 -12 110 93 344 234
Back Back 0 0 93 78 670 577
Back RShiftKey -3 2 78 187 983 905
RShiftKey P 2 1 187 141 109 -78
P A -1 9 141 109 125 -16
A C -1 -2 109 124 219 110
C K 1 -5 124 62 109 -15
K A 0 7 62 110 93 31
A R 1 -3 110 109 765 655
R D -1 1 109 125 234 125
D Space -2 -1 125 156 203 78
Space A 2 3 156 125 93 -63
A N -1 -5 125 109 453 328
N D 1 3 109 125 109 0
D Space -2 -1 125 156 93 -32
Space RShiftKey 1 -7 156 172 78 -78
RShiftKey B 0 6 172 93 141 -31
B O 2 -4 93 140 187 94
O B -2 4 140 109 203 63
B Space -1 1 109 140 858 749
Space RShiftKey 1 -7 140 218 47 -93
RShiftKey B 0 6 218 109 156 -62
B O 2 -4 109 125 187 78
O Y 0 3 125 94 405 280
Y C -2 3 94 94 156 62
C E 2 0 94 78 203 109
E Space -3 -1 78 156 219 141
Space A 2 3 156 109 187 31
A N -1 -5 109 94 218 109
N D 1 3 94 109 141 47
D Space -2 -1 109 125 109 0
Space RShiftKey 1 -7 125 109 109 -16
RShiftKey T 2 6 109 78 624 515
T R 0 1 78 78 203 125
R U 0 -3 78 78 109 31
U E 0 4 78 93 94 16
E D -1 0 93 94 202 109
D Back 2 -10 94 32 468 374
Back Back 0 0 32 78 156 124
Back Back 0 0 78 109 110 32
Back I -1 5 109 109 561 452
I E 0 5 109 78 141 32
E D -1 0 78 109 187 109
D Space -2 -1 109 94 140 31
Space T 3 -1 94 109 141 47
T O 0 -4 109 94 140 31
O Space -3 5 94 109 78 -16
Space A 2 3 109 78 234 125
A P 1 -9 78 47 140 62
P L -1 1 47 93 375 328
L O 1 0 93 109 234 141
O Oemplus 1 -3 109 94 1201 1092
Oemplus Oemplus 0 0 94 93 172 78
Oemplus Back 0 -1 93 47 655 562
Back Back 0 0 47 47 156 109
Back Back 0 0 47 62 156 109
Back Back 0 0 62 78 296 234
Back O -1 4 78 47 562 484
O L -1 0 47 78 171 124
L O 1 0 78 109 172 94
O G -1 4 109 78 218 109
G I 1 -3 78 78 78 0
I Z -2 7 78 109 297 219
Z E 2 -2 109 78 265 156
E Space -3 -1 78 125 125 47
Space F 2 0 125 78 187 62
F O 1 -5 78 94 109 31
O R 0 5 94 141 78 -16
R Space -3 0 141 124 219 78
Space S 2 2 124 94 686 562
S C -1 -1 94 78 187 93
C R 2 -1 78 141 187 109
R E 0 1 141 124 110 -31
E W 0 1 124 93 234 110
W I 0 -6 93 141 93 0
I N -2 2 141 109 78 -63
N G 1 1 109 62 125 16
G Space -2 1 62 109 250 188
Space U 3 -3 109 63 93 -16
U P 0 -3 63 109 156 93
P Space -3 6 109 140 63 -46
Space S 2 2 140 109 156 16
S O 1 -7 109 63 93 -16
O Space -3 5 63 125 125 62
Space B 1 -1 125 78 109 -16
B A 1 4 78 78 78 0
A D 0 -2 78 94 156 78
D L 0 -6 94 62 94 0
L Y 1 3 62 78 359 297
Y OemPeriod -2 -3 78 63 639 561
OemPeriod Space -1 5 63 156 484 421
Space RShiftKey 1 -7 156 187 203 47
RShiftKey I 2 3 187 140 109 -78
I Space -3 4 140 156 125 -15
Space W 3 2 156 140 78 -78
W A -1 1 140 32 202 62
A S 0 -1 32 141 203 171
S Space -2 -2 141 156 141 0
Space A 2 3 156 94 124 -32
A Space -2 -3 94 140 110 16
Space V 1 0 140 78 218 78
V E 2 1 78 125 156 78
E R 0 -1 125 140 78 -47
R Y 0 -2 140 78 156 16
Y Space -3 2 78 125 125 47
Space P 3 -6 125 94 109 -16
P U 0 3 94 78 203 109
U B -2 2 78 62 234 156
B L 1 -4 62 46 203 141
L I 1 1 46 78 202 156
I C -2 5 78 94 156 78
C K 1 -5 94 62 110 16
K Back 2 -5 62 78 608 546
Back Space -4 9 78 125 468 390
Space F 2 0 125 78 640 515
F A 0 3 78 110 124 46
A I 1 -7 110 78 94 -16
I L -1 -1 78 78 218 140
L U 1 2 78 125 172 94
U R 0 3 125 140 78 -47
R E 0 1 140 78 94 -46
E Oemcomma -2 -5 78 94 608 530
Oemcomma Space -1 4 94 172 109 15
Space A 2 3 172 94 109 -63
A N -1 -5 94 109 141 47
N D 1 3 109 109 109 0
D Space -2 -1 109 140 94 -15
Space RShiftKey 1 -7 140 172 171 31
RShiftKey I 2 3 172 156 94 -78
I Space -3 4 156 156 218 62
Space E 3 1 156 94 593 437
E V -2 -1 94 78 218 124
V E 2 1 78 110 156 78
E N -2 -3 110 62 94 -16
N Space -1 2 62 124 94 32
Space T 3 -1 124 109 109 -15
T H -1 -1 109 78 93 -16
H O 1 -3 78 156 188 110
O U 0 2 156 93 78 -78
U G -1 2 93 78 124 31
G H 0 -1 78 93 110 32
H T 1 1 93 78 109 16
T Space -3 1 78 141 218 140
Space A 2 3 141 110 499 358
A B -1 -4 110 125 78 -32
B O 2 -4 125 141 234 109
O U 0 2 141 110 78 -63
U T 0 2 110 63 125 15
T Space -3 1 63 125 125 62
Space R 3 0 125 109 125 0
R U 0 -3 109 156 140 31
U N -2 1 156 62 125 -31
N N 0 0 62 63 187 125
N I 2 -2 63 109 141 78
I N -2 2 109 94 93 -16
N G 1 1 94 125 109 15
G Space -2 1 125 172 94 -31
Space A 2 3 172 125 125 -47
A W 1 -1 125 94 327 202
W A -1 1 94 109 125 31
A Y 1 -5 109 78 156 47
Y Space -3 2 78 125 109 31
Space F 2 0 125 62 172 47
F R 1 0 62 109 172 110
R O 0 -5 109 141 46 -63
O M -2 2 141 125 78 -63
M Space -1 3 125 94 94 -31
Space T 3 -1 94 109 78 -16
T H -1 -1 109 109 78 -31
H E 1 3 109 109 109 0
E Space -3 -1 109 109 63 -46
Space V 1 0 109 78 171 62
V A 1 3 78 93 141 63
A L 0 -8 93 47 124 31
L L 0 0 47 63 156 109
L E 1 6 63 62 63 0
E Y 0 -3 62 78 156 94
Y OemPeriod -2 -3 78 47 780 702
OemPeriod Space -1 5 47 125 327 280
Space RShiftKey 1 -7 125 234 203 78
RShiftKey B 0 6 234 140 172 -62
B U 2 -2 140 94 187 47
U Space -3 3 94 46 172 78
Space Back 4 -9 46 94 639 593
Back T -1 8 94 94 203 109
T Space -3 1 94 187 125 31
Space S 2 2 187 109 140 -47
S O 1 -7 109 125 94 -15
O M -2 2 125 109 78 -47
M E 2 4 109 125 93 -16
E T 0 -2 125 156 188 63
T H -1 -1 156 78 124 -32
H I 1 -2 78 140 32 -46
I N -2 2 140 110 202 62
N G 1 1 110 109 110 0
G Space -2 1 109 140 156 47
Space S 2 2 140 109 530 390
S O 1 -7 109 47 78 -31
O Back 1 -4 47 63 374 327
Back L -2 4 63 62 188 125
L O 1 0 62 78 156 94
O W 0 7 78 62 733 655
W L -1 -7 62 93 78 16
L Y 1 3 93 109 218 125
Y Space -3 2 109 109 172 63
Space B 1 -1 109 78 93 -16
B E 2 2 78 78 110 32
E G -1 -2 78 125 140 62
G A 0 4 125 109 187 62
A N -1 -5 109 62 125 16
N Space -1 2 62 93 94 32
Space T 3 -1 93 94 124 31
T O 0 -4 94 93 63 -31
O Space -3 5 93 172 109 16
Space D 2 1 172 78 281 109
D A 0 2 78 63 171 93
A W 1 -1 63 109 172 109
W N -2 -4 109 78 94 -15
N Space -1 2 78 125 140 62
Space O 3 -5 125 140 78 -47
O N -2 3 140 78 109 -31
N Space -1 2 78 140 94 16
Space M 1 -3 140 109 125 -15
M E 2 4 109 109 93 -16
E Space -3 -1 109 78 1779 1670
Space OemMinus 4 -7 78 93 31 -47
OemMinus Space -4 7 93 94 187 94
Space RShiftKey 1 -7 94 156 94 0
RShiftKey I 2 3 156 124 78 -78
I Space -3 4 124 156 109 -15
Space S 2 2 156 124 125 -31
S U 1 -5 124 78 187 63
U Back 1 -6 78 109 1139 1061
Back T -1 8 109 109 327 218
T I 0 -3 109 63 78 -31
I L -1 -1 63 31 234 171
L L 0 0 31 62 141 110
L Space -2 5 62 141 202 140
Space L 2 -5 141 47 125 -16
L O 1 0 47 94 187 140
O V -2 5 94 63 78 -16
V E 2 1 63 78 172 109
E D -1 0 78 93 172 94
D Space -2 -1 93 171 109 16
Space W 3 2 171 109 125 -46
W H -1 -4 109 109 78 -31
H A 0 5 109 109 109 0
A T 1 -4 109 78 125 16
T Space -3 1 78 125 499 421
Space RShiftKey 1 -7 125 250 249 124
RShiftKey I 2 3 250 124 188 -62
I Space -3 4 124 140 187 63
Space D 2 1 140 109 390 250
D I 1 -5 109 78 78 -31
I D -1 5 78 94 140 62
D OemPeriod -1 -6 94 62 219 125
OemPeriod Space -1 5 62 125 140 78
Space RShiftKey 1 -7 125 156 172 47
RShiftKey T 2 6 156 94 93 -63
T H -1 -1 94 94 125 31
H E 1 3 94 109 109 15
E Space -3 -1 109 141 109 0
Space T 3 -1 141 125 125 -16
T U 0 -2 125 109 141 16
U R 0 3 109 94 124 15
R N -2 -2 94 109 125 31
N Space -1 2 109 140 219 110
Space O 3 -5 140 93 1279 1139
O F -1 5 93 124 125 32
F Space -2 0 124 172 124 0
Space E 3 1 172 109 125 -47
E V -2 -1 109 47 203 94
V E 2 1 47 156 94 47
E N -2 -3 156 78 140 -16
N T 2 1 78 94 62 -16
T S -1 3 94 125 203 109
S Space -2 -2 125 141 109 -16
Space A 2 3 141 110 156 15
A T 1 -4 110 93 188 78
T Space -3 1 93 62 109 16
Space RShiftKey 1 -7 62 219 62 0
RShiftKey A 1 10 219 109 125 -94
A P 1 -9 109 94 187 78
P P 0 0 94 125 203 109
P L -1 1 125 109 94 -31
L E 1 6 109 140 140 31
E Space -3 -1 140 140 203 63
Space H 2 -2 140 62 312 172
H A 0 5 62 93 78 16
A D 0 -2 93 125 171 78
D Space -2 -1 125 124 188 63
Space N 1 -2 124 78 109 -15
N O 2 -3 78 124 203 125
O T 0 4 124 94 93 -31
T Space -3 1 94 125 156 62
Space C 1 1 125 94 1045 920
C H 1 -3 94 78 78 -16
H A 0 5 78 109 94 16
A N -1 -5 109 94 156 47
N G 1 1 94 93 125 31
G E 1 2 93 94 171 78
E D -1 0 94 109 250 156
D Space -2 -1 109 125 218 109
Space T 3 -1 125 94 203 78
T H -1 -1 94 109 78 -16
H A 0 5 109 125 94 -15
A T 1 -4 125 94 296 171
T Space -3 1 94 141 156 62
Space O 3 -5 141 141 109 -32
O N -2 3 141 93 110 -31
N E 2 3 93 78 218 125
E Space -3 -1 78 125 140 62
Space B 1 -1 125 156 110 -15
B I 2 -3 156 110 124 -32
I T 0 3 110 62 141 31
T OemPeriod -2 -4 62 78 171 109
OemPeriod Space -1 5 78 125 765 687
Space RShiftKey 1 -7 125 140 109 -16
RShiftKey I 2 3 140 125 78 -62
I Space -3 4 125 109 125 0
Space H 2 -2 109 62 125 16
H A 0 5 62 94 46 -16
A D 0 -2 94 94 203 109
D Space -2 -1 94 93 94 0
Space B 1 -1 93 63 93 0
B E 2 2 63 62 110 47
E E 0 0 62 47 171 109
E N -2 -3 47 78 94 47
N Space -1 2 78 141 93 15
Space R 3 0 141 124 110 -31
R E 0 1 124 94 93 -31
E J -1 -4 94 94 156 62
J E 1 4 94 78 109 15
E C -2 0 78 78 172 94
C T 2 -2 78 94 187 109
T E 0 2 94 141 343 249
E D -1 0 141 109 266 125
D Oemcomma -1 -5 109 62 296 187
Oemcomma Space -1 4 62 125 187 125
Space B 1 -1 125 172 125 0
B U 2 -2 172 125 109 -63
U T 0 2 125 93 141 16
T Space -3 1 93 109 156 63
Space RShiftKey 1 -7 109 156 124 15
RShiftKey I 2 3 156 141 78 -78
I Space -3 4 141 125 156 15
Space S 2 2 125 94 312 187
S T 1 -3 94 93 219 125
T I 0 -3 93 124 281 188
I Back 1 -5 124 47 405 281
Back Back 0 0 47 78 141 94
Back Back 0 0 78 47 374 296
Back W -1 11 47 125 421 374
W A -1 1 125 94 109 -16
A S 0 -1 94 125 203 109
S Space -2 -2 125 156 109 -16
Space S 2 2 156 125 125 -31
S T 1 -3 125 78 250 125
T I 0 -3 78 94 109 31
I L -1 -1 94 47 234 140
L L 0 0 47 94 140 93
L Space -2 5 94 156 110 16
Space I 3 -4 156 156 124 -32
I N -2 2 156 94 94 -62
N Space -1 2 94 125 140 46
Space L 2 -5 125 78 344 219
L O 1 0 78 109 187 109
O V -2 5 109 78 78 -31
V E 2 1 78 94 171 93
E OemPeriod -2 -6 94 62 141 47
OemPeriod Space -1 5 62 125 156 94
Space RShiftKey 1 -7 125 172 93 -32
RShiftKey A 1 10 172 94 94 -78
A N -1 -5 94 93 172 78
N D 1 3 93 78 124 31
D Space -2 -1 78 125 125 47
Space S 2 2 125 62 219 94
S O 1 -7 62 78 421 359
O Oemcomma -2 1 78 78 359 281
Oemcomma RShiftKey 0 -3 78 171 156 78
RShiftKey Space -1 7 171 125 15 -156
Space I 3 -4 125 140 94 -31
I Space -3 4 140 109 125 -15
Space D 2 1 109 109 187 78
D E 1 0 109 47 171 62
E C -2 0 47 110 156 109
C I 2 -5 110 63 125 15
I D -1 5 63 78 63 0
D E 1 0 78 62 156 78
E X -2 1 62 63 202 140
X Space -1 -2 63 156 47 -16
Space Back 4 -9 156 62 593 437
Back Back 0 0 62 63 140 78
Back D -2 10 63 125 94 31
D Space -2 -1 125 125 156 31
Space T 3 -1 125 110 374 249
T O 0 -4 110 78 78 -32
O S -1 7 78 125 172 94
S T 1 -3 125 78 234 109
T A -1 4 78 140 78 0
A R 1 -3 140 140 94 -46
R Back 1 -9 140 78 514 374
Back Back 0 0 78 78 188 110
Back Back 0 0 78 62 156 78
Back Back 0 0 62 78 530 468
Back Space -4 9 78 156 187 109
Space S 2 2 156 93 219 63
S T 1 -3 93 140 140 47
T A -1 4 140 125 125 -15
A R 1 -3 125 94 93 -32
R T 0 -1 94 63 203 109
T Space -3 1 63 125 78 15
Space O 3 -5 125 94 109 -16
O V -2 5 94 93 63 -31
V E 2 1 93 125 156 63
E R 0 -1 125 63 93 -32
R OemPeriod -2 -5 63 46 1748 1685
OemPeriod Return 1 -3 46 63 280 234
Return RShiftKey -1 1 63 171 812 749
RShiftKey I 2 3 171 125 124 -47
I D -1 5 125 93 344 219
D I 1 -5 93 78 78 -15
I D -1 5 78 62 140 62
D N -1 -3 62 47 343 281
N Oem7 1 -5 47 47 390 343
Oem7 T 1 6 47 109 312 265
T Space -3 1 109 171 172 63
Space S 2 2 171 78 171 0
S E 1 -1 78 78 250 172
E E 0 0 78 94 187 109
E Space -3 -1 94 140 125 31
Space I 3 -4 140 78 764 624
I T 0 3 78 78 125 47
T Space -3 1 78 140 172 94
Space T 3 -1 140 110 93 -47
T H -1 -1 110 94 78 -32
H E 1 3 94 63 156 62
E N -2 -3 63 47 78 15
N Space -1 2 47 94 2340 2293
Space Oemcomma 1 -4 94 62 3230 3136
Oemcomma Space -1 4 62 125 171 109
Space B 1 -1 125 156 219 94
B U 2 -2 156 94 93 -63
U T 0 2 94 93 110 16
T Space -3 1 93 125 187 94
Space I 3 -4 125 125 171 46
I T 0 3 125 109 110 -15
T Space -3 1 109 141 124 15
Space T 3 -1 141 109 562 421
T U 0 -2 109 78 94 -15
U R 0 3 78 94 124 46
R N -2 -2 94 94 125 31
N E 2 3 94 78 109 15
E D -1 0 78 109 188 110
D Space -2 -1 109 140 140 31
Space O 3 -5 140 125 125 -15
O U 0 2 125 125 78 -47
U T 0 2 125 94 109 -16
T Space -3 1 94 156 156 62
Space T 3 -1 156 110 140 -16
T H -1 -1 110 94 125 15
H A 0 5 94 125 78 -16
A T 1 -4 125 109 94 -31
T Space -3 1 109 125 109 0
Space G 2 -1 125 62 312 187
G E 1 2 62 110 140 78
E T 0 -2 110 63 203 93
T T 0 0 63 94 156 93
T I 0 -3 94 93 172 78
I N -2 2 93 78 62 -31
N G 1 1 78 94 78 0
G Space -2 1 94 125 156 62
Space F 2 0 125 93 172 47
F I 1 -4 93 78 109 16
I R 0 4 78 125 78 0
R E 0 1 125 63 140 15
E D -1 0 63 109 188 125
D Space -2 -1 109 109 109 0
Space F 2 0 109 140 156 47
F R 1 0 140 124 203 63
R O 0 -5 124 124 78 -46
O M -2 2 124 109 78 -46
M Space -1 3 109 109 93 -16
Space RShiftKey 1 -7 109 171 94 -15
RShiftKey A 1 10 171 93 125 -46
A P 1 -9 93 47 171 78
P P 0 0 47 124 141 94
P L -1 1 124 78 93 -31
L E 1 6 78 94 78 0
E Space -3 -1 94 125 702 608
Space W 3 2 125 94 156 31
W A -1 1 94 109 63 -31
A S 0 -1 109 125 171 62
S Space -2 -2 125 156 94 -31
Space T 3 -1 156 94 140 -16
T H -1 -1 94 94 1326 1232
H E 1 3 94 78 109 15
E Space -3 -1 78 125 78 0
Space B 1 -1 125 78 78 -47
B E 2 2 78 94 94 16
E S -1 1 94 63 187 93
S T 1 -3 63 78 156 93
T Space -3 1 78 140 94 16
Space T 3 -1 140 110 93 -47
T H -1 -1 110 109 63 -47
H I 1 -2 109 109 62 -47
I N -2 2 109 62 172 63
N G 1 1 62 109 156 94
G Space -2 1 109 156 1544 1435
Space T 3 -1 156 94 421 265
T H -1 -1 94 94 78 -16
H A 0 5 94 141 47 -47
A T 1 -4 141 110 109 -32
T Space -3 1 110 109 141 31
Space C 1 1 109 109 234 125
C O 2 -6 109 172 62 -47
O U 0 2 172 109 78 -94
U L -1 -2 109 94 234 125
L D 0 6 94 110 109 15
D Space -2 -1 110 109 593 483
Space H 2 -2 109 93 172 63
H A 0 5 93 109 62 -31
A V -1 -3 109 78 172 63
V E 2 1 78 109 187 109
E Space -3 -1 109 156 94 -15
Space E 3 1 156 94 1263 1107
E V -2 -1 94 63 234 140
V E 2 1 63 156 125 62
E R 0 -1 156 78 109 -47
R Space -3 0 78 124 843 765
Space H 2 -2 124 109 109 -15
H A 0 5 109 78 125 16
A P 1 -9 78 63 124 46
P P 0 0 63 94 156 93
P E 0 7 94 62 110 16
E N -2 -3 62 78 109 47
N E 2 3 78 62 109 31
E D -1 0 62 94 187 125
D Space -2 -1 94 141 109 15
Space T 3 -1 141 109 125 -16
T O 0 -4 109 63 109 0
O Space -3 5 63 93 110 47
Space M 1 -3 93 93 109 16
M E 2 4 93 78 109 16
E OemPeriod -2 -6 78 47 187 109
OemPeriod Space -1 5 47 156 1623 1576
Space RShiftKey 1 -7 156 218 187 31
RShiftKey T 2 6 218 125 156 -62
T H -1 -1 125 110 171 46
H E 1 3 110 62 172 62
E Space -3 -1 62 109 952 890
Space H 2 -2 109 110 124 15
H E 1 3 110 78 78 -32
E A -1 2 78 94 234 156
A V -1 -3 94 94 312 218
V I 2 -4 94 140 110 16
I N -2 2 140 94 93 -47
N E 2 3 94 94 187 93
E D -1 0 94 62 219 125
D Oemplus 2 -9 62 125 655 593
Oemplus S -2 10 125 94 156 31
S S 0 0 94 125 187 93
S Space -2 -2 125 141 109 -16
Space O 3 -5 141 109 125 -16
O F -1 5 109 78 109 0
F Space -2 0 78 125 94 16
Space B 1 -1 125 109 94 -31
B E 2 2 109 63 124 15
E I 0 -5 63 125 94 31
I N -2 2 125 94 78 -47
N G 1 1 94 94 62 -32
G Space -2 1 94 124 110 16
Space S 2 2 124 94 140 16
S U 1 -5 94 63 109 15
U C -2 4 63 62 125 62
C C 0 0 62 62 172 110
C E 2 0 62 78 109 47
E S -1 1 78 62 187 109
S S 0 0 62 78 172 110
S F 0 -2 78 109 171 93
F U 1 -3 109 62 94 -15
U L -1 -2 62 46 203 141
L Space -2 5 46 156 795 749
Space W 3 2 156 125 125 -31
W A -1 1 125 46 94 -31
A S 0 -1 46 141 124 78
S Space -2 -2 141 141 125 -16
Space R 3 0 141 93 250 109
R E 0 1 93 94 62 -31
E P 0 -7 94 141 78 -16
P L -1 1 141 93 94 -47
L A 0 8 93 109 62 -31
A C -1 -2 109 78 203 94
C E 2 0 78 31 187 109
E D -1 0 31 124 141 110
D Space -2 -1 124 125 124 0
Space B 1 -1 125 94 156 31
B Y 2 -1 94 32 234 140
Y Y 0 0 32 109 63 31
Y Space -3 2 109 156 249 140
Space T 3 -1 156 124 110 -46
T H -1 -1 124 78 109 -15
H E 1 3 78 93 125 47
E Space -3 -1 93 124 78 -15
Space L 2 -5 124 31 171 47
L Left -2 -2 31 110 2995 2964
Left Back 4 -2 110 46 1436 1326
Back Back 0 0 46 47 171 125
Back Back 0 0 47 62 2980 2933
Back I -1 5 62 62 1685 1623
I G -1 3 62 78 171 109
G H 0 -1 78 63 78 0
H T 1 1 63 63 156 93
T N -2 -1 63 62 94 31
N E 2 3 62 93 125 63
E S -1 1 93 78 218 125
S S 0 0 78 109 172 94
S Space -2 -2 109 125 187 78
Space O 3 -5 125 78 608 483
O F -1 5 78 109 94 16
F Space -2 0 109 140 125 16
Space B 1 -1 140 93 109 -31
B E 2 2 93 78 109 16
E I 0 -5 78 93 125 47
I N -2 2 93 78 78 -15
N G 1 1 78 94 109 31
G Space -2 1 94 109 109 15
Space A 2 3 109 109 125 16
A Space -2 -3 109 125 125 16
Space B 1 -1 125 78 546 421
B E 2 2 78 78 109 31
E G -1 -2 78 125 203 125
G I 1 -3 125 78 125 0
I N -2 2 78 78 46 -32
N N 0 0 78 78 188 110
N E 2 3 78 141 93 15
E R 0 -1 141 94 78 -63
R Space -3 0 94 141 156 62
Space A 2 3 141 109 78 -63
A G 0 -4 109 63 312 203
G A 0 4 63 109 141 78
A I 1 -7 109 93 109 0
I N -2 2 93 62 109 16
N Oemcomma 0 -2 62 78 842 780
Oemcomma Space -1 4 78 124 110 32
Space L 2 -5 124 78 124 0
L E 1 6 78 94 94 16
E S -1 1 94 93 203 109
S S 0 0 93 110 171 78
S Space -2 -2 110 172 78 -32
Space S 2 2 172 125 156 -16
S U 1 -5 125 78 110 -15
U R 0 3 78 140 109 31
R E 0 1 140 110 93 -47
E Space -3 -1 110 125 141 31
Space A 2 3 125 141 93 -32
A B -1 -4 141 47 203 62
B O 2 -4 47 63 312 265
O U 0 2 63 62 63 0
U T 0 2 62 78 109 47
T Space -3 1 78 125 842 764
Space E 3 1 125 109 141 16
E V -2 -1 109 78 202 93
V E 2 1 78 125 125 47
E R 0 -1 125 93 94 -31
R Y 0 -2 93 94 249 156
Y T 0 1 94 94 281 187
T H -1 -1 94 125 47 -47
H I 1 -2 125 140 78 -47
I N -2 2 140 93 125 -15
N G 1 1 93 109 47 -46
G OemPeriod -1 -4 109 78 1357 1248
OemPeriod Space -1 5 78 141 218 140
Space RShiftKey 1 -7 141 203 109 -32
RShiftKey I 2 3 203 140 94 -109
I T 0 3 140 94 156 16
T Space -3 1 94 141 140 46
Space F 2 0 141 125 125 -16
F R 1 0 125 109 234 109
R E 0 1 109 78 250 141
E E 0 0 78 78 187 109
E D -1 0 78 141 187 109
D Space -2 -1 141 124 141 0
Space E 3 1 124 125 187 63
E Back 1 -10 125 62 1139 1014
Back M -3 6 62 94 280 218
M E 2 4 94 125 94 0
E Space -3 -1 125 125 78 -47
Space T 3 -1 125 62 203 78
T O 0 -4 62 62 31 -31
O Space -3 5 62 125 499 437
Space E 3 1 125 109 718 593
E N -2 -3 109 78 93 -16
N T 2 1 78 78 125 47
T E 0 2 78 124 141 63
E R 0 -1 124 62 78 -46
R Space -3 0 62 78 171 109
Space O 3 -5 78 140 63 -15
O N -2 3 140 109 78 -62
N E 2 3 109 93 156 47
E Space -3 -1 93 125 140 47
Space O 3 -5 125 63 421 296
O F -1 5 63 93 63 0
F Space -2 0 93 171 109 16
Space T 3 -1 171 93 125 -46
T H -1 -1 93 62 109 16
H E 1 3 62 109 109 47
E Space -3 -1 109 125 78 -31
Space M 1 -3 125 125 125 0
M O 2 -2 125 93 78 -47
O S -1 7 93 94 62 -31
S T 1 -3 94 93 172 78
T Space -3 1 93 140 156 63
Space C 1 1 140 93 281 141
C R 2 -1 93 124 234 141
R E 0 1 124 109 93 -31
E A -1 2 109 109 172 63
A T 1 -4 109 94 171 62
T I 0 -3 94 109 110 16
I V -2 4 109 110 124 15
V E 2 1 110 109 188 78
E Space -3 -1 109 125 109 0
Space E 3 1 125 93 203 78
E Back 1 -10 93 94 483 390
Back P -1 3 94 78 624 530
P E 0 7 78 109 94 16
E R 0 -1 109 125 93 -16
R I 0 -4 125 78 156 31
I O 0 -1 78 109 188 110
O D -1 6 109 78 93 -16
D S 0 1 78 78 187 109
S Space -2 -2 78 94 328 250
Space O 3 -5 94 94 187 93
O F -1 5 94 78 546 452
F Space -2 0 78 109 172 94
Space M 1 -3 109 62 125 16
M Y 2 1 62 78 93 31
Y Space -3 2 78 124 141 63
Space L 2 -5 124 94 124 0
L I 1 1 94 93 188 94
I F -1 4 93 78 93 0
F E 1 1 78 125 94 16
E OemPeriod -2 -6 125 63 140 15
OemPeriod Return 1 -3 63 78 297 234
Return RShiftKey -1 1 78 187 2059 1981
RShiftKey D 1 8 187 124 125 -62
D U 1 -4 124 94 171 47
U R 0 3 94 78 156 62
R I 0 -4 78 125 125 47
I N -2 2 125 109 78 -47
N G 1 1 109 109 78 -31
G Space -2 1 109 125 234 125
Space T 3 -1 125 109 78 -47
T H -1 -1 109 94 78 -31
H E 1 3 94 156 125 31
E Space -3 -1 156 156 93 -63
Space N 1 -2 156 93 219 63
N E 2 3 93 110 93 0
E X -2 1 110 109 297 187
X T 2 -3 109 78 218 109
T Space -3 1 78 78 172 94
Space F 2 0 78 109 140 62
F I 1 -4 109 47 109 0
I V -2 4 47 109 344 297
V E 2 1 109 140 218 109
E Space -3 -1 140 140 125 -15
Space Y 3 -2 140 94 218 78
Y H -1 0 94 47 16 -78
H E 1 3 47 94 31 -16
E A -1 2 94 141 109 15
A R 1 -3 141 156 109 -32
R Back 1 -9 156 46 656 500
Back Back 0 0 46 78 140 94
Back Back 0 0 78 63 187 109
Back Back 0 0 63 125 156 93
Back E -1 10 125 62 718 593
E A -1 2 62 124 125 63
A R 1 -3 124 125 124 0
R S -1 2 125 93 219 94
S Oemcomma -1 -6 93 78 998 905
Oemcomma Space -1 4 78 125 187 109
Space RShiftKey 1 -7 125 156 156 31
RShiftKey I 2 3 156 140 94 -62
I Space -3 4 140 140 94 -46
Space S 2 2 140 109 93 -47
S T 1 -3 109 63 234 125
T A -1 4 63 109 125 62
A R 1 -3 109 78 78 -31
R T 0 -1 78 109 437 359
T E 0 2 109 125 156 47
E D -1 0 125 109 203 78
D Space -2 -1 109 125 124 15
Space A 2 3 125 140 94 -31
A Space -2 -3 140 140 125 -15
Space C 1 1 140 141 218 78
C O 2 -6 141 141 78 -63
O M -2 2 141 94 78 -63
M P 2 -3 94 109 172 78
P A -1 9 109 94 93 -16
A N -1 -5 94 94 156 62
N Y 2 0 94 109 125 31
Y Space -3 2 109 109 156 47
Space N 1 -2 109 78 125 16
N A 1 5 78 110 62 -16
A M -1 -6 110 94 156 46
M E 2 4 94 93 110 16
E Space -3 -1 93 125 93 0
Space RShiftKey 1 -7 125 250 156 31
RShiftKey N 0 5 250 125 156 -94
N E 2 3 125 109 484 359
E RShiftKey -2 -8 109 281 499 390
RShiftKey X 0 9 281 125 140 -141
X T 2 -3 125 124 266 141
T Back 1 -8 124 125 873 749
Back RShiftKey -3 2 125 203 250 125
RShiftKey T 2 6 203 110 93 -110
T Oemcomma -2 -3 110 78 687 577
Oemcomma Space -1 4 78 140 109 31
Space A 2 3 140 93 94 -46
A N -1 -5 93 78 93 0
N O 2 -3 78 125 172 94
O T 0 4 125 109 156 31
T H -1 -1 109 93 78 -31
H E 1 3 93 140 125 32
E R 0 -1 140 110 46 -94
R Space -3 0 110 109 125 15
Space C 1 1 109 125 234 125
C O 2 -6 125 125 109 -16
O M -2 2 125 94 78 -47
M P 2 -3 94 109 266 172
P A -1 9 109 94 717 608
A N -1 -5 94 78 47 -47
N Y 2 0 78 78 218 140
Y Space -3 2 78 109 125 47
Space N 1 -2 109 78 125 16
N A 1 5 78 94 78 0
A M -1 -6 94 109 125 31
M E 2 4 109 109 125 16
E Space -3 -1 109 141 93 -16
Space Back 4 -9 141 78 921 780
Back D -2 10 78 109 296 218
D Space -2 -1 109 156 172 63
Space RShiftKey 1 -7 156 188 202 46
RShiftKey P 2 1 188 140 94 -94
P I 0 2 140 94 296 156
I X -2 6 94 78 250 156
X A 1 1 78 94 156 78
A R 1 -3 94 125 920 826
R Oemcomma -2 -4 125 78 359 234
Oemcomma Space -1 4 78 156 109 31
Space A 2 3 156 125 94 -62
A N -1 -5 125 109 156 31
N D 1 3 109 125 109 0
D Space -2 -1 125 156 78 -47
Space F 2 0 156 110 421 265
F E 1 1 110 78 250 140
E L -1 -6 78 63 187 109
L L 0 0 63 78 172 109
L Space -2 5 78 94 577 499
Space I 3 -4 94 141 62 -32
I N -2 2 141 94 94 -47
N Space -1 2 94 141 109 15
Space L 2 -5 141 62 874 733
L O 1 0 62 124 203 141
O V -2 5 124 109 31 -93
V E 2 1 109 140 203 94
E Space -3 -1 140 141 124 -16
Space W 3 2 141 109 172 31
W I 0 -6 109 109 94 -15
I T 0 3 109 109 171 62
T H -1 -1 109 125 125 16
H Space -2 2 125 156 109 -16
Space A 2 3 156 109 281 125
A N -1 -5 109 62 125 16
N Space -1 2 62 109 156 94
Space A 2 3 109 109 218 109
A M -1 -6 109 78 94 -15
M A 1 6 78 93 125 47
A Z -1 0 93 94 327 234
Z I 2 -7 94 109 78 -16
I N -2 2 109 94 78 -31
N G 1 1 94 78 125 31
G Space -2 1 78 125 109 31
Space W 3 2 125 110 265 140
W O 0 -7 110 78 110 0
O N -2 3 78 93 234 156
N A 1 5 93 78 109 16
A M -1 -6 78 94 109 31
M Space -1 3 94 63 296 202
Space Back 4 -9 63 63 203 140
Back Back 0 0 63 94 156 93
Back Back 0 0 94 93 172 78
Back Back 0 0 93 78 187 94
Back Back 0 0 78 78 156 78
Back O -1 4 78 124 1030 952
O M -2 2 124 78 249 125
M A 1 6 78 109 125 47
A N -1 -5 109 62 94 -15
N Space -1 2 62 125 405 343
Space W 3 2 125 94 1201 1076
W H -1 -4 94 78 78 -16
H O 1 -3 78 125 172 94
O Space -3 5 125 109 187 62
Space W 3 2 109 94 187 78
W H -1 -4 94 78 110 16
H Back 2 -7 78 78 390 312
Back O -1 4 78 109 452 374
O U 0 2 109 94 62 -47
U L -1 -2 94 93 219 125
L D 0 6 93 62 125 32
D Space -2 -1 62 140 1014 952
Space B 1 -1 140 78 842 702
B E 2 2 78 93 94 16
E C -2 0 93 141 249 156
C O 2 -6 141 140 63 -78
O M -2 2 140 94 93 -47
M E 2 4 94 109 250 156
E Space -3 -1 109 109 577 468
Space M 1 -3 109 0 187 78
M Y 2 1 0 109 47 47
Y Space -3 2 109 188 140 31
Space W 3 2 188 94 250 62
W I 0 -6 94 78 109 15
I F -1 4 78 94 546 468
F E 1 1 94 78 172 78
E OemPeriod -2 -6 78 47 483 405
OemPeriod Space -1 5 47 124 422 375
Space RShiftKey 1 -7 124 312 156 32
RShiftKey P 2 1 312 125 202 -110
P I 0 2 125 109 266 141
I X -2 6 109 94 280 171
X A 1 1 94 93 219 125
A R 1 -3 93 31 359 266
R Space -3 0 31 156 374 343
Space W 3 2 156 78 234 78
W E 0 -1 78 141 187 109
E N -2 -3 141 125 78 -63
N T 2 1 125 94 187 62
T Space -3 1 94 125 172 78
Space O 3 -5 125 156 203 78
O N -2 3 156 125 109 -47
N Space -1 2 125 156 125 0
Space T 3 -1 156 125 156 0
T O 0 -4 125 109 109 -16
O C -2 6 109 109 780 671
C R 2 -1 109 156 234 125
R E 0 1 156 140 63 -93
E A -1 2 140 125 187 47
A T 1 -4 125 93 125 0
T E 0 2 93 109 249 156
E Space -3 -1 109 109 437 328
Space T 3 -1 109 94 187 78
T H -1 -1 94 109 78 -16
H E 1 3 109 109 141 32
E Space -3 -1 109 125 93 -16
Space W 3 2 125 124 141 16
W O 0 -7 124 78 140 16
O R 0 5 78 125 109 31
R L -1 -5 125 62 359 234
L D 0 6 62 78 125 63
D Oem7 0 -8 78 78 187 109
Oem7 S 0 9 78 93 125 47
S Space -2 -2 93 140 109 16
Space F 2 0 140 62 390 250
F I 1 -4 62 94 78 16
I R 0 4 94 94 78 -16
R S -1 2 94 125 109 15
S T 1 -3 125 78 203 78
T Space -3 1 78 125 2075 1997
Space Space 0 0 125 109 3307 3182
Space C 1 1 109 125 187 78
C O 2 -6 125 109 94 -31
O M -2 2 109 93 78 -31
M P 2 -3 93 78 171 78
P U 0 3 78 93 188 110
U T 0 2 93 78 78 -15
T E 0 2 78 156 124 46
E R 0 -1 156 125 78 -78
R Space -3 0 125 156 110 -15
Space A 2 3 156 110 124 -32
A N -1 -5 110 125 125 15
N I 2 -2 125 78 109 -16
I M -2 1 78 94 203 125
M A 1 6 94 78 78 -16
A T 1 -4 78 141 109 31
T E 0 2 141 94 125 -16
E D -1 0 94 125 187 93
D Space -2 -1 125 125 125 0
Space F 2 0 125 141 78 -47
F E 1 1 141 125 172 31
E A -1 2 125 140 125 0
A T 1 -4 140 125 124 -16
T U 0 -2 125 78 172 47
U R 0 3 78 124 94 16
R E 0 1 124 109 78 -46
E Space -3 -1 109 156 140 31
Space F 2 0 156 110 140 -16
F Back 2 -9 110 78 562 452
Back F -2 9 78 93 671 593
F I 1 -4 93 63 93 0
I L -1 -1 63 62 219 156
L M -1 2 62 47 218 156
M Oemcomma 0 -1 47 62 1155 1108
Oemcomma Space -1 4 62 109 171 109
Space RShiftKey 1 -7 109 203 265 156
RShiftKey T 2 6 203 93 141 -62
T O 0 -4 93 110 93 0
O Y 0 3 110 78 375 265
Y Space -3 2 78 94 171 93
Space RShiftKey 1 -7 94 141 78 -16
RShiftKey S 1 9 141 93 110 -31
S T 1 -3 93 78 202 109
T O 0 -4 78 94 78 0
O R 0 5 94 109 141 47
R Y 0 -2 109 62 125 16
Y Oemcomma -2 -2 62 93 967 905
Oemcomma Space -1 4 93 125 156 63
Space A 2 3 125 94 109 -16
A N -1 -5 94 78 125 31
N D 1 3 78 125 78 0
D Space -2 -1 125 140 156 31
Space I 3 -4 140 93 125 -15
I S -1 6 93 78 156 63
S Space -2 -2 78 125 93 15
Space N 1 -2 125 78 109 -16
N O 2 -3 78 93 188 110
O W 0 7 93 109 171 78
W Space -3 -2 109 156 125 16
Space T 3 -1 156 93 172 16
T H -1 -1 93 62 78 -15
H E 1 3 62 141 124 62
E Space -3 -1 141 140 141 0
Space M 1 -3 140 124 125 -15
M O 2 -2 124 109 62 -62
O S -1 7 109 62 94 -15
S T 1 -3 62 78 187 125
T Space -3 1 78 156 93 15
Space S 2 2 156 109 141 -15
S U 1 -5 109 94 171 62
U C -2 4 94 62 188 94
C C 0 0 62 93 156 94
C E 2 0 93 109 109 16
E S -1 1 109 47 218 109
S S 0 0 47 78 156 109
S F 0 -2 78 109 156 78
F U 1 -3 109 78 78 -31
U L -1 -2 78 78 219 141
L Space -2 5 78 125 171 93
Space A 2 3 125 94 109 -16
A N -1 -5 94 93 110 16
N I 2 -2 93 78 140 47
I M -2 1 78 62 905 827
M A 1 6 62 125 78 16
A T 1 -4 125 125 218 93
T I 0 -3 125 124 63 -62
I O 0 -1 124 78 78 -46
O N -2 3 78 94 202 124
N Space -1 2 94 140 141 47
Space S 2 2 140 109 203 63
S T 1 -3 109 109 327 218
T U 0 -2 109 94 125 16
U D -1 4 94 109 203 109
D I 1 -5 109 63 93 -16
I O 0 -1 63 109 203 140
O Space -3 5 109 125 250 141
Space O 3 -5 125 125 140 15
O N -2 3 125 109 78 -47
N Space -1 2 109 140 94 -15
Space T 3 -1 140 110 93 -47
T H -1 -1 110 78 110 0
H E 1 3 78 110 124 46
E Space -3 -1 110 125 141 31
Space W 3 2 125 93 203 78
W O 0 -7 93 78 109 16
O R 0 5 78 94 171 93
R L -1 -5 94 46 266 172
L D 0 6 46 94 171 125
D OemPeriod -1 -6 94 63 156 62
OemPeriod Space -1 5 63 125 172 109
Space RShiftKey 1 -7 125 218 125 0
RShiftKey I 2 3 218 140 156 -62
I N -2 2 140 94 93 -47
N Space -1 2 94 125 109 15
Space A 2 3 125 109 141 16
A Space -2 -3 109 109 125 16
Space R 3 0 109 125 499 390
R E 0 1 125 125 62 -63
E M -2 -4 125 93 141 16
M A 1 6 93 125 140 47
A R 1 -3 125 125 234 109
R K -1 -4 125 78 140 15
K A 0 7 78 94 125 47
A B -1 -4 94 46 141 47
B L 1 -4 46 93 187 141
L E 1 6 93 94 109 16
E Space -3 -1 94 125 78 -16
Space T 3 -1 125 78 203 78
T U 0 -2 78 93 78 0
U R 0 3 93 94 171 78
R N -2 -2 94 47 125 31
N Space -1 2 47 125 655 608
Space O 3 -5 125 109 110 -15
O F -1 5 109 124 78 -31
F Space -2 0 124 125 124 0
Space E 3 1 125 125 94 -31
E V -2 -1 125 62 172 47
V E 2 1 62 172 124 62
E N -2 -3 172 78 156 -16
N T 2 1 78 78 141 63
T S -1 3 78 78 249 171
S Oemcomma -1 -6 78 62 266 188
Oemcomma Space -1 4 62 140 156 94
Space RShiftKey 1 -7 140 187 187 47
RShiftKey A 1 10 187 78 140 -47
A P 1 -9 78 63 234 156
P P 0 0 63 109 172 109
P L -1 1 109 109 62 -47
L E 1 6 109 78 156 47
E Space -3 -1 78 124 141 63
Space B 1 -1 124 63 171 47
B O 2 -4 63 94 203 140
O U 0 2 94 94 62 -32
U G -1 2 94 62 172 78
G H 0 -1 62 62 78 16
H T 1 1 62 62 125 63
T Space -3 1 62 125 93 31
Space RShiftKey 1 -7 125 219 78 -47
RShiftKey N 0 5 219 93 188 -31
N E 2 3 93 125 218 125
E RShiftKey -2 -8 125 280 562 437
RShiftKey X 0 9 280 93 109 -171
X RShiftKey 0 -9 93 530 437 344
RShiftKey T 2 6 530 94 358 -172
T Oemcomma -2 -3 94 63 1607 1513
Oemcomma Space -1 4 63 140 125 62
Space RShiftKey 1 -7 140 187 78 -62
RShiftKey I 2 3 187 125 125 -62
I Space -3 4 125 109 125 0
Space R 3 0 109 109 842 733
R E 0 1 109 94 62 -47
E T 0 -2 94 109 172 78
T U 0 -2 109 78 390 281
U R 0 3 78 62 1108 1030
R N -2 -2 62 78 124 62
N E 2 3 78 94 94 16
E D -1 0 94 156 187 93
D Space -2 -1 156 78 156 0
Space T 3 -1 78 94 187 109
T O 0 -4 94 109 63 -31
O Space -3 5 109 109 125 16
Space RShiftKey 1 -7 109 202 78 -31
RShiftKey A 1 10 202 109 140 -62
A P 1 -9 109 63 187 78
P P 0 0 63 109 172 109
P L -1 1 109 109 62 -47
L E 1 6 109 62 125 16
E Oemcomma -2 -5 62 62 203 141
Oemcomma Space -1 4 62 125 109 47
Space A 2 3 125 109 94 -31
A N -1 -5 109 94 93 -16
N D 1 3 94 141 109 15
D Space -2 -1 141 140 110 -31
Space T 3 -1 140 93 156 16
T H -1 -1 93 78 109 16
H E 1 3 78 94 93 15
E Space -3 -1 94 156 78 -16
Space T 3 -1 156 109 125 -31
T E 0 2 109 110 109 0
E C -2 0 110 109 219 109
C H 1 -3 109 46 125 16
H N -1 0 46 78 187 141
N O 2 -3 78 78 171 93
O L -1 0 78 63 203 125
L O 1 0 63 125 156 93
O G -1 4 125 125 562 437
G Y 1 -1 125 94 93 -32
Y Space -3 2 94 125 156 62
Space W 3 2 125 94 952 827
W E 0 -1 94 93 203 109
E Space -3 -1 93 140 125 32
Space D 2 1 140 78 296 156
D E 1 0 78 94 234 156
E V -2 -1 94 125 218 124
V E 2 1 125 109 188 63
E L -1 -6 109 78 109 0
L O 1 0 78 62 234 156
O P 0 -1 62 109 187 125
P E 0 7 109 62 125 16
E D -1 0 62 47 171 109
D Space -2 -1 47 124 110 63
Space A 2 3 124 125 62 -62
A T 1 -4 125 94 187 62
T Space -3 1 94 140 141 47
Space RShiftKey 1 -7 140 297 124 -16
RShiftKey N 0 5 297 109 172 -125
N E 2 3 109 94 608 499
E RShiftKey -2 -8 94 343 219 125
RShiftKey X 0 9 343 109 109 -234
X T 2 -3 109 110 218 109
T Space -3 1 110 125 1311 1201
Space I 3 -4 125 110 249 124
I S -1 6 110 171 141 31
S Space -2 -2 171 172 187 16
Space A 2 3 172 93 172 0
A T 1 -4 93 62 187 94
T Space -3 1 62 125 93 31
Space T 3 -1 125 78 110 -15
T H -1 -1 78 94 93 15
H E 1 3 94 109 94 0
E Space -3 -1 109 156 93 -16
Space H 2 -2 156 78 156 0
H E 1 3 78 140 16 -62
E A -1 2 140 125 156 16
A R 1 -3 125 141 140 15
R T 0 -1 141 78 250 109
T Space -3 1 78 78 312 234
Space O 3 -5 78 93 172 94
O F -1 5 93 93 78 -15
F Space -2 0 93 140 109 16
Space A 2 3 140 78 125 -15
A RShiftKey -1 -10 78 203 62 -16
RShiftKey Back 3 -2 203 110 374 171
Back RShiftKey -3 2 110 187 219 109
RShiftKey A 1 10 187 93 156 -31
A P 1 -9 93 47 156 63
P P 0 0 47 63 140 93
P L -1 1 63 78 671 608
L E 1 6 78 109 125 47
E Oem7 -1 -8 109 93 203 94
Oem7 S 0 9 93 110 124 31
S Space -2 -2 110 141 125 15
Space C 1 1 141 125 187 46
C U 2 -4 125 62 110 -15
U R 0 3 62 94 171 109
R R 0 0 94 94 187 93
R E 0 1 94 141 47 -47
E N -2 -3 141 109 125 -16
N T 2 1 109 125 78 -31
T Space -3 1 125 140 172 47
Space R 3 0 140 124 390 250
R E 0 1 124 109 78 -46
E N -2 -3 109 94 327 218
N A 1 5 94 109 141 47
A I 1 -7 109 109 764 655
I S -1 6 109 62 156 47
S S 0 0 62 125 156 94
S A 0 1 125 125 62 -63
A N -1 -5 125 62 172 47
N C 0 3 62 156 78 16
C E 2 0 156 94 140 -16
E OemPeriod -2 -6 94 94 203 109
OemPeriod Space -1 5 94 140 297 203
Space RShiftKey 1 -7 140 219 93 -47
RShiftKey A 1 10 219 109 94 -125
A N -1 -5 109 78 171 62
N D 1 3 78 109 94 16
D Space -2 -1 109 140 125 16
Space RShiftKey 1 -7 140 234 218 78
RShiftKey L 1 2 234 140 172 -62
L A 0 8 140 93 125 -15
A U 1 -6 93 94 171 78
U R 0 3 94 125 156 62
R E 0 1 125 78 109 -16
E N -2 -3 78 94 125 47
N E 2 3 94 109 156 62
E Space -3 -1 109 125 1373 1264
Space A 2 3 125 109 234 109
A N -1 -5 109 47 125 16
N D 1 3 47 140 109 62
D Space -2 -1 140 141 109 -31
Space RShiftKey 1 -7 141 234 109 -32
RShiftKey I 2 3 234 140 141 -93
I Space -3 4 140 141 171 31
Space H 2 -2 141 78 141 0
H A 0 5 78 94 93 15
A V -1 -3 94 78 188 94
V E 2 1 78 78 187 109
E Space -3 -1 78 141 62 -16
Space A 2 3 141 125 109 -32
A Space -2 -3 125 124 110 -15
Space W 3 2 124 93 187 63
W O 0 -7 93 125 140 47
O N -2 3 125 78 94 -31
N D 1 3 78 109 733 655
D E 1 0 109 109 172 63
E R 0 -1 109 62 78 -31
R F -1 0 62 109 171 109
F U 1 -3 109 93 94 -15
U L -1 -2 93 78 249 156
L Space -2 5 78 141 593 515
Space F 2 0 141 109 562 421
F A 0 3 109 124 125 16
A I 1 -7 124 31 234 110
I Back 1 -5 31 93 343 312
Back M -3 6 93 109 733 640
M I 2 -1 109 47 218 109
I L -1 -1 47 47 203 156
L Y 1 3 47 94 78 31
Y Space -3 2 94 94 187 93
Space T 3 -1 94 93 1046 952
T O 0 -4 93 109 78 -15
O G -1 4 109 78 327 218
G E 1 2 78 141 156 78
E T 0 -2 141 109 562 421
T H -1 -1 109 94 93 -16
H E 1 3 94 124 110 16
E R 0 -1 124 93 78 -46
R OemPeriod -2 -5 93 62 1092 999
OemPeriod LShiftKey 0 9 62 15 1404 1342
LShiftKey Return 1 -12 15 62 3510 3495
Return RShiftKey -1 1 62 421 8455 8393
RShiftKey I 2 3 421 78 343 -78
I Oem7 -1 -3 78 46 952 874
Oem7 M -1 4 46 62 312 266
M Space -1 3 62 156 140 78
Space P 3 -6 156 94 109 -47
P R 0 6 94 140 250 156
R W 0 2 140 234 327 187
W Oemplus 1 -10 234 125 531 297
Oemplus Back 0 -1 125 32 795 670
Back Back 0 0 32 63 125 93
Back E -1 10 63 124 687 624
E T 0 -2 124 47 265 141
T T 0 0 47 78 171 124
T Y 0 -1 78 78 94 16
Y Space -3 2 78 124 94 16
Space S 2 2 124 140 109 -15
S U 1 -5 140 110 171 31
U R 0 3 110 140 94 -16
R E 0 1 140 156 109 -31
E Space -3 -1 156 140 125 -31
Space N 1 -2 140 63 811 671
N O 2 -3 63 140 219 156
O N -2 3 140 78 109 -31
N E 2 3 78 125 140 62
E Space -3 -1 125 125 125 0
Space O 3 -5 125 63 187 62
O F -1 5 63 94 125 62
F Space -2 0 94 140 312 218
Space T 3 -1 140 125 140 0
T H -1 -1 125 125 94 -31
H I 1 -2 125 94 78 -47
I S -1 6 94 125 78 -16
S Space -2 -2 125 156 125 0
Space W 3 2 156 109 156 0
W O 0 -7 109 125 93 -16
O U 0 2 125 78 78 -47
U L -1 -2 78 78 203 125
L D 0 6 78 124 63 -15
D Space -2 -1 124 171 234 110
Space H 2 -2 171 78 343 172
H A 0 5 78 78 93 15
A V -1 -3 78 47 219 141
V Space -1 0 47 171 234 187
Space Back 4 -9 171 109 608 437
Back E -1 10 109 156 125 16
E Space -3 -1 156 125 125 -31
Space H 2 -2 125 94 62 -63
H A 0 5 94 109 125 31
A P 1 -9 109 62 125 16
P P 0 0 62 93 156 94
P N -2 4 93 78 218 125
N Back 3 -7 78 78 375 297
Back E -1 10 78 125 265 187
E N -2 -3 125 62 125 0
N E 2 3 62 109 187 125
E D -1 0 109 124 515 406
D Space -2 -1 124 124 936 812
Space RShiftKey 1 -7 124 203 109 -15
RShiftKey I 2 3 203 125 140 -63
I F -1 4 125 125 187 62
F Space -2 0 125 140 141 16
Space I 3 -4 140 109 125 -15
I Space -3 4 109 140 156 47
Space RShiftKey 1 -7 140 141 249 109
RShiftKey Back 3 -2 141 63 390 249
Back Back 0 0 63 94 156 93
Back RShiftKey -3 2 94 172 265 171
RShiftKey I 2 3 172 125 94 -78
I Space -3 4 125 156 140 15
Space H 2 -2 156 93 141 -15
H A 0 5 93 110 93 0
A D 0 -2 110 125 203 93
D N -1 -3 125 93 609 484
N Oem7 1 -5 93 109 62 -31
Oem7 T 1 6 109 94 296 187
T Space -3 1 94 141 203 109
Space B 1 -1 141 78 640 499
B E 2 2 78 62 187 109
E E 0 0 62 109 156 94
E N -2 -3 109 78 109 0
N Space -1 2 78 109 125 47
Space F 2 0 109 78 218 109
F I 1 -4 78 78 94 16
I R 0 4 78 78 109 31
R E 0 1 78 62 203 125
E D -1 0 62 63 187 125
D Space -2 -1 63 47 312 249
Space F 2 0 47 63 390 343
F R 1 0 63 93 172 109
R O 0 -5 93 125 78 -15
O M -2 2 125 78 93 -32
M Space -1 3 78 94 94 16
Space RShiftKey 1 -7 94 203 62 -32
RShiftKey A 1 10 203 78 188 -15
A P 1 -9 78 78 171 93
P L -1 1 78 125 203 125
L E 1 6 125 31 172 47
E Back 1 -10 31 78 249 218
Back Back 0 0 78 78 156 78
Back P -1 3 78 124 297 219
P L -1 1 124 47 93 -31
L E 1 6 47 62 94 47
E OemPeriod -2 -6 62 47 171 109
OemPeriod Space -1 5 47 93 812 765
Space RShiftKey 1 -7 93 234 234 141
RShiftKey I 2 3 234 125 171 -63
I T 0 3 125 94 156 31
T Space -3 1 94 172 125 31
Space W 3 2 172 94 125 -47
W A -1 1 94 109 78 -16
A S 0 -1 109 125 203 94
S Space -2 -2 125 171 78 -47
Space A 2 3 171 109 499 328
A W 1 -1 109 78 265 156
W F -1 -2 78 109 468 390
F U 1 -3 109 78 63 -46
U L -1 -2 78 78 218 140
L Space -2 5 78 140 156 78
Space T 3 -1 140 109 187 47
T E 0 2 109 62 125 16
E S -1 1 62 78 203 141
S Back 2 -11 78 94 795 717
Back Back 0 0 94 63 6084 5990
Back I -1 5 63 63 359 296
I Back 1 -5 63 63 2449 2386
Back A -2 12 63 124 266 203
A S 0 -1 124 94 530 406
S T 1 -3 94 94 218 124
T I 0 -3 94 140 110 16
I N -2 2 140 78 109 -31
N G 1 1 78 78 15 -63
G Space -2 1 78 172 156 78
Space M 1 -3 172 94 156 -16
M E 2 4 94 62 141 47
E D -1 0 62 62 187 125
D I 1 -5 62 109 78 16
I C -2 5 109 140 203 94
C I 2 -5 140 141 93 -47
I N -2 2 141 78 125 -16
N E 2 3 78 125 156 78
E Oemcomma -2 -5 125 62 1108 983
Oemcomma Space -1 4 62 109 140 78
Space B 1 -1 109 125 265 156
B U 2 -2 125 94 281 156
U T 0 2 94 125 156 62
T Space -3 1 125 141 109 -16
Space RShiftKey 1 -7 141 203 125 -16
RShiftKey I 2 3 203 109 125 -78
I Space -3 4 109 109 203 94
Space G 2 -1 109 140 421 312
G U 1 -2 140 94 109 -31
U E 0 4 94 94 156 62
E S -1 1 94 62 281 187
S S 0 0 62 109 172 110
S Space -2 -2 109 125 296 187
Space T 3 -1 125 63 265 140
T H -1 -1 63 125 47 -16
H E 1 3 125 78 125 0
E Space -3 -1 78 110 93 15
Space P 3 -6 110 140 94 -16
P A -1 9 140 110 1076 936
A T 1 -4 110 94 234 124
T I 0 -3 94 78 110 16
I E 0 5 78 94 124 46
E N -2 -3 94 62 141 47
N T 2 1 62 93 125 63
T Space -3 1 93 62 234 141
Space N 1 -2 62 63 124 62
N E 2 3 63 62 94 31
E E 0 0 62 94 156 94
E D -1 0 94 62 203 109
D E 1 0 62 47 156 94
E D -1 0 47 109 140 93
D Space -2 -1 109 78 156 47
Space I 3 -4 78 62 406 328
I T 0 3 62 62 109 47
T OemPeriod -2 -4 62 47 203 141
OemPeriod Space -1 5 47 125 187 140
Space RShiftKey 1 -7 125 218 156 31
RShiftKey S 1 9 218 109 125 -93
S O 1 -7 109 124 203 94
O M -2 2 124 94 93 -31
M E 2 4 94 94 109 15
E T 0 -2 94 78 234 140
T I 0 -3 78 125 94 16
I E 0 5 125 32 218 93
E Back 1 -10 32 93 297 265
Back M -3 6 93 63 405 312
M E 2 4 63 78 110 47
E S -1 1 78 94 218 140
S Space -2 -2 94 125 140 46
Space L 2 -5 125 78 141 16
L I 1 1 78 78 218 140
I F -1 4 78 78 141 63
F E 1 1 78 78 187 109
E Space -3 -1 78 109 203 125
Space H 2 -2 109 94 374 265
H I 1 -2 94 78 172 78
I T 0 3 78 62 109 31
T S -1 3 62 94 187 125
S Space -2 -2 94 109 94 0
Space Y 3 -2 109 109 218 109
Y O 0 -3 109 140 125 16
O U 0 2 140 109 78 -62
U Space -3 3 109 125 171 62
Space I 3 -4 125 171 141 16
I N -2 2 171 125 109 -62
N Space -1 2 125 187 78 -47
Space T 3 -1 187 94 156 -31
T H -1 -1 94 47 125 31
H E 1 3 47 110 93 46
E Space -3 -1 110 141 125 15
Space H 2 -2 141 78 172 31
H E 1 3 78 93 78 0
E A -1 2 93 109 78 -15
A D 0 -2 109 93 203 94
D Space -2 -1 93 140 109 16
Space W 3 2 140 93 125 -15
W I 0 -6 93 94 46 -47
I T 0 3 94 110 156 62
T H -1 -1 110 78 110 0
H Space -2 2 78 125 62 -16
Space A 2 3 125 172 78 -47
A Space -2 -3 172 156 156 -16
Space B 1 -1 156 62 827 671
B R 2 1 62 94 218 156
R I 0 -4 94 78 94 0
I C -2 5 78 94 171 93
C K 1 -5 94 78 78 -16
K OemPeriod -1 -1 78 78 562 484
OemPeriod Space -1 5 78 94 234 156
Space RShiftKey 1 -7 94 218 125 31
RShiftKey D 1 8 218 78 156 -62
D O 1 -6 78 141 296 218
O N -2 3 141 62 172 31
N Oem7 1 -5 62 47 1107 1045
Oem7 T 1 6 47 109 63 16
T Space -3 1 109 156 125 16
Space L 2 -5 156 78 124 -32
L O 1 0 78 124 188 110
O S -1 7 124 109 62 -62
S E 1 -1 109 62 250 141
E Space -3 -1 62 110 1060 998
Space F 2 0 110 78 437 327
F A 0 3 78 125 125 47
A I 1 -7 125 78 78 -47
I T 0 3 78 93 172 94
T H -1 -1 93 62 78 -15
H OemPeriod -1 -3 62 78 249 187
OemPeriod Space -1 5 78 125 437 359
Space RShiftKey 1 -7 125 249 172 47
RShiftKey I 2 3 249 140 140 -109
I Oem7 -1 -3 140 78 764 624
Oem7 M -1 4 78 94 281 203
M Space -1 3 94 110 109 15
Space C 1 1 110 94 234 124
C O 2 -6 94 141 47 -47
O N -2 3 141 109 78 -63
N V 0 2 109 47 156 47
V I 2 -4 47 156 78 31
I N -2 2 156 94 109 -47
N C 0 3 94 93 110 16
C E 2 0 93 62 187 94
E D -1 0 62 125 187 125
D Space -2 -1 125 140 172 47
Space T 3 -1 140 125 140 0
T H -1 -1 125 93 172 47
H A 0 5 93 109 78 -15
A T 1 -4 109 78 124 15
T Space -3 1 78 156 203 125
Space T 3 -1 156 62 640 484
T H -1 -1 62 124 47 -15
H E 1 3 124 125 140 16
E Space -3 -1 125 125 109 -16
Space O 3 -5 125 109 94 -31
O N -2 3 109 109 47 -62
N L 1 -3 109 94 202 93
L Y 1 3 94 109 406 312
Y Space -3 2 109 140 125 16
Space T 3 -1 140 109 125 -15
T H -1 -1 109 93 78 -31
H I 1 -2 93 140 187 94
I N -2 2 140 124 47 -93
N G 1 1 124 109 156 32
G Space -2 1 109 109 171 62
Space T 3 -1 109 93 219 110
T H -1 -1 93 94 93 0
H A 0 5 94 125 78 -16
A T 1 -4 125 125 109 -16
T Space -3 1 125 109 94 -31
Space K 2 -4 109 78 125 16
K E 1 5 78 110 93 15
E P 0 -7 110 78 156 46
P T 0 5 78 109 328 250
T Space -3 1 109 78 203 94
Space M 1 -3 78 94 62 -16
M E 2 4 94 110 187 93
E Space -3 -1 110 156 94 -16
Space G 2 -1 156 109 359 203
G O 1 -4 109 125 78 -31
O I 0 1 125 156 249 124
I N -2 2 156 78 110 -46
N G 1 1 78 156 93 15
G Space -2 1 156 156 187 31
Space A 2 3 156 172 203 47
A Back 2 -12 172 125 390 218
Back W -1 11 125 109 172 47
W A -1 1 109 125 78 -31
A S 0 -1 125 140 187 62
S Space -2 -2 140 141 109 -31
Space T 3 -1 141 140 172 31
T H -1 -1 140 125 109 -31
H A 0 5 125 124 94 -31
A T 1 -4 124 125 93 -31
T Space -3 1 125 140 125 0
Space RShiftKey 1 -7 140 234 203 63
RShiftKey I 2 3 234 140 109 -125
I Space -3 4 140 141 187 47
Space RShiftKey 1 -7 141 109 156 15
RShiftKey L 1 2 109 93 94 -15
L Back 2 -4 93 125 717 624
Back L -2 4 125 62 250 125
L O 1 0 62 124 172 110
O V -2 5 124 109 78 -46
V E 2 1 109 78 171 62
E D -1 0 78 125 187 109
D Space -2 -1 125 156 94 -31
Space W 3 2 156 78 218 62
W H -1 -4 78 94 125 47
H A 0 5 94 124 63 -31
A T 1 -4 124 109 140 16
T Space -3 1 109 125 140 31
Space RShiftKey 1 -7 125 218 110 -15
RShiftKey I 2 3 218 124 156 -62
I Space -3 4 124 156 171 47
Space D 2 1 156 109 484 328
D I 1 -5 109 78 93 -16
I D -1 5 78 78 141 63
D OemPeriod -1 -6 78 47 140 62
OemPeriod Space -1 5 47 140 203 156
Space RShiftKey 1 -7 140 265 484 344
RShiftKey Y 2 5 265 78 124 -141
Y P 0 -4 78 62 219 141
P U 0 3 62 62 187 125
U Oem7 -1 -4 62 62 546 484
Oem7 V -1 7 62 109 47 -15
V E 2 1 109 125 265 156
E Space -3 -1 125 141 109 -16
Space G 2 -1 141 94 390 249
G O 1 -4 94 78 125 31
O T 0 4 78 109 94 16
T Space -3 1 109 109 218 109
Space T 3 -1 109 78 187 78
T O 0 -4 78 109 94 16
O Space -3 5 109 109 125 16
Space F 2 0 109 109 1513 1404
F I 1 -4 109 156 78 -31
I N -2 2 156 140 78 -78
N D 1 3 140 109 109 -31
D Space -2 -1 109 171 94 -15
Space W 3 2 171 125 140 -31
W H -1 -4 125 78 140 15
H A 0 5 78 125 47 -31
A T 1 -4 125 141 109 -16
T Space -3 1 141 156 562 421
Space Y 3 -2 156 125 359 203
Y O 0 -3 125 140 78 -47
O U 0 2 140 109 78 -62
U Space -3 3 109 93 125 16
Space L 2 -5 93 141 124 31
L I 1 1 141 109 94 -47
I V -2 4 109 63 140 31
V E 2 1 63 94 94 31
E Back 1 -10 94 62 3198 3104
Back O -1 4 62 46 250 188
O Back 1 -4 46 31 2449 2403
Back Back 0 0 31 62 125 94
Back Back 0 0 62 63 124 62
Back O -1 4 63 62 765 702
O V -2 5 62 94 62 0
V E 2 1 94 94 156 62
E OemPeriod -2 -6 94 47 4025 3931
OemPeriod Space -1 5 47 140 156 109
Space RShiftKey 1 -7 140 203 125 -15
RShiftKey A 1 10 203 93 125 -78
A N -1 -5 93 78 218 125
N D 1 3 78 109 109 31
D Space -2 -1 109 125 109 0
Space T 3 -1 125 78 188 63
T H -1 -1 78 78 93 15
H A 0 5 78 125 94 16
A T 1 -4 125 78 93 -32
T Space -3 1 78 140 110 32
Space I 3 -4 140 63 358 218
I S -1 6 63 78 141 78
S Space -2 -2 78 140 359 281
Space A 2 3 140 78 265 125
A S 0 -1 78 125 187 109
S Space -2 -2 125 125 78 -47
Space T 3 -1 125 93 203 78
T R 0 1 93 78 218 125
R U 0 -3 78 78 187 109
U E 0 4 78 78 141 63
E Space -3 -1 78 125 187 109
Space F 2 0 125 78 250 125
F O 1 -5 78 78 124 46
O R 0 5 78 93 110 32
R Space -3 0 93 124 78 -15
Space Y 3 -2 124 109 218 94
Y O 0 -3 109 124 94 -15
O U 0 2 124 109 62 -62
U R 0 3 109 31 187 78
R R 0 0 31 46 63 32
R Space -3 0 46 156 390 344
Space W 3 2 156 93 187 31
W Back 1 -11 93 62 390 297
Back Back 0 0 62 62 156 94
Back Back 0 0 62 47 156 94
Back Space -4 9 47 109 608 561
Space W 3 2 109 109 203 94
W O 0 -7 109 78 94 -15
O R 0 5 78 78 140 62
R K -1 -4 78 94 140 62
K Space -2 4 94 109 281 187
Space A 2 3 109 140 609 500
A S 0 -1 140 93 234 94
S Space -2 -2 93 140 109 16
Space I 3 -4 140 109 156 16
I T 0 3 109 78 109 0
T Space -3 1 78 172 421 343
Space I 3 -4 172 78 328 156
I S -1 6 78 110 93 15
S Space -2 -2 110 109 110 0
Space F 2 0 109 94 218 109
F O 1 -5 94 78 140 46
O R 0 5 78 62 188 110
R Space -3 0 62 94 124 62
Space Y 3 -2 94 94 203 109
Y O 0 -3 94 125 78 -16
O U 0 2 125 109 78 -47
U R 0 3 109 109 125 16
R Space -3 0 109 125 125 16
Space L 2 -5 125 78 93 -32
L O 1 0 78 94 203 125
O V -2 5 94 78 78 -16
V E 2 1 78 109 172 94
E R 0 -1 109 62 78 -31
R S -1 2 62 62 203 141
S OemPeriod -1 -7 62 62 156 94
OemPeriod Space -1 5 62 109 187 125
Space RShiftKey 1 -7 109 234 203 94
RShiftKey Y 2 5 234 109 140 -94
Y P 0 -4 109 78 156 47
P U 0 3 78 93 172 94
U R 0 3 93 110 124 31
R Space -3 0 110 156 156 46
Space W 3 2 156 94 125 -31
W O 0 -7 94 94 78 -16
O R 0 5 94 93 141 47
R K -1 -4 93 78 124 31
K Space -2 4 78 125 281 203
Space I 3 -4 125 93 141 16
I S -1 6 93 94 140 47
S Space -2 -2 94 140 78 -16
Space G 2 -1 140 94 296 156
G O 1 -4 94 93 110 16
O I 0 1 93 124 234 141
I N -2 2 124 109 78 -46
N G 1 1 109 78 109 0
G Space -2 1 78 109 156 78
Space T 3 -1 109 110 171 62
T O 0 -4 110 109 125 15
O Space -3 5 109 140 94 -15
Space F 2 0 140 109 546 406
F U 1 -3 109 93 78 -31
U L -1 -2 93 46 281 188
L L 0 0 46 109 140 94
L Space -2 5 109 125 140 31
Space A 2 3 125 109 110 -15
A Space -2 -3 109 141 124 15
Space L 2 -5 141 63 125 -16
L A 0 8 63 110 109 46
A R 1 -3 110 78 250 140
R G -1 -1 78 63 187 109
G E 1 2 63 109 141 78
E Space -3 -1 109 141 93 -16
Space P 3 -6 141 93 94 -47
P A -1 9 93 78 93 0
A R 1 -3 78 78 125 47
R T 0 -1 78 62 203 125
T Space -3 1 62 109 156 94
Space O 3 -5 109 78 125 16
O F -1 5 78 125 109 31
F Space -2 0 125 94 140 15
Space Y 3 -2 94 125 156 62
Y O 0 -3 125 125 94 -31
O U 0 2 125 93 94 -31
U R 0 3 93 94 93 0
R Space -3 0 94 125 125 31
Space L 2 -5 125 94 140 15
L I 1 1 94 78 234 140
I F -1 4 78 94 94 16
F E 1 1 94 31 109 15
E Oemcomma -2 -5 31 93 6022 5991
Oemcomma Space -1 4 93 156 203 110
Space A 2 3 156 93 187 31
A N -1 -5 93 78 109 16
N D 1 3 78 94 109 31
D Space -2 -1 94 125 78 -16
Space T 3 -1 125 78 187 62
T H -1 -1 78 94 78 0
H E 1 3 94 124 110 16
E Space -3 -1 124 109 109 -15
Space O 3 -5 109 125 31 -78
O N -2 3 125 110 62 -63
N L 1 -3 110 125 172 62
L Y 1 3 125 109 94 -31
Y Space -3 2 109 156 202 93
Space W 3 2 156 156 2122 1966
W A -1 1 156 125 109 -47
A Y 1 -5 125 124 687 562
Y Space -3 2 124 172 140 16
Space T 3 -1 172 110 140 -32
T O 0 -4 110 78 94 -16
O Space -3 5 78 156 109 31
Space B 1 -1 156 110 109 -47
B E 2 2 110 94 78 -32
E Space -3 -1 94 140 110 16
Space T 3 -1 140 78 608 468
T R 0 1 78 78 203 125
R U 0 -3 78 94 62 -16
U L -1 -2 94 94 234 140
L Y 1 3 94 125 31 -63
Y Space -3 2 125 171 141 16
Space S 2 2 171 171 234 63
S A 0 1 171 141 93 -78
A T 1 -4 141 125 671 530
T I 0 -3 125 110 109 -16
I S -1 6 110 109 125 15
S F 0 -2 109 125 359 250
F I 1 -4 125 93 125 0
I E 0 5 93 78 109 16
E D -1 0 78 94 187 109
D Space -2 -1 94 124 141 47
Space I 3 -4 124 94 327 203
I S -1 6 94 124 63 -31
S Space -2 -2 124 109 140 16
Space T 3 -1 109 62 250 141
T O 0 -4 62 125 46 -16
O Space -3 5 125 124 188 63
Space D 2 1 124 109 249 125
D O 1 -6 109 94 78 -31
O Space -3 5 94 172 109 15
Space W 3 2 172 141 156 -16
W H -1 -4 141 94 125 -16
H A 0 5 94 109 78 -16
A T 1 -4 109 124 141 32
T Space -3 1 124 140 218 94
Space Y 3 -2 140 93 640 500
Y O 0 -3 93 140 78 -15
O U 0 2 140 124 78 -62
U Space -3 3 124 124 78 -46
Space B 1 -1 124 125 171 47
B E 2 2 125 94 109 -16
E I 0 -5 94 78 468 374
I Back 1 -5 78 125 437 359
Back L -2 4 125 110 265 140
L I 1 1 110 93 266 156
I E 0 5 93 93 156 63
E V -2 -1 93 93 468 375
V E 2 1 93 125 187 94
E Space -3 -1 125 141 140 15
Space I 3 -4 141 62 172 31
I S -1 6 62 125 109 47
S Space -2 -2 125 140 94 -31
Space F 2 0 140 93 468 328
F Back 2 -9 93 93 359 266
Back G -2 8 93 78 109 16
G R 1 1 78 125 171 93
R E 0 1 125 110 78 -47
E A -1 2 110 125 156 46
A T 1 -4 125 94 125 0
T Space -3 1 94 156 141 47
Space W 3 2 156 110 124 -32
W O 0 -7 110 47 141 31
O R 0 5 47 78 109 62
R K -1 -4 78 78 187 109
K OemPeriod -1 -1 78 63 1638 1560
OemPeriod Space -1 5 63 125 125 62
Space RShiftKey 1 -7 125 187 78 -47
RShiftKey A 1 10 187 94 140 -47
A N -1 -5 94 93 219 125
N D 1 3 93 94 140 47
D Space -2 -1 94 141 78 -16
Space T 3 -1 141 125 187 46
T H -1 -1 125 109 110 -15
H E 1 3 109 109 140 31
E Space -3 -1 109 156 94 -15
Space O 3 -5 156 125 343 187
O N -2 3 125 109 109 -16
N L 1 -3 109 109 936 827
L Y 1 3 109 93 281 172
Y Space -3 2 93 141 140 47
Space W 3 2 141 156 63 -78
W A -1 1 156 125 93 -63
A Y 1 -5 125 94 187 62
Y Space -3 2 94 109 110 16
Space T 3 -1 109 109 171 62
T O 0 -4 109 109 78 -31
O Space -3 5 109 140 125 16
Space D 2 1 140 109 265 125
D O 1 -6 109 93 94 -15
O Space -3 5 93 140 421 328
Space G 2 -1 140 78 624 484
G R 1 1 78 124 172 94
R E 0 1 124 124 78 -46
E A -1 2 124 125 109 -15
A T 1 -4 125 78 140 15
T Space -3 1 78 124 141 63
Space W 3 2 124 78 156 32
W O 0 -7 78 109 78 0
O R 0 5 109 110 124 15
R K -1 -4 110 109 125 15
K Space -2 4 109 93 172 63
Space I 3 -4 93 62 109 16
I S -1 6 62 124 94 32
S Space -2 -2 124 93 109 -15
Space T 3 -1 93 94 249 156
T O 0 -4 94 62 141 47
O Space -3 5 62 93 125 63
Space L 2 -5 93 78 187 94
L O 1 0 78 94 187 109
O V -2 5 94 110 62 -32
V E 2 1 110 109 219 109
E Space -3 -1 109 187 109 0
Space W 3 2 187 109 172 -15
W H -1 -4 109 94 93 -16
H A 0 5 94 125 109 15
A T 1 -4 125 109 110 -15
T Space -3 1 109 188 202 93
Space Y 3 -2 188 94 172 -16
Y O 0 -3 94 156 62 -32
O U 0 2 156 110 78 -78
U Space -3 3 110 93 110 0
Space D 2 1 93 109 171 78
D O 1 -6 109 63 78 -31
O OemPeriod -2 0 63 109 2122 2059
OemPeriod Space -1 5 109 125 296 187
Space RShiftKey 1 -7 125 172 359 234
RShiftKey I 2 3 172 171 125 -47
I F -1 4 171 109 140 -31
F Space -2 0 109 140 125 16
Space Y 3 -2 140 125 187 47
Y O 0 -3 125 140 94 -31
O U 0 2 140 109 78 -62
U Space -3 3 109 125 171 62
Space H 2 -2 125 109 94 -31
H A 0 5 109 93 125 16
A V -1 -3 93 62 780 687
V E 2 1 62 78 156 94
E N -2 -3 78 62 234 156
N Oem7 1 -5 62 62 468 406
Oem7 T 1 6 62 78 265 203
T Space -3 1 78 78 250 172
Space F 2 0 78 110 280 202
F O 1 -5 110 94 281 171
O U 0 2 94 140 297 203
U N -2 1 140 109 78 -62
N D 1 3 109 110 982 873
D Space -2 -1 110 140 141 31
Space I 3 -4 140 109 156 16
I T 0 3 109 109 109 0
T Space -3 1 109 140 172 63
Space Y 3 -2 140 63 358 218
Y E 0 3 63 125 94 31
E T 0 -2 125 78 172 47
T Oemcomma -2 -3 78 31 327 249
Oemcomma Space -1 4 31 109 125 94
Space K 2 -4 109 110 218 109
K E 1 5 110 63 125 15
E E 0 0 63 78 203 140
E P 0 -7 78 94 62 -16
P Space -3 6 94 141 156 62
Space L 2 -5 141 78 125 -16
L O 1 0 78 46 219 141
O O 0 0 46 62 156 110
O K -1 1 62 47 202 140
K I 1 0 47 109 188 141
I N -2 2 109 110 46 -63
N G 1 1 110 93 141 31
G OemPeriod -1 -4 93 62 125 32
OemPeriod Space -1 5 62 109 187 125
Space RShiftKey 1 -7 109 156 93 -16
RShiftKey D 1 8 156 94 125 -31
D O 1 -6 94 63 156 62
O N -2 3 63 62 203 140
N Oem7 1 -5 62 78 452 390
Oem7 T 1 6 78 109 94 16
T Space -3 1 109 172 140 31
Space S 2 2 172 94 125 -47
S E 1 -1 94 93 250 156
E T 0 -2 93 63 249 156
T T 0 0 63 109 172 109
T L -1 -4 109 93 94 -15
L E 1 6 93 63 171 78
E OemPeriod -2 -6 63 78 609 546
OemPeriod Space -1 5 78 109 483 405
Space RShiftKey 1 -7 109 218 141 32
RShiftKey A 1 10 218 63 124 -94
A S 0 -1 63 78 203 140
S Space -2 -2 78 140 125 47
Space W 3 2 140 94 187 47
W I 0 -6 94 94 109 15
I T 0 3 94 94 250 156
T H -1 -1 94 125 109 15
H Space -2 2 125 141 109 -16
Space A 2 3 141 125 156 15
A L 0 -8 125 47 562 437
L L 0 0 47 62 172 125
L Space -2 5 62 140 109 47
Space M 1 -3 140 78 125 -15
M A 1 6 78 125 31 -47
A T 1 -4 125 47 249 124
T T 0 0 47 62 172 125
T E 0 2 62 125 125 63
E R 0 -1 125 93 78 -47
R S -1 2 93 93 203 110
S Space -2 -2 93 125 124 31
Space O 3 -5 125 78 141 16
O F -1 5 78 125 109 31
F Space -2 0 125 172 156 31
Space T 3 -1 172 109 125 -47
T H -1 -1 109 94 109 0
H E 1 3 94 125 125 31
E Space -3 -1 125 156 125 0
Space H 2 -2 156 78 156 0
H E 1 3 78 125 62 -16
E A -1 2 125 141 140 15
A R 1 -3 141 109 125 -16
R T 0 -1 109 94 203 94
T Oemcomma -2 -3 94 63 608 514
Oemcomma Space -1 4 63 109 172 109
Space Y 3 -2 109 110 218 109
Y O 0 -3 110 156 78 -32
O U 0 2 156 62 94 -62
U Oem7 -1 -4 62 63 499 437
Oem7 L 0 2 63 47 312 249
L L 0 0 47 62 141 94
L Space -2 5 62 125 140 78
Space K 2 -4 125 156 94 -31
K N -1 2 156 94 124 -32
N O 2 -3 94 78 250 156
O W 0 7 78 47 343 265
W Space -3 -2 47 140 203 156
Space W 3 2 140 93 250 110
W H -1 -4 93 63 93 0
H E 1 3 63 62 125 62
E N -2 -3 62 47 78 16
N Space -1 2 47 140 312 265
Space O 3 -5 140 219 499 359
O Y 0 3 219 109 63 -156
Y Back 1 -7 109 78 499 390
Back Back 0 0 78 109 515 437
Back Y -1 7 109 109 234 125
Y O 0 -3 109 141 93 -16
O U 0 2 141 78 94 -47
U Space -3 3 78 125 171 93
Space F 2 0 125 125 531 406
F I 1 -4 125 125 62 -63
I N -2 2 125 109 78 -47
N D 1 3 109 78 156 47
D Space -2 -1 78 141 78 0
Space I 3 -4 141 78 172 31
I T 0 3 78 78 78 0
T OemPeriod -2 -4 78 94 249 171
OemPeriod Space -1 5 94 140 219 125
Space RShiftKey 1 -7 140 172 109 -31
RShiftKey A 1 10 172 94 109 -63
A N -1 -5 94 78 172 78
N D 1 3 78 78 93 15
D Oemcomma -1 -5 78 63 936 858
Oemcomma Space -1 4 63 141 156 93
Space L 2 -5 141 94 94 -47
L I 1 1 94 63 218 124
I K -1 0 63 109 172 109
K E 1 5 109 109 109 0
E Space -3 -1 109 171 94 -15
Space A 2 3 171 78 156 -15
A N -1 -5 78 78 109 31
N Y 2 0 78 78 452 374
Y Space -3 2 78 125 141 63
Space G 2 -1 125 78 265 140
G R 1 1 78 109 187 109
R E 0 1 109 93 63 -46
E A -1 2 93 109 171 78
A T 1 -4 109 94 187 78
T Space -3 1 94 110 78 -16
Space R 3 0 110 125 172 62
R E 0 1 125 110 140 15
E L -1 -6 110 125 172 62
L A 0 8 125 93 125 0
A T 1 -4 93 94 187 94
T I 0 -3 94 94 78 -16
I O 0 -1 94 93 47 -47
O N -2 3 93 63 218 125
N S 1 4 63 94 109 46
S H 0 -4 94 93 110 16
H I 1 -2 93 109 31 -62
I P 0 -2 109 78 249 140
P Oemcomma -2 2 78 78 812 734
Oemcomma Space -1 4 78 156 124 46
Space I 3 -4 156 78 156 0
I T 0 3 78 94 94 16
T Space -3 1 94 171 125 31
Space J 2 -3 171 93 125 -46
J U 1 0 93 109 171 78
U S -1 5 109 94 78 -31
S T 1 -3 94 94 187 93
T Space -3 1 94 140 375 281
Space G 2 -1 140 78 624 484
G E 1 2 78 125 171 93
E T 0 -2 125 140 63 -62
T S -1 3 140 78 234 94
S Space -2 -2 78 124 125 47
Space B 1 -1 124 94 140 16
B E 2 2 94 140 94 0
E T 0 -2 140 109 171 31
T T 0 0 109 109 219 110
T E 0 2 109 141 171 62
E R 0 -1 141 156 78 -63
R Space -3 0 156 156 234 78
Space A 2 3 156 125 125 -31
A N -1 -5 125 62 172 47
N D 1 3 62 109 78 16
D Space -2 -1 109 156 78 -31
Space B 1 -1 156 94 140 -16
B E 2 2 94 141 109 15
E T 0 -2 141 63 156 15
T T 0 0 63 109 156 93
T E 0 2 109 156 156 47
E R 0 -1 156 125 94 -62
R Space -3 0 125 156 125 0
Space A 2 3 156 125 93 -63
A S 0 -1 125 125 172 47
S Space -2 -2 125 156 125 0
Space T 3 -1 156 93 156 0
T H -1 -1 93 93 109 16
H E 1 3 93 109 78 -15
E Space -3 -1 109 171 125 16
Space Y 3 -2 171 47 187 16
Y E 0 3 47 78 31 -16
E A -1 2 78 140 94 16
A R 1 -3 140 125 109 -31
R S -1 2 125 93 203 78
S Space -2 -2 93 109 109 16
Space T 3 -1 109 78 156 47
T O 0 -4 78 47 171 93
O Back 1 -4 47 109 281 234
Back R -1 9 109 110 187 78
R O 0 -5 110 47 172 62
O O 0 0 47 63 140 93
O Back 1 -4 63 15 375 312
Back Back 0 0 15 32 561 546
Back Back 0 0 32 78 172 140
Back Back 0 0 78 46 718 640
Back R -1 9 46 109 499 453
R O 0 -5 109 46 125 16
O L -1 0 46 63 202 156
L L 0 0 63 93 141 78
L Space -2 5 93 156 249 156
Space O 3 -5 156 172 172 16
O N -2 3 172 109 94 -78
N OemPeriod 0 -3 109 78 234 125
OemPeriod Space -1 5 78 110 202 124
Space RShiftKey 1 -7 110 187 63 -47
RShiftKey S 1 9 187 78 156 -31
S O 1 -7 78 94 171 93
O Space -3 5 94 125 156 62
Space K 2 -4 125 78 110 -15
K E 1 5 78 62 140 62
E E 0 0 62 63 187 125
E P 0 -7 63 78 78 15
P Space -3 6 78 125 172 94
Space L 2 -5 125 78 265 140
L O 1 0 78 63 265 187
O O 0 0 63 78 141 78
O K -1 1 78 47 218 140
K I 1 0 47 141 140 93
I N -2 2 141 78 110 -31
N G 1 1 78 125 62 -16
G Space -2 1 125 172 140 15
Space U 3 -3 172 109 188 16
U N -2 1 109 109 109 0
N T 2 1 109 94 171 62
T I 0 -3 94 63 78 -16
I L -1 -1 63 47 203 140
L L 0 0 47 109 125 78
L Space -2 5 109 140 94 -15
Space Y 3 -2 140 109 109 -31
Y O 0 -3 109 171 78 -31
O U 0 2 171 109 125 -46
U Space -3 3 109 93 156 47
Space F 2 0 93 109 156 63
F I 1 -4 109 124 78 -31
I N -2 2 124 93 78 -46
N D 1 3 93 93 109 16
D Space -2 -1 93 140 125 32
Space I 3 -4 140 62 187 47
I T 0 3 62 110 93 31
T OemPeriod -2 -4 110 62 172 62
OemPeriod Space -1 5 62 109 187 125
Space RShiftKey 1 -7 109 234 63 -46
RShiftKey D 1 8 234 94 171 -63
D O 1 -6 94 109 156 62
O N -2 3 109 78 187 78
N Oem7 1 -5 78 78 1966 1888
Oem7 T 1 6 78 78 109 31
T Space -3 1 78 156 141 63
Space S 2 2 156 93 109 -47
S E 1 -1 93 125 234 141
E T 0 -2 125 63 249 124
T T 0 0 63 94 172 109
T Oem1 -1 -5 94 62 94 0
Oem1 E 1 7 62 93 156 94
E Back 1 -10 93 31 1591 1498
Back Back 0 0 31 62 156 125
Back L -2 4 62 63 951 889
L E 1 6 63 125 47 -16
E Back 1 -10 125 46 2637 2512
Back Back 0 0 46 78 2792 2746
Back O -1 4 78 47 421 343
O S -1 7 47 218 7036 6989
S S 0 0 218 187 6162 5944
