LShiftKey I 2 -8 1880 80 1780 -100
I Space -3 4 80 120 50 -30
Space L 2 -5 120 80 200 80
L I 1 1 80 70 200 120
I K -1 0 70 50 180 110
K E 1 5 50 100 40 -10
E Space -3 -1 100 80 80 -20
Space A 2 3 80 100 590 510
A L 0 -8 100 100 400 300
L G 0 4 100 90 410 310
G O 1 -4 90 100 190 100
O R 0 5 100 90 240 140
R I 0 -4 90 110 110 20
I T 0 3 110 90 200 90
T H -1 -1 90 90 110 20
H Space -2 2 90 110 70 -20
Space Back 4 -9 110 80 1400 1290
Back M -3 6 80 120 480 400
M Space -1 3 120 70 80 -40
Space C 1 1 70 70 720 650
C L 1 -6 70 110 80 10
L A 0 8 110 90 150 40
A S 0 -1 90 70 200 110
S S 0 0 70 70 150 80
S E 1 -1 70 50 160 90
E S -1 1 50 50 150 100
S Space -2 -2 50 100 100 50
Space B 1 -1 100 20 1640 1540
B E 2 2 20 60 50 30
E C -2 0 60 50 220 160
C A 1 2 50 82 120 70
A U 1 -6 82 70 122 40
U S -1 5 70 60 90 20
S E 1 -1 60 60 150 90
E Space -3 -1 60 90 30 -30
Space I 3 -4 90 80 250 160
I T 0 3 80 90 140 60
T Space -3 1 90 90 100 10
Space G 2 -1 90 80 460 370
G I 1 -3 80 50 150 70
I O 0 -1 50 20 20 -30
O Back 1 -4 20 90 730 710
Back V -3 9 90 70 730 640
V E 2 1 70 30 120 50
E S -1 1 30 130 190 160
S Space -2 -2 130 100 60 -70
Space M 1 -3 100 100 190 90
M E 2 4 100 60 50 -50
E Space -3 -1 60 72 100 40
Space A 2 3 72 70 3842 3770
A Space -2 -3 70 100 80 10
Space P 3 -6 100 80 290 190
P L -1 1 80 100 190 110
L A 0 8 100 110 90 -10
A T 1 -4 110 90 410 300
T F -1 1 90 100 450 360
F O 1 -5 100 100 120 20
O R 0 5 100 80 120 20
R M -2 -3 80 90 120 40
M Space -1 3 90 160 30 -60
Space T 3 -1 160 100 310 150
T O 0 -4 100 110 60 -40
O Space -3 5 110 70 90 -20
Space T 3 -1 70 130 760 690
T H -1 -1 130 60 240 110
H I 1 -2 60 80 180 120
I N -2 2 80 70 210 130
N K 1 -2 70 80 200 130
K Space -2 4 80 121 30 -50
Space Back 4 -9 121 90 702 581
Back Back 0 0 90 60 190 100
Back Back 0 0 60 60 190 130
Back Back 0 0 60 60 200 140
Back Back 0 0 60 80 520 460
Back Back 0 0 80 80 530 450
Back C -3 10 80 50 260 180
C O 2 -6 50 100 60 10
O M -2 2 100 50 280 180
M E 2 4 50 70 80 30
E Space -3 -1 70 100 120 50
Space U 3 -3 100 80 580 480
U P 0 -3 80 100 530 450
P Space -3 6 100 80 90 -10
Space W 3 2 80 90 400 320
W I 0 -6 90 120 920 830
I T 0 3 120 100 200 80
T H -1 -1 100 80 120 20
H Space -2 2 80 110 40 -40
Space I 3 -4 110 80 600 490
I N -2 2 80 50 240 160
N N 0 0 50 40 190 140
N O 2 -3 40 90 160 120
O V -2 5 90 50 340 250
V A 1 3 50 80 80 30
A T 1 -4 80 60 160 80
T I 0 -3 60 80 310 250
I V -2 4 80 70 240 160
V E 2 1 70 60 90 20
E Space -3 -1 60 80 50 -10
Space W 3 2 80 70 5370 5290
W A -1 1 70 50 200 130
A Y 1 -5 50 70 90 40
Y S -1 4 70 70 80 10
S Space -2 -2 70 110 80 10
Space O 3 -5 110 80 470 360
O F -1 5 80 90 100 20
F Space -2 0 90 90 100 10
Space S 2 2 90 90 230 140
S O 1 -7 90 70 100 10
O L -1 0 70 90 200 130
L V -1 5 90 110 282 192
V I 2 -4 110 90 140 30
I N -2 2 90 82 260 170
N G 1 1 82 72 102 20
G Space -2 1 72 90 92 20
Space P 3 -6 90 80 290 200
P R 0 6 80 70 310 230
R O 0 -5 70 110 90 20
O B -2 4 110 50 480 370
B L 1 -4 50 60 230 180
L E 1 6 60 80 90 30
E M -2 -4 80 100 130 50
M S 1 5 100 90 130 30
S OemPeriod -1 -7 90 70 240 150
OemPeriod Space -1 5 70 70 230 160
Space M 1 -3 70 100 570 500
M O 2 -2 100 130 30 -70
O R 0 5 130 90 180 50
R E 0 1 90 40 210 120
E Space -3 -1 40 70 40 0
Space Q 3 3 70 70 300 230
Q U 0 -6 70 80 160 90
U I 0 -1 80 90 200 120
I Z -2 7 90 70 490 400
Z E 2 -2 70 80 210 140
E S -1 1 80 80 210 130
S Space -2 -2 80 110 70 -10
Space D 2 1 110 100 370 260
D O 1 -6 100 80 60 -40
O N -2 3 80 120 550 470
N T 2 1 120 90 140 20
T Space -3 1 90 80 100 10
Space M 1 -3 80 80 2010 1930
M A 1 6 80 70 70 -10
A K 0 -7 70 80 120 50
K E 1 5 80 90 90 10
E Space -3 -1 90 90 110 20
Space Oem7 2 -7 90 40 7132 7042
Oem7 Right -2 -2 40 750 460 420
Right M 1 6 750 60 1700 950
M E 2 4 60 40 80 20
E Space -3 -1 40 50 470 430
Space L 2 -5 50 90 260 210
L E 1 6 90 72 100 10
E A -1 2 72 100 202 130
A R 1 -3 100 70 230 130
R N -2 -2 70 90 130 60
N Space -1 2 90 90 60 -30
Space B 1 -1 90 80 220 130
B E 2 2 80 100 120 40
E T 0 -2 100 83 120 20
T T 0 0 83 50 163 80
T E 0 2 50 70 30 -20
E R 0 -1 70 90 160 90
R Space -3 0 90 100 60 -30
Space I 3 -4 100 90 550 450
I T 0 3 90 80 100 10
T Space -3 1 80 100 90 10
Space J 2 -3 100 90 450 350
J U 1 0 90 70 160 70
U S -1 5 70 100 80 10
S T 1 -3 100 80 140 40
T Space -3 1 80 68 70 -10
Space A 2 3 68 70 682 614
A D 0 -2 70 70 280 210
D D 0 0 70 70 140 70
D S 0 1 70 60 190 120
S Space -2 -2 60 80 70 10
Space M 1 -3 80 60 300 220
M O 2 -2 60 110 30 -30
O R 0 5 110 100 170 60
R E 0 1 100 90 200 100
E Space -3 -1 90 100 80 -10
Space W 3 2 100 80 1020 920
W O 0 -7 80 100 130 50
O R 0 5 100 90 160 60
R K -1 -4 90 80 100 10
K Space -2 4 80 70 60 -20
Space L 2 -5 70 60 210 140
L O 1 0 60 60 180 120
O A -1 8 60 110 50 -10
A D 0 -2 110 92 210 100
D Space -2 -1 92 90 72 -20
Space T 3 -1 90 100 3270 3180
T O 0 -4 100 140 120 20
O Space -3 5 140 60 90 -50
Space W 3 2 60 70 580 520
W H -1 -4 70 80 100 30
H A 0 5 80 100 130 50
A T 1 -4 100 40 130 30
T Space -3 1 40 100 20 -20
Space W 3 2 100 40 1480 1380
W E 0 -1 40 60 150 110
E Space -3 -1 60 90 110 50
Space A 2 3 90 80 180 90
A L 0 -8 80 80 100 20
L R 1 5 80 100 270 190
R E 0 1 100 80 210 110
E A -1 2 80 70 220 140
A D 0 -2 70 40 210 140
D Y 1 -3 40 80 60 20
Y Space -3 2 80 90 60 -20
Space H 2 -2 90 100 170 80
H A 0 5 100 70 80 -20
A V -1 -3 70 80 150 80
V E 2 1 80 50 50 -30
E Space -3 -1 50 80 100 50
Space T 3 -1 80 80 150 70
T Space -3 1 80 140 140 60
Space Back 4 -9 140 100 380 240
Back O -1 4 100 110 170 70
O Space -3 5 110 120 140 30
Space D 2 1 120 110 200 80
D O 1 -6 110 100 60 -50
O OemPeriod -2 0 100 80 880 780
OemPeriod Space -1 5 80 70 250 170
Space I 3 -4 70 80 6550 6480
I T 0 3 80 80 420 340
T E 0 2 80 70 110 30
E R 0 -1 70 70 150 80
R A -1 3 70 80 370 300
A Back 2 -12 80 90 880 800
Back Back 0 0 90 60 180 90
Back Back 0 0 60 60 160 100
Back Back 0 0 60 110 180 120
Back N -3 7 110 80 500 390
N T 2 1 80 80 380 300
T E 0 2 80 50 190 110
E R 0 -1 50 80 150 100
R A -1 3 80 80 250 170
A C -1 -2 80 100 200 120
C I 2 -5 100 100 390 290
I Back 1 -5 100 90 320 220
Back T -1 8 90 90 130 40
T I 0 -3 90 90 100 10
I O 0 -1 90 90 200 110
O N -2 3 90 100 290 200
N Space -1 2 100 100 80 -20
Space I 3 -4 100 90 640 540
I Space -3 4 90 80 230 140
Space Back 4 -9 80 60 360 280
Back M -3 6 60 100 240 180
M Back 3 -6 100 80 900 800
Back N -3 7 80 100 410 330
N Space -1 2 100 100 90 -10
Space T 3 -1 100 80 550 450
T H -1 -1 80 60 210 130
H E 1 3 60 100 110 50
E Space -3 -1 100 150 40 -60
Space C 1 1 150 90 210 60
C L 1 -6 90 100 180 90
L A 0 8 100 110 110 10
A S 0 -1 110 30 240 130
S S 0 0 30 50 150 120
S Space -2 -2 50 80 70 20
Space I 3 -4 80 110 140 60
I S -1 6 110 102 120 10
S Space -2 -2 102 72 70 -32
Space G 2 -1 72 80 1742 1670
G O 1 -4 80 60 170 90
O O 0 0 60 60 170 110
O D -1 6 60 110 80 20
D Space -2 -1 110 90 70 -40
Space W 3 2 90 50 1190 1100
W A -1 1 50 60 190 140
A Y 1 -5 60 90 70 10
Y Space -3 2 90 80 100 10
Space T 3 -1 80 120 240 160
T O 0 -4 120 110 140 20
O Space -3 5 110 80 80 -30
Space L 2 -5 80 70 830 750
L E 1 6 70 90 160 90
E A -1 2 90 80 230 140
A R 1 -3 80 90 260 180
R N -2 -2 90 60 100 10
N Space -1 2 60 140 20 -40
Space C 1 1 140 90 190 50
C O 2 -6 90 60 100 10
O N -2 3 60 110 230 170
N C 0 3 110 80 120 10
C E 2 0 80 80 210 130
E P 0 -7 80 90 90 10
P T 0 5 90 80 300 210
T Space -3 1 80 80 110 30
Space S 2 2 80 100 50 -30
S B -1 -3 100 110 220 120
B E 2 2 110 120 100 -10
E T 0 -2 120 60 170 50
T T 0 0 60 90 140 80
T E 0 2 90 60 50 -40
E R 0 -1 60 80 160 100
R Space -3 0 80 130 60 -20
Space A 2 3 130 80 340 210
A N -1 -5 80 90 150 70
N D 1 3 90 102 150 60
D Space -2 -1 102 110 92 -10
Space C 1 1 110 60 200 90
C L 1 -6 60 60 170 110
L E 1 6 60 100 100 40
E A -1 2 100 130 230 130
A R 1 -3 130 60 320 190
R Space -3 0 60 140 140 80
Space D 2 1 140 80 1790 1650
D O 1 -6 80 110 70 -10
O I 0 1 110 100 230 120
I Back 1 -5 100 20 500 400
Back U -1 6 20 100 800 780
U B -2 2 100 80 380 280
B T 2 0 80 90 390 310
T S -1 3 90 90 150 60
S OemPeriod -1 -7 90 70 440 350
OemPeriod Left -1 -2 70 1190 470 400
Left Left 0 0 1190 70 1430 240
Left Left 0 0 70 70 170 100
Left Left 0 0 70 130 150 80
Left Back 4 -2 130 100 730 600
Back Right -4 0 100 150 510 410
Right Space 0 9 150 100 160 10
Space Right 0 -9 100 840 250 150
Right Left 0 2 840 300 900 60
Left Space 0 7 300 40 7250 6950
Space I 3 -4 40 40 32550 32510
I LShiftKey -2 8 40 90 0 -40
LShiftKey Space -1 -4 90 140 0 -90
Space W 3 2 140 70 250 110
W A -1 1 70 90 200 130
A Back 2 -12 90 80 1070 980
Back Back 0 0 80 70 180 100
Back Back 0 0 70 70 170 100
Back Back 0 0 70 100 170 100
Back LShiftKey -3 13 100 240 360 260
LShiftKey I 2 -8 240 90 180 -60
I Space -3 4 90 90 110 20
Space W 3 2 90 50 260 170
W A -1 1 50 100 190 140
A N -1 -5 100 100 150 50
N T 2 1 100 90 550 450
T Space -3 1 90 100 130 40
Space T 3 -1 100 90 1160 1060
T O 0 -4 90 100 100 10
O Space -3 5 100 90 60 -40
Space B 1 -1 90 70 280 190
B U 2 -2 70 90 260 190
U I 0 -1 90 40 612 522
I L -1 -1 40 90 160 120
L D 0 6 90 120 120 30
D Space -2 -1 120 90 60 -60
Space A 2 3 90 100 270 180
A Space -2 -3 100 90 90 -10
Space P 3 -6 90 80 230 140
P R 0 6 80 120 130 50
R O 0 -5 120 100 90 -30
O D -1 6 100 80 1230 1130
D U 1 -4 80 80 120 40
U C -2 4 80 80 100 20
C T 2 -2 80 60 190 110
T Space -3 1 60 110 40 -20
Space T 3 -1 110 80 350 240
T H -1 -1 80 100 200 120
H A 0 5 100 82 110 10
A T 1 -4 82 60 102 20
T Space -3 1 60 140 10 -50
Space M 1 -3 140 90 2000 1860
M A 1 6 90 70 100 10
A K 0 -7 70 80 110 40
K E 1 5 80 60 100 20
E S -1 1 60 70 180 120
S Space -2 -2 70 100 30 -40
Space E 3 1 100 60 420 320
E V -2 -1 60 90 120 60
V E 2 1 90 60 80 -10
E R 0 -1 60 90 180 120
R Y 0 -2 90 100 120 30
Y D -1 3 100 60 260 160
D A 0 2 60 100 220 160
A Y 1 -5 100 80 50 -50
Y Space -3 2 80 60 90 10
Space L 2 -5 60 60 480 420
L I 1 1 60 60 170 110
I F -1 4 60 80 530 470
F E 1 1 80 110 200 120
E Space -3 -1 110 110 60 -50
Space E 3 1 110 90 320 210
E A -1 2 90 110 240 150
A S 0 -1 110 90 500 390
S I 1 -6 90 100 110 20
I E 0 5 100 90 140 40
E R 0 -1 90 100 190 100
R Space -3 0 100 110 90 -10
Space F 2 0 110 60 150 40
F O 1 -5 60 80 120 60
O R 0 5 80 70 90 10
R Space -3 0 70 90 100 30
Space E 3 1 90 100 210 120
E V -2 -1 100 100 200 100
V E 2 1 100 90 60 -40
E R 0 -1 90 90 190 100
R Y 0 -2 90 80 100 10
Y O 0 -3 80 80 400 320
O N -2 3 80 82 210 130
N E 2 3 82 110 102 20
E OemPeriod -2 -6 110 80 180 70
OemPeriod Space -1 5 80 90 230 150
Space LShiftKey 1 4 90 950 740 650
LShiftKey U 2 -7 950 70 390 -560
U B -2 2 70 60 410 340
B Space -1 1 60 110 50 -10
Space H 2 -2 110 70 880 770
H E 1 3 70 100 120 50
E L -1 -6 100 70 140 40
L P 1 -1 70 90 170 100
P S -1 8 90 100 130 40
S Space -2 -2 100 100 90 -10
Space I 3 -4 100 60 300 200
I N -2 2 60 100 220 160
N Space -1 2 100 70 110 10
Space L 2 -5 70 60 1220 1150
L E 1 6 60 60 110 50
E A -1 2 60 130 570 510
A R 1 -3 130 100 300 170
R N -2 -2 100 70 1550 1450
N I 2 -2 70 70 180 110
I N -2 2 70 90 210 140
N G 1 1 90 60 100 10
G Space -2 1 60 70 30 -30
Space Back 4 -9 70 70 6850 6780
Back Back 0 0 70 80 170 100
Back Back 0 0 80 100 160 80
Back Back 0 0 100 90 180 80
Back Back 0 0 90 80 170 80
Back Back 0 0 80 80 170 90
Back Back 0 0 80 90 170 90
Back Back 0 0 90 100 180 90
Back Back 0 0 100 110 210 110
Back B -3 8 110 60 740 630
B U 2 -2 60 80 320 260
U I 0 -1 80 70 190 110
I L -1 -1 70 80 240 170
L D 0 6 80 140 170 90
D I 1 -5 140 60 130 -10
I N -2 2 60 80 200 140
N G 1 1 80 80 70 -10
G Space -2 1 80 90 90 10
Space F 2 0 90 120 270 180
F O 1 -5 120 100 130 10
O U 0 2 100 70 450 350
U N -2 1 70 90 320 250
N C 0 3 90 90 190 100
C Back 3 -10 90 110 350 260
Back D -2 10 110 70 180 70
D A 0 2 70 130 220 150
A T 1 -4 130 90 100 -30
T I 0 -3 90 70 240 150
I O 0 -1 70 90 160 90
O N -2 3 90 90 210 120
N Space -1 2 90 100 70 -20
Space R 3 0 100 90 430 330
R E 0 1 90 50 220 130
E Q 0 2 50 90 260 210
Q U 0 -6 90 90 100 10
U I 0 -1 90 90 820 730
I R 0 4 90 90 190 100
R E 0 1 90 80 200 110
E D -1 0 80 100 150 70
D Space -2 -1 100 120 80 -20
Space F 2 0 120 80 570 450
F O 1 -5 80 60 100 20
O R 0 5 60 90 90 30
R Space -3 0 90 110 60 -30
Space H 2 -2 110 120 360 250
H A 0 5 120 100 130 10
A V -1 -3 100 120 170 70
V I 2 -4 120 110 270 150
I G -1 3 110 110 370 260
G Back 2 -8 110 80 360 250
Back N -3 7 80 50 840 760
N G 1 1 50 90 90 40
G Space -2 1 90 80 110 20
Space A 2 3 80 110 280 200
A Space -2 -3 110 63 150 40
Space G 2 -1 63 60 5812 5749
G O 1 -4 60 60 220 160
O O 0 0 60 70 160 100
O D -1 6 70 90 80 10
D Space -2 -1 90 110 50 -40
Space C 1 1 110 80 510 400
C A 1 2 80 120 110 30
A R 1 -3 120 130 300 180
R E 0 1 130 80 240 110
E E 0 0 80 90 140 60
E R 0 -1 90 90 190 100
R OemPeriod -2 -5 90 110 120 30
OemPeriod Space -1 5 110 110 280 170
Space A 2 3 110 150 3980 3870
A C -1 -2 150 110 1170 1020
C H 1 -3 110 70 410 300
H I 1 -2 70 100 190 120
I E 0 5 100 100 200 100
E N -2 -3 100 60 260 160
N I 2 -2 60 90 170 110
I N -2 2 90 100 220 130
N G 1 1 100 80 130 30
G Space -2 1 80 80 290 210
Space Back 4 -9 80 60 1530 1450
Back Back 0 0 60 80 160 100
Back Back 0 0 80 90 160 80
Back Back 0 0 90 70 190 100
Back Back 0 0 70 100 170 100
Back V -3 9 100 130 780 680
V I 2 -4 130 110 100 -30
I N -2 2 110 80 240 130
N G 1 1 80 90 70 -10
G Space -2 1 90 130 60 -30
Space Y 3 -2 130 100 880 750
Y O 0 -3 100 90 610 510
O U 0 2 90 70 330 240
U R 0 3 70 90 130 60
R Space -3 0 90 80 300 210
Space D 2 1 80 110 170 90
D R 1 -1 110 140 210 100
R E 0 1 140 90 470 330
E A -1 2 90 100 250 160
A M -1 -6 100 80 120 20
M S 1 5 80 100 100 20
S Space -2 -2 100 80 80 -20
Space I 3 -4 80 90 490 410
I S -1 6 90 80 230 140
S Space -2 -2 80 140 60 -20
Space M 1 -3 140 60 300 160
M I 2 -1 60 90 170 110
I X -2 6 90 110 280 190
X Space -1 -2 110 60 110 0
Space O 3 -5 60 110 190 130
O F -1 5 110 120 150 40
F Space -2 0 120 100 90 -30
Space H 2 -2 100 120 910 810
H A 0 5 120 100 110 -10
A R 1 -3 100 110 280 180
R D -1 1 110 80 280 170
D Space -2 -1 80 90 440 360
Space W 3 2 90 120 530 440
W O 0 -7 120 110 160 40
O R 0 5 110 100 220 110
R K -1 -4 100 80 120 20
K Space -2 4 80 100 60 -20
Space A 2 3 100 110 160 60
A N -1 -5 110 90 140 30
N D 1 3 90 70 140 50
D Space -2 -1 70 70 50 -20
Space L 2 -5 70 90 580 510
L U 1 2 90 70 230 140
U C -2 4 70 120 200 130
C K 1 -5 120 60 150 30
K OemPeriod -1 -1 60 60 310 250
OemPeriod S 1 7 60 120 1860 1800
S S 0 0 120 142 1900 1780
S S 0 0 142 110 404 262
S S 0 0 110 60 250 140
S S 0 0 60 62 180 120
S S 0 0 62 70 142 80
S P 1 -8 70 10 23762 23692
P I 0 2 10 90 132 122
I C -2 5 90 110 160 70
C T 2 -2 110 120 320 210
T U 0 -2 120 70 160 40
U R 0 3 70 100 180 110
R E 0 1 100 100 240 140
E Space -3 -1 100 90 190 90
Space L 2 -5 90 100 1210 1120
L O 1 0 100 80 210 110
O O 0 0 80 70 150 70
O K -1 1 70 100 190 120
K S 0 6 100 130 140 40
S Space -2 -2 130 60 140 10
Space L 2 -5 60 60 460 400
L I 1 1 60 80 170 110
I K -1 0 80 60 200 120
K E 1 5 60 100 80 20
E Space -3 -1 100 70 110 10
Space A 2 3 70 140 700 630
A Space -2 -3 140 90 120 -20
Space W 3 2 90 80 220 130
W I 0 -6 80 90 70 -10
I N -2 2 90 50 250 160
N T 2 1 50 80 1360 1310
T E 0 2 80 70 100 20
E R 0 -1 70 112 150 80
R Space -3 0 112 110 252 140
Space F 2 0 110 50 190 80
F E 1 1 50 120 220 170
E S -1 1 120 100 220 100
S T 1 -3 100 60 310 210
T I 0 -3 60 120 110 50
I V -2 4 120 80 260 140
V A 1 3 80 170 240 160
A L 0 -8 170 60 130 -40
L OemPeriod -1 0 60 80 180 120
OemPeriod Space -1 5 80 70 250 170
Space P 3 -6 70 110 2670 2600
P E 0 7 110 112 660 550
E O 0 -6 112 90 202 90
O P 0 -1 90 70 240 150
P L -1 1 70 80 180 110
L E 1 6 80 70 100 20
E Space -3 -1 70 100 300 230
Space A 2 3 100 112 120 20
A R 1 -3 112 80 292 180
R E 0 1 80 90 180 100
E Space -3 -1 90 70 190 100
Space S 2 2 70 140 170 100
S K 0 -6 140 80 130 -10
K I 1 0 80 60 220 140
I I 0 0 60 110 140 80
I N -2 2 110 100 640 530
N G 1 1 100 90 220 120
G Space -2 1 90 120 60 -30
Space M 1 -3 120 110 7030 6910
M A 1 6 110 80 140 30
A K 0 -7 80 50 130 50
K I 1 0 50 60 180 130
I N -2 2 60 72 190 130
N G 1 1 72 80 112 40
G Space -2 1 80 60 100 20
Space S 2 2 60 150 270 210
S N -1 -4 150 80 350 200
N O 2 -3 80 80 210 130
O W 0 7 80 100 140 60
W Space -3 -2 100 70 90 -10
Space A 2 3 70 110 500 430
A N -1 -5 110 80 270 160
N G 1 1 80 50 200 120
G L 0 -4 50 120 230 180
L E 1 6 120 70 140 20
E S -1 1 70 130 180 110
S Space -2 -2 130 50 320 190
Space Back 4 -9 50 80 920 870
Back Oemcomma -3 5 80 100 380 300
Oemcomma Space -1 4 100 100 260 160
Space H 2 -2 100 90 960 860
H A 0 5 90 80 100 10
A V -1 -3 80 70 130 50
V I 2 -4 70 110 220 150
I N -2 2 110 80 210 100
N G 1 1 80 70 1470 1390
G Space -2 1 70 110 100 30
Space F 2 0 110 120 180 70
F U 1 -3 120 90 80 -40
U N -2 1 90 70 200 110
N Left -1 -5 70 1520 640 570
Left Right 0 -2 1520 170 1930 410
Right Oemcomma 1 5 170 60 890 720
Oemcomma Left -1 -3 60 2320 210 150
Left Right 0 -2 2320 100 2720 400
Right Right 0 0 100 90 360 260
Right Left 0 2 90 90 610 520
Left Back 4 -2 90 110 830 740
Back RShiftKey -3 2 110 130 851 741
RShiftKey RShiftKey 0 0 130 100 1050 920
RShiftKey Right -1 -2 100 170 1490 1390
Right Back 4 0 170 90 780 610
Back LShiftKey -3 13 90 230 150 60
LShiftKey P 2 -10 230 100 100 -130
P Right -3 -3 100 1710 692 592
Right Back 4 0 1710 70 2480 770
Back LShiftKey -3 13 70 230 170 100
LShiftKey P 2 -10 230 70 100 -130
P Right -3 -3 70 2080 750 680
Right Left 0 2 2080 130 2610 530
Left OemPeriod 1 2 130 80 780 650
OemPeriod Space -1 5 80 90 230 150
Space LShiftKey 1 4 90 300 150 60
LShiftKey E 2 -3 300 150 210 -90
E V -2 -1 150 112 430 280
V E 2 1 112 80 122 10
E R 0 -1 80 130 200 120
R Y 0 -2 130 110 180 50
Y O 0 -3 110 120 280 170
O N -2 3 120 100 240 120
N E 2 3 100 110 90 -10
E Space -3 -1 110 130 60 -50
Space S 2 2 130 70 580 450
S E 1 -1 70 50 190 120
E E 0 0 50 80 180 130
E M -2 -4 80 90 100 20
M Space -1 3 90 100 60 -30
Space H 2 -2 100 90 270 170
H A 0 5 90 72 150 60
A P 1 -9 72 90 162 90
P P 0 0 90 90 160 70
P Y 0 4 90 60 240 150
Y OemPeriod -2 -3 60 60 410 350
OemPeriod S 1 7 60 142 1370 1310
S S 0 0 142 80 4328 4186
S S 0 0 80 70 170 90
S S 0 0 70 60 170 100
S S 0 0 60 60 150 90
S S 0 0 60 80 160 100
S Y 1 -4 80 10 19558 19478
Y A -1 5 10 110 50 40
A H 0 -5 110 90 60 -50
H P 1 -4 90 60 310 220
P P 0 0 60 110 240 180
P Back 1 -3 110 70 600 490
Back Back 0 0 70 102 150 80
Back O -1 4 102 80 222 120
O O 0 0 80 90 150 70
O Right -3 -4 90 110 1380 1290
Right Return 2 1 110 80 230 120
Return U 1 5 80 90 7463 7383
U B -2 2 90 70 320 230
B D 1 2 70 100 370 300
D A 0 2 100 90 140 40
A T 1 -4 90 120 120 30
T A -1 4 120 90 130 10
A C -1 -2 90 100 450 360
C O 2 -6 100 70 300 200
O L -1 0 70 60 210 140
L L 0 0 60 100 150 90
L E 1 6 100 70 90 -10
E C -2 0 70 90 200 130
C T 2 -2 90 90 270 180
T I 0 -3 90 50 170 80
I O 0 -1 50 70 150 100
O N -2 3 70 60 250 180
N D3 3 3 60 60 1070 1010
D3 D -2 0 60 120 2505 2445
D A 0 2 120 90 180 60
A T 1 -4 90 80 170 80
T A -1 4 80 90 70 -10
A C -1 -2 90 30 310 220
C O 2 -6 30 60 270 240
O L -1 0 60 70 200 140
L L 0 0 70 100 160 90
L E 1 6 100 90 50 -50
E C -2 0 90 90 200 110
C T 2 -2 90 90 260 170
T I 0 -3 90 70 140 50
I O 0 -1 70 90 150 80
O N -2 3 90 70 220 130
N Return 1 -6 70 110 270 200
Return U 1 5 110 60 4084 3974
U B -2 2 60 110 240 180
B D 1 2 110 80 400 290
D A 0 2 80 120 230 150
A T 1 -4 120 90 580 460
T A -1 4 90 80 140 50
A C -1 -2 80 120 280 200
C O 2 -6 120 80 400 280
O L -1 0 80 60 230 150
L L 0 0 60 100 150 90
L E 1 6 100 90 120 20
E C -2 0 90 100 220 130
C T 2 -2 100 120 300 200
T I 0 -3 120 100 170 50
I O 0 -1 100 80 180 80
O N -2 3 80 100 230 150
N D3 3 3 100 60 1720 1620
D3 D -2 0 60 60 1648 1588
D A 0 2 60 100 200 140
A T 1 -4 100 100 150 50
T A -1 4 100 80 110 10
A C -1 -2 80 90 260 180
C O 2 -6 90 70 230 140
O L -1 0 70 60 210 140
L L 0 0 60 90 160 100
L E 1 6 90 100 80 -10
E C -2 0 100 90 250 150
C T 2 -2 90 90 270 180
T I 0 -3 90 80 150 60
I O 0 -1 80 70 170 90
O N -2 3 70 70 210 140
N Return 1 -6 70 110 360 290
Return U 1 5 110 80 7260 7150
U B -2 2 80 90 340 260
B C 0 2 90 90 700 610
C O 2 -6 90 80 180 90
O L -1 0 80 60 220 140
L L 0 0 60 100 150 90
L E 1 6 100 70 110 10
E C -2 0 70 110 220 150
C T 2 -2 110 120 300 190
T I 0 -3 120 80 180 60
I O 0 -1 80 90 180 100
O N -2 3 90 100 210 120
N D3 3 3 100 60 2140 2040
D3 D -2 0 60 70 1520 1460
D A 0 2 70 120 300 230
A T 1 -4 120 110 370 250
T A -1 4 110 100 150 40
A C -1 -2 100 70 260 160
C O 2 -6 70 80 240 170
O L -1 0 80 70 200 120
L L 0 0 70 90 170 100
L E 1 6 90 90 100 10
E C -2 0 90 70 260 170
C T 2 -2 70 100 320 250
T I 0 -3 100 90 180 80
I O 0 -1 90 90 180 90
O N -2 3 90 90 210 120
N Return 1 -6 90 100 300 210
Return S 0 10 100 70 8577 8477
S Capital 0 2 70 150 9277 9207
Capital LShiftKey -1 0 150 870 12 -138
LShiftKey C 0 -3 870 60 363 -507
C S 1 1 60 160 100 40
S Space -2 -2 160 60 637 477
Space Back 4 -9 60 60 1490 1430
Back Back 0 0 60 70 140 80
Back Back 0 0 70 80 150 80
Back Back 0 0 80 110 190 110
Back C -3 10 110 100 380 270
C S 1 1 100 130 280 180
S Space -2 -2 130 100 120 -10
Space Capital 2 4 100 100 750 650
Capital P 1 -10 100 90 330 230
P R 0 6 90 110 280 190
R O 0 -5 110 50 120 10
O J -1 2 50 50 400 350
J E 1 4 50 80 70 20
E C -2 0 80 100 220 140
C T 2 -2 100 100 290 190
T Space -3 1 100 90 270 170
Space D1 4 3 90 80 440 350
D1 Space -4 -3 80 70 130 50
Space P 3 -6 70 100 260 190
P A -1 9 100 130 220 120
A R 1 -3 130 100 450 320
R T 0 -1 100 90 200 100
T Space -3 1 90 100 140 50
Space D3 4 1 100 140 440 340
D3 P -1 -7 140 0 11030 10890
P A -1 9 0 99 10 10
A R 1 -3 99 100 299 200
R T 0 -1 100 72 563 463
T Space -3 1 72 93 152 80
Space D3 4 1 93 92 233 140
D3 A -2 2 92 2 28673 28581
A P 1 -9 2 58 87 85
P P 0 0 58 75 143 85
P L -1 1 75 75 175 100
L E 1 6 75 125 190 115
E Space -3 -1 125 75 110 -15
Space T 3 -1 75 100 365 290
T V -2 1 100 125 287 187
V Return 1 -8 125 112 113 -12
Return N -1 6 112 0 20089 19977
N E 2 3 0 60 272 272
E W 0 1 60 50 170 110
W S -1 0 50 60 180 130
S OemPeriod -1 -7 60 80 322 262
OemPeriod G 1 4 80 90 290 210
G O 1 -4 90 80 120 30
O O 0 0 80 70 170 90
O G -1 4 70 70 10 -60
G L 0 -4 70 92 170 100
L E 1 6 92 80 122 30
E OemPeriod -2 -6 80 50 220 140
OemPeriod C 0 6 50 110 510 460
C O 2 -6 110 60 90 -20
O M -2 2 60 80 190 130
M Return 1 -5 80 130 130 50
