LShiftKey M 0 -7 31 63 0 -31
M Y 2 1 63 62 297 234
Y Space -3 2 62 93 234 172
Space F 2 0 93 62 343 250
F A 0 3 62 94 171 109
A V -1 -3 94 47 484 390
V O 2 -5 47 63 265 218
O R 0 5 63 93 406 343
R I 0 -4 93 78 156 63
I T 0 3 78 63 171 93
T E 0 2 63 63 359 296
E Space -3 -1 63 78 125 62
Space C 1 1 78 47 3479 3401
C L 1 -6 47 78 327 280
L A 0 8 78 62 188 110
A S 0 -1 62 47 499 437
S S 0 0 47 32 171 124
S Space -2 -2 32 78 172 140
Space I 3 -4 78 63 655 577
I N -2 2 63 63 187 124
N Space -1 2 63 78 172 109
Space C 1 1 78 110 218 140
C O 2 -6 110 62 188 78
O L -1 0 62 62 234 172
L L 0 0 62 62 374 312
L E 1 6 62 46 250 188
E G -1 -2 46 78 249 203
G E 1 2 78 62 281 203
E Space -3 -1 62 78 140 78
Space I 3 -4 78 63 780 702
I S -1 6 63 63 203 140
S Space -2 -2 63 62 125 62
Space Back 4 -9 62 31 3089 3027
Back Back 0 0 31 62 156 125
Back Back 0 0 62 62 156 94
Back W -1 11 62 46 905 843
W A -1 1 46 62 234 188
A S 0 -1 62 62 452 390
S Space -2 -2 62 78 452 390
Space LShiftKey 1 4 78 125 1406 1328
LShiftKey D 1 -3 125 62 110 -15
D A 0 2 62 109 156 94
A T 1 -4 109 62 156 47
T A -1 4 62 63 124 62
A Space -2 -3 63 62 219 156
Space LShiftKey 1 4 62 202 593 531
LShiftKey S 1 -2 202 62 156 -46
S T 1 -3 62 78 280 218
T R 0 1 78 94 702 624
R U 0 -3 94 78 234 140
U C -2 4 78 78 281 203
C T 2 -2 78 78 156 78
T U 0 -2 78 62 328 250
U R 0 3 62 63 218 156
R E 0 1 63 47 187 124
E S -1 1 47 93 188 141
S Space -2 -2 93 63 171 78
Space Back 4 -9 63 64 3171 3108
Back OemPeriod -3 4 64 62 470 406
OemPeriod Space -1 5 62 63 265 203
Space LShiftKey 1 4 63 125 234 171
LShiftKey M 0 -7 125 62 94 -31
M Y 2 1 62 47 327 265
Y Space -3 2 47 78 203 156
Space L 2 -5 78 62 2153 2075
L E 1 6 62 93 125 63
E A -1 2 93 63 249 156
A T 1 -4 63 62 172 109
T S -1 3 62 65 218 156
S Oemplus 2 -10 65 63 361 296
Oemplus Back 0 -1 63 46 843 780
Back Back 0 0 46 47 140 94
Back Back 0 0 47 62 156 109
Back S -2 11 62 78 686 624
S T 1 -3 78 46 266 188
T F -1 1 46 46 1404 1358
F A 0 3 46 62 140 94
A V -1 -3 62 62 250 188
V O 2 -5 62 63 280 218
O R 0 5 63 62 297 234
R I 0 -4 62 63 140 78
I T 0 3 63 62 281 218
T E 0 2 62 47 125 63
E Space -3 -1 47 78 140 93
Space Space 0 0 78 94 4321 4243
Space Back 4 -9 94 78 1092 998
Back Right -4 0 78 63 515 437
Right Space 0 9 63 109 281 218
Space Right 0 -9 109 78 281 172
Right Right 0 0 78 47 156 78
Right Right 0 0 47 47 140 93
Right Right 0 0 47 62 141 94
Right Right 0 0 62 63 124 62
Right Right 0 0 63 63 125 62
Right Right 0 0 63 16 156 93
Right Right 0 0 16 15 141 125
Right Right 0 0 15 47 109 94
Right C 1 10 47 47 2433 2386
C L 1 -6 47 63 624 577
L A 0 8 63 62 188 125
A S 0 -1 62 62 265 203
S S 0 0 62 47 187 125
S Space -2 -2 47 62 172 125
Space I 3 -4 62 47 1341 1279
I N -2 2 47 62 203 156
N Space -1 2 62 62 203 141
Space C 1 1 62 62 281 219
C O 2 -6 62 47 171 109
O L -1 0 47 47 203 156
L L 0 0 47 62 125 78
L E 1 6 62 78 235 173
E G -1 -2 78 47 171 93
G E 1 2 47 78 125 78
E Space -3 -1 78 78 156 78
Space W 3 2 78 47 265 187
W A -1 1 47 31 203 156
A S 0 -1 31 78 156 125
S Space -2 -2 78 47 187 109
Space LShiftKey 1 4 47 219 3715 3668
LShiftKey S 1 -2 219 125 156 -63
S O 1 -7 125 62 219 94
O F -1 5 62 63 360 298
F T 1 -1 63 63 203 140
T W 0 3 63 63 265 202
W A -1 1 63 94 234 171
A R 1 -3 94 78 188 94
R E 0 1 78 78 171 93
E Space -3 -1 78 78 187 109
Space LShiftKey 1 4 78 312 517 439
LShiftKey E 2 -3 312 47 250 -62
E N -2 -3 47 78 546 499
N G 1 1 78 63 296 218
G I 1 -3 63 62 281 218
I N -2 2 62 63 218 156
N E 2 3 63 62 297 234
E E 0 0 62 93 156 94
E R 0 -1 93 78 218 125
R I 0 -4 78 63 187 109
I N -2 2 63 78 188 125
N G 1 1 78 94 171 93
G Space -2 1 94 63 187 93
Space Back 4 -9 63 93 3934 3871
Back OemPeriod -3 4 93 46 858 765
OemPeriod Space -1 5 46 62 187 141
Space LShiftKey 1 4 62 187 811 749
LShiftKey T 2 -5 187 63 140 -47
T H -1 -1 63 78 188 125
H E 1 3 78 78 171 93
E Space -3 -1 78 78 141 63
Space I 3 -4 78 47 280 202
I N -2 2 47 62 188 141
N S 1 4 62 78 234 172
S T 1 -3 78 63 171 93
T R 0 1 63 62 328 265
R U 0 -3 62 78 281 219
U C -2 4 78 94 218 140
C T 2 -2 94 47 156 62
T I 0 -3 47 63 343 296
I Back 1 -5 63 62 796 733
Back O -1 4 62 62 889 827
O R 0 5 62 78 187 125
R Space -3 0 78 78 141 63
Space O 3 -5 78 47 280 202
O B -2 4 47 47 297 250
B Back 3 -8 47 62 499 452
Back N -3 7 62 63 421 359
N L 1 -3 63 47 265 202
L Y 1 3 47 47 359 312
Y Space -3 2 47 78 203 156
Space P 3 -6 78 62 328 250
P R 0 6 62 47 218 156
R O 0 -5 47 63 187 140
O V -2 5 63 31 390 327
V I 2 -4 31 62 203 172
I D -1 5 62 78 187 125
D E 1 0 78 62 219 141
E D -1 0 62 47 202 140
D Space -2 -1 47 78 125 78
Space U 3 -3 78 47 406 328
U S -1 5 47 78 546 499
S Space -2 -2 78 31 203 125
Space T 3 -1 31 47 1154 1123
T H -1 -1 47 78 187 140
H E 1 3 78 47 172 94
E O 0 -6 47 63 374 327
O R 0 5 63 78 421 358
R I 0 -4 78 47 250 172
I T 0 3 47 78 187 140
T I 0 -3 78 47 172 94
I C -2 5 47 62 343 296
C A 1 2 62 94 140 78
A L 0 -8 94 78 188 94
L C -1 6 78 78 358 280
C Back 3 -10 78 49 1404 1326
Back Space -4 9 49 94 954 905
Space C 1 1 94 78 218 124
C O 2 -6 78 62 172 94
O N -2 3 62 78 234 172
N C 0 3 78 63 452 374
C E 2 0 63 63 156 93
E P 0 -7 63 62 687 624
P T 0 5 62 63 374 312
T S -1 3 63 62 141 78
S Space -2 -2 62 78 156 94
Space N 1 -2 78 62 1406 1328
N O 2 -3 62 78 187 125
O Space -3 5 78 78 234 156
Space P 3 -6 78 63 218 140
P R 0 6 63 93 377 314
R A -1 3 93 94 296 203
A C -1 -2 94 93 250 156
C T 2 -2 93 47 204 111
T I 0 -3 47 63 281 234
I C -2 5 63 93 297 234
C A 1 2 93 62 156 63
A L 0 -8 62 62 530 468
L Space -2 5 62 78 218 156
Space K 2 -4 78 63 203 125
K N -1 2 63 63 187 124
N O 2 -3 63 46 266 203
O W 0 7 46 78 234 188
W L -1 -7 78 62 499 421
L E 1 6 62 62 312 250
E D -1 0 62 78 343 281
D G 0 -2 78 63 343 265
G E 1 2 63 62 141 78
E Space -3 -1 62 62 140 78
Space W 3 2 62 63 267 205
W A -1 1 63 62 219 156
A S 0 -1 62 31 187 125
S Space -2 -2 31 78 109 78
Space I 3 -4 78 47 1170 1092
I N -2 2 47 78 172 125
N C 0 3 78 94 561 483
C L 1 -6 94 78 187 93
L U 1 2 78 62 328 250
U D -1 4 62 93 203 141
D E 1 0 93 78 203 110
E D -1 0 78 78 202 124
D OemPeriod -1 -6 78 32 6396 6318
OemPeriod Space -1 5 32 62 3542 3510
Space LShiftKey 1 4 62 172 1232 1170
LShiftKey I 2 -8 172 31 125 -47
I N -2 2 31 47 327 296
N Space -1 2 47 47 156 109
Space M 1 -3 47 78 484 437
M Y 2 1 78 47 343 265
Y Space -3 2 47 62 219 172
Space P 3 -6 62 78 265 203
P E 0 7 78 94 265 187
E R 0 -1 94 78 343 249
R S -1 2 78 78 312 234
S O 1 -7 78 46 188 110
O N -2 3 46 62 218 172
N A 1 5 62 94 187 125
A L 0 -8 94 62 125 31
L Space -2 5 62 78 234 172
Space O 3 -5 78 31 250 172
O P 0 -1 31 47 187 156
P I 0 2 47 47 374 327
I N -2 2 47 62 203 156
N I 2 -2 62 47 218 156
I O 0 -1 47 31 578 531
O N -2 3 31 78 187 156
N Space -1 2 78 63 171 93
Space I 3 -4 63 31 297 234
I Space -3 4 31 94 189 158
Space D 2 1 94 62 250 156
D O 1 -6 62 63 124 62
O N -2 3 63 62 188 125
N T 2 1 62 62 218 156
T Space -3 1 62 62 94 32
Space L 2 -5 62 63 280 218
L I 1 1 63 47 312 249
I K -1 0 47 47 172 125
K E 1 5 47 62 125 78
E Space -3 -1 62 63 140 78
Space I 3 -4 63 47 265 202
I N -2 2 47 94 156 109
N T 2 1 94 62 297 203
T E 0 2 62 62 203 141
E R 0 -1 62 78 187 125
R A -1 3 78 111 296 218
A C -1 -2 111 47 205 94
C T 2 -2 47 47 187 140
T I 0 -3 47 46 297 250
I O 0 -1 46 63 171 125
O N -2 3 63 62 219 156
N Space -1 2 62 62 187 125
Space I 3 -4 62 78 249 187
I N -2 2 78 63 203 125
N Space -1 2 63 63 187 124
Space C 1 1 63 96 203 140
C L 1 -6 96 62 205 109
L A 0 8 62 80 187 125
A S 0 -1 80 62 221 141
S S 0 0 62 47 187 125
S Space -2 -2 47 78 140 93
Space Back 4 -9 78 46 3651 3573
Back LShiftKey -3 13 46 267 249 203
LShiftKey I 2 -8 267 63 189 -78
I Right -3 -5 63 15 5601 5538
Right S 2 11 15 94 218 203
S Right -2 -11 94 16 1560 1466
Right Right 0 0 16 31 125 109
Right Right 0 0 31 32 140 109
Right Right 0 0 32 62 250 218
Right Right 0 0 62 47 140 78
Right Right 0 0 47 78 125 78
Right Right 0 0 78 31 156 78
Right Right 0 0 31 15 141 110
Right Right 0 0 15 94 405 390
Right Space 0 9 94 62 593 499
Space I 3 -4 62 47 312 250
I Space -3 4 47 62 203 156
Space T 3 -1 62 78 203 141
T H -1 -1 78 62 140 62
H I 1 -2 62 62 156 94
I N -2 2 62 63 187 125
N K 1 -2 63 46 219 156
K Space -2 4 46 78 202 156
Space T 3 -1 78 62 531 453
T H -1 -1 62 46 203 141
H E 1 3 46 63 171 125
E Y 0 -3 63 63 156 93
Y Space -3 2 63 78 203 140
Space S 2 2 78 62 172 94
S H 0 -4 62 47 171 109
H O 1 -3 47 63 234 187
O U 0 2 63 78 203 140
U L -1 -2 78 78 250 172
L D 0 6 78 62 234 156
D Space -2 -1 62 78 109 47
Space B 1 -1 78 63 296 218
B E 2 2 63 63 187 124
E Space -3 -1 63 62 141 78
Space L 2 -5 62 78 281 219
L I 1 1 78 78 234 156
I M -2 1 78 78 218 140
M I 2 -1 78 47 203 125
I T 0 3 47 62 234 187
T E 0 2 62 62 187 125
E D -1 0 62 63 187 125
D Space -2 -1 63 78 125 62
Space T 3 -1 78 62 312 234
T O 0 -4 62 62 281 219
O Space -3 5 62 78 218 156
Space O 3 -5 78 46 2013 1935
O N -2 3 46 63 249 203
N L 1 -3 63 78 453 390
L Y 1 3 78 63 327 249
Y Space -3 2 63 78 219 156
Space Q 3 3 78 62 530 452
Q U 0 -6 62 62 172 110
U E 0 4 62 62 343 281
E S -1 1 62 93 203 141
S T 1 -3 93 62 156 63
T I 0 -3 62 62 345 283
I O 0 -1 62 63 171 109
O N -2 3 63 78 219 156
N S 1 4 78 78 171 93
S Space -2 -2 78 78 141 63
Space A 2 3 78 93 203 125
A N -1 -5 93 63 171 78
N D 1 3 63 62 203 140
D Space -2 -1 62 78 125 63
Space A 2 3 78 78 717 639
A N -1 -5 78 63 281 203
N S 1 4 63 78 408 345
S W 1 0 78 32 249 171
W R 0 -2 32 78 531 499
R S -1 2 78 62 265 187
S OemPeriod -1 -7 62 49 1154 1092
OemPeriod Space -1 5 49 47 440 391
Space S 2 2 47 141 6897 6850
S LShiftKey -1 2 141 140 5757 5616
LShiftKey L 1 -9 140 78 125 -15
L A 0 8 78 78 202 124
A B -1 -4 78 47 297 219
B S 1 3 47 78 343 296
S Space -2 -2 78 62 203 125
Space A 2 3 62 47 655 593
A R 1 -3 47 93 281 234
R E 0 1 93 62 234 141
E Space -3 -1 62 109 125 63
Space D 2 1 109 78 187 78
D E 1 0 78 62 203 125
E F -1 -1 62 78 343 281
F I 1 -4 78 78 171 93
I V -2 4 78 78 390 312
V Back 3 -9 78 63 1404 1326
Back N -3 7 63 62 796 733
N A 1 5 62 78 172 110
A T 1 -4 78 62 156 78
T E 0 2 62 63 202 140
E L -1 -6 63 47 250 187
L Y 1 3 47 62 328 281
Y Space -3 2 62 93 234 172
Space U 3 -3 93 63 249 156
U S -1 5 63 78 187 124
S E 1 -1 78 78 203 125
E F -1 -1 78 47 468 390
F U 1 -3 47 62 219 172
U L -1 -2 62 78 265 203
L L 0 0 78 47 171 93
L Space -2 5 47 62 266 219
Space OemPeriod 1 -5 62 32 5898 5836
OemPeriod Space -1 5 32 78 234 202
Space LShiftKey 1 4 78 172 5386 5308
LShiftKey I 2 -8 172 47 141 -31
I Space -3 4 47 78 218 171
Space A 2 3 78 78 203 125
A M -1 -6 78 62 94 16
M Space -1 3 62 47 171 109
Space V 1 0 47 31 234 187
V E 2 1 31 78 156 125
E R 0 -1 78 62 250 172
R Y 0 -2 62 78 218 156
Y Space -3 2 78 94 234 156
Space S 2 2 94 94 205 111
S U 1 -5 94 31 156 62
U R 0 3 31 47 437 406
R E 0 1 47 109 218 171
E Space -3 -1 109 93 172 63
Space I 3 -4 93 63 842 749
I F -1 4 63 63 343 280
F Space -2 0 63 94 78 15
Space T 3 -1 94 62 297 203
T H -1 -1 62 62 203 141
H E 1 3 62 47 187 125
E R 0 -1 47 78 171 124
R E 0 1 78 62 219 141
E Space -3 -1 62 62 156 94
Space I 3 -4 62 47 249 187
I S -1 6 47 47 203 156
S Space -2 -2 47 109 78 31
Space N 1 -2 109 62 297 188
N O 2 -3 62 78 187 125
O Space -3 5 78 78 249 171
Space G 2 -1 78 62 250 172
G R 1 1 62 62 234 172
R A -1 3 62 94 140 78
A D 0 -2 94 62 266 172
D I 1 -5 62 62 187 125
I N -2 2 62 62 203 141
N G 1 1 62 78 202 140
G Space -2 1 78 78 219 141
Space I 3 -4 78 31 3120 3042
I N -2 2 31 47 717 686
N V 0 2 47 62 250 203
V O 2 -5 62 32 296 234
O L -1 0 32 78 156 124
L V -1 5 78 62 765 687
V E 2 1 62 78 171 109
E D -1 0 78 31 219 141
D Space -2 -1 31 78 140 109
Space L 2 -5 78 78 702 624
L E 1 6 78 78 187 109
E A -1 2 78 94 234 156
A R 1 -3 94 47 172 78
R N -2 -2 47 78 406 359
N I 2 -2 78 47 202 124
I N -2 2 47 78 172 125
N G 1 1 78 62 234 156
G Space -2 1 62 78 218 156
Space W 3 2 78 62 1654 1576
W O 0 -7 62 63 1045 983
O U 0 2 63 62 609 546
U L -1 -2 62 63 327 265
L D 0 6 63 78 187 124
D Space -2 -1 78 78 141 63
Space B 1 -1 78 78 218 140
B E 2 2 78 78 156 78
E Space -3 -1 78 78 172 94
Space F 2 0 78 31 624 546
F U 1 -3 31 78 281 250
U N -2 1 78 78 249 171
N Space -1 2 78 78 187 109
Space A 2 3 78 109 1826 1748
A N -1 -5 109 47 1671 1562
N D 1 3 47 62 829 782
D Space -2 -1 62 78 171 109
Space T 3 -1 78 63 343 265
T R 0 1 63 78 188 125
R U 0 -3 78 47 374 296
U E 0 4 47 78 172 125
E Space -3 -1 78 94 140 62
Space I 3 -4 94 62 250 156
I N -2 2 62 62 187 125
N Space -1 2 62 64 156 94
Space N 1 -2 64 78 173 109
N A 1 5 78 94 125 47
A T 1 -4 94 63 187 93
T U 0 -2 63 62 297 234
U R 0 3 62 78 156 94
R E 0 1 78 47 187 109
E OemPeriod -2 -6 47 47 312 265
OemPeriod S 1 7 47 187 751 704
S Back 2 -11 187 78 1544 1357
Back LShiftKey -3 13 78 78 14011 13933
LShiftKey I 2 -8 78 78 16 -62
I Space -3 4 78 78 234 156
Space P 3 -6 78 47 421 343
P L -1 1 47 78 156 109
L A 0 8 78 94 187 109
A N -1 -5 94 62 219 125
N Space -1 2 62 78 468 406
Space T 3 -1 78 62 374 296
T O 0 -4 62 63 265 203
O Space -3 5 63 94 203 140
Space B 1 -1 94 62 234 140
B E 2 2 62 63 187 125
E Space -3 -1 63 78 141 78
Space A 2 3 78 47 1528 1450
A Space -2 -3 47 47 203 156
Space S 2 2 47 63 889 842
S O 1 -7 63 62 141 78
O F -1 5 62 78 327 265
F T 1 -1 78 62 188 110
T W 0 3 62 78 218 156
W A -1 1 78 93 203 125
A R 1 -3 93 47 140 47
R E 0 1 47 78 172 125
E Space -3 -1 78 62 187 109
Space E 3 1 62 47 577 515
E N -2 -3 47 47 187 140
N G 1 1 47 78 531 484
G I 1 -3 78 93 234 156
I N -2 2 93 63 249 156
N E 2 3 63 63 359 296
E E 0 0 63 31 156 93
E R 0 -1 31 62 172 141
R Space -3 0 62 93 125 63
Space I 3 -4 93 62 296 203
I N -2 2 62 46 172 110
N Space -1 2 46 62 156 110
Space T 3 -1 62 47 407 345
T H -1 -1 47 63 187 140
H E 1 3 63 63 156 93
E Space -3 -1 63 96 125 62
Space N 1 -2 96 78 314 218
N E 2 3 78 78 172 94
E A -1 2 78 0 265 187
A R 1 -3 0 62 250 250
R Space -3 0 62 78 171 109
Space F 2 0 78 78 531 453
F U 1 -3 78 46 312 234
U T 0 2 46 62 234 188
T U 0 -2 62 47 251 189
U R 0 3 47 63 187 140
R E 0 1 63 62 188 125
E OemPeriod -2 -6 62 78 514 452
OemPeriod Space -1 5 78 46 266 188
Space LShiftKey 1 4 46 203 483 437
LShiftKey I 2 -8 203 62 172 -31
I Space -3 4 62 80 234 172
Space W 3 2 80 62 1281 1201
W O 0 -7 62 62 172 110
O U 0 2 62 62 265 203
U L -1 -2 62 62 265 203
L D 0 6 62 62 172 110
D Space -2 -1 62 78 124 62
Space L 2 -5 78 62 268 190
L I 1 1 62 62 218 156
I K -1 0 62 78 187 125
K E 1 5 78 62 141 63
E Space -3 -1 62 78 156 94
Space T 3 -1 78 78 436 358
T O 0 -4 78 78 125 47
O Space -3 5 78 78 281 203
Space S 2 2 78 94 156 78
S E 1 -1 94 62 234 140
E E 0 0 62 62 172 110
E Space -3 -1 62 63 171 109
Space M 1 -3 63 78 234 171
M Y 2 1 78 62 281 203
Y S -1 4 62 47 343 281
S E 1 -1 47 62 250 203
E L -1 -6 62 62 203 141
L F 0 5 62 63 327 265
F Space -2 0 63 78 141 78
Space A 2 3 78 78 171 93
A S 0 -1 78 62 203 125
S Space -2 -2 62 93 172 110
Space A 2 3 93 109 156 63
A Space -2 -3 109 78 234 125
Space S 2 2 78 78 171 93
S O 1 -7 78 47 250 172
O F -1 5 47 62 390 343
F T 1 -1 62 78 171 109
T W 0 3 78 63 234 156
W A -1 1 63 78 172 109
A R 1 -3 78 78 187 109
R E 0 1 78 78 141 63
E Space -3 -1 78 78 202 124
Space A 2 3 78 94 203 125
A R 1 -3 94 62 531 437
R C -2 1 62 47 280 218
C H 1 -3 47 62 172 125
H I 1 -2 62 63 343 281
I T 0 3 63 62 297 234
T E 0 2 62 78 202 140
E C -2 0 78 63 234 156
C T 2 -2 63 78 172 109
T Space -3 1 78 78 250 172
Space I 3 -4 78 31 795 717
I N -2 2 31 47 172 141
N Space -1 2 47 78 156 109
Space T 3 -1 78 63 249 171
T H -1 -1 63 110 546 483
H E 1 3 110 63 203 93
E Space -3 -1 63 78 156 93
Space N 1 -2 78 78 499 421
N E 2 3 78 78 203 125
E X -2 1 78 78 359 281
X T 2 -3 78 78 172 94
T Space -3 1 78 94 202 124
Space D5 4 -1 94 78 546 452
D5 Space -4 1 78 94 156 78
Space Y 3 -2 94 78 328 234
Y E 0 3 78 78 234 156
E A -1 2 78 124 250 172
A R 1 -3 124 62 187 63
R S -1 2 62 93 156 94
S OemPeriod -1 -7 93 31 1154 1061
OemPeriod Space -1 5 31 93 219 188
Space LShiftKey 1 4 93 141 3447 3354
LShiftKey I 2 -8 141 62 125 -16
I Space -3 4 62 78 218 156
Space A 2 3 78 78 219 141
A M -1 -6 78 63 140 62
M Space -1 3 63 63 187 124
Space O 3 -5 63 31 1514 1451
O N -2 3 31 62 187 156
N Space -1 2 62 78 156 94
Space T 3 -1 78 94 187 109
T H -1 -1 94 63 140 46
H E 1 3 63 62 172 109
E Space -3 -1 62 78 125 63
Space P 3 -6 78 78 452 374
P A -1 9 78 93 172 94
A T 1 -4 93 62 234 141
T H -1 -1 62 63 218 156
H Space -2 2 63 80 267 204
Space O 3 -5 80 78 455 375
O F -1 5 78 47 249 171
F Space -2 0 47 78 125 78
Space A 2 3 78 78 203 125
A C -1 -2 78 63 187 109
C H 1 -3 63 63 343 280
H I 1 -2 63 63 203 140
I E 0 5 63 109 250 187
E V -2 -1 109 62 361 252
V I 2 -4 62 94 202 140
I N -2 2 94 93 188 94
N G 1 1 93 62 265 172
G Space -2 1 62 78 140 78
Space M 1 -3 78 78 796 718
M Y 2 1 78 62 265 187
Y Space -3 2 62 78 218 156
Space G 2 -1 78 62 422 344
G O 1 -4 62 78 516 454
O A -1 8 78 93 188 110
A L 0 -8 93 78 234 141
L S 0 7 78 94 218 140
S Space -2 -2 94 78 172 78
Space A 2 3 78 93 187 109
A N -1 -5 93 78 156 63
N D 1 3 78 64 203 125
D Space -2 -1 64 62 142 78
Space A 2 3 62 93 125 63
A M -1 -6 93 47 249 156
M Space -1 3 47 78 188 141
Space S 2 2 78 78 187 109
S U 1 -5 78 62 265 187
U R 0 3 62 62 203 141
R E 0 1 62 46 203 141
E Space -3 -1 46 78 156 110
Space T 3 -1 78 62 312 234
T H -1 -1 62 109 218 156
H A 0 5 109 78 187 78
A T 1 -4 78 62 125 47
T Space -3 1 62 78 312 250
Space LShiftKey 1 4 78 359 1700 1622
LShiftKey U 2 -7 359 62 172 -187
U B -2 2 62 78 328 266
B Space -1 1 78 93 187 109
Space Back 4 -9 93 78 1029 936
Back Back 0 0 78 62 141 63
Back LShiftKey -3 13 62 500 483 421
LShiftKey B 0 -5 500 62 406 -94
B Space -1 1 62 63 187 125
Space W 3 2 63 31 359 296
W I 0 -6 31 47 187 156
I L -1 -1 47 62 203 156
L L 0 0 62 78 109 47
L L 0 0 78 32 187 109
L Back 2 -4 32 47 874 842
Back Space -4 9 47 78 156 109
Space P 3 -6 78 62 827 749
P L -1 1 62 62 187 125
L A 0 8 62 63 187 125
A Y 1 -5 63 62 453 390
Y Space -3 2 62 93 234 172
Space A 2 3 93 78 187 94
A Space -2 -3 78 78 171 93
Space V 1 0 78 78 578 500
V E 2 1 78 62 187 109
E R 0 -1 62 62 203 141
R Y 0 -2 62 62 296 234
Y Space -3 2 62 109 203 141
Space I 3 -4 109 62 265 156
I M -2 1 62 78 187 125
M P 2 -3 78 63 234 156
P O 0 1 63 78 172 109
O R 0 5 78 94 249 171
R T 0 -1 94 62 188 94
T A -1 4 62 78 156 94
A N -1 -5 78 78 249 171
N T 2 1 78 62 281 203
T Space -3 1 62 93 203 141
Space R 3 0 93 63 374 281
R O 0 -5 63 62 203 140
O L -1 0 62 63 187 125
L E 1 6 63 47 187 124
E Space -3 -1 47 94 156 109
Space I 3 -4 94 46 2762 2668
I N -2 2 46 63 171 125
N Space -1 2 63 94 156 93
Space A 2 3 94 62 219 125
A C -1 -2 62 63 249 187
C H 1 -3 63 47 265 202
H I 1 -2 47 78 188 141
I E 0 5 78 78 499 421
E V -2 -1 78 62 187 109
V I 2 -4 62 63 265 203
I N -2 2 63 94 187 124
N G 1 1 94 62 266 172
G Space -2 1 62 63 202 140
Space M 1 -3 63 62 297 234
M Y 2 1 62 62 281 219
Y Space -3 2 62 94 202 140
Space D 2 1 94 93 219 125
D R 1 -1 93 63 249 156
R E 0 1 63 62 219 156
E A -1 2 62 94 140 78
A M -1 -6 94 78 375 281
M S 1 5 78 62 218 140
S Space -2 -2 62 62 281 219
Space A 2 3 62 62 423 361
A N -1 -5 62 78 203 141
N D 1 3 78 62 234 156
D Space -2 -1 62 78 127 65
Space G 2 -1 78 62 296 218
G O 1 -4 62 78 250 188
O A -1 8 78 94 140 62
A L 0 -8 94 78 140 46
L S 0 7 78 78 188 110
S OemPeriod -1 -7 78 65 483 405
OemPeriod Space -1 5 65 78 314 249
Space LShiftKey 1 4 78 171 4778 4700
LShiftKey I 2 -8 171 62 125 -46
I Space -3 4 62 62 218 156
Space T 3 -1 62 78 281 219
T H -1 -1 78 78 140 62
H I 1 -2 78 63 187 109
I N -2 2 63 62 172 109
N K 1 -2 62 63 187 125
K Space -2 4 63 78 187 124
Space A 2 3 78 63 702 624
A C -1 -2 63 94 250 187
C H 1 -3 94 63 218 124
H I 1 -2 63 62 172 109
I E 0 5 62 93 359 297
E V -2 -1 93 62 187 94
V I 2 -4 62 94 187 125
I N -2 2 94 78 203 109
N G 1 1 78 78 250 172
G Space -2 1 78 94 202 124
Space I 3 -4 94 63 234 140
I S -1 6 63 78 172 109
S Space -2 -2 78 62 125 47
Space Y 3 -2 62 47 3104 3042
Y O 0 -3 47 78 234 187
O U 0 2 78 63 234 156
U R 0 3 63 78 187 124
R Space -3 0 78 78 156 78
Space D 2 1 78 62 250 172
D R 1 -1 62 47 218 156
R E 0 1 47 47 172 125
E A -1 2 47 94 218 171
A M -1 -6 94 63 203 109
M Space -1 3 63 94 156 93
Space I 3 -4 94 47 234 140
I S -1 6 47 63 156 109
S Space -2 -2 63 63 156 93
Space A 2 3 63 47 1342 1279
A Space -2 -3 47 62 234 187
Space M 1 -3 62 47 1388 1326
M O 2 -2 47 78 125 78
O R 0 5 78 94 156 78
R E 0 1 94 63 218 124
E Space -3 -1 63 62 188 125
Space H 2 -2 62 78 343 281
H A 0 5 78 94 171 93
A R 1 -3 94 78 172 78
R D -1 1 78 78 172 94
D Space -2 -1 78 78 249 171
Space W 3 2 78 62 219 141
W O 0 -7 62 47 187 125
O R 0 5 47 94 249 202
R K -1 -4 94 78 203 109
K Space -2 4 78 78 219 141
Space T 3 -1 78 62 577 499
T H -1 -1 62 78 187 125
H A 0 5 78 78 156 78
A N -1 -5 78 78 140 62
N Space -1 2 78 78 203 125
Space L 2 -5 78 47 655 577
L U 1 2 47 63 390 343
U C -2 4 63 78 281 218
C K 1 -5 78 78 250 172
K Space -2 4 78 62 343 265
Space Back 4 -9 62 62 671 609
Back Oemcomma -3 5 62 62 359 297
Oemcomma Space -1 4 62 62 187 125
Space B 1 -1 62 63 218 156
B U 2 -2 63 78 172 109
U T 0 2 78 78 125 47
T Space -3 1 78 63 171 93
Space N 1 -2 63 47 359 296
N O 2 -3 47 78 172 125
O Space -3 5 78 78 218 140
Space O 3 -5 78 47 281 203
O N -2 3 47 63 187 140
N E 2 3 63 47 203 140
E Space -3 -1 47 78 125 78
Space C 1 1 78 62 312 234
C A 1 2 62 62 156 94
A N -1 -5 62 62 156 94
N Space -1 2 62 78 140 78
Space D 2 1 78 62 281 203
D E 1 0 62 80 172 110
E N -2 -3 80 62 158 78
N Y 2 0 62 46 312 250
Y Space -3 2 46 78 218 172
Space T 3 -1 78 46 328 250
T H -1 -1 46 63 202 156
H E 1 3 63 80 344 281
E Space -3 -1 80 62 158 78
Space F 2 0 62 46 390 328
F A 0 3 46 78 140 94
A C -1 -2 78 63 156 78
C T 2 -2 63 78 174 111
T Space -3 1 78 78 249 171
Space T 3 -1 78 62 328 250
T H -1 -1 62 78 171 109
H A 0 5 78 93 141 63
A T 1 -4 93 32 171 78
T Space -3 1 32 78 219 187
Space B 1 -1 78 63 1856 1778
B E 2 2 63 63 156 93
E I 0 -5 63 78 187 124
I N -2 2 78 49 281 203
N G 1 1 49 62 252 203
G Space -2 1 62 62 234 172
Space L 2 -5 62 78 251 189
L U 1 2 78 46 266 188
U C -2 4 46 94 218 172
C K 1 -5 94 62 234 140
K Y 1 2 62 62 312 250
Y Space -3 2 62 78 234 172
Space A 2 3 78 93 203 125
A L 0 -8 93 62 187 94
L W 1 7 62 63 218 156
W A -1 1 63 78 219 156
A Y 1 -5 78 78 218 140
Y S -1 4 78 78 156 78
S Space -2 -2 78 63 234 156
Space H 2 -2 63 47 437 374
H E 1 3 47 62 156 109
E L -1 -6 62 62 250 188
L P 1 -1 62 78 202 140
P S -1 8 78 78 172 94
S OemPeriod -1 -7 78 62 406 328
OemPeriod Back 3 -4 62 63 3244 3182
Back S -2 11 63 187 2450 2387
S LShiftKey -1 2 187 78 52664 52477
LShiftKey T 2 -5 78 63 46 -32
T H -1 -1 63 78 203 140
H E 1 3 78 62 141 63
E Space -3 -1 62 63 124 62
Space Left 0 -7 63 47 2281 2218
Left Left 0 0 47 62 156 109
Left Left 0 0 62 47 140 78
Left Left 0 0 47 78 156 109
Left Back 4 -2 78 63 905 827
Back Back 0 0 63 62 281 218
Back Right -4 0 62 47 671 609
Right Right 0 0 47 47 156 109
Right Right 0 0 47 63 140 93
Right Space 0 9 63 78 499 436
Space P 3 -6 78 62 4353 4275
P I 0 2 62 78 218 156
I C -2 5 78 93 453 375
C T 2 -2 93 47 218 125
T U 0 -2 47 63 265 218
U R 0 3 63 94 187 124
R E 0 1 94 47 234 140
E Space -3 -1 47 62 188 141
Space L 2 -5 62 63 1138 1076
L O 1 0 63 78 203 140
O O 0 0 78 78 156 78
O K -1 1 78 78 749 671
K S 0 6 78 78 187 109
S Space -2 -2 78 78 141 63
Space L 2 -5 78 47 1138 1060
L I 1 1 47 63 203 156
I K -1 0 63 62 359 296
K E 1 5 62 78 172 110
E Space -3 -1 78 62 140 62
Space M 1 -3 62 62 1326 1264
M A 1 6 62 78 125 63
A N -1 -5 78 78 140 62
N Y 2 0 78 62 297 219
Y Space -3 2 62 78 187 125
Space P 3 -6 78 78 608 530
P E 0 7 78 62 219 141
E O 0 -6 62 46 390 328
O P 0 -1 46 62 187 141
P L -1 1 62 78 187 125
L E 1 6 78 63 187 109
E Space -3 -1 63 78 125 62
Space E 3 1 78 31 640 562
E N -2 -3 31 78 156 125
N J 1 -1 78 47 811 733
J O 1 -2 47 47 218 171
O Y 0 3 47 47 359 312
Y I 0 -2 47 62 234 187
I N -2 2 62 31 203 141
N G 1 1 31 63 249 218
G Space -2 1 63 78 203 140
Space S 2 2 78 94 187 109
S N -1 -4 94 62 250 156
N O 2 -3 62 46 250 188
O W 0 7 46 62 312 266
W Space -3 -2 62 63 171 109
Space Back 4 -9 63 47 2202 2139
Back OemPeriod -3 4 47 47 390 343
OemPeriod Space -1 5 47 93 203 156
Space LShiftKey 1 4 93 162 187 94
LShiftKey I 2 -8 162 63 99 -63
I Space -3 4 63 78 188 125
Space S 2 2 78 78 124 46
S E 1 -1 78 62 250 172
E E 0 0 62 31 172 110
E Space -3 -1 31 62 140 109
Space A 2 3 62 62 359 297
A Space -2 -3 62 78 172 110
Space L 2 -5 78 31 562 484
L O 1 0 31 63 187 156
O T 0 4 63 93 172 109
T Space -3 1 93 78 171 78
Space O 3 -5 78 47 453 375
O F -1 5 47 63 405 358
F Space -2 0 63 78 125 62
Space P 3 -6 78 78 531 453
P E 0 7 78 47 202 124
E O 0 -6 47 46 346 299
O P 0 -1 46 78 140 94
P L -1 1 78 78 203 125
L E 1 6 78 78 203 125
E Space -3 -1 78 78 140 62
Space T 3 -1 78 47 390 312
T R 0 1 47 78 174 127
R Y 0 -2 78 47 343 265
Y I 0 -2 47 78 281 234
I N -2 2 78 78 202 124
N G 1 1 78 78 297 219
G Space -2 1 78 94 218 140
Space T 3 -1 94 94 203 109
T O 0 -4 94 47 203 109
O Space -3 5 47 78 203 156
Space S 2 2 78 93 156 78
S K 0 -6 93 47 1138 1045
K I 1 0 47 47 3651 3604
I Space -3 4 47 93 125 78
Space T 3 -1 93 32 2979 2886
T H -1 -1 32 62 188 156
H E 1 3 62 62 156 94
E R 0 -1 62 46 234 172
R E 0 1 46 78 156 110
E Space -3 -1 78 78 156 78
Space A 2 3 78 63 202 124
A R 1 -3 63 78 234 171
R E 0 1 78 78 188 110
E Space -3 -1 78 62 140 62
Space S 2 2 62 94 156 94
S O 1 -7 94 94 530 436
O M -2 2 94 94 203 109
M E 2 4 94 62 172 78
E Space -3 -1 62 78 93 31
Space W 3 2 78 78 312 234
W H -1 -4 78 47 125 47
H O 1 -3 47 62 219 172
O Space -3 5 62 78 218 156
Space A 2 3 78 94 234 156
A R 1 -3 94 78 250 156
R E 0 1 78 62 187 109
E Space -3 -1 62 94 140 78
Space E 3 1 94 62 281 187
E B -2 -2 62 62 203 141
B Back 3 -8 62 63 608 546
Back V -3 9 63 62 453 390
V E 2 1 62 63 171 109
E N -2 -3 63 47 172 109
N Space -1 2 47 78 171 124
Space G 2 -1 78 47 328 250
G E 1 2 47 63 187 140
E T 0 -2 63 63 156 93
T T 0 0 63 62 125 62
T I 0 -3 62 47 374 312
I N -2 2 47 62 219 172
N G 1 1 62 78 203 141
G Space -2 1 78 94 202 124
Space H 2 -2 94 62 250 156
H U 1 -1 62 62 172 110
U R 0 3 62 78 202 140
R T 0 -1 78 78 219 141
T Space -3 1 78 93 234 156
Space W 3 2 93 78 1092 999
W H -1 -4 78 63 140 62
H I 1 -2 63 63 187 124
I L -1 -1 63 93 188 125
L E 1 6 93 62 187 94
E Space -3 -1 62 62 187 125
Space D 2 1 62 93 203 141
D O 1 -6 93 47 249 156
O I 0 1 47 62 172 125
I N -2 2 62 78 203 141
N G 1 1 78 62 343 265
G Space -2 1 62 94 187 125
Space T 3 -1 94 78 156 62
T H -1 -1 78 63 156 78
H A 0 5 63 94 187 124
A T 1 -4 94 47 141 47
T OemPeriod -2 -4 47 47 2170 2123
OemPeriod Space -1 5 47 78 281 234
Space L 2 -5 78 47 782 704
L I 1 1 47 62 234 187
I K -1 0 62 47 187 125
K E 1 5 47 78 156 109
E Space -3 -1 78 78 172 94
Space S 2 2 78 47 530 452
S M -1 -5 47 78 127 80
M A 1 6 78 94 140 62
A S 0 -1 94 78 437 343
S H 0 -4 78 46 219 141
H I 1 -2 46 78 202 156
I N -2 2 78 78 188 110
N G 1 1 78 62 265 187
G Space -2 1 62 78 203 141
Space T 3 -1 78 78 171 93
T H -1 -1 78 63 156 78
H E 1 3 63 62 297 234
E M -2 -4 62 78 189 127
M S 1 5 78 78 234 156
S E 1 -1 78 63 249 171
E L -1 -6 63 62 250 187
L V -1 5 62 62 390 328
V E 2 1 62 78 140 78
E S -1 1 78 94 234 156
S Space -2 -2 94 65 203 109
Space I 3 -4 65 62 455 390
I N -2 2 62 78 171 109
N Space -1 2 78 78 172 94
Space T 3 -1 78 78 156 78
T R 0 1 78 78 327 249
R E 0 1 78 62 328 250
E E 0 0 62 62 172 110
E S -1 1 62 78 202 140
S Space -2 -2 78 78 234 156
Space I 3 -4 78 63 2340 2262
I Space -3 4 63 63 203 140
Space A 2 3 63 78 172 109
A S 0 -1 78 93 281 203
S L 0 -7 93 62 234 141
L O 1 0 62 63 826 764
O Space -3 5 63 78 234 171
Space S 2 2 78 78 546 468
S E 1 -1 78 78 266 188
E E 0 0 78 47 187 109
E Space -3 -1 47 78 125 78
Space Left 0 -7 78 93 8268 8190
Left OemPeriod 1 2 93 78 483 390
OemPeriod Right -1 -4 78 62 203 125
Right Right 0 0 62 62 156 94
Right Right 0 0 62 47 156 94
Right Right 0 0 47 47 140 93
Right Right 0 0 47 62 110 63
Right Right 0 0 62 62 156 94
Right Right 0 0 62 47 140 78
Right Right 0 0 47 63 140 93
Right Right 0 0 63 78 281 218
Right Right 0 0 78 62 172 94
Right Right 0 0 62 47 171 109
Right Space 0 9 47 125 2091 2044
Space S 2 2 125 47 1638 1513
S E 1 -1 47 62 187 140
E E 0 0 62 47 156 94
E Space -3 -1 47 94 140 93
Space P 3 -6 94 78 892 798
P E 0 7 78 78 218 140
E O 0 -6 78 47 203 125
O P 0 -1 47 47 187 140
P L -1 1 47 63 187 140
L E 1 6 63 78 203 140
E Space -3 -1 78 62 172 94
Space P 3 -6 62 63 405 343
P L -1 1 63 78 187 124
L A 0 8 78 78 203 125
A Y 1 -5 78 49 234 156
Y I 0 -2 49 63 236 187
I N -2 2 63 31 219 156
N G 1 1 31 62 234 203
G Space -2 1 62 78 202 140
Space I 3 -4 78 62 734 656
I C -2 5 62 63 249 187
C E 2 0 63 94 203 140
E Space -3 -1 94 78 187 93
Space H 2 -2 78 62 328 250
H O 1 -3 62 95 171 109
O C -2 6 95 78 267 172
C K 1 -5 78 62 218 140
K E 1 5 62 78 218 156
E Y 0 -3 78 63 359 281
Y OemPeriod -2 -3 63 64 609 546
OemPeriod Space -1 5 64 31 329 265
Space A 2 3 31 94 2028 1997
A N -1 -5 94 62 174 80
N D 1 3 62 78 125 63
D Space -2 -1 78 78 171 93
Space S 2 2 78 93 141 63
S O 1 -7 93 46 234 141
O M -2 2 46 78 171 125
M E 2 4 78 78 141 63
E Space -3 -1 78 62 156 78
Space T 3 -1 62 32 358 296
T R 0 1 32 93 141 109
R Y 0 -2 93 62 390 297
Y I 0 -2 62 47 265 203
I N -2 2 47 63 187 140
N G 1 1 63 93 609 546
G Space -2 1 93 78 171 78
Space T 3 -1 78 78 203 125
T O 0 -4 78 47 234 156
O Space -3 5 47 78 234 187
Space F 2 0 78 78 4134 4056
F I 1 -4 78 78 172 94
I S -1 6 78 63 249 171
S H 0 -4 63 78 203 140
H Space -2 2 78 125 234 156
Space Back 4 -9 125 47 3572 3447
Back OemPeriod -3 4 47 63 437 390
OemPeriod Space -1 5 63 110 187 124
Space K 2 -4 110 63 6630 6520
K I 1 0 63 62 188 125
I D -1 5 62 62 312 250
D S 0 1 62 94 218 156
S Space -2 -2 94 78 218 124
Space A 2 3 78 94 359 281
A R 1 -3 94 78 593 499
R E 0 1 78 94 187 109
E Space -3 -1 94 94 187 93
Space T 3 -1 94 62 611 517
T R 0 1 62 63 218 156
R Y 0 -2 63 78 499 436
Y I 0 -2 78 63 234 156
I N -2 2 63 109 203 140
N G 1 1 109 62 297 188
G Space -2 1 62 94 218 156
Space T 3 -1 94 47 2298 2204
T O 0 -4 47 109 219 172
O Space -3 5 109 94 296 187
Space M 1 -3 94 78 780 686
M A 1 6 78 124 172 94
A K 0 -7 124 62 156 32
K E 1 5 62 63 174 112
E Space -3 -1 63 62 172 109
Space A 2 3 62 78 249 187
A Space -2 -3 78 78 172 94
Space Back 4 -9 78 31 2280 2202
Back Back 0 0 31 78 124 93
Back S -2 11 78 78 702 624
S N -1 -4 78 63 439 361
N O 2 -3 63 62 219 156
O W 0 7 62 47 202 140
W Space -3 -2 47 62 188 141
Space M 1 -3 62 62 234 172
M A 1 6 62 94 140 78
A N -1 -5 94 62 156 62
N OemPeriod 0 -3 62 62 702 640
OemPeriod Space -1 5 62 78 234 172
Space T 3 -1 78 62 1950 1872
T H -1 -1 62 62 234 172
H E 1 3 62 78 203 141
E I 0 -5 78 63 249 171
I R 0 4 63 62 250 187
R Space -3 0 62 63 140 78
Space A 2 3 63 78 203 140
A R 1 -3 78 78 265 187
R E 0 1 78 62 188 110
E Space -3 -1 62 78 140 78
Space P 3 -6 78 63 608 530
P E 0 7 63 93 219 156
E O 0 -6 93 31 234 141
O P 0 -1 31 62 156 125
P L -1 1 62 47 218 156
L E 1 6 47 63 1092 1045
E Space -3 -1 63 47 156 93
Space E 3 1 47 78 999 952
E V -2 -1 78 47 296 218
V E 2 1 47 78 577 530
E N -2 -3 78 63 156 78
N Space -1 2 63 62 172 109
Space H 2 -2 62 62 1045 983
H A 0 5 62 94 156 94
A V -1 -3 94 62 172 78
V E 2 1 62 78 156 94
E Space -3 -1 78 63 405 327
Space R 3 0 63 62 7551 7488
R E 0 1 62 63 171 109
E I 0 -5 63 93 250 187
I N -2 2 93 63 249 156
N Space -1 2 63 62 188 125
Space D 2 1 62 78 171 109
D E 1 0 78 78 203 125
E A -1 2 78 125 250 172
A R 1 -3 125 62 266 141
R S -1 2 62 78 125 63
S Space -2 -2 78 62 203 125
Space T 3 -1 62 93 7291 7229
T O 0 -4 93 63 171 78
O Space -3 5 63 78 281 218
Space H 2 -2 78 47 187 109
H E 1 3 47 47 156 109
E L -1 -6 47 62 250 203
L P 1 -1 62 47 234 172
P Space -3 6 47 110 218 171
Space T 3 -1 110 62 297 187
T H -1 -1 62 62 125 63
H E 1 3 62 62 187 125
E M -2 -4 62 62 187 125
M Space -1 3 62 94 187 125
Space F 2 0 94 93 1079 985
F O 1 -5 93 47 1279 1186
O R 0 5 47 78 140 93
R Space -3 0 78 94 156 78
Space S 2 2 94 63 234 140
S K 0 -6 63 62 281 218
K I 1 0 62 78 203 141
I N -2 2 78 78 234 156
N G 1 1 78 62 546 468
G Space -2 1 62 78 156 94
Space Back 4 -9 78 0 18410 18332
Back Back 0 0 0 31 78 78
Back Back 0 0 31 110 93 62
Back Oemcomma -3 5 110 47 1250 1140
Oemcomma Space -1 4 47 62 250 203
Space A 2 3 62 78 203 141
A N -1 -5 78 47 140 62
N Back 3 -7 47 47 1685 1638
Back Back 0 0 47 47 2625 2578
Back OemPeriod -3 4 47 78 390 343
OemPeriod Space -1 5 78 78 1903 1825
Space LShiftKey 1 4 78 63 17380 17302
LShiftKey T 2 -5 63 46 32 -31
T H -1 -1 46 78 187 141
H E 1 3 78 93 156 78
E R 0 -1 93 78 234 141
R E 0 1 78 62 203 125
E Space -3 -1 62 78 124 62
Space A 2 3 78 93 500 422
A R 1 -3 93 47 405 312
R E 0 1 47 93 250 203
E Space -3 -1 93 62 203 110
Space L 2 -5 62 63 592 530
L O 1 0 63 62 188 125
O T 0 4 62 78 312 250
T Space -3 1 78 78 249 171
Space O 3 -5 78 125 359 281
O O 0 0 125 62 281 156
O F -1 5 62 78 218 156
F Space -2 0 78 80 187 109
Space Back 4 -9 80 31 954 874
Back Back 0 0 31 78 125 94
Back Back 0 0 78 63 140 62
Back F -2 9 63 46 765 702
F Space -2 0 46 78 109 63
Space P 3 -6 78 62 469 391
P I 0 2 62 63 218 156
I N -2 2 63 78 203 140
N E 2 3 78 78 187 109
E Space -3 -1 78 78 156 78
Space T 3 -1 78 62 281 203
T R 0 1 62 78 203 141
R E 0 1 78 62 234 156
E E 0 0 62 31 156 94
E S -1 1 31 78 156 125
S Space -2 -2 78 62 203 125
Space A 2 3 62 78 374 312
A N -1 -5 78 93 515 437
N D 1 3 93 94 187 94
D Space -2 -1 94 63 140 46
Space E 3 1 63 78 328 265
E V -2 -1 78 46 250 172
V E 2 1 46 93 109 63
E N -2 -3 93 31 218 125
N Space -1 2 31 78 172 141
Space A 2 3 78 78 172 94
A Space -2 -3 78 78 172 94
Space H 2 -2 78 62 390 312
H O 1 -3 62 63 265 203
O U 0 2 63 79 265 202
U S -1 5 79 78 190 111
S E 1 -1 78 94 218 140
E Space -3 -1 94 62 156 62
Space I 3 -4 62 62 702 640
I N -2 2 62 63 187 125
N Space -1 2 63 78 172 109
Space T 3 -1 78 94 218 140
T H -1 -1 94 62 172 78
H E 1 3 62 93 156 94
E Space -3 -1 93 62 156 63
Space W 3 2 62 63 608 546
W A -1 1 63 78 203 140
A Y 1 -5 78 63 452 374
Y Space -3 2 63 93 298 235
Space W 3 2 93 78 2262 2169
W H -1 -4 78 78 140 62
H E 1 3 78 63 187 109
E R 0 -1 63 63 203 140
R E 0 1 63 63 187 124
E Space -3 -1 63 78 141 78
Space A 2 3 78 93 468 390
A Space -2 -3 93 94 265 172
Space L 2 -5 94 47 421 327
L O 1 0 47 78 172 125
O T 0 4 78 47 327 249
T Space -3 1 47 78 266 219
Space O 3 -5 78 63 327 249
O F -1 5 63 63 343 280
F Space -2 0 63 63 156 93
Space T 3 -1 63 63 312 249
T H -1 -1 63 78 203 140
H E 1 3 78 47 125 47
E M -2 -4 47 78 250 203
M Space -1 3 78 62 187 109
Space A 2 3 62 78 234 172
A R 1 -3 78 63 296 218
R E 0 1 63 47 187 124
E Space -3 -1 47 94 125 78
Space G 2 -1 94 94 234 140
G E 1 2 94 62 172 78
E T 0 -2 62 47 187 125
T T 0 0 47 62 125 78
T I 0 -3 62 78 312 250
I N -2 2 78 94 218 140
N G 1 1 94 63 234 140
G Space -2 1 63 78 109 46
Space H 2 -2 78 62 266 188
H U 1 -1 62 63 202 140
U R 0 3 63 93 141 78
R T 0 -1 93 78 343 250
T OemPeriod -2 -4 78 63 374 296
OemPeriod S 1 7 63 234 4899 4836
S S 0 0 234 218 9098 8864
S Back 2 -11 218 78 1263 1045
Back S -2 11 78 203 3950 3872
S U 1 -5 203 0 53322 53119
U B -2 2 0 50 172 172
B C 0 2 50 112 363 313
C O 2 -6 112 63 224 112
O L -1 0 63 50 238 175
L L 0 0 50 63 137 87
L E 1 6 63 63 1350 1287
E C -2 0 63 62 238 175
C T 2 -2 62 50 250 188
T I 0 -3 50 62 275 225
I O 0 -1 62 63 187 125
O N -2 3 63 63 225 162
N D3 3 3 63 63 1325 1262
D3 LShiftKey -3 3 63 514 1300 1237
LShiftKey D2 3 -2 514 63 426 -88
D2 Y -1 -4 63 37 1088 1025
Y A -1 5 37 75 125 88
A H 0 -5 75 50 250 175
H O 1 -3 50 62 325 275
O O 0 0 62 75 137 75
O OemPeriod -2 0 75 50 1263 1188
OemPeriod C 0 6 50 88 262 212
C O 2 -6 88 62 213 125
O M -2 2 62 75 250 188
M D 1 4 75 50 3975 3900
D A 0 2 50 100 99 49
A T 1 -4 100 62 188 88
T A -1 4 62 75 125 63
A C -1 -2 75 75 875 800
C O 2 -6 75 63 262 187
O L -1 0 63 50 275 212
L L 0 0 50 63 125 75
L E 1 6 63 75 325 262
E C -2 0 75 62 463 388
C T 2 -2 62 63 237 175
T I 0 -3 63 63 300 237
I O 0 -1 63 63 175 112
O N -2 3 63 62 238 175
N A 1 5 62 0 14203 14141
A K 0 -7 0 62 35 35
K A 0 7 62 84 115 53
A LShiftKey -1 1 84 196 3958 3874
LShiftKey P 2 -10 196 87 125 -71
P R 0 6 87 86 401 314
R O 0 -5 86 71 202 116
O J -1 2 71 54 1172 1101
J E 1 4 54 51 213 159
E C -2 0 51 75 233 182
C T 2 -2 75 53 125 50
T Left -3 -6 53 57 932 879
Left Left 0 0 57 15 182 125
Left Left 0 0 15 16 279 264
Left Left 0 0 16 36 127 111
Left Left 0 0 36 85 289 253
Left Left 0 0 85 41 178 93
Left Left 0 0 41 73 135 94
Left LShiftKey 1 11 73 974 671 598
LShiftKey C 0 -3 974 71 553 -421
C S 1 1 71 61 278 207
S Space -2 -2 61 66 314 253
Space Right 0 -9 66 65 568 502
Right Right 0 0 65 66 143 78
Right Right 0 0 66 48 159 93
Right Right 0 0 48 40 128 80
Right Right 0 0 40 55 118 78
Right Right 0 0 55 104 165 110
Right Right 0 0 104 59 182 78
Right Right 0 0 59 47 246 187
Right Space 0 9 47 72 646 599
Space D1 4 3 72 88 150 78
D1 Space -4 -3 88 69 155 67
Space P 3 -6 69 70 651 582
P A -1 9 70 68 168 98
A R 1 -3 68 66 290 222
R T 0 -1 66 42 208 142
T Left -3 -6 42 50 1254 1212
Left Left 0 0 50 70 138 88
Left Left 0 0 70 45 179 109
Left Left 0 0 45 43 169 124
Left Right 0 -2 43 49 339 296
Right Back 4 0 49 51 606 557
Back LShiftKey -3 13 51 614 242 191
LShiftKey P 2 -10 614 50 564 -50
P Right -3 -3 50 73 512 462
Right Right 0 0 73 34 167 94
Right Right 0 0 34 56 119 85
Right Space 0 9 56 70 670 614
Space D3 4 1 70 39 335 265
D3 A -2 2 39 140 18433 18394
