D8 D7 0 1 0 31 94 94
D7 D9 0 -2 31 63 405 374
D9 D8 0 1 63 47 187 124
D8 Return -2 -4 47 78 827 780
Return Return 0 0 78 62 796 718
Return M -1 5 62 0 20935 20873
M Y 2 1 0 63 140 140
Y Space -3 2 63 46 110 47
Space Left 0 -7 46 47 1840 1794
Left Left 0 0 47 63 125 78
Left Left 0 0 63 31 141 78
Left Right 0 -2 31 109 390 359
Right Back 4 0 109 47 1201 1092
Back LShiftKey -3 13 47 202 827 780
LShiftKey M 0 -7 202 63 171 -31
M Space -1 3 63 31 1311 1248
Space Back 4 -9 31 31 1466 1435
Back Right -4 0 31 156 484 453
Right Space 0 9 156 47 608 452
Space T 3 -1 47 62 624 577
T H -1 -1 62 47 47 -15
H I 1 -2 47 47 327 280
I R 0 4 47 47 234 187
R D -1 1 47 63 312 265
D Space -2 -1 63 46 188 125
Space S 2 2 46 47 249 203
S T 1 -3 47 47 281 234
T O 0 -4 47 47 156 109
O R 0 5 47 47 343 296
R Y 0 -2 47 47 109 62
Y Space -3 2 47 78 141 94
Space I 3 -4 78 63 374 296
I S -1 6 63 62 94 31
S Space -2 -2 62 78 109 47
Space A 2 3 78 78 140 62
A B -1 -4 78 62 94 16
B O 2 -4 62 125 203 141
O U 0 2 125 78 93 -32
U T 0 2 78 46 188 110
T Space -3 1 46 63 124 78
Space D 2 1 63 63 312 249
D E 1 0 63 63 125 62
E A -1 2 63 16 203 140
A T 1 -4 16 62 250 234
T H -1 -1 62 32 202 140
H OemPeriod -1 -3 32 47 453 421
OemPeriod Return 1 -3 47 31 1638 1591
Return LShiftKey -1 12 31 187 530 499
LShiftKey W 2 -2 187 78 172 -15
W H -1 -4 78 62 109 31
H E 1 3 62 63 296 234
E N -2 -3 63 62 141 78
N Space -1 2 62 78 171 109
Space LShiftKey 1 4 78 78 999 921
LShiftKey Capital 1 0 78 15 0 -78
Capital I 1 -8 15 63 62 47
I Space -3 4 63 78 109 46
Space W 3 2 78 62 141 63
W A -1 1 62 140 156 94
A S 0 -1 140 94 109 -31
S Space -2 -2 94 46 640 546
Space D1 4 3 46 93 109 63
D1 D7 0 -6 93 62 593 500
D7 Oemcomma -3 -1 62 47 1887 1825
Oemcomma Space -1 4 47 62 94 47
Space LShiftKey 1 4 62 93 156 94
LShiftKey I 2 -8 93 62 78 -15
I Space -3 4 62 78 78 16
Space R 3 0 78 47 312 234
R E 0 1 47 62 125 78
E A -1 2 62 62 187 125
A D 0 -2 62 62 125 63
D Space -2 -1 62 63 124 62
Space A 2 3 63 62 94 31
A Space -2 -3 62 94 109 47
Space Q 3 3 94 47 406 312
Q U 0 -6 47 47 140 93
U O 0 -2 47 47 343 296
O T 0 4 47 62 297 250
T E 0 2 62 47 78 16
E Space -3 -1 47 62 109 62
Space T 3 -1 62 63 140 78
T H -1 -1 63 62 94 31
H A 0 5 62 46 172 110
A T 1 -4 46 62 62 16
T Space -3 1 62 62 952 890
Space W 3 2 62 31 686 624
W H -1 -4 31 47 140 109
H Back 2 -7 47 31 1389 1342
Back Back 0 0 31 1950 2277 2246
Back Back 0 0 1950 63 2106 156
Back Back 0 0 63 63 156 93
Back Back 0 0 63 62 141 78
Back Back 0 0 62 171 125 63
Back Back 0 0 171 78 405 234
Back Capital -2 13 78 47 1654 1576
Capital LShiftKey -1 0 47 234 452 405
LShiftKey I 2 -8 234 47 203 -31
I Space -3 4 47 62 156 109
Space W 3 2 62 78 406 344
W A -1 1 78 109 171 93
A S 0 -1 109 78 78 -31
S Space -2 -2 78 47 125 47
Space D1 4 3 47 62 562 515
D1 D7 0 -6 62 47 670 608
D7 Oemcomma -3 -1 47 78 390 343
Oemcomma Space -1 4 78 78 125 47
Space LShiftKey 1 4 78 187 468 390
LShiftKey I 2 -8 187 62 141 -46
I Space -3 4 62 78 93 31
Space R 3 0 78 47 312 234
R E 0 1 47 63 109 62
E A -1 2 63 109 203 140
A D 0 -2 109 63 156 47
D Space -2 -1 63 31 468 405
Space A 2 3 31 46 219 188
A Space -2 -3 46 47 405 359
Space Q 3 3 47 31 312 265
Q U 0 -6 31 47 172 141
U O 0 -2 47 47 296 249
O T 0 4 47 62 281 234
T E 0 2 62 31 109 47
E Space -3 -1 31 78 109 78
Space T 3 -1 78 62 250 172
T H -1 -1 62 63 109 47
H A 0 5 63 31 219 156
A T 1 -4 31 46 78 47
T Space -3 1 46 78 124 78
Space W 3 2 78 62 188 110
W E 0 -1 62 47 171 109
E N -2 -3 47 47 125 78
N T 2 1 47 63 499 452
T Space -3 1 63 47 359 296
Space S 2 2 47 47 359 312
S O 1 -7 47 62 109 62
O M -2 2 62 94 109 47
M E 2 4 94 63 187 93
E T 0 -2 63 63 234 171
T H -1 -1 63 78 47 -16
H I 1 -2 78 140 63 -15
I N -2 2 140 78 93 -47
N G 1 1 78 62 94 16
G Space -2 1 62 78 125 63
Space L 2 -5 78 62 187 109
L I 1 1 62 62 156 94
I K -1 0 62 47 499 437
K E 1 5 47 63 140 93
E RShiftKey -2 -8 63 297 1794 1731
RShiftKey Oem1 1 1 297 94 250 -47
Oem1 Space -2 6 94 46 172 78
Space RShiftKey 1 -7 46 437 1840 1794
RShiftKey Oem1 1 1 437 31 250 -187
Oem1 Oem1 0 0 31 47 109 78
Oem1 Left -2 -1 47 63 858 811
Left LShiftKey 1 11 63 125 1014 951
LShiftKey I 2 -8 125 63 109 -16
I F -1 4 63 62 250 187
F Space -2 0 62 62 156 94
Space Y 3 -2 62 62 281 219
Y O 0 -3 62 141 93 31
O U 0 2 141 94 94 -47
U Space -3 3 94 78 296 202
Space L 2 -5 78 31 890 812
L I 1 1 31 46 156 125
I V -2 4 46 31 421 375
V E 2 1 31 47 93 62
E Space -3 -1 47 78 110 63
Space E 3 1 78 63 202 124
E A -1 2 63 62 188 125
A C -1 -2 62 78 234 172
C H 1 -3 78 47 124 46
H Space -2 2 47 63 125 78
Space D 2 1 63 78 219 156
D A 0 2 78 62 156 78
A Y 1 -5 62 47 140 78
Y Space -3 2 47 31 983 936
Space A 2 3 31 94 62 31
A S 0 -1 94 78 94 0
S Space -2 -2 78 62 125 47
Space I 3 -4 62 62 265 203
I F -1 4 62 63 296 234
F Space -2 0 63 78 156 93
Space I 3 -4 78 78 219 141
I T 0 3 78 62 140 62
T Space -3 1 62 78 749 687
Space W 3 2 78 62 671 593
W A -1 1 62 109 140 78
A S 0 -1 109 94 78 -31
S Space -2 -2 94 109 437 343
Space Y 3 -2 109 62 499 390
Y O 0 -3 62 110 140 78
O U 0 2 110 125 47 -63
U R 0 3 125 46 297 172
R Space -3 0 46 78 109 63
Space L 2 -5 78 62 281 203
L A 0 8 62 78 171 109
A S 0 -1 78 93 63 -15
S T 1 -3 93 46 312 219
T Oemcomma -2 -3 46 47 1232 1186
Oemcomma Space -1 4 47 63 109 62
Space S 2 2 63 62 437 374
S O 1 -7 62 93 94 32
O M -2 2 93 93 78 -15
M E 2 4 93 31 187 94
E D -1 0 31 63 327 296
D A 0 2 63 62 141 78
A Y 1 -5 62 63 717 655
Y Space -3 2 63 94 156 93
Space Y 3 -2 94 47 406 312
Y O 0 -3 47 156 203 156
O U 0 2 156 94 93 -63
U Oem7 -1 -4 94 31 656 562
Oem7 L 0 2 31 47 187 156
L L 0 0 47 78 109 62
L Space -2 5 78 62 172 94
Space M 1 -3 62 63 3213 3151
M O 2 -2 63 31 188 125
O S -1 7 31 47 109 78
S T 1 -3 47 63 171 124
T Space -3 1 63 62 110 47
Space C 1 1 62 47 280 218
C E 2 0 47 47 156 109
E N -2 -3 47 47 219 172
N T 2 1 47 62 187 140
T A -1 4 62 63 265 203
A I 1 -7 63 47 109 46
I N -2 2 47 63 156 109
N L 1 -3 63 46 188 125
L Y 1 3 46 62 218 172
Y Space -3 2 62 47 125 63
Space B 1 -1 47 62 546 499
B E 2 2 62 47 109 47
E Space -3 -1 47 47 109 62
Space R 3 0 47 46 219 172
R I 0 -4 46 63 124 78
I G -1 3 63 47 219 156
G H 0 -1 47 47 78 31
H T 1 1 47 47 93 46
T OemPeriod -2 -4 47 15 1436 1389
OemPeriod Right -1 -4 15 62 1950 1935
Right Left 0 2 62 47 889 827
Left Left 0 0 47 920 156 109
Left Left 0 0 920 78 1107 187
Left Left 0 0 78 78 172 94
Left Back 4 -2 78 31 1123 1045
Back R -1 9 31 47 250 219
R Right -3 -9 47 967 374 327
Right Right 0 0 967 94 1295 328
Right Right 0 0 94 93 328 234
Right Back 4 0 93 32 1762 1669
Back RShiftKey -3 2 32 249 921 889
RShiftKey Oem7 1 0 249 78 187 -62
Oem7 Right -2 -2 78 1060 874 796
Right Back 4 0 1060 47 1825 765
Back RShiftKey -3 2 47 219 249 202
RShiftKey Oem7 1 0 219 62 172 -47
Oem7 LShiftKey -1 11 62 203 5616 5554
LShiftKey I 2 -8 203 62 125 -78
I T 0 3 62 63 374 312
T Space -3 1 63 78 109 46
Space M 1 -3 78 63 203 125
M A 1 6 63 47 94 31
A D 0 -2 47 62 203 156
D E 1 0 62 62 140 78
E Space -3 -1 62 46 94 32
Space A 2 3 46 47 140 94
A N -1 -5 47 78 78 31
N Space -1 2 78 78 125 47
Space I 3 -4 78 62 515 437
I M -2 1 62 47 187 125
M P 2 -3 47 47 421 374
P R 0 6 47 63 140 93
R E 0 1 63 63 125 62
E S -1 1 63 47 172 109
S S 0 0 47 62 125 78
S I 1 -6 62 46 156 94
I O 0 -1 46 47 140 94
O N -2 3 47 31 546 499
N Space -1 2 31 62 312 281
Space O 3 -5 62 47 359 297
O N -2 3 47 63 171 124
N Space -1 2 63 109 94 31
Space M 1 -3 109 46 172 63
M E 2 4 46 46 156 110
E Oemcomma -2 -5 46 63 202 156
Oemcomma Space -1 4 63 93 188 125
Space A 2 3 93 62 733 640
A N -1 -5 62 47 187 125
N D 1 3 47 47 281 234
D Space -2 -1 47 62 125 78
Space S 2 2 62 46 390 328
S I 1 -6 46 109 93 47
I N -2 2 109 62 94 -15
N C 0 3 62 62 156 94
C E 2 0 62 47 187 125
E Space -3 -1 47 47 203 156
Space T 3 -1 47 47 811 764
T H -1 -1 47 62 78 31
H E 1 3 62 47 140 78
E N -2 -3 47 31 94 47
N Oemcomma 0 -2 31 47 1139 1108
Oemcomma Space -1 4 47 46 125 78
Space F 2 0 46 63 171 125
F O 1 -5 63 62 94 31
O R 0 5 62 46 125 63
R Space -3 0 46 78 93 47
Space T 3 -1 78 47 437 359
T H -1 -1 47 63 62 15
H E 1 3 63 62 188 125
E Space -3 -1 62 78 124 62
Space P 3 -6 78 46 1358 1280
P A -1 9 46 63 93 47
A S 0 -1 63 109 47 -16
S T 1 -3 109 62 312 203
T Space -3 1 62 62 281 219
Space D3 4 1 62 47 312 250
D3 D3 0 0 47 62 125 78
D3 Space -4 -1 62 15 546 484
Space Y 3 -2 15 46 390 375
Y E 0 3 46 62 62 16
E A -1 2 62 62 203 141
A R 1 -3 62 46 203 141
R S -1 2 46 47 249 203
S Oemcomma -1 -6 47 62 749 702
Oemcomma Space -1 4 62 63 109 47
Space LShiftKey 1 4 63 109 94 31
LShiftKey I 2 -8 109 47 109 0
I Space -3 4 47 78 78 31
Space H 2 -2 78 62 234 156
H A 0 5 62 62 94 32
A V -1 -3 62 63 93 31
V E 2 1 63 62 125 62
E Left -3 -8 62 46 1108 1046
Left Left 0 0 46 47 140 94
Left Left 0 0 47 31 125 78
Left Left 0 0 31 47 109 78
Left Left 0 0 47 47 109 62
Left Back 4 -2 47 31 780 733
Back LShiftKey -3 13 31 219 156 125
LShiftKey I 2 -8 219 62 172 -47
I Right -3 -5 62 15 1638 1576
Right Right 0 0 15 62 125 110
Right Right 0 0 62 62 140 78
Right Right 0 0 62 47 156 94
Right Right 0 0 47 78 94 47
Right Space 0 9 78 47 686 608
Space L 2 -5 47 46 172 125
L O 1 0 46 62 140 94
O K -1 1 62 31 312 250
K Back 2 -5 31 47 1201 1170
Back O -1 4 47 15 375 328
O K -1 1 15 47 202 187
K E 1 5 47 31 172 125
E D -1 0 31 47 125 94
D Space -2 -1 47 63 62 15
Space I 3 -4 63 94 125 62
I N -2 2 94 125 62 -32
N Space -1 2 125 78 63 -62
Space T 3 -1 78 46 125 47
T H -1 -1 46 47 93 47
H E 1 3 47 62 94 47
E Space -3 -1 62 78 62 0
Space M 1 -3 78 109 141 63
M I 2 -1 109 46 156 47
I R 0 4 46 46 468 422
R R 0 0 46 47 109 63
R O 0 -5 47 46 125 78
O R 0 5 46 31 624 578
R Space -3 0 31 47 826 795
Space E 3 1 47 47 172 125
E V -2 -1 47 46 172 125
V E 2 1 46 63 171 125
E R 0 -1 63 47 156 93
R Y 0 -2 47 47 156 109
Y Space -3 2 47 78 141 94
Space M 1 -3 78 109 218 140
M O 2 -2 109 62 125 16
O R 0 5 62 63 140 78
R N -2 -2 63 125 94 31
N I 2 -2 125 156 78 -47
I N -2 2 156 125 62 -94
N G 1 1 125 31 141 16
G Space -2 1 31 47 1981 1950
Space A 2 3 47 63 93 46
A N -1 -5 63 94 78 15
N D 1 3 94 62 110 16
D Space -2 -1 62 78 78 16
Space A 2 3 78 125 374 296
A S 0 -1 125 93 94 -31
S K 0 -6 93 63 124 31
K E 1 5 63 46 110 47
E D -1 0 46 46 156 110
D Space -2 -1 46 47 93 47
Space M 1 -3 47 47 156 109
M Y 2 1 47 62 219 172
Y Space -3 2 62 31 156 94
Space S 2 2 31 62 312 281
S E 1 -1 62 46 156 94
E Back 1 -10 46 47 826 780
Back Back 0 0 47 78 125 78
Back Back 0 0 78 63 1170 1092
Back S -2 11 63 62 562 499
S E 1 -1 62 47 499 437
E L -1 -6 47 47 156 109
L F 0 5 47 31 125 78
F RShiftKey -1 -7 31 250 873 842
RShiftKey Oem1 1 1 250 94 203 -47
Oem1 Space -2 6 94 62 219 125
Space RShiftKey 1 -7 62 437 202 140
RShiftKey Oem7 1 0 437 94 203 -234
Oem7 Oem7 0 0 94 47 156 62
Oem7 Left -2 0 47 94 1014 967
Left LShiftKey 1 11 94 124 609 515
LShiftKey I 2 -8 124 62 109 -15
I F -1 4 62 47 171 109
F Space -2 0 47 63 78 31
Space T 3 -1 63 47 515 452
T O 0 -4 47 62 94 47
O D -1 6 62 31 218 156
D A 0 2 31 47 437 406
A Y 1 -5 47 62 624 577
Y Space -3 2 62 78 125 63
Space W 3 2 78 62 281 203
W E 0 -1 62 47 280 218
E R 0 -1 47 47 156 109
R E 0 1 47 47 156 109
E Space -3 -1 47 47 437 390
Space L 2 -5 47 47 359 312
L A 0 8 47 78 452 405
A S 0 -1 78 94 47 -31
S T 1 -3 94 47 250 156
T Space -3 1 47 47 109 62
Space D 2 1 47 62 359 312
D A 0 2 62 47 140 78
A Y 1 -5 47 62 125 78
Y Space -3 2 62 78 281 219
Space O 3 -5 78 63 951 873
O F -1 5 63 31 188 125
F Space -2 0 31 93 78 47
Space M 1 -3 93 78 171 78
M Y 2 1 78 62 203 125
Y Space -3 2 62 47 140 78
Space L 2 -5 47 47 219 172
L I 1 1 47 47 171 124
I F -1 4 47 47 1092 1045
F E 1 1 47 63 702 655
E Oemcomma -2 -5 63 62 2278 2215
Oemcomma Space -1 4 62 62 125 63
Space W 3 2 62 47 296 234
W O 0 -7 47 47 78 31
O U 0 2 47 46 141 94
U L -1 -2 46 63 171 125
L D 0 6 63 31 172 109
D Space -2 -1 31 47 452 421
Space LShiftKey 1 4 47 109 203 156
LShiftKey I 2 -8 109 46 94 -15
I Space -3 4 46 62 109 63
Space W 3 2 62 62 156 94
W A -1 1 62 63 171 109
A N -1 -5 63 46 110 47
N T 2 1 46 63 249 203
T Space -3 1 63 63 234 171
Space T 3 -1 63 63 624 561
T O 0 -4 63 62 94 31
O Space -3 5 62 78 125 63
Space D 2 1 78 31 218 140
D O 1 -6 31 62 78 47
O Space -3 5 62 32 998 936
Space W 3 2 32 46 110 78
W H -1 -4 46 47 93 47
H A 0 5 47 78 78 31
A T 1 -4 78 78 250 172
T Space -3 1 78 47 483 405
Space LShiftKey 1 4 47 156 141 94
LShiftKey I 2 -8 156 62 109 -47
I Space -3 4 62 47 109 47
Space A 2 3 47 31 125 78
A M -1 -6 31 78 125 94
M Space -1 3 78 47 655 577
Space A 2 3 47 63 296 249
A B -1 -4 63 62 141 78
B O 2 -4 62 125 171 109
O U 0 2 125 94 94 -31
U T 0 2 94 78 140 46
T Space -3 1 78 31 593 515
Space T 3 -1 31 47 78 47
T O 0 -4 47 63 109 62
O Space -3 5 63 63 78 15
Space D 2 1 63 47 359 296
D O 1 -6 47 63 78 31
O Space -3 5 63 63 156 93
Space T 3 -1 63 47 749 686
T O 0 -4 47 62 94 47
O D -1 6 62 62 140 78
D A 0 2 62 78 125 63
A Y 1 -5 78 46 125 47
Y RShiftKey -2 -5 46 203 358 312
RShiftKey OemQuestion 0 1 203 62 172 -31
OemQuestion Right -1 -3 62 62 593 531
Right Space 0 9 62 31 1950 1888
Space LShiftKey 1 4 31 124 125 94
LShiftKey A 1 -1 124 78 109 -15
A N -1 -5 78 47 140 62
N D 1 3 47 62 63 16
D Space -2 -1 62 47 249 187
Space W 3 2 47 62 1233 1186
W H -1 -4 62 63 93 31
H E 1 3 63 63 936 873
E N -2 -3 63 32 187 124
N E 2 3 32 47 219 187
E V -2 -1 47 15 234 187
V E 2 1 15 47 156 141
E R 0 -1 47 31 156 109
R Space -3 0 31 47 608 577
Space T 3 -1 47 46 219 172
T H -1 -1 46 46 78 32
H E 1 3 46 62 109 63
E Space -3 -1 62 47 156 94
Space A 2 3 47 93 702 655
A S 0 -1 93 78 78 -15
S N -1 -4 78 47 93 15
N W 2 4 47 47 172 125
W E 0 -1 47 47 156 109
E R 0 -1 47 47 156 109
R Space -3 0 47 62 874 827
Space H 2 -2 62 63 280 218
H A 0 5 63 78 78 15
A S 0 -1 78 63 78 0
S Space -2 -2 63 46 110 47
Space B 1 -1 46 62 140 94
B E 2 2 62 31 109 47
E E 0 0 31 63 109 78
E N -2 -3 63 32 156 93
N Space -1 2 32 16 1248 1216
Space RShiftKey 1 -7 16 374 297 281
RShiftKey Oem7 1 0 374 78 156 -218
Oem7 Oem7 0 0 78 62 125 47
Oem7 Left -2 0 62 94 514 452
Left LShiftKey 1 11 94 562 437 343
LShiftKey N 0 -6 562 32 421 -141
N O 2 -3 32 47 281 249
O Right -3 -4 47 46 609 562
Right Left 0 2 46 982 1014 968
Left Left 0 0 982 78 1310 328
Left Left 0 0 78 63 187 109
Left Right 0 -2 63 78 343 280
Right Back 4 0 78 47 749 671
Back Back 0 0 47 47 109 62
Back N -3 7 47 62 375 328
N S 1 4 62 31 109 47
S Right -2 -11 31 999 655 624
Right Right 0 0 999 16 1217 218
Right Space 0 9 16 16 1778 1762
Space F 2 0 16 47 375 359
F O 1 -5 47 47 93 46
O R 0 5 47 47 78 31
R Space -3 0 47 47 110 63
Space R 3 0 47 47 249 202
R O 0 -5 47 63 125 78
O O 0 0 63 62 125 62
O Space -3 5 62 62 702 640
Space M 1 -3 62 62 156 94
M A 1 6 62 62 78 16
A N -1 -5 62 63 140 78
N Y 2 0 63 78 219 156
Y Space -3 2 78 46 125 47
Space D 2 1 46 63 483 437
D A 0 2 63 78 109 46
A Y 1 -5 78 47 172 94
Y S -1 4 47 62 78 31
S Space -2 -2 62 62 125 63
Space I 3 -4 62 47 187 125
I Left -3 -3 47 905 1794 1747
Left Left 0 0 905 62 1061 156
Left Right 0 -2 62 78 343 281
Right Back 4 0 78 47 468 390
Back T -1 8 47 63 421 374
T Right -3 -8 63 905 515 452
Right N 1 7 905 62 1654 749
N Space -1 2 62 78 218 156
Space A 2 3 78 31 250 172
A Space -2 -3 31 62 109 78
Space R 3 0 62 47 811 749
R O 0 -5 47 47 109 62
O W 0 7 47 62 484 437
W Oemcomma -2 -6 62 47 499 437
Oemcomma Space -1 4 47 47 140 93
Space LShiftKey 1 4 47 125 312 265
LShiftKey I 2 -8 125 46 110 -15
I Space -3 4 46 62 109 63
Space K 2 -4 62 47 187 125
K N -1 2 47 78 94 47
N O 2 -3 78 62 156 78
O W 0 7 62 47 140 78
W Space -3 -2 47 62 562 515
Space LShiftKey 1 4 62 94 124 62
LShiftKey I 2 -8 94 63 78 -16
I Space -3 4 63 47 94 31
Space N 1 -2 47 47 156 109
N E 2 3 47 31 109 62
E E 0 0 31 47 94 63
E D -1 0 47 63 140 93
D Space -2 -1 63 47 156 93
Space T 3 -1 47 63 1045 998
T O 0 -4 63 78 78 15
O Space -3 5 78 94 94 16
Space C 1 1 94 63 140 46
C H 1 -3 63 47 125 62
H A 0 5 47 62 94 47
A N -1 -5 62 47 93 31
N G 1 1 47 62 219 172
G E 1 2 62 31 156 94
E Space -3 -1 31 78 93 62
Space S 2 2 78 47 390 312
S O 1 -7 47 94 78 31
O M -2 2 94 78 110 16
M E 2 4 78 47 93 15
E T 0 -2 47 31 1092 1045
T H -1 -1 31 62 47 16
H I 1 -2 62 78 125 63
I N -2 2 78 62 47 -31
N G 1 1 62 47 109 47
G OemPeriod -1 -4 47 31 1388 1341
OemPeriod Return 1 -3 31 62 593 562
Return LShiftKey -1 12 62 265 1342 1280
LShiftKey R 2 -4 265 46 234 -31
R E 0 1 46 62 140 94
E M -2 -4 62 63 265 203
M E 2 4 63 47 109 46
E M -2 -4 47 31 125 78
M B 0 2 31 62 281 250
B E 2 2 62 62 250 188
E R 0 -1 62 46 234 172
R I 0 -4 46 93 109 63
I N -2 2 93 94 62 -31
N G 1 1 94 31 125 31
G Space -2 1 31 31 562 531
Space T 3 -1 31 63 171 140
T H -1 -1 63 47 78 15
H A 0 5 47 78 141 94
A T 1 -4 78 63 93 15
T Space -3 1 63 62 125 62
Space LShiftKey 1 4 62 203 296 234
LShiftKey I 2 -8 203 62 141 -62
I Oem7 -1 -3 62 32 405 343
Oem7 L 0 2 32 47 375 343
L L 0 0 47 78 109 62
L Space -2 5 78 47 187 109
Space B 1 -1 47 47 1217 1170
B E 2 2 47 47 109 62
E Space -3 -1 47 46 141 94
Space D 2 1 46 46 156 110
D E 1 0 46 62 140 94
E A -1 2 62 63 187 125
A D 0 -2 63 31 250 187
D Space -2 -1 31 47 889 858
Space S 2 2 47 47 125 78
S O 1 -7 47 63 171 124
O O 0 0 63 63 125 62
O N -2 3 63 78 265 202
N Space -1 2 78 63 312 234
Space I 3 -4 63 63 234 171
I S -1 6 63 63 125 62
S Space -2 -2 63 63 78 15
Space T 3 -1 63 62 219 156
T H -1 -1 62 47 46 -16
H E 1 3 47 47 141 94
E Space -3 -1 47 62 31 -16
Space M 1 -3 62 109 172 110
M O 2 -2 109 47 124 15
O S -1 7 47 62 141 94
S T 1 -3 62 47 639 577
T Space -3 1 47 78 141 94
Space I 3 -4 78 47 234 156
I M -2 1 47 47 187 140
M P 2 -3 47 47 218 171
P O 0 1 47 63 156 109
O R 0 5 63 46 188 125
R T 0 -1 46 47 171 125
T A -1 4 47 47 203 156
A N -1 -5 47 32 62 15
N T 2 1 32 46 188 156
T Space -3 1 46 16 998 952
Space T 3 -1 16 47 218 202
T O 0 -4 47 47 172 125
O O 0 0 47 63 109 62
O L -1 0 63 63 156 93
L Space -2 5 63 31 359 296
Space LShiftKey 1 4 31 141 343 312
LShiftKey I 2 -8 141 31 94 -47
I Oem7 -1 -3 31 32 483 452
Oem7 V -1 7 32 47 702 670
V E 2 1 47 47 125 78
E Space -3 -1 47 46 141 94
Space E 3 1 46 32 358 312
E V -2 -1 32 47 219 187
V E 2 1 47 62 187 140
E R 0 -1 62 47 156 94
R Space -3 0 47 47 842 795
Space E 3 1 47 46 188 141
E N -2 -3 46 47 405 359
N C 0 3 47 47 359 312
C O 2 -6 47 141 62 15
O U 0 2 141 63 125 -16
U N -2 1 63 63 187 124
N T 2 1 63 47 156 93
T E 0 2 47 63 156 109
E R 0 -1 63 47 141 78
R E 0 1 47 63 218 171
E D -1 0 63 47 718 655
D Space -2 -1 47 62 187 140
Space T 3 -1 62 47 203 141
T O 0 -4 47 47 62 15
O Space -3 5 47 63 109 62
Space H 2 -2 63 46 188 125
H E 1 3 46 62 62 16
E L -1 -6 62 47 187 125
L P 1 -1 47 62 843 796
P Space -3 6 62 63 171 109
Space M 1 -3 63 46 219 156
M E 2 4 46 46 78 32
E Space -3 -1 46 62 78 32
Space K 2 -4 62 31 218 156
K Back 2 -5 31 47 749 718
Back M -3 6 47 47 296 249
M A 1 6 47 47 109 62
A K 0 -7 47 32 78 31
K E 1 5 32 62 812 780
E Space -3 -1 62 63 124 62
Space T 3 -1 63 47 203 140
T H -1 -1 47 62 47 0
H E 1 3 62 47 156 94
E Space -3 -1 47 47 78 31
Space B 1 -1 47 62 125 78
B I 2 -3 62 47 218 156
I G -1 3 47 31 203 156
G Space -2 1 31 46 94 63
Space C 1 1 46 63 327 281
C H 1 -3 63 63 156 93
H O 1 -3 63 78 203 140
O I 0 1 78 46 172 94
I C -2 5 46 78 343 297
C E 2 0 78 62 1638 1560
E S -1 1 62 63 171 109
S Space -2 -2 63 47 156 93
Space I 3 -4 47 109 125 78
I N -2 2 109 124 63 -46
N Space -1 2 124 47 93 -31
Space L 2 -5 47 63 499 452
L I 1 1 63 47 141 78
I F -1 4 47 47 234 187
F E 1 1 47 47 187 140
E OemPeriod -2 -6 47 46 172 125
OemPeriod Space -1 5 46 47 171 125
Space LShiftKey 1 4 47 171 562 515
LShiftKey B 0 -5 171 47 140 -31
B E 2 2 47 63 156 109
E C -2 0 63 47 172 109
C A 1 2 47 47 171 124
A U 1 -6 47 47 125 78
U S -1 5 47 63 421 374
S E 1 -1 63 47 219 156
E Space -3 -1 47 62 234 187
Space A 2 3 62 62 203 141
A L 0 -8 62 63 124 62
L M -1 2 63 47 250 187
M O 2 -2 47 31 172 125
O S -1 7 31 47 109 78
S T 1 -3 47 62 655 608
T Space -3 1 62 63 499 437
Space E 3 1 63 47 172 109
E V -2 -1 47 47 187 140
V E 2 1 47 62 156 109
E R 0 -1 62 47 140 78
R Y 0 -2 47 62 172 125
Y T 0 1 62 32 374 312
T H -1 -1 32 47 63 31
H I 1 -2 47 172 15 -32
I N -2 2 172 78 141 -31
N G 1 1 78 47 171 93
G Space -2 1 47 31 3074 3027
Space OemMinus 4 -7 31 109 78 47
OemMinus Space -4 7 109 62 109 0
Space A 2 3 62 47 234 172
A L 0 -8 47 46 359 312
L L 0 0 46 62 109 63
L Space -2 5 62 47 421 359
Space E 3 1 47 47 577 530
E X -2 1 47 63 858 811
X T 2 -3 63 47 203 140
T E 0 2 47 47 109 62
E R 0 -1 47 46 141 94
R N -2 -2 46 32 124 78
N A 1 5 32 47 125 93
A L 0 -8 47 47 702 655
L Space -2 5 47 47 234 187
Space E 3 1 47 31 234 187
E X -2 1 31 47 2886 2855
X P 2 -8 47 62 328 281
P E 0 7 62 31 125 63
E C -2 0 31 47 171 140
C T 2 -2 47 47 203 156
T A -1 4 47 63 218 171
A T 1 -4 63 32 234 171
T I 0 -3 32 47 47 15
I O 0 -1 47 63 109 62
O N -2 3 63 47 484 421
N S 1 4 47 31 234 187
S Oemcomma -1 -6 31 47 374 343
Oemcomma Space -1 4 47 47 94 47
Space A 2 3 47 46 94 47
A L 0 -8 46 63 93 47
L L 0 0 63 62 125 62
L Space -2 5 62 31 172 110
Space P 3 -6 31 47 327 296
P R 0 6 47 31 172 125
R O 0 -5 31 47 109 78
O Back 1 -4 47 47 733 686
Back I -1 5 47 47 250 203
I D -1 5 47 47 374 327
D E 1 0 47 62 141 94
E Oemcomma -2 -5 62 47 1669 1607
Oemcomma Space -1 4 47 78 93 46
Space A 2 3 78 62 110 32
A L 0 -8 62 31 1185 1123
L L 0 0 31 47 109 78
L Space -2 5 47 47 312 265
Space F 2 0 47 47 281 234
F E 1 1 47 62 141 94
E A -1 2 62 78 358 296
A R 1 -3 78 47 234 156
R Space -3 0 47 62 110 63
Space O 3 -5 62 47 202 140
O F -1 5 47 31 687 640
F Space -2 0 31 46 1529 1498
Space E 3 1 46 47 202 156
E M -2 -4 47 31 297 250
M B 0 2 31 47 312 281
B A 1 4 47 63 93 46
A R 1 -3 63 32 234 171
R R 0 0 32 62 110 78
R A -1 3 62 31 1341 1279
A S 0 -1 31 47 733 702
S S 0 0 47 47 141 94
S M -1 -5 47 31 296 249
M E 2 4 31 31 125 94
E N -2 -3 31 47 62 31
N T 2 1 47 32 156 109
T Space -3 1 32 47 125 93
Space O 3 -5 47 62 2075 2028
O R 0 5 62 63 62 0
R Space -3 0 63 93 110 47
Space F 2 0 93 31 156 63
F A 0 3 31 63 561 530
A I 1 -7 63 46 141 78
I L -1 -1 46 47 187 141
L U 1 2 47 47 327 280
U R 0 3 47 62 266 219
R E 0 1 62 63 171 109
E Space -3 -1 63 63 858 795
Space OemMinus 4 -7 63 78 141 78
OemMinus Space -4 7 78 63 93 15
Space T 3 -1 63 62 328 265
T H -1 -1 62 47 62 0
H E 1 3 47 47 172 125
E S -1 1 47 47 187 140
S E 1 -1 47 63 140 93
E Space -3 -1 63 31 687 624
Space T 3 -1 31 63 171 140
T H -1 -1 63 47 78 15
H I 1 -2 47 125 172 125
I N -2 2 125 109 78 -47
N G 1 1 109 47 140 31
G S 0 3 47 63 312 265
S Space -2 -2 63 31 2247 2184
Space J 2 -3 31 47 156 125
J U 1 0 47 46 125 78
U S -1 5 46 47 93 47
S T 1 -3 47 47 187 140
T Space -3 1 47 47 78 31
Space F 2 0 47 46 344 297
F A 0 3 46 46 156 110
A L 0 -8 46 31 78 32
L L 0 0 31 78 93 62
L Space -2 5 78 78 141 63
Space A 2 3 78 63 514 436
A W 1 -1 63 63 203 140
W A -1 1 63 47 484 421
A Y 1 -5 47 47 655 608
Y Space -3 2 47 31 1794 1747
Space I 3 -4 31 93 125 94
I N -2 2 93 109 62 -31
N Space -1 2 109 47 94 -15
Space T 3 -1 47 47 374 327
T H -1 -1 47 62 63 16
H E 1 3 62 31 156 94
E Space -3 -1 31 47 93 62
Space D 2 1 47 16 265 218
D Back 2 -10 16 47 702 686
Back F -2 9 47 47 156 109
F A 0 3 47 31 219 172
A C -1 -2 31 47 156 125
C E 2 0 47 32 171 124
E Space -3 -1 32 47 47 15
Space O 3 -5 47 63 234 187
O F -1 5 63 47 94 31
F Space -2 0 47 63 93 46
Space D 2 1 63 32 468 405
D E 1 0 32 47 141 109
E A -1 2 47 47 171 124
A T 1 -4 47 46 266 219
T H -1 -1 46 47 124 78
H Oemcomma -1 -2 47 47 1217 1170
Oemcomma Space -1 4 47 62 63 16
Space L 2 -5 62 46 156 94
L E 1 6 46 46 78 32
E A -1 2 46 46 156 110
A V -1 -3 46 47 187 141
V I 2 -4 47 125 218 171
I N -2 2 125 125 78 -47
N G 1 1 125 46 219 94
G Space -2 1 46 16 717 671
Space O 3 -5 16 47 1560 1544
O N -2 3 47 62 203 156
N L 1 -3 62 31 172 110
L Y 1 3 31 62 218 187
Y Space -3 2 62 47 109 47
Space W 3 2 47 62 328 281
W H -1 -4 62 47 78 16
H A 0 5 47 62 109 62
A T 1 -4 62 63 187 125
T Space -3 1 63 47 109 46
Space I 3 -4 47 47 172 125
I S -1 6 47 46 94 47
S Space -2 -2 46 62 78 32
Space T 3 -1 62 31 296 234
T U 0 -2 31 47 156 125
U Back 1 -6 47 63 1045 998
Back R -1 9 63 47 219 156
R U 0 -3 47 46 671 624
U L -1 -2 46 47 202 156
L Y 1 3 47 62 1732 1685
Y Space -3 2 62 63 140 78
Space I 3 -4 63 31 219 156
I M -2 1 31 47 187 156
M P 2 -3 47 47 218 171
P O 0 1 47 31 172 125
O R 0 5 31 47 265 234
R T 0 -1 47 47 187 140
T A -1 4 47 47 203 156
A N -1 -5 47 31 63 16
N T 2 1 31 31 187 156
T OemPeriod -2 -4 31 47 1341 1310
OemPeriod Space -1 5 47 47 125 78
Space LShiftKey 1 4 47 1435 375 328
LShiftKey R 2 -4 1435 78 1372 -63
R E 0 1 78 31 250 172
E M -2 -4 31 47 296 265
M E 2 4 47 32 312 265
E M -2 -4 32 47 203 171
M B 0 2 47 31 531 484
B E 2 2 31 63 561 530
E R 0 -1 63 63 234 171
R I 0 -4 63 110 109 46
I N -2 2 110 94 78 -32
N G 1 1 94 47 141 47
G Space -2 1 47 63 140 93
Space T 3 -1 63 47 593 530
T H -1 -1 47 63 62 15
H A 0 5 63 46 188 125
A T 1 -4 46 47 62 16
T Space -3 1 47 46 172 125
Space T 3 -1 46 62 343 297
T Back 1 -8 62 47 686 624
Back Y -1 7 47 63 421 374
Y O 0 -3 63 109 125 62
O U 0 2 109 93 63 -46
U Space -3 3 93 47 187 94
Space A 2 3 47 47 109 62
A R 1 -3 47 46 172 125
R E 0 1 46 47 140 94
E Space -3 -1 47 62 94 47
Space G 2 -1 62 63 1263 1201
G O 1 -4 63 78 125 62
O I 0 1 78 63 187 109
I N -2 2 63 78 109 46
N G 1 1 78 47 125 47
G Space -2 1 47 63 109 62
Space T 3 -1 63 47 156 93
T O 0 -4 47 78 78 31
O Space -3 5 78 78 141 63
Space D 2 1 78 46 1529 1451
D O 1 -6 46 47 62 16
O Back 1 -4 47 62 593 546
Back I -1 5 62 47 686 624
I E 0 5 47 47 94 47
E Space -3 -1 47 16 3057 3010
Space I 3 -4 16 62 110 94
I S -1 6 62 62 78 16
S Space -2 -2 62 46 78 16
Space T 3 -1 46 47 171 125
T H -1 -1 47 78 0 -47
H E 1 3 78 47 187 109
E Space -3 -1 47 94 16 -31
Space B 1 -1 94 47 203 109
B E 2 2 47 47 93 46
E S -1 1 47 78 172 125
S T 1 -3 78 47 234 156
T Space -3 1 47 47 140 93
Space W 3 2 47 47 172 125
W A -1 1 47 78 125 78
A Y 1 -5 78 47 249 171
Y Space -3 2 47 63 156 109
Space LShiftKey 1 4 63 62 219 156
LShiftKey I 2 -8 62 62 47 -15
I Space -3 4 62 47 124 62
Space K 2 -4 47 94 125 78
K N -1 2 94 109 94 0
N O 2 -3 109 62 156 47
O W 0 7 62 47 156 94
W Space -3 -2 47 31 811 764
Space T 3 -1 31 47 234 203
T O 0 -4 47 47 62 15
O Space -3 5 47 46 110 63
Space A 2 3 46 62 140 94
A V -1 -3 62 62 359 297
V O 2 -5 62 62 156 94
O I 0 1 62 62 187 125
I D -1 5 62 62 749 687
D Space -2 -1 62 47 312 250
Space T 3 -1 47 46 203 156
T H -1 -1 46 46 78 32
H E 1 3 46 62 109 63
E Space -3 -1 62 32 93 31
Space T 3 -1 32 47 281 249
T R 0 1 47 62 125 78
R A -1 3 62 47 218 156
A P 1 -9 47 47 780 733
P Space -3 6 47 63 156 109
Space O 3 -5 63 47 515 452
O F -1 5 47 63 156 109
F Space -2 0 63 78 78 15
Space T 3 -1 78 47 156 78
T H -1 -1 47 62 94 47
H I 1 -2 62 94 109 47
I N -2 2 94 94 109 15
N K 1 -2 94 46 219 125
K I 1 0 46 78 156 110
I N -2 2 78 94 62 -16
N G 1 1 94 47 156 62
G Space -2 1 47 47 2090 2043
Space Y 3 -2 47 47 234 187
Y O 0 -3 47 140 63 16
O U 0 2 140 78 109 -31
U Space -3 3 78 63 140 62
Space H 2 -2 63 32 234 171
H A 0 5 32 47 234 202
A V -1 -3 47 62 219 172
V E 2 1 62 46 125 63
E Space -3 -1 46 63 93 47
Space S 2 2 63 78 172 109
S O 1 -7 78 63 93 15
O M -2 2 63 110 78 15
M E 2 4 110 31 125 15
E T 0 -2 31 63 187 156
T H -1 -1 63 78 63 0
H I 1 -2 78 125 93 15
I N -2 2 125 125 63 -62
N G 1 1 125 32 171 46
G Space -2 1 32 47 1389 1357
Space T 3 -1 47 78 203 156
T O 0 -4 78 62 62 -16
O Space -3 5 62 63 109 47
Space L 2 -5 63 47 187 124
L S 0 7 47 46 500 453
S E 1 -1 46 47 140 94
E Space -3 -1 47 62 234 187
Space Oemplus 4 -8 62 63 2449 2387
Oemplus Oemplus 0 0 63 78 109 46
Oemplus Oemplus 0 0 78 47 156 78
Oemplus Back 0 -1 47 63 546 499
Back Back 0 0 63 62 141 78
Back Back 0 0 62 62 125 63
Back Back 0 0 62 63 124 62
Back Back 0 0 63 78 141 78
Back Back 0 0 78 63 296 218
Back O -1 4 63 46 453 390
O S -1 7 46 47 124 78
S E 1 -1 47 47 141 94
E Oemcomma -2 -5 47 62 234 187
Oemcomma Back 3 -5 62 31 343 281
Back OemPeriod -3 4 31 63 530 499
OemPeriod Space -1 5 63 62 110 47
Space LShiftKey 1 4 62 109 187 125
LShiftKey Y 2 -6 109 46 125 16
Y O 0 -3 46 94 93 47
O U 0 2 94 78 63 -31
U Space -3 3 78 78 109 31
Space A 2 3 78 62 156 78
A R 1 -3 62 47 171 109
R E 0 1 47 63 125 78
E Space -3 -1 63 62 125 62
Space A 2 3 62 47 265 203
A L 0 -8 47 47 94 47
L R 1 5 47 47 218 171
R E 0 1 47 63 109 62
E A -1 2 63 62 188 125
A D 0 -2 62 47 140 78
D Y 1 -3 47 63 109 62
Y Space -3 2 63 46 141 78
Space N 1 -2 46 62 234 188
N A 1 5 62 46 78 16
A K 0 -7 46 62 187 141
K E 1 5 62 62 125 63
E D -1 0 62 31 312 250
D OemPeriod -1 -6 31 62 452 421
OemPeriod Space -1 5 62 62 250 188
Space LShiftKey 1 4 62 140 312 250
LShiftKey T 2 -5 140 63 124 -16
T H -1 -1 63 63 156 93
H E 1 3 63 63 78 15
E R 0 -1 63 47 141 78
R E 0 1 47 62 125 78
E Space -3 -1 62 63 124 62
Space I 3 -4 63 62 141 78
I S -1 6 62 62 78 16
S Space -2 -2 62 47 156 94
Space N 1 -2 47 63 171 124
N O 2 -3 63 63 125 62
O Space -3 5 63 46 141 78
Space R 3 0 46 47 218 172
R E 0 1 47 78 109 62
E A -1 2 78 63 187 109
A S 0 -1 63 62 141 78
S O 1 -7 62 78 109 47
O N -2 3 78 78 125 47
N Space -1 2 78 31 655 577
Space N 1 -2 31 31 312 281
N O 2 -3 31 78 125 94
O T 0 4 78 47 140 62
T Space -3 1 47 47 94 47
Space T 3 -1 47 47 187 140
T O 0 -4 47 62 94 47
O Space -3 5 62 78 124 62
Space F 2 0 78 46 656 578
F O 1 -5 46 47 93 47
O L -1 0 47 47 172 125
L L 0 0 47 62 109 62
L O 1 0 62 47 140 78
O W 0 7 47 31 188 141
W Space -3 -2 31 62 109 78
Space Y 3 -2 62 62 343 281
Y O 0 -3 62 94 109 47
O U 0 2 94 93 63 -31
U R 0 3 93 47 187 94
R Space -3 0 47 62 125 78
Space H 2 -2 62 63 561 499
H E 1 3 63 62 63 0
E A -1 2 62 62 156 94
A R 1 -3 62 47 171 109
R T 0 -1 47 47 390 343
T OemPeriod -2 -4 47 47 250 203
OemPeriod Return 1 -3 47 62 359 312
Return LShiftKey -1 12 62 249 499 437
LShiftKey A 1 -1 249 94 171 -78
A B -1 -4 94 31 3557 3463
B O 2 -4 31 93 141 110
O U 0 2 93 78 62 -31
U T 0 2 78 62 156 78
T Space -3 1 62 63 109 47
Space A 2 3 63 62 141 78
A Space -2 -3 62 62 109 47
Space Y 3 -2 62 47 811 749
Y E 0 3 47 46 94 47
E A -1 2 46 62 187 141
A R 1 -3 62 47 187 125
R Space -3 0 47 47 125 78
Space A 2 3 47 47 156 109
A G 0 -4 47 31 593 546
G O 1 -4 31 62 218 187
O Space -3 5 62 78 140 78
Space LShiftKey 1 4 78 156 328 250
LShiftKey I 2 -8 156 63 109 -47
I Space -3 4 63 62 125 62
Space W 3 2 62 47 203 141
W A -1 1 47 94 140 93
A S 0 -1 94 78 78 -16
S Space -2 -2 78 31 156 78
Space D 2 1 31 63 390 359
D I 1 -5 63 47 125 62
I A -1 7 47 31 1669 1622
A G 0 -4 31 63 421 390
G N -1 -1 63 31 1514 1451
N O 2 -3 31 47 202 171
O S -1 7 47 62 141 94
S E 1 -1 62 31 156 94
E D -1 0 31 46 125 94
D Space -2 -1 46 31 171 125
Space W 3 2 31 47 749 718
W I 0 -6 47 47 109 62
I H -1 2 47 47 203 156
H Back 2 -7 47 31 515 468
Back T -1 8 31 47 608 577
T H -1 -1 47 62 94 47
H Space -2 2 62 47 140 78
Space C 1 1 47 63 187 140
C A 1 2 63 47 172 109
A N -1 -5 47 47 62 15
N C 0 3 47 63 125 78
C E 2 0 63 63 156 93
E R 0 -1 63 47 156 93
R OemPeriod -2 -5 47 63 889 842
OemPeriod Space -1 5 63 78 94 31
Space LShiftKey 1 4 78 94 140 62
LShiftKey I 2 -8 94 63 78 -16
I Space -3 4 63 78 110 47
Space H 2 -2 78 47 686 608
H A 0 5 47 46 94 47
A V -1 -3 46 47 93 47
V E 2 1 47 31 156 109
E Back 1 -10 31 47 577 546
Back Back 0 0 47 47 125 78
Back D -2 10 47 47 889 842
D Space -2 -1 47 62 188 141
Space A 2 3 62 62 1045 983
A Space -2 -3 62 46 203 141
Space S 2 2 46 62 421 375
S C -1 -1 62 47 171 109
C A 1 2 47 63 156 109
A N -1 -5 63 47 141 78
N Space -1 2 47 63 140 93
Space A 2 3 63 31 281 218
A T 1 -4 31 46 406 375
T Space -3 1 46 31 140 94
Space D7 4 -3 31 47 655 624
D7 RShiftKey -3 -4 47 203 874 827
RShiftKey Oem1 1 1 203 62 187 -16
Oem1 D3 2 7 62 47 608 546
D3 D0 0 -7 47 63 156 109
D0 Space -4 6 63 78 422 359
Space I 3 -4 78 125 764 686
I N -2 2 125 125 62 -63
N Space -1 2 125 63 125 0
Space T 3 -1 63 63 577 514
T H -1 -1 63 62 63 0
H E 1 3 62 32 249 187
E Space -3 -1 32 47 125 93
Space M 1 -3 47 47 328 281
M O 2 -2 47 47 234 187
O R 0 5 47 31 156 109
R N -2 -2 31 109 109 78
N I 2 -2 109 156 78 -31
I N -2 2 156 78 94 -62
N G 1 1 78 31 93 15
G Oemcomma -1 -3 31 46 765 734
Oemcomma Space -1 4 46 47 93 47
Space A 2 3 47 47 499 452
A N -1 -5 47 46 110 63
N D 1 3 46 47 124 78
D Space -2 -1 47 62 141 94
Space I 3 -4 62 47 1653 1591
I T 0 3 47 47 78 31
T Space -3 1 47 78 94 47
Space C 1 1 78 31 234 156
C E 2 0 31 63 140 109
E R 0 -1 63 47 141 78
R T 0 -1 47 62 187 140
T A -1 4 62 63 218 156
A I 1 -7 63 62 94 31
I N -2 2 62 63 62 0
N L 1 -3 63 47 250 187
L Y 1 3 47 47 281 234
Y Space -3 2 47 16 889 842
Space S 2 2 16 47 655 639
S H 0 -4 47 62 63 16
H O 1 -3 62 47 171 109
O W 0 7 47 47 343 296
W E 0 -1 47 62 172 125
E D -1 0 62 31 172 110
D Space -2 -1 31 31 1014 983
Space A 2 3 31 47 124 93
A Space -2 -3 47 31 141 94
Space T 3 -1 31 47 608 577
T U 0 -2 47 32 109 62
U M -2 0 32 31 266 234
M O 2 -2 31 63 171 140
O R 0 5 63 15 796 733
R Space -3 0 15 46 125 110
Space O 3 -5 46 93 187 141
O N -2 3 93 109 125 32
N Space -1 2 109 94 249 140
Space M 1 -3 94 78 141 47
M Y 2 1 78 62 296 218
Y Space -3 2 62 62 125 63
Space P 3 -6 62 63 639 577
P A -1 9 63 47 125 62
A N -1 -5 47 46 141 94
N C 0 3 46 62 702 656
C R 2 -1 62 47 171 109
R E 0 1 47 62 125 78
E A -1 2 62 63 187 125
A S 0 -1 63 78 125 62
S OemPeriod -1 -7 78 47 1170 1092
OemPeriod Space -1 5 47 94 78 31
Space LShiftKey 1 4 94 94 156 62
LShiftKey I 2 -8 94 63 62 -32
I Space -3 4 63 47 125 62
Space D 2 1 47 47 437 390
D I 1 -5 47 78 62 15
I D -1 5 78 47 94 16
D N -1 -3 47 31 749 702
N Oem7 1 -5 31 31 452 421
Oem7 T 1 6 31 63 265 234
T Space -3 1 63 62 110 47
Space E 3 1 62 31 4789 4727
E V -2 -1 31 47 187 156
V E 2 1 47 46 172 125
E N -2 -3 46 62 78 32
N Space -1 2 62 78 124 62
Space K 2 -4 78 62 578 500
K N -1 2 62 78 109 47
N O 2 -3 78 47 156 78
O W 0 7 47 46 125 78
W Space -3 -2 46 47 124 78
Space W 3 2 47 63 156 109
W H -1 -4 63 31 203 140
H A 0 5 31 63 78 47
A T 1 -4 63 47 250 187
T Space -3 1 47 31 109 62
Space A 2 3 31 62 125 94
A Space -2 -3 62 31 125 63
Space P 3 -6 31 63 140 109
P A -1 9 63 47 172 109
A N -1 -5 47 47 78 31
N C 0 3 47 78 249 202
C R 2 -1 78 47 203 125
R E 0 1 47 62 141 94
E A -1 2 62 78 187 125
A S 0 -1 78 63 93 15
S Space -2 -2 63 32 156 93
Space W 3 2 32 62 94 62
W A -1 1 62 125 515 453
A S 0 -1 125 94 93 -32
S OemPeriod -1 -7 94 62 843 749
OemPeriod Space -1 5 62 47 78 16
Space LShiftKey 1 4 47 109 109 62
LShiftKey T 2 -5 109 47 140 31
T H -1 -1 47 63 156 109
H E 1 3 63 47 125 62
E Space -3 -1 47 47 156 109
Space D 2 1 47 63 811 764
D O 1 -6 63 63 125 62
O C -2 6 63 31 94 31
C T 2 -2 31 46 281 250
T O 0 -4 46 46 78 32
O R 0 5 46 31 218 172
R S -1 2 31 46 1576 1545
S Space -2 -2 46 46 2652 2606
Space T 3 -1 46 46 780 734
T O 0 -4 46 62 109 63
O L -1 0 62 62 187 125
L D 0 6 62 47 265 203
D Space -2 -1 47 47 94 47
Space M 1 -3 47 62 187 140
M W 2 5 62 31 172 110
W E 0 -1 31 31 15 -16
E Space -3 -1 31 47 109 78
Space T 3 -1 47 47 125 78
T H -1 -1 47 78 94 47
H I 1 -2 78 62 78 0
I S -1 6 62 47 187 125
S Space -2 -2 47 62 1888 1841
Space W 3 2 62 62 140 78
W A -1 1 62 78 125 63
A S 0 -1 78 109 62 -16
S Space -2 -2 109 63 109 0
Space A 2 3 63 47 3947 3884
A L 0 -8 47 47 203 156
L M -1 2 47 94 218 171
M O 2 -2 94 63 125 31
O S -1 7 63 62 141 78
S T 1 -3 62 31 218 156
T Space -3 1 31 16 109 78
Space C 1 1 16 47 234 218
C E 2 0 47 47 156 109
E R 0 -1 47 46 141 94
R T 0 -1 46 47 202 156
T A -1 4 47 47 219 172
A I 1 -7 47 63 93 46
I N -2 2 63 63 78 15
N L 1 -3 63 78 203 140
L Y 1 3 78 63 265 187
Y Space -3 2 63 62 297 234
Space A 2 3 62 78 593 531
A Space -2 -3 78 31 140 62
Space T 3 -1 31 47 296 265
T Y 0 -1 47 62 110 63
Y P 0 -4 62 63 249 187
P E 0 7 63 47 187 124
E Space -3 -1 47 62 94 47
Space O 3 -5 62 47 187 125
O F -1 5 47 32 421 374
F Space -2 0 32 32 156 124
Space C 1 1 32 47 406 374
C A 1 2 47 47 156 109
A N -1 -5 47 31 125 78
N C 0 3 31 62 312 281
C E 2 0 62 47 187 125
E R 0 -1 47 62 125 78
R Space -3 0 62 62 3666 3604
Space T 3 -1 62 62 156 94
T H -1 -1 62 47 78 16
H A 0 5 47 47 156 109
A T 1 -4 47 47 62 15
T Space -3 1 47 47 359 312
Space I 3 -4 47 62 156 109
I S -1 6 62 47 109 47
S Space -2 -2 47 32 109 62
Space C 1 1 32 31 344 312
C Back 3 -10 31 16 1762 1731
Back I -1 5 16 47 562 546
I N -2 2 47 47 515 468
N C 0 3 47 62 265 218
C U 2 -4 62 47 109 47
U R 0 3 47 47 125 78
R A -1 3 47 62 172 125
A B -1 -4 62 31 187 125
B L 1 -4 31 62 577 546
L E 1 6 62 31 125 63
E Oemcomma -2 -5 31 47 2964 2933
Oemcomma Space -1 4 47 46 125 78
Space A 2 3 46 63 93 47
A N -1 -5 63 47 109 46
N D 1 3 47 47 453 406
D Space -2 -1 47 47 218 171
Space T 3 -1 47 62 94 47
T H -1 -1 62 62 125 63
H A 0 5 62 47 140 78
A T 1 -4 47 47 78 31
T Space -3 1 47 47 234 187
Space LShiftKey 1 4 47 62 203 156
LShiftKey I 2 -8 62 47 31 -31
I Space -3 4 47 47 998 951
Space S 2 2 47 62 172 125
S H 0 -4 62 47 78 16
H O 1 -3 47 125 109 62
O U 0 2 125 63 109 -16
U L -1 -2 63 78 188 125
L D 0 6 78 47 124 46
D Space -2 -1 47 62 63 16
Space E 3 1 62 31 2449 2387
E X -2 1 31 47 187 156
X P 2 -8 47 47 421 374
P E 0 7 47 46 110 63
E C -2 0 46 46 156 110
C T 2 -2 46 47 171 125
T Space -3 1 47 63 78 31
Space T 3 -1 63 46 141 78
T O 0 -4 46 78 31 -15
O Space -3 5 78 62 125 47
Space L 2 -5 62 63 124 62
L I 1 1 63 47 156 93
I V -2 4 47 47 250 203
V E 2 1 47 31 250 203
E Space -3 -1 31 62 1981 1950
Space N 1 -2 62 47 327 265
N O 2 -3 47 78 110 63
O Space -3 5 78 78 171 93
Space L 2 -5 78 46 219 141
L O 1 0 46 62 140 94
O N -2 3 62 47 187 125
N G 1 1 47 46 375 328
G E 1 2 46 46 156 110
E R 0 -1 46 63 327 281
R Space -3 0 63 62 141 78
Space T 3 -1 62 47 109 47
T H -1 -1 47 47 78 31
H A 0 5 47 62 187 140
A N -1 -5 62 47 187 125
N Space -1 2 47 47 156 109
Space T 3 -1 47 31 936 889
T H -1 -1 31 31 94 63
H E 1 3 31 15 234 203
E Back 1 -10 15 16 1279 1264
Back R -1 9 16 62 125 109
R E 0 1 62 47 171 109
E E 0 0 47 47 125 78
E Space -3 -1 47 62 125 78
Space T 3 -1 62 47 125 63
T O 0 -4 47 47 93 46
O Space -3 5 47 62 94 47
Space S 2 2 62 47 296 234
S I 1 -6 47 63 156 109
I X -2 6 63 62 422 359
X Space -1 -2 62 78 1653 1591
Space M 1 -3 78 94 234 156
M O 2 -2 94 125 78 -16
O N -2 3 125 94 109 -16
N T 2 1 94 47 203 109
T H -1 -1 47 47 78 31
H S 0 4 47 47 250 203
S OemPeriod -1 -7 47 47 998 951
OemPeriod Space -1 5 47 47 187 140
Space LShiftKey 1 4 47 125 952 905
LShiftKey M 0 -7 125 31 109 -16
M Y 2 1 31 62 172 141
Y Space -3 2 62 78 125 63
Space D 2 1 78 31 296 218
D O 1 -6 31 47 125 94
O C -2 6 47 47 109 62
C T 2 -2 47 31 250 203
T O 0 -4 31 46 78 47
O R 0 5 46 62 187 141
R Space -3 0 62 47 156 94
Space A 2 3 47 78 156 109
A D 0 -2 78 31 187 109
D V -1 -1 31 31 234 203
V I 2 -4 31 62 156 125
I S -1 6 62 62 125 63
S E 1 -1 62 47 156 94
E D -1 0 47 47 140 93
D Space -2 -1 47 63 78 31
Space M 1 -3 63 46 141 78
M E 2 4 46 62 78 32
E Space -3 -1 62 47 124 62
Space T 3 -1 47 31 141 94
T O 0 -4 31 63 93 62
O Space -3 5 63 47 2574 2511
Space H 2 -2 47 47 234 187
H Back 2 -7 47 47 671 624
Back G -2 8 47 46 609 562
G O 1 -4 46 62 109 63
O Space -3 5 62 78 140 78
Space T 3 -1 78 62 827 749
T Back 1 -8 62 63 1357 1295
Back H -2 7 63 63 3307 3244
H O 1 -3 63 47 125 62
O M -2 2 47 62 453 406
M E 2 4 62 47 140 78
E Space -3 -1 47 47 78 31
Space A 2 3 47 47 203 156
A N -1 -5 47 46 47 0
N D 1 3 46 47 358 312
D Space -2 -1 47 31 297 250
Space G 2 -1 31 47 951 920
G E 1 2 47 62 94 47
E T 0 -2 62 47 187 125
T Space -3 1 47 63 78 31
Space M 1 -3 63 63 156 93
M Y 2 1 63 62 219 156
Y Space -3 2 62 62 109 47
Space A 2 3 62 47 156 94
A F 0 -3 47 47 171 124
F F 0 0 47 78 94 47
F A 0 3 78 62 203 125
A I 1 -7 62 47 468 406
I R 0 4 47 47 109 62
R S -1 2 47 62 250 203
S Space -2 -2 62 47 124 62
Space I 3 -4 47 93 141 94
I N -2 2 93 93 78 -15
N Space -1 2 93 47 93 0
Space O 3 -5 47 62 188 141
O R 0 5 62 63 124 62
R D -1 1 63 62 375 312
D E 1 0 62 63 140 78
E R 0 -1 63 47 156 93
R Oemcomma -2 -4 47 62 2325 2278
Oemcomma Space -1 4 62 47 93 31
Space W 3 2 47 47 156 109
W H -1 -4 47 78 31 -16
H I 1 -2 78 94 156 78
I C -2 5 94 32 156 62
C H 1 -3 32 47 63 31
H Space -2 2 47 62 187 140
Space I 3 -4 62 47 1529 1467
I S -1 6 47 47 93 46
S Space -2 -2 47 47 125 78
Space D 2 1 47 63 390 343
D O 1 -6 63 47 328 265
O C -2 6 47 62 187 140
C T 2 -2 62 47 343 281
T O 0 -4 47 47 78 31
O R 0 5 47 47 234 187
R Oem7 -1 -7 47 47 312 265
Oem7 S 0 9 47 62 94 47
S Space -2 -2 62 62 109 47
Space C 1 1 62 62 94 32
C O 2 -6 62 63 124 62
O D -1 6 63 78 484 421
D E 1 0 78 47 905 827
E Space -3 -1 47 31 1217 1170
Space F 2 0 31 47 124 93
F O 1 -5 47 63 78 31
O R 0 5 63 63 78 15
R Space -3 0 63 62 94 31
Space P 3 -6 62 63 530 468
P R 0 6 63 46 110 47
R E 0 1 46 47 124 78
E P 0 -7 47 62 141 94
P A -1 9 62 47 171 109
A R 1 -3 47 16 1654 1607
R E 0 1 16 47 125 109
E Space -3 -1 47 16 109 62
Space T 3 -1 16 32 140 124
T O 0 -4 32 62 63 31
O Space -3 5 62 78 93 31
Space D 2 1 78 78 453 375
D I 1 -5 78 63 93 15
I E 0 5 63 94 94 31
E OemPeriod -2 -6 94 47 3619 3525
OemPeriod Space -1 5 47 62 125 78
Space LShiftKey 1 4 62 93 94 32
LShiftKey I 2 -8 93 63 124 31
I T 0 3 63 47 250 187
T Space -3 1 47 78 109 62
Space M 1 -3 78 63 187 109
M E 2 4 63 62 94 31
E Left -3 -8 62 47 1919 1857
Left Left 0 0 47 31 140 93
Left Left 0 0 31 32 109 78
Left Left 0 0 32 62 110 78
Left Back 4 -2 62 46 780 718
Back Back 0 0 46 31 920 874
Back Space -4 9 31 62 796 765
Space LShiftKey 1 4 62 156 187 125
LShiftKey I 2 -8 156 15 78 -78
I Right -3 -5 15 249 390 375
Right Right 0 0 249 62 343 94
Right Right 0 0 62 63 140 78
Right Right 0 0 63 15 141 78
Right A 2 12 15 62 780 765
A N -1 -5 62 62 156 94
N S 1 4 62 47 78 16
S Space -2 -2 47 62 125 78
Space T 3 -1 62 47 171 109
T O 0 -4 47 62 63 16
O Space -3 5 62 78 109 47
Space T 3 -1 78 32 2667 2589
T R 0 1 32 47 156 124
R Y 0 -2 47 31 47 0
Y Space -3 2 31 62 250 219
Space T 3 -1 62 47 764 702
T O 0 -4 47 78 94 47
O Space -3 5 78 94 109 31
Space T 3 -1 94 47 343 249
T E 0 2 47 47 156 109
E L -1 -6 47 62 437 390
L L 0 0 62 47 140 78
L Space -2 5 47 62 141 94
Space Y 3 -2 62 63 452 390
Y O 0 -3 63 125 125 62
O U 0 2 125 78 78 -47
U R 0 3 78 31 234 156
R Space -3 0 31 78 109 78
Space K 2 -4 78 47 359 281
K I 1 0 47 63 109 62
I D -1 5 63 31 609 546
D S 0 1 31 32 358 327
S Space -2 -2 32 31 3183 3151
Space E 3 1 31 47 140 109
E V -2 -1 47 47 219 172
V E 2 1 47 78 140 93
E R 0 -1 78 46 141 63
R Y 0 -2 46 47 187 141
Y T 0 1 47 47 265 218
T H -1 -1 47 47 62 15
H I 1 -2 47 156 32 -15
I N -2 2 156 109 109 -47
N G 1 1 109 31 125 16
G Space -2 1 31 94 124 93
Space Y 3 -2 94 78 219 125
Y O 0 -3 78 140 109 31
O U 0 2 140 109 78 -62
U Space -3 3 109 46 250 141
Space T 3 -1 46 46 156 110
T H -1 -1 46 63 93 47
H O 1 -3 63 140 141 78
O U 0 2 140 78 109 -31
U G -1 2 78 47 312 234
G H 0 -1 47 63 62 15
H T 1 1 63 62 141 78
T Space -3 1 62 47 2870 2808
Space Y 3 -2 47 46 250 203
Y O 0 -3 46 93 1716 1670
O U 0 2 93 62 62 -31
U Oem7 -1 -4 62 47 499 437
Oem7 D 0 8 47 31 250 203
D Space -2 -1 31 47 78 47
Space H 2 -2 47 47 4914 4867
H A 0 5 47 47 78 31
A V -1 -3 47 47 93 46
V E 2 1 47 47 125 78
E Space -3 -1 47 62 94 47
Space T 3 -1 62 46 125 63
T H -1 -1 46 62 78 32
H E 1 3 62 47 124 62
E Space -3 -1 47 63 78 31
Space N 1 -2 63 63 156 93
N E 2 3 63 31 94 31
E X -2 1 31 62 156 125
X T 2 -3 62 31 281 219
T Space -3 1 31 63 93 62
Space D1 4 3 63 31 734 671
D1 D0 0 -9 31 62 218 187
D0 Space -4 6 62 78 140 78
Space Y 3 -2 78 31 375 297
Y E 0 3 31 78 140 109
E A -1 2 78 62 172 94
A T 1 -4 62 47 109 47
T S -1 3 47 31 156 109
S Space -2 -2 31 78 967 936
Space T 3 -1 78 62 3573 3495
T O 0 -4 62 62 78 16
O Space -3 5 62 93 109 47
Space T 3 -1 93 47 171 78
T E 0 2 47 63 203 156
E L -1 -6 63 47 281 218
L L 0 0 47 47 125 78
L Space -2 5 47 47 265 218
Space T 3 -1 47 47 156 109
T H -1 -1 47 47 62 15
H E 1 3 47 63 125 78
E M -2 -4 63 62 94 31
M Space -1 3 62 63 93 31
Space I 3 -4 63 93 188 125
I N -2 2 93 109 78 -15
N Space -1 2 109 78 124 15
Space J 2 -3 78 47 780 702
J U 1 0 47 31 172 125
U S -1 5 31 62 47 16
S T 1 -3 62 47 889 827
T Space -3 1 47 78 156 109
Space A 2 3 78 47 125 47
A Space -2 -3 47 47 109 62
Space F 2 0 47 47 515 468
F E 1 1 47 47 109 62
E W 0 1 47 63 140 93
W Space -3 -2 63 62 172 109
Space M 1 -3 62 78 218 156
M O 2 -2 78 125 94 16
O N -2 3 125 94 109 -16
N T 2 1 94 47 234 140
T H -1 -1 47 31 78 31
H S 0 4 31 63 156 125
S OemPeriod -1 -7 63 62 983 920
OemPeriod Space -1 5 62 62 125 63
Space LShiftKey 1 4 62 94 62 0
LShiftKey I 2 -8 94 62 125 31
I T 0 3 62 16 234 172
T Space -3 1 16 47 936 920
Space M 1 -3 47 46 172 125
M E 2 4 46 31 93 47
E A -1 2 31 62 141 110
A N -1 -5 62 47 124 62
N S 1 4 47 63 78 31
S Back 2 -11 63 31 5710 5647
Back Back 0 0 31 31 3994 3963
Back LShiftKey -3 13 31 592 156 125
LShiftKey T 2 -5 592 47 530 -62
T Right -3 -8 47 31 4025 3978
Right Back 4 0 31 31 468 437
Back LShiftKey -3 13 31 530 156 125
LShiftKey Y 2 -6 530 32 483 -47
Y Back 1 -7 32 15 2450 2418
Back LShiftKey -3 13 15 188 124 109
LShiftKey I 2 -8 188 47 141 -47
I Space -3 4 47 15 4056 4009
Space T 3 -1 15 47 140 125
T O 0 -4 47 78 31 -16
O Space -3 5 78 78 94 16
Space M 1 -3 78 62 172 94
M A 1 6 62 47 109 47
A K 0 -7 47 47 93 46
K E 1 5 47 62 141 94
E Space -3 -1 62 78 187 125
Space S 2 2 78 47 234 156
S U 1 -5 47 47 156 109
U R 0 3 47 47 187 140
R E 0 1 47 31 156 109
E Space -3 -1 31 31 2028 1997
Space E 3 1 31 47 156 125
E V -2 -1 47 32 343 296
V E 2 1 32 62 141 109
E R 0 -1 62 62 125 63
R Y 0 -2 62 63 171 109
Y T 0 1 63 47 265 202
T H -1 -1 47 63 78 31
H I 1 -2 63 156 47 -16
I N -2 2 156 78 109 -47
N G 1 1 78 47 94 16
G Space -2 1 47 78 125 78
Space I 3 -4 78 94 109 31
I S -1 6 94 47 109 15
S Space -2 -2 47 63 78 31
Space B 1 -1 63 63 156 93
B U 2 -2 63 62 141 78
U T 0 2 62 46 234 172
T T 0 0 46 47 109 63
T O 0 -4 47 63 93 46
O N -2 3 63 47 156 93
N E 2 3 47 47 156 109
E D -1 0 47 46 188 141
D Space -2 -1 46 46 390 344
Space U 3 -3 46 78 577 531
U P 0 -3 78 78 218 140
P Space -3 6 78 78 125 47
Space S 2 2 78 47 780 702
S O 1 -7 47 63 62 15
O Space -3 5 63 62 110 47
Space T 3 -1 62 47 124 62
T H -1 -1 47 47 94 47
H A 0 5 47 46 172 125
A T 1 -4 46 47 124 78
T Space -3 1 47 31 328 281
Space I 3 -4 31 47 343 312
I T 0 3 47 46 219 172
T Space -3 1 46 47 109 63
Space W 3 2 47 31 156 109
W I 0 -6 31 47 109 78
I L -1 -1 47 47 187 140
L L 0 0 47 62 125 78
L Space -2 5 62 62 156 94
Space B 1 -1 62 46 406 344
B E 2 2 46 47 93 47
E Space -3 -1 47 47 94 47
Space E 3 1 47 62 343 296
E A -1 2 62 78 172 110
A S 0 -1 78 94 46 -32
S Y 1 -4 94 62 266 172
Y Space -3 2 62 63 249 187
Space RShiftKey 1 -7 63 124 1779 1716
RShiftKey Left -1 0 124 47 655 531
Left Left 0 0 47 46 125 78
Left Left 0 0 46 63 93 47
Left Left 0 0 63 47 125 62
Left Left 0 0 47 32 296 249
Left A 2 10 32 78 328 296
A S 0 -1 78 94 78 0
S Space -2 -2 94 62 250 156
Space Right 0 -9 62 94 140 78
Right Right 0 0 94 46 172 78
Right Right 0 0 46 47 124 78
Right Right 0 0 47 78 422 375
Right Space 0 9 78 31 717 639
Space A 2 3 31 78 858 827
A S 0 -1 78 93 94 16
S Space -2 -2 93 47 140 47
Space P 3 -6 47 62 172 125
P O 0 1 62 47 171 109
O S -1 7 47 47 125 78
S S 0 0 47 31 141 94
S I 1 -6 31 32 124 93
I B -2 3 32 31 359 327
B L 1 -4 31 47 94 63
L E 1 6 47 47 171 124
E Space -3 -1 47 63 156 109
Space F 2 0 63 47 1685 1622
F O 1 -5 47 62 94 47
O R 0 5 62 47 78 16
R Space -3 0 47 62 109 62
Space Y 3 -2 62 63 218 156
Y O 0 -3 63 109 125 62
O U 0 2 109 78 63 -46
U R 0 3 78 47 187 109
R Space -3 0 47 62 109 62
Space F 2 0 62 62 390 328
F A 0 3 62 62 156 94
A M -1 -6 62 47 218 156
M I 2 -1 47 47 141 94
I L -1 -1 47 62 156 109
L Y 1 3 62 62 203 141
Y Oemcomma -2 -2 62 62 842 780
Oemcomma Back 3 -5 62 46 718 656
Back OemPeriod -3 4 46 78 249 203
OemPeriod Space -1 5 78 47 109 31
Space LShiftKey 1 4 47 94 125 78
LShiftKey I 2 -8 94 63 109 15
I T 0 3 63 31 297 234
T Space -3 1 31 47 140 109
Space M 1 -3 47 47 624 577
M Back 3 -6 47 63 390 343
Back Back 0 0 63 31 156 93
Back Back 0 0 31 31 453 422
Back Back 0 0 31 62 140 109
Back LShiftKey -3 13 62 156 499 437
LShiftKey I 2 -8 156 47 125 -31
I T 0 3 47 62 312 265
T Space -3 1 62 62 125 63
Space M 1 -3 62 63 171 109
M E 2 4 63 63 78 15
E A -1 2 63 109 141 78
A N -1 -5 109 47 171 62
N S 1 4 47 63 281 234
S Space -2 -2 63 31 1155 1092
Space T 3 -1 31 63 202 171
T O 0 -4 63 78 78 15
O Space -3 5 78 78 110 32
Space S 2 2 78 93 733 655
S A 0 1 93 63 93 0
A Y 1 -5 63 78 281 218
Y Space -3 2 78 78 702 624
Space Y 3 -2 78 63 390 312
Y O 0 -3 63 140 125 62
O U 0 2 140 94 78 -62
U R 0 3 94 46 250 156
R Space -3 0 46 78 156 110
Space G 2 -1 78 47 405 327
G O 1 -4 47 62 281 234
O O 0 0 62 78 109 47
O D -1 6 78 46 219 141
D Space -2 -1 46 78 124 78
Space Back 4 -9 78 62 578 500
Back B -3 8 62 63 670 608
B Y 2 -1 63 63 1139 1076
Y E 0 3 63 47 94 31
E S -1 1 47 62 359 312
S OemPeriod -1 -7 62 46 312 250
OemPeriod Return 1 -3 46 47 452 406
Return LShiftKey -1 12 47 141 3697 3650
LShiftKey I 2 -8 141 62 125 -16
I Space -3 4 62 78 125 63
Space L 2 -5 78 47 171 93
L I 1 1 47 47 156 109
I V -2 4 47 46 344 297
V E 2 1 46 31 140 94
E D -1 0 31 31 156 125
D Space -2 -1 31 62 250 219
Space W 3 2 62 63 436 374
W I 0 -6 63 63 125 62
I T 0 3 63 47 187 124
T H -1 -1 47 62 32 -15
H Space -2 2 62 63 795 733
Space T 3 -1 63 47 125 62
T H -1 -1 47 46 94 47
H A 0 5 46 62 140 94
A T 1 -4 62 46 94 32
T Space -3 1 46 78 156 110
Space D 2 1 78 62 967 889
D I 1 -5 62 63 62 0
I A -1 7 63 46 141 78
A G 0 -4 46 46 624 578
G O 1 -4 46 62 109 63
O N -2 3 62 62 187 125
N A 1 5 62 47 156 94
A S 0 -1 47 47 1513 1466
S I 1 -6 47 62 125 78
I S -1 6 62 47 47 -15
S Space -2 -2 47 62 421 374
Space A 2 3 62 46 250 188
A L 0 -8 46 47 140 94
L L 0 0 47 47 109 62
L Space -2 5 47 78 172 125
Space S 2 2 78 31 421 343
S Back 2 -11 31 47 546 515
Back D -2 10 47 46 718 671
D A 0 2 46 62 296 250
A Y 1 -5 62 46 94 32
Y Left -3 -5 46 63 3993 3947
Left OemPeriod 1 2 63 78 1248 1185
OemPeriod Space -1 5 78 78 125 47
Space LShiftKey 1 4 78 312 141 63
LShiftKey L 1 -9 312 47 249 -63
L A 0 8 47 63 187 140
A T 1 -4 63 62 250 187
T E 0 2 62 47 125 63
E R 0 -1 47 78 249 202
R Space -3 0 78 32 156 78
Space T 3 -1 32 62 94 62
T H -1 -1 62 47 109 47
H A 0 5 47 78 125 78
A T 1 -4 78 47 62 -16
T Space -3 1 47 47 125 78
Space E 3 1 47 47 109 62
E V -2 -1 47 63 234 187
V E 2 1 63 47 172 109
E N -2 -3 47 32 140 93
N I 2 -2 32 109 437 405
I N -2 2 109 94 78 -31
N G 1 1 94 32 109 15
G Space -2 1 32 63 780 748
Space LShiftKey 1 4 63 125 156 93
LShiftKey I 2 -8 125 62 110 -15
I Space -3 4 62 63 93 31
Space H 2 -2 63 62 219 156
H A 0 5 62 47 93 31
A D 0 -2 47 47 203 156
D Space -2 -1 47 62 312 265
Space A 2 3 62 62 671 609
A Space -2 -3 62 62 156 94
Space B 1 -1 62 46 983 921
B I 2 -3 46 62 374 328
I O 0 -1 62 31 1373 1311
O P 0 -1 31 47 156 125
P S -1 8 47 31 764 717
S Y 1 -4 31 46 63 32
Y Oemcomma -2 -2 46 47 2293 2247
Oemcomma Space -1 4 47 62 78 31
Space W 3 2 62 78 499 437
W H -1 -4 78 63 62 -16
H E 1 3 63 62 110 47
E R 0 -1 62 62 140 78
R E 0 1 62 47 140 78
E Space -3 -1 47 31 188 141
Space T 3 -1 31 62 234 203
T H -1 -1 62 46 78 16
H E 1 3 46 46 546 500
E Y 0 -3 46 63 93 47
Y Space -3 2 63 78 125 62
Space S 2 2 78 78 187 109
S T 1 -3 78 31 219 141
T U 0 -2 31 47 202 171
U C -2 4 47 47 156 109
C K 1 -5 47 47 1186 1139
K Space -2 4 47 47 140 93
Space A 2 3 47 46 110 63
A N -1 -5 46 47 171 125
N Space -1 2 47 47 187 140
Space E 3 1 47 47 718 671
E N -2 -3 47 31 109 62
N D 1 3 31 47 406 375
D O 1 -6 47 47 93 46
O S -1 7 47 47 468 421
S C -1 -1 47 31 188 141
C O 2 -6 31 46 234 203
O P 0 -1 46 62 374 328
P Y 0 4 62 63 374 312
Y Space -3 2 63 63 702 639
Space Back 4 -9 63 47 952 889
Back Back 0 0 47 31 156 109
Back E -1 10 31 47 702 671
E Space -3 -1 47 62 125 78
Space D 2 1 62 63 4929 4867
D I 1 -5 63 31 94 31
I Back 1 -5 31 31 796 765
Back O -1 4 31 47 202 171
O W 0 7 47 31 125 78
W N -2 -4 31 62 219 188
N Space -1 2 62 47 171 109
Space M 1 -3 47 47 187 140
M Y 2 1 47 63 203 156
Y Space -3 2 63 47 125 62
Space T 3 -1 47 47 203 156
T H -1 -1 47 47 31 -16
H R 1 2 47 31 390 343
R O 0 -5 31 63 62 31
O A -1 8 63 46 266 203
A T 1 -4 46 63 327 281
T Oemcomma -2 -3 63 47 1560 1497
Oemcomma Space -1 4 47 78 78 31
Space T 3 -1 78 31 1701 1623
T H -1 -1 31 47 62 31
H R 1 2 47 47 218 171
R O 0 -5 47 31 94 47
O U 0 2 31 31 203 172
U G -1 2 31 62 1716 1685
G H 0 -1 62 62 47 -15
H Space -2 2 62 78 109 47
Space M 1 -3 78 47 156 78
M Y 2 1 47 63 452 405
Y Space -3 2 63 63 109 46
Space S 2 2 63 63 203 140
S T 1 -3 63 62 297 234
T O 0 -4 62 63 124 62
O M -2 2 63 46 266 203
M A 1 6 46 46 78 32
A C -1 -2 46 62 686 640
C H 1 -3 62 63 62 0
H Space -2 2 63 32 1794 1731
Space A 2 3 32 63 1217 1185
A N -1 -5 63 62 63 0
N D 1 3 62 47 140 78
D Space -2 -1 47 62 94 47
Space I 3 -4 62 78 156 94
I N -2 2 78 94 62 -16
N T 2 1 94 31 250 156
T O 0 -4 31 62 78 47
O Space -3 5 62 32 124 62
Space M 1 -3 32 62 188 156
M Y 2 1 62 46 234 172
Y Space -3 2 46 63 436 390
Space I 3 -4 63 47 172 109
I N -2 2 47 62 78 31
N T 2 1 62 78 437 375
T E 0 2 78 62 203 125
E S -1 1 62 63 171 109
S T 1 -3 63 47 203 140
T I 0 -3 47 47 140 93
I N -2 2 47 47 234 187
N E 2 3 47 32 156 109
E S -1 1 32 62 796 764
S Oemcomma -1 -6 62 47 468 406
Oemcomma Space -1 4 47 62 94 47
Space O 3 -5 62 47 202 140
O P 0 -1 47 16 16 -31
P U 0 3 16 47 140 124
U T 0 2 47 47 687 640
T Back 1 -8 47 62 1123 1076
Back Back 0 0 62 63 140 78
Back Back 0 0 63 62 141 78
Back Back 0 0 62 62 125 63
Back P -1 3 62 31 1107 1045
P U 0 3 31 63 1404 1373
U T 0 2 63 47 109 46
T Space -3 1 47 78 94 47
Space A 2 3 78 62 203 125
A Space -2 -3 62 63 93 31
Space N 1 -2 63 47 406 343
N E 2 3 47 46 172 125
E E 0 0 46 47 109 63
E D -1 0 47 63 171 124
D E 1 0 63 47 172 109
E L -1 -6 47 47 140 93
L Space -2 5 47 78 219 172
Space I 3 -4 78 94 1419 1341
I N -2 2 94 78 78 -16
N T 2 1 78 47 312 234
T O 0 -4 47 78 78 31
O Space -3 5 78 78 110 32
Space M 1 -3 78 47 218 140
M Y 2 1 47 62 234 187
Y Space -3 2 62 62 125 63
Space P 3 -6 62 47 608 546
P A -1 9 47 47 109 62
A N -1 -5 47 32 156 109
N C 0 3 32 62 172 140
C R 2 -1 62 62 172 110
R E 0 1 62 78 124 62
E A -1 2 78 124 188 110
A S 0 -1 124 78 109 -15
S Space -2 -2 78 47 967 889
Space A 2 3 47 63 109 62
A N -1 -5 63 62 125 62
N D 1 3 62 47 109 47
D Space -2 -1 47 62 328 281
Space G 2 -1 62 63 2090 2028
G O 1 -4 63 78 63 0
O T 0 4 78 63 171 93
T Space -3 1 63 62 281 218
Space A 2 3 62 62 593 531
A Space -2 -3 62 47 312 250
Space F 2 0 47 62 858 811
F E 1 1 62 46 203 141
E W 0 1 46 47 218 172
W Space -3 -2 47 47 296 249
Space C 1 1 47 47 593 546
C E 2 0 47 47 172 125
E L -1 -6 47 47 156 109
L L 0 0 47 46 125 78
L S 0 7 46 62 234 188
S Space -2 -2 62 47 1372 1310
Space F 2 0 47 31 125 78
F R 1 0 31 62 125 94
R O 0 -5 62 109 78 16
O M -2 2 109 93 94 -15
M Space -1 3 93 47 62 -31
Space T 3 -1 47 63 109 62
T H -1 -1 63 78 94 31
H E 1 3 78 62 125 47
E Space -3 -1 62 62 78 16
Space T 3 -1 62 62 312 250
T U 0 -2 62 62 156 94
U M -2 0 62 46 234 172
M O 2 -2 46 47 171 125
O R 0 5 47 62 297 250
R OemPeriod -2 -5 62 78 904 842
OemPeriod Space -1 5 78 63 125 47
Space LShiftKey 1 4 63 94 109 46
LShiftKey I 2 -8 94 62 110 16
I Space -3 4 62 47 93 31
Space W 3 2 47 62 141 94
W A -1 1 62 93 156 94
A S 0 -1 93 78 78 -15
S Space -2 -2 78 47 140 62
Space Back 4 -9 47 15 5008 4961
Back LShiftKey -3 13 15 172 218 203
LShiftKey I 2 -8 172 47 109 -63
I S -1 6 47 47 7457 7410
S E 1 -1 47 47 140 93
E D -1 0 47 47 359 312
D A 0 2 47 62 141 94
A T 1 -4 62 46 78 16
T E 0 2 46 47 124 78
E D -1 0 47 47 156 109
D Oemcomma -1 -5 47 78 219 172
Oemcomma Space -1 4 78 78 93 15
Space B 1 -1 78 63 281 203
B U 2 -2 63 46 141 78
U Y 0 1 46 15 0 -46
Y T 0 1 15 31 218 203
T Oemplus 1 -7 31 15 905 874
Oemplus Back 0 -1 15 46 671 656
Back Back 0 0 46 62 109 63
Back Back 0 0 62 62 421 359
Back T -1 8 62 63 499 437
T Space -3 1 63 78 141 78
Space M 1 -3 78 62 187 109
M Y 2 1 62 62 187 125
Y Space -3 2 62 47 156 94
Space W 3 2 47 46 172 125
W I 0 -6 46 47 93 47
I F -1 4 47 47 515 468
F E 1 1 47 78 156 109
E Oemcomma -2 -5 78 47 1685 1607
Oemcomma Space -1 4 47 47 109 62
Space W 3 2 47 47 109 62
W H -1 -4 47 62 141 94
H O 1 -3 62 62 218 156
O Space -3 5 62 62 125 63
Space W 3 2 62 63 171 109
W A -1 1 63 94 125 62
A S 0 -1 94 93 63 -31
S Space -2 -2 93 62 109 16
Space T 3 -1 62 63 140 78
T H -1 -1 63 63 78 15
H E 1 3 63 63 109 46
E R 0 -1 63 32 156 93
R E 0 1 32 46 110 78
E Oemcomma -2 -5 46 47 1684 1638
Oemcomma Space -1 4 47 47 125 78
Space T 3 -1 47 47 328 281
T O 0 -4 47 63 93 46
O L -1 0 63 63 156 93
L D 0 6 63 47 234 171
D Space -2 -1 47 62 63 16
Space M 1 -3 62 63 140 78
M E 2 4 63 47 94 31
E Space -3 -1 47 47 78 31
Space T 3 -1 47 47 140 93
T H -1 -1 47 46 63 16
H A 0 5 46 47 171 125
A T 1 -4 47 46 141 94
T Space -3 1 46 32 904 858
Space W 3 2 32 62 172 140
W H -1 -4 62 47 156 94
H E 1 3 47 46 94 47
E N -2 -3 46 62 78 32
N Space -1 2 62 47 140 78
Space T 3 -1 47 47 1201 1154
T H -1 -1 47 31 47 0
H E 1 3 31 62 156 125
E Y 0 -3 62 31 156 94
Y Space -3 2 31 47 608 577
Space V 1 0 47 47 141 94
V I 2 -4 47 62 109 62
I E 0 5 62 47 156 94
E W 0 1 47 78 140 93
W E 0 -1 78 47 515 437
E D -1 0 47 62 141 94
D Space -2 -1 62 46 1638 1576
Space T 3 -1 46 62 187 141
T H -1 -1 62 47 62 0
H E 1 3 47 46 141 94
E Space -3 -1 46 47 93 47
Space C 1 1 47 47 109 62
C E 2 0 47 63 156 109
E L -1 -6 63 46 188 125
L L 0 0 46 62 109 63
L S 0 7 62 47 156 94
S Space -2 -2 47 47 140 93
Space U 3 -3 47 62 375 328
U N -2 1 62 63 171 109
N D 1 3 63 47 187 124
D E 1 0 47 62 110 63
E R 0 -1 62 47 140 78
R Space -3 0 47 78 562 515
Space A 2 3 78 62 218 140
A Space -2 -3 62 32 140 78
Space M 1 -3 32 47 359 327
M I 2 -1 47 46 219 172
I C -2 5 46 47 187 141
C R 2 -1 47 47 187 140
R O 0 -5 47 78 125 78
O S -1 7 78 47 218 140
S C -1 -1 47 47 234 187
C O 2 -6 47 47 234 187
O P 0 -1 47 47 234 187
P E 0 7 47 62 531 484
E Space -3 -1 62 31 873 811
Space T 3 -1 31 47 109 78
T H -1 -1 47 31 125 78
H E 1 3 31 47 203 172
E Space -3 -1 47 16 125 78
Space D 2 1 16 63 764 748
D O 1 -6 63 47 78 15
O C -2 6 47 62 110 63
C R 2 -1 62 15 265 203
R O 0 -5 15 47 78 63
O Back 1 -4 47 78 686 639
Back Back 0 0 78 78 125 47
Back T -1 8 78 62 858 780
T O 0 -4 62 46 94 32
O R 0 5 46 63 171 125
R S -1 2 63 62 328 265
S Space -2 -2 62 47 3151 3089
Space S 2 2 47 62 250 203
S T 1 -3 62 47 124 62
T A -1 4 47 46 110 63
A R 1 -3 46 94 218 172
R T 0 -1 94 62 250 156
T E 0 2 62 62 218 156
E D -1 0 62 47 156 94
D Space -2 -1 47 31 125 78
Space C 1 1 31 62 109 78
C R 2 -1 62 47 187 125
R Y 0 -2 47 94 312 265
Y O 0 -3 94 62 250 156
O I 0 1 62 32 15 -47
I N -2 2 32 109 63 31
N I 2 -2 109 15 0 -109
I G -1 3 15 31 109 94
G Space -2 1 31 78 109 78
Space B 1 -1 78 63 187 109
B E 2 2 63 46 110 47
E C -2 0 46 47 202 156
C A 1 2 47 62 141 94
A U 1 -6 62 63 140 78
U S -1 5 63 78 78 15
S E 1 -1 78 47 156 78
E Space -3 -1 47 46 1233 1186
Space I 3 -4 46 62 156 110
I T 0 3 62 63 15 -47
T Space -3 1 63 47 187 124
Space Left 0 -7 47 93 4743 4696
Left T 3 6 93 47 4992 4899
T U 0 -2 47 63 62 15
U R 0 3 63 47 156 93
R N -2 -2 47 47 187 140
N E 2 3 47 47 141 94
E D -1 0 47 62 156 109
D Space -2 -1 62 31 156 94
Space O 3 -5 31 109 390 359
O U 0 2 109 94 93 -16
U T 0 2 94 47 172 78
T Space -3 1 47 62 94 47
Space T 3 -1 62 46 156 94
T O 0 -4 46 78 78 32
O Space -3 5 78 62 109 31
Space B 1 -1 62 62 187 125
B E 2 2 62 63 62 0
E Space -3 -1 63 63 125 62
Space A 2 3 63 31 156 93
A Space -2 -3 31 62 453 422
Space V 1 0 62 46 234 172
V E 2 1 46 47 171 125
E R 0 -1 47 47 125 78
R Y 0 -2 47 78 109 62
Y Space -3 2 78 63 109 31
Space R 3 0 63 47 156 93
R A -1 3 47 62 188 141
A R 1 -3 62 47 265 203
R E 0 1 47 47 109 62
E Space -3 -1 47 31 1264 1217
Space F 2 0 31 78 514 483
F O 1 -5 78 46 110 32
O R 0 5 46 46 78 32
R M -2 -3 46 46 234 188
M Space -1 3 46 47 109 63
Space O 3 -5 47 31 1591 1544
O F -1 5 31 46 94 63
F Space -2 0 46 62 109 63
Space P 3 -6 62 62 811 749
P A -1 9 62 31 187 125
A N -1 -5 31 32 187 156
N C 0 3 32 62 266 234
C R 2 -1 62 46 234 172
R E 0 1 46 62 140 94
E A -1 2 62 47 203 141
A T 1 -4 47 31 265 218
T I 0 -3 31 47 140 109
I C -2 5 47 46 188 141
C Space -1 -1 46 62 140 94
Space C 1 1 62 47 140 78
C A 1 2 47 46 188 141
A N -1 -5 46 78 109 63
N C 0 3 78 47 156 78
C E 2 0 47 63 171 124
E R 0 -1 63 47 141 78
R Space -3 0 47 47 764 717
Space T 3 -1 47 47 265 218
T H -1 -1 47 63 78 31
H A 0 5 63 47 172 109
A T 1 -4 47 47 78 31
T Space -3 1 47 62 156 109
Space I 3 -4 62 47 374 312
I S -1 6 47 47 94 47
S Space -2 -2 47 47 109 62
Space C 1 1 47 62 1467 1420
C U 2 -4 62 62 62 0
U R 0 3 62 47 218 156
R A -1 3 47 62 188 141
A B -1 -4 62 16 358 296
B L 1 -4 16 62 110 94
L E 1 6 62 47 124 62
E Space -3 -1 47 63 78 31
Space W 3 2 63 47 297 234
W I 0 -6 47 62 78 31
I T 0 3 62 47 156 94
T H -1 -1 47 62 78 31
H Space -2 2 62 63 140 78
Space S 2 2 63 63 312 249
S U 1 -5 63 32 109 46
U R 0 3 32 63 156 124
R G -1 -1 63 31 375 312
G E 1 2 31 62 156 125
E R 0 -1 62 15 203 141
R Y 0 -2 15 32 1138 1123
Y OemPeriod -2 -3 32 78 422 390
OemPeriod Space -1 5 78 93 109 31
Space LShiftKey 1 4 93 93 78 -15
LShiftKey I 2 -8 93 62 109 16
I Space -3 4 62 47 125 63
Space H 2 -2 47 46 515 468
H A 0 5 46 62 78 32
A D 0 -2 62 47 982 920
D Space -2 -1 47 31 110 63
Space T 3 -1 31 62 140 109
T H -1 -1 62 47 78 16
H E 1 3 47 63 109 62
E Space -3 -1 63 47 78 15
Space S 2 2 47 78 203 156
S U 1 -5 78 47 156 78
U R 0 3 47 31 203 156
R G -1 -1 31 47 374 343
G E 1 2 47 78 187 140
E R 0 -1 78 47 671 593
R Y 0 -2 47 62 63 16
Y Space -3 2 62 62 187 125
Space A 2 3 62 31 234 172
A N -1 -5 31 62 78 47
N D 1 3 62 46 125 63
D Space -2 -1 46 47 124 78
Space LShiftKey 1 4 47 141 203 156
LShiftKey I 2 -8 141 47 125 -16
I Oem7 -1 -3 47 31 468 421
Oem7 M -1 4 31 62 312 281
M Space -1 3 62 47 218 156
Space F 2 0 47 62 578 531
F I 1 -4 62 125 46 -16
I N -2 2 125 94 94 -31
N E 2 3 94 63 109 15
E Space -3 -1 63 62 94 31
Space N 1 -2 62 47 140 78
N O 2 -3 47 62 141 94
O W 0 7 62 63 124 62
W OemPeriod -2 -7 63 46 266 203
OemPeriod Return 1 -3 46 31 1794 1748
Return Back 2 -1 31 31 2433 2402
Back LShiftKey -3 13 31 203 281 250
LShiftKey I 2 -8 203 46 172 -31
I LShiftKey -2 8 46 171 7363 7317
LShiftKey T 2 -5 171 31 125 -46
T H -1 -1 31 62 140 109
H I 1 -2 62 62 874 812
I S -1 6 62 47 109 47
S Space -2 -2 47 62 78 31
Space W 3 2 62 63 842 780
W A -1 1 63 94 125 62
A S 0 -1 94 125 62 -32
S H 0 -4 125 32 468 343
H Back 2 -7 32 47 437 405
Back Space -4 9 47 31 593 546
Space T 3 -1 31 47 125 94
T H -1 -1 47 47 78 31
H E 1 3 47 47 109 62
E Space -3 -1 47 46 94 47
Space C 1 1 46 47 2589 2543
C L 1 -6 47 46 375 328
L O 1 0 46 31 187 141
O S -1 7 31 47 249 218
S E 1 -1 47 31 141 94
E S -1 1 31 47 218 187
S T 1 -3 47 47 250 203
T Space -3 1 47 78 234 187
Space LShiftKey 1 4 78 172 452 374
LShiftKey I 2 -8 172 62 125 -47
I Space -3 4 62 78 140 78
Space Back 4 -9 78 47 1685 1607
Back Oem7 -2 2 47 47 359 312
Oem7 V -1 7 47 47 343 296
V E 2 1 47 47 78 31
E Space -3 -1 47 47 109 62
Space B 1 -1 47 31 422 375
B E 2 2 31 47 62 31
E E 0 0 47 47 125 78
E N -2 -3 47 47 93 46
N Space -1 2 47 47 936 889
Space T 3 -1 47 47 219 172
T O 0 -4 47 62 109 62
O Space -3 5 62 63 109 47
Space F 2 0 63 31 219 156
F A 0 3 31 46 156 125
A C -1 -2 46 63 124 78
C I 2 -5 63 78 141 78
I N -2 2 78 109 47 -31
N G 1 1 109 47 124 15
G Space -2 1 47 63 234 187
Space D 2 1 63 47 952 889
D E 1 0 47 62 125 78
E A -1 2 62 62 187 125
A T 1 -4 62 63 1045 983
T H -1 -1 63 63 78 15
H Space -2 2 63 93 141 78
Space Back 4 -9 93 47 686 593
Back Oemcomma -3 5 47 63 296 249
Oemcomma Space -1 4 63 62 94 31
Space A 2 3 62 63 452 390
A N -1 -5 63 63 78 15
N D 1 3 63 46 110 47
D Space -2 -1 46 47 93 47
Space LShiftKey 1 4 47 921 156 109
LShiftKey I 2 -8 921 62 874 -47
I Space -3 4 62 78 374 312
Space H 2 -2 78 47 250 172
H O 1 -3 47 62 265 218
O P 0 -1 62 62 624 562
P E 0 7 62 31 172 110
E Space -3 -1 31 47 514 483
Space I 3 -4 47 47 593 546
I T 0 3 47 47 125 78
T Oem7 -1 -6 47 63 343 296
Oem7 S 0 9 63 62 125 62
S Space -2 -2 62 31 172 110
Space T 3 -1 31 31 1076 1045
T H -1 -1 31 47 47 16
H E 1 3 47 31 156 109
E Space -3 -1 31 47 93 62
Space C 1 1 47 63 125 78
C L 1 -6 63 47 343 280
L O 1 0 47 62 141 94
O S -1 7 62 46 359 297
S E 1 -1 46 62 140 94
E S -1 1 62 62 172 110
S T 1 -3 62 47 296 234
T Space -3 1 47 78 640 593
Space LShiftKey 1 4 78 124 3120 3042
LShiftKey I 2 -8 124 63 93 -31
I Space -3 4 63 62 125 62
Space G 2 -1 62 47 265 203
G E 1 2 47 47 78 31
E T 0 -2 47 47 172 125
T Space -3 1 47 31 109 62
Space F 2 0 31 32 140 109
F O 1 -5 32 47 94 62
O R 0 5 47 47 62 15
R Space -3 0 47 62 110 63
Space A 2 3 62 47 124 62
A Space -2 -3 47 46 110 63
Space F 2 0 46 47 436 390
F E 1 1 47 62 188 141
E W 0 1 62 62 140 78
W Space -3 -2 62 62 125 63
Space M 1 -3 62 78 187 125
M O 2 -2 78 47 125 47
O R 0 5 47 16 187 140
R E 0 1 16 47 577 561
E Space -3 -1 47 78 250 203
Space D 2 1 78 31 468 390
D E 1 0 31 31 125 94
E C -2 0 31 47 202 171
C A 1 2 47 47 156 109
A D 0 -2 47 47 234 187
D E 1 0 47 63 125 78
E S -1 1 63 62 203 140
S OemPeriod -1 -7 62 63 374 312
OemPeriod Space -1 5 63 32 4368 4305
Space LShiftKey 1 4 32 109 125 93
LShiftKey H 1 -6 109 62 94 -15
H A 0 5 62 62 125 63
A V -1 -3 62 31 218 156
V I 2 -4 31 94 78 47
I N -2 2 94 94 62 -32
N G 1 1 94 46 110 16
G Space -2 1 46 62 109 63
Space L 2 -5 62 62 390 328
L I 1 1 62 63 171 109
I V -2 4 63 47 203 140
V E 2 1 47 63 156 109
E D -1 0 63 62 141 78
D Space -2 -1 62 47 109 47
Space T 3 -1 47 46 125 78
T H -1 -1 46 47 93 47
H R 1 2 47 31 281 234
R O 0 -5 31 46 94 63
O U 0 2 46 47 249 203
U G -1 2 47 47 250 203
G H 0 -1 47 63 62 15
H Space -2 2 63 62 125 62
Space I 3 -4 62 78 156 94
I T 0 3 78 47 156 78
T Oemcomma -2 -3 47 62 1264 1217
Oemcomma Space -1 4 62 47 93 31
Space LShiftKey 1 4 47 78 141 94
LShiftKey I 2 -8 78 78 62 -16
I Space -3 4 78 47 125 47
Space C 1 1 47 47 140 93
C A 1 2 47 62 141 94
A N -1 -5 62 62 140 78
N Space -1 2 62 62 983 921
Space N 1 -2 62 63 171 109
N O 2 -3 63 78 125 62
O W 0 7 78 63 78 0
W Space -3 -2 63 47 125 62
Space S 2 2 47 94 140 93
S A 0 1 94 78 110 16
A Y 1 -5 78 47 140 62
Y Space -3 2 47 47 2730 2683
Space T 3 -1 47 46 172 125
T H -1 -1 46 62 811 765
H I 1 -2 62 62 125 63
I S -1 6 62 31 140 78
S Space -2 -2 31 62 94 63
Space T 3 -1 62 31 998 936
T O 0 -4 31 63 390 359
O Space -3 5 63 63 187 124
Space Y 3 -2 63 63 203 140
Y O 0 -3 63 94 109 46
O U 0 2 94 93 63 -31
U Space -3 3 93 31 1997 1904
Space W 3 2 31 47 405 374
W I 0 -6 47 46 63 16
I H -1 2 46 15 234 188
H Back 2 -7 15 47 1201 1186
Back T -1 8 47 47 218 171
T H -1 -1 47 62 63 16
H Space -2 2 62 62 156 94
Space A 2 3 62 47 109 47
A Space -2 -3 47 47 109 62
Space B 1 -1 47 62 172 125
B I 2 -3 62 63 124 62
I T 0 3 63 47 141 78
T Space -3 1 47 78 93 46
Space M 1 -3 78 78 172 94
M O 2 -2 78 47 125 47
O R 0 5 47 15 203 156
R E 0 1 15 63 124 109
E Space -3 -1 63 47 141 78
Space C 1 1 47 31 1232 1185
C E 2 0 31 63 156 125
E R 0 -1 63 62 125 62
R T 0 -1 62 63 265 203
T A -1 4 63 47 250 187
A I 1 -7 47 63 93 46
I N -2 2 63 62 141 78
N I 2 -2 62 62 187 125
I T 0 3 62 47 343 281
T Y 0 -1 47 47 109 62
Y Space -3 2 47 47 702 655
Space T 3 -1 47 46 266 219
T H -1 -1 46 47 93 47
H A 0 5 47 46 141 94
A N -1 -5 46 31 93 47
N Space -1 2 31 63 187 156
Space W 3 2 63 62 999 936
W H -1 -4 62 63 93 31
H E 1 3 63 47 125 62
E N -2 -3 47 62 94 47
N Space -1 2 62 63 140 78
Space D 2 1 63 46 609 546
D E 1 0 46 47 140 94
E A -1 2 47 62 156 109
A T 1 -4 62 63 686 624
T H -1 -1 63 62 94 31
H Space -2 2 62 62 281 219
Space W 3 2 62 62 125 63
W A -1 1 62 94 124 62
A S 0 -1 94 109 63 -31
S Space -2 -2 109 62 203 94
Space A 2 3 62 63 202 140
A Space -2 -3 63 62 110 47
Space U 3 -3 62 47 499 437
U S -1 5 47 63 62 15
S E 1 -1 63 47 172 109
E F -1 -1 47 46 437 390
F U 1 -3 46 47 202 156
U L -1 -2 47 47 1092 1045
L Space -2 5 47 78 250 203
Space B 1 -1 78 62 2434 2356
B U 2 -2 62 62 78 16
U T 0 2 62 63 124 62
T Space -3 1 63 31 110 47
Space P 3 -6 31 63 327 296
P U 0 3 63 47 265 202
U R 0 3 47 47 250 203
R E 0 1 47 31 156 109
E L -1 -6 31 46 94 63
L Y 1 3 46 62 234 188
Y Space -3 2 62 63 124 62
Space I 3 -4 63 63 156 93
I N -2 2 63 62 110 47
N T 2 1 62 63 280 218
T E 0 2 63 62 172 109
E L -1 -6 62 47 125 63
L L 0 0 47 62 109 62
L E 1 6 62 62 437 375
E C -2 0 62 47 218 156
C T 2 -2 47 32 1825 1778
T U 0 -2 32 47 47 15
U A -1 6 47 47 343 296
A L 0 -8 47 62 94 47
L Space -2 5 62 47 265 203
Space C 1 1 47 63 265 218
C O 2 -6 63 47 125 62
O N -2 3 47 62 141 94
N C 0 3 62 46 234 172
C E 2 0 46 62 156 110
E P 0 -7 62 62 499 437
P T 0 5 62 31 109 47
T RShiftKey -2 -6 31 171 125 94
RShiftKey Oem1 1 1 171 63 140 -31
Oem1 Return 0 -2 63 63 702 639
Return LShiftKey -1 12 63 187 7894 7831
LShiftKey N 0 -6 187 63 140 -47
N O 2 -3 63 62 141 78
O Space -3 5 62 109 78 16
Space O 3 -5 109 46 156 47
O N -2 3 46 62 140 94
N E 2 3 62 47 546 484
E Space -3 -1 47 62 156 109
Space W 3 2 62 46 640 578
W A -1 1 46 78 124 78
A N -1 -5 78 63 234 156
N T 2 1 63 32 1170 1107
T S -1 3 32 47 203 171
S Space -2 -2 47 62 141 94
Space T 3 -1 62 47 187 125
T O 0 -4 47 63 62 15
O Space -3 5 63 78 94 31
Space D 2 1 78 62 577 499
D I 1 -5 62 47 109 47
I E 0 5 47 47 94 47
E RShiftKey -2 -8 47 219 3416 3369
RShiftKey Oem1 1 1 219 93 172 -47
Oem1 Space -2 6 93 62 203 110
Space LShiftKey 1 4 62 203 265 203
LShiftKey E 2 -3 203 109 140 -63
E V -2 -1 109 62 484 375
V E 2 1 62 62 187 125
E N -2 -3 62 63 109 47
N Space -1 2 63 63 156 93
Space P 3 -6 63 46 453 390
P E 0 7 46 62 140 94
E O 0 -6 62 47 218 156
O P 0 -1 47 47 203 156
P L -1 1 47 47 172 125
L E 1 6 47 32 93 46
E Space -3 -1 32 62 94 62
Space W 3 2 62 62 172 110
W H -1 -4 62 47 109 47
H O 1 -3 47 78 203 156
O Space -3 5 78 63 124 46
Space W 3 2 63 62 375 312
W A -1 1 62 47 546 484
A N -1 -5 47 63 93 46
N T 2 1 63 62 188 125
T Space -3 1 62 62 62 0
Space T 3 -1 62 32 218 156
T O 0 -4 32 62 32 0
O Space -3 5 62 94 140 78
Space G 2 -1 94 63 296 202
G O 1 -4 63 62 94 31
O Space -3 5 62 78 125 63
Space T 3 -1 78 47 405 327
T O 0 -4 47 63 78 31
O Space -3 5 63 78 110 47
Space H 2 -2 78 47 249 171
H E 1 3 47 62 16 -31
E A -1 2 62 63 171 109
A V -1 -3 63 47 203 140
V E 2 1 47 47 156 109
E N -2 -3 47 63 156 109
N Space -1 2 63 46 609 546
Space D 2 1 46 63 280 234
D O 1 -6 63 94 78 15
O N -2 3 94 62 94 0
N Oem7 1 -5 62 47 655 593
Oem7 T 1 6 47 63 109 62
T Space -3 1 63 47 328 265
Space W 3 2 47 78 406 359
W A -1 1 78 94 140 62
A N -1 -5 94 62 125 31
N T 2 1 62 31 187 125
T Space -3 1 31 78 78 47
Space T 3 -1 78 47 156 78
T O 0 -4 47 78 62 15
O Space -3 5 78 78 94 16
Space D 2 1 78 62 1061 983
D I 1 -5 62 63 93 31
I E 0 5 63 62 94 31
E Space -3 -1 62 47 1700 1638
Space T 3 -1 47 31 874 827
T O 0 -4 31 78 62 31
O Space -3 5 78 62 94 16
Space G 2 -1 62 47 125 63
G E 1 2 47 62 749 702
E T 0 -2 62 47 187 125
T Space -3 1 47 78 62 15
Space T 3 -1 78 62 125 47
T H -1 -1 62 47 78 16
H E 1 3 47 62 156 109
E R 0 -1 62 47 156 94
R E 0 1 47 63 109 62
E OemPeriod -2 -6 63 46 1701 1638
OemPeriod Space -1 5 46 62 156 110
Space LShiftKey 1 4 62 140 78 16
LShiftKey A 1 -1 140 78 124 -16
A N -1 -5 78 47 141 63
N D 1 3 47 47 93 46
D Space -2 -1 47 62 110 63
Space Y 3 -2 62 31 1716 1654
Y E 0 3 31 47 62 31
E T 0 -2 47 46 484 437
T Space -3 1 46 47 530 484
Space D 2 1 47 47 390 343
D W 1 1 47 47 140 93
W A -1 1 47 93 141 94
A Back 2 -12 93 47 936 843
Back Back 0 0 47 63 296 249
Back E -1 10 63 46 297 234
E A -1 2 46 47 280 234
A T 1 -4 47 31 344 297
T H -1 -1 31 63 93 62
H Space -2 2 63 47 172 109
Space I 3 -4 47 63 140 93
I S -1 6 63 47 94 31
S Space -2 -2 47 63 93 46
Space T 3 -1 63 47 3183 3120
T H -1 -1 47 62 78 31
H E 1 3 62 47 156 94
E Space -3 -1 47 31 203 156
Space D 2 1 31 78 421 390
D E 1 0 78 63 140 62
E S -1 1 63 47 172 109
S T 1 -3 47 47 561 514
T I 0 -3 47 47 94 47
I C -2 5 47 32 218 171
C Back 3 -10 32 47 375 343
Back N -3 7 47 47 312 265
N A 1 5 47 31 109 62
A T 1 -4 31 47 203 172
T I 0 -3 47 47 62 15
I O 0 -1 47 47 125 78
O N -2 3 47 47 187 140
N Space -1 2 47 63 109 62
Space W 3 2 63 62 141 78
W E 0 -1 62 47 140 78
E Space -3 -1 47 62 63 16
Space A 2 3 62 31 187 125
A L 0 -8 31 31 296 265
L L 0 0 31 47 109 78
L Space -2 5 47 63 156 109
Space S 2 2 63 62 172 109
S H 0 -4 62 63 140 78
H A 0 5 63 47 94 31
A R 1 -3 47 47 187 140
R E 0 1 47 78 141 94
E OemPeriod -2 -6 78 47 1216 1138
OemPeriod Space -1 5 47 63 125 78
Space LShiftKey 1 4 63 94 31 -32
LShiftKey N 0 -6 94 46 188 94
N O 2 -3 46 47 109 63
O Space -3 5 47 46 827 780
Space O 3 -5 46 63 124 78
O N -2 3 63 109 110 47
N E 2 3 109 47 171 62
E Space -3 -1 47 62 141 94
Space H 2 -2 62 46 780 718
H A 0 5 46 78 93 47
A S 0 -1 78 78 63 -15
S Space -2 -2 78 31 187 109
Space E 3 1 31 47 967 936
E V -2 -1 47 47 187 140
V E 2 1 47 47 156 109
E R 0 -1 47 63 109 62
R Space -3 0 63 47 125 62
Space E 3 1 47 63 109 62
E S -1 1 63 62 188 125
S C -1 -1 62 62 218 156
C A 1 2 62 46 172 110
A P 1 -9 46 47 717 671
P E 0 7 47 63 78 31
E D -1 0 63 47 172 109
D Space -2 -1 47 47 109 62
Space I 3 -4 47 62 156 109
I T 0 3 62 47 125 63
T OemPeriod -2 -4 47 63 171 124
OemPeriod Space -1 5 63 47 156 93
Space LShiftKey 1 4 47 110 2652 2605
LShiftKey A 1 -1 110 110 78 -32
A S 0 -1 110 78 156 46
S Back 2 -11 78 31 734 656
Back N -3 7 31 47 265 234
N D 1 3 47 47 405 358
D Space -2 -1 47 62 110 63
Space T 3 -1 62 62 140 78
T H -1 -1 62 47 78 16
H A 0 5 47 31 437 390
A T 1 -4 31 47 109 78
T Space -3 1 47 47 234 187
Space I 3 -4 47 78 172 125
I S -1 6 78 47 109 31
S Space -2 -2 47 62 78 31
Space A 2 3 62 63 1341 1279
A S 0 -1 63 93 63 0
S Space -2 -2 93 32 171 78
Space I 3 -4 32 63 156 124
I T 0 3 63 31 125 62
T Space -3 1 31 63 78 47
Space S 2 2 63 62 172 109
S H 0 -4 62 47 78 16
H O 1 -3 47 140 109 62
O U 0 2 140 78 109 -31
U L -1 -2 78 62 203 125
L D 0 6 62 47 109 47
D Space -2 -1 47 62 63 16
Space B 1 -1 62 47 405 343
B E 2 2 47 46 141 94
E Oemcomma -2 -5 46 62 265 219
Oemcomma Space -1 4 62 63 93 31
Space B 1 -1 63 31 344 281
B E 2 2 31 31 78 47
E C -2 0 31 62 156 125
C A 1 2 62 63 171 109
A U 1 -6 63 62 125 62
U S -1 5 62 47 47 -15
S E 1 -1 47 46 203 156
E Space -3 -1 46 78 1903 1857
Space LShiftKey 1 4 78 125 218 140
LShiftKey D 1 -3 125 62 125 0
D E 1 0 62 63 140 78
E A -1 2 63 47 156 93
A T 1 -4 47 31 266 219
T H -1 -1 31 46 78 47
H Space -2 2 46 63 124 78
Space I 3 -4 63 78 110 47
I S -1 6 78 63 124 46
S Space -2 -2 63 62 94 31
Space V 1 0 62 46 250 188
V E 2 1 46 62 156 110
E R 0 -1 62 46 156 94
R Y 0 -2 46 94 639 593
Y Space -3 2 94 62 172 78
Space L 2 -5 62 63 249 187
L I 1 1 63 46 188 125
I K -1 0 46 31 561 515
K E 1 5 31 31 312 281
E L -1 -6 31 47 172 141
L Y 1 3 47 47 1513 1466
Y Space -3 2 47 62 125 78
Space T 3 -1 62 47 156 94
T H -1 -1 47 63 62 15
H E 1 3 63 62 125 62
E Space -3 -1 62 62 78 16
Space S 2 2 62 47 671 609
S I 1 -6 47 63 93 46
I N -2 2 63 78 94 31
N G 1 1 78 31 1201 1123
G L 0 -4 31 78 63 32
L E 1 6 78 47 171 93
E Space -3 -1 47 62 63 16
Space B 1 -1 62 32 202 140
B E 2 2 32 47 78 46
E S -1 1 47 62 172 125
S T 1 -3 62 78 1201 1139
T Space -3 1 78 78 172 94
Space I 3 -4 78 31 780 702
I N -2 2 31 78 109 78
N V 0 2 78 47 234 156
V E 2 1 47 32 218 171
E N -2 -3 32 47 437 405
N T 2 1 47 63 515 468
T I 0 -3 63 62 63 0
I O 0 -1 62 47 124 62
O N -2 3 47 47 172 125
N Space -1 2 47 78 125 78
Space O 3 -5 78 63 140 62
O F -1 5 63 47 187 124
F Space -2 0 47 47 156 109
Space L 2 -5 47 62 141 94
L I 1 1 62 47 171 109
I F -1 4 47 47 453 406
F E 1 1 47 78 156 109
E OemPeriod -2 -6 78 62 624 546
OemPeriod Left -1 -2 62 63 1263 1201
Left Left 0 0 63 32 156 93
Left Left 0 0 32 62 94 62
Left Left 0 0 62 62 125 63
Left Back 4 -2 62 62 671 609
Back LShiftKey -3 13 62 421 171 109
LShiftKey L 1 -9 421 63 390 -31
L Back 2 -4 63 16 2465 2402
Back LShiftKey -3 13 16 171 172 156
LShiftKey N 0 -6 171 47 109 -62
N Space -1 2 47 31 3104 3057
Space LShiftKey 1 4 31 94 187 156
LShiftKey I 2 -8 94 46 110 16
I T 0 3 46 47 280 234
T Space -3 1 47 62 141 94
Space I 3 -4 62 63 171 109
I S -1 6 63 46 110 47
S Space -2 -2 46 63 93 47
Space LShiftKey 1 4 63 125 437 374
LShiftKey L 1 -9 125 47 109 -16
L I 1 1 47 62 141 94
I F -1 4 62 46 858 796
F E 1 1 46 46 156 110
E Oem1 -1 -7 46 63 124 78
Oem1 Back 2 -3 63 46 734 671
Back Oem7 -2 2 46 63 280 234
Oem7 S 0 9 63 31 110 47
S Space -2 -2 31 31 140 109
Space C 1 1 31 62 2902 2871
C H 1 -3 62 47 62 0
H N -1 0 47 78 172 125
N A 1 5 78 47 62 -16
A Back 2 -12 47 47 1170 1123
Back Back 0 0 47 32 140 93
Back A -2 12 32 47 515 483
A N -1 -5 47 62 125 78
N G 1 1 62 47 312 250
G E 1 2 47 63 109 62
E Space -3 -1 63 47 109 46
Space A 2 3 47 47 515 468
A G 0 -4 47 46 219 172
G E 1 2 46 62 156 110
E N -2 -3 62 47 93 31
N T 2 1 47 62 141 94
T OemPeriod -2 -4 62 47 2636 2574
OemPeriod Space -1 5 47 78 94 47
Space LShiftKey 1 4 78 78 109 31
LShiftKey I 2 -8 78 62 109 31
I R 0 4 62 31 187 125
R Space -3 0 31 62 63 32
Space Back 4 -9 62 47 499 437
Back Back 0 0 47 46 125 78
Back T -1 8 46 47 1357 1311
T Back 1 -8 47 62 858 811
Back Back 0 0 62 62 156 94
Back LShiftKey -3 13 62 234 296 234
LShiftKey O 2 -9 234 31 234 0
O Back 1 -4 31 62 359 328
Back LShiftKey -3 13 62 156 203 141
LShiftKey I 2 -8 156 47 140 -16
I T 0 3 47 31 234 187
T Space -3 1 31 62 125 94
Space C 1 1 62 47 203 141
C L 1 -6 47 62 312 265
L E 1 6 62 47 93 31
E A -1 2 47 78 172 125
A R 1 -3 78 62 250 172
R S -1 2 62 31 296 234
S Space -2 -2 31 62 312 281
Space O 3 -5 62 156 468 406
O U 0 2 156 78 125 -31
U T 0 2 78 46 125 47
T Space -3 1 46 47 3135 3089
Space T 3 -1 47 46 141 94
T H -1 -1 46 62 62 16
H E 1 3 62 47 140 78
E Space -3 -1 47 63 78 31
Space O 3 -5 63 63 312 249
O L -1 0 63 63 203 140
L D 0 6 63 31 359 296
D Space -2 -1 31 31 109 78
Space T 3 -1 31 62 375 344
T O 0 -4 62 78 78 16
O Space -3 5 78 62 78 0
Space M 1 -3 62 31 187 125
M A 1 6 31 63 62 31
A K 0 -7 63 47 250 187
K E 1 5 47 78 265 218
E Space -3 -1 78 46 1264 1186
Space W 3 2 46 62 78 32
W A -1 1 62 62 156 94
A Y 1 -5 62 47 109 47
Y Space -3 2 47 63 140 93
Space F 2 0 63 62 281 218
F O 1 -5 62 63 109 47
O R 0 5 63 63 109 46
R Space -3 0 63 78 203 140
Space T 3 -1 78 63 499 421
T H -1 -1 63 47 78 15
H E 1 3 47 62 110 63
E Space -3 -1 62 62 62 0
Space N 1 -2 62 62 125 63
N E 2 3 62 62 187 125
E W 0 1 62 78 140 78
W OemPeriod -2 -7 78 63 359 281
OemPeriod Space -1 5 63 47 203 140
Space LShiftKey 1 4 47 390 577 530
LShiftKey R 2 -4 390 62 359 -31
R I 0 -4 62 47 187 125
I G -1 3 47 32 187 140
G H 0 -1 32 62 63 31
H T 1 1 62 62 125 63
T Space -3 1 62 62 78 16
Space N 1 -2 62 62 140 78
N O 2 -3 62 62 125 63
O W 0 7 62 47 171 109
W Space -3 -2 47 46 734 687
Space T 3 -1 46 63 171 125
T H -1 -1 63 62 94 31
H E 1 3 62 46 125 63
E Space -3 -1 46 46 78 32
Space N 1 -2 46 47 421 375
N E 2 3 47 47 109 62
E W 0 1 47 62 125 78
W Space -3 -2 62 62 780 718
Space I 3 -4 62 63 171 109
I S -1 6 63 62 110 47
S Space -2 -2 62 47 93 31
Space Y 3 -2 47 47 359 312
Y O 0 -3 47 93 94 47
O U 0 2 93 62 62 -31
U Oemcomma -2 -1 62 63 1435 1373
Oemcomma Space -1 4 63 63 78 15
Space B 1 -1 63 78 187 124
B U 2 -2 78 63 125 47
U T 0 2 63 62 437 374
T Space -3 1 62 47 733 671
Space S 2 2 47 63 109 62
S O 1 -7 63 62 266 203
O M -2 2 62 46 234 172
M E 2 4 46 31 249 203
E D -1 0 31 78 265 234
D A 0 2 78 62 141 63
A Y 1 -5 62 78 858 796
Y Space -3 2 78 93 156 78
Space N 1 -2 93 78 187 94
N O 2 -3 78 62 125 47
O T 0 4 62 62 156 94
T Space -3 1 62 62 109 47
Space T 3 -1 62 31 187 125
T O 0 -4 31 47 172 141
O O 0 0 47 46 125 78
O Space -3 5 46 47 218 172
Space L 2 -5 47 47 624 577
L O 1 0 47 62 172 125
O N -2 3 62 47 842 780
N G 1 1 47 46 172 125
G Space -2 1 46 78 124 78
Space F 2 0 78 62 562 484
F R 1 0 62 47 187 125
R O 0 -5 47 125 172 125
O M -2 2 125 125 78 -47
M Space -1 3 125 94 140 15
Space N 1 -2 94 46 375 281
N O 2 -3 46 47 124 78
O W 0 7 47 47 156 109
W Oemcomma -2 -6 47 63 593 546
Oemcomma Space -1 4 63 63 109 46
Space Y 3 -2 63 62 328 265
Y O 0 -3 62 78 109 47
O U 0 2 78 78 63 -15
U Space -3 3 78 78 124 46
Space W 3 2 78 63 203 125
W I 0 -6 63 63 78 15
I L -1 -1 63 63 187 124
L L 0 0 63 63 125 62
L Space -2 5 63 63 390 327
Space G 2 -1 63 62 671 608
G R 1 1 62 47 156 94
R A -1 3 47 62 172 125
A D 0 -2 62 47 296 234
D U 1 -4 47 31 109 62
U A -1 6 31 47 125 94
A L 0 -8 47 63 109 62
L L 0 0 63 63 109 46
L Y 1 3 63 47 250 187
Y Space -3 2 47 47 359 312
Space B 1 -1 47 47 265 218
B E 2 2 47 62 125 78
E C -2 0 62 63 171 109
C O 2 -6 63 62 94 31
O M -2 2 62 78 109 47
M E 2 4 78 47 187 109
E Space -3 -1 47 47 312 265
Space T 3 -1 47 62 266 219
T H -1 -1 62 62 62 0
H E 1 3 62 62 125 63
E Space -3 -1 62 31 125 63
Space O 3 -5 31 47 218 187
O L -1 0 47 47 1014 967
L D 0 6 47 47 109 62
D Space -2 -1 47 31 156 109
Space A 2 3 31 47 359 328
A N -1 -5 47 63 109 62
N D 1 3 63 63 109 46
D Space -2 -1 63 62 110 47
Space B 1 -1 62 47 358 296
B E 2 2 47 31 110 63
E Space -3 -1 31 47 109 78
Space C 1 1 47 47 1123 1076
C L 1 -6 47 62 94 47
L E 1 6 62 31 78 16
E A -1 2 31 62 156 125
A R 1 -3 62 46 468 406
R E 0 1 46 63 124 78
E D -1 0 63 31 203 140
D Space -2 -1 31 47 390 359
Space A 2 3 47 78 468 421
A W 1 -1 78 63 234 156
W A -1 1 63 46 141 78
A Y 1 -5 46 47 592 546
Y Space -3 2 47 63 156 109
Space Back 4 -9 63 62 406 343
Back OemPeriod -3 4 62 78 842 780
OemPeriod Space -1 5 78 63 125 47
Space LShiftKey 1 4 63 140 94 31
LShiftKey S 1 -2 140 93 125 -15
S O 1 -7 93 47 124 31
O R 0 5 47 47 172 125
R R 0 0 47 47 265 218
R Y 0 -2 47 63 234 187
Y Space -3 2 63 78 437 374
Space T 3 -1 78 62 515 437
T I 0 -3 62 78 156 94
I Space -3 4 78 47 109 31
Space B 1 -1 47 62 156 109
B E 2 2 62 47 109 47
E Space -3 -1 47 62 94 47
Space S 2 2 62 63 249 187
S O 1 -7 63 62 94 31
O Space -3 5 62 62 125 63
Space D 2 1 62 47 2106 2044
D R 1 -1 47 46 125 78
R A -1 3 46 62 187 141
A M -1 -6 62 62 312 250
M A 1 6 62 62 265 203
A T 1 -4 62 63 374 312
T I 0 -3 63 47 94 31
I C -2 5 47 46 562 515
C Oemcomma 0 -5 46 62 1591 1545
Oemcomma Space -1 4 62 78 125 63
Space B 1 -1 78 94 171 93
B U 2 -2 94 78 78 -16
U T 0 2 78 32 109 31
T Space -3 1 32 63 47 15
Space I 3 -4 63 62 437 374
I T 0 3 62 31 125 63
T Space -3 1 31 31 125 94
Space I 3 -4 31 46 156 125
I S -1 6 46 47 405 359
S Space -2 -2 47 63 109 62
Space Q 3 3 63 31 796 733
Q U 0 -6 31 63 109 78
U I 0 -1 63 62 172 109
I T 0 3 62 47 1092 1030
T E 0 2 47 62 156 109
E Space -3 -1 62 62 109 47
Space T 3 -1 62 47 234 172
T R 0 1 47 46 172 125
R U 0 -3 46 47 124 78
U E 0 4 47 47 250 203
E OemPeriod -2 -6 47 63 265 218
OemPeriod Return 1 -3 63 47 343 280
Return Back 2 -1 47 32 4602 4555
Back LShiftKey -3 13 32 125 141 109
LShiftKey I 2 -8 125 31 125 0
I LShiftKey -2 8 31 187 2574 2543
LShiftKey Y 2 -6 187 62 140 -47
Y O 0 -3 62 110 140 78
O U 0 2 110 94 47 -63
U R 0 3 94 62 328 234
R Space -3 0 62 46 1061 999
Space T 3 -1 46 47 171 125
T I 0 -3 47 62 94 47
I M -2 1 62 109 109 47
M E 2 4 109 46 172 63
E Space -3 -1 46 62 140 94
Space I 3 -4 62 93 125 63
I S -1 6 93 31 109 16
S Space -2 -2 31 62 78 47
Space L 2 -5 62 46 172 110
L I 1 1 46 78 140 94
I M -2 1 78 78 187 109
M I 2 -1 78 47 156 78
I T 0 3 47 63 234 187
T E 0 2 63 63 187 124
E D -1 0 63 62 500 437
D Oemcomma -1 -5 62 63 561 499
Oemcomma Space -1 4 63 47 125 62
Space S 2 2 47 62 172 125
S O 1 -7 62 62 78 16
O Space -3 5 62 78 78 16
Space D 2 1 78 63 436 358
D O 1 -6 63 94 78 15
O N -2 3 94 78 78 -16
N Oem7 1 -5 78 47 515 437
Oem7 T 1 6 47 31 141 94
T Space -3 1 31 31 140 109
Space W 3 2 31 62 1030 999
W A -1 1 62 62 156 94
A S 0 -1 62 62 499 437
S T 1 -3 62 62 312 250
T E 0 2 62 47 218 156
E Space -3 -1 47 47 577 530
Space I 3 -4 47 63 281 234
I T 0 3 63 47 78 15
T Space -3 1 47 63 109 62
Space L 2 -5 63 63 125 62
L I 1 1 63 47 187 124
I V -2 4 47 62 375 328
V I 2 -4 62 94 62 0
I N -2 2 94 109 63 -31
N G 1 1 109 63 124 15
G Space -2 1 63 62 640 577
Space S 2 2 62 62 624 562
S O 1 -7 62 63 62 0
O M -2 2 63 78 125 62
M E 2 4 78 46 141 63
E O 0 -6 46 47 327 281
O N -2 3 47 63 156 109
N E 2 3 63 31 234 171
E Space -3 -1 31 63 468 437
Space E 3 1 63 47 156 93
E L -1 -6 47 62 219 172
L S 0 7 62 31 343 281
S E 1 -1 31 31 140 109
E Oem7 -1 -8 31 46 921 890
Oem7 S 0 9 46 62 78 32
S Space -2 -2 62 47 140 78
Space L 2 -5 47 47 234 187
L I 1 1 47 46 640 593
I F -1 4 46 31 249 203
F E 1 1 31 63 156 125
E OemPeriod -2 -6 63 78 297 234
OemPeriod Space -1 5 78 47 140 62
Space LShiftKey 1 4 47 546 187 140
LShiftKey D 1 -3 546 93 484 -62
D O 1 -6 93 47 327 234
O N -2 3 47 47 125 78
N Oem7 1 -5 47 47 468 421
Oem7 T 1 6 47 46 110 63
T Space -3 1 46 47 140 94
Space V 1 0 47 47 359 312
V E 2 1 47 47 93 46
E Space -3 -1 47 63 203 156
Space T 3 -1 63 47 1061 998
T R 0 1 47 47 156 109
R A -1 3 47 47 187 140
A P 1 -9 47 62 94 47
P P 0 0 62 46 125 63
P E 0 7 46 46 156 110
E D -1 0 46 46 156 110
D Space -2 -1 46 47 1310 1264
Space D 2 1 47 47 109 62
D O 1 -6 47 47 94 47
O G -1 4 47 47 405 358
G M -1 -2 47 62 250 203
M A 1 6 62 47 109 47
A Space -2 -3 47 63 624 577
Space OemMinus 4 -7 63 109 78 15
OemMinus Space -4 7 109 78 94 -15
Space W 3 2 78 62 203 125
W H -1 -4 62 62 109 47
H I 1 -2 62 78 125 63
I C -2 5 78 63 171 93
C H 1 -3 63 62 47 -16
H Space -2 2 62 62 562 500
Space I 3 -4 62 93 109 47
I S -1 6 93 46 125 32
S Space -2 -2 46 63 93 47
Space L 2 -5 63 63 499 436
L I 1 1 63 46 188 125
I V -2 4 46 47 374 328
V I 2 -4 47 94 78 31
I N -2 2 94 94 62 -32
N G 1 1 94 47 172 78
G Space -2 1 47 47 374 327
Space T 3 -1 47 31 203 156
T Back 1 -8 31 47 406 375
Back W -1 11 47 62 421 374
W I 0 -6 62 63 62 0
I T 0 3 63 62 687 624
T H -1 -1 62 63 62 0
H Space -2 2 63 46 141 78
Space T 3 -1 46 62 156 110
T H -1 -1 62 63 46 -16
H E 1 3 63 62 172 109
E Space -3 -1 62 47 109 47
Space R 3 0 47 62 765 718
R E 0 1 62 78 124 62
E S -1 1 78 63 234 156
S U 1 -5 63 47 141 78
U L -1 -2 47 63 171 124
L T 1 4 63 47 141 78
T S -1 3 47 62 515 468
S Space -2 -2 62 62 312 250
Space I 3 -4 62 62 140 78
I F -1 4 62 47 686 624
F Back 2 -9 47 78 796 749
Back Back 0 0 78 47 140 62
Back O -1 4 47 63 671 624
O F -1 5 63 63 78 15
F Space -2 0 63 47 125 62
Space O 3 -5 47 46 1342 1295
O T 0 4 46 62 234 188
T H -1 -1 62 46 78 16
H E 1 3 46 63 124 78
E R 0 -1 63 47 172 109
R Space -3 0 47 32 764 717
Space P 3 -6 32 63 312 280
P E 0 7 63 47 141 78
E O 0 -6 47 47 171 124
O P 0 -1 47 46 422 375
P L -1 1 46 47 374 328
L E 1 6 47 31 328 281
E Oem7 -1 -8 31 47 655 624
Oem7 S 0 9 47 47 93 46
S Space -2 -2 47 63 125 78
Space T 3 -1 63 47 250 187
T H -1 -1 47 78 31 -16
H I 1 -2 78 109 109 31
I N -2 2 109 78 94 -15
N K 1 -2 78 62 281 203
K I 1 0 62 93 156 94
I N -2 2 93 94 46 -47
N G 1 1 94 47 125 31
G OemPeriod -1 -4 47 47 406 359
OemPeriod Space -1 5 47 62 577 530
Space LShiftKey 1 4 62 296 172 110
LShiftKey D 1 -3 296 63 280 -16
D O 1 -6 63 110 78 15
O N -2 3 110 63 78 -32
N Oem7 1 -5 63 31 422 359
Oem7 T 1 6 31 16 670 639
T Space -3 1 16 47 156 140
Space Back 4 -9 47 31 4197 4150
Back B -3 8 31 62 312 281
B L 1 -4 62 31 2777 2715
L E 1 6 31 62 187 156
E T 0 -2 62 46 749 687
T Space -3 1 46 62 156 110
Space T 3 -1 62 63 171 109
T H -1 -1 63 62 63 0
H E 1 3 62 46 156 94
E Space -3 -1 46 62 62 16
Space N 1 -2 62 63 187 125
N O 2 -3 63 62 141 78
O I 0 1 62 47 202 140
I S -1 6 47 63 156 109
S E 1 -1 63 63 156 93
E Space -3 -1 63 31 1155 1092
Space O 3 -5 31 47 171 140
O F -1 5 47 63 125 78
F Space -2 0 63 63 78 15
Space O 3 -5 63 62 172 109
O T 0 4 62 47 218 156
T H -1 -1 47 46 63 16
H E 1 3 46 62 156 110
E R 0 -1 62 47 140 78
R S -1 2 47 63 655 608
S Oem7 0 -9 63 47 109 46
Oem7 Space -2 7 47 47 858 811
Space O 3 -5 47 47 1841 1794
O P 0 -1 47 47 187 140
P I 0 2 47 63 390 343
I N -2 2 63 62 219 156
N I 2 -2 62 47 156 94
I O 0 -1 47 47 249 202
O N -2 3 47 47 328 281
N S 1 4 47 47 842 795
S Space -2 -2 47 78 250 203
Space D 2 1 78 47 359 281
D R 1 -1 47 63 218 171
R O 0 -5 63 46 219 156
O W 0 7 46 47 187 141
W N -2 -4 47 63 920 873
N Space -1 2 63 78 141 78
Space O 3 -5 78 93 234 156
O U 0 2 93 63 171 78
U T 0 2 63 46 141 78
T Space -3 1 46 63 93 47
Space Y 3 -2 63 62 281 218
Y O 0 -3 62 93 125 63
O U 0 2 93 109 47 -46
U R 0 3 109 46 234 125
R Space -3 0 46 62 140 94
Space W 3 2 62 32 2090 2028
W Back 1 -11 32 47 718 686
Back O -1 4 47 62 234 187
O W 0 7 62 47 125 63
W N -2 -4 47 47 171 124
N Space -1 2 47 47 1061 1014
Space N 1 -2 47 46 297 250
N N 0 0 46 47 171 125
N E 2 3 47 47 172 125
E R 0 -1 47 47 156 109
R Space -3 0 47 47 62 15
Space V 1 0 47 47 187 140
V O 2 -5 47 125 94 47
O I 0 1 125 31 109 -16
I C -2 5 31 47 265 234
C E 2 0 47 62 141 94
E OemPeriod -2 -6 62 47 1045 983
OemPeriod Space -1 5 47 62 94 47
Space LShiftKey 1 4 62 156 93 31
LShiftKey A 1 -1 156 94 125 -31
A N -1 -5 94 46 172 78
N D 1 3 46 47 124 78
D Space -2 -1 47 62 110 63
Space M 1 -3 62 94 842 780
M O 2 -2 94 62 125 31
O S -1 7 62 63 93 31
S T 1 -3 63 47 203 140
T Space -3 1 47 62 94 47
Space I 3 -4 62 78 296 234
I M -2 1 78 32 265 187
M P 2 -3 32 62 219 187
P O 0 1 62 47 171 109
O R 0 5 47 63 203 156
R T 0 -1 63 47 172 109
T A -1 4 47 62 203 156
A N -1 -5 62 62 78 16
N T 2 1 62 47 889 827
T Oemcomma -2 -3 47 62 421 374
Oemcomma Space -1 4 62 78 62 0
Space H 2 -2 78 47 234 156
H A 0 5 47 62 94 47
A V -1 -3 62 62 172 110
V E 2 1 62 62 187 125
E Space -3 -1 62 47 655 593
Space T 3 -1 47 47 343 296
T H -1 -1 47 46 63 16
H E 1 3 46 63 124 78
E Space -3 -1 63 62 94 31
Space C 1 1 62 63 218 156
C O 2 -6 63 109 125 62
O U 0 2 109 62 94 -15
U R 0 3 62 32 171 109
R G -1 -1 32 47 390 358
G A 0 4 47 62 63 16
A D 0 -2 62 47 249 187
D E 1 0 47 47 172 125
E Oemplus 1 -9 47 47 359 312
Oemplus Oemplus 0 0 47 46 125 78
Oemplus Back 0 -1 46 62 499 453
Back Back 0 0 62 140 156 94
Back Back 0 0 140 78 312 172
Back Back 0 0 78 62 203 125
Back Back 0 0 62 47 2745 2683
Back Back 0 0 47 63 312 265
Back A -2 12 63 62 219 156
A F 0 -3 62 31 405 343
F Back 2 -9 31 62 359 328
Back G -2 8 62 63 109 47
G E 1 2 63 62 172 109
E Space -3 -1 62 31 125 63
Space T 3 -1 31 31 4461 4430
T O 0 -4 31 62 47 16
O Space -3 5 62 78 125 63
Space G 2 -1 78 31 156 78
G Back 2 -8 31 62 499 468
Back F -2 9 62 62 203 141
F O 1 -5 62 62 312 250
O L -1 0 62 63 171 109
L L 0 0 63 46 110 47
L O 1 0 46 47 140 94
O W 0 7 47 63 109 62
W Space -3 -2 63 63 109 46
Space Y 3 -2 63 62 250 187
Y O 0 -3 62 187 125 63
O U 0 2 187 187 62 -125
U T 0 2 187 63 343 156
T Back 1 -8 63 62 406 343
Back Oemplus 0 1 62 62 0 -62
Oemplus R -1 8 62 31 125 63
R Space -3 0 31 63 93 62
Space Back 4 -9 63 62 609 546
Back Back 0 0 62 62 125 63
Back Back 0 0 62 62 312 250
Back R -1 9 62 31 624 562
R Space -3 0 31 62 140 109
Space H 2 -2 62 62 156 94
H E 1 3 62 62 78 16
E A -1 2 62 78 156 94
A R 1 -3 78 62 172 94
R T 0 -1 62 31 187 125
T Space -3 1 31 62 125 94
Space A 2 3 62 31 171 109
A N -1 -5 31 63 31 0
N D 1 3 63 47 156 93
D Space -2 -1 47 62 94 47
Space I 3 -4 62 63 218 156
I N -2 2 63 47 141 78
N T 2 1 47 63 374 327
T U 0 -2 63 62 203 140
U I 0 -1 62 47 156 94
I T 0 3 47 47 218 171
T I 0 -3 47 46 110 63
I O 0 -1 46 47 171 125
O N -2 3 47 32 187 140
N OemPeriod 0 -3 32 46 1514 1482
OemPeriod Space -1 5 46 47 93 47
Space LShiftKey 1 4 47 124 63 16
LShiftKey T 2 -5 124 31 187 63
T H -1 -1 31 47 156 125
H E 1 3 47 47 93 46
E Y 0 -3 47 47 125 78
Y Space -3 2 47 47 546 499
Space S 2 2 47 47 733 686
S O 1 -7 47 94 78 31
O M -2 2 94 94 78 -16
M E 2 4 94 47 172 78
E H -1 -3 47 63 265 218
H O 1 -3 63 78 125 62
O W 0 7 78 47 156 78
W Space -3 -2 47 32 686 639
Space A 2 3 32 47 94 62
A L 0 -8 47 62 125 78
L R 1 5 62 47 234 172
R E 0 1 47 78 125 78
E A -1 2 78 78 171 93
A D 0 -2 78 78 109 31
D Y 1 -3 78 62 562 484
Y Space -3 2 62 78 172 110
Space K 2 -4 78 62 421 343
K N -1 2 62 109 78 16
N O 2 -3 109 62 187 78
O W 0 7 62 62 156 94
W Space -3 -2 62 47 452 390
Space W 3 2 47 47 468 421
W H -1 -4 47 78 110 63
H A 0 5 78 62 78 0
A T 1 -4 62 78 234 172
T Space -3 1 78 62 187 109
Space Y 3 -2 62 46 2621 2559
Y O 0 -3 46 109 93 47
O U 0 2 109 93 63 -46
U Space -3 3 93 31 187 94
Space T 3 -1 31 47 218 187
T R 0 1 47 47 156 109
R U 0 -3 47 47 156 109
U L -1 -2 47 62 281 234
L E 1 6 62 47 265 203
E Y 0 -3 47 47 203 156
Y Space -3 2 47 47 125 78
Space W 3 2 47 78 312 265
W A -1 1 78 62 156 78
A N -1 -5 62 47 62 0
N T 2 1 47 47 203 156
T Space -3 1 47 63 62 15
Space T 3 -1 63 31 188 125
T O 0 -4 31 124 0 -31
O Space -3 5 124 93 156 32
Space E 3 1 93 62 655 562
E Back 1 -10 62 47 608 546
Back B -3 8 47 47 702 655
B E 2 2 47 47 94 47
E C -2 0 47 63 171 124
C O 2 -6 63 125 63 0
O K -1 1 125 94 93 -32
K Back 2 -5 94 47 671 577
Back M -3 6 47 62 250 203
M E 2 4 62 62 125 63
E OemPeriod -2 -6 62 47 1903 1841
OemPeriod Space -1 5 47 62 125 78
Space LShiftKey 1 4 62 125 109 47
LShiftKey E 2 -3 125 62 203 78
E V -2 -1 62 16 296 234
V E 2 1 16 62 156 140
E R 0 -1 62 62 234 172
R Y 0 -2 62 46 172 110
Y T 0 1 46 47 265 219
T H -1 -1 47 31 62 15
H I 1 -2 31 156 16 -15
I N -2 2 156 125 93 -63
N G 1 1 125 47 141 16
G Space -2 1 47 63 140 93
Space E 3 1 63 62 172 109
E L -1 -6 62 63 93 31
L D 0 6 63 31 188 125
D Back 2 -10 31 63 405 374
Back S -2 11 63 47 109 46
S E 1 -1 47 63 125 78
E Space -3 -1 63 32 109 46
Space I 3 -4 32 62 172 140
I S -1 6 62 63 109 47
S Space -2 -2 63 31 141 78
Space S 2 2 31 62 1279 1248
S E 1 -1 62 31 156 94
E C -2 0 31 47 265 234
C O 2 -6 47 78 94 47
O N -2 3 78 93 78 0
N F 1 2 93 31 312 219
F A 0 3 31 31 156 125
A Back 2 -12 31 62 1154 1123
Back Back 0 0 62 63 140 78
Back D -2 10 63 62 656 593
D A 0 2 62 63 124 62
A R 1 -3 63 62 422 359
R Y 0 -2 62 47 93 31
Y OemPeriod -2 -3 47 63 936 889
OemPeriod Return 1 -3 63 62 219 156
Return LShiftKey -1 12 62 156 1294 1232
LShiftKey S 1 -2 156 94 125 -31
S T 1 -3 94 62 281 187
T A -1 4 62 47 593 531
A Y 1 -5 47 63 62 15
Y Space -3 2 63 78 172 109
Space LShiftKey 1 4 78 125 140 62
LShiftKey H 1 -6 125 62 110 -15
H U 1 -1 62 46 312 250
U N -2 1 46 47 187 141
N G 1 1 47 46 593 546
G A 0 4 46 32 124 78
A R 1 -3 32 63 858 826
R Y 0 -2 63 47 94 31
Y Oemcomma -2 -2 47 78 312 265
Oemcomma Back 3 -5 78 47 1014 936
Back OemPeriod -3 4 47 78 265 218
OemPeriod Space -1 5 78 62 125 47
Space LShiftKey 1 4 62 125 78 16
LShiftKey S 1 -2 125 78 125 0
S T 1 -3 78 47 374 296
T A -1 4 47 47 156 109
A Y 1 -5 47 62 94 47
Y Space -3 2 62 62 281 219
Space LShiftKey 1 4 62 297 405 343
LShiftKey F 1 -4 297 63 265 -32
F O 1 -5 63 47 234 171
O O 0 0 47 63 125 78
O L -1 0 63 63 156 93
L I 1 1 63 62 172 109
I S -1 6 62 63 998 936
S H 0 -4 63 62 94 31
H OemPeriod -1 -3 62 63 639 577
OemPeriod Space -1 5 63 47 172 109
Space LShiftKey 1 4 47 171 1685 1638
LShiftKey T 2 -5 171 62 156 -15
T H -1 -1 62 63 171 109
H A 0 5 63 47 78 15
A N -1 -5 47 47 94 47
N K 1 -2 47 47 187 140
K Space -2 4 47 63 156 109
Space Y 3 -2 63 62 203 140
Y O 0 -3 62 109 94 32
O U 0 2 109 94 62 -47
U Space -3 3 94 62 125 31
Space A 2 3 62 46 125 63
A L 0 -8 46 62 78 32
L L 0 0 62 78 124 62
L Space -2 5 78 78 94 16
Space V 1 0 78 47 312 234
V E 2 1 47 47 140 93
E R 0 -1 47 63 125 78
R Y 0 -2 63 78 125 62
Y Space -3 2 78 78 172 94
Space M 1 -3 78 31 1341 1263
M U 2 0 31 62 125 94
U C -2 4 62 47 125 63
C H 1 -3 47 47 78 31
H OemPeriod -1 -3 47 62 421 374
OemPeriod Return 1 -3 62 47 1716 1654
Return S 0 10 47 78 9797 9750
S S 0 0 78 62 156 78
S S 0 0 62 93 125 63
S Back 2 -11 93 46 3276 3183
Back Back 0 0 46 62 156 110
Back Back 0 0 62 62 156 94
Back Back 0 0 62 78 218 156
Back OemPeriod -3 4 78 63 889 811
