LShiftKey M 0 -7 249 156 202 -47
M Y 2 1 156 109 281 125
Y Space -3 2 109 109 219 110
Space F 2 0 109 110 124 15
F A 0 3 110 172 234 124
A V -1 -3 172 109 281 109
V I 2 -4 109 109 359 250
I Back 1 -5 109 93 1576 1467
Back O -1 4 93 109 452 359
O U 0 2 109 94 296 187
U R 0 3 94 124 266 172
R I 0 -4 124 78 202 78
I T 0 3 78 156 156 78
T E 0 2 156 171 188 32
E Space -3 -1 171 109 156 -15
Space C 1 1 109 187 234 125
C L 1 -6 187 109 608 421
L A 0 8 109 187 156 47
A S 0 -1 187 156 234 47
S S 0 0 156 156 296 140
S Space -2 -2 156 140 219 63
Space I 3 -4 140 124 8159 8019
I N -2 2 124 93 312 188
N Space -1 2 93 140 187 94
Space S 2 2 140 140 265 125
S C -1 -1 140 140 172 32
C H 1 -3 140 78 171 31
H O 1 -3 78 78 390 312
O O 0 0 78 62 219 141
O L -1 0 62 124 234 172
L Space -2 5 124 109 639 515
Space W 3 2 109 171 328 219
W O 0 -7 171 125 327 156
O U 0 2 125 78 281 156
U L -1 -2 78 125 250 172
L D 0 6 125 125 187 62
D Space -2 -1 125 125 78 -47
Space B 1 -1 125 94 343 218
B E 2 2 94 94 187 93
E Space -3 -1 94 109 141 47
Space M 1 -3 109 124 983 874
M A 1 6 124 140 187 63
A T 1 -4 140 125 374 234
T H -1 -1 125 94 234 109
H E 1 3 94 141 187 93
E M -2 -4 141 78 375 234
M A 1 6 78 156 156 78
A T 1 -4 156 78 327 171
T I 0 -3 78 93 219 141
I C -2 5 93 109 234 141
C S 1 1 109 125 249 140
S OemPeriod -1 -7 125 109 500 375
OemPeriod LShiftKey 0 9 109 421 3057 2948
LShiftKey M 0 -7 421 109 359 -62
M Y 2 1 109 62 312 203
Y Space -3 2 62 78 172 110
Space L 2 -5 78 141 280 202
L E 1 6 141 124 110 -31
E A -1 2 124 249 187 63
A S 0 -1 249 156 171 -78
S T 1 -3 156 94 312 156
T Space -3 1 94 124 110 16
Space F 2 0 124 124 234 110
F A 0 3 124 172 93 -31
A V -1 -3 172 94 265 93
V O 2 -5 94 94 312 218
O U 0 2 94 94 234 140
U R 0 3 94 109 203 109
R I 0 -4 109 62 219 110
I T 0 3 62 93 156 94
T E 0 2 93 140 218 125
E Space -3 -1 140 140 858 718
Space C 1 1 140 171 749 609
C L 1 -6 171 109 156 -15
L A 0 8 109 125 218 109
A S 0 -1 125 125 281 156
S S 0 0 125 172 234 109
S Space -2 -2 172 109 156 -16
Space Left 0 -7 109 47 2137 2028
Left Left 0 0 47 1233 421 374
Left Left 0 0 1233 109 1451 218
Left Right 0 -2 109 156 2933 2824
Right Back 4 0 156 124 718 562
Back Oemcomma -3 5 124 93 1045 921
Oemcomma LShiftKey 0 8 93 281 187 94
LShiftKey I 2 -8 281 125 203 -78
I Space -3 4 125 109 156 31
Space E 3 1 109 125 156 47
E N -2 -3 125 93 203 78
N J 1 -1 93 94 280 187
J O 1 -2 94 125 219 125
O Y 0 3 125 124 281 156
Y E 0 3 124 109 312 188
E D -1 0 109 124 234 125
D Space -2 -1 124 125 93 -31
Space S 2 2 125 140 219 94
S O 1 -7 140 93 156 16
O L -1 0 93 109 249 156
L V -1 5 109 125 187 78
V I 2 -4 125 63 156 31
I O 0 -1 63 16 16 -47
O N -2 3 16 140 234 218
N G 1 1 140 94 140 0
G Space -2 1 94 141 125 31
Space P 3 -6 141 125 281 140
P R 0 6 125 125 156 31
R Back 1 -9 125 93 1108 983
Back Back 0 0 93 94 218 125
Back Back 0 0 94 109 203 109
Back Back 0 0 109 78 218 109
Back Back 0 0 78 78 203 125
Back Back 0 0 78 78 562 484
Back N -3 7 78 78 561 483
N G 1 1 78 109 141 63
G Space -2 1 109 109 78 -31
Space M 1 -3 109 63 358 249
M A 1 6 63 156 125 62
A T 1 -4 156 125 203 47
T H -1 -1 125 141 109 -16
H Space -2 2 141 109 203 62
Space P 3 -6 109 141 187 78
P R 0 6 141 109 125 -16
R O 0 -5 109 78 172 63
O B -2 4 78 93 156 78
B L 1 -4 93 109 171 78
L E 1 6 109 94 187 78
E M -2 -4 94 78 3355 3261
M S 1 5 78 125 109 31
S Space -2 -2 125 125 265 140
Space A 2 3 125 124 172 47
A Space -2 -3 124 109 390 266
Space L 2 -5 109 110 280 171
L O 1 0 110 93 266 156
O T 0 4 93 125 171 78
T OemPeriod -2 -4 125 63 343 218
OemPeriod W 2 7 63 140 2138 2075
W O 0 -7 140 124 156 16
O U 0 2 124 93 187 63
U L -1 -2 93 156 234 141
L D 0 6 156 110 171 15
D Space -2 -1 110 125 78 -32
Space B 1 -1 125 93 266 141
B E 2 2 93 109 78 -15
E Space -3 -1 109 109 156 47
Space E 3 1 109 78 202 93
E N -2 -3 78 94 125 47
N G 1 1 94 109 375 281
G L 0 -4 109 109 296 187
L I 1 1 109 94 218 109
I S -1 6 94 172 94 0
S H 0 -4 172 93 203 31
H OemPeriod -1 -3 93 93 702 609
OemPeriod LShiftKey 0 9 93 500 2355 2262
LShiftKey I 2 -8 500 93 422 -78
I Space -3 4 93 109 249 156
Space H 2 -2 109 78 234 125
H A 0 5 78 234 47 -31
A T 1 -4 234 125 343 109
T E 0 2 125 78 203 78
E D -1 0 78 156 172 94
D Space -2 -1 156 78 187 31
Space G 2 -1 78 125 171 93
G R 1 1 125 125 250 125
R A -1 3 125 140 125 0
A M -1 -6 140 62 187 47
M M 0 0 62 125 156 94
M A 1 6 125 249 94 -31
A R 1 -3 249 156 202 -47
R Space -3 0 156 125 125 -31
Space A 2 3 125 156 156 31
A N -1 -5 156 93 141 -15
N D 1 3 93 140 140 47
D Space -2 -1 140 141 109 -31
Space T 3 -1 141 156 359 218
T H -1 -1 156 125 156 0
H E 1 3 125 109 156 31
E Space -3 -1 109 124 94 -15
Space S 2 2 124 172 218 94
S T 1 -3 172 110 296 124
T R 0 1 110 94 234 124
R I 0 -4 94 78 141 47
I C -2 5 78 125 187 109
C T 2 -2 125 109 265 140
T Space -3 1 109 109 156 47
Space E 3 1 109 124 141 32
E N -2 -3 124 93 187 63
N Back 3 -7 93 109 546 453
Back Back 0 0 109 124 203 94
Back I -1 5 124 110 826 702
I N -2 2 110 93 219 109
N T 2 1 93 109 156 63
T E 0 2 109 156 624 515
E R 0 -1 156 156 125 -31
R O 0 -5 156 16 296 140
O Back 1 -4 16 156 671 655
Back P -1 3 156 109 312 156
P R 0 6 109 141 140 31
R E 0 1 141 156 109 -32
E T 0 -2 156 93 297 141
T A -1 4 93 234 109 16
A T 1 -4 234 124 172 -62
T I 0 -3 124 187 140 16
I O 0 -1 187 140 156 -31
O N -2 3 140 94 156 16
N Space -1 2 94 140 172 78
Space O 3 -5 140 124 234 94
O F -1 5 124 109 140 16
F Space -2 0 109 141 140 31
Space T 3 -1 141 156 1545 1404
T E 0 2 156 187 125 -31
E X -2 1 187 156 951 764
X T 2 -3 156 109 312 156
T B -2 0 109 93 328 219
B O 2 -4 93 109 234 141
O O 0 0 109 125 187 78
O K -1 1 125 140 203 78
K Space -2 4 140 156 203 63
Space L 2 -5 156 125 249 93
L E 1 6 125 110 109 -16
E S -1 1 110 78 359 249
S S 0 0 78 141 187 109
S O 1 -7 141 94 203 62
O N -2 3 94 94 281 187
N S 1 4 94 141 187 93
S OemPeriod -1 -7 141 110 421 280
OemPeriod LShiftKey 0 9 110 578 6396 6286
LShiftKey Y 2 -6 578 94 546 -32
Y E 0 3 94 109 172 78
E S -1 1 109 156 187 78
S Oemcomma -1 -6 156 93 453 297
Oemcomma Space -1 4 93 125 202 109
Space I 3 -4 125 46 344 219
I N -2 2 46 78 187 141
N T 2 1 78 125 218 140
T E 0 2 125 140 219 94
E R 0 -1 140 110 124 -16
R A -1 3 110 203 297 187
A C -1 -2 203 93 203 0
C T 2 -2 93 94 280 187
T I 0 -3 94 187 219 125
I O 0 -1 187 109 187 0
O N -2 3 109 109 172 63
N S 1 4 109 124 156 47
S Space -2 -2 124 140 109 -15
Space W 3 2 140 125 265 125
W O 0 -7 125 141 140 15
O U 0 2 141 109 281 140
U L -1 -2 109 140 328 219
L D 0 6 140 156 234 94
D Space -2 -1 156 109 156 0
Space B 1 -1 109 125 312 203
B E 2 2 125 110 171 46
E Space -3 -1 110 125 203 93
Space G 2 -1 125 125 499 374
G O 1 -4 125 93 188 63
O O 0 0 93 125 187 94
O D -1 6 125 109 234 109
D Space -2 -1 109 156 125 16
Space I 3 -4 156 78 702 546
I N -2 2 78 125 202 124
N Space -1 2 125 124 188 63
Space C 1 1 124 124 156 32
C L 1 -6 124 140 156 32
L A 0 8 140 172 124 -16
A S 0 -1 172 109 266 94
S S 0 0 109 141 202 93
S Left -2 -9 141 1295 2231 2090
Left Right 0 -2 1295 47 1654 359
Right Right 0 0 47 1061 499 452
Right Right 0 0 1061 78 1373 312
Right Right 0 0 78 515 187 109
Right Right 0 0 515 109 796 281
Right Right 0 0 109 608 218 109
Right Back 4 0 608 1466 1295 687
Back Back 0 0 1466 94 1700 234
Back Back 0 0 94 93 219 125
Back Back 0 0 93 94 202 109
Back Back 0 0 94 93 219 125
Back LShiftKey -3 13 93 686 749 656
LShiftKey I 2 -8 686 93 624 -62
I Space -3 4 93 109 187 94
Space W 3 2 109 140 187 78
W O 0 -7 140 78 156 16
O U 0 2 78 63 187 109
U L -1 -2 63 109 203 140
L D 0 6 109 109 125 16
D Space -2 -1 109 125 78 -31
Space L 2 -5 125 125 156 31
L I 1 1 125 93 156 31
I K -1 0 93 109 234 141
K E 1 5 109 109 78 -31
E Space -3 -1 109 109 125 16
Space I 3 -4 109 78 171 62
I N -2 2 78 110 187 109
N T 2 1 110 93 63 -47
T E 0 2 93 156 218 125
E R 0 -1 156 156 109 -47
R A -1 3 156 218 172 16
A C -1 -2 218 125 296 78
C T 2 -2 125 94 312 187
T I 0 -3 94 171 141 47
I O 0 -1 171 109 187 16
O N -2 3 109 93 125 16
N S 1 4 93 124 125 32
S Space -2 -2 124 125 140 16
Space I 3 -4 125 124 250 125
I N -2 2 124 141 202 78
N Space -1 2 141 125 234 93
Space C 1 1 125 156 266 141
C L 1 -6 156 141 202 46
L A 0 8 141 172 172 31
A S 0 -1 172 93 281 109
S S 0 0 93 125 218 125
S E 1 -1 125 172 515 390
E S -1 1 172 219 187 15
S OemPeriod -1 -7 219 78 1170 951
OemPeriod LShiftKey 0 9 78 1060 453 375
LShiftKey L 1 -9 1060 140 998 -62
L A 0 8 140 93 203 63
A B -1 -4 93 109 312 219
B S 1 3 109 110 171 62
S Space -2 -2 110 140 172 62
Space A 2 3 140 218 281 141
A R 1 -3 218 203 187 -31
R E 0 1 203 141 187 -16
E Space -3 -1 141 109 78 -63
Space F 2 0 109 156 655 546
F U 1 -3 156 78 203 47
U N -2 1 78 109 203 125
N Space -1 2 109 140 172 63
Space T 3 -1 140 140 187 47
T O 0 -4 140 109 156 16
O Space -3 5 109 109 187 78
Space L 2 -5 109 140 172 63
L E 1 6 140 172 124 -16
E A -1 2 172 218 110 -62
A R 1 -3 218 187 187 -31
R N -2 -2 187 78 203 16
N Space -1 2 78 125 265 187
Space I 3 -4 125 94 374 249
I F -1 4 94 109 312 218
F Space -2 0 109 109 125 16
Space A 2 3 109 140 203 94
A Space -2 -3 140 109 109 -31
Space S 2 2 109 140 125 16
S T 1 -3 140 125 327 187
T U 0 -2 125 78 172 47
U D -1 4 78 203 187 109
D E 1 0 203 171 172 -31
E N -2 -3 171 125 31 -140
N T 2 1 125 109 250 125
T Space -3 1 109 109 78 -31
Space I 3 -4 109 124 546 437
I S -1 6 124 125 140 16
S Space -2 -2 125 125 156 31
Space A 2 3 125 125 140 15
A L 0 -8 125 93 188 63
L L 0 0 93 109 187 94
L O 1 0 109 109 281 172
O W 0 7 109 187 187 78
W E 0 -1 187 125 171 -16
E D -1 0 125 125 250 125
D Space -2 -1 125 109 156 31
Space T 3 -1 109 125 390 281
T O 0 -4 125 125 140 15
O Space -3 5 125 141 125 0
Space E 3 1 141 172 125 -16
E X -2 1 172 109 234 62
X P 2 -8 109 125 156 47
P E 0 7 125 187 187 62
E R 0 -1 187 156 172 -15
R M -2 -3 156 78 265 109
M I 2 -1 78 94 187 109
I N -2 2 94 109 203 109
N T 2 1 109 125 343 234
T Space -3 1 125 93 219 94
Space A 2 3 93 171 265 172
A N -1 -5 171 78 218 47
N D 1 3 78 94 187 109
D Space -2 -1 94 109 203 109
Space L 2 -5 109 125 811 702
L E 1 6 125 171 141 16
E A -1 2 171 265 125 -46
A R 1 -3 265 203 187 -78
R N -2 -2 203 109 296 93
N Space -1 2 109 125 203 94
Space B 1 -1 125 156 499 374
B Y 2 -1 156 109 219 63
Y Space -3 2 109 125 187 78
Space E 3 1 125 172 109 -16
E X -2 1 172 125 187 15
X P 2 -8 125 109 203 78
P E 0 7 109 171 125 16
E R 0 -1 171 141 140 -31
R M -2 -3 141 78 203 62
M I 2 -1 78 93 203 125
I N -2 2 93 78 203 110
N A 1 5 78 234 93 15
A Back 2 -12 234 125 655 421
Back T -1 8 125 156 281 156
T A -1 4 156 250 156 0
A T 1 -4 250 172 203 -47
T I 0 -3 172 234 234 62
I O 0 -1 234 156 187 -47
O N -2 3 156 156 141 -15
N OemPeriod 0 -3 156 16 11169 11013
OemPeriod LShiftKey 0 9 16 2512 390 374
LShiftKey LShiftKey 0 0 2512 436 2637 125
LShiftKey Y 2 -6 436 78 436 0
Y E 0 3 78 109 250 172
E S -1 1 109 125 281 172
S Space -2 -2 125 125 156 31
Space T 3 -1 125 141 452 327
T H -1 -1 141 78 156 15
H E 1 3 78 125 94 16
E Y 0 -3 125 94 171 46
Y Space -3 2 94 93 188 94
Space W 3 2 93 125 187 94
W O 0 -7 125 141 93 -32
O U 0 2 141 78 250 109
U L -1 -2 78 62 250 172
L D 0 6 62 125 140 78
D Space -2 -1 125 125 140 15
Space B 1 -1 125 109 281 156
B E 2 2 109 94 156 47
E Space -3 -1 94 125 109 15
Space U 3 -3 125 141 281 156
U S -1 5 141 172 203 62
S E 1 -1 172 172 109 -63
E Back 1 -10 172 124 843 671
Back E -1 10 124 109 405 281
E F -1 -1 109 109 312 203
F U 1 -3 109 78 219 110
U L -1 -2 78 141 249 171
L Space -2 5 141 109 203 62
Space I 3 -4 109 94 156 47
I N -2 2 94 94 187 93
N Space -1 2 94 78 219 125
Space A 2 3 78 125 187 109
A Space -2 -3 125 109 125 0
Space W 3 2 109 140 234 125
W A -1 1 140 187 93 -47
A Y 1 -5 187 109 406 219
Y OemPeriod -2 -3 109 110 2667 2558
OemPeriod LShiftKey 0 9 110 250 281 171
LShiftKey H 1 -6 250 78 203 -47
H O 1 -3 78 78 218 140
O M -2 2 78 124 266 188
M E 2 4 124 109 140 16
E W 0 1 109 110 296 187
W O 0 -7 110 125 219 109
O R 0 5 125 156 234 109
R K -1 -4 156 140 203 47
K Space -2 4 140 140 265 125
Space W 3 2 140 202 1186 1046
W O 0 -7 202 172 280 78
O U 0 2 172 187 422 250
U L -1 -2 187 141 2511 2324
L D 0 6 141 110 187 46
D Space -2 -1 110 109 125 15
Space B 1 -1 109 94 234 125
B E 2 2 94 94 109 15
E Space -3 -1 94 78 125 31
Space B 1 -1 78 125 172 94
B E 2 2 125 109 125 0
E T 0 -2 109 78 234 125
T T 0 0 78 109 156 78
T E 0 2 109 187 156 47
E R 0 -1 187 156 124 -63
R Space -3 0 156 140 141 -15
Space B 1 -1 140 78 249 109
B U 2 -2 78 78 312 234
U T 0 2 78 94 125 47
T Space -3 1 94 94 125 31
Space N 1 -2 94 62 203 109
N O 2 -3 62 109 140 78
O T 0 4 109 93 141 32
T Space -3 1 93 109 78 -15
Space Q 3 3 109 140 390 281
Q U 0 -6 140 78 202 62
U I 0 -1 78 109 203 125
I Z -2 7 109 109 172 63
Z Z 0 0 109 94 218 109
Z E 2 -2 94 141 234 140
E S -1 1 141 172 312 171
S OemPeriod -1 -7 172 109 468 296
OemPeriod LShiftKey 0 9 109 1622 8939 8830
LShiftKey Y 2 -6 1622 125 1529 -93
Y E 0 3 125 78 249 124
E S -1 1 78 140 172 94
S Space -2 -2 140 140 156 16
Space N 1 -2 140 94 1435 1295
N O 2 -3 94 125 234 140
O Space -3 5 125 125 203 78
Space G 2 -1 125 93 125 0
G R 1 1 93 125 249 156
R A -1 3 125 203 125 0
A D 0 -2 203 140 172 -31
D I 1 -5 140 78 156 16
I N -2 2 78 62 234 156
N G 1 1 62 125 78 16
G Space -2 1 125 140 125 0
Space W 3 2 140 172 592 452
W O 0 -7 172 125 156 -16
O U 0 2 125 62 250 125
U L -1 -2 62 124 250 188
L D 0 6 124 124 156 32
D Space -2 -1 124 109 140 16
Space A 2 3 109 110 140 31
A L 0 -8 110 78 203 93
L L 0 0 78 94 187 109
L O 1 0 94 93 219 125
O W 0 7 93 109 187 94
W Space -3 -2 109 93 94 -15
Space A 2 3 93 125 187 94
A Space -2 -3 125 78 140 15
Space S 2 2 78 125 109 31
S T 1 -3 125 110 390 265
T U 0 -2 110 78 156 46
U D -1 4 78 156 203 125
D E 1 0 156 124 141 -15
E N -2 -3 124 109 93 -31
N T 2 1 109 109 172 63
T Space -3 1 109 124 125 16
Space T 3 -1 124 109 187 63
T O 0 -4 109 109 156 47
O Space -3 5 109 78 203 94
Space F 2 0 78 109 93 15
F O 1 -5 109 125 312 203
O C -2 6 125 94 265 140
C U 2 -4 94 78 281 187
U S -1 5 78 125 125 47
S Space -2 -2 125 110 140 15
Space O 3 -5 110 125 203 93
O N -2 3 125 109 234 109
N Space -1 2 109 109 203 94
Space A 2 3 109 109 343 234
A Space -2 -3 109 94 125 16
Space T 3 -1 94 109 281 187
T O 0 -4 109 141 218 109
O P 0 -1 141 140 125 -16
P I 0 2 140 78 265 125
I C -2 5 78 156 156 78
C Space -1 -1 156 78 219 63
Space O 3 -5 78 124 156 78
O F -1 5 124 94 140 16
F Space -2 0 94 78 125 31
Space H 2 -2 78 47 265 187
H I 1 -2 47 110 140 93
I S -1 6 110 94 125 15
S Space -2 -2 94 109 78 -16
Space I 3 -4 109 94 187 78
I T 0 3 94 124 188 94
T N -2 -1 124 47 31 -93
N E 2 3 47 125 218 171
E R 0 -1 125 203 109 -16
R E 0 1 203 171 188 -15
E S -1 1 171 156 202 31
S T 1 -3 156 156 172 16
T OemPeriod -2 -4 156 141 530 374
OemPeriod LShiftKey 0 9 141 437 6084 5943
LShiftKey M 0 -7 437 125 312 -125
M Y 2 1 125 78 312 187
Y Space -3 2 78 110 156 78
Space F 2 0 110 109 141 31
F U 1 -3 109 109 218 109
U T 0 2 109 93 219 110
T U 0 -2 93 110 202 109
U R 0 3 110 203 125 15
R E 0 1 203 171 172 -31
E Space -3 -1 171 172 93 -78
Space C 1 1 172 218 344 172
C A 1 2 218 172 124 -94
A R 1 -3 172 109 266 94
R E 0 1 109 94 436 327
E E 0 0 94 156 219 125
E R 0 -1 156 156 125 -31
R Space -3 0 156 125 187 31
Space P 3 -6 125 109 296 171
P L -1 1 109 156 234 125
L A 0 8 156 140 203 47
A N -1 -5 140 125 203 63
N Space -1 2 125 140 203 78
Space I 3 -4 140 140 187 47
I S -1 6 140 156 156 16
S Space -2 -2 156 140 78 -78
Space T 3 -1 140 156 468 328
T O 0 -4 156 156 140 -16
O Space -3 5 156 156 172 16
Space W 3 2 156 250 1669 1513
W O 0 -7 250 187 499 249
O R 0 5 187 172 234 47
R K -1 -4 172 125 156 -16
K Space -2 4 125 172 265 140
Space I 3 -4 172 156 624 452
I N -2 2 156 109 297 141
N Space -1 2 109 140 1279 1170
Space A 2 3 140 125 296 156
A Space -2 -3 125 125 141 16
Space S 2 2 125 109 452 327
S T 1 -3 109 78 312 203
T A -1 4 78 203 125 47
A R 1 -3 203 140 172 -31
R T 0 -1 140 140 374 234
T U 0 -2 140 93 203 63
U O 0 -2 93 140 515 422
O OemPeriod -2 0 140 140 1092 952
OemPeriod Back 3 -4 140 109 577 437
Back Back 0 0 109 62 234 125
Back P -1 3 62 94 1357 1295
P OemPeriod -2 1 94 109 421 327
OemPeriod LShiftKey 0 9 109 281 156 47
LShiftKey I 2 -8 281 93 219 -62
I Space -3 4 93 156 156 63
Space W 3 2 156 172 171 15
W O 0 -7 172 125 156 -16
O U 0 2 125 94 265 140
U L -1 -2 94 140 266 172
L D 0 6 140 109 171 31
D Space -2 -1 109 125 94 -15
Space L 2 -5 125 140 203 78
L I 1 1 140 109 187 47
I K -1 0 109 110 249 140
K E 1 5 110 125 94 -16
E Space -3 -1 125 124 94 -31
Space T 3 -1 124 125 187 63
T O 0 -4 125 125 109 -16
O Space -3 5 125 93 125 0
Space W 3 2 93 140 125 32
W O 0 -7 140 125 187 47
O R 0 5 125 125 140 15
R K -1 -4 125 140 172 47
K Space -2 4 140 140 187 47
Space I 3 -4 140 62 234 94
I N -2 2 62 94 187 125
N Space -1 2 94 78 156 62
Space M 1 -3 78 78 234 156
M A 1 6 78 156 63 -15
A C -1 -2 156 156 187 31
C H 1 -3 156 78 109 -47
H I 1 -2 78 78 172 94
I N -2 2 78 78 187 109
N E 2 3 78 109 109 31
E Space -3 -1 109 109 125 16
Space L 2 -5 109 124 203 94
L E 1 6 124 125 109 -15
E A -1 2 125 218 47 -78
A R 1 -3 218 171 156 -62
R N -2 -2 171 94 140 -31
N I 2 -2 94 78 234 140
I N -2 2 78 94 218 140
N G 1 1 94 78 219 125
G Space -2 1 78 109 109 31
Space O 3 -5 109 110 374 265
O R 0 5 110 109 141 31
R Space -3 0 109 109 125 16
Space D 2 1 109 156 296 187
D A 0 2 156 187 94 -62
A T 1 -4 187 187 374 187
T A -1 4 187 171 172 -15
A Space -2 -3 171 156 202 31
Space S 2 2 156 141 234 78
S C -1 -1 141 125 234 93
C I 2 -5 125 94 593 468
I E 0 5 94 109 141 47
E N -2 -3 109 109 140 31
N C 0 3 109 187 203 94
C E 2 0 187 125 171 -16
E Space -3 -1 125 109 110 -15
Space F 2 0 109 125 218 109
F I 1 -4 125 109 203 78
I Oemplus 1 -4 109 124 515 406
Oemplus E -1 9 124 125 202 78
E I 0 -5 125 78 250 125
I Back 1 -5 78 141 374 296
Back Back 0 0 141 94 250 109
Back Back 0 0 94 109 203 109
Back Back 0 0 109 63 218 109
Back E -1 10 63 124 531 468
E I 0 -5 124 63 249 125
I L -1 -1 63 125 203 140
L D 0 6 125 141 140 15
D Space -2 -1 141 125 156 15
Space Back 4 -9 125 125 546 421
Back OemPeriod -3 4 125 78 1404 1279
OemPeriod LShiftKey 0 9 78 452 250 172
LShiftKey F 1 -4 452 141 421 -31
F Back 2 -9 141 125 718 577
Back LShiftKey -3 13 125 234 203 78
LShiftKey I 2 -8 234 109 187 -47
I Space -3 4 109 125 171 62
Space H 2 -2 125 78 188 63
H A 0 5 78 140 62 -16
A V -1 -3 140 140 172 32
V E 2 1 140 141 202 62
E Space -3 -1 141 93 110 -31
Space N 1 -2 93 62 234 141
N O 2 -3 62 140 234 172
O Space -3 5 140 125 187 47
Space I 3 -4 125 125 187 62
I D -1 5 125 93 172 47
D E 1 0 93 141 202 109
E A -1 2 141 172 156 15
A Space -2 -3 172 125 219 47
Space W 3 2 125 156 889 764
W H -1 -4 156 63 187 31
H E 1 3 63 203 47 -16
E R 0 -1 203 203 187 -16
R E 0 1 203 141 187 -16
E Space -3 -1 141 93 141 0
Space I 3 -4 93 93 468 375
I Space -3 4 93 125 577 484
Space W 3 2 125 125 218 93
W I 0 -6 125 93 110 -15
I L -1 -1 93 109 218 125
L L 0 0 109 125 203 94
L Space -2 5 125 141 140 15
Space B 1 -1 141 78 281 140
B E 2 2 78 109 109 31
E Space -3 -1 109 125 203 94
Space F 2 0 125 125 905 780
F I 1 -4 125 109 842 717
I V -2 4 109 109 156 47
V E 2 1 109 124 219 110
E Space -3 -1 124 93 109 -15
Space Y 3 -2 93 93 281 188
Y E 0 3 93 171 78 -15
E A -1 2 171 156 124 -47
A R 1 -3 156 171 110 -46
R S -1 2 171 171 187 16
S Space -2 -2 171 124 125 -46
Space F 2 0 124 125 577 453
F R 1 0 125 125 249 124
R O 0 -5 125 124 110 -15
O M -2 2 124 140 140 16
M Space -1 3 140 94 187 47
Space N 1 -2 94 94 187 93
N O 2 -3 94 125 203 109
O W 0 7 125 109 156 31
W Space -3 -2 109 140 63 -46
Space A 2 3 140 156 577 437
A N -1 -5 156 93 234 78
N D 1 3 93 218 109 16
D Space -2 -1 218 140 156 -62
Space I 3 -4 140 47 468 328
I Back 1 -5 47 125 4602 4555
Back Back 0 0 125 109 250 125
Back Back 0 0 109 93 234 125
Back Back 0 0 93 141 280 187
Back Back 0 0 141 94 250 109
Back Back 0 0 94 109 796 702
Back OemPeriod -3 4 109 93 468 359
OemPeriod LShiftKey 0 9 93 6661 3884 3791
LShiftKey Y 2 -6 6661 93 6646 -15
Y E 0 3 93 109 187 94
E S -1 1 109 171 203 94
S Oemcomma -1 -6 171 125 483 312
Oemcomma Space -1 4 125 125 359 234
Space LShiftKey 1 4 125 390 203 78
LShiftKey I 2 -8 390 62 281 -109
I Space -3 4 62 125 218 156
Space A 2 3 125 140 172 47
A M -1 -6 140 93 187 47
M Space -1 3 93 109 234 141
Space G 2 -1 109 109 1950 1841
G E 1 2 109 140 203 94
E T 0 -2 140 125 249 109
T T 0 0 125 125 234 109
T I 0 -3 125 125 203 78
I N -2 2 125 110 296 171
N G 1 1 110 125 125 15
G Space -2 1 125 140 141 16
Space T 3 -1 140 187 390 250
T O 0 -4 187 219 249 62
O W 0 7 219 281 453 234
W A -1 1 281 203 187 -94
A R 1 -3 203 156 156 -47
R D -1 1 156 250 296 140
D S 0 1 250 234 156 -94
S Space -2 -2 234 156 172 -62
Space M 1 -3 156 110 452 296
M Y 2 1 110 31 359 249
Y Back 1 -7 31 1029 3292 3261
Back Back 0 0 1029 124 1529 500
Back I -1 5 124 78 577 453
I N -2 2 78 124 203 125
N Space -1 2 124 140 187 63
Space T 3 -1 140 94 187 47
T H -1 -1 94 78 140 46
H E 1 3 78 125 156 78
E Space -3 -1 125 109 141 16
Space R 3 0 109 78 296 187
R I 0 -4 78 94 234 156
I G -1 3 94 109 156 62
G H 0 -1 109 109 156 47
H T 1 1 109 109 156 47
T Space -3 1 109 78 141 32
Space D 2 1 78 125 514 436
D I 1 -5 125 93 219 94
I R 0 4 93 156 156 63
R E 0 1 156 124 125 -31
E C -2 0 124 109 249 125
C T 2 -2 109 110 265 156
T I 0 -3 110 140 172 62
I O 0 -1 140 125 125 -15
O N -2 3 125 125 187 62
N Space -1 2 125 125 203 78
Space T 3 -1 125 93 281 156
T O 0 -4 93 125 124 31
O Space -3 5 125 93 141 16
Space A 2 3 93 234 203 110
A C -1 -2 234 141 202 -32
C H 1 -3 141 62 172 31
H I 1 -2 62 109 203 141
I E 0 5 109 109 109 0
E V -2 -1 109 171 250 141
V E 2 1 171 124 156 -15
E Space -3 -1 124 109 171 47
Space M 1 -3 109 109 219 110
M Y 2 1 109 125 140 31
Y Space -3 2 125 93 172 47
Space G 2 -1 93 78 280 187
G O 1 -4 78 109 172 94
O A -1 8 109 187 203 94
A L 0 -8 187 109 203 16
L S 0 7 109 156 889 780
S OemPeriod -1 -7 156 78 2121 1965
OemPeriod LShiftKey 0 9 78 1389 2964 2886
LShiftKey N 0 -6 1389 125 1311 -78
N O 2 -3 125 125 717 592
O T 0 4 125 125 156 31
T H -1 -1 125 125 203 78
H I 1 -2 125 156 234 109
I Back 1 -5 156 140 640 484
Back Back 0 0 140 109 281 141
Back Back 0 0 109 110 202 93
Back Back 0 0 110 94 250 140
Back Back 0 0 94 125 218 124
Back LShiftKey -3 13 125 203 921 796
LShiftKey S 1 -2 203 109 359 156
S LShiftKey -1 2 109 468 15 -94
LShiftKey LShiftKey 0 0 468 156 843 375
LShiftKey Back 3 -13 156 156 405 249
Back LShiftKey -3 13 156 297 187 31
LShiftKey S 1 -2 297 187 188 -109
S T 1 -3 187 93 468 281
T A -1 4 93 140 156 63
A Y 1 -5 140 78 234 94
Y I 0 -2 78 141 249 171
I N -2 2 141 109 234 93
N G 1 1 109 124 141 32
G Space -2 1 124 140 187 63
Space O 3 -5 140 94 1201 1061
O N -2 3 94 109 187 93
N Space -1 2 109 125 125 16
Space T 3 -1 125 125 203 78
T H -1 -1 125 78 109 -16
H I 1 -2 78 78 218 140
I S -1 6 78 141 125 47
S Space -2 -2 141 141 156 15
Space D 2 1 141 125 156 15
D I 1 -5 125 140 172 47
I R 0 4 140 203 234 94
R E 0 1 203 141 218 15
E C -2 0 141 156 328 187
C T 2 -2 156 156 343 187
T I 0 -3 156 140 234 78
I O 0 -1 140 140 125 -15
O N -2 3 140 141 249 109
N Space -1 2 141 125 203 62
Space W 3 2 125 187 141 16
W O 0 -7 187 124 156 -31
O U 0 2 124 109 234 110
U L -1 -2 109 141 249 140
L D 0 6 141 125 125 -16
D Space -2 -1 125 156 109 -16
Space H 2 -2 156 94 343 187
H E 1 3 94 125 156 62
E L -1 -6 125 93 188 63
L P 1 -1 93 93 234 141
P Space -3 6 93 140 218 125
Space M 1 -3 140 109 234 94
M E 2 4 109 125 125 16
E Space -3 -1 125 156 109 -16
Space A 2 3 156 140 156 0
A C -1 -2 140 156 218 78
C H 1 -3 156 94 437 281
H I 1 -2 94 94 577 483
I E 0 5 94 110 156 62
E V -2 -1 110 109 328 218
V E 2 1 109 124 172 63
E Space -3 -1 124 78 156 32
Space M 1 -3 78 124 156 78
M Y 2 1 124 110 124 0
Y Space -3 2 110 109 141 31
Space G 2 -1 109 93 203 94
G O 1 -4 93 94 124 31
O A -1 8 94 172 172 78
A L 0 -8 172 93 172 0
L OemPeriod -1 0 93 110 280 187
OemPeriod LShiftKey 0 9 110 967 4478 4368
LShiftKey Y 2 -6 967 93 936 -31
Y E 0 3 93 78 156 63
E S -1 1 78 156 187 109
S Space -2 -2 156 125 171 15
Space LShiftKey 1 4 125 280 422 297
LShiftKey U 2 -7 280 78 171 -109
U B -2 2 78 140 172 94
B Space -1 1 140 125 140 0
Space P 3 -6 125 141 265 140
P R 0 6 141 171 110 -31
R E 0 1 171 93 156 -15
E P 0 -7 93 156 109 16
P A -1 9 156 250 343 187
A Back 2 -12 250 500 530 280
Back Back 0 0 500 172 640 140
Back Back 0 0 172 109 265 93
Back Back 0 0 109 109 219 110
Back Back 0 0 109 110 202 93
Back Back 0 0 110 93 219 109
Back Back 0 0 93 63 218 125
Back LShiftKey -3 13 63 343 297 234
LShiftKey B 0 -5 343 63 327 -16
B Space -1 1 63 78 328 265
Space D 2 1 78 156 218 140
D O 1 -6 156 94 125 -31
O E 0 6 94 156 109 15
E S -1 1 156 172 125 -31
S Space -2 -2 172 109 125 -47
Space A 2 3 109 125 171 62
A Space -2 -3 125 109 110 -15
Space G 2 -1 109 93 312 203
G O 1 -4 93 109 156 63
O O 0 0 109 109 187 78
O D -1 6 109 124 125 16
D Space -2 -1 124 125 109 -15
Space J 2 -3 125 110 249 124
J O 1 -2 110 203 172 62
O B -2 4 203 140 203 0
B Space -1 1 140 124 125 -15
Space B 1 -1 124 109 530 406
B U 2 -2 109 125 234 125
U T 0 2 125 141 296 171
T Space -3 1 141 78 172 31
Space C 1 1 78 172 546 468
C O 2 -6 172 125 156 -16
O U 0 2 125 109 234 109
U L -1 -2 109 140 281 172
L D 0 6 140 109 187 47
D Space -2 -1 109 109 156 47
Space M 1 -3 109 109 2855 2746
M A 1 6 109 172 93 -16
A K 0 -7 172 141 203 31
K E 1 5 141 140 125 -16
E Space -3 -1 140 109 172 32
Space I 3 -4 109 125 171 62
I T 0 3 125 156 203 78
T Space -3 1 156 140 125 -31
Space A 2 3 140 187 203 63
A Space -2 -3 187 110 124 -63
Space L 2 -5 110 125 234 124
L I 1 1 125 93 266 141
I T 0 3 93 109 218 125
T T 0 0 109 141 218 109
T L -1 -4 141 109 188 47
L E 1 6 109 109 140 31
E Space -3 -1 109 125 156 47
Space B 1 -1 125 93 328 203
B E 2 2 93 140 109 16
E T 0 -2 140 94 265 125
T T 0 0 94 125 187 93
T E 0 2 125 218 375 250
E R 0 -1 218 234 265 47
R OemPeriod -2 -5 234 141 327 93
OemPeriod LShiftKey 0 9 141 951 2372 2231
LShiftKey H 1 -6 951 125 889 -62
H A 0 5 125 203 187 62
A R 1 -3 203 125 140 -63
R D -1 1 125 156 250 125
D Space -2 -1 156 140 125 -31
Space W 3 2 140 156 171 31
W O 0 -7 156 156 141 -15
O R 0 5 156 125 140 -16
R K -1 -4 125 109 172 47
K Space -2 4 109 109 203 94
Space M 1 -3 109 125 218 109
M O 2 -2 125 171 94 -31
O S -1 7 171 203 93 -78
S T 1 -3 203 172 187 -16
T Space -3 1 172 125 78 -94
Space Back 4 -9 125 125 1077 952
Back L -2 4 125 94 421 296
L Y 1 3 94 109 343 249
Y Space -3 2 109 78 156 47
Space B 1 -1 78 125 203 125
B U 2 -2 125 78 156 31
U T 0 2 78 78 218 140
T Space -3 1 78 78 125 47
Space L 2 -5 78 124 219 141
L U 1 2 124 78 234 110
U C -2 4 78 156 124 46
C K 1 -5 156 140 141 -15
K Space -2 4 140 125 218 78
Space I 3 -4 125 94 312 187
I S -1 6 94 156 187 93
S Space -2 -2 156 93 266 110
Space Back 4 -9 93 717 2184 2091
Back Back 0 0 717 109 920 203
Back Space -4 9 109 125 421 312
Space I 3 -4 125 78 343 218
I T 0 3 78 125 141 63
T S -1 3 125 203 156 31
S Space -2 -2 203 125 140 -63
Space G 2 -1 125 94 203 78
G O 1 -4 94 93 125 31
O O 0 0 93 110 171 78
O D -1 6 110 171 141 31
D Space -2 -1 171 109 156 -15
Space T 3 -1 109 125 374 265
T O 0 -4 125 124 141 16
O Space -3 5 124 156 140 16
Space H 2 -2 156 94 452 296
H A 0 5 94 156 94 0
A V -1 -3 156 187 203 47
V E 2 1 187 156 171 -16
E Space -3 -1 156 125 94 -62
Space L 2 -5 125 125 218 93
L U 1 2 125 125 437 312
U C -2 4 125 156 250 125
C K 1 -5 156 109 203 47
K Space -2 4 109 125 171 62
Space O 3 -5 125 109 203 78
O N -2 3 109 125 187 78
N Space -1 2 125 109 172 47
Space Y 3 -2 109 110 171 62
Y O 0 -3 110 125 94 -16
O U 0 2 125 124 172 47
U R 0 3 124 109 109 -15
R Space -3 0 109 140 125 16
Space S 2 2 140 125 343 203
S I 1 -6 125 125 374 249
I D -1 5 125 203 125 0
D E 1 0 203 172 140 -63
E OemPeriod -2 -6 172 46 344 172
OemPeriod LShiftKey 0 9 46 1732 5678 5632
LShiftKey I 2 -8 1732 124 1654 -78
I N -2 2 124 125 187 63
N Space -1 2 125 109 156 31
Space T 3 -1 109 125 156 47
T H -1 -1 125 78 140 15
H E 1 3 78 124 141 63
E Space -3 -1 124 109 78 -46
Space P 3 -6 109 218 234 125
P I 0 2 218 109 702 484
I C -2 5 109 156 93 -16
C T 2 -2 156 140 375 219
T U 0 -2 140 125 187 47
U Back 1 -6 125 109 593 468
Back Back 0 0 109 125 218 109
Back T -1 8 125 93 1373 1248
T U 0 -2 93 109 187 94
U R 0 3 109 156 140 31
R E 0 1 156 156 110 -46
E Space -3 -1 156 156 78 -78
Space P 3 -6 156 140 842 686
P E 0 7 140 141 218 78
E O 0 -6 141 141 125 -16
O P 0 -1 141 124 141 0
P L -1 1 124 125 202 78
L E 1 6 125 109 125 0
E Space -3 -1 109 125 125 16
Space A 2 3 125 187 172 47
A R 1 -3 187 218 109 -78
R E 0 1 218 156 156 -62
E Space -3 -1 156 124 47 -109
Space S 2 2 124 156 296 172
S K 0 -6 156 62 1342 1186
K I 1 0 62 78 140 78
I N -2 2 78 156 187 109
N I 2 -2 156 109 297 141
I N -2 2 109 109 171 62
N G 1 1 109 125 156 47
G Space -2 1 125 125 125 0
Space Back 4 -9 125 140 1092 967
Back OemPeriod -3 4 140 94 686 546
OemPeriod LShiftKey 0 9 94 203 172 78
LShiftKey S 1 -2 203 171 125 -78
S O 1 -7 171 78 125 -46
O M -2 2 78 94 218 140
M E 2 4 94 94 109 15
E Space -3 -1 94 125 109 15
Space H 2 -2 125 125 827 702
H A 0 5 125 171 94 -31
A V -1 -3 171 281 156 -15
V E 2 1 281 188 249 -32
E Space -3 -1 188 125 125 -63
Space S 2 2 125 172 421 296
S M -1 -5 172 62 188 16
M A 1 6 62 187 109 47
A S 0 -1 187 125 3260 3073
S H 0 -4 125 110 187 62
H E 1 3 110 93 141 31
E D -1 0 93 110 249 156
D Space -2 -1 110 140 94 -16
Space T 3 -1 140 156 281 141
T H -1 -1 156 94 140 -16
H E 1 3 94 141 109 15
E M -2 -4 141 109 219 78
M S 1 5 109 125 421 312
S E 1 -1 125 94 218 93
E L -1 -6 94 125 297 203
L V -1 5 125 172 218 93
V E 2 1 172 172 187 15
E S -1 1 172 156 141 -31
S Space -2 -2 156 140 125 -31
Space O 3 -5 140 125 265 125
O N -2 3 125 140 203 78
N Space -1 2 140 124 203 63
Space Back 4 -9 124 749 1575 1451
Back Back 0 0 749 140 1186 437
Back Back 0 0 140 94 265 125
Back Back 0 0 94 94 218 124
Back Back 0 0 94 515 219 125
Back Back 0 0 515 343 686 171
Back Space -4 9 343 172 1092 749
Space T 3 -1 172 125 421 249
T H -1 -1 125 172 172 47
H E 1 3 172 140 250 78
E N -2 -3 140 187 296 156
N S 1 4 187 141 265 78
S E 1 -1 141 63 343 202
E K -1 -5 63 109 328 265
K V -1 4 109 125 234 125
V E 2 1 125 250 187 62
E S -1 1 250 187 172 -78
S Space -2 -2 187 140 125 -62
Space I 3 -4 140 78 327 187
I B -2 3 78 62 406 328
B Back 3 -8 62 109 437 375
Back Back 0 0 109 125 202 93
Back O -1 4 125 156 468 343
O N -2 3 156 188 234 78
N Space -1 2 188 156 156 -32
Space T 3 -1 156 125 203 47
T H -1 -1 125 125 94 -31
H E 1 3 125 125 249 124
E Space -3 -1 125 110 156 31
Space T 3 -1 110 110 234 124
T R 0 1 110 125 250 140
R E 0 1 125 109 156 31
E E 0 0 109 140 203 94
E Space -3 -1 140 141 218 78
Space Back 4 -9 141 125 577 436
Back OemPeriod -3 4 125 124 1046 921
OemPeriod LShiftKey 0 9 124 452 998 874
LShiftKey O 2 -9 452 219 920 468
O N -2 3 219 125 297 78
N E 2 3 125 141 218 93
E Space -3 -1 141 125 156 15
Space G 2 -1 125 141 546 421
G U 1 -2 141 78 203 62
U Y 0 1 78 78 265 187
Y Space -3 2 78 109 172 94
Space I 3 -4 109 78 249 140
I S -1 6 78 109 94 16
S Space -2 -2 109 140 94 -15
Space F 2 0 140 110 202 62
F I 1 -4 110 125 125 15
I S -1 6 125 125 172 47
S H 0 -4 125 78 1700 1575
H I 1 -2 78 94 187 109
I N -2 2 94 109 188 94
N G 1 1 109 125 140 31
G Oemcomma -1 -3 125 78 842 717
Oemcomma O 2 -1 78 109 344 266
O N -2 3 109 94 218 109
N E 2 3 94 109 109 15
E Space -3 -1 109 140 141 32
Space M 1 -3 140 78 405 265
M O 2 -2 78 93 250 172
O R 0 5 93 156 109 16
R E 0 1 156 141 109 -47
E Space -3 -1 141 94 109 -32
Space G 2 -1 94 141 359 265
G U 1 -2 141 78 250 109
U Y 0 1 78 109 234 156
Y Space -3 2 109 109 218 109
Space I 3 -4 109 109 234 125
I S -1 6 109 124 141 32
S Space -2 -2 124 109 140 16
Space S 2 2 109 171 281 172
S E 1 -1 171 125 218 47
E L -1 -6 125 94 187 62
L L 0 0 94 109 203 109
L I 1 1 109 109 250 141
I N -2 2 109 109 296 187
N G 1 1 109 94 156 47
G Space -2 1 94 93 141 47
Space S 2 2 93 187 296 203
S K 0 -6 187 78 281 94
K I 1 0 78 125 327 249
I S -1 6 125 156 2715 2590
S OemPeriod -1 -7 156 109 2309 2153
OemPeriod LShiftKey 0 9 109 3042 1216 1107
LShiftKey O 2 -9 3042 125 2964 -78
O N -2 3 125 94 234 109
N E 2 3 94 125 63 -31
E Space -3 -1 125 78 171 46
Space P 3 -6 78 156 172 94
P E 0 7 156 110 140 -16
E R 0 -1 110 141 78 -32
R S -1 2 141 172 234 93
S O 1 -7 172 93 110 -62
O N -2 3 93 171 187 94
N Back 3 -7 171 702 530 359
Back Back 0 0 702 109 858 156
Back Back 0 0 109 109 234 125
Back Back 0 0 109 94 234 125
Back LShiftKey -3 13 94 249 718 624
LShiftKey O 2 -9 249 63 171 -78
O N -2 3 63 78 172 109
N E 2 3 78 94 62 -16
E Space -3 -1 94 125 125 31
Space P 3 -6 125 141 187 62
P E 0 7 141 125 78 -63
E R 0 -1 125 140 63 -62
R S -1 2 140 156 249 109
S O 1 -7 156 109 125 -31
O N -2 3 109 141 156 47
N Space -1 2 141 125 234 93
Space I 3 -4 125 124 999 874
I S -1 6 124 171 187 63
S Space -2 -2 171 140 125 -46
Space U 3 -3 140 140 1903 1763
U S -1 5 140 140 187 47
S I 1 -6 140 109 172 32
I N -2 2 109 94 249 140
N G 1 1 94 78 125 31
G Space -2 1 78 125 109 31
Space R 3 0 125 141 967 842
R E 0 1 141 141 125 -16
E I 0 -5 141 78 203 62
I N -2 2 78 109 187 109
N D 1 3 109 156 203 94
D E 1 0 156 93 172 16
E E 0 0 93 171 187 94
E R 0 -1 171 140 203 32
R S -1 2 140 156 202 62
S Space -2 -2 156 141 1248 1092
Space A 2 3 141 171 188 47
A N -1 -5 171 110 202 31
N D 1 3 110 125 47 -63
D Space -2 -1 125 93 219 94
Space A 2 3 93 140 1981 1888
A N -1 -5 140 109 109 -31
N O 2 -3 109 140 203 94
O T 0 4 140 125 109 -31
T H -1 -1 125 109 187 62
H E 1 3 109 171 94 -15
E R 0 -1 171 125 109 -62
R Space -3 0 125 125 78 -47
Space O 3 -5 125 109 281 156
O N -2 3 109 78 203 94
N E 2 3 78 110 46 -32
E Space -3 -1 110 94 125 15
Space I 3 -4 94 125 203 109
I Back 1 -5 125 125 733 608
Back M -3 6 125 125 593 468
M O 2 -2 125 109 203 78
O T 0 4 109 109 62 -47
T O 0 -4 109 93 219 110
O R 0 5 93 109 93 0
R Space -3 0 109 125 203 94
Space B 1 -1 125 78 343 218
B O 2 -4 78 109 125 47
O A -1 8 109 203 125 16
A R 1 -3 203 31 203 0
R Back 1 -9 31 140 421 390
Back T -1 8 140 141 140 0
T S -1 3 141 265 250 109
S Space -2 -2 265 156 234 -31
Space T 3 -1 156 171 359 203
T O 0 -4 171 141 171 0
O Space -3 5 141 140 219 78
Space S 2 2 140 452 842 702
S K 0 -6 452 125 998 546
K I 1 0 125 78 297 172
I OemPeriod -2 -1 78 78 3401 3323
OemPeriod LShiftKey 0 9 78 203 265 187
LShiftKey M 0 -7 203 62 187 -16
M O 2 -2 62 124 172 110
O S -1 7 124 93 78 -46
S Back 2 -11 93 140 920 827
Back T -1 8 140 109 343 203
T Back 1 -8 109 125 421 312
Back S -2 11 125 171 219 94
S T 1 -3 171 187 140 -31
T Space -3 1 187 125 172 -15
Space P 3 -6 125 140 234 109
P E 0 7 140 140 156 16
E O 0 -6 140 140 125 -15
O P 0 -1 140 110 124 -16
P L -1 1 110 109 188 78
L E 1 6 109 110 124 15
E Space -3 -1 110 156 141 31
Space A 2 3 156 203 218 62
A R 1 -3 203 203 187 -16
R E 0 1 203 109 172 -31
E Space -3 -1 109 141 31 -78
Space S 2 2 141 124 219 78
S K 0 -6 124 93 156 32
K I 1 0 93 63 249 156
I N -2 2 63 94 468 405
N G 1 1 94 140 141 47
G Space -2 1 140 125 171 31
Space T 3 -1 125 125 1981 1856
T O 0 -4 125 125 203 78
O Space -3 5 125 93 219 94
Space J 2 -3 93 125 405 312
J U 1 0 125 93 250 125
U M -2 0 93 109 281 188
M P 2 -3 109 109 1154 1045
P Space -3 6 109 125 265 156
Space O 3 -5 125 125 2917 2792
O N -2 3 125 172 250 125
N Back 3 -7 172 110 842 670
Back Back 0 0 110 78 234 124
Back Back 0 0 78 109 437 359
Back Space -4 9 109 110 499 390
Space F 2 0 110 125 172 62
F R 1 0 125 78 250 125
R O 0 -5 78 93 109 31
O M -2 2 93 109 156 63
M Space -1 3 109 94 171 62
Space T 3 -1 94 78 125 31
T H -1 -1 78 62 141 63
H E 1 3 62 109 109 47
E Space -3 -1 109 93 125 16
Space H 2 -2 93 94 561 468
H O 1 -3 94 125 265 171
O U 0 2 125 62 266 141
U S -1 5 62 203 109 47
S E 1 -1 203 140 187 -16
E OemPeriod -2 -6 140 62 312 172
OemPeriod LShiftKey 0 9 62 250 187 125
LShiftKey T 2 -5 250 109 281 31
T H -1 -1 109 78 78 -31
H E 1 3 78 172 140 62
E R 0 -1 172 218 141 -31
R E 0 1 218 172 265 47
E Space -3 -1 172 125 203 31
Space I 3 -4 125 124 203 78
I S -1 6 124 125 140 16
S Space -2 -2 125 124 94 -31
Space A 2 3 124 125 218 94
A Space -2 -3 125 125 156 31
Space S 2 2 125 140 328 203
S N -1 -4 140 109 249 109
N O 2 -3 109 125 281 172
O W 0 7 125 124 172 47
W Space -3 -2 124 140 156 32
Space P 3 -6 140 140 2808 2668
P A -1 9 140 156 93 -47
A T 1 -4 156 93 172 16
T H -1 -1 93 109 125 32
H Space -2 2 109 94 218 109
Space O 3 -5 94 141 889 795
O Back 1 -4 141 156 1467 1326
Back Back 0 0 156 655 2137 1981
Back Back 0 0 655 109 905 250
Back Space -4 9 109 109 421 312
Space U 3 -3 109 94 655 546
U P 0 -3 94 109 187 93
P S -1 8 109 141 187 78
S L 0 -7 141 78 234 93
L O 1 0 78 78 281 203
O E 0 6 78 94 702 624
E Space -3 -1 94 125 203 109
Space T 3 -1 125 109 359 234
T O 0 -4 109 124 125 16
O Space -3 5 124 124 78 -46
Space H 2 -2 124 94 218 94
H E 1 3 94 140 125 31
E L -1 -6 140 93 125 -15
L P 1 -1 93 125 218 125
P Space -3 6 125 109 172 47
Space T 3 -1 109 94 140 31
T H -1 -1 94 78 125 31
H E 1 3 78 140 125 47
E M -2 -4 140 109 187 47
M Space -1 3 109 124 125 16
Space O 3 -5 124 109 171 47
O U 0 2 109 78 234 125
U T 0 2 78 93 94 16
T OemPeriod -2 -4 93 78 468 375
OemPeriod LShiftKey 0 9 78 250 249 171
LShiftKey W 2 -2 250 125 281 31
W A -1 1 125 156 234 109
A L 0 -8 156 109 172 16
L D 0 6 109 93 234 125
D O 1 -6 93 63 140 47
O Space -3 5 63 125 125 62
Space I 3 -4 125 94 234 109
I S -1 6 94 125 78 -16
S Space -2 -2 125 93 125 0
Space W 3 2 93 124 203 110
W A -1 1 124 187 93 -31
A L 0 -8 187 109 172 -15
L K 0 1 109 93 203 94
K I 1 0 93 94 218 125
I N -2 2 94 109 234 140
N G 1 1 109 125 140 31
G Space -2 1 125 156 94 -31
Space I 3 -4 156 141 452 296
I N -2 2 141 140 266 125
N Back 3 -7 140 125 764 624
Back Back 0 0 125 140 234 109
Back N -3 7 140 94 936 796
N E 2 3 94 171 47 -47
E X -2 1 171 140 187 16
X T 2 -3 140 109 187 47
T Space -3 1 109 110 187 78
Space T 3 -1 110 156 188 78
T O 0 -4 156 125 280 124
O Space -3 5 125 125 203 78
Space T 3 -1 125 109 203 78
T H -1 -1 109 109 187 78
H E 1 3 109 141 187 78
E Space -3 -1 141 93 188 47
Space S 2 2 93 125 686 593
S N -1 -4 125 109 156 31
N O 2 -3 109 125 281 172
O W 0 7 125 140 125 0
W M -2 -5 140 125 577 437
M A 1 6 125 156 156 31
A N -1 -5 156 140 203 47
N Space -1 2 140 140 265 125
Space O 3 -5 140 141 171 31
O R 0 5 141 141 156 15
R Space -3 0 141 125 156 15
Space C 1 1 125 140 3308 3183
C H 1 -3 140 125 234 94
H I 1 -2 125 124 281 156
I C -2 5 124 156 249 125
C K 1 -5 156 94 203 47
K E 1 5 94 109 203 109
E N -2 -3 109 93 234 125
N Space -1 2 93 125 171 78
Space C 1 1 125 172 312 187
C O 2 -6 172 109 172 0
O S -1 7 109 124 172 63
S T 1 -3 124 172 405 281
T U 0 -2 172 63 234 62
U M -2 0 63 93 1467 1404
M E 2 4 93 78 171 78
E Space -3 -1 78 156 63 -15
Space M 1 -3 156 78 421 265
M A 1 6 78 203 93 15
A N -1 -5 203 124 188 -15
N Space -1 2 124 125 202 78
Space A 2 3 125 141 203 78
A N -1 -5 141 109 172 31
N D 1 3 109 124 125 16
D Space -2 -1 124 109 109 -15
Space N 1 -2 109 63 717 608
N E 2 3 63 140 1467 1404
E X -2 1 140 140 234 94
X T 2 -3 140 140 234 94
T Space -3 1 140 125 171 31
Space T 3 -1 125 109 141 16
T O 0 -4 109 141 171 62
O Space -3 5 141 109 219 78
Space T 3 -1 109 125 234 125
T H -1 -1 125 125 156 31
H E 1 3 125 156 249 124
E Space -3 -1 156 109 141 -15
Space F 2 0 109 187 593 484
F A 0 3 187 359 171 -16
A T 1 -4 359 125 640 281
T Space -3 1 125 93 156 31
Space P 3 -6 93 141 249 156
P E 0 7 141 172 78 -63
E R 0 -1 172 125 141 -31
R S -1 2 125 125 249 124
S O 1 -7 125 109 266 141
O N -2 3 109 109 265 156
N Space -1 2 109 110 171 62
Space W 3 2 110 171 188 78
W H -1 -4 171 109 140 -31
H O 1 -3 109 110 296 187
O S -1 7 110 219 125 15
S E 1 -1 219 188 187 -32
E Space -3 -1 188 156 125 -63
Space P 3 -6 156 140 999 843
P G -1 5 140 63 327 187
G Back 2 -8 63 125 484 421
Back H -2 7 125 156 171 46
H O 1 -3 156 125 219 63
O T 0 4 125 110 639 514
T O 0 -4 110 110 156 46
O Space -3 5 110 156 188 78
Space I 3 -4 156 109 265 109
I S -1 6 109 156 125 16
S Space -2 -2 156 109 78 -78
Space B 1 -1 109 78 249 140
B E 2 2 78 124 63 -15
E I 0 -5 124 78 296 172
I N -2 2 78 78 218 140
N G 1 1 78 94 94 16
G Space -2 1 94 109 94 0
Space T 3 -1 109 124 234 125
T A -1 4 124 187 140 16
A K 0 -7 187 62 234 47
K E 1 5 62 125 125 63
E M -2 -4 125 124 203 78
M Back 3 -6 124 78 795 671
Back N -3 7 78 124 141 63
N OemPeriod 0 -3 124 94 218 94
OemPeriod S 1 7 94 187 13229 13135
S G 0 -3 187 124 77707 77520
G M -1 -2 124 131 592 468
M Return 1 -5 131 79 931 800
Return Y 1 6 79 73 11679 11600
Y O 0 -3 73 125 123 50
O A -1 8 125 163 312 187
A Back 2 -12 163 125 738 575
Back Back 0 0 125 75 225 100
Back A -2 12 75 126 287 212
A H 0 -5 126 87 414 288
H O 1 -3 87 150 237 150
O O 0 0 150 88 250 100
O Space -3 5 88 100 150 62
Space M 1 -3 100 150 188 88
M A 1 6 150 150 100 -50
A I 1 -7 150 63 162 12
I L -1 -1 63 75 200 137
L Return 0 -3 75 113 250 175
Return U 1 5 113 0 10385 10272
U B -2 2 0 136 225 225
B O 2 -4 136 86 456 320
O Back 1 -4 86 134 484 398
Back C -3 10 134 113 237 103
C O 2 -6 113 107 211 98
O L -1 0 107 81 267 160
L RShiftKey -1 -2 81 63 785 704
RShiftKey Return 1 -1 63 88 1300 1237
Return D 0 9 88 128 2185 2097
D A 0 2 128 129 106 -22
A T 1 -4 129 100 321 192
T A -1 4 100 144 200 100
A C -1 -2 144 113 488 344
C O 2 -6 113 88 277 164
O L -1 0 88 59 264 176
L L 0 0 59 79 156 97
L E 1 6 79 91 128 49
E C -2 0 91 113 212 121
C T 2 -2 113 111 387 274
T I 0 -3 111 143 224 113
I O 0 -1 143 111 112 -31
O N -2 3 111 85 256 145
N Y 2 0 85 16 47042 46957
Y A -1 5 16 227 16 0
A S 0 -1 227 151 138 -89
S H 0 -4 151 112 89 -62
H A 0 5 112 138 137 25
A S 0 -1 138 132 91 -47
S LShiftKey -1 2 132 117 16630 16498
LShiftKey C 0 -3 117 152 62 -55
C O 2 -6 152 76 214 62
O M -2 2 76 132 158 82
M P 2 -3 132 100 201 69
P S -1 8 100 130 167 67
S Back 2 -11 130 136 513 383
Back Space -4 9 136 104 270 134
Space S 2 2 104 137 120 16
S E 1 -1 137 132 87 -50
E C -2 0 132 134 241 109
C Space -1 -1 134 132 76 -58
Space P 3 -6 132 140 241 109
P R 0 6 140 136 125 -15
R O 0 -5 136 115 152 16
O J -1 2 115 90 263 148
J E 1 4 90 162 90 0
E C -2 0 162 131 250 88
C T 2 -2 131 139 559 428
