RShiftKey T 2 6 265 141 140 -125
T H -1 -1 141 140 359 218
H E 1 3 140 110 140 0
E Space -3 -1 110 93 219 109
Space S 2 2 93 124 125 32
S C -1 -1 124 109 795 671
C E 2 0 109 78 125 16
E N -2 -3 78 125 187 109
N E 2 3 125 140 94 -31
E Space -3 -1 140 109 218 78
Space I 3 -4 109 141 546 437
I S -1 6 141 109 172 31
S Space -2 -2 109 141 171 62
Space A 2 3 141 125 219 78
A Space -2 -3 125 110 171 46
Space T 3 -1 110 124 422 312
T Y 0 -1 124 78 249 125
Y P 0 -4 78 109 515 437
P I 0 2 109 63 218 109
I C -2 5 63 63 359 296
C A 1 2 63 109 219 156
A L 0 -8 109 63 202 93
L Space -2 5 63 62 250 187
Space S 2 2 62 78 234 172
S C -1 -1 78 109 234 156
C E 2 0 109 125 234 125
E N -2 -3 125 124 250 125
N E 2 3 124 94 124 0
E Space -3 -1 94 94 203 109
Space S 2 2 94 109 484 390
S E 1 -1 109 110 249 140
E N -2 -3 110 62 266 156
N Back 3 -7 62 78 811 749
Back E -1 10 78 110 327 249
E N -2 -3 110 94 203 93
N Space -1 2 94 94 203 109
Space I 3 -4 94 46 484 390
I N -2 2 46 78 156 110
N Space -1 2 78 78 202 124
Space W 3 2 78 125 375 297
W I 0 -6 125 156 203 78
I N -2 2 156 94 218 62
N T 2 1 94 94 296 202
T E 0 2 94 141 203 109
E R 0 -1 141 141 78 -63
R OemPeriod -2 -5 141 78 297 156
OemPeriod Space -1 5 78 125 202 124
Space RShiftKey 1 -7 125 422 780 655
RShiftKey P 2 1 422 140 375 -47
P E 0 7 140 93 390 250
E O 0 -6 93 78 343 250
O P 0 -1 78 63 265 187
P L -1 1 63 78 187 124
L E 1 6 78 93 188 110
E Space -3 -1 93 78 171 78
Space C 1 1 78 93 375 297
C A 1 2 93 140 218 125
A N -1 -5 140 47 156 16
N Space -1 2 47 31 187 140
Space B 1 -1 31 109 156 125
B E 2 2 109 78 187 78
E Space -3 -1 78 94 156 78
Space S 2 2 94 110 156 62
S E 1 -1 110 62 250 140
E E 0 0 62 94 187 125
E N -2 -3 94 78 203 109
N Space -1 2 78 125 1435 1357
Space S 2 2 125 93 1155 1030
S K 0 -6 93 62 218 125
K I 1 0 62 62 2434 2372
I I 0 0 62 266 202 140
I N -2 2 266 312 234 -32
N G 1 1 312 109 203 -109
G Space -2 1 109 124 453 344
Space Back 4 -9 124 172 686 562
Back Oemcomma -3 5 172 63 1076 904
Oemcomma Space -1 4 63 110 624 561
Space S 2 2 110 109 2372 2262
S N -1 -4 109 78 265 156
N O 2 -3 78 125 530 452
O W 0 7 125 109 156 31
W Space -3 -2 109 78 141 32
Space B 1 -1 78 78 218 140
B A 1 4 78 109 203 125
A L 0 -8 109 47 296 187
L L 0 0 47 62 125 78
L I 1 1 62 234 281 219
I N -2 2 234 171 203 -31
N G 1 1 171 109 93 -78
G Space -2 1 109 93 921 812
Space Back 4 -9 93 0 12589 12496
Back Oemcomma -3 5 0 47 421 421
Oemcomma Space -1 4 47 109 203 156
Space T 3 -1 109 62 1435 1326
T R 0 1 62 172 234 172
R E 0 1 172 125 140 -32
E K -1 -5 125 62 297 172
K K 0 0 62 62 156 94
K I 1 0 62 218 234 172
I N -2 2 218 187 203 -15
N G 1 1 187 94 62 -125
G Space -2 1 94 109 515 421
Space A 2 3 109 93 2855 2746
A N -1 -5 93 109 187 94
N D 1 3 109 94 218 109
D Space -2 -1 94 93 141 47
Space H 2 -2 93 94 3962 3869
H A 0 5 94 109 187 93
A V -1 -3 109 62 297 188
V I 2 -4 62 234 436 374
I N -2 2 234 187 188 -46
N G 1 1 187 94 202 15
G Space -2 1 94 125 125 31
Space A 2 3 125 125 250 125
A Space -2 -3 125 78 140 15
Space S 2 2 78 94 359 281
S N -1 -4 94 78 234 140
N O 2 -3 78 109 265 187
O W 0 7 109 94 187 78
W Space -3 -2 94 94 172 78
Space F 2 0 94 78 515 421
F I 1 -4 78 109 265 187
I G -1 3 109 94 218 109
G H 0 -1 94 109 219 125
H T 1 1 109 62 187 78
T Space -3 1 62 93 125 63
Space W 3 2 93 109 296 203
W I 0 -6 109 171 172 63
I T 0 3 171 93 234 63
T H -1 -1 93 93 125 32
H Space -2 2 93 125 187 94
Space E 3 1 125 109 156 31
E A -1 2 109 109 281 172
A C -1 -2 109 125 374 265
C H 1 -3 125 78 109 -16
H Space -2 2 78 94 203 125
Space O 3 -5 94 62 406 312
O T 0 4 62 62 421 359
T H -1 -1 62 62 203 141
H E 1 3 62 156 171 109
E R 0 -1 156 125 94 -62
R OemPeriod -2 -5 125 46 281 156
OemPeriod Space -1 5 46 109 312 266
Space RShiftKey 1 -7 109 156 26395 26286
RShiftKey A 1 10 156 124 94 -62
A T 1 -4 124 78 514 390
T Space -3 1 78 63 234 156
Space O 3 -5 63 109 375 312
O N -2 3 109 94 795 686
N E 2 3 94 78 203 109
E Space -3 -1 78 62 203 125
Space P 3 -6 62 78 437 375
P L -1 1 78 63 218 140
L A 0 8 63 125 156 93
A C -1 -2 125 140 219 94
C E 2 0 140 93 156 16
E Space -3 -1 93 94 171 78
Space A 2 3 94 109 172 78
A Space -2 -3 109 47 140 31
Space P 3 -6 47 125 406 359
P E 0 7 125 188 171 46
E R 0 -1 188 109 141 -47
R S -1 2 109 140 265 156
S O 1 -7 140 171 125 -15
O N -2 3 171 109 203 32
N Space -1 2 109 78 187 78
Space A 2 3 78 109 452 374
A Back 2 -12 109 94 827 718
Back C -3 10 94 78 796 702
C A 1 2 78 109 171 93
A N -1 -5 109 47 187 78
N Space -1 2 47 62 172 125
Space B 1 -1 62 125 203 141
B E 2 2 125 109 156 31
E Space -3 -1 109 78 171 62
Space S 2 2 78 109 110 32
S E 1 -1 109 109 265 156
E E 0 0 109 78 234 125
E N -2 -3 78 63 171 93
N Space -1 2 63 78 188 125
Space F 2 0 78 78 1684 1606
F I 1 -4 78 78 172 94
I S -1 6 78 124 328 250
S H 0 -4 124 124 234 110
H I 1 -2 124 265 187 63
I N -2 2 265 265 187 -78
N G 1 1 265 156 421 156
G OemPeriod -1 -4 156 78 3947 3791
OemPeriod Space -1 5 78 125 203 125
Space RShiftKey 1 -7 125 375 7082 6957
RShiftKey T 2 6 375 125 250 -125
T H -1 -1 125 109 452 327
H E 1 3 109 125 172 63
E R 0 -1 125 188 249 124
R E 0 1 188 141 125 -63
E Space -3 -1 141 94 234 93
Space I 3 -4 94 172 203 109
I S -1 6 172 125 203 31
S Space -2 -2 125 109 140 15
Space O 3 -5 109 110 343 234
O N -2 3 110 109 266 156
N E 2 3 109 93 187 78
E Space -3 -1 93 93 125 32
Space P 3 -6 93 109 390 297
P E 0 7 109 172 171 62
E R 0 -1 172 140 125 -47
R S -1 2 140 124 328 188
S O 1 -7 124 109 156 32
O N -2 3 109 62 218 109
N Space -1 2 62 78 172 110
Space C 1 1 78 94 327 249
C R 2 -1 94 93 219 125
R A -1 3 93 78 468 375
A S 0 -1 78 124 234 156
S H 0 -4 124 109 296 172
H I 1 -2 109 265 172 63
I N -2 2 265 187 187 -78
N F 1 2 187 94 218 31
F Back 2 -9 94 125 811 717
Back G -2 8 125 94 203 78
G Space -2 1 94 125 187 93
Space I 3 -4 125 187 281 156
I N -2 2 187 156 125 -62
N T 2 1 156 125 234 78
T O 0 -4 125 109 172 47
O Space -3 5 109 140 218 109
Space T 3 -1 140 109 187 47
T H -1 -1 109 141 187 78
H E 1 3 141 125 172 31
E Space -3 -1 125 109 172 47
Space Back 4 -9 109 16 1731 1622
Back Back 0 0 16 62 141 125
Back Back 0 0 62 62 530 468
Back Back 0 0 62 63 218 156
Back A -2 12 63 93 656 593
A Space -2 -3 93 78 156 63
Space T 3 -1 78 140 312 234
T Back 1 -8 140 125 889 749
Back R -1 9 125 156 187 62
R E 0 1 156 62 281 125
E Back 1 -10 62 93 437 375
Back Back 0 0 93 78 187 94
Back T -1 8 78 93 827 749
T R 0 1 93 141 202 109
R E 0 1 141 78 172 31
E E 0 0 78 94 187 109
E Space -3 -1 94 156 1545 1451
Space A 2 3 156 78 436 280
A N -1 -5 78 109 203 125
N D 1 3 109 125 156 47
D Space -2 -1 125 109 156 31
Space O 3 -5 109 78 593 484
O T 0 4 78 63 452 374
T H -1 -1 63 78 203 140
H E 1 3 78 156 187 109
E R 0 -1 156 140 110 -46
R S -1 2 140 171 265 125
S Space -2 -2 171 47 171 0
Space L 2 -5 47 62 1592 1545
L A 0 8 62 125 218 156
A U 1 -6 125 94 265 140
U G -1 2 94 78 219 125
G H 0 -1 78 78 202 124
H I 1 -2 78 249 375 297
I N -2 2 249 203 171 -78
N G 1 1 203 125 250 47
G Space -2 1 125 93 172 47
Space A 2 3 93 172 218 125
A T 1 -4 172 94 218 46
T Space -3 1 94 110 234 140
Space H 2 -2 110 62 500 390
H I 1 -2 62 218 187 125
I M -2 1 218 125 171 -47
M OemPeriod 0 -2 125 63 468 343
OemPeriod Left -1 -2 63 1280 2028 1965
Left Left 0 0 1280 172 1607 327
Left Left 0 0 172 187 375 203
Left W 3 9 187 110 904 717
W H -1 -4 110 125 172 62
H I 1 -2 125 125 218 93
I L -1 -1 125 141 281 156
L E 1 6 141 140 203 62
E Space -3 -1 140 93 203 63
Space S 2 2 93 125 1092 999
S K 0 -6 125 62 390 265
K K 0 0 62 47 187 125
K I 1 0 47 312 250 203
I Back 1 -5 312 94 873 561
Back Back 0 0 94 78 562 468
Back I -1 5 78 63 764 686
I I 0 0 63 78 156 93
I N -2 2 78 156 187 109
N G 1 1 156 125 219 63
G Space -2 1 125 124 125 0
Space Right 0 -9 124 546 2152 2028
Right Right 0 0 546 203 1482 936
Right Right 0 0 203 63 1404 1201
Right Right 0 0 63 998 188 125
Right Right 0 0 998 62 1279 281
Right Right 0 0 62 78 171 109
Right Right 0 0 78 62 172 94
Right Right 0 0 62 47 203 141
Right Right 0 0 47 62 234 187
Right Space 0 9 62 125 1014 952
Space RShiftKey 1 -7 125 218 19079 18954
RShiftKey T 2 6 218 109 93 -125
T H -1 -1 109 172 546 437
H E 1 3 172 124 188 16
E Space -3 -1 124 94 202 78
Space S 2 2 94 109 999 905
S C -1 -1 109 93 281 172
C E 2 0 93 78 234 141
E N -2 -3 78 125 218 140
N E 2 3 125 110 140 15
E Space -3 -1 110 109 188 78
Space I 3 -4 109 125 530 421
I S -1 6 125 94 140 15
S Space -2 -2 94 109 203 109
Space S 2 2 109 94 265 156
S I 1 -6 94 47 250 156
I M -2 1 47 109 172 125
M I 2 -1 109 63 249 140
I L -1 -1 63 78 234 171
L A 0 8 78 125 203 125
A R 1 -3 125 125 374 249
R Space -3 0 125 94 156 31
Space T 3 -1 94 109 1592 1498
T O 0 -4 109 94 951 842
O Space -3 5 94 125 1045 951
Space T 3 -1 125 125 796 671
T H -1 -1 125 156 250 125
H E 1 3 156 94 218 62
E Space -3 -1 94 125 156 62
Space S 2 2 125 94 374 249
S C -1 -1 94 109 250 156
C N 0 -3 109 124 250 141
N E 2 3 124 94 124 0
E R 0 -1 94 124 266 172
R I 0 -4 124 187 327 203
I O 0 -1 187 187 172 -15
O Space -3 5 187 94 343 156
Space B 1 -1 94 94 343 249
B U 2 -2 94 78 234 140
U F -1 3 78 94 281 203
F F 0 0 94 78 172 78
F A 0 3 78 125 343 265
A L 0 -8 125 78 234 109
L O 1 0 78 78 218 140
O Space -3 5 78 93 250 172
Space I 3 -4 93 109 265 172
I S -1 6 109 125 156 47
S Space -2 -2 125 109 172 47
Space G 2 -1 109 110 280 171
G O 1 -4 110 203 219 109
O I 0 1 203 125 171 -32
I N -2 2 125 125 281 156
N G 1 1 125 203 187 62
G Space -2 1 203 47 203 0
Space T 3 -1 47 125 109 62
T O 0 -4 125 94 234 109
O Space -3 5 94 63 234 140
Space H 2 -2 63 187 219 156
H A 0 5 187 93 156 -31
A V -1 -3 93 140 187 94
V E 2 1 140 125 140 0
E Space -3 -1 125 125 156 31
Space A 2 3 125 124 188 63
A Back 2 -12 124 78 717 593
Back I -1 5 78 125 343 265
I N -2 2 125 93 188 63
N Space -1 2 93 109 187 94
Space A 2 3 109 109 140 31
A Space -2 -3 109 94 156 47
Space F 2 0 94 109 219 125
F E 1 1 109 203 249 140
E W 0 1 203 125 172 -31
W Space -3 -2 125 109 156 31
Space D 2 1 109 125 171 62
D A 0 2 125 156 188 63
A Y 1 -5 156 93 187 31
Y S -1 4 93 109 156 63
S OemPeriod -1 -7 109 78 421 312
OemPeriod Left -1 -2 78 1826 998 920
Left Left 0 0 1826 94 2044 218
Left Left 0 0 94 78 203 109
Left Left 0 0 78 94 187 109
Left E 3 8 94 109 983 889
E Right -3 -10 109 203 405 296
Right Right 0 0 203 94 1841 1638
Right Right 0 0 94 63 312 218
Right Right 0 0 63 93 250 187
Right Right 0 0 93 156 468 375
Right Right 0 0 156 109 359 203
Right Right 0 0 109 109 936 827
Right Right 0 0 109 47 265 156
Right Left 0 2 47 94 405 358
Left Back 4 -2 94 62 718 624
Back RShiftKey -3 2 62 250 686 624
RShiftKey B 0 6 250 125 141 -109
B Left -1 -6 125 78 686 561
Left Left 0 0 78 78 187 109
Left Left 0 0 78 109 188 110
Left Left 0 0 109 110 514 405
Left Left 0 0 110 125 3510 3400
Left Right 0 -2 125 172 1014 889
Right Left 0 2 172 125 858 686
Left Left 0 0 125 62 266 141
Left Left 0 0 62 78 202 140
Left Right 0 -2 78 93 7395 7317
Right Back 4 0 93 63 374 281
Back A -2 12 63 141 780 717
A RShiftKey -1 -10 141 219 11544 11403
RShiftKey M 0 4 219 109 141 -78
M Y 2 1 109 78 327 218
Y Space -3 2 78 62 250 172
Space F 2 0 62 78 889 827
F U 1 -3 78 62 250 172
U T 0 2 62 94 530 468
T U 0 -2 94 63 187 93
U R 0 3 63 172 187 124
R E 0 1 172 140 141 -31
E Space -3 -1 140 93 125 -15
Space C 1 1 93 94 374 281
C A 1 2 94 141 296 202
A R 1 -3 141 63 359 218
R R 0 0 63 78 172 109
R E 0 1 78 109 265 187
E Back 1 -10 109 125 1763 1654
Back Back 0 0 125 78 671 546
Back E -1 10 78 62 546 468
E E 0 0 62 78 171 109
E R 0 -1 78 125 234 156
R Space -3 0 125 62 203 78
Space P 3 -6 62 63 686 624
P L -1 1 63 62 188 125
L A 0 8 62 78 265 203
A N -1 -5 78 78 203 125
N S 1 4 78 94 140 62
S Space -2 -2 94 93 172 78
Space A 2 3 93 93 265 172
A R 1 -3 93 141 296 203
R E 0 1 141 141 109 -32
E Space -3 -1 141 109 125 -16
Space T 3 -1 109 78 203 94
T O 0 -4 78 94 234 156
O Space -3 5 94 47 281 187
Space W 3 2 47 94 561 514
W O 0 -7 94 94 203 109
O R 0 5 94 78 219 125
R K -1 -4 78 94 124 46
K Space -2 4 94 63 203 109
Space I 3 -4 63 187 234 171
I N -2 2 187 140 125 -62
N Space -1 2 140 140 250 110
Space T 3 -1 140 78 124 -16
T H -1 -1 78 141 156 78
H E 1 3 141 125 172 31
E Space -3 -1 125 125 140 15
Space F 2 0 125 94 250 125
F I 1 -4 94 93 328 234
I E 0 5 93 93 468 375
E L -1 -6 93 94 280 187
L D 0 6 94 94 281 187
D O 1 -6 94 125 421 327
O S -1 7 125 124 188 63
S Space -2 -2 124 78 218 94
Space Back 4 -9 78 78 546 468
Back Back 0 0 78 78 203 125
Back F -2 9 78 93 234 156
F Space -2 0 93 62 203 110
Space O 3 -5 62 78 639 577
O P 0 -1 78 78 811 733
P E 0 7 78 110 156 78
E R 0 -1 110 78 219 109
R A -1 3 78 110 483 405
A T 1 -4 110 78 359 249
T I 0 -3 78 172 156 78
I N -2 2 172 140 141 -31
N G 1 1 140 110 124 -16
G Space -2 1 110 109 203 93
Space S 2 2 109 93 328 219
S Y 1 -4 93 78 234 141
Y S -1 4 78 94 109 31
S T 1 -3 94 94 234 140
T E 0 2 94 109 156 62
E M -2 -4 109 62 250 141
M S 1 5 62 125 187 125
S OemPeriod -1 -7 125 94 249 124
OemPeriod Space -1 5 94 156 281 187
Space Left 0 -7 156 1154 1576 1420
Left Left 0 0 1154 94 1388 234
Left Space 0 7 94 141 343 249
Space Right 0 -9 141 1155 234 93
Right Right 0 0 1155 62 1389 234
Right Left 0 2 62 94 1341 1279
Left Space 0 7 94 125 312 218
Space RShiftKey 1 -7 125 250 11154 11029
RShiftKey I 2 3 250 125 172 -78
I Space -3 4 125 93 328 203
Space W 3 2 93 109 249 156
W I 0 -6 109 125 172 63
I S -1 6 125 109 265 140
S H 0 -4 109 93 203 94
H Space -2 2 93 125 234 141
Space T 3 -1 125 94 1965 1840
T O 0 -4 94 109 188 94
O Space -3 5 109 140 889 780
Space B 1 -1 140 140 655 515
B E 2 2 140 125 203 63
E Space -3 -1 125 125 187 62
Space S 2 2 125 110 218 93
S O 1 -7 110 94 312 202
O Back 1 -4 94 78 2356 2262
Back Back 0 0 78 47 234 156
Back A -2 12 47 62 718 671
A Space -2 -3 62 78 171 109
Space S 2 2 78 125 733 655
S O 1 -7 125 94 312 187
O F -1 5 94 94 250 156
F T 1 -1 94 78 608 514
T W 0 3 78 63 203 125
W A -1 1 63 63 234 171
A R 1 -3 63 94 187 124
R E 0 1 94 109 172 78
E Space -3 -1 109 78 172 63
Space D 2 1 78 156 639 561
D E 1 0 156 94 234 78
E V -2 -1 94 62 188 94
V E 2 1 62 62 140 78
E L -1 -6 62 62 437 375
L O 1 0 62 63 171 109
O P 0 -1 63 78 188 125
P E 0 7 78 187 296 218
E R 0 -1 187 141 109 -78
R OemPeriod -2 -5 141 109 952 811
OemPeriod Space -1 5 109 124 203 94
Space RShiftKey 1 -7 124 421 639 515
RShiftKey A 1 10 421 93 297 -124
A F 0 -3 93 78 514 421
F T 1 -1 78 78 219 141
T E 0 2 78 187 156 78
E R 0 -1 187 156 125 -62
R Space -3 0 156 78 187 31
Space A 2 3 78 141 686 608
A Space -2 -3 141 109 156 15
Space F 2 0 109 78 406 297
F E 1 1 78 218 156 78
E W 0 1 218 141 171 -47
W Space -3 -2 141 94 125 -16
Space Y 3 -2 94 94 983 889
Y E 0 3 94 94 156 62
E R 0 -1 94 125 374 280
R S -1 2 125 140 172 47
S Space -2 -2 140 94 234 94
Space O 3 -5 94 140 281 187
O F -1 5 140 94 249 109
F Space -2 0 94 109 141 47
Space Left 0 -7 109 47 1232 1123
Left Left 0 0 47 78 141 94
Left Left 0 0 78 62 187 109
Left Left 0 0 62 63 140 78
Left Left 0 0 63 109 203 140
Left Left 0 0 109 124 250 141
Left A 2 10 124 141 873 749
A Right -2 -12 141 46 297 156
Right Right 0 0 46 31 187 141
Right Right 0 0 31 31 156 125
Right Right 0 0 31 62 156 125
Right Right 0 0 62 62 187 125
Right Space 0 9 62 110 530 468
Space C 1 1 110 109 2871 2761
C O 2 -6 109 125 187 78
O M -2 2 125 125 109 -16
M P 2 -3 125 109 250 125
P A -1 9 109 125 327 218
A N -1 -5 125 63 281 156
N Y 2 0 63 109 531 468
Y Space -3 2 109 94 826 717
Space E 3 1 94 62 453 359
E X -2 1 62 125 265 203
X P 2 -8 125 94 218 93
P E 0 7 94 78 172 78
E R 0 -1 78 109 234 156
R I 0 -4 109 188 218 109
I E 0 5 188 93 141 -47
E N -2 -3 93 109 125 32
N C 0 3 109 125 265 156
C E 2 0 125 109 140 15
E Space -3 -1 109 78 219 110
Space RShiftKey 1 -7 78 312 951 873
RShiftKey I 2 3 312 78 281 -31
I Space -3 4 78 78 296 218
Space W 3 2 78 109 203 125
W O 0 -7 109 172 187 78
O U 0 2 172 94 172 0
U L -1 -2 94 62 312 218
L D 0 6 62 109 515 453
D Space -2 -1 109 94 171 62
Space L 2 -5 94 63 437 343
L I 1 1 63 62 250 187
I K -1 0 62 109 296 234
K E 1 5 109 109 219 110
E Space -3 -1 109 78 171 62
Space T 3 -1 78 78 577 499
T O 0 -4 78 94 203 125
O Space -3 5 94 63 343 249
Space R 3 0 63 172 1607 1544
R E 0 1 172 109 125 -47
E S -1 1 109 109 265 156
S E 1 -1 109 110 1123 1014
E A -1 2 110 125 328 218
A R 1 -3 125 78 281 156
R C -2 1 78 125 265 187
C H 1 -3 125 93 203 78
H Space -2 2 93 124 203 110
Space I 3 -4 124 156 265 141
I N -2 2 156 46 1295 1139
N Space -1 2 46 140 156 110
Space T 3 -1 140 109 156 16
T H -1 -1 109 140 156 47
H E 1 3 140 125 140 0
E Space -3 -1 125 125 125 0
Space F 2 0 125 93 234 109
F I 1 -4 93 109 390 297
I E 0 5 109 94 421 312
E L -1 -6 94 109 156 62
L D 0 6 109 109 156 47
D Space -2 -1 109 78 156 47
Space O 3 -5 78 125 312 234
O F -1 5 125 78 250 125
F Space -2 0 78 62 187 109
Space O 3 -5 62 125 577 515
O Back 1 -4 125 795 1919 1794
Back Back 0 0 795 47 1029 234
Back Space -4 9 47 46 500 453
Space S 2 2 46 187 390 344
S A 0 1 187 156 156 -31
A M -1 -6 156 109 171 15
M E 2 4 109 110 187 78
E Space -3 -1 110 94 125 15
Space F 2 0 94 94 203 109
F I 1 -4 94 93 250 156
I E 0 5 93 109 156 63
E L -1 -6 109 63 202 93
L D 0 6 63 94 562 499
D OemPeriod -1 -6 94 141 296 202
OemPeriod Space -1 5 141 109 453 312
Space Space 0 0 109 62 10343 10234
Space RShiftKey 1 -7 62 374 5382 5320
RShiftKey I 2 3 374 125 296 -78
I Space -3 4 125 110 296 171
Space T 3 -1 110 94 234 124
T H -1 -1 94 109 141 47
H I 1 -2 109 203 156 47
I N -2 2 203 141 140 -63
N K 1 -2 141 141 234 93
K Space -2 4 141 125 265 124
Space L 2 -5 125 46 656 531
L U 1 2 46 62 468 422
U C -2 4 62 110 280 218
C K 1 -5 110 78 219 109
K Space -2 4 78 94 296 218
Space C 1 1 94 93 7270 7176
C A 1 2 93 125 327 234
A N -1 -5 125 62 219 94
N Space -1 2 62 94 171 109
Space B 1 -1 94 125 250 156
B E 2 2 125 110 218 93
E Space -3 -1 110 78 203 93
Space D 2 1 78 234 811 733
D E 1 0 234 124 188 -46
E V -2 -1 124 110 202 78
V E 2 1 110 78 156 46
E L -1 -6 78 62 328 250
L O 1 0 62 93 203 141
O P 0 -1 93 94 218 125
P E 0 7 94 187 203 109
E D -1 0 187 187 125 -62
D Space -2 -1 187 94 171 -16
Space B 1 -1 94 110 1092 998
B Y 2 -1 110 93 266 156
Y Space -3 2 93 109 234 141
Space W 3 2 109 109 312 203
W O 0 -7 109 78 202 93
O R 0 5 78 109 297 219
R K -1 -4 109 109 156 47
K I 1 0 109 250 218 109
I N -2 2 250 187 156 -94
N G 1 1 187 94 156 -31
G Space -2 1 94 125 187 93
Space H 2 -2 125 109 344 219
H A 0 5 109 203 296 187
A R 1 -3 203 94 577 374
R D -1 1 94 94 234 140
D Space -2 -1 94 109 172 78
Space A 2 3 109 125 187 78
A N -1 -5 125 140 156 31
N D 1 3 140 110 140 0
D Space -2 -1 110 125 125 15
Space T 3 -1 125 110 265 140
T H -1 -1 110 109 172 62
H E 1 3 109 172 187 78
E R 0 -1 172 156 141 -31
R F -1 0 156 141 327 171
F O 1 -5 141 110 187 46
O R 0 5 110 187 125 15
R E 0 1 187 156 141 -46
E Space -3 -1 156 109 171 15
Space Back 4 -9 109 47 1045 936
Back Back 0 0 47 47 156 109
Back Back 0 0 47 63 156 109
Back Back 0 0 63 31 188 125
Back Back 0 0 31 125 140 109
Back E -1 10 125 78 983 858
E F -1 -1 78 94 265 187
F O 1 -5 94 125 187 93
O R 0 5 125 171 141 16
R E 0 1 171 156 124 -47
E Space -3 -1 156 109 188 32
Space RShiftKey 1 -7 109 281 842 733
RShiftKey I 2 3 281 109 234 -47
I Back 1 -5 109 78 546 437
Back I -1 5 78 93 796 718
I F -1 4 93 93 187 94
F Space -2 0 93 94 187 94
Space RShiftKey 1 -7 94 359 1170 1076
RShiftKey I 2 3 359 110 296 -63
I Space -3 4 110 63 312 202
Space G 2 -1 63 78 812 749
G I 1 -3 78 125 327 249
I V -2 4 125 109 312 187
V E 2 1 109 94 203 94
E Space -3 -1 94 141 187 93
Space M 1 -3 141 63 312 171
M Y 2 1 63 62 250 187
Y Space -3 2 62 125 218 156
Space D1 4 3 125 141 936 811
D1 D0 0 -9 141 46 375 234
D0 D0 0 0 46 62 156 110
D0 Space -4 6 62 109 218 156
Space Space 0 0 109 78 187 78
Space Back 4 -9 78 109 952 874
Back P -1 3 109 109 998 889
P E 0 7 109 156 187 78
E R 0 -1 156 140 110 -46
R C -2 1 140 109 390 250
C E 2 0 109 109 156 47
E N -2 -3 109 125 218 109
N T 2 1 125 110 140 15
T Space -3 1 110 109 188 78
Space RShiftKey 1 -7 109 343 608 499
RShiftKey I 2 3 343 156 250 -93
I Space -3 4 156 110 670 514
Space S 2 2 110 125 406 296
S U 1 -5 125 78 234 109
U R 0 3 78 94 218 140
R L -1 -5 94 78 219 125
L E 1 6 78 78 920 842
E Back 1 -10 78 63 811 733
Back Back 0 0 63 47 172 109
Back Back 0 0 47 31 172 125
Back Back 0 0 31 62 140 109
Back Back 0 0 62 62 468 406
Back A -2 12 62 110 1154 1092
A M -1 -6 110 78 188 78
M Space -1 3 78 47 202 124
Space S 2 2 47 110 1716 1669
S U 1 -5 110 109 250 140
U R 0 3 109 171 203 94
R E 0 1 171 125 140 -31
E Space -3 -1 125 141 109 -16
Space T 3 -1 141 93 188 47
T O 0 -4 93 93 234 141
O Space -3 5 93 94 280 187
Space A 2 3 94 110 156 62
A C -1 -2 110 156 250 140
C H 1 -3 156 109 250 94
H I 1 -2 109 156 171 62
I E 0 5 156 110 187 31
E V -2 -1 110 125 172 62
V E 2 1 125 109 156 31
E Space -3 -1 109 78 187 78
Space M 1 -3 78 62 765 687
M Y 2 1 62 94 296 234
Y Space -3 2 94 109 203 109
Space D 2 1 109 172 187 78
D E 1 0 172 110 140 -32
E S -1 1 110 109 250 140
S I 1 -6 109 93 172 63
I R 0 4 93 156 202 109
R E 0 1 156 265 125 -31
E D -1 0 265 172 203 -62
D Space -2 -1 172 93 203 31
Space G 2 -1 93 78 343 250
G O 1 -4 78 78 203 125
O A -1 8 78 125 218 140
A L 0 -8 125 78 156 31
L OemPeriod -1 0 78 78 6053 5975
OemPeriod Space -1 5 78 140 905 827
Space RShiftKey 1 -7 140 327 2824 2684
RShiftKey A 1 10 327 156 249 -78
A N -1 -5 156 109 453 297
N D 1 3 109 125 171 62
D Space -2 -1 125 125 172 47
Space T 3 -1 125 78 234 109
T H -1 -1 78 141 171 93
H E 1 3 141 110 156 15
E Space -3 -1 110 125 156 46
Space C 1 1 125 109 203 78
C O 2 -6 109 219 265 156
O U 0 2 219 140 172 -47
U R 0 3 140 78 203 63
R S -1 2 78 110 249 171
S E 1 -1 110 141 234 124
E Space -3 -1 141 62 219 78
Space S 2 2 62 125 1248 1186
S T 1 -3 125 125 249 124
T R 0 1 125 93 188 63
R U 0 -3 93 78 171 78
U C -2 4 78 109 172 94
C T 2 -2 109 110 327 218
T U 0 -2 110 93 219 109
U R 0 3 93 218 156 63
R E 0 1 218 187 156 -62
E Space -3 -1 187 94 171 -16
Space A 2 3 94 125 1716 1622
A T 1 -4 125 93 531 406
T Space -3 1 93 110 249 156
Space RShiftKey 1 -7 110 795 734 624
RShiftKey U 2 4 795 156 374 -421
U B -2 2 156 109 328 172
B Space -1 1 109 62 296 187
Space C 1 1 62 124 250 188
C O 2 -6 124 94 202 78
O M -2 2 94 109 141 47
M P 2 -3 109 125 234 125
P U 0 3 125 78 218 93
U T 0 2 78 78 281 203
T E 0 2 78 156 156 78
E R 0 -1 156 125 109 -47
R Space -3 0 125 93 141 16
Space S 2 2 93 109 171 78
S C -1 -1 109 125 234 125
C I 2 -5 125 202 141 16
I E 0 5 202 125 124 -78
E N -2 -3 125 140 94 -31
N C 0 3 140 109 343 203
C E 2 0 109 78 125 16
E Space -3 -1 78 109 328 250
Space D 2 1 109 234 733 624
D E 1 0 234 125 187 -47
E P 0 -7 125 94 312 187
P A -1 9 94 78 218 124
A R 1 -3 78 125 359 281
R T 0 -1 125 125 281 156
T M -2 -2 125 141 218 93
M E 2 4 141 156 78 -63
E N -2 -3 156 141 234 78
N T 2 1 141 109 94 -47
T Space -3 1 109 125 203 94
Space I 3 -4 125 172 296 171
I S -1 6 172 110 187 15
S Space -2 -2 110 109 188 78
Space P 3 -6 109 78 4180 4071
P L -1 1 78 78 188 110
L A 0 8 78 94 202 124
A N -1 -5 94 62 250 156
N N 0 0 62 94 187 125
N E 2 3 94 156 156 62
E D -1 0 156 188 109 -47
D Space -2 -1 188 124 188 0
Space S 2 2 124 93 343 219
S U 1 -5 93 172 171 78
U C -2 4 172 125 172 0
C H 1 -3 125 110 140 15
H Space -2 2 110 94 281 171
Space A 2 3 94 203 203 109
A S 0 -1 203 156 140 -63
S Space -2 -2 156 125 172 16
Space T 3 -1 125 125 265 140
T O 0 -4 125 124 219 94
O Space -3 5 124 125 343 219
Space M 1 -3 125 94 327 202
M O 2 -2 94 109 297 203
O T 0 4 109 78 359 250
T I 0 -3 78 93 156 78
I V -2 4 93 109 249 156
V A 1 3 109 93 219 110
A T 1 -4 93 110 124 31
T E 0 2 110 125 156 46
E Space -3 -1 125 125 219 94
Space S 2 2 125 63 608 483
S T 1 -3 63 94 312 249
T U 0 -2 94 93 172 78
U D -1 4 93 156 187 94
D N -1 -3 156 110 140 -16
N E 2 3 110 125 0 -110
E T 0 -2 125 110 312 187
T S -1 3 110 109 125 15
S Space -2 -2 109 140 203 94
Space T 3 -1 140 94 265 125
T O 0 -4 94 141 187 93
O Space -3 5 141 125 234 93
Space P 3 -6 125 124 734 609
P U 0 3 124 109 249 125
U R 0 3 109 109 219 110
R S -1 2 109 110 358 249
S U 1 -5 110 109 250 140
U E 0 4 109 125 156 47
E Space -3 -1 125 94 234 109
Space R 3 0 94 156 983 889
R E 0 1 156 109 125 -31
E A -1 2 109 140 390 281
A Back 2 -12 140 78 702 562
Back S -2 11 78 93 187 109
S E 1 -1 93 94 218 125
E A -1 2 94 156 250 156
A R 1 -3 156 78 265 109
R C -2 1 78 125 265 187
C H 1 -3 125 93 172 47
H OemPeriod -1 -3 93 47 546 453
OemPeriod Left -1 -2 47 1216 1373 1326
Left Right 0 -2 1216 140 1700 484
Right Back 4 0 140 78 749 609
Back Back 0 0 78 78 187 109
Back E -1 10 78 109 281 203
E N -2 -3 109 62 156 47
N RShiftKey 0 -5 62 202 33119 33057
RShiftKey M 0 4 202 125 140 -62
M Y 2 1 125 78 390 265
Y Space -3 2 78 78 218 140
Space F 2 0 78 93 422 344
F A 0 3 93 140 421 328
A V -1 -3 140 109 421 281
V O 2 -5 109 203 359 250
O U 0 2 203 140 125 -78
U R 0 3 140 109 530 390
R I 0 -4 109 94 187 78
I T 0 3 94 125 359 265
T E 0 2 125 109 172 47
E Space -3 -1 109 93 156 47
Space Left 0 -7 93 561 2917 2824
Left Left 0 0 561 124 983 422
Left Left 0 0 124 78 405 281
Left Back 4 -2 78 62 765 687
Back Right -4 0 62 78 514 452
Right Right 0 0 78 93 188 110
Right Right 0 0 93 47 187 94
Right Space 0 9 47 156 343 296
Space Back 4 -9 156 63 920 764
Back Right -4 0 63 94 390 327
Right Space 0 9 94 94 234 140
Space C 1 1 94 109 640 546
C L 1 -6 109 62 250 141
L A 0 8 62 125 171 109
A S 0 -1 125 62 250 125
S S 0 0 62 78 171 109
S Space -2 -2 78 78 188 110
Space I 3 -4 78 78 1638 1560
I N -2 2 78 62 156 78
N Space -1 2 62 94 171 109
Space C 1 1 94 109 203 109
C Back 3 -10 109 31 874 765
Back Back 0 0 31 47 187 156
Back Back 0 0 47 47 343 296
Back Back 0 0 47 47 218 171
Back S -2 11 47 109 812 765
S O 1 -7 109 78 187 78
O Space -3 5 78 78 218 140
Space F 2 0 78 110 187 109
F A 0 3 110 156 234 124
A R 1 -3 156 109 281 125
R Space -3 0 109 78 141 32
Space H 2 -2 78 94 202 124
H A 0 5 94 187 141 47
A S 0 -1 187 156 156 -31
S Space -2 -2 156 94 109 -47
Space B 1 -1 94 78 203 109
B E 2 2 78 78 171 93
E E 0 0 78 93 188 110
E N -2 -3 93 78 187 94
N Space -1 2 78 93 203 125
Space T 3 -1 93 78 3853 3760
T H -1 -1 78 94 187 109
H A 0 5 94 125 203 109
A T 1 -4 125 78 156 31
T Space -3 1 78 78 234 156
Space O 3 -5 78 109 702 624
O F -1 5 109 94 171 62
F Space -2 0 94 78 188 94
Space A 2 3 78 93 889 811
A L 0 -8 93 47 234 141
L G 0 4 47 78 374 327
G O 1 -4 78 78 203 125
O R 0 5 78 109 250 172
R I 0 -4 109 93 234 125
I T 0 3 93 125 140 47
T H -1 -1 125 93 172 47
H M -1 -1 93 109 265 172
M S 1 5 109 125 156 47
S Space -2 -2 125 125 171 46
Space A 2 3 125 124 188 63
A N -1 -5 124 125 202 78
N D 1 3 125 94 156 31
D Space -2 -1 94 110 156 62
Space D 2 1 110 156 297 187
D E 1 0 156 124 125 -31
E S -1 1 124 109 265 141
S I 1 -6 109 94 234 125
I G -1 3 94 78 250 156
G N -1 -1 78 78 218 140
N Space -1 2 78 62 203 125
Space A 2 3 62 109 343 281
A N -1 -5 109 78 218 109
N A 1 5 78 110 156 78
A L 0 -8 110 62 219 109
L Y 1 3 62 62 312 250
Y S -1 4 62 94 187 125
S I 1 -6 94 62 172 78
I S -1 6 62 109 140 78
S OemPeriod -1 -7 109 47 359 250
OemPeriod Space -1 5 47 109 187 140
Space RShiftKey 1 -7 109 250 1513 1404
RShiftKey T 2 6 250 93 172 -78
T H -1 -1 93 141 327 234
H E 1 3 141 63 312 171
E Space -3 -1 63 78 188 125
Space L 2 -5 78 109 873 795
L E 1 6 109 78 187 78
E C -2 0 78 109 250 172
C T 2 -2 109 78 218 109
T U 0 -2 78 78 250 172
U R 0 3 78 156 156 78
R E 0 1 156 125 140 -16
E S -1 1 125 109 266 141
S Space -2 -2 109 172 1778 1669
Space A 2 3 172 125 234 62
A N -1 -5 125 140 234 109
N D 1 3 140 109 156 16
D Space -2 -1 109 109 187 78
Space T 3 -1 109 78 733 624
T H -1 -1 78 125 172 94
H E 1 3 125 109 187 62
E Space -3 -1 109 78 172 63
Space H 2 -2 78 94 296 218
H O 1 -3 94 281 250 156
O M -2 2 281 140 234 -47
M E 2 4 140 109 203 63
E W 0 1 109 125 686 577
W O 0 -7 125 187 203 78
O R 0 5 187 78 187 0
R K -1 -4 78 109 156 78
K S 0 6 109 125 203 94
S Space -2 -2 125 125 171 46
Space G 2 -1 125 110 234 109
G O 1 -4 110 141 203 93
O Space -3 5 141 78 297 156
Space H 2 -2 78 109 234 156
H A 0 5 109 93 187 78
A N -1 -5 93 125 171 78
N D 1 3 125 94 156 31
D Space -2 -1 94 110 156 62
Space I 3 -4 110 187 281 171
I N -2 2 187 140 125 -62
N Space -1 2 140 94 265 125
Space H 2 -2 94 94 234 140
H A 0 5 94 124 765 671
A D 0 -2 124 94 280 156
D Space -2 -1 94 125 156 62
Space A 2 3 125 109 359 234
A N -1 -5 109 109 172 63
N D 1 3 109 125 156 47
D Space -2 -1 125 110 171 46
Space T 3 -1 110 78 2590 2480
T H -1 -1 78 156 140 62
H E 1 3 156 125 141 -15
E Space -3 -1 125 109 187 62
Space W 3 2 109 110 296 187
W Back 1 -11 110 62 687 577
Back H -2 7 62 78 452 390
H O 1 -3 78 125 312 234
O M -2 2 125 78 219 94
M W 2 5 78 93 499 421
W Back 1 -11 93 47 1154 1061
Back Left -4 2 47 795 2434 2387
Left Left 0 0 795 125 1170 375
Left Left 0 0 125 125 234 109
Left Left 0 0 125 124 281 156
Left N 1 5 124 78 1294 1170
N Left -1 -5 78 1061 219 141
Left Right 0 -2 1061 110 1497 436
Right Right 0 0 110 140 266 156
Right Right 0 0 140 62 296 156
Right Left 0 2 62 125 577 515
Left Oem7 2 0 125 78 437 312
Oem7 Right -2 -2 78 1358 608 530
Right Right 0 0 1358 47 1701 343
Right Right 0 0 47 109 203 156
Right Right 0 0 109 78 218 109
Right Left 0 2 78 109 796 718
Left E 3 8 109 78 1887 1778
E W 0 1 78 125 1061 983
W O 0 -7 125 93 281 156
O R 0 5 93 62 359 266
R K -1 -4 62 109 171 109
K S 0 6 109 125 187 78
S Space -2 -2 125 78 188 63
Space H 2 -2 78 62 764 686
H Back 2 -7 62 94 1872 1810
Back Back 0 0 94 93 250 156
Back Oem7 -2 2 93 63 748 655
Oem7 Space -2 7 63 125 203 140
Space Left 0 -7 125 62 1155 1030
Left Back 4 -2 62 452 1482 1420
Back Back 0 0 452 172 3712 3260
Back Space -4 9 172 94 1451 1279
Space P 3 -6 94 78 3869 3775
P R 0 6 78 187 234 156
R E 0 1 187 78 172 -15
E P 0 -7 78 109 156 78
P A -1 9 109 125 202 93
A R 1 -3 125 78 266 141
R E 0 1 78 109 109 31
E S -1 1 109 125 218 109
S Space -2 -2 125 78 172 47
Space Y 3 -2 78 93 437 359
Y O 0 -3 93 203 187 94
O U 0 2 203 125 140 -63
U Space -3 3 125 93 328 203
Space F 2 0 93 125 249 156
F O 1 -5 125 156 188 63
O R 0 5 156 125 124 -32
R Space -3 0 125 109 203 78
Space Left 0 -7 109 2121 7036 6927
Left Back 4 -2 2121 94 3104 983
Back Back 0 0 94 94 187 93
Back Right -4 0 94 826 656 562
Right Right 0 0 826 1684 1716 890
Right Right 0 0 1684 94 1934 250
Right Right 0 0 94 63 218 124
Right Space 0 9 63 156 765 702
Space F 2 0 156 93 1061 905
F O 1 -5 93 141 171 78
O R 0 5 141 125 172 31
R Space -3 0 125 78 171 46
Space E 3 1 78 109 266 188
E X -2 1 109 78 577 468
X A 1 1 78 109 203 125
A M -1 -6 109 78 249 140
M S 1 5 78 125 125 47
S Space -2 -2 125 78 172 47
Space A 2 3 78 203 327 249
A S 0 -1 203 188 187 -16
S Space -2 -2 188 78 203 15
Space W 3 2 78 156 546 468
W E 0 -1 156 156 640 484
E L -1 -6 156 78 889 733
L L 0 0 78 93 172 94
L A 0 8 93 234 374 281
A S 0 -1 234 172 187 -47
S Space -2 -2 172 78 156 -16
Space Back 4 -9 78 109 484 406
Back Back 0 0 109 78 187 78
Back Back 0 0 78 62 562 484
Back Space -4 9 62 78 374 312
Space A 2 3 78 187 265 187
A S 0 -1 187 156 156 -31
S Space -2 -2 156 78 172 16
Space H 2 -2 78 78 2979 2901
H E 1 3 78 109 188 110
E L -1 -6 109 93 234 125
L P 1 -1 93 94 218 125
P S -1 8 94 94 187 93
S Space -2 -2 94 32 187 93
Space I 3 -4 32 171 188 156
I N -2 2 171 125 140 -31
N Space -1 2 125 109 234 109
Space U 3 -3 109 109 343 234
U N -2 1 109 110 187 78
N D 1 3 110 78 624 514
D E 1 0 78 156 188 110
E R 0 -1 156 141 93 -63
R S -1 2 141 125 250 109
S T 1 -3 125 109 156 31
T A -1 4 109 141 171 62
A N -1 -5 141 93 141 0
N D 1 3 93 125 171 78
D I 1 -5 125 187 141 16
I N -2 2 187 171 125 -62
N G 1 1 171 109 140 -31
G Space -2 1 109 141 140 31
Space T 3 -1 141 109 125 -16
T H -1 -1 109 141 156 47
H E 1 3 141 124 141 0
E Space -3 -1 124 125 124 0
Space B 1 -1 125 62 562 437
B A 1 4 62 140 234 172
A S 0 -1 140 125 343 203
S O 1 -7 125 62 250 125
O Back 1 -4 62 62 624 562
Back I -1 5 62 140 499 437
I C -2 5 140 125 187 47
C Space -1 -1 125 78 187 62
Space C 1 1 78 109 344 266
C O 2 -6 109 93 234 125
O N -2 3 93 78 405 312
N C 0 3 78 94 546 468
C E 2 0 94 125 203 109
E P 0 -7 125 78 328 203
P T 0 5 78 78 343 265
T S -1 3 78 94 2636 2558
S OemPeriod -1 -7 94 78 234 140
OemPeriod Right -1 -4 78 1607 2044 1966
Right Left 0 2 1607 140 2059 452
Left Left 0 0 140 141 499 359
Left Left 0 0 141 93 406 265
Left Back 4 -2 93 63 686 593
Back Back 0 0 63 78 234 171
Back Back 0 0 78 93 219 141
Back Back 0 0 93 63 280 187
Back Back 0 0 63 0 10811 10748
Back Back 0 0 0 62 453 453
Back RShiftKey -3 2 62 297 25724 25662
RShiftKey I 2 3 297 125 203 -94
I Space -3 4 125 94 312 187
Space T 3 -1 94 140 250 156
T H -1 -1 140 110 202 62
H I 1 -2 110 156 250 140
I N -2 2 156 141 140 -16
N K 1 -2 141 62 1124 983
K Space -2 4 62 78 312 250
Space E 3 1 78 78 1170 1092
E X -2 1 78 78 436 358
X A 1 1 78 140 328 250
A M -1 -6 140 93 250 110
M S 1 5 93 110 124 31
S Space -2 -2 110 94 172 62
Space A 2 3 94 125 4181 4087
A R 1 -3 125 156 343 218
R E 0 1 156 125 109 -47
E Space -3 -1 125 109 234 109
Space I 3 -4 109 78 421 312
I M -2 1 78 94 172 94
M P 2 -3 94 172 265 171
P O 0 1 172 94 156 -16
O R 0 5 94 125 172 78
R T 0 -1 125 78 249 124
T A -1 4 78 109 188 110
A N -1 -5 109 140 156 47
N T 2 1 140 109 234 94
T Space -3 1 109 109 171 62
Space A 2 3 109 249 765 656
A S 0 -1 249 125 202 -47
S Space -2 -2 125 93 219 94
Space T 3 -1 93 109 5054 4961
T H -1 -1 109 109 219 110
H E 1 3 109 125 140 31
E Y 0 -3 125 62 156 31
Y Space -3 2 62 94 218 156
Space H 2 -2 94 78 344 250
H E 1 3 78 109 187 109
E L -1 -6 109 78 265 156
L P 1 -1 78 78 374 296
P Space -3 6 78 124 422 344
Space I 3 -4 124 172 327 203
I N -2 2 172 94 187 15
N Space -1 2 94 109 203 109
Space U 3 -3 109 94 359 250
U N -2 1 94 125 187 93
N D 1 3 125 78 593 468
D E 1 0 78 249 2621 2543
E R 0 -1 249 125 234 -15
R Back 1 -9 125 94 655 530
Back Back 0 0 94 94 187 93
Back Back 0 0 94 109 141 47
Back Back 0 0 109 78 234 125
Back Back 0 0 78 93 187 109
Back Back 0 0 93 109 3775 3682
Back Back 0 0 109 78 203 94
Back Back 0 0 78 63 171 93
Back Back 0 0 63 62 250 187
Back Space -4 9 62 93 827 765
Space S 2 2 93 140 187 94
S T 1 -3 140 78 281 141
T U 0 -2 78 94 218 140
U D -1 4 94 156 141 47
D E 1 0 156 109 109 -47
E N -2 -3 109 62 125 16
N T 2 1 62 109 265 203
T S -1 3 109 109 125 16
S Space -2 -2 109 93 187 78
Space U 3 -3 93 94 1341 1248
U N -2 1 94 125 156 62
N D 1 3 125 93 531 406
D E 1 0 93 140 203 110
E R 0 -1 140 141 93 -47
R S -1 2 141 93 484 343
S T 1 -3 93 125 140 47
T A -1 4 125 125 187 62
A N -1 -5 125 124 188 63
N D 1 3 124 125 171 47
D Space -2 -1 125 125 156 31
Space T 3 -1 125 78 999 874
T H -1 -1 78 78 171 93
H E 1 3 78 109 156 78
E I 0 -5 109 141 187 78
I R 0 4 141 109 172 31
R Space -3 0 109 94 187 78
Space E 3 1 94 93 484 390
E L -1 -6 93 78 203 110
L E 1 6 78 110 124 46
E V -2 -1 110 94 203 93
V E 2 1 94 94 156 62
E L -1 -6 94 78 219 125
L Space -2 5 78 63 249 171
Space O 3 -5 63 125 250 187
O F -1 5 125 110 249 124
F Space -2 0 110 78 188 78
Space K 2 -4 78 109 702 624
K N -1 2 109 109 187 78
N O 2 -3 109 110 249 140
O W 0 7 110 109 281 171
W L -1 -7 109 78 156 47
L E 1 6 78 110 265 187
E D -1 0 110 78 422 312
D G 0 -2 78 109 249 171
G E 1 2 109 109 141 32
E Space -3 -1 109 109 187 78
Space I 3 -4 109 172 265 156
I N -2 2 172 109 172 0
N Space -1 2 109 125 249 140
Space T 3 -1 125 109 16 -109
T H -1 -1 109 78 265 156
H T 1 1 78 78 265 187
T Space -3 1 78 94 187 109
Space P 3 -6 94 93 297 203
P A -1 9 93 109 140 47
A R 1 -3 109 109 234 125
R T 0 -1 109 78 234 125
T I 0 -3 78 78 187 109
I C -2 5 78 124 188 110
C U 2 -4 124 78 171 47
U L -1 -2 78 78 234 156
L A 0 8 78 125 172 94
A R 1 -3 125 109 312 187
R Space -3 0 109 94 171 62
Space C 1 1 94 110 858 764
C O 2 -6 110 234 234 124
O U 0 2 234 125 172 -62
U R 0 3 125 93 203 78
R S -1 2 93 94 296 203
S E 1 -1 94 125 203 109
E OemPeriod -2 -6 125 78 296 171
OemPeriod Left -1 -2 78 1139 1030 952
Left Right 0 -2 1139 172 1622 483
Right A 2 12 172 125 827 655
A Left -2 -10 125 1201 281 156
Left Left 0 0 1201 93 1451 250
Left Left 0 0 93 78 187 94
Left Left 0 0 78 62 156 78
Left Back 4 -2 62 63 733 671
Back Right -4 0 63 1451 21575 21512
Right Right 0 0 1451 717 1966 515
Right Right 0 0 717 62 1014 297
Right Right 0 0 62 109 156 94
Right Right 0 0 109 47 265 156
Right Right 0 0 47 46 203 156
Right Right 0 0 46 47 187 141
Right Right 0 0 47 62 172 125
Right Right 0 0 62 78 187 125
Right Space 0 9 78 109 1232 1154
Space RShiftKey 1 -7 109 296 4821 4712
RShiftKey A 1 10 296 140 218 -78
A L 0 -8 140 125 234 94
L S 0 7 125 125 140 15
S O 1 -7 125 141 156 31
O Oemcomma -2 1 141 93 1233 1092
Oemcomma Space -1 4 93 110 171 78
Space L 2 -5 110 62 375 265
L A 0 8 62 125 561 499
A B -1 -4 125 93 297 172
B S 1 3 93 94 265 172
S Space -2 -2 94 109 156 62
Space A 2 3 109 94 234 125
A R 1 -3 94 188 296 202
R E 0 1 188 140 141 -47
E Space -3 -1 140 78 171 31
Space M 1 -3 78 78 344 266
M O 2 -2 78 109 218 140
O S -1 7 109 125 187 78
S T 1 -3 125 78 250 125
T Space -3 1 78 94 249 171
Space I 3 -4 94 110 390 296
I M -2 1 110 125 141 31
M P 2 -3 125 171 312 187
P O 0 1 171 140 125 -46
O R 0 5 140 109 312 172
R T 0 -1 109 109 296 187
T A -1 4 109 125 187 78
A N -1 -5 125 125 156 31
N T 2 1 125 109 219 94
T Space -3 1 109 109 109 0
Space P 3 -6 109 140 281 172
P A -1 9 140 94 171 31
A R 1 -3 94 125 281 187
R T 0 -1 125 110 452 327
T S -1 3 110 124 188 78
S Space -2 -2 124 125 171 47
Space Back 4 -9 125 62 515 390
Back Back 0 0 62 93 203 141
Back Space -4 9 93 47 483 390
Space O 3 -5 47 156 812 765
O F -1 5 156 93 187 31
F Space -2 0 93 109 140 47
Space A 2 3 109 125 187 78
A Space -2 -3 125 109 172 47
Space C 1 1 109 109 156 47
C O 2 -6 109 203 265 156
O U 0 2 203 125 156 -47
U R 0 3 125 93 172 47
R S -1 2 93 94 265 172
S E 1 -1 94 109 203 109
E Space -3 -1 109 110 171 62
Space A 2 3 110 218 219 109
A S 0 -1 218 141 171 -47
S Space -2 -2 141 109 188 47
Space T 3 -1 109 63 873 764
T H -1 -1 63 109 172 109
H E 1 3 109 125 156 47
E Space -3 -1 125 94 171 46
Space C 1 1 94 109 219 125
C O 2 -6 109 125 234 125
O N -2 3 125 94 187 62
N C 0 3 94 78 967 873
C E 2 0 78 93 219 141
E P 0 -7 93 125 171 78
P T 0 5 125 94 343 218
T S -1 3 94 125 219 125
S Space -2 -2 125 109 234 109
Space L 2 -5 109 78 3213 3104
L E 1 6 78 124 188 110
E A -1 2 124 141 327 203
A R 1 -3 141 93 375 234
R N -2 -2 93 93 187 94
N E 2 3 93 171 125 32
E D -1 0 171 156 140 -31
D Space -2 -1 156 94 109 -47
Space C 1 1 94 110 265 171
C A 1 2 110 125 219 109
A N -1 -5 125 63 140 15
N Space -1 2 63 78 187 124
Space B 1 -1 78 125 219 141
B E 2 2 125 124 203 78
E Space -3 -1 124 63 171 47
Space I 3 -4 63 156 390 327
I M -2 1 156 124 141 -15
M P 2 -3 124 156 296 172
P L -1 1 156 156 140 -16
L E 1 6 156 78 234 78
E M -2 -4 78 93 141 63
M E 2 4 93 78 187 94
E N -2 -3 78 93 125 47
N T 2 1 93 109 312 219
T E 0 2 109 140 187 78
E D -1 0 140 172 109 -31
D Space -2 -1 172 109 7847 7675
Space I 3 -4 109 187 2231 2122
I N -2 2 187 125 140 -47
N Space -1 2 125 109 203 78
Space L 2 -5 109 78 452 343
L A 0 8 78 62 250 172
A B -1 -4 62 94 218 156
B S 1 3 94 78 125 31
S OemPeriod -1 -7 78 46 531 453
OemPeriod U 2 2 46 160 56962 56916
U B -2 2 160 138 135 -25
B C 0 2 138 138 700 562
C O 2 -6 138 88 200 62
O L -1 0 88 62 238 150
L L 0 0 62 75 175 113
L E 1 6 75 87 200 125
E C -2 0 87 112 275 188
C T 2 -2 112 150 312 200
T I 0 -3 150 175 125 -25
I O 0 -1 175 188 100 -75
O N -2 3 188 113 250 62
N D3 3 3 113 125 1938 1825
D3 D -2 0 125 125 4638 4513
D A 0 2 125 125 462 337
A T 1 -4 125 113 275 150
T A -1 4 113 113 175 62
A C -1 -2 113 125 350 237
C O 2 -6 125 87 263 138
O L -1 0 87 75 275 188
L L 0 0 75 75 225 150
L E 1 6 75 100 175 100
E C -2 0 100 113 312 212
C T 2 -2 113 99 351 238
T I 0 -3 99 150 199 100
I O 0 -1 150 156 94 -56
O N -2 3 156 100 344 188
N RShiftKey 0 -5 100 235 70418 70318
RShiftKey P 2 1 235 128 187 -48
P R 0 6 128 111 584 456
R O 0 -5 111 71 211 100
O J -1 2 71 74 233 162
J RShiftKey -1 -4 74 381 725 651
RShiftKey OemMinus 3 0 381 142 311 -70
OemMinus D1 0 10 142 165 422 280
D1 Space -4 -3 165 138 250 85
Space P 3 -6 138 113 610 472
P H -1 4 113 103 480 367
H A 0 5 103 131 219 116
A S 0 -1 131 104 282 151
S E 1 -1 104 118 220 116
E Space -3 -1 118 123 162 44
Space D3 4 1 123 126 248 125
D3 Space -4 -1 126 148 900 774
Space RShiftKey 1 -7 148 270 650 502
RShiftKey C 0 8 270 114 171 -99
C O 2 -6 114 184 368 254
O M -2 2 184 136 130 -54
M P 2 -3 136 111 245 109
P Space -3 6 111 122 287 176
Space S 2 2 122 120 184 62
S C -1 -1 120 109 314 194
C E 2 0 109 73 140 31
E A -1 2 73 213 2162 2089
A S 0 -1 213 163 176 -37
S H 0 -4 163 98 282 119
H W 1 4 98 139 193 95
W I 0 -6 139 185 202 63
I N -2 2 185 148 123 -62
N I 2 -2 148 152 148 0
I A -1 7 152 117 135 -17
A RShiftKey -1 -10 117 1268 4407 4290
RShiftKey P 2 1 1268 147 299 -969
P F -1 6 147 82 303 156
F A 0 3 82 80 570 488
A Space -2 -3 80 138 726 646
