LShiftKey M 0 -7 280 180 90 -190
M Y 2 1 180 90 400 220
Y Space -3 2 90 80 280 190
Space F 2 0 80 80 1430 1350
F A 0 3 80 140 280 200
A V -1 -3 140 100 840 700
V O 2 -5 100 100 480 380
O R 0 5 100 100 540 440
R I 0 -4 100 100 190 90
I T 0 3 100 90 260 160
T R 0 1 90 90 110 20
R Back 1 -9 90 100 740 650
Back E -1 10 100 120 130 30
E Space -3 -1 120 100 220 100
Space C 1 1 100 90 1042 942
C L 1 -6 90 100 360 270
L A 0 8 100 120 130 30
A S 0 -1 120 80 300 180
S S 0 0 80 70 200 120
S Space -2 -2 70 90 20 -50
Space I 3 -4 90 90 840 750
I N -2 2 90 70 240 150
N Space -1 2 70 90 180 110
Space H 2 -2 90 90 1090 1000
H I 1 -2 90 90 400 310
I G -1 3 90 80 330 240
G H 0 -1 80 70 160 80
H Space -2 2 70 90 210 140
Space S 2 2 90 110 700 610
S C -1 -1 110 110 630 520
C H 1 -3 110 90 160 50
H O 1 -3 90 80 340 250
O O 0 0 80 90 160 80
O L -1 0 90 80 210 120
L Space -2 5 80 90 410 330
Space W 3 2 90 80 1020 930
W A -1 1 80 120 180 100
A S 0 -1 120 90 200 80
S Space -2 -2 90 80 270 180
Space M 1 -3 80 100 500 420
M A 1 6 100 110 150 50
A T 1 -4 110 80 450 340
T H -1 -1 80 100 210 130
H E 1 3 100 100 220 120
E M -2 -4 100 90 1500 1400
M A 1 6 90 110 70 -20
A T 1 -4 110 80 310 200
T I 0 -3 80 90 320 240
I C -2 5 90 70 600 510
C S 1 1 70 90 90 20
S OemPeriod -1 -7 90 80 1400 1310
OemPeriod Space -1 5 80 60 230 150
Space LShiftKey 1 4 60 280 3950 3890
LShiftKey I 2 -8 280 100 170 -110
I Space -3 4 100 100 260 160
Space A 2 3 100 130 220 120
A H 0 -5 130 90 10 -120
H V -1 2 90 70 320 230
V E 2 1 70 120 120 50
E Space -3 -1 120 90 110 -10
Space A 2 3 90 130 860 770
A L 0 -8 130 90 160 30
L W 1 7 90 90 390 300
W A -1 1 90 140 150 60
A Y 1 -5 140 90 500 360
Y S -1 4 90 110 140 50
S Space -2 -2 110 80 160 50
Space Left 0 -7 80 780 950 870
Left Left 0 0 780 110 1240 460
Left Back 4 -2 110 80 670 560
Back Right -4 0 80 100 320 240
Right A 2 12 100 120 360 260
A Right -2 -12 120 790 460 340
Right L 2 4 790 100 3680 2890
L I 1 1 100 80 220 120
I K -1 0 80 90 190 110
K E 1 5 90 110 110 20
E Space -3 -1 110 80 160 50
Space Oemplus 4 -8 80 60 570 490
Oemplus Back 0 -1 60 82 760 700
Back Back 0 0 82 80 152 70
Back D -2 10 80 120 160 80
D Space -2 -1 120 80 310 190
Space A 2 3 80 130 2590 2510
A P 1 -9 130 90 200 70
P P 0 0 90 80 140 50
P L -1 1 80 100 180 100
L Y 1 3 100 80 290 190
Y I 0 -2 80 80 300 220
I N -2 2 80 90 210 130
N G 1 1 90 80 240 150
G Space -2 1 80 90 200 120
Space M 1 -3 90 70 680 590
M Y 2 1 70 70 300 230
Y Space -3 2 70 90 210 140
Space L 2 -5 90 90 360 270
L O 1 0 90 60 230 140
O G -1 4 60 60 670 610
G I 1 -3 60 60 380 320
I C -2 5 60 80 480 420
C A 1 2 80 130 140 60
A L 0 -8 130 90 240 110
L Space -2 5 90 70 240 150
Space T 3 -1 70 70 280 210
T H -1 -1 70 80 190 120
H I 1 -2 80 60 240 160
I N -2 2 60 90 220 160
N G 1 1 90 60 280 190
G Space -2 1 60 80 210 150
Space I 3 -4 80 70 360 280
I N -2 2 70 70 220 150
N Space -1 2 70 80 170 100
Space S 2 2 80 130 150 70
S L 0 -7 130 80 180 50
L O 1 0 80 70 180 100
O V -2 5 70 70 300 230
V I 2 -4 70 80 290 220
I N -2 2 80 90 240 160
N G 1 1 90 120 300 210
G Space -2 1 120 80 90 -30
Space P 3 -6 80 90 310 230
P R 0 6 90 110 260 170
R O 0 -5 110 90 100 -10
O B -2 4 90 70 280 190
B L 1 -4 70 60 300 230
L E 1 6 60 140 80 20
E M -2 -4 140 70 370 230
M S 1 5 70 110 170 100
S Left -2 -9 110 840 1510 1400
Left Left 0 0 840 100 1280 440
Left Left 0 0 100 110 400 300
Left Back 4 -2 110 60 1390 1280
Back Right -4 0 60 120 3230 3170
Right L 2 4 120 60 420 300
L Space -2 5 60 110 2820 2760
Space Back 4 -9 110 90 2310 2200
Back OemPeriod -3 4 90 70 1400 1310
OemPeriod Space -1 5 70 90 200 130
Space S 2 2 90 102 190 100
S O 1 -7 102 80 162 60
O Space -3 5 80 100 210 130
Space T 3 -1 100 80 300 200
T H -1 -1 80 100 180 100
H I 1 -2 100 80 220 120
I S -1 6 80 150 130 50
S Space -2 -2 150 90 120 -30
Space W 3 2 90 50 500 410
W A -1 1 50 100 280 230
A S 0 -1 100 100 190 90
S Space -2 -2 100 90 110 10
Space Left 0 -7 90 700 1100 1010
Left Left 0 0 700 100 1020 320
Left Left 0 0 100 90 190 90
Left Left 0 0 90 90 760 670
Left Back 4 -2 90 80 300 210
Back LShiftKey -3 13 80 350 520 440
LShiftKey S 1 -2 350 70 250 -100
S T 1 -3 70 80 3080 3010
T H -1 -1 80 90 200 120
H E 1 3 90 140 130 40
E Space -3 -1 140 90 120 -20
Space C 1 1 90 80 750 660
C L 1 -6 80 80 390 310
L A 0 8 80 130 100 20
A S 0 -1 130 50 450 320
S S 0 0 50 90 160 110
S Space -2 -2 90 100 190 100
Space W 3 2 100 90 360 260
W C -2 -1 90 100 500 410
C H 1 -3 100 80 120 20
H I 1 -2 80 70 350 270
I C -2 5 70 120 210 140
C H 1 -3 120 70 200 80
H Space -2 2 70 70 240 170
Space Left 0 -7 70 100 980 910
Left Left 0 0 100 100 180 80
Left Left 0 0 100 90 170 70
Left Left 0 0 90 90 390 300
Left Left 0 0 90 70 180 90
Left Back 4 -2 70 60 770 700
Back G -2 8 60 90 2290 2230
G A 0 4 90 150 100 10
A V -1 -3 150 80 140 -10
V E 2 1 80 120 200 120
E Space -3 -1 120 80 70 -50
Space M 1 -3 80 80 330 250
M E 2 4 80 150 110 30
E Space -3 -1 150 80 140 -10
Space T 3 -1 80 80 780 700
T H -1 -1 80 90 190 110
H E 1 3 90 120 130 40
E Space -3 -1 120 90 130 10
Space O 3 -5 90 80 440 350
O P 0 -1 80 50 340 260
P P 0 0 50 90 120 70
P E 0 7 90 80 190 100
E R 0 -1 80 80 210 130
R Back 1 -9 80 60 1620 1540
Back Back 0 0 60 70 160 100
Back Back 0 0 70 70 200 130
Back Back 0 0 70 60 200 130
Back P -1 3 60 50 970 910
P P 0 0 50 70 130 80
P E 0 7 70 100 200 130
E R 0 -1 100 90 150 50
R T 0 -1 90 80 170 80
T U 0 -2 80 60 620 540
U N -2 1 60 70 230 170
N I 2 -2 70 100 250 180
I T 0 3 100 130 300 200
T Y 0 -1 130 80 120 -10
Y Space -3 2 80 90 280 200
Space Left 0 -7 90 140 1100 1010
Left Space 0 7 140 80 4190 4050
Space T 3 -1 80 120 230 150
T O 0 -4 120 90 130 10
O Space -3 5 90 100 250 160
Space A 2 3 100 120 7980 7880
A P 1 -9 120 70 190 70
P P 0 0 70 60 160 90
P L -1 1 60 90 170 110
L Y 1 3 90 80 350 260
Y Space -3 2 80 100 250 170
Space T 3 -1 100 70 770 670
T H -1 -1 70 100 200 130
H A 0 5 100 140 120 20
A T 1 -4 140 70 110 -30
T OemPeriod -2 -4 70 80 520 450
OemPeriod Space -1 5 80 80 220 140
Space T 3 -1 80 60 400 320
T H -1 -1 60 80 200 140
H E 1 3 80 120 160 80
E Space -3 -1 120 70 100 -20
Space C 1 1 70 140 330 260
C L 1 -6 140 80 120 -20
L O 1 0 80 80 590 510
O M -2 2 80 80 290 210
M P 2 -3 80 80 360 280
P L -1 1 80 80 180 100
L E 1 6 80 80 200 120
E Back 1 -10 80 80 1550 1470
Back Back 0 0 80 90 470 390
Back Back 0 0 90 80 1000 910
Back Back 0 0 80 70 180 100
Back Back 0 0 70 90 860 790
Back Back 0 0 90 80 170 80
Back O -1 4 80 90 780 700
O M -2 2 90 90 250 160
M P 2 -3 90 80 320 230
P L -1 1 80 90 190 110
L E 1 6 90 102 310 220
E X -2 1 102 90 242 140
X Space -1 -2 90 80 270 180
Space P 3 -6 80 90 540 460
P R 0 6 90 110 780 690
R O 0 -5 110 70 100 -10
O B -2 4 70 70 310 240
B L 1 -4 70 110 300 230
L E 1 6 110 120 520 410
E M -2 -4 120 120 200 80
M S 1 5 120 100 290 170
S A 0 1 100 110 3930 3830
A D 0 -2 110 90 530 420
D V -1 -1 90 100 370 280
V A 1 3 100 120 150 50
A N -1 -5 120 100 320 200
N C 0 3 100 100 260 160
C E 2 0 100 110 130 30
E Space -3 -1 110 80 120 10
Space Back 4 -9 80 80 5670 5590
Back Back 0 0 80 120 180 100
Back Back 0 0 120 50 250 130
Back Back 0 0 50 80 170 120
Back Back 0 0 80 60 610 530
Back T -1 8 60 80 2320 2260
T H -1 -1 80 120 200 120
H A 0 5 120 130 170 50
A T 1 -4 130 50 120 -10
T Back 1 -8 50 60 1150 1100
Back Back 0 0 60 80 180 120
Back Back 0 0 80 70 160 80
Back Back 0 0 70 80 160 90
Back H -2 7 80 100 750 670
H A 0 5 100 160 140 40
A T 1 -4 160 90 360 200
T Space -3 1 90 90 250 160
Space T 3 -1 90 70 880 790
T O 0 -4 70 92 370 300
O Back 1 -4 92 80 1432 1340
Back Back 0 0 80 70 230 150
Back Back 0 0 70 120 120 50
Back Back 0 0 120 90 1970 1850
Back T -1 8 90 110 1900 1810
T Space -3 1 110 190 540 430
Space Back 4 -9 190 90 2670 2480
Back Back 0 0 90 110 1490 1400
Back Back 0 0 110 100 240 130
Back Back 0 0 100 90 970 870
Back T -1 8 90 90 930 840
T O 0 -4 90 100 150 60
O Space -3 5 100 110 740 640
Space Back 4 -9 110 70 2880 2770
Back OemPeriod -3 4 70 90 450 380
OemPeriod Space -1 5 90 60 320 230
Space LShiftKey 1 4 60 440 1180 1120
LShiftKey M 0 -7 440 100 350 -90
M Y 2 1 100 60 370 270
Y Space -3 2 60 90 210 150
Space L 2 -5 90 110 540 450
L E 1 6 110 100 130 20
E A -1 2 100 100 340 240
A S 0 -1 100 130 250 150
S T 1 -3 130 90 110 -20
T Space -3 1 90 90 300 210
Space F 2 0 90 90 1340 1250
F A 0 3 90 130 180 90
A V -1 -3 130 80 170 40
V O 2 -5 80 100 630 550
O T 0 4 100 140 580 480
T I 0 -3 140 90 150 10
I T 0 3 90 90 330 240
T E 0 2 90 120 140 50
E Space -3 -1 120 90 180 60
Space Back 4 -9 90 80 3100 3010
Back R -1 9 80 50 2770 2690
R C -2 1 50 80 4580 4530
C L 1 -6 80 110 370 290
L A 0 8 110 120 160 50
A S 0 -1 120 110 400 280
S S 0 0 110 100 210 100
S Space -2 -2 100 110 200 100
Space W 3 2 110 100 240 130
W A -1 1 100 130 210 110
A S 0 -1 130 130 250 120
S Space -2 -2 130 120 90 -40
Space S 2 2 120 0 10380 10260
S O 1 -7 0 100 340 340
O C -2 6 100 110 320 220
C I 2 -5 110 90 230 120
I A -1 7 90 110 380 290
A L 0 -8 110 100 140 30
L Space -2 5 100 100 260 160
Space Back 4 -9 100 80 1060 960
Back Back 0 0 80 70 180 100
Back Back 0 0 70 82 180 110
Back Back 0 0 82 70 182 100
Back Back 0 0 70 80 170 100
Back Back 0 0 80 70 180 100
Back Back 0 0 70 80 170 100
Back S -2 11 80 60 19192 19112
S O 1 -7 60 100 50 -10
O C -2 6 100 130 280 180
C I 2 -5 130 90 190 60
I A -1 7 90 140 590 500
A L 0 -8 140 100 410 270
L Space -2 5 100 90 610 510
Space S 2 2 90 130 640 550
S C -1 -1 130 70 140 10
C I 2 -5 70 90 300 230
I E 0 5 90 110 340 250
E N -2 -3 110 110 170 60
N C 0 3 110 80 350 240
C E 2 0 80 110 150 70
E OemPeriod -2 -6 110 80 2400 2290
OemPeriod Space -1 5 80 80 300 220
Space LShiftKey 1 4 80 290 2910 2830
LShiftKey T 2 -5 290 100 180 -110
T H -1 -1 100 60 340 240
H J 0 -1 60 30 20 -40
J I 1 -1 30 90 460 430
I S -1 6 90 90 190 100
S Space -2 -2 90 80 200 110
Space Back 4 -9 80 60 430 350
Back Back 0 0 60 70 200 140
Back Back 0 0 70 80 150 80
Back Back 0 0 80 70 160 80
Back I -1 5 70 120 770 700
I S -1 6 120 130 170 50
S Space -2 -2 130 100 150 20
Space W 3 2 100 90 280 180
W A -1 1 90 120 220 130
A S 0 -1 120 130 220 100
S Space -2 -2 130 100 130 0
Space B 1 -1 100 120 430 330
B E 2 2 120 70 270 150
E A -1 2 70 130 170 100
A C -1 -2 130 90 140 10
C A 1 2 90 120 200 110
A Back 2 -12 120 92 660 540
Back Back 0 0 92 70 1152 1060
Back Back 0 0 70 90 150 80
Back C -3 10 90 90 670 580
C A 1 2 90 140 60 -30
A U 1 -6 140 70 460 320
U S -1 5 70 120 250 180
S E 1 -1 120 90 310 190
E Space -3 -1 90 90 320 230
Space Back 4 -9 90 601 4971 4881
Back U -1 6 601 70 2172 1571
U S -1 5 70 100 250 180
S E 1 -1 100 70 150 50
E Space -3 -1 70 100 300 230
Space Back 4 -9 100 70 1000 900
Back Back 0 0 70 80 170 100
Back Back 0 0 80 70 180 100
Back Back 0 0 70 70 400 330
Back A -2 12 70 90 1862 1792
A U 1 -6 90 110 680 590
U S -1 5 110 110 200 90
S E 1 -1 110 70 210 100
E Space -3 -1 70 80 520 450
Space I 3 -4 80 70 1080 1000
I Space -3 4 70 70 240 170
Space H 2 -2 70 90 280 210
H A 0 5 90 130 150 60
A D 0 -2 130 130 450 320
D Space -2 -1 130 80 120 -10
Space T 3 -1 80 130 430 350
T O 0 -4 130 72 220 90
O Space -3 5 72 110 222 150
Space R 3 0 110 100 620 510
R E 0 1 100 130 190 90
E M -2 -4 130 120 260 130
M E 2 4 120 130 100 -20
E B -2 -2 130 90 290 160
B E 2 2 90 100 350 260
E R 0 -1 100 70 130 30
R Space -3 0 70 70 530 460
Space Back 4 -9 70 80 620 550
Back Left -4 2 80 670 3600 3520
Left Right 0 -2 670 110 1070 400
Right Right 0 0 110 90 210 100
Right Right 0 0 90 80 170 80
Right Right 0 0 80 70 160 80
Right Right 0 0 70 70 170 100
Right Left 0 2 70 80 820 750
Left M 1 4 80 110 800 720
M Space -1 3 110 70 2060 1950
Space S 2 2 70 120 190 120
S O 1 -7 120 80 180 60
O Space -3 5 80 90 230 150
Space M 1 -3 90 90 200 110
M A 1 6 90 170 70 -20
A N -1 -5 170 90 140 -30
N T 2 1 90 30 630 540
T Back 1 -8 30 60 1350 1320
Back Y -1 7 60 70 700 640
Y Space -3 2 70 100 220 150
Space D 2 1 100 70 330 230
D A 0 2 70 150 130 60
A T 1 -4 150 90 200 50
T E 0 2 90 80 230 140
E S -1 1 80 120 232 152
S Space -2 -2 120 90 180 60
Space A 2 3 90 140 1522 1432
A N -1 -5 140 100 150 10
N D 1 3 100 60 342 242
D Space -2 -1 60 80 220 160
Space E 3 1 80 100 540 460
E V -2 -1 100 82 140 40
V E 2 1 82 120 312 230
E N -2 -3 120 80 190 70
N T 2 1 80 70 260 180
T S -1 3 70 120 190 120
S OemPeriod -1 -7 120 90 1080 960
OemPeriod Space -1 5 90 80 252 162
Space Back 4 -9 80 70 6942 6862
Back Back 0 0 70 70 150 80
Back LShiftKey -3 13 70 592 530 460
LShiftKey I 2 -8 592 80 482 -110
I Space -3 4 80 70 350 270
Space Return 2 -8 70 100 7362 7292
Return LShiftKey -1 12 100 320 380 280
LShiftKey I 2 -8 320 100 190 -130
I Space -3 4 100 90 550 450
Space Back 4 -9 90 70 5542 5452
Back Back 0 0 70 80 170 100
Back LShiftKey -3 13 80 430 1140 1060
LShiftKey I 2 -8 430 110 250 -180
I Space -3 4 110 110 300 190
Space D 2 1 110 100 280 170
D O 1 -6 100 90 120 20
O Space -3 5 90 100 230 140
Space Y 3 -2 100 60 322 222
Y Back 1 -7 60 80 560 500
Back L -2 4 80 90 390 310
L E 1 6 90 150 310 220
E K -1 -5 150 90 290 140
K Back 2 -5 90 100 720 630
Back Back 0 0 100 70 200 100
Back I -1 5 70 90 730 660
I L -1 -1 90 90 200 110
L E 1 6 90 140 120 30
E Space -3 -1 140 100 150 10
Space I 3 -4 100 90 650 550
I N -2 2 90 90 230 140
N T 2 1 90 80 290 200
T E 0 2 80 110 320 240
E R 0 -1 110 80 450 340
R A -1 3 80 130 310 230
A C -1 -2 130 90 140 10
C T 2 -2 90 70 280 190
T I 0 -3 70 72 310 240
I O 0 -1 72 80 152 80
O N -2 3 80 80 220 140
N Space -1 2 80 100 160 80
Space I 3 -4 100 90 240 140
I N -2 2 90 60 230 140
N Space -1 2 60 90 180 120
Space C 1 1 90 60 240 150
C L 1 -6 60 80 312 252
L A 0 8 80 110 130 50
A S 0 -1 110 40 330 220
S S 0 0 40 80 140 100
S Back 2 -11 80 100 3164 3084
Back K -2 5 100 60 450 350
K OemPeriod -1 -1 60 70 1940 1880
OemPeriod Space -1 5 70 80 210 140
Space LShiftKey 1 4 80 320 530 450
LShiftKey I 2 -8 320 80 200 -120
I T 0 3 80 70 312 232
T Space -3 1 70 80 230 160
Space H 2 -2 80 80 560 480
H E 1 3 80 100 160 80
E L -1 -6 100 80 350 250
L P 1 -1 80 70 210 130
P S -1 8 70 110 140 70
S Space -2 -2 110 90 180 70
Space U 3 -3 90 80 602 512
U S -1 5 80 110 240 160
S Space -2 -2 110 90 250 140
Space T 3 -1 90 120 840 750
T Back 1 -8 120 100 672 552
Back Back 0 0 100 100 260 160
Back Back 0 0 100 60 190 90
Back Space -4 9 60 90 600 540
Space T 3 -1 90 120 220 130
T O 0 -4 120 70 170 50
O Space -3 5 70 100 220 150
Space G 2 -1 100 80 360 260
G E 1 2 80 140 180 100
E T 0 -2 140 80 110 -30
T Space -3 1 80 80 230 150
Space T 3 -1 80 110 210 130
T O 0 -4 110 80 190 80
O Space -3 5 80 90 230 150
Space K 2 -4 90 70 232 142
K O 1 -1 70 80 170 100
O Back 1 -4 80 60 2350 2270
Back N -3 7 60 80 350 290
N O 2 -3 80 60 290 210
O W 0 7 60 130 360 300
W Space -3 -2 130 80 170 40
Space O 3 -5 80 90 580 500
O T 0 4 90 90 310 220
T H -1 -1 90 120 180 90
H E 1 3 120 150 160 40
E R 0 -1 150 60 140 -10
R Space -3 0 60 70 242 182
Space P 3 -6 70 80 1520 1450
P E 0 7 80 100 1960 1880
E R 0 -1 100 60 290 190
R S -1 2 60 120 160 100
S O 1 -7 120 90 350 230
O N -2 3 90 70 330 240
N Oem7 1 -5 70 100 560 490
Oem7 S 0 9 100 110 250 150
S Space -2 -2 110 70 180 70
Space P 3 -6 70 90 510 440
P O 0 1 90 90 250 160
O I 0 1 90 70 200 110
I N -2 2 70 80 240 170
N Y 2 0 80 60 250 170
Y T 0 1 60 40 10 -50
T Back 1 -8 40 70 900 860
Back Back 0 0 70 60 210 140
Back T -1 8 60 30 880 820
T Space -3 1 30 80 330 300
Space O 3 -5 80 72 490 410
O F -1 5 72 110 292 220
F Space -2 0 110 90 120 10
Space V 1 0 90 90 260 170
V I 2 -4 90 60 330 240
I E 0 5 60 100 270 210
E W 0 1 100 130 200 100
W OemPeriod -2 -7 130 70 1430 1300
OemPeriod Space -1 5 70 60 7574 7504
Space LShiftKey 1 4 60 430 420 360
LShiftKey C 0 -3 430 80 350 -80
C O 2 -6 80 90 380 300
O M -2 2 90 80 320 230
M M 0 0 80 92 150 70
M I 2 -1 92 80 322 230
I N -2 2 80 82 230 150
N G 1 1 82 60 242 160
G Space -2 1 60 80 190 130
Space T 3 -1 80 150 562 482
T O 0 -4 150 70 160 10
O Space -3 5 70 90 250 180
Space L 2 -5 90 80 1040 950
L A 0 8 80 150 110 30
A B -1 -4 150 70 450 300
B S 1 3 70 102 720 650
S Left -2 -9 102 120 3842 3740
Left Back 4 -2 120 80 260 140
Back Space -4 9 80 100 1630 1550
Space Back 4 -9 100 110 920 820
Back Oemcomma -3 5 110 100 530 420
Oemcomma Space -1 4 100 100 620 520
Space I 3 -4 100 100 7680 7580
I Space -3 4 100 90 520 420
Space F 2 0 90 80 500 410
F Back 2 -9 80 90 800 720
Back Back 0 0 90 80 170 80
Back Back 0 0 80 80 180 100
Back LShiftKey -3 13 80 480 580 500
LShiftKey I 2 -8 480 90 410 -70
I Space -3 4 90 70 240 150
Space F 2 0 70 160 360 290
F I 1 -4 160 100 150 -10
I N -2 2 100 90 250 150
N D 1 3 90 110 440 350
D Space -2 -1 110 90 120 10
Space I 3 -4 90 70 390 300
I T 0 3 70 140 100 30
T Space -3 1 140 80 190 50
Space V 1 0 80 80 250 170
V E 2 1 80 130 170 90
E R 0 -1 130 72 140 10
R Y 0 -2 72 70 262 190
Y Space -3 2 70 90 220 150
Space I 3 -4 90 90 290 200
I N -2 2 90 80 230 140
N T 2 1 80 80 270 190
T E 0 2 80 110 150 70
E R 0 -1 110 90 140 30
R E 0 1 90 90 210 120
E S -1 1 90 120 230 140
S T 1 -3 120 90 180 60
T I 0 -3 90 80 340 250
I N -2 2 80 90 210 130
N F 1 2 90 50 370 280
F Back 2 -9 50 70 580 530
Back G -2 8 70 70 420 350
G Space -2 1 70 70 210 140
Space A 2 3 70 130 2290 2220
A N -1 -5 130 90 180 50
N D 1 3 90 150 230 140
D Space -2 -1 150 90 110 -40
Space M 1 -3 90 80 370 280
M O 2 -2 80 90 190 110
O R 0 5 90 70 330 240
R E 0 1 70 60 190 120
E Space -3 -1 60 90 230 170
Space U 3 -3 90 90 540 450
U S -1 5 90 120 180 90
S E 1 -1 120 80 180 60
E F -1 -1 80 70 580 500
F U 1 -3 70 82 520 450
U L -1 -2 82 60 282 200
L L 0 0 60 80 140 80
L Space -2 5 80 100 220 140
Space T 3 -1 100 70 290 190
T H -1 -1 70 70 200 130
H A 0 5 70 150 160 90
A N -1 -5 150 60 140 -10
N Space -1 2 60 70 200 140
Space Left 0 -7 70 100 3150 3080
Left Left 0 0 100 80 190 90
Left Left 0 0 80 40 180 100
Left Left 0 0 40 110 1550 1510
Left Left 0 0 110 120 520 410
Left Left 0 0 120 90 230 110
Left Back 4 -2 90 50 740 650
Back N -3 7 50 60 3092 3042
N O 2 -3 60 100 230 170
O R 0 5 100 60 340 240
R M -2 -3 60 110 390 330
M A 1 6 110 140 150 40
A L 0 -8 140 70 150 10
L Space -2 5 70 90 210 140
Space B 1 -1 90 90 260 170
B L 1 -4 90 100 740 650
L A 0 8 100 130 160 60
A C -1 -2 130 60 340 210
C K 1 -5 60 50 410 350
K B -1 3 50 60 1130 1080
B O 2 -4 60 70 350 290
O A -1 8 70 140 900 830
A R 1 -3 140 100 150 10
R D -1 1 100 70 340 240
D Space -2 -1 70 90 260 190
Space T 3 -1 90 90 1050 960
T E 0 2 90 130 170 80
E C -2 0 130 100 230 100
C C 0 0 100 130 1860 1760
C H 1 -3 130 90 140 10
H I 1 -2 90 80 290 200
I N -2 2 80 90 230 150
N G 1 1 90 70 250 160
G Left -2 -6 70 650 2390 2320
Left Right 0 -2 650 120 1740 1090
Right Back 4 0 120 100 310 190
Back A -2 12 100 110 490 390
A Oemcomma -1 -7 110 60 2440 2330
Oemcomma Space -1 4 60 80 200 140
Space A 2 3 80 100 150 70
A S 0 -1 100 120 250 150
S Space -2 -2 120 90 110 -10
Space I 3 -4 90 90 360 270
I T 0 3 90 70 330 240
T Space -3 1 70 90 230 160
Space H 2 -2 90 70 3480 3390
H E 1 3 70 110 160 90
E L -1 -6 110 80 330 220
L P 1 -1 80 90 520 440
P S -1 8 90 120 130 40
S Space -2 -2 120 100 170 50
Space U 3 -3 100 90 410 310
U S -1 5 90 120 220 130
S Space -2 -2 120 80 130 10
Space L 2 -5 80 80 340 260
L E 1 6 80 90 800 720
E A -1 2 90 120 110 20
A R 1 -3 120 80 200 80
R N -2 -2 80 80 490 410
N Space -1 2 80 70 190 110
Space P 3 -6 70 90 2110 2040
P Back 1 -3 90 80 1200 1110
Back Back 0 0 80 70 190 110
Back Back 0 0 70 80 170 100
Back Back 0 0 80 80 170 90
Back Back 0 0 80 90 170 90
Back Back 0 0 90 90 160 70
Back Back 0 0 90 70 180 90
Back A -2 12 70 140 4270 4200
A P 1 -9 140 70 220 80
P P 0 0 70 70 150 80
P L -1 1 70 100 180 110
L Back 2 -4 100 100 1940 1840
Back Back 0 0 100 82 180 80
Back Back 0 0 82 100 162 80
Back Back 0 0 100 90 160 60
Back L -2 4 90 102 720 630
L E 1 6 102 100 262 160
E A -1 2 100 130 290 190
A R 1 -3 130 90 200 70
R N -2 -2 90 70 380 290
N Space -1 2 70 90 170 100
Space T 3 -1 90 90 250 160
T H -1 -1 90 110 190 100
H E 1 3 110 110 160 50
E Space -3 -1 110 92 100 -10
Space P 3 -6 92 90 522 430
P A -1 9 90 130 150 60
A Back 2 -12 130 90 690 560
Back R -1 9 90 80 430 340
R A -1 3 80 150 170 90
A C -1 -2 150 90 110 -40
C T 2 -2 90 80 250 160
T I 0 -3 80 90 290 210
I C -2 5 90 60 380 290
C A 1 2 60 140 180 120
A L 0 -8 140 70 170 30
L Space -2 5 70 90 210 140
Space A 2 3 90 120 140 50
A S 0 -1 120 110 400 280
S P 1 -8 110 80 600 490
P E 0 7 80 110 200 120
E C -2 0 110 90 210 100
C T 2 -2 90 90 210 120
T S -1 3 90 120 80 -10
S Space -2 -2 120 80 3560 3440
Space O 3 -5 80 70 400 320
O F -1 5 70 70 720 650
F Space -2 0 70 100 190 120
Space T 3 -1 100 80 250 150
T H -1 -1 80 90 190 110
H E 1 3 90 110 110 20
E Space -3 -1 110 110 140 30
Space C 1 1 110 100 210 100
C O 2 -6 100 90 190 90
O U 0 2 90 90 220 130
U R 0 3 90 70 360 270
R E 0 1 70 100 170 100
E Back 1 -10 100 110 490 390
Back S -2 11 110 90 160 50
S E 1 -1 90 130 220 130
E OemPeriod -2 -6 130 60 780 650
OemPeriod Space -1 5 60 70 390 330
Space LShiftKey 1 4 70 530 18550 18480
LShiftKey A 1 -1 530 90 460 -70
A Space -2 -3 90 80 260 170
Space L 2 -5 80 80 430 350
L I 1 1 80 60 210 130
I M -2 1 60 100 170 110
M I 2 -1 100 90 590 490
I T 0 3 90 70 330 240
T E 0 2 70 110 110 40
E D -1 0 110 90 320 210
D Space -2 -1 90 90 120 30
Space A 2 3 90 140 1030 940
A M -1 -6 140 70 270 130
M O 2 -2 70 90 220 150
O U 0 2 90 80 240 150
U N -2 1 80 90 220 140
N T 2 1 90 60 280 190
T Space -3 1 60 80 210 150
Space O 3 -5 80 100 290 210
O F -1 5 100 120 300 200
F Space -2 0 120 90 150 30
Space H 2 -2 90 80 270 180
H O 1 -3 80 82 450 370
O M -2 2 82 90 242 160
M E 2 4 90 100 160 70
E W 0 1 100 100 1040 940
W O 0 -7 100 90 110 10
O R 0 5 90 80 430 340
R K -1 -4 80 90 460 380
K S 0 6 90 100 260 170
S Space -2 -2 100 70 170 70
Space A 2 3 70 150 160 90
A N -1 -5 150 80 140 -10
N D 1 3 80 80 300 220
D Space -2 -1 80 80 230 150
Space Q 3 3 80 130 5512 5432
Q U 0 -6 130 90 250 120
U I 0 -1 90 90 190 100
I C -2 5 90 90 440 350
C Back 3 -10 90 90 650 560
Back S -2 11 90 110 60 -30
S E 1 -1 110 100 260 150
E S -1 1 100 140 190 90
S Space -2 -2 140 80 180 40
Space Back 4 -9 80 60 1470 1390
Back Back 0 0 60 92 150 90
Back Back 0 0 92 90 152 60
Back Back 0 0 90 70 200 110
Back Z -3 12 70 70 1340 1270
Z E 2 -2 70 80 230 160
E S -1 1 80 100 130 50
S Space -2 -2 100 90 170 70
Space A 2 3 90 140 150 60
A R 1 -3 140 80 750 610
R E 0 1 80 60 180 100
E Space -3 -1 60 80 3720 3660
Space U 3 -3 80 90 450 370
U S -1 5 90 120 200 110
S Back 2 -11 120 90 630 510
Back Back 0 0 90 90 150 60
Back H -2 7 90 100 1000 910
H E 1 3 100 100 160 60
E P 0 -7 100 80 430 330
P L -1 1 80 90 180 100
L F 0 5 90 140 450 360
F U 1 -3 140 80 220 80
U L -1 -2 80 80 370 290
L L 0 0 80 80 150 70
L OemPeriod -1 0 80 60 250 170
OemPeriod Space -1 5 60 80 2100 2040
Space LShiftKey 1 4 80 370 5692 5612
LShiftKey I 2 -8 370 100 220 -150
I Space -3 4 100 120 260 160
Space T 3 -1 120 70 370 250
T H -1 -1 70 90 170 100
H I 1 -2 90 60 230 140
I N -2 2 60 80 200 140
N K 1 -2 80 80 370 290
K Space -2 4 80 90 210 130
Space I 3 -4 90 60 3330 3240
I T 0 3 60 80 260 200
T S -1 3 80 130 200 120
S Space -2 -2 130 90 80 -50
Space B 1 -1 90 80 220 130
B E 2 2 80 100 1050 970
E T 0 -2 100 80 210 110
T T 0 0 80 90 140 60
T E 0 2 90 110 190 100
E R 0 -1 110 80 60 -50
R Space -3 0 80 70 280 200
Space I 3 -4 70 60 350 280
I S -1 6 60 110 500 440
S Space -2 -2 110 40 1520 1410
Space G 2 -1 40 90 1010 970
G R 1 1 90 70 220 130
R A -1 3 70 130 120 50
A D 0 -2 130 50 140 10
D I 1 -5 50 70 390 340
I N -2 2 70 100 210 140
N G 1 1 100 60 240 140
G Space -2 1 60 80 180 120
Space I 3 -4 80 70 270 190
I S -1 6 70 140 110 40
S Space -2 -2 140 90 150 10
Space I 3 -4 90 90 270 180
I N -2 2 90 80 240 150
N V 0 2 80 70 330 250
V I 2 -4 70 10 500 430
I Back 1 -5 10 50 1210 1200
Back O -1 4 50 80 620 570
O L -1 0 80 60 220 140
L V -1 5 60 90 380 320
V E 2 1 90 90 290 200
E D -1 0 90 120 190 100
D Space -2 -1 120 120 9040 8920
Space A 2 3 120 110 460 340
A S 0 -1 110 100 210 100
S Space -2 -2 100 100 40 -60
Space W 3 2 100 100 660 560
W E 0 -1 100 90 150 50
E Space -3 -1 90 90 250 160
Space G 2 -1 90 90 260 170
G E 1 2 90 110 190 100
E T 0 -2 110 70 90 -20
T Space -3 1 70 90 220 150
Space T 3 -1 90 140 350 260
T O 0 -4 140 100 140 0
O Space -3 5 100 50 260 160
Space K 2 -4 50 90 440 390
K N -1 2 90 80 210 120
N O 2 -3 80 80 270 190
O W 0 7 80 110 300 220
W Space -3 -2 110 90 130 20
Space W 3 2 90 110 930 840
W H -1 -4 110 110 140 30
H E 1 3 110 100 350 240
E R 0 -1 100 110 140 40
R E 0 1 110 100 90 -20
E Space -3 -1 100 90 240 140
Space W 3 2 90 100 560 470
W E 0 -1 100 100 120 20
E Space -3 -1 100 90 260 160
Space S 2 2 90 100 190 100
S T 1 -3 100 80 160 60
T A -1 4 80 122 150 70
A N -1 -5 122 100 232 110
N F 1 2 100 30 320 220
F Oemplus 2 -8 30 102 430 400
Oemplus Back 0 -1 102 82 602 500
Back Back 0 0 82 60 192 110
Back D -2 10 60 70 1340 1280
D OemPeriod -1 -6 70 70 1110 1040
OemPeriod LShiftKey 0 9 70 210 30722 30652
LShiftKey I 2 -8 210 100 100 -110
I Space -3 4 100 110 280 180
Space W 3 2 110 100 250 140
W A -1 1 100 150 200 100
A N -1 -5 150 120 130 -20
N T 2 1 120 80 250 130
T Space -3 1 80 100 230 150
Space T 3 -1 100 80 590 490
T O 0 -4 80 80 520 440
O Space -3 5 80 80 230 150
Space G 2 -1 80 110 1050 970
G E 1 2 110 110 120 10
E T 0 -2 110 82 90 -20
T Space -3 1 82 90 232 150
Space I 3 -4 90 72 370 280
I N -2 2 72 80 222 150
N T 2 1 80 120 210 130
T O 0 -4 120 90 150 30
O Space -3 5 90 100 230 140
Space T 3 -1 100 80 310 210
T H -1 -1 80 70 180 100
H E 1 3 70 120 180 110
E Space -3 -1 120 60 40 -80
Space S 2 2 60 90 2040 1980
S O 1 -7 90 90 160 70
O F -1 5 90 90 600 510
F T 1 -1 90 80 180 90
T W 0 3 80 100 280 200
W A -1 1 100 120 160 60
A R 1 -3 120 90 90 -30
R E 0 1 90 80 190 100
E Space -3 -1 80 100 230 150
Space D 2 1 100 70 210 110
D E 1 0 70 132 170 100
E V -2 -1 132 90 262 130
V E 2 1 90 110 70 -20
E L -1 -6 110 80 650 540
L O 1 0 80 80 170 90
O P 0 -1 80 60 180 100
P M -2 3 60 80 300 240
M E 2 4 80 110 70 -10
E N -2 -3 110 100 180 70
N T 2 1 100 80 280 180
T Space -3 1 80 100 220 140
Space F 2 0 100 80 230 130
F I 1 -4 80 80 340 260
I E 0 5 80 100 190 110
E L -1 -6 100 82 550 450
L D 0 6 82 90 72 -10
D Space -2 -1 90 90 5340 5250
Space I 3 -4 90 70 1190 1100
I OemPeriod -2 -1 70 110 520 450
OemPeriod E 2 6 110 110 140 30
E Space -3 -1 110 90 150 40
Space Back 4 -9 90 110 540 450
Back OemPeriod -3 4 110 70 900 790
OemPeriod Space -1 5 70 70 210 140
Space W 3 2 70 140 1050 980
W O 0 -7 140 90 160 20
O R 0 5 90 110 300 210
R K -1 -4 110 100 190 80
K I 1 0 100 82 240 140
I N -2 2 82 90 222 140
N G 1 1 90 70 220 130
G Space -2 1 70 70 220 150
Space I 3 -4 70 70 330 260
I N -2 2 70 80 240 170
N Space -1 2 80 90 210 130
Space T 3 -1 90 60 270 180
T H -1 -1 60 80 170 110
H E 1 3 80 100 110 30
E Space -3 -1 100 80 120 20
Space LShiftKey 1 4 80 850 360 280
LShiftKey I 2 -8 850 100 170 -680
I T 0 3 100 70 470 370
T Space -3 1 70 90 270 200
Space S 2 2 90 80 680 590
S E 1 -1 80 80 170 90
E C -2 0 80 80 200 120
C T 2 -2 80 80 480 400
T O 0 -4 80 60 150 70
O R 0 5 60 112 130 70
R OemPeriod -2 -5 112 70 412 300
OemPeriod Space -1 5 70 70 3070 3000
Space LShiftKey 1 4 70 390 570 500
LShiftKey I 2 -8 390 90 190 -200
I N -2 2 90 70 290 200
N Space -1 2 70 70 200 130
Space F 2 0 70 90 530 460
F I 1 -4 90 80 400 310
I V -2 4 80 90 450 370
V E 2 1 90 120 130 40
E Space -3 -1 120 90 120 0
Space Y 3 -2 90 80 470 380
Y E 0 3 80 90 310 230
E A -1 2 90 120 140 50
A R 1 -3 120 90 130 10
R S -1 2 90 100 170 80
S Space -2 -2 100 90 170 70
Space LShiftKey 1 4 90 330 1780 1690
LShiftKey I 2 -8 330 100 160 -170
I Space -3 4 100 90 270 170
Space S 2 2 90 90 200 110
S E 1 -1 90 80 250 160
E E 0 0 80 70 150 70
E Space -3 -1 70 90 240 170
Space M 1 -3 90 110 290 200
M Y 2 1 110 90 310 200
Y Space -3 2 90 90 240 150
Space S 2 2 90 80 190 100
S E 1 -1 80 110 260 180
E Back 1 -10 110 90 660 550
Back Back 0 0 90 90 190 100
Back S -2 11 90 100 890 800
S E 1 -1 100 100 250 150
E L -1 -6 100 100 230 130
L F 0 5 100 100 380 280
F Space -2 0 100 80 140 40
Space Back 4 -9 80 1172 4200 4120
Back Back 0 0 1172 80 1402 230
Back Back 0 0 80 70 200 120
Back Back 0 0 70 80 180 110
Back Back 0 0 80 50 190 110
Back Back 0 0 50 50 160 110
Back Back 0 0 50 60 180 130
Back LShiftKey -3 13 60 370 5800 5740
LShiftKey I 2 -8 370 100 260 -110
I Oem7 -1 -3 100 90 1150 1050
Oem7 M -1 4 90 60 350 260
M Space -1 3 60 60 180 120
Space P 3 -6 60 100 300 240
P R 0 6 100 90 370 270
R E 0 1 90 100 150 60
E T 0 -2 100 70 240 140
T T 0 0 70 70 140 70
T Y 0 -1 70 90 160 90
Y Space -3 2 90 90 250 160
Space C 1 1 90 120 370 280
C L 1 -6 120 90 230 110
L O 1 0 90 80 170 80
O S -1 7 80 80 270 190
S E 1 -1 80 80 130 50
E Space -3 -1 80 90 240 160
Space T 3 -1 90 110 230 140
T O 0 -4 110 80 220 110
O Space -3 5 80 100 230 150
Space M 1 -3 100 90 820 720
M Y 2 1 90 70 310 220
Y Space -3 2 70 90 230 160
Space G 2 -1 90 100 320 230
G O 1 -4 100 100 740 640
O A -1 8 100 150 140 40
A L 0 -8 150 80 160 10
L S 0 7 80 110 230 150
S OemPeriod -1 -7 110 80 420 310
OemPeriod Space -1 5 80 80 230 150
Space LShiftKey 1 4 80 3350 9150 9070
LShiftKey I 2 -8 3350 100 3020 -330
I Back 1 -5 100 0 14050 13950
Back LShiftKey -3 13 0 700 960 960
LShiftKey M 0 -7 700 140 240 -460
M Back 3 -6 140 80 900 760
Back LShiftKey -3 13 80 300 480 400
LShiftKey A 1 -1 300 80 200 -100
A F 0 -3 80 80 520 440
F T 1 -1 80 90 190 110
T E 0 2 90 120 140 50
E R 0 -1 120 80 100 -20
R Space -3 0 80 70 250 170
Space D 2 1 70 80 970 900
D O 1 -6 80 90 160 80
O I 0 1 90 80 200 110
I N -2 2 80 100 200 120
N G 1 1 100 60 230 130
G Space -2 1 60 90 200 140
Space M 1 -3 90 100 250 160
M Y 2 1 100 80 270 170
Y Space -3 2 80 122 230 150
Space U 3 -3 122 70 602 480
U N -2 1 70 60 270 200
N D 1 3 60 80 580 520
D E 1 0 80 60 170 90
E R 0 -1 60 80 150 90
R G -1 -1 80 88 280 200
G R 1 1 88 90 232 144
R A -1 3 90 100 190 100
A D 0 -2 100 61 191 91
D U 1 -4 61 72 481 420
U A -1 6 72 140 152 80
A T 1 -4 140 60 310 170
T I 0 -3 60 80 300 240
I O 0 -1 80 80 160 80
O N -2 3 80 60 230 150
N Space -1 2 60 90 160 100
Space I 3 -4 90 80 240 150
I N -2 2 80 90 200 120
N Space -1 2 90 70 190 100
Space C 1 1 70 140 280 210
C O 2 -6 140 90 150 10
O M -2 2 90 70 220 130
M P 2 -3 70 90 222 152
P U 0 3 90 80 310 220
U T 0 2 80 90 300 220
T E 0 2 90 110 320 230
E R 0 -1 110 90 10 -100
R S -1 2 90 100 520 430
S C -1 -1 100 130 450 350
C I 2 -5 130 90 170 40
I E 0 5 90 140 410 320
E N -2 -3 140 80 290 150
N C 0 3 80 90 230 150
C E 2 0 90 100 100 10
E Space -3 -1 100 50 190 90
Space A 2 3 50 130 8092 8042
A N -1 -5 130 100 110 -20
N D 1 3 100 120 240 140
D Space -2 -1 120 120 30 -90
Space N 1 -2 120 90 290 170
N O 2 -3 90 90 290 200
O W 0 7 90 110 440 350
W Space -3 -2 110 90 170 60
Space S 2 2 90 120 1010 920
S I 1 -6 120 90 190 70
I N -2 2 90 90 250 160
N C 0 3 90 80 1410 1320
C E 2 0 80 130 70 -10
E Space -3 -1 130 92 150 20
Space LShiftKey 1 4 92 320 862 770
LShiftKey I 2 -8 320 100 180 -140
I Oem7 -1 -3 100 80 540 440
Oem7 M -1 4 80 70 290 210
M Space -1 3 70 80 190 120
Space D 2 1 80 120 1130 1050
D O 1 -6 120 90 130 10
O I 0 1 90 60 190 100
I N -2 2 60 90 190 130
N G 1 1 90 60 230 140
G Space -2 1 60 80 200 140
Space M 1 -3 80 90 340 260
M Y 2 1 90 80 260 170
Y Space -3 2 80 90 210 130
Space M 1 -3 90 82 250 160
M A 1 6 82 130 92 10
A S 0 -1 130 80 270 140
S T 1 -3 80 90 350 270
T E 0 2 90 80 200 110
E R 0 -1 80 70 180 100
R Oem7 -1 -7 70 90 660 590
Oem7 S 0 9 90 120 160 70
S Space -2 -2 120 90 100 -20
Space I 3 -4 90 90 250 160
I N -2 2 90 70 220 130
N Space -1 2 70 70 200 130
Space T 3 -1 70 90 230 160
T H -1 -1 90 80 190 100
H E 1 3 80 130 110 30
E Space -3 -1 130 90 140 10
Space S 2 2 90 110 540 450
S A 0 1 110 150 240 130
A M -1 -6 150 90 130 -20
M E 2 4 90 120 220 130
E Space -3 -1 120 70 160 40
Space S 2 2 70 120 1440 1370
S U 1 -5 120 80 250 130
U B -2 2 80 60 310 230
B J 1 -2 60 100 1040 980
J E 1 4 100 80 380 280
E C -2 0 80 80 220 140
C T 2 -2 80 60 220 140
T Oemcomma -2 -3 60 60 690 630
Oemcomma Space -1 4 60 80 190 130
Space LShiftKey 1 4 80 280 230 150
LShiftKey I 2 -8 280 90 190 -90
I T 0 3 90 60 430 340
T Space -3 1 60 60 220 160
Space I 3 -4 60 90 350 290
I S -1 6 90 100 310 220
S Space -2 -2 100 70 130 30
Space A 2 3 70 110 1240 1170
A Space -2 -3 110 80 130 20
Space S 2 2 80 100 220 140
S E 1 -1 100 60 300 200
E P 0 -7 60 90 360 300
P T 0 5 90 70 340 250
T Space -3 1 70 90 220 150
Space T 3 -1 90 90 310 220
T O 0 -4 90 90 140 50
O E 0 6 90 70 480 390
E A -1 2 70 150 110 40
A R 1 -3 150 60 910 760
R D -1 1 60 60 380 320
D S 0 1 60 100 100 40
S Space -2 -2 100 70 210 110
Space Back 4 -9 70 60 3000 2930
Back W -1 11 60 120 340 280
W M -2 -5 120 100 2160 2040
M Y 2 1 100 70 290 190
Y Space -3 2 70 100 220 150
Space G 2 -1 100 70 490 390
G O 1 -4 70 80 690 620
O A -1 8 80 160 110 30
A L 0 -8 160 70 190 30
L S 0 7 70 120 160 90
S OemPeriod -1 -7 120 80 1220 1100
OemPeriod RShiftKey 0 -2 80 0 10700 10620
RShiftKey RShiftKey 0 0 0 80 100 100
RShiftKey RShiftKey 0 0 80 160 440 360
RShiftKey Right -1 -2 160 120 960 800
Right Right 0 0 120 90 200 80
Right Back 4 0 90 70 1050 960
Back I -1 5 70 60 340 270
I LShiftKey -2 8 60 570 7440 7380
LShiftKey Y 2 -6 570 110 390 -180
Y E 0 3 110 70 410 300
E S -1 1 70 70 170 100
S Space -2 -2 70 90 280 210
Space LShiftKey 1 4 90 1420 1240 1150
LShiftKey U 2 -7 1420 80 450 -970
U B -2 2 80 70 600 520
B Space -1 1 70 50 310 240
Space Space 0 0 50 160 2700 2650
Space P 3 -6 160 100 2890 2730
P R 0 6 100 90 410 310
R E 0 1 90 80 170 80
E P 0 -7 80 90 880 800
P A -1 9 90 150 140 50
A R 1 -3 150 90 230 80
R E 0 1 90 70 370 280
E S -1 1 70 80 180 110
S Space -2 -2 80 90 240 160
Space U 3 -3 90 90 810 720
U S -1 5 90 130 160 70
S Space -2 -2 130 90 170 40
Space W 3 2 90 100 240 150
W E 0 -1 100 110 260 160
E L -1 -6 110 70 250 140
L L 0 0 70 90 150 80
L Space -2 5 90 90 270 180
Space I 3 -4 90 70 6780 6690
I N -2 2 70 80 220 150
N Space -1 2 80 80 190 110
Space F 2 0 80 120 430 350
F O 1 -5 120 80 320 200
O L -1 0 80 70 290 210
L L 0 0 70 90 150 80
L O 1 0 90 100 210 120
O W 0 7 100 100 450 350
W I 0 -6 100 80 150 50
I N -2 2 80 80 230 150
N G 1 1 80 80 820 740
G Space -2 1 80 70 240 160
Space O 3 -5 70 80 670 600
O U 0 2 80 90 240 160
U R 0 3 90 70 530 440
R Space -3 0 70 70 260 190
Space D 2 1 70 80 690 620
D R 1 -1 80 70 200 120
R E 0 1 70 80 170 100
E A -1 2 80 120 130 50
A M -1 -6 120 60 370 250
M S 1 5 60 110 80 20
S Space -2 -2 110 80 4652 4542
Space A 2 3 80 150 142 62
A N -1 -5 150 100 220 70
N D 1 3 100 130 250 150
D Space -2 -1 130 80 180 50
Space E 3 1 80 120 950 870
E N -2 -3 120 80 770 650
N C 0 3 80 120 130 50
C O 2 -6 120 80 220 100
O U 0 2 80 100 420 340
U R 0 3 100 70 290 190
R A -1 3 70 160 140 70
A G 0 -4 160 80 150 -10
G S 0 3 80 160 410 330
S Space -2 -2 160 90 310 150
Space Back 4 -9 90 90 690 600
Back Back 0 0 90 90 200 110
Back E -1 10 90 80 420 330
E S -1 1 80 140 430 350
S Space -2 -2 140 80 1370 1230
Space OemPeriod 1 -5 80 50 2370 2290
OemPeriod Space -1 5 50 50 360 310
Space LShiftKey 1 4 50 920 2020 1970
LShiftKey I 2 -8 920 90 750 -170
I Space -3 4 90 102 340 250
Space T 3 -1 102 90 262 160
T H -1 -1 90 102 200 110
H I 1 -2 102 90 234 132
I N -2 2 90 90 230 140
N K 1 -2 90 70 250 160
K Space -2 4 70 70 250 180
Space I 3 -4 70 0 11720 11650
I N -2 2 0 80 150 150
N Space -1 2 80 100 170 90
Space A 2 3 100 150 180 80
A C -1 -2 150 80 140 -10
C H 1 -3 80 80 380 300
H I 1 -2 80 90 330 250
I E 0 5 90 110 170 80
E V -2 -1 110 90 280 170
V I 2 -4 90 90 340 250
I N -2 2 90 100 250 160
N G 1 1 100 80 230 130
G Space -2 1 80 90 230 150
Space O 3 -5 90 80 1250 1160
O U 0 2 80 90 890 810
U T 0 2 90 20 330 240
T Back 1 -8 20 70 560 540
Back R -1 9 70 110 190 120
R Space -3 0 110 100 220 110
Space D 2 1 100 80 280 180
D R 1 -1 80 90 320 240
R E 0 1 90 90 160 70
E A -1 2 90 100 140 50
A M -1 -6 100 80 380 280
M S 1 5 80 90 110 30
S Space -2 -2 90 90 150 60
Space W 3 2 90 100 1760 1670
W E 0 -1 100 80 110 10
E Space -3 -1 80 90 250 170
Space M 1 -3 90 20 732 642
M N 0 1 20 70 590 570
N E 2 3 70 90 110 40
E E 0 0 90 90 220 130
E D -1 0 90 100 300 210
D Space -2 -1 100 90 140 40
Space Left 0 -7 90 580 850 760
Left Left 0 0 580 100 850 270
Left Left 0 0 100 80 200 100
Left Back 4 -2 80 90 1260 1180
Back Space -4 9 90 140 1800 1710
Space Right 0 -9 140 130 270 130
Right Back 4 0 130 60 660 530
Back L -2 4 60 100 3390 3330
L O 1 0 100 80 200 100
O T 0 4 80 72 320 240
T Space -3 1 72 100 222 150
Space O 3 -5 100 90 380 280
O F -1 5 90 120 150 60
F Space -2 0 120 90 140 20
Space H 2 -2 90 90 270 180
H R 1 2 90 60 250 160
R Back 1 -9 60 80 680 620
Back E -1 10 80 90 370 290
E A -1 2 90 130 130 40
A R 1 -3 130 70 350 220
R D -1 1 70 70 180 110
D Space -2 -1 70 70 232 162
Space W 3 2 70 120 510 440
W O 0 -7 120 80 240 120
O R 0 5 80 110 1150 1070
R K -1 -4 110 80 130 20
K Space -2 4 80 90 240 160
Space A 2 3 90 120 1440 1350
A N -1 -5 120 90 170 50
N D 1 3 90 100 180 90
D Space -2 -1 100 100 90 -10
Space A 2 3 100 150 210 110
A Space -2 -3 150 100 140 -10
Space F 2 0 100 90 510 410
F E 1 1 90 70 200 110
E W 0 1 70 80 170 100
W Space -3 -2 80 90 250 170
Space A 2 3 90 120 230 140
A M -1 -6 120 90 210 90
M O 2 -2 90 90 210 120
O U 0 2 90 80 300 210
U N -2 1 80 100 230 150
N T 2 1 100 72 250 150
T Space -3 1 72 90 212 140
Space O 3 -5 90 100 260 170
O F -1 5 100 60 350 250
F Space -2 0 60 70 230 170
Space Right 0 -9 70 110 3420 3350
Right Back 4 0 110 90 390 280
Back L -2 4 90 100 7140 7050
L U 1 2 100 80 720 620
U C -2 4 80 110 530 450
C K 1 -5 110 70 150 40
K Space -2 4 70 90 210 140
Space T 3 -1 90 100 260 170
T O 0 -4 100 80 210 110
O O 0 0 80 90 130 50
O OemPeriod -2 0 90 60 240 150
OemPeriod LShiftKey 0 9 60 310 36570 36510
LShiftKey I 2 -8 310 130 150 -160
I T 0 3 130 80 410 280
T Space -3 1 80 90 240 160
Space S 2 2 90 102 260 170
S H 0 -4 102 80 352 250
H O 1 -3 80 100 230 150
O W 0 7 100 80 280 180
W S -1 0 80 80 220 140
S Space -2 -2 80 100 150 70
Space A 2 3 100 112 230 130
A Space -2 -3 112 92 102 -10
Space S 2 2 92 100 362 270
S N -1 -4 100 100 300 200
N O 2 -3 100 80 320 220
O W 0 7 80 90 721 641
W E 0 -1 90 110 330 240
E Back 1 -10 110 100 700 590
Back Y -1 7 100 70 1380 1280
Y Space -3 2 70 100 200 130
Space D 2 1 100 82 280 180
D A 0 2 82 152 122 40
A Y 1 -5 152 70 202 50
Y Space -3 2 70 90 1050 980
Space W 3 2 90 110 640 550
W H -1 -4 110 102 180 70
H E 1 3 102 90 602 500
E R 0 -1 90 100 170 80
R E 0 1 100 72 170 70
E Space -3 -1 72 80 282 210
Space P 3 -6 80 80 590 510
P E 0 7 80 110 450 370
E O 0 -6 110 80 150 40
O P 0 -1 80 70 190 110
P L -1 1 70 90 170 100
L E 1 6 90 130 100 10
E Space -3 -1 130 80 200 70
Space A 2 3 80 130 4570 4490
A R 1 -3 130 90 160 30
R E 0 1 90 70 170 80
E Space -3 -1 70 90 230 160
Space E 3 1 90 120 310 220
E N -2 -3 120 90 190 70
N J 1 -1 90 90 660 570
J O 1 -2 90 90 240 150
O Y 0 3 90 80 520 430
Y I 0 -2 80 90 230 150
I N -2 2 90 100 290 200
N G 1 1 100 60 670 570
G Space -2 1 60 100 180 120
Space T 3 -1 100 60 250 150
T H -1 -1 60 100 160 100
H R 1 2 100 100 890 790
R E 0 1 100 130 30 -70
E Space -3 -1 130 90 290 160
Space Back 4 -9 90 90 940 850
Back Back 0 0 90 80 160 70
Back Back 0 0 80 100 1490 1410
Back E -1 10 100 140 1110 1010
E I 0 -5 140 70 380 240
I R 0 4 70 110 120 50
R Space -3 0 110 100 160 50
Space S 2 2 100 130 570 470
S K 0 -6 130 90 410 280
K Y 1 2 90 80 570 480
Y I 0 -2 80 100 220 140
I N -2 2 100 100 250 150
N G 1 1 100 82 220 120
G Space -2 1 82 80 252 170
Space OemPeriod 1 -5 80 80 5412 5332
OemPeriod Space -1 5 80 70 340 260
Space T 3 -1 70 0 11010 10940
T Back 1 -8 0 100 650 650
Back LShiftKey -3 13 100 350 290 190
LShiftKey T 2 -5 350 80 340 -10
T H -1 -1 80 110 220 140
H E 1 3 110 130 150 40
E R 0 -1 130 90 150 20
R E 0 1 90 110 100 10
E Space -3 -1 110 100 190 80
Space A 2 3 100 180 470 370
A R 1 -3 180 100 190 10
R E 0 1 100 90 190 90
E Space -3 -1 90 90 260 170
Space F 2 0 90 80 230 140
F A 0 3 80 140 120 40
A M -1 -6 140 100 340 200
M I 2 -1 100 80 290 190
I L -1 -1 80 80 200 120
L O 1 0 80 40 180 100
O I 0 1 40 70 20 -20
I E 0 5 70 70 400 330
E S -1 1 70 130 130 60
S Space -2 -2 130 100 200 70
Space A 2 3 100 140 330 230
A Back 2 -12 140 80 2770 2630
Back N -3 7 80 70 2630 2550
N D 1 3 70 150 290 220
D Space -2 -1 150 80 120 -30
Space Left 0 -7 80 100 1160 1080
Left Left 0 0 100 70 180 80
Left Left 0 0 70 90 150 80
Left Back 4 -2 90 70 940 850
Back F -2 9 70 100 4820 4750
F R 1 0 100 80 210 110
R I 0 -4 80 80 420 340
I E 0 5 80 130 390 310
E N -2 -3 130 100 120 -10
N D 1 3 100 100 220 120
D S 0 1 100 130 220 120
S Space -2 -2 130 70 210 80
Space H 2 -2 70 70 1390 1320
H A 0 5 70 130 80 10
A V -1 -3 130 60 270 140
V I 2 -4 60 90 310 250
I N -2 2 90 90 260 170
N G 1 1 90 70 230 140
G Space -2 1 70 80 200 130
Space F 2 0 80 130 680 600
F U 1 -3 130 80 120 -10
U N -2 1 80 90 250 170
N OemPeriod 0 -3 90 102 480 390
OemPeriod Space -1 5 102 70 292 190
Space LShiftKey 1 4 70 532 18630 18560
LShiftKey L 1 -9 532 112 280 -252
L O 1 0 112 90 462 350
O O 0 0 90 80 150 60
O K -1 1 80 90 200 120
K S 0 6 90 140 150 60
S Space -2 -2 140 82 150 10
Space L 2 -5 82 110 1352 1270
L I 1 1 110 70 230 120
I K -1 0 70 100 180 110
K E 1 5 100 120 130 30
E Space -3 -1 120 92 140 20
Space E 3 1 92 110 182 90
E V -2 -1 110 100 180 70
V E 2 1 100 130 80 -20
E R 0 -1 130 70 180 50
R Y 0 -2 70 80 270 200
Y O 0 -3 80 90 740 660
O N -2 3 90 90 240 150
N E 2 3 90 120 400 310
E Space -3 -1 120 90 160 40
Space A 2 3 90 152 2290 2200
A R 1 -3 152 90 122 -30
R E 0 1 90 60 190 100
E Space -3 -1 60 100 220 160
Space H 2 -2 100 80 270 170
H A 0 5 80 120 150 70
A V -1 -3 120 80 170 50
V I 2 -4 80 80 300 220
I N -2 2 80 100 210 130
N G 1 1 100 80 240 140
G Space -2 1 80 72 200 120
Space T 3 -1 72 60 262 190
T H -1 -1 60 70 190 130
H E 1 3 70 140 120 50
E Space -3 -1 140 90 130 -10
Space T 3 -1 90 70 560 470
T I 0 -3 70 90 310 240
I M -2 1 90 100 220 130
M E 2 4 100 140 150 50
E Space -3 -1 140 100 100 -40
Space O 3 -5 100 90 330 230
O F -1 5 90 130 120 30
F Space -2 0 130 100 160 30
Space T 3 -1 100 80 260 160
T H -1 -1 80 80 180 100
H E 1 3 80 100 700 620
E I 0 -5 100 70 300 200
I R 0 4 70 80 190 120
R Space -3 0 80 80 150 70
Space L 2 -5 80 100 920 840
L I 1 1 100 90 200 100
I F -1 4 90 80 310 220
F E 1 1 80 100 90 10
E OemPeriod -2 -6 100 40 440 340
OemPeriod U 2 2 40 0 50262 50222
U B -2 2 0 80 250 250
B C 0 2 80 130 780 700
C O 2 -6 130 100 250 120
O L -1 0 100 80 220 120
L L 0 0 80 100 130 50
L E 1 6 100 130 200 100
E C -2 0 130 90 200 70
C T 2 -2 90 90 230 140
T I 0 -3 90 90 360 270
I O 0 -1 90 80 160 70
O N -2 3 80 80 220 140
N D3 3 3 80 100 2750 2670
D3 RShiftKey -3 -8 100 1250 420 320
RShiftKey D2 3 9 1250 120 1010 -240
D2 Y -1 -4 120 100 930 810
Y A -1 5 100 150 190 90
A H 0 -5 150 90 260 110
H O 1 -3 90 70 350 260
O O 0 0 70 80 160 90
O OemPeriod -2 0 80 70 1130 1050
OemPeriod C 0 6 70 120 360 290
C O 2 -6 120 80 170 50
O M -2 2 80 100 220 140
M D 1 4 100 100 2949 2849
D A 0 2 100 130 140 40
A T 1 -4 130 80 150 20
T A -1 4 80 130 100 20
A C -1 -2 130 90 280 150
C O 2 -6 90 80 420 330
O L -1 0 80 80 250 170
L L 0 0 80 90 130 50
L E 1 6 90 110 120 30
E C -2 0 110 90 230 120
C T 2 -2 90 80 240 150
T I 0 -3 80 70 380 300
I O 0 -1 70 70 160 90
O N -2 3 70 70 200 130
N P 2 -4 70 40 19813 19743
P R 0 6 40 150 177 137
R I 0 -4 150 95 218 68
I T 0 3 95 112 170 75
T H -1 -1 112 88 137 25
H V -1 2 88 170 174 86
V I 2 -4 170 80 430 260
I OemPeriod -2 -1 80 93 545 465
OemPeriod G 1 4 93 120 483 390
G I 1 -3 120 70 190 70
I RShiftKey -2 -3 70 703 432 362
RShiftKey D2 3 9 703 100 683 -20
D2 G -2 -3 100 85 400 300
G M -1 -2 85 112 320 235
M A 1 6 112 127 72 -40
A I 1 -7 127 90 180 53
I L -1 -1 90 90 210 120
L OemPeriod -1 0 90 70 267 177
OemPeriod C 0 6 70 120 243 173
C P 2 -7 120 75 200 80
P Back 1 -3 75 70 529 454
Back O -1 4 70 80 260 190
O M -2 2 80 60 205 125
