Capital M -1 -7 0 110 570 570
M Capital 1 7 110 120 140 30
Capital Y 1 -6 120 80 170 50
Y Space -3 2 80 70 220 140
Space F 2 0 70 70 1320 1250
F A 0 3 70 90 100 30
A V -1 -3 90 70 330 240
V O 2 -5 70 90 590 520
O R 0 5 90 60 1590 1500
R I 0 -4 60 70 120 60
I T 0 3 70 70 220 150
T E 0 2 70 70 110 40
E Space -3 -1 70 60 150 80
Space C 1 1 60 100 560 500
C K 1 -5 100 90 200 100
K Back 2 -5 90 50 950 860
Back L -2 4 50 50 300 250
L A 0 8 50 90 140 90
A Space -2 -3 90 70 500 410
Space Back 4 -9 70 80 790 720
Back S -2 11 80 80 250 170
S S 0 0 80 50 180 100
S Space -2 -2 50 80 270 220
Space D 2 1 80 90 340 260
D U 1 -4 90 50 180 90
U R 0 3 50 80 200 150
R I 0 -4 80 50 110 30
I N -2 2 50 60 180 130
N G 1 1 60 60 150 90
G Space -2 1 60 50 80 20
Space H 2 -2 50 50 420 370
H I 1 -2 50 70 170 120
I G -1 3 70 80 380 310
G H 0 -1 80 30 130 50
H Space -2 2 30 60 150 120
Space S 2 2 60 90 330 270
S C -1 -1 90 70 200 110
C H 1 -3 70 50 120 50
H O 1 -3 50 50 230 180
O O 0 0 50 40 130 80
O L -1 0 40 40 160 120
L Space -2 5 40 40 170 130
Space W 3 2 40 80 250 210
W A -1 1 80 90 190 110
A S 0 -1 90 70 180 90
S Space -2 -2 70 20 140 70
Space M 1 -3 20 100 710 690
M A 1 6 100 80 110 10
A T 1 -4 80 70 240 160
T H -1 -1 70 70 170 100
H E 1 3 70 90 90 20
E M -2 -4 90 50 180 90
M A 1 6 50 92 130 80
A T 1 -4 92 70 162 70
T I 0 -3 70 60 220 150
I C -2 5 60 70 100 40
C S 1 1 70 60 210 140
S OemPeriod -1 -7 60 70 670 610
OemPeriod Space -1 5 70 50 280 210
Space Capital 2 4 50 90 310 260
Capital I 1 -8 90 80 250 160
I Capital -1 8 80 100 100 20
Capital Space -2 -4 100 50 140 40
Space A 2 3 50 80 370 320
A L 0 -8 80 70 130 50
L W 1 7 70 60 140 70
W A -1 1 60 70 180 120
A Y 1 -5 70 50 90 20
Y S -1 4 50 90 110 60
S Space -2 -2 90 50 100 10
Space E 3 1 50 110 180 130
E N -2 -3 110 70 270 160
N J 1 -1 70 30 220 150
J O 1 -2 30 70 160 130
O Y 0 3 70 60 250 180
Y E 0 3 60 90 110 50
E D -1 0 90 60 180 90
D Space -2 -1 60 80 20 -40
Space T 3 -1 80 90 200 120
T H -1 -1 90 50 100 10
H Space -2 2 50 60 230 180
Space Back 4 -9 60 90 630 570
Back E -1 10 90 50 170 80
E Space -3 -1 50 70 272 222
Space S 2 2 70 70 190 120
S U 1 -5 70 50 200 130
U B -2 2 50 50 180 130
B J 1 -2 50 70 200 150
J E 1 4 70 80 140 70
E C -2 0 80 80 710 630
C T 2 -2 80 40 150 70
T Space -3 1 40 50 230 190
Space B 1 -1 50 50 640 590
B E 2 2 50 100 110 60
E C -2 0 100 50 190 90
C A 1 2 50 110 170 120
A O 1 -8 110 60 240 130
O U 0 2 60 80 270 210
U S -1 5 80 60 170 90
S E 1 -1 60 120 160 100
E Space -3 -1 120 60 100 -20
Space Back 4 -9 60 100 640 580
Back Back 0 0 100 60 170 70
Back Back 0 0 60 30 150 90
Back Back 0 0 30 50 90 60
Back Back 0 0 50 70 140 90
Back U -1 6 70 80 680 610
U S -1 5 80 50 140 60
S E 1 -1 50 90 160 110
E Space -3 -1 90 40 80 -10
Space I 3 -4 40 70 720 680
I Space -3 4 70 60 220 150
Space L 2 -5 60 120 430 370
L O 1 0 120 60 270 150
O Back 1 -4 60 70 910 850
Back Back 0 0 70 60 160 90
Back Back 0 0 60 100 150 90
Back Back 0 0 100 90 240 140
Back Capital -2 13 90 90 200 110
Capital I 1 -8 90 80 220 130
I Capital -1 8 80 90 150 70
Capital Space -2 -4 90 50 100 10
Space L 2 -5 50 40 490 440
L O 1 0 40 60 140 100
O V -2 5 60 50 300 240
V E 2 1 50 70 100 50
E Space -3 -1 70 70 120 50
Space L 2 -5 70 60 920 850
L O 1 0 60 80 1570 1510
O G -1 4 80 100 190 110
G I 1 -3 100 60 140 40
I C -2 5 60 60 210 150
C S 1 1 60 30 290 230
S L 0 -7 30 60 120 90
L Back 2 -4 60 80 930 870
Back Back 0 0 80 50 170 90
Back A -2 12 50 110 540 490
A L 0 -8 110 50 160 50
L Space -2 5 50 60 190 140
Space T 3 -1 60 100 190 130
T H -1 -1 100 70 80 -20
H I 1 -2 70 50 220 150
I N -2 2 50 50 160 110
N K 1 -2 50 50 170 120
K I 1 0 50 80 150 100
I N -2 2 80 80 190 110
N H 1 0 80 20 290 210
H Back 2 -7 20 70 870 850
Back Space -4 9 70 60 640 570
Space A 2 3 60 130 110 50
A N -1 -5 130 50 140 10
N D 1 3 50 110 140 90
D Space -2 -1 110 40 100 -10
Space Back 4 -9 40 60 700 660
Back Back 0 0 60 60 150 90
Back Back 0 0 60 50 140 80
Back Back 0 0 50 60 120 70
Back Back 0 0 60 60 100 40
Back G -2 8 60 60 590 530
G Space -2 1 60 50 190 130
Space A 2 3 50 130 130 80
A N -1 -5 130 70 150 20
N Space -1 2 70 50 230 160
Space Back 4 -9 50 70 750 700
Back D -2 10 70 90 150 80
D Space -2 -1 90 70 220 130
Space P 3 -6 70 80 490 420
P R 0 6 80 70 170 90
R O 0 -5 70 70 140 70
O B -2 4 70 90 230 160
B L 1 -4 90 70 140 50
L E 1 6 70 100 160 90
E M -2 -4 100 30 140 40
M Space -1 3 30 50 150 120
Space S 2 2 50 80 300 250
S O 1 -7 80 50 170 90
O L -1 0 50 60 150 100
L V -1 5 60 90 240 180
V I 2 -4 90 50 820 730
I N -2 2 50 50 190 140
N G 1 1 50 70 110 60
G OemPeriod -1 -4 70 50 320 250
OemPeriod Space -1 5 50 0 2570 2520
Space Capital 2 4 0 70 480 480
Capital I 1 -8 70 50 180 110
I Capital -1 8 50 100 90 40
Capital Space -2 -4 100 70 130 30
Space A 2 3 70 100 120 50
A L 0 -8 100 90 150 50
L W 1 7 90 90 140 50
W A -1 1 90 120 170 80
A Y 1 -5 120 60 170 50
Y S -1 4 60 80 100 40
S Space -2 -2 80 80 150 70
Space H 2 -2 80 90 360 280
H A 0 5 90 100 100 10
A T 1 -4 100 90 210 110
T E 0 2 90 100 100 10
E D -1 0 100 80 150 50
D Space -2 -1 80 70 110 30
Space G 2 -1 70 80 400 330
G E 1 2 80 90 100 20
E O 0 -6 90 70 280 190
O G -1 4 70 50 320 250
G R 1 1 50 60 190 140
R A -1 3 60 60 330 270
A O 1 -8 60 80 220 160
O Back 1 -4 80 40 1160 1080
Back P -1 3 40 60 330 290
P H -1 4 60 60 350 290
H Y 1 0 60 60 190 130
Y Space -3 2 60 50 280 220
Space S 2 2 50 70 6830 6780
S I 1 -6 70 90 100 30
I N -2 2 90 60 210 120
N C 0 3 60 80 110 50
C E 2 0 80 90 180 100
E Space -3 -1 90 50 50 -40
Space I 3 -4 50 60 210 160
I T 0 3 60 60 240 180
T Space -3 1 60 60 240 180
Space U 3 -3 60 70 1160 1100
U S -1 5 70 80 90 20
S E 1 -1 80 70 200 120
E D -1 0 70 80 130 60
D Space -2 -1 80 70 50 -30
Space T 3 -1 70 70 250 180
T O 0 -4 70 80 40 -30
O Space -3 5 80 50 210 130
Space B 1 -1 50 50 170 120
B E 2 2 50 102 60 10
E Space -3 -1 102 60 442 340
Space B 1 -1 60 50 630 570
B O 2 -4 50 80 240 190
O R 0 5 80 90 150 70
R I 0 -4 90 60 100 10
I N -2 2 60 60 190 130
N G 1 1 60 90 120 60
G Space -2 1 90 60 70 -20
Space N 1 -2 60 90 1830 1770
N Back 3 -7 90 90 540 450
Back A -2 12 90 100 150 60
A N -1 -5 100 70 340 240
N D 1 3 70 100 110 40
D Space -2 -1 100 20 90 -10
Space H 2 -2 20 70 150 130
H A 0 5 70 100 90 20
A D 0 -2 100 80 250 150
D Space -2 -1 80 50 110 30
Space L 2 -5 50 60 470 420
L O 1 0 60 80 160 100
O T 0 4 80 50 200 120
T S -1 3 50 60 240 190
S Space -2 -2 60 92 140 80
Space T 3 -1 92 80 152 60
T O 0 -4 80 60 110 30
O Space -3 5 60 60 190 130
Space R 3 0 60 90 80 20
R E 0 1 90 60 180 90
E M -2 -4 60 70 70 10
M E 2 4 70 90 150 80
E B -2 -2 90 70 350 260
B E 2 2 70 80 150 80
E R 0 -1 80 100 170 90
R OemPeriod -2 -5 100 90 720 620
OemPeriod Space -1 5 90 60 250 160
Space Capital 2 4 60 130 2250 2190
Capital Back 2 -13 130 60 900 770
Back Back 0 0 60 60 140 80
Back Back 0 0 60 160 140 80
Back Back 0 0 160 70 230 70
Back Back 0 0 70 30 160 90
Back Capital -2 13 30 100 650 620
Capital M -1 -7 100 40 860 760
M B 0 2 40 50 600 560
B E 2 2 50 80 120 70
E R 0 -1 80 70 180 100
R OemPeriod -2 -5 70 70 860 790
OemPeriod Space -1 5 70 60 250 180
Space Capital 2 4 60 100 160 100
Capital T 1 -5 100 70 440 340
T Capital -1 5 70 120 100 30
Capital H 0 -6 120 60 150 30
H E 1 3 60 120 120 60
E Space -3 -1 120 70 100 -20
Space I 3 -4 70 70 520 450
I N -2 2 70 50 200 130
N S 1 4 50 70 110 60
S T 1 -3 70 70 200 130
T R 0 1 70 90 200 130
R U 0 -3 90 80 120 30
U C -2 4 80 80 170 90
C T 2 -2 80 60 120 40
T O 0 -4 60 70 310 250
O R 0 5 70 80 150 80
R Space -3 0 80 52 120 40
Space C 1 1 52 50 512 460
C O 2 -6 50 60 200 150
O U 0 2 60 30 190 130
U L -1 -2 30 60 170 140
L D 0 6 60 100 90 30
D Space -2 -1 100 50 150 50
Space H 2 -2 50 70 170 120
H A 0 5 70 110 90 20
A V -1 -3 110 90 140 30
V E 2 1 90 100 110 20
E Space -3 -1 100 50 140 40
Space M 1 -3 50 90 1550 1500
M A 1 6 90 130 110 20
A D 0 -2 130 80 230 100
D E 1 0 80 100 170 90
E Space -3 -1 100 50 180 80
Space S 2 2 50 80 1150 1100
S O 1 -7 80 70 130 50
O M -2 2 70 60 190 120
M E 2 4 60 70 80 20
E Space -3 -1 70 70 80 10
Space I 3 -4 70 50 220 150
I N -2 2 50 50 150 100
N T 2 1 50 50 230 180
T E 0 2 50 70 150 100
E R 0 -1 70 80 150 80
R A -1 3 80 90 250 170
A C -1 -2 90 70 70 -20
C T 2 -2 70 60 210 140
T I 0 -3 60 60 190 130
I V -2 4 60 90 120 60
V Space -1 0 90 80 310 220
Space Back 4 -9 80 120 450 370
Back E -1 10 120 90 180 60
E Space -3 -1 90 80 220 130
Space S 2 2 80 110 190 110
S E 1 -1 110 90 280 170
E E 0 0 90 60 170 80
E I 0 -5 60 70 280 220
I Back 1 -5 70 130 1630 1560
Back Back 0 0 130 100 490 360
Back S -2 11 100 90 340 240
S I 1 -6 90 70 250 160
I O 0 -1 70 50 370 300
O N -2 3 50 70 220 170
N Back 3 -7 70 210 560 490
Back Back 0 0 210 100 470 260
Back Back 0 0 100 90 190 90
Back S -2 11 90 70 260 170
S I 1 -6 70 60 340 270
I O 0 -1 60 60 150 90
O N -2 3 60 40 210 150
N S 1 4 40 80 6541 6501
S Space -2 -2 80 50 140 60
Space W 3 2 50 90 410 360
W H -1 -4 90 50 180 90
H E 1 3 50 90 110 60
E R 0 -1 90 80 190 100
R E 0 1 80 60 160 80
E Space -3 -1 60 70 140 80
Space W 3 2 70 90 180 110
W E 0 -1 90 70 180 90
E Space -3 -1 70 70 140 70
Space C 1 1 70 70 250 180
C O 2 -6 70 80 170 100
O U 0 2 80 60 180 100
U K -1 -1 60 90 180 120
K D 0 5 90 60 120 30
D Space -2 -1 60 60 120 60
Space D 2 1 60 90 450 390
D I 1 -5 90 60 200 110
I S -1 6 60 70 110 50
S C -1 -1 70 60 220 150
C U 2 -4 60 70 80 20
U S -1 5 70 50 170 100
S S 0 0 50 60 160 110
S Space -2 -2 60 50 200 140
Space A 2 3 50 120 520 470
A D 0 -2 120 70 270 150
D Space -2 -1 70 50 100 30
Space D 2 1 50 80 180 130
D E 1 0 80 70 180 100
E B -2 -2 70 80 310 240
B A 1 4 80 120 110 30
A T 1 -4 120 60 180 60
T E 0 2 60 130 120 60
E Space -3 -1 130 40 150 20
Space F 2 0 40 90 1090 1050
F E 1 1 90 90 200 110
E W 0 1 90 120 160 70
W Space -3 -2 120 70 230 110
Space T 3 -1 70 80 140 70
T O 0 -4 80 50 150 70
O P 0 -1 50 70 130 80
P I 0 2 70 70 180 110
I C -2 5 70 50 100 30
C S 1 1 50 40 200 150
S Right -2 -11 40 90 2682 2642
Right Back 4 0 90 70 850 760
Back L -2 4 70 50 270 200
L Space -2 5 50 80 1920 1870
Space A 2 3 80 100 110 30
A N -1 -5 100 60 140 40
N D 1 3 60 102 100 40
D Space -2 -1 102 50 92 -10
Space L 2 -5 50 100 210 160
L E 1 6 100 90 110 10
E A -1 2 90 110 200 110
A R 1 -3 110 90 250 140
R N -2 -2 90 50 130 40
N Space -1 2 50 60 150 100
Space Back 4 -9 60 50 1180 1120
Back OemPeriod -3 4 50 50 320 270
OemPeriod Space -1 5 50 50 230 180
Space Capital 2 4 50 90 2530 2480
Capital L 0 -9 90 100 200 110
L Capital 0 9 100 80 110 10
Capital A 0 -1 80 110 200 120
A B -1 -4 110 60 180 70
B S 1 3 60 70 110 50
S Space -2 -2 70 50 100 30
Space A 2 3 50 100 160 110
A R 1 -3 100 60 390 290
R E 0 1 60 90 100 40
E Space -3 -1 90 80 170 80
Space A 2 3 80 120 150 70
A L 0 -8 120 60 130 10
L W 1 7 60 70 170 110
W A -1 1 70 150 170 100
A Y 1 -5 150 40 210 60
Y S -1 4 40 90 60 20
S Space -2 -2 90 50 180 90
Space I 3 -4 50 80 320 270
I N -2 2 80 50 210 130
N T 2 1 50 50 220 170
T E 0 2 50 60 110 60
E R 0 -1 60 70 170 110
R E 0 1 70 60 180 110
E S -1 1 60 90 150 90
S T 1 -3 90 50 70 -20
T I 0 -3 50 60 270 220
I N -2 2 60 60 210 150
N G 1 1 60 90 110 50
G Space -2 1 90 50 110 20
Space Back 4 -9 50 40 640 590
Back OemPeriod -3 4 40 40 790 750
OemPeriod Space -1 5 40 70 170 130
Space Capital 2 4 70 50 250 180
Capital T 1 -5 50 50 140 90
T Capital -1 5 50 100 90 40
Capital H 0 -6 100 50 120 20
H E 1 3 50 130 100 50
E Y 0 -3 130 50 120 -10
Y Space -3 2 50 40 220 170
Space G 2 -1 40 70 380 340
G I 1 -3 70 60 140 70
I V -2 4 60 60 220 160
V E 2 1 60 90 110 50
E Space -3 -1 90 40 100 10
Space Y 3 -2 40 80 400 360
Y O 0 -3 80 60 290 210
O U 0 2 60 40 180 120
U Space -3 3 40 70 190 150
Space P 3 -6 70 60 230 160
P R 0 6 60 70 130 70
R A -1 3 70 80 310 240
A C -1 -2 80 50 120 40
C T 2 -2 50 50 250 200
T I 0 -3 50 50 280 230
I C -2 5 50 60 150 100
C L 1 -6 60 90 320 260
L Back 2 -4 90 90 500 410
Back A -2 12 90 100 140 50
A L 0 -8 100 48 404 304
L Space -2 5 48 60 198 150
Space A 2 3 60 100 230 170
A P 1 -9 100 60 230 130
P P 0 0 60 40 140 80
P L -1 1 40 80 120 80
L I 1 1 80 70 200 120
I C -2 5 70 60 130 60
C A 1 2 60 70 230 170
A T 1 -4 70 50 1270 1200
T I 0 -3 50 50 270 220
I O 0 -1 50 60 140 90
O N -2 3 60 30 210 150
N Space -1 2 30 50 130 100
Space O 3 -5 50 90 220 170
O F -1 5 90 80 300 210
F Space -2 0 80 80 100 20
Space T 3 -1 80 70 340 260
T H -1 -1 70 70 90 20
H E 1 3 70 92 120 50
E Space -3 -1 92 60 102 10
Space C 1 1 60 90 140 80
C O 2 -6 90 50 140 50
O N -2 3 50 80 170 120
N C 0 3 80 50 350 270
C E 2 0 50 90 190 140
E P 0 -7 90 50 100 10
P T 0 5 50 60 240 190
T S -1 3 60 90 120 60
S Space -2 -2 90 70 110 20
Space W 3 2 70 90 130 60
W E 0 -1 90 70 150 60
E Space -3 -1 70 60 90 20
Space L 2 -5 60 80 320 260
L E 1 6 80 90 40 -40
E A -1 2 90 150 720 630
A R 1 -3 150 110 280 130
R N -2 -2 110 40 150 40
N OemPeriod 0 -3 40 70 520 480
OemPeriod Space -1 5 70 60 280 210
Space Capital 2 4 60 140 3310 3250
Capital T 1 -5 140 80 310 170
T Capital -1 5 80 100 130 50
Capital U 1 -7 100 60 290 190
U S -1 5 60 130 110 50
S Space -2 -2 130 50 150 20
Space Back 4 -9 50 90 610 560
Back Back 0 0 90 80 150 60
Back Back 0 0 80 70 140 60
Back H -2 7 70 90 560 490
H S 0 4 90 110 150 60
S Back 2 -11 110 60 540 430
Back U -1 6 60 50 490 430
U S -1 5 50 110 100 50
S Oemcomma -1 -6 110 40 280 170
Oemcomma Space -1 4 40 50 180 140
Space W 3 2 50 80 110 60
W E 0 -1 80 100 160 80
E Space -3 -1 100 50 90 -10
Space G 2 -1 50 60 380 330
G E 1 2 60 110 100 40
E T 0 -2 110 40 120 10
T Space -3 1 40 70 190 150
Space T 3 -1 70 100 140 70
T O 0 -4 100 50 130 30
O Space -3 5 50 70 200 150
Space K 2 -4 70 40 190 120
K N -1 2 40 40 150 110
N O 2 -3 40 80 180 140
O W 0 7 80 72 140 60
W Space -3 -2 72 50 142 70
Space R 3 0 50 100 540 490
R E 0 1 100 70 220 120
E A -1 2 70 60 640 570
A L 0 -8 60 60 150 90
L Space -2 5 60 90 190 130
Space T 3 -1 90 60 250 160
T I 0 -3 60 30 120 60
I M -2 1 30 20 180 150
M E 2 4 20 110 100 80
E Space -3 -1 110 60 60 -50
Space I 3 -4 60 30 230 170
I M -2 1 30 50 150 120
M P 2 -3 50 60 210 160
P L -1 1 60 50 150 90
L E 1 6 50 90 120 70
E M -2 -4 90 70 120 30
M E 2 4 70 72 120 50
E N -2 -3 72 50 142 70
N T 2 1 50 50 260 210
T A -1 4 50 110 110 60
A T 1 -4 110 40 110 0
T I 0 -3 40 60 290 250
I O 0 -1 60 50 140 80
O N -2 3 50 20 200 150
N Space -1 2 20 50 120 100
Space O 3 -5 50 70 550 500
O F -1 5 70 80 140 70
F Space -2 0 80 50 110 30
Space W 3 2 50 110 170 120
W H -1 -4 110 80 70 -40
H A 0 5 80 90 260 180
A T 1 -4 90 80 20 -70
T Space -3 1 80 70 250 170
Space W 3 2 70 70 550 480
W E 0 -1 70 80 150 80
E Space -3 -1 80 50 100 20
Space L 2 -5 50 90 1620 1570
L E 1 6 90 70 140 50
E A -1 2 70 70 240 170
A R 1 -3 70 90 220 150
R N -2 -2 90 50 100 10
N OemPeriod 0 -3 50 70 310 260
OemPeriod Space -1 5 70 90 1130 1060
Space Capital 2 4 90 140 550 460
Capital H 0 -6 140 70 420 280
H Capital 0 6 70 100 150 80
Capital O 1 -9 100 60 120 20
O M -2 2 60 90 180 120
M E 2 4 90 80 120 30
E W 0 1 80 80 220 140
W O 0 -7 80 110 140 60
O R 0 5 110 80 170 60
R K -1 -4 80 80 190 110
K S 0 6 80 100 130 50
S Space -2 -2 100 70 130 30
Space A 2 3 70 100 170 100
A N -1 -5 100 50 130 30
N D 1 3 50 110 90 40
D Back 2 -10 110 470 530 420
Back Back 0 0 470 80 510 40
Back Back 0 0 80 70 440 360
Back Back 0 0 70 60 200 130
Back Back 0 0 60 120 360 300
Back Space -4 9 120 70 390 270
Space A 2 3 70 130 180 110
A N -1 -5 130 40 200 70
N D 1 3 40 70 120 80
D Space -2 -1 70 50 80 10
Space W 3 2 50 50 170 120
W Back 1 -11 50 70 450 400
Back Q -1 12 70 100 250 180
Q U 0 -6 100 40 220 120
U I 0 -1 40 70 130 90
I Z -2 7 70 60 500 430
Z Z 0 0 60 60 200 140
Z E 2 -2 60 60 450 390
E S -1 1 60 60 200 140
S Space -2 -2 60 70 230 170
Space H 2 -2 70 40 3250 3180
H E 1 3 40 100 100 60
E L -1 -6 100 30 220 120
L P 1 -1 30 60 120 90
P Space -3 6 60 50 260 200
Space I 3 -4 50 60 570 520
I N -2 2 60 40 180 120
N Space -1 2 40 50 132 92
Space A 2 3 50 100 160 110
A Space -2 -3 100 70 120 20
Space F 2 0 70 90 280 210
F E 1 1 90 110 190 100
E W 0 1 110 30 750 640
W Space -3 -2 30 80 130 100
Space W 3 2 80 80 220 140
W A -1 1 80 50 220 140
A Y 1 -5 50 70 80 30
Y Space -3 2 70 80 250 180
Space Back 4 -9 80 110 470 390
Back S -2 11 110 140 190 80
S Space -2 -2 140 70 150 10
Space T 3 -1 70 70 290 220
T O 0 -4 70 60 120 50
O Space -3 5 60 50 200 140
Space L 2 -5 50 70 190 140
L E 1 6 70 70 90 20
E A -1 2 70 100 210 140
A R 1 -3 100 90 270 170
R N -2 -2 90 50 150 60
N Space -1 2 50 70 160 110
Space W 3 2 70 60 7020 6950
W A -1 1 60 100 170 110
A Y 1 -5 100 80 150 50
Y S -1 4 80 120 100 20
S Space -2 -2 120 70 180 60
Space T 3 -1 70 100 340 270
T O 0 -4 100 50 150 50
O Space -3 5 50 80 180 130
Space A 2 3 80 110 130 50
A P 1 -9 110 50 160 50
P P 0 0 50 60 110 60
P L -1 1 60 50 140 80
L Y 1 3 50 100 290 240
Y Space -3 2 100 70 260 160
Space O 3 -5 70 70 1340 1270
O U 0 2 70 100 170 100
U R 0 3 100 80 170 70
R Space -3 0 80 80 120 40
Space K 2 -4 80 60 450 370
K N -1 2 60 70 160 100
N O 2 -3 70 80 190 120
O W 0 7 80 50 150 70
W L -1 -7 50 40 180 130
L E 1 6 40 100 180 140
E D -1 0 100 60 390 290
D G 0 -2 60 60 190 130
G E 1 2 60 90 140 80
E Space -3 -1 90 60 120 30
Space I 3 -4 60 90 630 570
I N -2 2 90 40 200 110
N Space -1 2 40 40 140 100
Space S 2 2 40 90 110 70
S O 1 -7 90 30 150 60
O L -1 0 30 80 120 90
L V -1 5 80 90 200 120
V I 2 -4 90 60 150 60
I N -2 2 60 50 180 120
N G 1 1 50 130 170 120
G Space -2 1 130 60 30 -100
Space Back 4 -9 60 70 1420 1360
Back OemPeriod -3 4 70 60 330 260
OemPeriod Space -1 5 60 70 220 160
Space Capital 2 4 70 90 210 140
Capital B -1 -5 90 70 100 10
B Capital 1 5 70 120 180 110
Capital U 1 -7 120 50 40 -80
U T 0 2 50 70 200 150
T Space -3 1 70 60 260 190
Space A 2 3 60 110 440 380
A Space -2 -3 110 70 180 70
Space Back 4 -9 70 80 3670 3600
Back Back 0 0 80 60 170 90
Back Back 0 0 60 80 1200 1140
Back Back 0 0 80 70 190 110
Back Back 0 0 70 70 190 120
Back Back 0 0 70 80 750 680
Back Capital -2 13 80 100 1820 1740
Capital B -1 -5 100 70 150 50
B Capital 1 5 70 120 140 70
Capital U 1 -7 120 70 90 -30
U T 0 2 70 60 890 820
T Space -3 1 60 60 210 150
Space H 2 -2 60 50 200 140
H O 1 -3 50 70 160 110
O W 0 7 70 70 190 120
W E 0 -1 70 80 230 160
E V -2 -1 80 60 180 100
V E 2 1 60 60 150 90
E R 0 -1 60 60 190 130
R Space -3 0 60 60 430 370
Space T 3 -1 60 90 540 480
T O 0 -4 90 60 140 50
O O 0 0 60 70 120 60
O Space -3 5 70 50 270 200
Space N 1 -2 50 30 200 150
N A 1 5 30 70 160 130
A N -1 -5 70 80 60 -10
N Back 3 -7 80 80 460 380
Back Back 0 0 80 50 170 90
Back Back 0 0 50 80 370 320
Back M -3 6 80 50 410 330
M A 1 6 50 70 130 80
A N -1 -5 70 68 50 -20
N Y 2 0 68 50 202 134
Y Space -3 2 50 60 190 140
Space W 3 2 60 82 690 630
W O 0 -7 82 60 122 40
O U 0 2 60 70 180 120
U L -1 -2 70 50 220 150
L D 0 6 50 90 70 20
D Space -2 -1 90 70 160 70
Space O 3 -5 70 60 240 170
O B -2 4 60 60 230 170
B E 2 2 60 80 150 90
E R 0 -1 80 70 180 100
R Back 1 -9 70 80 1040 970
Back Back 0 0 80 60 150 70
Back Back 0 0 60 90 300 240
Back Back 0 0 90 60 400 310
Back B -3 8 60 50 440 380
B U 2 -2 50 60 190 140
U R 0 3 60 50 150 90
R D -1 1 50 80 220 170
D E 1 0 80 70 180 100
E N -2 -3 70 50 100 30
N Space -1 2 50 60 150 100
Space T 3 -1 60 60 360 300
T H -1 -1 60 60 90 30
H E 1 3 60 90 120 60
E Space -3 -1 90 70 130 40
Space S 2 2 70 100 130 60
S T 1 -3 100 60 220 120
T U 0 -2 60 60 170 110
U D -1 4 60 100 100 40
D E 1 0 100 90 190 90
E N -2 -3 90 70 70 -20
N T 2 1 70 80 170 100
T OemPeriod -2 -4 80 50 270 190
OemPeriod Space -1 5 50 50 480 430
Space Capital 2 4 50 100 230 180
Capital G 0 -5 100 50 1540 1440
G Capital 0 5 50 80 110 60
Capital R 1 -4 80 70 130 50
R A -1 3 70 100 140 70
A D 0 -2 100 100 230 130
D I 1 -5 100 60 120 20
I N -2 2 60 40 180 120
N G 1 1 40 100 90 50
G Space -2 1 100 70 60 -40
Space I 3 -4 70 50 230 160
I S -1 6 50 120 70 20
S Space -2 -2 120 80 150 30
Space A 2 3 80 100 220 140
A Space -2 -3 100 50 110 10
Space G 2 -1 50 70 1400 1350
G O 1 -4 70 20 190 120
O O 0 0 20 120 110 90
O D -1 6 120 80 140 20
D Space -2 -1 80 90 170 90
Space W 3 2 90 72 100 10
W A -1 1 72 70 192 120
A Y 1 -5 70 80 80 10
Y Space -3 2 80 50 240 160
Space T 3 -1 50 90 350 300
T O 0 -4 90 50 110 20
O Space -3 5 50 50 190 140
Space M 1 -3 50 60 150 100
M E 2 4 60 70 110 50
E A -1 2 70 90 200 130
A S 0 -1 90 80 200 110
S U 1 -5 80 70 100 20
U R 0 3 70 51 170 100
R E 0 1 51 100 122 71
E Space -3 -1 100 70 120 20
Space T 3 -1 70 100 140 70
T H -1 -1 100 60 130 30
H E 1 3 60 110 100 40
E Space -3 -1 110 50 130 20
Space L 2 -5 50 70 1120 1070
L E 1 6 70 90 80 10
E E 0 0 90 90 290 200
E Back 1 -10 90 110 890 800
Back V -3 9 110 90 450 340
V E 2 1 90 60 260 170
E L -1 -6 60 50 100 40
L Space -2 5 50 60 200 150
Space W 3 2 60 90 560 500
W H -1 -4 90 50 150 60
H E 1 3 50 80 100 50
E R 0 -1 80 70 170 90
R E 0 1 70 90 110 40
E Space -3 -1 90 70 150 60
Space S 2 2 70 90 400 330
S T 1 -3 90 60 160 70
T U 0 -2 60 50 200 140
U D -1 4 50 80 100 50
D E 1 0 80 60 200 120
E N -2 -3 60 60 70 10
N T 2 1 60 70 160 100
T S -1 3 70 70 300 230
S Back 2 -11 70 110 880 810
Back Back 0 0 110 90 190 80
Back T -1 8 90 60 1080 990
T Space -3 1 60 50 150 90
Space Left 0 -7 50 110 3960 3910
Left A 2 10 110 80 1670 1560
A Space -2 -3 80 80 300 220
Space S 2 2 80 90 1880 1800
S T 1 -3 90 70 150 60
T A -1 4 70 100 100 30
A B -1 -4 100 40 190 90
B D 1 2 40 80 170 130
D S 0 1 80 30 230 150
S OemPeriod -1 -7 30 30 250 220
OemPeriod Space -1 5 30 40 360 330
Space Capital 2 4 40 110 140 100
Capital B -1 -5 110 60 200 90
B Capital 1 5 60 100 110 50
Capital U 1 -7 100 50 90 -10
U T 0 2 50 70 180 130
T Space -3 1 70 50 240 170
Space Back 4 -9 50 50 2430 2380
Back N -3 7 50 30 350 300
N W 2 4 30 90 2022 1992
W I 0 -6 90 70 190 100
I T 0 3 70 120 170 100
T H -1 -1 120 50 80 -40
H O 1 -3 50 70 220 170
O U 0 2 70 60 180 110
U T 0 2 60 70 140 80
T Space -3 1 70 80 120 50
Space G 2 -1 80 60 400 320
G R 1 1 60 60 200 140
R A -1 3 60 80 130 70
A D 0 -2 80 30 100 20
D I 1 -5 30 50 250 220
I N -2 2 50 50 160 110
N G 1 1 50 90 110 60
G Space -2 1 90 50 80 -10
Space C 1 1 50 100 200 150
C L 1 -6 100 60 150 50
L A 0 8 60 80 270 210
A S 0 -1 80 80 220 140
S S 0 0 80 60 170 90
S E 1 -1 60 70 190 130
E S -1 1 70 100 150 80
S Space -2 -2 100 90 410 310
Space W 3 2 90 90 360 270
W O 0 -7 90 70 190 100
O U 0 2 70 70 170 100
U L -1 -2 70 50 220 150
L D 0 6 50 90 80 30
D Space -2 -1 90 20 170 80
Space B 1 -1 20 60 170 150
B E 2 2 60 80 130 70
E Space -3 -1 80 80 120 40
Space M 1 -3 80 50 890 810
M O 2 -2 50 70 200 150
O R 0 5 70 70 150 80
R E 0 1 70 60 160 90
E Space -3 -1 60 60 80 20
Space F 2 0 60 90 160 100
F U 1 -3 90 90 100 10
U N -2 1 90 30 190 100
N Space -1 2 30 70 130 100
Space A 2 3 70 110 140 70
A N -1 -5 110 70 160 50
N D 1 3 70 120 100 30
D Space -2 -1 120 50 170 50
Space I 3 -4 50 50 1880 1830
I N -2 2 50 60 170 120
N T 2 1 60 60 220 160
T E 0 2 60 110 180 120
E R 0 -1 110 90 260 150
R A -1 3 90 70 320 230
A C -1 -2 70 80 150 80
C T 2 -2 80 80 240 160
T I 0 -3 80 90 140 60
I V -2 4 90 60 190 100
V E 2 1 60 70 160 100
E OemPeriod -2 -6 70 60 740 670
OemPeriod Space -1 5 60 60 210 150
Space Capital 2 4 60 80 190 130
Capital L 0 -9 80 60 170 90
L E 1 6 60 80 200 140
E Capital -1 3 80 130 200 120
Capital Back 2 -13 130 100 700 570
Back E -1 10 100 80 630 530
E A -1 2 80 90 210 130
A R 1 -3 90 100 240 150
R N -2 -2 100 30 150 50
N I 2 -2 30 50 150 120
I N -2 2 50 40 160 110
N G 1 1 40 70 90 50
G Space -2 1 70 50 100 30
Space W 3 2 50 60 470 420
W I 0 -6 60 50 180 120
I L -1 -1 50 30 450 400
L L 0 0 30 50 100 70
L Space -2 5 50 70 230 180
Space B 1 -1 70 60 190 120
B E 2 2 60 60 130 70
E Space -3 -1 60 70 80 20
Space M 1 -3 70 50 280 210
M O 2 -2 50 90 170 120
O R 0 5 90 60 140 50
R E 0 1 60 70 160 100
E Space -3 -1 70 50 100 30
Space E 3 1 50 60 2980 2930
E N -2 -3 60 60 140 80
N J 1 -1 60 40 180 120
J O 1 -2 40 70 220 180
O Y 0 3 70 60 260 190
Y A -1 5 60 100 140 80
A B -1 -4 100 50 80 -20
B L 1 -4 50 40 230 180
L E 1 6 40 60 150 110
E Space -3 -1 60 50 700 640
Space R 3 0 50 70 870 820
R A -1 3 70 70 420 350
A T 1 -4 70 50 110 40
T H -1 -1 50 50 160 110
H E 1 3 50 60 100 50
E R 0 -1 60 70 160 100
R Space -3 0 70 90 40 -30
Space T 3 -1 90 70 180 90
T H -1 -1 70 40 120 50
H A 0 5 40 90 160 120
A N -1 -5 90 50 120 30
N Space -1 2 50 60 150 100
Space A 2 3 60 70 1180 1120
A Space -2 -3 70 60 170 100
Space R 3 0 60 80 3070 3010
R E 0 1 80 80 160 80
E S -1 1 80 90 190 110
S P 1 -8 90 70 140 50
P O 0 1 70 50 150 80
O N -2 3 50 70 220 170
N S 1 4 70 80 170 100
S I 1 -6 80 80 180 100
I B -2 3 80 60 390 310
B I 2 -3 60 50 240 180
I L -1 -1 50 70 170 120
L I 1 1 70 70 230 160
I T 0 3 70 70 200 130
T Y 0 -1 70 50 120 50
Y Right -3 -7 50 60 5330 5280
Right Right 0 0 60 60 190 130
Right Right 0 0 60 60 150 90
Right Back 4 0 60 70 5130 5070
Back Back 0 0 70 50 170 100
Back Back 0 0 50 620 130 80
Back R -1 9 620 60 2480 1860
R A -1 3 60 110 110 50
A T 1 -4 110 20 180 70
T H -1 -1 20 60 150 130
H E 1 3 60 360 170 110
E R 0 -1 360 170 560 200
R Back 1 -9 170 70 2230 2060
Back Space -4 9 70 20 1250 1180
Space Back 4 -9 20 80 1270 1250
Back R -1 9 80 60 182 102
R Space -3 0 60 60 310 250
Space Back 4 -9 60 540 17070 17010
Back Back 0 0 540 760 1790 1250
Back Back 0 0 760 770 3180 2420
Back Back 0 0 770 762 3700 2930
Back Back 0 0 762 91 922 160
Back Back 0 0 91 50 202 111
Back Back 0 0 50 40 120 70
Back Back 0 0 40 70 110 70
Back Back 0 0 70 54 130 60
Back Back 0 0 54 30 142 88
Back Back 0 0 30 50 100 70
Back Back 0 0 50 50 150 100
Back Back 0 0 50 30 150 100
Back Back 0 0 30 80 120 90
Back Back 0 0 80 60 180 100
Back Back 0 0 60 60 200 140
Back Back 0 0 60 40 180 120
Back Back 0 0 40 40 140 100
Back Back 0 0 40 20 140 100
Back Back 0 0 20 50 120 100
Back Space -4 9 50 50 680 630
Space B 1 -1 50 50 200 150
B E 2 2 50 100 120 70
E Space -3 -1 100 60 70 -30
Space E 3 1 60 90 580 520
E N -2 -3 90 50 180 90
N J 1 -1 50 50 220 170
J O 1 -2 50 70 180 130
O Y 0 3 70 60 310 240
Y A -1 5 60 90 190 130
A B -1 -4 90 50 140 50
B L 1 -4 50 40 220 170
L E 1 6 40 50 140 100
E OemPeriod -2 -6 50 70 870 820
OemPeriod Space -1 5 70 50 230 160
Space Capital 2 4 50 0 22210 22160
Capital I 1 -8 0 70 60 60
I Capital -1 8 70 100 140 70
Capital Space -2 -4 100 70 90 -10
Space W 3 2 70 70 1250 1180
W O 0 -7 70 50 160 90
O U 0 2 50 40 190 140
U L -1 -2 40 50 160 120
L D 0 6 50 110 100 50
D Space -2 -1 110 40 140 30
Space L 2 -5 40 60 610 570
L I 1 1 60 50 190 130
I K -1 0 50 50 120 70
K E 1 5 50 80 100 50
E Space -3 -1 80 50 120 40
Space T 3 -1 50 90 320 270
T O 0 -4 90 50 110 20
O Space -3 5 50 30 220 170
Space B 1 -1 30 40 570 540
B E 2 2 40 70 90 50
E Space -3 -1 70 40 110 40
Space A 2 3 40 60 200 160
A Space -2 -3 60 30 150 90
Space T 3 -1 30 60 1740 1710
T E 0 2 60 70 100 40
E C -2 0 70 80 210 140
C H 1 -3 80 50 100 20
H I 1 -2 50 30 180 130
I N -2 2 30 50 170 140
N C 0 3 50 92 150 100
C A 1 2 92 40 262 170
A L 0 -8 40 40 90 50
L Space -2 5 40 50 200 160
Space Back 4 -9 50 50 1090 1040
Back Back 0 0 50 70 120 70
Back Back 0 0 70 20 140 70
Back Back 0 0 20 50 110 90
Back Back 0 0 50 60 140 90
Back Back 0 0 60 30 160 100
Back Back 0 0 30 70 110 80
Back Back 0 0 70 30 140 70
Back Back 0 0 30 70 90 60
Back Back 0 0 70 40 500 430
Back S -2 11 40 80 560 520
S O 1 -7 80 60 240 160
O F -1 5 60 100 190 130
F T 1 -1 100 60 170 70
T W 0 3 60 80 160 100
W A -1 1 80 70 200 120
A R 1 -3 70 60 140 70
R E 0 1 60 60 130 70
E Space -3 -1 60 60 120 60
Space D 2 1 60 70 90 30
D E 1 0 70 70 170 100
E V -2 -1 70 50 140 70
V E 2 1 50 60 90 40
E L -1 -6 60 50 210 150
L O 1 0 50 50 140 90
O P 0 -1 50 80 110 60
P E 0 7 80 100 110 30
E R 0 -1 100 80 190 90
R Space -3 0 80 20 130 50
Space Back 4 -9 20 100 850 830
Back OemPeriod -3 4 100 71 1080 980
OemPeriod Space -1 5 71 50 202 131
Space Capital 2 4 50 80 260 210
Capital M -1 -7 80 80 1650 1570
M Capital 1 7 80 140 280 200
Capital Y 1 -6 140 60 400 260
Y Space -3 2 60 60 200 140
Space U 3 -3 60 40 1260 1200
U N -2 1 40 60 150 110
N D 1 3 60 80 110 50
D E 1 0 80 90 180 100
E R 0 -1 90 60 210 120
R Back 1 -9 60 50 380 320
Back Back 0 0 50 50 130 80
Back Back 0 0 50 60 130 80
Back Back 0 0 60 70 350 290
Back Back 0 0 70 70 170 100
Back G -2 8 70 50 1020 950
G R 1 1 50 80 180 130
R A -1 3 80 110 130 50
A D 0 -2 110 50 170 60
D U 1 -4 50 60 230 180
U A -1 6 60 90 110 50
A T 1 -4 90 60 140 50
T I 0 -3 60 60 340 280
I O 0 -1 60 50 150 90
O N -2 3 50 50 180 130
N Space -1 2 50 50 150 100
Space I 3 -4 50 20 350 300
I S -1 6 20 70 120 100
S Back 2 -11 70 70 660 590
Back Back 0 0 70 750 190 120
Back Back 0 0 750 60 900 150
Back Back 0 0 60 20 180 120
Back Back 0 0 20 20 130 110
Back Back 0 0 20 40 120 100
Back Back 0 0 40 60 120 80
Back Back 0 0 60 80 150 90
Back I -1 5 80 40 2320 2240
I Space -3 4 40 70 172 132
Space Back 4 -9 70 70 670 600
Back Back 0 0 70 110 970 900
Back Capital -2 13 110 100 390 280
Capital I 1 -8 100 60 2200 2100
I Capital -1 8 60 80 140 80
Capital Space -2 -4 80 50 100 20
Space A 2 3 50 100 170 120
A M -1 -6 100 30 110 10
M Space -1 3 30 40 140 110
Space P 3 -6 40 60 450 410
P L -1 1 60 40 150 90
L A 0 8 40 72 130 90
A N -1 -5 72 40 122 50
N N 0 0 40 50 110 70
N I 2 -2 50 60 190 140
I N -2 2 60 50 150 90
N G 1 1 50 90 110 60
G Space -2 1 90 50 50 -40
Space T 3 -1 50 100 700 650
T O 0 -4 100 50 120 20
O Space -3 5 50 50 200 150
Space W 3 2 50 100 100 50
W O 0 -7 100 70 160 60
O R 0 5 70 100 120 50
R K -1 -4 100 50 180 80
K Space -2 4 50 70 170 120
Space W 3 2 70 90 900 830
W I 0 -6 90 70 130 40
I T 0 3 70 90 160 90
T H -1 -1 90 50 100 10
H Space -2 2 50 30 200 150
Space I 3 -4 30 60 530 500
I Capital -1 8 60 100 460 400
Capital Back 2 -13 100 80 160 60
Back I -1 5 80 60 580 500
I Capital -1 8 60 110 120 60
Capital N -1 -6 110 60 130 20
N F 1 2 60 110 150 90
F O 1 -5 110 70 160 50
O R 0 5 70 70 100 30
R M -2 -3 70 60 140 70
M A 1 6 60 80 170 110
A T 1 -4 80 50 150 70
T I 0 -3 50 50 300 250
I O 0 -1 50 60 130 80
O Space -3 5 60 50 320 260
Space Capital 2 4 50 60 630 580
Capital T 1 -5 60 70 80 20
T Back 1 -8 70 70 620 550
Back Back 0 0 70 70 130 60
Back Capital -2 13 70 80 452 382
Capital N -1 -6 80 20 240 160
N Space -1 2 20 80 110 90
Space Capital 2 4 80 100 310 230
Capital T 1 -5 100 30 170 70
T Capital -1 5 30 160 110 80
Capital E 1 -3 160 50 200 40
E C -2 0 50 50 220 170
C H 1 -3 50 50 90 40
H N -1 0 50 50 150 100
N O 2 -3 50 50 200 150
O L -1 0 50 50 190 140
L O 1 0 50 40 150 100
O G -1 4 40 70 190 150
G Y 1 -1 70 30 100 30
Y Space -3 2 30 50 210 180
Space F 2 0 50 70 1470 1420
F I 1 -4 70 80 190 120
I E 0 5 80 30 180 100
E L -1 -6 30 70 110 80
L D 0 6 70 50 150 80
D OemPeriod -1 -6 50 40 270 220
OemPeriod Space -1 5 40 40 240 200
Space Space 0 0 40 0 20842 20802
Space F 2 0 0 60 1250 1250
F O 1 -5 60 70 150 90
O R 0 5 70 50 160 90
R Space -3 0 50 70 200 150
Space A 2 3 70 80 470 400
A Space -2 -3 80 70 170 90
Space Back 4 -9 70 100 1700 1630
Back Back 0 0 100 80 170 70
Back A -2 12 80 60 1530 1450
A Space -2 -3 60 90 80 20
Space C 1 1 90 100 220 130
C O 2 -6 100 70 230 130
O U 0 2 70 70 470 400
U P 0 -3 70 60 260 190
P L -1 1 60 50 160 100
L E 1 6 50 70 160 110
E Space -3 -1 70 50 80 10
Space O 3 -5 50 60 250 200
O Space -3 5 60 60 290 230
Space Back 4 -9 60 90 460 400
Back F -2 9 90 80 160 70
F Space -2 0 80 60 180 100
Space Y 3 -2 60 60 320 260
Y E 0 3 60 80 150 90
E A -1 2 80 80 200 120
A R 1 -3 80 50 60 -20
R S -1 2 50 40 180 130
S Space -2 -2 40 50 120 80
Space A 2 3 50 70 180 130
A N -1 -5 70 68 110 40
N D 1 3 68 90 122 54
D Space -2 -1 90 40 110 20
Space T 3 -1 40 90 430 390
T H -1 -1 90 70 120 30
H E 1 3 70 100 130 60
E N -2 -3 100 40 90 -10
N Space -1 2 40 30 140 100
Space P 3 -6 30 60 300 270
P Back 1 -3 60 62 670 610
Back S -2 11 62 90 502 440
S E 1 -1 90 80 200 110
E T 0 -2 80 60 60 -20
T Space -3 1 60 70 190 130
Space U 3 -3 70 60 260 190
U P 0 -3 60 50 240 180
P Space -3 6 50 60 200 150
Space A 2 3 60 100 150 90
A Space -2 -3 100 40 610 510
Space S 2 2 40 90 7150 7110
S O 1 -7 90 60 190 100
O F -1 5 60 90 170 110
F T 1 -1 90 60 220 130
T W 0 3 60 70 150 90
W A -1 1 70 64 200 130
A R 1 -3 64 50 122 58
R E 0 1 50 80 100 50
E Space -3 -1 80 50 150 70
Space S 2 2 50 90 440 390
S O 1 -7 90 30 190 100
O I 0 1 30 20 10 -20
I L -1 -1 20 30 160 140
L Back 2 -4 30 60 390 360
Back Back 0 0 60 70 170 110
Back L -2 4 70 40 1000 930
L T 1 4 40 60 530 490
T Back 1 -8 60 80 810 750
Back U -1 6 80 60 500 420
U T 0 2 60 100 190 130
T I 0 -3 100 50 150 50
I O 0 -1 50 50 140 90
O N -2 3 50 40 180 130
N S 1 4 40 60 120 80
S Space -2 -2 60 50 80 20
Space C 1 1 50 100 500 450
C O 2 -6 100 50 190 90
O M -2 2 50 60 180 130
M P 2 -3 60 60 200 140
P A -1 9 60 80 70 10
A N -1 -5 80 50 160 80
N Y 2 0 50 60 190 140
Y Space -3 2 60 60 190 130
Space O 3 -5 60 80 210 150
O F -1 5 80 70 130 50
F Space -2 0 70 30 120 50
Space M 1 -3 30 80 150 120
M Y 2 1 80 60 240 160
Y Space -3 2 60 70 220 160
Space O 3 -5 70 80 400 330
O W 0 7 80 60 240 160
W N -2 -4 60 40 140 80
N Back 3 -7 40 50 5620 5580
Back Space -4 9 50 80 570 520
Space Capital 2 4 80 60 170 90
Capital I 1 -8 60 60 130 70
I Capital -1 8 60 100 150 90
Capital Space -2 -4 100 50 60 -40
Space W 3 2 50 100 160 110
W O 0 -7 100 70 130 30
O U 0 2 70 40 210 140
U K -1 -1 40 40 170 130
K D 0 5 40 100 100 60
D Space -2 -1 100 60 130 30
Space I 3 -4 60 50 410 350
I K -1 0 50 70 140 90
K Back 2 -5 70 60 750 680
Back Back 0 0 60 60 150 90
Back Back 0 0 60 50 140 80
Back Back 0 0 50 50 120 70
Back Back 0 0 50 50 140 90
Back Back 0 0 50 50 120 70
Back U -1 6 50 50 1290 1240
U L -1 -2 50 80 500 450
L D 0 6 80 90 200 120
D Space -2 -1 90 50 100 10
Space L 2 -5 50 70 210 160
L I 1 1 70 60 180 110
I K -1 0 60 40 150 90
K E 1 5 40 100 60 20
E Space -3 -1 100 70 110 10
Space T 3 -1 70 100 150 80
T O 0 -4 100 60 90 -10
O Space -3 5 60 50 190 130
Space S 2 2 50 90 70 20
S E 1 -1 90 200 230 140
E E 0 0 200 100 600 400
E Space -3 -1 100 70 170 70
Space M 1 -3 70 80 270 200
M Y 2 1 80 60 610 530
Y S -1 4 60 80 120 60
S E 1 -1 80 80 190 110
E L -1 -6 80 80 100 20
L F 0 5 80 90 150 70
F Space -2 0 90 50 100 10
Space A 2 3 50 100 210 160
A S 0 -1 100 70 200 100
S Space -2 -2 70 40 150 80
Space Capital 2 4 40 70 4920 4880
Capital M -1 -7 70 60 150 80
M Capital 1 7 60 110 120 60
Capital A 0 -1 110 100 340 230
A N -1 -5 100 60 690 590
N A 1 5 60 100 150 90
A G 0 -4 100 80 650 550
G I 1 -3 80 67 120 40
I N -2 2 67 40 172 105
N Space -1 2 40 40 180 140
Space Back 4 -9 40 80 620 580
Back G -2 8 80 90 150 70
G Space -2 1 90 30 220 130
Space Capital 2 4 30 130 780 750
Capital D 0 -3 130 80 250 120
D Capital 0 3 80 90 150 70
Capital I 1 -8 90 70 180 90
I R 0 4 70 50 160 90
R E 0 1 50 70 130 80
E C -2 0 70 40 250 180
C O 2 -6 40 120 360 320
O Back 1 -4 120 110 750 630
Back T -1 8 110 80 210 100
T O 0 -4 80 60 530 450
O R 0 5 60 70 210 150
R Space -3 0 70 60 100 30
Space O 3 -5 60 70 690 630
O F -1 5 70 90 110 40
F Space -2 0 90 50 140 50
Space A 2 3 50 100 160 110
A Space -2 -3 100 50 140 40
Space S 2 2 50 60 570 520
S O 1 -7 60 60 250 190
O L -1 0 60 20 210 150
L Back 2 -4 20 100 490 470
Back F -2 9 100 80 150 50
F T 1 -1 80 80 680 600
T W 0 3 80 60 150 70
W A -1 1 60 80 170 110
A R 1 -3 80 50 110 30
R E 0 1 50 70 120 70
E Space -3 -1 70 20 150 80
Space C 1 1 20 100 480 460
C O 2 -6 100 50 170 70
O M -2 2 50 40 170 120
M A 1 6 40 60 142 102
A P 1 -9 60 60 70 10
P N -2 4 60 60 230 170
N Y 2 0 60 60 210 150
Y Space -3 2 60 40 240 180
Space Back 4 -9 40 60 720 680
Back Back 0 0 60 70 180 120
Back Back 0 0 70 60 200 130
Back Back 0 0 60 50 150 90
Back Back 0 0 50 80 410 360
Back P -1 3 80 50 550 470
P A -1 9 50 110 110 60
A N -1 -5 110 50 160 50
N Y 2 0 50 50 200 150
Y Space -3 2 50 70 220 170
Space W 3 2 70 50 750 680
W H -1 -4 50 50 100 50
H E 1 3 50 100 110 60
E R 0 -1 100 60 200 100
R E 0 1 60 70 140 80
E Space -3 -1 70 60 140 70
Space W 3 2 60 100 110 50
W E 0 -1 100 90 230 130
E Space -3 -1 90 70 170 80
Space C 1 1 70 50 160 90
C O 2 -6 50 60 160 110
O L -1 0 60 80 350 290
L Back 2 -4 80 80 410 330
Back U -1 6 80 60 520 440
U L -1 -2 60 60 220 160
L D 0 6 60 90 100 40
D Space -2 -1 90 50 110 20
Space P 3 -6 50 60 390 340
P E 0 7 60 100 100 40
E R 0 -1 100 80 200 100
R F -1 0 80 60 180 100
F O 1 -5 60 60 100 40
O R 0 5 60 100 100 40
R M -2 -3 100 30 120 20
M Space -1 3 30 30 150 120
Space Back 4 -9 30 230 3330 3300
Back Back 0 0 230 70 380 150
Back Back 0 0 70 60 180 110
Back Back 0 0 60 60 160 100
Back Back 0 0 60 60 190 130
Back Back 0 0 60 40 190 130
Back Back 0 0 40 30 150 110
Back Back 0 0 30 40 460 430
Back I -1 5 40 70 510 470
I N -2 2 70 50 300 230
N N 0 0 50 40 120 70
N O 2 -3 40 60 190 150
O V -2 5 60 50 320 260
V A 1 3 50 110 150 100
A T 1 -4 110 60 120 10
T E 0 2 60 100 140 80
E Space -3 -1 100 60 90 -10
Space N 1 -2 60 60 2180 2120
N E 2 3 60 90 140 80
E W 0 1 90 80 170 80
W Space -3 -2 80 50 120 40
Space T 3 -1 50 120 520 470
T H -1 -1 120 40 100 -20
H I 1 -2 40 69 140 100
I N -2 2 69 50 192 123
N G 1 1 50 90 170 120
G S 0 3 90 100 100 10
S Space -2 -2 100 70 260 160
Space A 2 3 70 90 200 130
A N -1 -5 90 70 120 30
N D 1 3 70 90 110 40
D Space -2 -1 90 40 110 20
Space Back 4 -9 40 70 490 450
Back Back 0 0 70 40 160 90
Back Back 0 0 40 80 100 60
Back Back 0 0 80 50 140 60
Back Back 0 0 50 50 560 510
Back OemPeriod -3 4 50 40 310 260
OemPeriod Space -1 5 40 40 3940 3900
Space Capital 2 4 40 110 4200 4160
Capital H 0 -6 110 60 500 390
H Capital 0 6 60 50 150 90
Capital A 0 -1 50 100 310 260
A R 1 -3 100 50 130 30
R D -1 1 50 60 140 90
D W 1 1 60 80 620 560
W O 0 -7 80 80 180 100
O R 0 5 80 80 170 90
R K -1 -4 80 50 110 30
K Space -2 4 50 60 190 140
Space A 2 3 60 90 110 50
A N -1 -5 90 60 170 80
N D 1 3 60 50 110 50
D Space -2 -1 50 40 90 40
Space D 2 1 40 100 630 590
D I 1 -5 100 60 190 90
I L -1 -1 60 80 200 140
L I 1 1 80 60 200 120
I G -1 3 60 70 330 270
G E 1 2 70 70 150 80
E N -2 -3 70 60 110 40
N C 0 3 60 90 120 60
C E 2 0 90 80 200 110
E Space -3 -1 80 30 40 -40
Space Space 0 0 30 80 2310 2280
Space A 2 3 80 70 1320 1240
A N -1 -5 70 50 130 60
N D 1 3 50 50 150 100
D Space -2 -1 50 60 20 -30
Space T 3 -1 60 70 320 260
T E 0 2 70 90 80 10
E M -2 -4 90 30 300 210
M Space -1 3 30 40 760 730
Space Back 4 -9 40 60 440 400
Back Back 0 0 60 160 100 40
Back A -2 12 160 100 580 420
A M -1 -6 100 50 180 80
M Space -1 3 50 50 150 100
Space W 3 2 50 80 120 70
W O 0 -7 80 50 180 100
O R 0 5 50 50 190 140
R K -1 -4 50 60 70 20
K Space -2 4 60 50 190 130
Space Back 4 -9 50 110 2040 1990
Back Oemcomma -3 5 110 30 950 840
Oemcomma Space -1 4 30 50 180 150
Space A 2 3 50 100 2550 2500
A L 0 -8 100 50 180 80
L O 1 0 50 50 160 110
O N -2 3 50 50 190 140
N G 1 1 50 100 140 90
G Space -2 1 100 70 80 -20
Space W 3 2 70 90 230 160
W I 0 -6 90 50 110 20
I T 0 3 50 80 240 190
T H -1 -1 80 80 150 70
H Space -2 2 80 50 210 130
Space A 2 3 50 60 1540 1490
A Space -2 -3 60 60 110 50
Space P 3 -6 60 60 290 230
P L -1 1 60 50 150 90
L A 0 8 50 80 120 70
A N -1 -5 80 40 140 60
N N 0 0 40 50 100 60
N I 2 -2 50 60 180 130
I N -2 2 60 60 150 90
N G 1 1 60 70 150 90
G Space -2 1 70 40 60 -10
Space W 3 2 40 80 490 450
W O 0 -7 80 50 200 120
O U 0 2 50 50 170 120
U L -1 -2 50 50 190 140
L D 0 6 50 50 120 70
D Space -2 -1 50 50 90 40
Space H 2 -2 50 50 1610 1560
H E 1 3 50 100 170 120
E L -1 -6 100 50 130 30
L P 1 -1 50 50 170 120
P Space -3 6 50 50 210 160
Space M 1 -3 50 40 170 120
M E 2 4 40 90 100 60
E Space -3 -1 90 40 80 -10
Space A 2 3 40 100 690 650
A C -1 -2 100 102 210 110
C H 1 -3 102 50 162 60
H I 1 -2 50 70 180 130
I E 0 5 70 70 150 80
E V -2 -1 70 60 170 100
V E 2 1 60 110 100 40
E Space -3 -1 110 50 280 170
Space T 3 -1 50 40 470 420
T H -1 -1 40 50 50 10
H I 1 -2 50 50 180 130
I S -1 6 50 100 80 30
S OemPeriod -1 -7 100 60 340 240
OemPeriod Space -1 5 60 30 250 190
Space Capital 2 4 30 120 430 400
Capital A 0 -1 120 90 430 310
A Capital 0 1 90 90 210 120
Capital L 0 -9 90 60 130 40
L O 1 0 60 30 180 120
O N -2 3 30 50 160 130
N G 1 1 50 90 110 60
G Space -2 1 90 40 100 10
Space W 3 2 40 100 200 160
W I 0 -6 100 50 180 80
I T 0 3 50 80 180 130
T Space -3 1 80 60 270 190
Space Back 4 -9 60 80 570 510
Back H -2 7 80 60 300 220
H Space -2 2 60 50 180 120
Space G 2 -1 50 60 300 250
G O 1 -4 60 20 260 200
O O 0 0 20 80 110 90
O D -1 6 80 82 140 60
D Space -2 -1 82 40 122 40
Space K 2 -4 40 50 190 150
K N -1 2 50 50 150 100
N O 2 -3 50 60 190 140
O W 0 7 60 80 120 60
W L -1 -7 80 70 160 80
L E 1 6 70 102 140 70
E D -1 0 102 80 192 90
D G 0 -2 80 60 110 30
G E 1 2 60 70 140 80
E Space -3 -1 70 70 80 10
Space A 2 3 70 130 682 612
A B -1 -4 130 60 150 20
B O 2 -4 60 70 210 150
O U 0 2 70 70 180 110
U T 0 2 70 70 140 70
T Space -3 1 70 60 90 20
Space T 3 -1 60 80 130 70
T H -1 -1 80 60 100 20
H E 1 3 60 60 140 80
E Space -3 -1 60 90 80 20
Space C 1 1 90 50 210 120
C U 2 -4 50 80 90 40
U R 0 3 80 70 180 100
R R 0 0 70 80 150 80
R E 0 1 80 120 160 80
E N -2 -3 120 80 120 0
N T 2 1 80 110 120 40
T Space -3 1 110 60 100 -10
Space I 3 -4 60 50 2110 2050
I M -2 1 50 50 170 120
M P 2 -3 50 70 200 150
P R 0 6 70 70 180 110
R O 0 -5 70 50 170 100
O B -2 4 50 50 250 200
B Back 3 -8 50 70 520 470
Back V -3 9 70 72 200 130
V E 2 1 72 50 222 150
E M -2 -4 50 30 130 80
M E 2 4 30 90 80 50
E N -2 -3 90 80 100 10
N T 2 1 80 90 150 70
T S -1 3 90 90 240 150
S Space -2 -2 90 30 80 -10
Space I 3 -4 30 60 200 170
I N -2 2 60 50 170 110
N Space -1 2 50 60 140 90
Space T 3 -1 60 60 140 80
T H -1 -1 60 70 80 20
H E 1 3 70 80 130 60
E Space -3 -1 80 50 100 20
Space S 2 2 50 70 520 470
S O 1 -7 70 90 140 70
O C -2 6 90 60 140 50
C I 2 -5 60 60 160 100
I E 0 5 60 70 160 100
E R 0 -1 70 90 230 160
R Y 0 -2 90 50 220 130
Y Back 1 -7 50 70 400 350
Back Back 0 0 70 120 150 80
Back T -1 8 120 90 740 620
T Y 0 -1 90 70 130 40
Y Space -3 2 70 60 220 150
Space I 3 -4 60 80 210 150
I N -2 2 80 30 170 90
N Space -1 2 30 50 130 100
Space I 3 -4 50 50 220 170
I N -2 2 50 50 160 110
N Back 3 -7 50 60 710 660
Back Back 0 0 60 60 140 80
Back Back 0 0 60 55 622 562
Back Back 0 0 55 50 152 97
Back Back 0 0 50 60 460 410
Back T -1 8 60 70 730 670
T O 0 -4 70 70 80 10
O Space -3 5 70 50 190 120
Space I 3 -4 50 50 190 140
I N -2 2 50 60 160 110
N C 0 3 60 90 150 90
C O 2 -6 90 50 360 270
O R 0 5 50 90 150 100
R P 0 -6 90 70 300 210
P O 0 1 70 60 340 270
O R 0 5 60 60 180 120
R A -1 3 60 80 250 190
A T 1 -4 80 50 130 50
T E 0 2 50 80 100 50
E Space -3 -1 80 40 140 60
Space W 3 2 40 100 1072 1032
W O 0 -7 100 60 120 20
O U 0 2 60 50 210 150
U L -1 -2 50 50 200 150
L D 0 6 50 80 70 20
D Space -2 -1 80 50 120 40
Space Back 4 -9 50 70 870 820
Back H -2 7 70 60 280 210
H E 1 3 60 70 100 40
E L -1 -6 70 59 130 60
L OemOpenBrackets 1 -2 59 20 182 123
OemOpenBrackets OemPeriod -2 2 20 60 220 200
OemPeriod Back 3 -4 60 80 830 770
Back Back 0 0 80 50 260 180
Back Back 0 0 50 50 370 320
Back Back 0 0 50 40 190 140
Back Back 0 0 40 60 180 140
Back Space -4 9 60 70 380 320
Space H 2 -2 70 80 290 220
H E 1 3 80 80 110 30
E L -1 -6 80 50 400 320
L OemPeriod -1 0 50 70 450 400
OemPeriod Back 3 -4 70 40 1090 1020
Back Back 0 0 40 10 140 100
Back L -2 4 10 50 810 800
L P 1 -1 50 70 760 710
P OemPeriod -2 1 70 40 1120 1050
OemPeriod Space -1 5 40 60 2260 2220
Space Capital 2 4 60 100 2550 2490
Capital Y 1 -6 100 70 140 40
Y E 0 3 70 100 300 230
E Capital -1 3 100 100 450 350
Capital Back 2 -13 100 90 480 380
Back E -1 10 90 110 320 230
E S -1 1 110 90 170 60
S Space -2 -2 90 60 130 40
Space Capital 2 4 60 90 610 550
Capital U 1 -7 90 80 220 130
U Capital -1 7 80 100 120 40
Capital B -1 -5 100 50 110 10
B Space -1 1 50 50 150 100
Space I 3 -4 50 70 200 150
I S -1 6 70 40 110 40
S Space -2 -2 40 70 110 70
Space A 2 3 70 70 170 100
A Space -2 -3 70 50 110 40
Space Back 4 -9 50 50 1110 1060
Back Back 0 0 50 40 150 100
Back Back 0 0 40 40 140 100
Back Back 0 0 40 50 110 70
Back Back 0 0 50 50 140 90
Back Back 0 0 50 30 140 90
Back Capital -2 13 30 90 222 192
Capital Back 2 -13 90 60 480 390
Back B -3 8 60 50 410 350
B Capital 1 5 50 80 140 90
Capital Space -2 -4 80 40 120 40
Space P 3 -6 40 72 640 600
P R 0 6 72 70 182 110
R O 0 -5 70 60 190 120
O V -2 5 60 80 180 120
V I 2 -4 80 70 160 80
I S -1 6 70 70 150 80
S E 1 -1 70 100 170 100
E D -1 0 100 50 220 120
D Back 2 -10 50 50 380 330
Back Back 0 0 50 80 140 90
Back Back 0 0 80 60 150 70
Back D -2 10 60 70 680 620
D E 1 0 70 90 160 90
E S -1 1 90 60 190 100
S Space -2 -2 60 70 80 20
Space A 2 3 70 110 170 100
A Space -2 -3 110 40 140 30
Space W 3 2 40 60 1180 1140
W I 0 -6 60 70 140 80
I D -1 5 70 92 110 40
D E 1 0 92 70 192 100
E Space -3 -1 70 50 80 10
Space S 2 2 50 30 1200 1150
S E 1 -1 30 60 140 110
E T 0 -2 60 60 130 70
T Space -3 1 60 80 210 150
Space O 3 -5 80 80 220 140
O F -1 5 80 80 100 20
F Space -2 0 80 60 120 40
Space O 3 -5 60 70 230 170
O P 0 -1 70 50 140 70
P T 0 5 50 80 230 180
T I 0 -3 80 50 110 30
I O 0 -1 50 40 150 100
O N -2 3 40 50 160 120
N Space -1 2 50 80 150 100
Space S 2 2 80 50 40 -40
S W 1 0 50 90 360 310
W H -1 -4 90 60 190 100
H E 1 3 60 60 240 180
E Back 1 -10 60 70 310 250
Back Back 0 0 70 60 150 80
Back Back 0 0 60 20 250 190
Back Back 0 0 20 40 120 100
Back Back 0 0 40 30 140 100
Back S -2 11 30 90 400 370
S Space -2 -2 90 80 150 60
Space W 3 2 80 80 280 200
W H -1 -4 80 70 130 50
H E 1 3 70 110 80 10
E R 0 -1 110 50 200 90
R E 0 1 50 70 140 90
E Space -3 -1 70 70 110 40
Space W 3 2 70 80 190 120
W E 0 -1 80 80 170 90
E Space -3 -1 80 80 110 30
Space G 2 -1 80 70 330 250
G E 1 2 70 120 100 30
E T 0 -2 120 80 270 150
T Space -3 1 80 70 100 20
Space T 3 -1 70 102 150 80
T O 0 -4 102 60 132 30
O Space -3 5 60 50 300 240
Space L 2 -5 50 60 320 270
L E 1 6 60 60 130 70
E R 0 -1 60 70 410 350
R Back 1 -9 70 90 460 390
Back A -2 12 90 100 550 460
A R 1 -3 100 100 230 130
R N -2 -2 100 20 150 50
N Space -1 2 20 50 120 100
Space N 1 -2 50 80 150 100
N E 2 3 80 80 160 80
E W 0 1 80 60 180 100
W Space -3 -2 60 60 100 40
Space I 3 -4 60 100 2860 2800
I Back 1 -5 100 100 630 530
Back Back 0 0 100 60 210 110
Back Back 0 0 60 70 150 90
Back Back 0 0 70 80 460 390
Back Back 0 0 80 40 160 80
Back M -3 6 40 50 620 580
M Back 3 -6 50 70 480 430
Back N -3 7 70 60 320 250
N E 2 3 60 50 160 100
E W 0 1 50 60 160 110
W Space -3 -2 60 40 90 30
Space T 3 -1 40 90 950 910
T H -1 -1 90 50 100 10
H I 1 -2 50 50 150 100
I N -2 2 50 50 170 120
N G 1 1 50 50 170 120
G S 0 3 50 80 100 50
S Oemcomma -1 -6 80 60 370 290
Oemcomma Space -1 4 60 60 200 140
Space S 2 2 60 100 1650 1590
S O 1 -7 100 70 190 90
O C -2 6 70 60 100 30
C I 2 -5 60 50 170 110
I A -1 7 50 90 150 100
A L 0 -8 90 50 120 30
L I 1 1 50 60 170 120
I S -1 6 60 30 110 50
S E 1 -1 30 30 190 160
E Space -3 -1 30 60 90 60
Space Back 4 -9 60 80 790 730
Back Back 0 0 80 140 170 90
Back Back 0 0 140 90 540 400
Back Z -3 12 90 100 160 70
Z E 2 -2 100 80 230 130
E Space -3 -1 80 70 100 20
Space W 3 2 70 100 130 60
W I 0 -6 100 80 140 40
I T 0 3 80 100 130 50
T H -1 -1 100 60 110 10
H Space -2 2 60 60 200 140
Space P 3 -6 60 70 570 510
P E 0 7 70 90 130 60
E O 0 -6 90 54 100 10
O L -1 0 54 80 262 208
L E 1 6 80 90 160 80
E Space -3 -1 90 40 130 40
Space Back 4 -9 40 50 650 610
Back Back 0 0 50 40 150 100
Back Back 0 0 40 10 140 100
Back Back 0 0 10 50 112 102
Back Back 0 0 50 40 120 70
Back Back 0 0 40 50 130 90
Back Back 0 0 50 40 130 80
Back Back 0 0 40 40 140 100
Back Back 0 0 40 80 150 110
Back Back 0 0 80 50 200 120
Back Back 0 0 50 70 260 210
Back Back 0 0 70 50 740 670
Back Oemcomma -3 5 50 30 1400 1350
Oemcomma Space -1 4 30 40 140 110
Space M 1 -3 40 50 310 270
M A 1 6 50 100 100 50
A K 0 -7 100 50 150 50
K E 1 5 50 100 110 60
E Space -3 -1 100 55 90 -10
Space N 1 -2 55 60 162 107
N E 2 3 60 70 130 70
E W 0 1 70 70 160 90
W Space -3 -2 70 72 90 20
Space I 3 -4 72 80 232 160
I Back 1 -5 80 50 560 480
Back Back 0 0 50 70 1150 1100
Back C -3 10 70 60 190 120
C N 0 -3 60 50 280 220
N N 0 0 50 40 130 80
N E 2 3 40 100 70 30
E C -2 0 100 100 230 130
C T 2 -2 100 70 280 180
T I 0 -3 70 50 60 -10
I O 0 -1 50 30 160 110
O N -2 3 30 50 150 120
N S 1 4 50 90 100 50
S Space -2 -2 90 50 140 50
Space Back 4 -9 50 70 980 930
Back Back 0 0 70 20 160 90
Back Back 0 0 20 30 120 100
Back Back 0 0 30 50 130 100
Back Back 0 0 50 50 120 70
Back Back 0 0 50 50 130 80
Back Back 0 0 50 40 140 90
Back Back 0 0 40 50 130 90
Back Back 0 0 50 40 140 90
Back Back 0 0 40 30 130 90
Back Back 0 0 30 50 130 100
Back Space -4 9 50 60 530 480
Space C 1 1 60 100 120 60
C I 2 -5 100 60 190 90
I Back 1 -5 60 60 500 440
Back O -1 4 60 50 280 220
O N -2 3 50 40 220 170
N N 0 0 40 50 130 90
N E 2 3 50 80 100 50
E C -2 0 80 80 220 140
C I 2 -5 80 30 330 250
I O 0 -1 30 10 140 110
O Back 1 -4 10 90 480 470
Back Back 0 0 90 50 840 750
Back T -1 8 50 80 170 120
T I 0 -3 80 50 190 110
I O 0 -1 50 30 150 100
O N -2 3 30 30 180 150
N S 1 4 30 60 140 110
S Space -2 -2 60 40 70 10
Space Back 4 -9 40 50 400 360
Back Oemcomma -3 5 50 50 290 240
Oemcomma Space -1 4 50 80 180 130
Space E 3 1 80 110 90 10
E X -2 1 110 70 230 120
X C 0 -1 70 80 180 110
C H 1 -3 80 50 100 20
H A 0 5 50 110 170 120
A N -1 -5 110 70 30 -80
N G 1 1 70 40 230 160
G E 1 2 40 80 60 20
E Space -3 -1 80 60 130 50
Space K 2 -4 60 60 360 300
K N -1 2 60 50 170 110
N O 2 -3 50 70 180 130
O W 0 7 70 90 100 30
W L -1 -7 90 60 140 50
L E 1 6 60 120 130 70
E D -1 0 120 70 330 210
D G 0 -2 70 60 200 130
G E 1 2 60 90 110 50
E OemPeriod -2 -6 90 60 1290 1200
OemPeriod Space -1 5 60 90 1560 1500
Space Capital 2 4 90 70 6454 6364
Capital I 1 -8 70 80 140 70
I Capital -1 8 80 130 150 70
Capital T 1 -5 130 40 120 -10
T S -1 3 40 100 280 240
S Back 2 -11 100 50 1050 950
Back Space -4 9 50 80 280 230
Space Back 4 -9 80 50 540 460
Back Oem1 -2 3 50 40 490 440
Oem1 Back 2 -3 40 40 600 560
Back Oem7 -2 2 40 50 400 360
Oem7 S 0 9 50 80 190 140
S Space -2 -2 80 50 120 40
Space A 2 3 50 100 300 250
A Space -2 -3 100 60 150 50
Space M 1 -3 60 50 500 440
M X 0 5 50 80 330 280
X T 2 -3 80 110 270 190
T U 0 -2 110 60 150 40
U R 0 3 60 60 140 80
R E 0 1 60 80 140 80
E Space -3 -1 80 60 110 30
Space Back 4 -9 60 60 650 590
Back Back 0 0 60 50 150 90
Back Back 0 0 50 30 150 100
Back Back 0 0 30 50 100 70
Back Back 0 0 50 50 140 90
Back Back 0 0 50 50 470 420
Back I -1 5 50 60 540 490
I X -2 6 60 90 160 100
X T 2 -3 90 40 240 150
T U 0 -2 40 50 170 130
U R 0 3 50 40 180 130
R E 0 1 40 90 110 70
E Space -3 -1 90 50 140 50
Space O 3 -5 50 60 410 360
O F -1 5 60 70 130 70
F Space -2 0 70 50 110 40
Space B 1 -1 50 70 170 120
B O 2 -4 70 70 200 130
O T 0 4 70 100 130 60
T H -1 -1 100 60 110 10
H Space -2 2 60 40 210 150
Space Back 4 -9 40 60 480 440
Back OemPeriod -3 4 60 40 410 350
OemPeriod Space -1 5 40 60 200 160
Space Capital 2 4 60 130 550 490
Capital B -1 -5 130 50 1830 1700
B Capital 1 5 50 100 120 70
Capital O 1 -9 100 90 150 50
O T 0 4 90 80 180 90
T H -1 -1 80 60 100 20
H Space -2 2 60 60 200 140
Space O 3 -5 60 90 510 450
O F -1 5 90 90 120 30
F Space -2 0 90 80 120 30
Space T 3 -1 80 90 120 40
T H -1 -1 90 40 140 50
H E 1 3 40 90 100 60
E M -2 -4 90 55 110 20
M Space -1 3 55 50 162 107
Space A 2 3 50 100 200 150
A R 1 -3 100 70 160 60
R E 0 1 70 70 120 50
E Space -3 -1 70 80 130 60
Space C 1 1 80 80 100 20
C R 2 -1 80 70 220 140
R U 0 -3 70 50 110 40
U C -2 4 50 70 200 150
C U 2 -4 70 40 150 80
U Back 1 -6 40 50 440 400
Back I -1 5 50 60 670 620
I A -1 7 60 80 230 170
A L 0 -8 80 20 100 20
L L 0 0 20 50 110 90
L Y 1 3 50 60 260 210
Y Space -3 2 60 40 90 30
Space I 3 -4 40 50 200 160
I M -2 1 50 60 160 110
M P 2 -3 60 50 200 140
P O 0 1 50 60 130 80
O R 0 5 60 70 180 120
R T 0 -1 70 60 120 50
T A -1 4 60 50 200 140
A N -1 -5 50 50 60 10
N T 2 1 50 60 200 150
T Back 1 -8 60 260 2350 2290
Back T -1 8 260 80 970 710
T OemPeriod -2 -4 80 40 240 160
OemPeriod Space -1 5 40 50 230 190
Space Capital 2 4 50 90 410 360
Capital H 0 -6 90 50 400 310
H Capital 0 6 50 130 110 60
Capital A 0 -1 130 110 230 100
A R 1 -3 110 50 100 -10
R D -1 1 50 40 170 120
D Space -2 -1 40 50 790 750
Space O 3 -5 50 60 260 210
O Back 1 -4 60 110 540 480
Back W -1 11 110 100 240 130
W O 0 -7 100 80 370 270
O R 0 5 80 80 160 80
R K -1 -4 80 50 120 40
K Space -2 4 50 70 160 110
Space A 2 3 70 100 150 80
A L 0 -8 100 70 320 220
L O 1 0 70 60 170 100
O N -2 3 60 62 200 140
N G 1 1 62 90 152 90
G Space -2 1 90 70 80 -10
Space W 3 2 70 80 210 140
W I 0 -6 80 70 120 40
I T 0 3 70 60 170 100
T H -1 -1 60 50 80 20
H Space -2 2 50 50 180 130
Space L 2 -5 50 50 490 440
L U 1 2 50 60 230 180
U C -2 4 60 40 170 110
C K 1 -5 40 20 180 140
K Space -2 4 20 30 180 160
Space T 3 -1 30 70 1020 990
T O 0 -4 70 30 100 30
O Space -3 5 30 50 160 130
Space A 2 3 50 70 112 62
A C -1 -2 70 90 220 150
C H 1 -3 90 50 170 80
H I 1 -2 50 50 170 120
I E 0 5 50 10 290 240
E V -2 -1 10 60 160 150
V E 2 1 60 100 130 70
E Space -3 -1 100 40 110 10
Space I 3 -4 40 90 650 610
I T 0 3 90 70 120 30
T Space -3 1 70 60 180 110
Space I 3 -4 60 60 1210 1150
I S -1 6 60 60 130 70
S Space -2 -2 60 60 120 60
Space A 2 3 60 70 160 100
A Space -2 -3 70 70 100 30
Space Back 4 -9 70 60 5470 5400
Back Back 0 0 60 30 220 160
Back Back 0 0 30 40 160 130
Back Back 0 0 40 60 2590 2550
Back Back 0 0 60 50 280 220
Back Back 0 0 50 100 720 670
Back Back 0 0 100 80 230 130
Back T -1 8 80 60 1970 1890
T Space -3 1 60 40 90 30
Space I 3 -4 40 80 170 130
I S -1 6 80 100 120 40
S Space -2 -2 100 70 110 10
Space T 3 -1 70 80 170 100
T H -1 -1 80 60 90 10
H E 1 3 60 90 410 350
E Space -3 -1 90 50 140 50
Space A 2 3 50 100 280 230
A N -1 -5 100 60 310 210
N S 1 4 60 70 150 90
S W 1 0 70 70 190 120
W E 0 -1 70 90 160 90
E R 0 -1 90 90 170 80
R Space -3 0 90 50 140 50
Space I 3 -4 50 100 210 160
I Space -3 4 100 60 380 280
Space Back 4 -9 60 60 540 480
Back Back 0 0 60 50 160 100
Back Capital -2 13 50 80 220 170
Capital I 1 -8 80 70 370 290
I Capital -1 8 70 110 120 50
Capital Space -2 -4 110 50 130 20
Space W 3 2 50 80 130 80
W O 0 -7 80 70 100 20
O U 0 2 70 60 190 120
U L -1 -2 60 80 200 140
L D 0 6 80 90 90 10
D Space -2 -1 90 60 140 50
Space S 2 2 60 90 180 120
S A 0 1 90 90 190 100
A Y 1 -5 90 50 100 10
Y OemPeriod -2 -3 50 40 460 410
OemPeriod Capital 1 9 40 20 16850 16810
Capital T 1 -5 20 60 230 210
T Capital -1 5 60 80 120 60
Capital H 0 -6 80 70 150 70
H E 1 3 70 80 150 80
E Space -3 -1 80 50 120 40
Space P 3 -6 50 70 550 500
P I 0 2 70 80 180 110
I C -2 5 80 90 100 20
C T 2 -2 90 90 330 240
T U 0 -2 90 70 120 30
U R 0 3 70 70 140 70
R E 0 1 70 60 150 80
E Space -3 -1 60 50 150 90
Space R 3 0 50 80 540 490
R E 0 1 80 50 170 90
E M -2 -4 50 50 120 70
M I 2 -1 50 60 150 100
I N -2 2 60 60 160 100
N F 1 2 60 70 130 70
F Back 2 -9 70 80 430 360
Back D -2 10 80 80 110 30
D S 0 1 80 60 180 100
S Space -2 -2 60 60 100 40
Space M 1 -3 60 50 300 240
M E 2 4 50 90 100 50
E Space -3 -1 90 20 100 10
Space O 3 -5 20 60 190 170
O F -1 5 60 90 100 40
F Space -2 0 90 80 110 20
Space T 3 -1 80 80 150 70
T H -1 -1 80 70 110 30
H E 1 3 70 10 170 100
E Space -3 -1 10 62 50 40
Space Capital 2 4 62 80 282 220
Capital H 0 -6 80 50 230 150
H U 1 -1 50 70 700 650
U D -1 4 70 70 480 410
D OemMinus 2 -8 70 60 390 320
OemMinus H -2 5 60 50 310 250
H U 1 -1 50 70 130 80
U D -1 4 70 80 110 40
D Space -2 -1 80 40 170 90
Space Capital 2 4 40 50 230 190
Capital S 0 -2 50 90 760 710
S T 1 -3 90 70 280 190
T O 0 -4 70 50 120 50
O R 0 5 50 70 130 80
R M -2 -3 70 50 140 70
M Space -1 3 50 50 150 100
Space W 3 2 50 80 130 80
W H -1 -4 80 60 120 40
H I 1 -2 60 60 170 110
I C -2 5 60 80 100 40
C H 1 -3 80 70 110 30
H Space -2 2 70 60 180 110
Space T 3 -1 60 60 350 290
T O 0 -4 60 40 270 210
O K -1 1 40 80 320 280
K Back 2 -5 80 80 500 420
Back O -1 4 80 50 330 250
O K -1 1 50 50 170 120
K Space -2 4 50 50 170 120
Space P 3 -6 50 60 480 430
P L -1 1 60 50 150 90
L A 0 8 50 50 160 110
A C -1 -2 50 70 100 50
C E 2 0 70 70 140 70
E Space -3 -1 70 40 60 -10
Space I 3 -4 40 80 210 170
I N -2 2 80 50 180 100
N Space -1 2 50 50 150 100
Space M 1 -3 50 50 900 850
M Y 2 1 50 60 1820 1770
Y Space -3 2 60 50 230 170
Space A 2 3 50 100 600 550
A R 1 -3 100 70 130 30
R E 0 1 70 70 180 110
E Back 1 -10 70 170 590 520
Back Back 0 0 170 60 250 80
Back Back 0 0 60 70 150 90
Back Capital -2 13 70 70 4750 4680
Capital S 0 -2 70 90 220 150
S Capital 0 2 90 120 180 90
Capital T 1 -5 120 50 870 750
T A -1 4 50 80 100 50
A T 1 -4 80 60 90 10
T E 0 2 60 80 140 80
E OemPeriod -2 -6 80 60 600 520
OemPeriod Space -1 5 60 50 400 340
Space Capital 2 4 50 80 2621 2571
Capital T 1 -5 80 60 1140 1060
T Capital -1 5 60 100 120 60
Capital H 0 -6 100 50 180 80
H E 1 3 50 90 120 70
E Space -3 -1 90 50 140 50
Space S 2 2 50 90 510 460
S C -1 -1 90 80 200 110
C E 2 0 80 70 180 100
E N -2 -3 70 80 160 90
N E 2 3 80 90 60 -20
E Space -3 -1 90 70 150 60
Space L 2 -5 70 70 682 612
L O 1 0 70 50 510 440
O O 0 0 50 50 120 70
O K -1 1 50 50 140 90
K S 0 6 50 70 160 110
S Space -2 -2 70 60 90 20
Space L 2 -5 60 50 240 180
L I 1 1 50 50 160 110
I K -1 0 50 50 150 100
K E 1 5 50 80 100 50
E Space -3 -1 80 50 110 30
Space T 3 -1 50 90 340 290
T H -1 -1 90 70 110 20
H E 1 3 70 90 130 60
E R 0 -1 90 90 170 80
R E 0 1 90 70 150 60
E Space -3 -1 70 70 120 50
Space I 3 -4 70 90 660 590
I S -1 6 90 80 120 30
S Space -2 -2 80 50 130 50
Space A 2 3 50 60 160 110
A Space -2 -3 60 40 110 50
Space N 1 -2 40 70 4150 4110
N A 1 5 70 70 120 50
A T 1 -4 70 50 180 110
T U 0 -2 50 60 220 170
U R 0 3 60 92 170 110
R A -1 3 92 80 262 170
A L 0 -8 80 50 100 20
L Space -2 5 50 50 190 140
Space D 2 1 50 70 140 90
D I 1 -5 70 80 130 60
I S -1 6 80 70 150 70
S A 0 1 70 100 990 920
A S 0 -1 100 20 330 230
S T 1 -3 20 50 230 210
T E 0 2 50 70 130 80
E R 0 -1 70 70 170 100
R Space -3 0 70 50 100 30
Space L 2 -5 50 50 1630 1580
L I 1 1 50 50 160 110
I K -1 0 50 50 150 100
K E 1 5 50 90 90 40
E Space -3 -1 90 60 120 30
Space F 2 0 60 50 3850 3790
F L 0 -5 50 50 140 90
L O 1 0 50 60 150 100
O O 0 0 60 50 130 70
O D -1 6 50 60 220 170
D Space -2 -1 60 50 150 90
Space W 3 2 50 80 2000 1950
W H -1 -4 80 30 120 40
H E 1 3 30 100 90 60
E R 0 -1 100 60 220 120
R E 0 1 60 30 150 90
E Space -3 -1 30 58 130 100
Space E 3 1 58 70 492 434
E V -2 -1 70 50 150 80
V R 2 0 50 100 320 270
R Y 0 -2 100 60 270 170
Y T 0 1 60 70 130 70
T H -1 -1 70 50 90 20
H I 1 -2 50 30 180 130
I N -2 2 30 50 150 120
N G 1 1 50 70 160 110
G Space -2 1 70 50 140 70
Space I 3 -4 50 56 620 570
I S -1 6 56 60 92 36
S Space -2 -2 60 50 150 90
Space Back 4 -9 50 50 970 920
Back Back 0 0 50 40 250 200
Back Back 0 0 40 30 140 100
Back Back 0 0 30 40 110 80
Back Back 0 0 40 30 120 80
Back Back 0 0 30 60 110 80
Back Back 0 0 60 50 130 70
Back Back 0 0 50 50 130 80
Back Back 0 0 50 30 140 90
Back Back 0 0 30 50 310 280
Back Back 0 0 50 50 540 490
Back E -1 10 50 80 550 500
E R 0 -1 80 70 230 150
R Y 0 -2 70 70 1370 1300
Y T 0 1 70 80 120 50
T H -1 -1 80 50 90 10
H I 1 -2 50 50 160 110
I N -2 2 50 50 160 110
N G 1 1 50 80 90 40
G Space -2 1 80 40 60 -20
Space I 3 -4 40 40 190 150
I S -1 6 40 50 130 90
S Space -2 -2 50 60 70 20
Space S 2 2 60 80 160 100
S H 0 -4 80 60 70 -10
H A 0 5 60 77 150 90
A T 1 -4 77 50 122 45
T T 0 0 50 70 110 60
T E 0 2 70 80 120 50
E R 0 -1 80 100 170 90
R E 0 1 100 90 190 90
E D -1 0 90 90 150 60
D Space -2 -1 90 80 120 30
Space A 2 3 80 90 140 60
A B -1 -4 90 40 110 20
B D 1 2 40 60 130 90
D Space -2 -1 60 120 40 -20
Space P 3 -6 120 50 510 390
P E 0 7 50 80 120 70
E O 0 -6 80 40 150 70
O P 0 -1 40 40 130 90
P L -1 1 40 60 110 70
L E 1 6 60 60 140 80
E Space -3 -1 60 40 110 50
Space Back 4 -9 40 40 3050 3010
Back N -3 7 40 50 280 240
N A 1 5 50 70 1910 1860
A R 1 -3 70 80 110 40
R E 0 1 80 100 130 50
E Space -3 -1 100 65 110 10
Space M 1 -3 65 50 952 887
M O 2 -2 50 60 200 150
O V -2 5 60 100 170 110
V I 2 -4 100 50 150 50
I N -2 2 50 40 190 140
N G 1 1 40 60 100 60
G Space -2 1 60 50 70 10
Space A 2 3 50 60 280 230
A W 1 -1 60 60 190 130
W A -1 1 60 90 160 100
A Y 1 -5 90 70 120 30
Y Space -3 2 70 30 220 150
Space T 3 -1 30 80 680 650
T H -1 -1 80 80 100 20
H R 1 2 80 60 140 60
R O 0 -5 60 70 160 100
O U 0 2 70 60 190 120
U G -1 2 60 60 140 80
G H 0 -1 60 50 120 60
H Space -2 2 50 50 200 150
Space Back 4 -9 50 0 26020 25970
Back M -3 6 0 50 1420 1420
M Y 2 1 50 50 190 140
Y Space -3 2 50 60 190 140
Space T 3 -1 60 90 130 70
T R 0 1 90 60 190 100
R I 0 -4 60 50 150 90
I P 0 -2 50 40 160 110
P Space -3 6 40 30 220 180
Space T 3 -1 30 70 460 430
T P 0 -5 70 40 150 80
P Back 1 -3 40 50 620 580
Back O -1 4 50 50 570 520
O Space -3 5 50 50 170 120
Space K 2 -4 50 50 150 100
K A 0 7 50 70 130 80
A S 0 -1 70 60 170 100
S H 0 -4 60 40 90 30
H I 1 -2 40 50 340 300
I R 0 4 50 80 120 70
R Back 1 -9 80 50 960 880
Back Back 0 0 50 60 490 440
Back M -3 6 60 40 610 550
M I 2 -1 40 60 170 130
I R 0 4 60 70 150 90
R OemPeriod -2 -5 70 50 380 310
OemPeriod Space -1 5 50 30 220 170
Space Capital 2 4 30 90 392 362
Capital Back 2 -13 90 50 590 500
Back Back 0 0 50 50 150 100
Back Back 0 0 50 20 140 90
Back Back 0 0 20 40 120 100
Back Back 0 0 40 100 340 300
Back Back 0 0 100 90 1160 1060
Back Back 0 0 90 80 200 110
Back S -2 11 80 90 1180 1100
S H 0 -4 90 0 250 160
H M -1 -1 0 80 300 300
M I 2 -1 80 60 510 430
I R 0 4 60 70 140 80
R OemPeriod -2 -5 70 50 310 240
OemPeriod Space -1 5 50 30 230 180
Space Back 4 -9 30 50 770 740
Back Back 0 0 50 60 130 80
Back Back 0 0 60 30 160 100
Back Back 0 0 30 40 110 80
Back Back 0 0 40 50 130 90
Back Back 0 0 50 30 140 90
Back Back 0 0 30 30 130 100
Back Back 0 0 30 50 100 70
Back Capital -2 13 50 60 680 630
Capital A 0 -1 60 50 380 320
A S 0 -1 50 30 320 270
S H 0 -4 30 50 130 100
H M -1 -1 50 30 550 500
M I 2 -1 30 40 140 110
I R 0 4 40 50 140 100
R OemPeriod -2 -5 50 40 250 200
OemPeriod Space -1 5 40 30 240 200
Space Capital 2 4 30 100 3450 3420
Capital T 1 -5 100 60 600 500
T Capital -1 5 60 60 160 100
Capital H 0 -6 60 50 70 10
H E 1 3 50 110 140 90
E Space -3 -1 110 50 110 0
Space S 2 2 50 40 500 450
S C -1 -1 40 40 140 100
C E 2 0 40 70 140 100
E N -2 -3 70 50 170 100
N E 2 3 50 80 90 40
E Space -3 -1 80 40 110 30
Space L 2 -5 40 70 250 210
L O 1 0 70 70 250 180
O O 0 0 70 40 140 70
O K -1 1 40 40 140 100
K S 0 6 40 80 110 70
S Space -2 -2 80 50 100 20
Space L 2 -5 50 50 240 190
L I 1 1 50 50 170 120
I K -1 0 50 49 160 110
K E 1 5 49 60 102 53
E Space -3 -1 60 50 100 40
Space A 2 3 50 80 240 190
A Space -2 -3 80 30 130 50
Space L 2 -5 30 20 652 622
L O 1 0 20 70 130 110
O C -2 6 70 70 120 50
C A 1 2 70 70 250 180
A L 0 -8 70 40 420 350
L I 1 1 40 50 162 122
I T 0 3 50 80 130 80
T Y 0 -1 80 50 170 90
Y Space -3 2 50 20 230 180
Space O 3 -5 20 60 650 630
O F -1 5 60 80 170 110
F Space -2 0 80 60 90 10
Space P 3 -6 60 50 260 200
P E 0 7 50 70 690 640
E O 0 -6 70 20 200 130
O P 0 -1 20 40 120 100
P L -1 1 40 50 130 90
L E 1 6 50 70 120 70
E Space -3 -1 70 50 120 50
Space E 3 1 50 50 220 170
E N -2 -3 50 40 300 250
N J 1 -1 40 40 400 360
J O 1 -2 40 60 150 110
O Y 0 3 60 30 260 200
Y I 0 -2 30 40 150 120
I N -2 2 40 40 180 140
N G 1 1 40 80 90 50
G Space -2 1 80 60 70 -10
Space T 3 -1 60 70 190 130
T H -1 -1 70 50 100 30
H E 1 3 50 70 150 100
E Space -3 -1 70 30 140 70
Space S 2 2 30 60 350 320
S N -1 -4 60 50 170 110
N O 2 -3 50 60 180 130
O W 0 7 60 50 160 100
W Space -3 -2 50 70 120 70
Space A 2 3 70 50 170 100
A N -1 -5 50 40 110 60
N Space -1 2 40 30 240 200
Space Back 4 -9 30 20 600 570
Back D -2 10 20 70 100 80
D Space -2 -1 70 80 120 50
Space C 1 1 80 40 110 30
C Back 3 -10 40 50 550 510
Back T -1 8 50 100 250 200
T H -1 -1 100 30 120 20
H E 1 3 30 70 130 100
E Space -3 -1 70 20 80 10
Space C 1 1 20 60 140 120
C O 2 -6 60 50 130 70
O L -1 0 50 50 140 90
L L 0 0 50 30 150 100
L Space -2 5 30 40 190 160
Space Back 4 -9 40 30 432 392
Back Back 0 0 30 60 342 312
Back Back 0 0 60 70 160 100
Back O -1 4 70 50 550 480
O L -1 0 50 50 150 100
L Space -2 5 50 50 190 140
Space A 2 3 50 66 200 150
A T 1 -4 66 50 232 166
T M -2 -2 50 50 280 230
M O 2 -2 50 50 160 110
O S -1 7 50 70 140 90
S P 1 -8 70 50 840 770
P H -1 4 50 40 230 180
H E 1 3 40 100 130 90
E R 0 -1 100 60 220 120
R E 0 1 60 10 170 110
E Back 1 -10 10 40 3360 3350
Back Back 0 0 40 40 122 82
Back Back 0 0 40 50 130 90
Back Back 0 0 50 20 140 90
Back Back 0 0 20 50 100 80
Back Back 0 0 50 70 130 80
Back Back 0 0 70 70 150 80
Back Capital -2 13 70 100 550 480
Capital S 0 -2 100 50 340 240
S Capital 0 2 50 90 210 160
Capital H 0 -6 90 70 150 60
H I 1 -2 70 82 600 530
I M -2 1 82 50 232 150
M L 1 -2 50 50 170 120
L A 0 8 50 60 150 100
A OemPeriod -1 -8 60 30 2630 2570
OemPeriod Capital 1 9 30 70 600 570
Capital F 0 -4 70 60 160 90
F Capital 0 4 60 70 100 40
Capital E 1 -3 70 40 150 80
E W 0 1 40 80 120 80
W Space -3 -2 80 40 190 110
Space Left 0 -7 40 50 1910 1870
Left Left 0 0 50 30 170 120
Left Left 0 0 30 40 110 80
Left Left 0 0 40 60 110 70
Left Space 0 7 60 72 490 430
Space A 2 3 72 90 1922 1850
A R 1 -3 90 80 150 60
R E 0 1 80 90 100 20
E Space -3 -1 90 90 140 50
Space E 3 1 90 90 100 10
E N -2 -3 90 60 110 20
N J 1 -1 60 60 190 130
J O 1 -2 60 60 210 150
O Y 0 3 60 70 260 200
Y I 0 -2 70 40 200 130
I N -2 2 40 50 180 140
N G 1 1 50 90 120 70
G Space -2 1 90 50 100 10
Space B 1 -1 50 40 340 290
B Y 2 -1 40 70 210 170
Y Space -3 2 70 80 240 170
Space S 2 2 80 60 2980 2900
S N -1 -4 60 70 230 170
N W 2 4 70 100 290 220
W Space -3 -2 100 60 190 90
Space S 2 2 60 70 120 60
S K 0 -6 70 40 150 80
K A 0 7 40 60 140 100
A T 1 -4 60 80 310 250
T I 0 -3 80 40 100 20
I N -2 2 40 40 180 140
N G 1 1 40 70 70 30
G Space -2 1 70 40 100 30
Space O 3 -5 40 30 2580 2540
O W 0 7 30 70 2070 2040
W H -1 -4 70 50 200 130
H I 1 -2 50 40 190 140
I L -1 -1 40 60 190 150
L E 1 6 60 60 100 40
E Space -3 -1 60 50 100 40
Space F 2 0 50 100 760 710
F E 1 1 100 80 150 50
E W 0 1 80 60 170 90
W Space -3 -2 60 50 120 60
Space A 2 3 50 80 110 60
A R 1 -3 80 70 150 70
R E 0 1 70 60 130 60
E Space -3 -1 60 40 150 90
Space H 2 -2 40 71 630 590
H A 0 5 71 70 112 41
A V -1 -3 70 50 140 70
V I 2 -4 50 50 210 160
I N -2 2 50 50 230 180
N G 1 1 50 90 160 110
G Space -2 1 90 40 100 10
Space F 2 0 40 60 440 400
F U 1 -3 60 50 190 130
U N -2 1 50 40 170 120
N Space -1 2 40 60 130 90
Space T 3 -1 60 90 130 70
T I 0 -3 90 40 130 40
I M -2 1 40 40 172 132
M E 2 4 40 60 140 100
E Space -3 -1 60 60 50 -10
Space C 1 1 60 50 360 300
C H 1 -3 50 50 130 80
H I 1 -2 50 50 190 140
I T 0 3 50 70 130 80
T Space -3 1 70 50 170 100
Space C 1 1 50 50 160 110
C H 1 -3 50 40 100 50
H A 0 5 40 70 152 112
A T 1 -4 70 50 100 30
T T 0 0 50 40 120 70
T I 0 -3 40 60 230 190
I N -2 2 60 50 180 120
N G 1 1 50 50 130 80
G OemPeriod -1 -4 50 50 300 250
OemPeriod Space -1 5 50 40 200 150
Space Back 4 -9 40 0 17760 17720
Back Capital -2 13 0 70 230 230
Capital T 1 -5 70 60 170 100
T Capital -1 5 60 80 130 70
Capital H 0 -6 80 80 80 0
H E 1 3 80 80 190 110
E Space -3 -1 80 50 90 10
Space P 3 -6 50 50 740 690
P I 0 2 50 50 180 130
I C -2 5 50 90 90 40
C T 2 -2 90 70 240 150
T U 0 -2 70 60 110 40
U R 0 3 60 90 110 50
R E 0 1 90 60 170 80
E Space -3 -1 60 70 80 20
Space I 3 -4 70 50 1350 1280
I S -1 6 50 70 80 30
S Space -2 -2 70 30 170 100
Space Back 4 -9 30 60 840 810
Back Back 0 0 60 50 140 80
Back Back 0 0 50 50 110 60
Back R -1 9 50 70 660 610
R E 0 1 70 40 180 110
E M -2 -4 40 50 70 30
M I 2 -1 50 50 170 120
I N -2 2 50 50 150 100
N D 1 3 50 60 310 260
D S 0 1 60 60 110 50
S Space -2 -2 60 50 140 80
Space M 1 -3 50 60 810 760
M E 2 4 60 70 110 50
E Space -3 -1 70 40 90 20
Space O 3 -5 40 50 2410 2370
O F -1 5 50 90 140 90
F Space -2 0 90 60 100 10
Space T 3 -1 60 70 140 80
T H -1 -1 70 60 100 30
H E 1 3 60 50 120 60
E Space -3 -1 50 50 90 40
Space Capital 2 4 50 70 240 190
Capital H 0 -6 70 70 150 80
H U 1 -1 70 60 640 570
U D -1 4 60 70 180 120
D OemMinus 2 -8 70 58 750 680
OemMinus H -2 5 58 30 482 424
H U 1 -1 30 50 150 120
U D -1 4 50 60 100 50
D Space -2 -1 60 30 150 90
Space Capital 2 4 30 60 200 170
Capital S 0 -2 60 60 270 210
S T 1 -3 60 50 190 130
T O 0 -4 50 50 290 240
O R 0 5 50 70 130 80
R M -2 -3 70 40 130 60
M Space -1 3 40 30 140 100
Space W 3 2 30 80 470 440
W H -1 -4 80 50 140 60
H I 1 -2 50 60 160 110
I C -2 5 60 82 110 50
C H 1 -3 82 40 102 20
H Space -2 2 40 50 180 140
Space T 3 -1 50 60 220 170
T O 0 -4 60 50 110 50
O O 0 0 50 30 140 90
O K -1 1 30 70 130 100
K Space -2 4 70 59 230 160
Space P 3 -6 59 40 552 493
P L -1 1 40 40 140 100
L A 0 8 40 80 120 80
A C -1 -2 80 80 140 60
C E 2 0 80 60 130 50
E Space -3 -1 60 30 70 10
Space I 3 -4 30 60 180 150
I N -2 2 60 40 170 110
N Space -1 2 40 30 130 90
Space M 1 -3 30 50 150 120
M Y 2 1 50 50 230 180
Y Space -3 2 50 50 190 140
Space L 2 -5 50 50 300 250
L O 1 0 50 70 130 80
O C -2 6 70 80 170 100
C A 1 2 80 80 210 130
A L 0 -8 80 70 100 20
L I 1 1 70 70 170 100
I T 0 3 70 80 120 50
T Y 0 -1 80 60 130 50
Y OemPeriod -2 -3 60 40 770 710
OemPeriod Space -1 5 40 40 170 130
Space Capital 2 4 40 60 220 180
Capital T 1 -5 60 50 1410 1350
T Capital -1 5 50 90 110 60
Capital H 0 -6 90 50 130 40
H E 1 3 50 70 130 80
E Space -3 -1 70 20 100 30
Space S 2 2 20 60 1260 1240
S C -1 -1 60 60 170 110
C Back 3 -10 60 60 420 360
Back Back 0 0 60 60 140 80
Back S -2 11 60 90 630 570
S C -1 -1 90 70 120 30
C E 2 0 70 70 120 50
E N -2 -3 70 40 160 90
N E 2 3 40 90 60 20
E Space -3 -1 90 40 110 20
Space L 2 -5 40 70 750 710
L O 1 0 70 50 180 110
O K -1 1 50 40 260 210
K S 0 6 40 70 160 120
S Space -2 -2 70 60 40 -30
Space L 2 -5 60 20 240 180
L I 1 1 20 30 140 120
I K -1 0 30 50 130 100
K E 1 5 50 90 80 30
E Space -3 -1 90 30 140 50
Space Back 4 -9 30 50 500 470
Back Back 0 0 50 40 150 100
Back Back 0 0 40 40 122 82
Back Back 0 0 40 50 130 90
Back Back 0 0 50 30 130 80
Back Back 0 0 30 50 100 70
Back Back 0 0 50 40 140 90
Back Back 0 0 40 50 260 220
Back O -1 4 50 50 520 470
O K -1 1 50 20 160 110
K S 0 6 20 30 140 120
S Space -2 -2 30 60 20 -10
Space L 2 -5 60 50 300 240
L I 1 1 50 40 160 110
I K -1 0 40 50 140 100
K E 1 5 50 70 90 40
E Space -3 -1 70 50 110 40
Space H 2 -2 50 50 880 830
H E 1 3 50 100 170 120
E R 0 -1 100 70 180 80
R E 0 1 70 40 120 50
E Space -3 -1 40 50 110 70
Space W 3 2 50 50 390 340
W A -1 1 50 60 180 130
A S 0 -1 60 50 160 100
S Space -2 -2 50 40 170 120
Space T 3 -1 40 50 2990 2950
T A -1 4 50 70 1640 1590
A Space -2 -3 70 90 170 100
Space N 1 -2 90 60 220 130
N A 1 5 60 60 120 60
A T 1 -4 60 70 260 200
T U 0 -2 70 80 140 70
U R 0 3 80 80 150 70
R A -1 3 80 70 230 150
A L 0 -8 70 60 120 50
L Space -2 5 60 50 190 130
Space C 1 1 50 40 800 750
C A 1 2 40 70 320 280
A L 0 -8 70 50 170 100
L A 0 8 50 70 550 500
A M -1 -6 70 60 310 240
M I 2 -1 60 90 220 160
I T 0 3 90 70 150 60
T Y 0 -1 70 50 150 80
Y Space -3 2 50 40 200 150
Space L 2 -5 40 70 200 160
L I 1 1 70 50 180 110
I K -1 0 50 50 140 90
K E 1 5 50 72 100 50
E Space -3 -1 72 70 92 20
Space F 2 0 70 70 180 110
F L 0 -5 70 50 120 50
L O 1 0 50 30 170 120
O O 0 0 30 50 110 80
O D -1 6 50 50 190 140
D Space -2 -1 50 60 70 20
Space A 2 3 60 70 190 130
A D 0 -2 70 60 240 170
D Space -2 -1 60 60 70 10
Space Back 4 -9 60 50 730 670
Back N -3 7 50 50 400 350
N D 1 3 50 90 120 70
D Space -2 -1 90 50 80 -10
Space Back 4 -9 50 50 820 770
Back Back 0 0 50 50 130 80
Back Back 0 0 50 50 130 80
Back Back 0 0 50 40 130 80
Back Back 0 0 40 40 120 80
Back A -2 12 40 70 670 630
A N -1 -5 70 50 110 40
N D 1 3 50 60 110 60
D Space -2 -1 60 60 80 20
Space E 3 1 60 50 130 70
E V -2 -1 50 60 140 90
V E 2 1 60 100 160 100
E R 0 -1 100 60 230 130
R Y 0 -2 60 30 240 180
Y T 0 1 30 50 120 90
T H -1 -1 50 20 90 40
H I 1 -2 20 30 160 140
I G -1 3 30 70 210 180
G Space -2 1 70 40 80 10
Space I 3 -4 40 30 190 150
I S -1 6 30 40 110 80
S Space -2 -2 40 60 100 60
Space S 2 2 60 60 140 80
S H 0 -4 60 60 70 10
H A 0 5 60 64 130 70
A T 1 -4 64 40 122 58
T T 0 0 40 50 110 70
T E 0 2 50 100 90 40
E R 0 -1 100 80 160 60
R E 0 1 80 90 150 70
E D -1 0 90 90 150 60
D OemPeriod -1 -6 90 40 460 370
OemPeriod Right -1 -4 40 70 3370 3330
Right N 1 7 70 70 310 240
N Space -1 2 70 90 1820 1750
Space Capital 2 4 90 80 170 80
Capital P 1 -10 80 70 230 150
P Capital -1 10 70 90 130 60
Capital O 1 -9 90 80 170 80
O E 0 6 80 80 190 110
E P 0 -7 80 50 100 20
P L -1 1 50 50 160 110
L E 1 6 50 40 230 180
E Space -3 -1 40 30 90 50
Space Back 4 -9 30 40 710 680
Back Back 0 0 40 50 260 220
Back Back 0 0 50 50 210 160
Back Back 0 0 50 50 150 100
Back Back 0 0 50 40 250 200
Back Back 0 0 40 50 240 200
Back E -1 10 50 70 530 480
E O 0 -6 70 50 270 200
O P 0 -1 50 50 1140 1090
P L -1 1 50 60 140 90
L E 1 6 60 70 130 70
E Space -3 -1 70 50 120 50
Space A 2 3 50 70 1010 960
A R 1 -3 70 70 140 70
R E 0 1 70 92 110 40
E Space -3 -1 92 70 102 10
Space F 2 0 70 70 750 680
F I 1 -4 70 50 160 90
I N -2 2 50 80 170 120
N D 1 3 80 80 140 60
D I 1 -5 80 30 130 50
I N -2 2 30 50 150 120
N G 1 1 50 80 70 20
G Space -2 1 80 40 100 20
Space W 3 2 40 90 190 150
W A -1 1 90 72 190 100
A Y 1 -5 72 60 102 30
Y S -1 4 60 40 130 70
S Space -2 -2 40 90 50 10
Space T 3 -1 90 80 190 100
T O 0 -4 80 50 130 50
O Space -3 5 50 20 200 150
Space P 3 -6 20 70 900 880
P R 0 6 70 50 350 280
R O 0 -5 50 50 150 100
O T 0 4 50 50 370 320
T E 0 2 50 70 90 40
E C -2 0 70 70 190 120
C T 2 -2 70 50 100 30
T Space -3 1 50 50 210 160
Space T 3 -1 50 70 200 150
T H -1 -1 70 50 100 30
H E 1 3 50 70 120 70
E M -2 -4 70 50 140 70
M S 1 5 50 30 242 192
S E 1 -1 30 60 150 120
E L -1 -6 60 50 100 40
L V -1 5 50 50 330 280
V E 2 1 50 70 180 130
E S -1 1 70 60 190 120
S OemPeriod -1 -7 60 40 120 60
OemPeriod Space -1 5 40 30 200 160
Space Capital 2 4 30 80 430 400
Capital F 0 -4 80 60 450 370
F Capital 0 4 60 100 70 10
Capital E 1 -3 100 80 160 60
E W 0 1 80 90 100 20
W Space -3 -2 90 60 180 90
Space A 2 3 60 60 210 150
A R 1 -3 60 60 190 130
R E 0 1 60 60 140 80
E Space -3 -1 60 40 120 60
Space R 3 0 40 68 700 660
R U 0 -3 68 50 152 84
U S -1 5 50 80 470 420
S H 0 -4 80 50 140 60
H I 1 -2 50 50 160 110
I G -1 3 50 70 300 250
G Back 2 -8 70 60 1070 1000
Back N -3 7 60 71 330 270
N G 1 1 71 80 152 81
G Space -2 1 80 50 90 10
Space U 3 -3 50 60 610 560
U S -1 5 60 50 140 80
S I 1 -6 50 60 90 40
I N -2 2 60 50 180 120
N G 1 1 50 70 130 80
G Space -2 1 70 30 90 20
Space S 2 2 30 50 370 340
S N -1 -4 50 40 90 40
N O 2 -3 40 60 160 120
O W 0 7 60 60 130 70
W Space -3 -2 60 50 120 60
Space S 2 2 50 40 250 200
S K 0 -6 40 50 150 110
K A 0 7 50 90 110 60
A T 1 -4 90 70 170 80
T E 0 2 70 100 140 70
E R 0 -1 100 50 180 80
R S -1 2 50 60 200 150
S Space -2 -2 60 40 170 110
Space W 3 2 40 80 142 102
W H -1 -4 80 50 120 40
H I 1 -2 50 30 180 130
I L -1 -1 30 50 150 120
L E 1 6 50 70 140 90
E Space -3 -1 70 50 100 30
Space F 2 0 50 80 320 270
F E 1 1 80 90 180 100
E W 0 1 90 50 200 110
W Space -3 -2 50 50 160 110
Space A 2 3 50 80 610 560
A R 1 -3 80 70 150 70
R E 0 1 70 50 140 70
E Space -3 -1 50 54 90 40
Space H 2 -2 54 50 172 118
H E 1 3 50 50 120 70
E L -1 -6 50 30 150 100
L P 1 -1 30 50 150 120
P I 0 2 50 50 162 112
I N -2 2 50 50 170 120
N G 1 1 50 80 150 100
G Space -2 1 80 50 90 10
Space O 3 -5 50 70 300 250
O T 0 4 70 50 150 80
T H -1 -1 50 50 120 70
H E 1 3 50 70 130 80
E R 0 -1 70 80 160 90
R S -1 2 80 90 360 280
S Space -2 -2 90 60 230 140
Space Back 4 -9 60 60 950 890
Back OemPeriod -3 4 60 50 290 230
OemPeriod Space -1 5 50 50 180 130
Space Capital 2 4 50 92 320 270
Capital F 0 -4 92 70 342 250
F Capital 0 4 70 80 120 50
Capital Back 2 -13 80 60 1860 1780
Back E -1 10 60 60 900 840
E V -2 -1 60 50 240 180
V Back 3 -9 50 70 1130 1080
Back Back 0 0 70 78 130 60
Back Capital -2 13 78 120 182 104
Capital E 1 -3 120 72 400 280
E Capital -1 3 72 110 202 130
Capital V -1 -4 110 50 160 50
V E 2 1 50 70 120 70
E R 0 -1 70 50 210 140
R Y 0 -2 50 60 180 130
Y O 0 -3 60 50 210 150
O N -2 3 50 50 170 120
N E 2 3 50 70 140 90
E Space -3 -1 70 70 40 -30
Space S 2 2 70 90 220 150
S E 1 -1 90 90 190 100
E E 0 0 90 60 160 70
E M -2 -4 60 60 180 120
M S 1 5 60 50 150 90
S Space -2 -2 50 50 70 20
Space T 3 -1 50 50 260 210
T O 0 -4 50 40 130 80
O Space -3 5 40 50 170 130
Space B 1 -1 50 60 190 140
B E 2 2 60 70 110 50
E Space -3 -1 70 50 100 30
Space W 3 2 50 70 600 550
W O 0 -7 70 30 220 150
O R 0 5 30 50 150 120
R I 0 -4 50 60 240 190
I E 0 5 60 72 110 50
E D -1 0 72 70 182 110
D Space -2 -1 70 30 170 100
Space A 2 3 30 92 220 190
A B -1 -4 92 60 192 100
B O 2 -4 60 50 230 170
O U 0 2 50 40 190 140
U T 0 2 40 60 90 50
T Space -3 1 60 60 110 50
Space T 3 -1 60 60 180 120
T H -1 -1 60 60 110 50
H E 1 3 60 60 150 90
E Space -3 -1 60 50 100 40
Space S 2 2 50 70 720 670
S I 1 -6 70 50 150 80
I T 0 3 50 80 170 120
T U 0 -2 80 80 130 50
U A -1 6 80 10 270 190
A T 1 -4 10 60 50 40
T I 0 -3 60 60 260 200
I O 0 -1 60 50 150 90
O N -2 3 50 40 170 120
N Space -1 2 40 50 120 80
Space A 2 3 50 72 120 70
A N -1 -5 72 50 92 20
N D 1 3 50 80 130 80
D Space -2 -1 80 30 70 -10
Space A 2 3 30 90 170 140
A R 1 -3 90 80 150 60
R E 0 1 80 70 130 50
E Space -3 -1 70 50 110 40
Space T 3 -1 50 82 220 170
T R 0 1 82 80 162 80
R Y 0 -2 80 70 150 70
Y I 0 -2 70 60 170 100
I N -2 2 60 50 180 120
N G 1 1 50 80 100 50
G Space -2 1 80 50 70 -10
Space H 2 -2 50 69 170 120
H A 0 5 69 50 142 73
A R 1 -3 50 50 160 110
R D -1 1 50 90 190 140
D Space -2 -1 90 70 130 40
Space T 3 -1 70 60 190 120
T O 0 -4 60 60 90 30
O Space -3 5 60 54 200 140
Space P 3 -6 54 70 772 718
P R 0 6 70 80 200 130
R Back 1 -9 80 70 670 590
Back Back 0 0 70 40 160 90
Back H -2 7 40 80 510 470
H E 1 3 80 80 100 20
E L -1 -6 80 57 160 80
L P 1 -1 57 50 152 95
P Space -3 6 50 50 200 150
Space E 3 1 50 80 80 30
E A -1 2 80 130 200 120
A C -1 -2 130 60 110 -20
C H 1 -3 60 50 170 110
H OemPeriod -1 -3 50 20 330 280
OemPeriod R 2 5 20 70 2620 2600
R Capital -1 4 70 10 12040 11970
Capital Space -2 -4 10 90 600 590
Space A 2 3 90 90 200 110
A Capital 0 1 90 90 200 110
Capital Space -2 -4 90 60 100 10
Space B 1 -1 60 50 1300 1240
B U 2 -2 50 70 160 110
U N -2 1 70 70 220 150
N C 0 3 70 80 130 60
C H 1 -3 80 50 100 20
H Space -2 2 50 60 180 130
Space O 3 -5 60 102 200 140
O F -1 5 102 70 152 50
F Space -2 0 70 90 110 40
Space T 3 -1 90 70 140 50
T H -1 -1 70 50 100 30
H E 1 3 50 80 120 70
E M -2 -4 80 50 110 30
M Space -1 3 50 30 170 120
Space T 3 -1 30 90 9350 9320
T I 0 -3 90 80 520 430
I E 0 5 80 70 130 50
E D -1 0 70 80 170 100
D Space -2 -1 80 80 100 20
Space U 3 -3 80 50 360 280
U P 0 -3 50 50 220 170
P Space -3 6 50 50 210 160
Space T 3 -1 50 80 320 270
T H -1 -1 80 30 110 30
H E 1 3 30 70 130 100
E M -2 -4 70 50 120 50
M S 1 5 50 70 240 190
S E 1 -1 70 70 190 120
E L -1 -6 70 50 80 10
L V -1 5 50 70 190 140
V E 2 1 70 80 180 110
E S -1 1 80 80 170 90
S Space -2 -2 80 50 120 40
Space T 3 -1 50 70 140 90
T O 0 -4 70 50 120 50
O Space -3 5 50 60 180 130
Space T 3 -1 60 120 130 70
T R 0 1 120 90 240 120
R E 0 1 90 50 240 150
E E 0 0 50 80 140 90
E S -1 1 80 50 270 190
S Space -2 -2 50 40 150 100
Space T 3 -1 40 60 550 510
T O 0 -4 60 50 180 120
O Space -3 5 50 60 200 150
Space P 3 -6 60 60 1800 1740
P R 0 6 60 100 120 60
R E 0 1 100 60 190 90
E V -2 -1 60 50 140 80
V E 2 1 50 90 80 30
E N -2 -3 90 50 170 80
N T 2 1 50 60 110 60
T Space -3 1 60 50 90 30
Space F 2 0 50 60 210 160
F R 1 0 60 60 150 90
R O 0 -5 60 50 100 40
O M -2 2 50 30 170 120
M Space -1 3 30 60 130 100
Space B 1 -1 60 60 360 300
B E 2 2 60 90 90 30
E I 0 -5 90 60 240 150
I G -1 3 60 70 250 190
G Space -2 1 70 50 100 30
Space Back 4 -9 50 80 770 720
Back Back 0 0 80 70 150 70
Back N -3 7 70 50 700 630
N G 1 1 50 100 112 62
G Space -2 1 100 40 90 -10
Space W 3 2 40 40 1660 1620
W A -1 1 40 60 300 260
A S 0 -1 60 80 210 150
S H 0 -4 80 100 50 -30
H E 1 3 100 70 230 130
E D -1 0 70 60 160 90
D Space -2 -1 60 70 100 40
Space W 3 2 70 50 280 210
W Back 1 -11 50 90 410 360
Back A -2 12 90 60 210 120
A W 1 -1 60 70 180 120
W A -1 1 70 70 170 100
A Y 1 -5 70 52 80 10
Y Space -3 2 52 30 202 150
Space B 1 -1 30 70 180 150
B Y 2 -1 70 60 210 140
Y Space -3 2 60 60 180 120
Space T 3 -1 60 70 90 30
T H -1 -1 70 50 120 50
H E 1 3 50 60 120 70
E Space -3 -1 60 30 100 40
Space W 3 2 30 60 210 180
W A -1 1 60 70 200 140
A T 1 -4 70 60 140 70
T E 0 2 60 70 110 50
E R 0 -1 70 80 160 90
R OemPeriod -2 -5 80 50 330 250
OemPeriod Space -1 5 50 120 4800 4750
