LShiftKey LShiftKey 0 0 281 203 562 281
LShiftKey M 0 -7 203 172 109 -94
M Y 2 1 172 109 312 140
Y Space -3 2 109 125 671 562
Space F 2 0 125 78 795 670
F A 0 3 78 187 141 63
A V -1 -3 187 78 327 140
V O 2 -5 78 78 375 297
O R 0 5 78 124 593 515
R I 0 -4 124 47 218 94
I T 0 3 47 62 328 281
T E 0 2 62 109 1107 1045
E Space -3 -1 109 110 187 78
Space C 1 1 110 124 1670 1560
C L 1 -6 124 63 202 78
L A 0 8 63 140 188 125
A S 0 -1 140 78 280 140
S S 0 0 78 62 375 297
S Space -2 -2 62 78 265 203
Space I 3 -4 78 94 343 265
I N -2 2 94 62 250 156
N Space -1 2 62 94 171 109
Space C 1 1 94 125 453 359
C O 2 -6 125 125 187 62
O L -1 0 125 62 2855 2730
L L 0 0 62 62 125 63
L E 1 6 62 187 140 78
E G -1 -2 187 63 187 0
G E 1 2 63 110 109 46
E Space -3 -1 110 156 312 202
Space I 3 -4 156 109 437 281
I S -1 6 109 187 141 32
S Space -2 -2 187 63 202 15
Space LShiftKey 1 4 63 234 422 359
LShiftKey O 2 -9 234 203 218 -16
O P 0 -1 203 110 140 -63
P E 0 7 110 109 328 218
E R 0 -1 109 78 577 468
R A -1 3 78 78 328 250
A T 1 -4 78 93 203 125
T I 0 -3 93 94 280 187
I N -2 2 94 78 219 125
N G 1 1 78 78 125 47
G Space -2 1 78 94 124 46
Space LShiftKey 1 4 94 328 858 764
LShiftKey S 1 -2 328 140 250 -78
S Y 1 -4 140 47 109 -31
Y S -1 4 47 109 125 78
S Y 1 -4 109 78 125 16
Y T 0 1 78 78 187 109
T Back 1 -8 78 78 1591 1513
Back Back 0 0 78 109 141 63
Back T -1 8 109 78 982 873
T E 0 2 78 109 172 94
E M -2 -4 109 62 203 94
M S 1 5 62 141 93 31
S Space -2 -2 141 93 219 78
Space LShiftKey 1 4 93 640 1232 1139
LShiftKey X 0 -2 640 265 453 -187
X L 1 -7 265 156 327 62
L A 0 8 156 171 250 94
A Back 2 -12 171 78 608 437
Back Back 0 0 78 94 109 31
Back Back 0 0 94 78 188 94
Back LShiftKey -3 13 78 390 1154 1076
LShiftKey C 0 -3 390 171 281 -109
C L 1 -6 171 62 234 63
L A 0 8 62 156 156 94
A S 0 -1 156 78 281 125
S S 0 0 78 63 171 93
S OemPeriod -1 -7 63 78 827 764
OemPeriod Space -1 5 78 78 234 156
Space LShiftKey 1 4 78 203 437 359
LShiftKey I 2 -8 203 125 171 -32
I Space -3 4 125 78 250 125
Space T 3 -1 78 141 218 140
T H -1 -1 141 140 188 47
H I 1 -2 140 93 78 -62
I N -2 2 93 187 234 141
N K 1 -2 187 109 140 -47
K Space -2 4 109 94 265 156
Space I 3 -4 94 63 889 795
I T 0 3 63 62 250 187
T S -1 3 62 188 140 78
S Space -2 -2 188 93 375 187
Space F 2 0 93 125 764 671
F I 1 -4 125 47 187 62
I R 0 4 47 156 141 94
R S -1 2 156 93 359 203
S T 1 -3 93 78 483 390
T L -1 -4 78 78 203 125
L Y 1 3 78 94 858 780
Y Space -3 2 94 109 172 78
Space B 1 -1 109 78 296 187
B E 2 2 78 109 203 125
E C -2 0 109 62 359 250
C A 1 2 62 171 655 593
A U 1 -6 171 47 374 203
U S -1 5 47 125 125 78
S E 1 -1 125 93 250 125
E Space -3 -1 93 94 218 125
Space O 3 -5 94 78 655 561
O F -1 5 78 110 187 109
F Space -2 0 110 78 125 15
Space M 1 -3 78 78 250 172
M Y 2 1 78 109 140 62
Y Space -3 2 109 125 203 94
Space I 3 -4 125 93 718 593
I N -2 2 93 78 218 125
N T 2 1 78 93 281 203
T E 0 2 93 156 171 78
E R 0 -1 156 47 141 -15
R E 0 1 47 109 156 109
E E 0 0 109 109 858 749
E S -1 1 109 125 234 125
S T 1 -3 125 125 156 31
T Space -3 1 125 93 390 265
Space Back 4 -9 93 62 546 453
Back Back 0 0 62 78 140 78
Back Back 0 0 78 93 141 63
Back Back 0 0 93 94 436 343
Back S -2 11 94 171 656 562
S T 1 -3 171 93 421 250
T Space -3 1 93 110 249 156
Space I 3 -4 110 94 281 171
I N -2 2 94 63 265 171
N Space -1 2 63 94 172 109
Space T 3 -1 94 78 281 187
T H -1 -1 78 109 281 203
H E 1 3 109 141 249 140
E Space -3 -1 141 109 125 -16
Space S 2 2 109 125 359 250
S U 1 -5 125 110 171 46
U N -2 1 110 62 250 140
N J 1 -1 62 93 203 141
J E 1 4 93 78 171 78
E C -2 0 78 94 281 203
C T 2 -2 94 125 125 31
T Back 1 -8 125 94 1092 967
Back Back 0 0 94 63 187 93
Back Back 0 0 63 63 156 93
Back Back 0 0 63 109 609 546
Back Back 0 0 109 109 1232 1123
Back B -3 8 109 78 406 297
B J 1 -2 78 78 187 109
J E 1 4 78 109 125 47
E C -2 0 109 125 249 140
C T 2 -2 125 140 141 16
T OemPeriod -2 -4 140 78 795 655
OemPeriod Space -1 5 78 78 187 109
Space LShiftKey 1 4 78 203 156 78
LShiftKey T 2 -5 203 78 188 -15
T H -1 -1 78 94 171 93
H E 1 3 94 109 156 62
E Space -3 -1 109 62 94 -15
Space LShiftKey 1 4 62 390 6755 6693
LShiftKey C 0 -3 390 202 234 -156
C L 1 -6 202 109 249 47
L A 0 8 109 172 156 47
A S 0 -1 172 78 328 156
S S 0 0 78 109 156 78
S Back 2 -11 109 93 1841 1732
Back Back 0 0 93 62 187 94
Back Back 0 0 62 94 140 78
Back Back 0 0 94 78 172 78
Back Back 0 0 78 140 125 47
Back Back 0 0 140 78 202 62
Back Back 0 0 78 62 141 63
Back Back 0 0 62 78 125 63
Back Back 0 0 78 62 608 530
Back Back 0 0 62 110 17768 17706
Back Back 0 0 110 93 266 156
Back Space -4 9 93 109 811 718
Space A 2 3 109 156 203 94
A N -1 -5 156 109 234 78
N D 1 3 109 109 156 47
D Space -2 -1 109 140 156 47
Space S 2 2 140 124 1404 1264
S E 1 -1 124 47 280 156
E C -2 0 47 125 234 187
C O 2 -6 125 110 234 109
O D -1 6 110 63 437 327
D Back 2 -10 63 140 562 499
Back N -3 7 140 94 1029 889
N D 1 3 94 125 172 78
D L 0 -6 125 140 203 78
L Y 1 3 140 93 234 94
Y Space -3 2 93 78 156 63
Space B 1 -1 78 94 296 218
B E 2 2 94 62 219 125
E A -1 2 62 125 405 343
A Back 2 -12 125 141 1357 1232
Back C -3 10 141 109 749 608
C A 1 2 109 171 375 266
A U 1 -6 171 78 218 47
U S -1 5 78 110 140 62
S E 1 -1 110 78 234 124
E Space -3 -1 78 63 125 47
Space P 3 -6 63 94 234 171
P F -1 6 94 78 297 203
F Space -2 0 78 47 124 46
Space T 3 -1 47 109 110 63
T H -1 -1 109 78 156 47
H E 1 3 78 93 187 109
E Space -3 -1 93 93 78 -15
Space Back 4 -9 93 78 1435 1342
Back Back 0 0 78 78 156 78
Back Back 0 0 78 78 140 62
Back Back 0 0 78 63 156 78
Back Back 0 0 63 62 110 47
Back Back 0 0 62 62 140 78
Back Back 0 0 62 78 265 203
Back O -1 4 78 78 765 687
O F -1 5 78 125 187 109
F Space -2 0 125 63 93 -32
Space T 3 -1 63 63 156 93
T H -1 -1 63 78 110 47
H E 1 3 78 78 156 78
E Space -3 -1 78 63 124 46
Space W 3 2 63 63 827 764
W A -1 1 63 125 250 187
A Y 1 -5 125 94 187 62
Y Space -3 2 94 94 312 218
Space T 3 -1 94 141 265 171
T H -1 -1 141 63 187 46
H E 1 3 63 94 125 62
E Space -3 -1 94 93 94 0
Space P 3 -6 93 93 312 219
P R 0 6 93 62 203 110
R O 0 -5 62 63 171 109
O F -1 5 63 125 281 218
F E 1 1 125 63 296 171
E S -1 1 63 63 234 171
S S 0 0 63 93 141 78
S O 1 -7 93 78 156 63
O R 0 5 78 93 156 78
R Space -3 0 93 78 156 63
Space C 1 1 78 62 1482 1404
C O 2 -6 62 93 203 141
O N -2 3 93 78 265 172
N D 1 3 78 62 234 156
D U 1 -4 62 62 187 125
U C -2 4 62 109 109 47
C T 2 -2 109 63 234 125
T S -1 3 63 140 141 78
S Space -2 -2 140 78 140 0
Space T 3 -1 78 78 421 343
T H -1 -1 78 78 125 47
H E 1 3 78 94 156 78
E Back 1 -10 94 858 1014 920
Back T -1 8 858 94 1591 733
T E 0 2 94 47 156 62
E A -1 2 47 125 234 187
A X -1 -1 125 47 281 156
X X 0 0 47 47 62 15
X H 1 -4 47 94 78 31
H E 1 3 94 47 250 156
E S -1 1 47 125 234 187
S Back 2 -11 125 78 421 296
Back Back 0 0 78 94 187 109
Back Back 0 0 94 78 156 62
Back Back 0 0 78 78 172 94
Back Back 0 0 78 78 140 62
Back C -3 10 78 141 1030 952
C H 1 -3 141 78 187 46
H E 1 3 78 31 172 94
E S -1 1 31 140 328 297
S Space -2 -2 140 78 171 31
Space I 3 -4 78 110 421 343
I N -2 2 110 62 266 156
N Space -1 2 62 62 187 125
Space T 3 -1 62 78 109 47
T H -1 -1 78 31 203 125
H E 1 3 31 78 125 94
E Space -3 -1 78 78 140 62
Space C 1 1 78 140 390 312
C L 1 -6 140 78 234 94
L A 0 8 78 141 187 109
A S 0 -1 141 63 265 124
S S 0 0 63 109 141 78
S OemPeriod -1 -7 109 62 1045 936
OemPeriod Space -1 5 62 62 1264 1202
Space Left 0 -7 62 94 3993 3931
Left Left 0 0 94 62 172 78
Left Left 0 0 62 78 140 78
Left Left 0 0 78 62 141 63
Left Left 0 0 62 94 140 78
Left Left 0 0 94 62 156 62
Left Left 0 0 62 63 140 78
Left Left 0 0 63 47 141 78
Left Left 0 0 47 78 125 78
Left Left 0 0 78 94 327 249
Left Left 0 0 94 63 468 374
Left Oem7 2 0 63 63 733 670
Oem7 M -1 4 63 140 3339 3276
M Y 2 1 140 78 343 203
Y Back 1 -7 78 141 1154 1076
Back LShiftKey -3 13 141 203 1092 951
LShiftKey M 0 -7 203 141 125 -78
M Y 2 1 141 94 265 124
Y Space -3 2 94 109 250 156
Space L 2 -5 109 109 484 375
L E 1 6 109 109 156 47
E A -1 2 109 125 218 109
A S 0 -1 125 110 218 93
S T 1 -3 110 94 125 15
T Space -3 1 94 78 265 171
Space F 2 0 78 78 437 359
F A 0 3 78 140 141 63
A V -1 -3 140 78 234 94
V O 2 -5 78 218 421 343
O U 0 2 218 125 140 -78
U R 0 3 125 171 297 172
R I 0 -4 171 62 187 16
I T 0 3 62 78 468 406
T E 0 2 78 78 125 47
E Space -3 -1 78 94 202 124
Space Back 4 -9 94 78 983 889
Back Back 0 0 78 47 172 94
Back Back 0 0 47 63 140 93
Back Back 0 0 63 78 109 46
Back Back 0 0 78 78 141 63
Back Back 0 0 78 125 624 546
Back R -1 9 125 109 905 780
R I 0 -4 109 78 140 31
I T 0 3 78 78 250 172
T E 0 2 78 78 124 46
E Space -3 -1 78 78 531 453
Space C 1 1 78 93 1295 1217
C L 1 -6 93 62 156 63
L A 0 8 62 156 187 125
A S 0 -1 156 62 281 125
S S 0 0 62 46 156 94
S Space -2 -2 46 94 296 250
Space I 3 -4 94 125 312 218
I N -2 2 125 62 281 156
N Space -1 2 62 94 171 109
Space S 2 2 94 141 4181 4087
S C -1 -1 141 125 343 202
C H 1 -3 125 63 390 265
H O 1 -3 63 125 484 421
O Back 1 -4 125 94 1014 889
Back Back 0 0 94 63 187 93
Back Back 0 0 63 93 94 31
Back Back 0 0 93 78 218 125
Back Space -4 9 78 62 671 593
Space H 2 -2 62 78 296 234
H I 1 -2 78 93 188 110
I G -1 3 93 125 218 125
G H 0 -1 125 78 140 15
H Space -2 2 78 78 203 125
Space S 2 2 78 63 187 109
S C -1 -1 63 78 266 203
C H 1 -3 78 94 140 62
H O 1 -3 94 78 312 218
O O 0 0 78 78 156 78
O L -1 0 78 63 187 109
L Space -2 5 63 93 219 156
Space W 3 2 93 62 265 172
W A -1 1 62 62 234 172
A S 0 -1 62 47 187 125
S Space -2 -2 47 62 203 156
Space LShiftKey 1 4 62 375 20451 20389
LShiftKey S 1 -2 375 281 312 -63
S O 1 -7 281 125 328 47
O C -2 6 125 140 437 312
C I 2 -5 140 109 187 47
I A -1 7 109 218 234 125
A L 0 -8 218 124 172 -46
L Space -2 5 124 78 327 203
Space LShiftKey 1 4 78 297 655 577
LShiftKey S 1 -2 297 156 203 -94
S T 1 -3 156 94 343 187
T U 0 -2 94 46 344 250
U D -1 4 46 140 187 141
D I 1 -5 140 94 109 -31
I E 0 5 94 78 172 78
E S -1 1 78 62 218 140
S OemPeriod -1 -7 62 47 967 905
OemPeriod Space -1 5 47 109 1420 1373
Space LShiftKey 1 4 109 218 3791 3682
LShiftKey Y 2 -6 218 94 171 -47
Y E 0 3 94 62 219 125
E S -1 1 62 63 249 187
S Left -2 -9 63 1638 2574 2511
Left Back 4 -2 1638 63 2418 780
Back Right -4 0 63 1560 905 842
Right Right 0 0 1560 62 1794 234
Right Right 0 0 62 110 452 390
Right OemPeriod 1 4 110 78 827 717
OemPeriod Space -1 5 78 78 187 109
Space LShiftKey 1 4 78 218 266 188
LShiftKey I 2 -8 218 78 171 -47
I Space -3 4 78 78 203 125
Space D 2 1 78 140 156 78
D O 1 -6 140 78 125 -15
O Space -3 5 78 78 203 125
Space L 2 -5 78 78 187 109
L I 1 1 78 78 187 109
I K -1 0 78 78 172 94
K E 1 5 78 93 109 31
E Space -3 -1 93 94 109 16
Space T 3 -1 94 93 125 31
T H -1 -1 93 78 140 47
H E 1 3 78 62 141 63
E Space -3 -1 62 62 78 16
Space I 3 -4 62 94 202 140
I N -2 2 94 78 188 94
N T 2 1 78 62 218 140
T E 0 2 62 93 125 63
E R 0 -1 93 62 125 32
R E 0 1 62 47 140 78
E A -1 2 47 156 312 265
A C -1 -2 156 78 187 31
C T 2 -2 78 94 203 125
T I 0 -3 94 172 390 296
I O 0 -1 172 109 94 -78
O N -2 3 109 78 234 125
N S 1 4 78 156 124 46
S Space -2 -2 156 78 141 -15
Space I 3 -4 78 93 359 281
I N -2 2 93 94 202 109
N Space -1 2 94 94 156 62
Space T 3 -1 94 78 141 47
T H -1 -1 78 62 125 47
H E 1 3 62 78 124 62
E Space -3 -1 78 93 110 32
Space C 1 1 93 62 312 219
C L 1 -6 62 94 140 78
L A 0 8 94 94 187 93
A S 0 -1 94 47 265 171
S S 0 0 47 78 125 78
S Back 2 -11 78 78 3214 3136
Back Oemcomma -3 5 78 94 2527 2449
Oemcomma Space -1 4 94 78 250 156
Space I 3 -4 78 78 1014 936
I T 0 3 78 94 171 93
T Space -3 1 94 62 125 31
Space M 1 -3 62 63 218 156
M A 1 6 63 156 125 62
A K 0 -7 156 78 172 16
K E 1 5 78 47 171 93
E S -1 1 47 47 203 156
S Space -2 -2 47 62 125 78
Space T 3 -1 62 94 234 172
T H -1 -1 94 78 125 31
H E 1 3 78 78 140 62
E Space -3 -1 78 78 94 16
Space C 1 1 78 63 218 140
C L 1 -6 63 125 94 31
L A 0 8 125 109 218 93
A S 0 -1 109 62 219 110
S S 0 0 62 94 124 62
S Space -2 -2 94 78 188 94
Space V 1 0 78 78 265 187
V E 2 1 78 63 140 62
E R 0 -1 63 63 187 124
R Y 0 -2 63 78 172 109
Y Space -3 2 78 78 265 187
Space I 3 -4 78 78 484 406
I N -2 2 78 78 203 125
N T 2 1 78 94 405 327
T E 0 2 94 78 187 93
E R 0 -1 78 78 250 172
R E 0 1 78 47 125 47
E S -1 1 47 94 218 171
S T 1 -3 94 63 265 171
T I 0 -3 63 94 328 265
I N -2 2 94 78 203 109
N G 1 1 78 78 109 31
G OemPeriod -1 -4 78 78 936 858
OemPeriod Space -1 5 78 109 1279 1201
Space LShiftKey 1 4 109 281 3994 3885
LShiftKey L 1 -9 281 188 249 -32
L A 0 8 188 125 250 62
A B -1 -4 125 78 296 171
B S 1 3 78 109 141 63
S Space -2 -2 109 93 125 16
Space A 2 3 93 110 358 265
A R 1 -3 110 172 390 280
R E 0 1 172 171 110 -62
E Space -3 -1 171 93 109 -62
Space V 1 0 93 62 858 765
V E 2 1 62 93 125 63
E R 0 -1 93 62 218 125
R Y 0 -2 62 78 172 110
Y Space -3 2 78 78 218 140
Space I 3 -4 78 78 250 172
I M -2 1 78 46 234 156
M P 2 -3 46 218 374 328
P O 0 1 218 171 125 -93
O R 0 5 171 78 920 749
R A -1 3 78 93 609 531
A Back 2 -12 93 156 1170 1077
Back T -1 8 156 78 686 530
T A -1 4 78 63 265 187
A N -1 -5 63 140 94 31
N T 2 1 140 93 905 765
T Space -3 1 93 93 203 110
Space I 3 -4 93 63 795 702
I I 0 0 63 62 219 156
I Back 1 -5 62 171 858 796
Back N -3 7 171 78 561 390
N Space -1 2 78 93 172 94
Space Back 4 -9 93 125 936 843
Back Back 0 0 125 93 203 78
Back Back 0 0 93 109 405 312
Back W -1 11 109 156 546 437
W I 0 -6 156 78 187 31
I T 0 3 78 125 172 94
T H -1 -1 125 63 140 15
H Space -2 2 63 78 219 156
Space R 3 0 78 188 561 483
R E 0 1 188 109 125 -63
E S -1 1 109 125 250 141
S P 1 -8 125 94 187 62
P E 0 7 94 109 125 31
E C -2 0 109 47 249 140
C T 2 -2 47 78 219 172
T Space -3 1 78 63 140 62
Space T 3 -1 63 78 156 93
T O 0 -4 78 94 156 78
O Space -3 5 94 78 203 109
Space T 3 -1 78 78 125 47
T H -1 -1 78 78 140 62
H E 1 3 78 94 156 78
E Space -3 -1 94 78 78 -16
Space P 3 -6 78 78 250 172
P R 0 6 78 63 140 62
R A -1 3 63 63 265 202
A C -1 -2 63 94 250 187
C T 2 -2 94 78 250 156
T I 0 -3 78 78 171 93
I C -2 5 78 78 172 94
C A 1 2 78 141 249 171
A L 0 -8 141 78 188 47
L Space -2 5 78 78 187 109
Space K 2 -4 78 78 203 125
K N -1 2 78 62 187 109
N O 2 -3 62 78 203 141
O W 0 7 78 78 296 218
W L -1 -7 78 78 827 749
L E 1 6 78 109 156 78
E D -1 0 109 62 499 390
D G 0 -2 62 62 312 250
G E 1 2 62 78 234 172
E OemPeriod -2 -6 78 78 874 796
OemPeriod Space -1 5 78 63 249 171
Space LShiftKey 1 4 63 281 12090 12027
LShiftKey A 1 -1 281 187 203 -78
A N -1 -5 187 78 234 47
N D 1 3 78 125 203 125
D Space -2 -1 125 94 140 15
Space Y 3 -2 94 78 811 717
Y E 0 3 78 78 141 63
E S -1 1 78 78 265 187
S Oemcomma -1 -6 78 78 2792 2714
Oemcomma Space -1 4 78 78 203 125
Space H 2 -2 78 78 312 234
H O 1 -3 78 94 234 156
O M -2 2 94 94 187 93
M E 2 4 94 109 141 47
E W 0 1 109 125 655 546
W O 0 -7 125 78 156 31
O R 0 5 78 94 296 218
R K -1 -4 94 46 188 94
K S 0 6 46 125 93 47
S Space -2 -2 125 62 203 78
Space Back 4 -9 62 94 2215 2153
Back Back 0 0 94 94 468 374
Back Space -4 9 94 125 406 312
Space A 2 3 125 172 452 327
A N -1 -5 172 78 187 15
N D 1 3 78 110 156 78
D Space -2 -1 110 78 94 -16
Space Q 3 3 78 62 796 718
Q U 0 -6 62 172 218 156
U I 0 -1 172 109 125 -47
I Z -2 7 109 78 1232 1123
Z Z 0 0 78 78 187 109
Z E 2 -2 78 78 780 702
E S -1 1 78 109 219 141
S Space -2 -2 109 110 171 62
Space H 2 -2 110 78 12231 12121
H E 1 3 78 156 171 93
E L -1 -6 156 172 250 94
L P 1 -1 172 109 125 -47
P Space -3 6 109 156 312 203
Space U 3 -3 156 62 827 671
U S -1 5 62 156 187 125
S Space -2 -2 156 94 187 31
Space L 2 -5 94 78 655 561
L E 1 6 78 63 187 109
E A -1 2 63 78 219 156
A R 1 -3 78 63 296 218
R N -2 -2 63 94 156 93
N Space -1 2 94 78 203 109
Space M 1 -3 78 93 796 718
M O 2 -2 93 94 218 125
O R 0 5 94 187 187 93
R E 0 1 187 172 109 -78
E Oemcomma -2 -5 172 78 968 796
Oemcomma Space -1 4 78 78 187 109
Space A 2 3 78 187 421 343
A S 0 -1 187 156 125 -62
S Space -2 -2 156 109 624 468
Space Back 4 -9 109 78 9157 9048
Back Back 0 0 78 62 172 94
Back Back 0 0 62 78 140 78
Back Back 0 0 78 78 140 62
Back Back 0 0 78 109 328 250
Back OemPeriod -3 4 109 62 2621 2512
OemPeriod Space -1 5 62 62 343 281
Space LShiftKey 1 4 62 171 3401 3339
LShiftKey G 1 -5 171 94 140 -31
G R 1 1 94 78 203 109
R A -1 3 78 141 140 62
A D 0 -2 141 63 125 -16
D I 1 -5 63 78 281 218
I N -2 2 78 94 234 156
N G 1 1 94 125 156 62
G Space -2 1 125 125 109 -16
Space Back 4 -9 125 749 1279 1154
Back Space -4 9 749 93 1436 687
Space LShiftKey 1 4 93 187 187 94
LShiftKey I 2 -8 187 78 171 -16
I Space -3 4 78 94 203 125
Space T 3 -1 94 140 297 203
T H -1 -1 140 140 187 47
H I 1 -2 140 109 78 -62
I N -2 2 109 156 249 140
N K 1 -2 156 109 110 -46
K Space -2 4 109 109 234 125
Space G 2 -1 109 78 733 624
G R 1 1 78 63 218 140
R A -1 3 63 141 156 93
A D 0 -2 141 109 94 -47
D I 1 -5 109 94 296 187
I N -2 2 94 78 234 140
N G 1 1 78 94 156 78
G Space -2 1 94 78 141 47
Space G 2 -1 78 78 1918 1840
G E 1 2 78 124 110 32
E T 0 -2 124 78 124 0
T S -1 3 78 141 156 78
S Space -2 -2 141 110 156 15
Space U 3 -3 110 78 1514 1404
U S -1 5 78 187 140 62
S Space -2 -2 187 78 125 -62
Space T 3 -1 78 124 359 281
T O 0 -4 124 109 156 32
O Back 1 -4 109 78 1107 998
Back Back 0 0 78 63 156 78
Back Back 0 0 63 94 265 202
Back Back 0 0 94 94 1092 998
Back Back 0 0 94 109 188 94
Back U -1 6 109 78 889 780
U S -1 5 78 187 156 78
S Space -2 -2 187 94 109 -78
Space I 3 -4 94 78 281 187
I N -2 2 78 78 187 109
N A 1 5 78 125 140 62
A Space -2 -3 125 109 94 -31
Space Back 4 -9 109 94 655 546
Back Back 0 0 94 94 156 62
Back Space -4 9 94 125 515 421
Space A 2 3 125 141 421 296
A Space -2 -3 141 93 172 31
Space C 1 1 93 172 187 94
C O 2 -6 172 125 156 -16
O M -2 2 125 94 234 109
M P 2 -3 94 94 218 124
P U 0 3 94 78 312 218
U T 0 2 78 63 281 203
T I 0 -3 63 94 109 46
I V -2 4 94 62 266 172
V E 2 1 62 124 78 16
E Space -3 -1 124 78 171 47
Space Back 4 -9 78 94 905 827
Back Back 0 0 94 62 172 78
Back Back 0 0 62 47 140 78
Back Back 0 0 47 63 109 62
Back Back 0 0 63 78 125 62
Back Back 0 0 78 109 281 203
Back I -1 5 109 78 795 686
I T 0 3 78 156 250 172
T I 0 -3 156 63 296 140
I T 0 3 63 94 312 249
T I 0 -3 94 63 125 31
I V -2 4 63 78 265 202
V E 2 1 78 156 110 32
E Space -3 -1 156 94 140 -16
Space Back 4 -9 94 78 998 904
Back Back 0 0 78 93 141 63
Back Back 0 0 93 62 156 63
Back Back 0 0 62 78 140 78
Back Back 0 0 78 94 312 234
Back Back 0 0 94 78 203 109
Back A -2 12 78 156 468 390
A T 1 -4 156 94 265 109
T I 0 -3 94 78 234 140
I V -2 4 78 78 219 141
V E 2 1 78 94 124 46
E Space -3 -1 94 62 110 16
Space Back 4 -9 62 78 546 484
Back Back 0 0 78 78 156 78
Back Back 0 0 78 46 156 78
Back Back 0 0 46 62 468 422
Back Back 0 0 62 46 156 94
Back Back 0 0 46 78 124 78
Back Back 0 0 78 78 406 328
Back Back 0 0 78 109 250 172
Back E -1 10 109 125 1435 1326
E T 0 -2 125 62 390 265
T A -1 4 62 93 281 219
A T 1 -4 93 93 390 297
T I 0 -3 93 78 140 47
I V -2 4 78 47 250 172
V E 2 1 47 78 93 46
E Space -3 -1 78 94 125 47
Space Back 4 -9 94 125 967 873
Back Back 0 0 125 78 203 78
Back Back 0 0 78 62 141 63
Back Back 0 0 62 140 109 47
Back Back 0 0 140 47 312 172
Back Back 0 0 47 63 171 124
Back Back 0 0 63 608 4743 4680
Back Back 0 0 608 78 811 203
Back L -2 4 78 78 2839 2761
L W 1 7 78 110 421 343
W Back 1 -11 110 156 640 530
Back E -1 10 156 109 811 655
E A -1 2 109 109 390 281
A R 1 -3 109 124 297 188
R N -2 -2 124 202 312 188
N I 2 -2 202 172 140 -62
I N -2 2 172 78 1076 904
N G 1 1 78 125 156 78
G Space -2 1 125 125 156 31
Space M 1 -3 125 125 437 312
M O 2 -2 125 62 219 94
O D -1 6 62 187 156 94
D E 1 0 187 141 124 -63
E Space -3 -1 141 63 156 15
Space W 3 2 63 125 375 312
W H -1 -4 125 78 218 93
H I 1 -2 78 78 219 141
I C -2 5 78 109 171 93
C H 1 -3 109 78 125 16
H Space -2 2 78 63 265 187
Space M 1 -3 63 78 406 343
M A 1 6 78 125 577 499
A K 0 -7 125 78 156 31
K E 1 5 78 94 156 78
E S -1 1 94 78 218 124
S Space -2 -2 78 125 125 47
Space U 3 -3 125 78 1061 936
U S -1 5 78 94 156 78
S Space -2 -2 94 78 109 15
Space T 3 -1 78 125 1638 1560
T O 0 -4 125 78 172 47
O Space -3 5 78 78 296 218
Space L 2 -5 78 124 1857 1779
L E 1 6 124 93 265 141
E A -1 2 93 125 608 515
A R 1 -3 125 93 297 172
R N -2 -2 93 109 156 63
N Space -1 2 109 125 249 140
Space M 1 -3 125 109 484 359
M O 2 -2 109 78 218 109
O R 0 5 78 203 187 109
R E 0 1 203 125 141 -62
E Space -3 -1 125 94 109 -16
Space A 2 3 94 140 234 140
A N -1 -5 140 78 172 32
N D 1 3 78 94 296 218
D Space -2 -1 94 109 47 -47
Space P 3 -6 109 94 296 187
P E 0 7 94 218 125 31
E R 0 -1 218 109 156 -62
R F -1 0 109 140 250 141
F O 1 -5 140 125 171 31
O R 0 5 125 110 187 62
R M -2 -3 110 78 125 15
M Space -1 3 78 109 203 125
Space B 1 -1 109 63 608 499
B E 2 2 63 156 141 78
E T 0 -2 156 63 171 15
T T 0 0 63 78 94 31
T E 0 2 78 109 172 94
E R 0 -1 109 156 46 -63
R OemPeriod -2 -5 156 78 812 656
OemPeriod Back 3 -4 78 827 13244 13166
Back Back 0 0 827 281 936 109
Back Back 0 0 281 62 437 156
Back Back 0 0 62 78 156 94
Back Back 0 0 78 32 171 93
Back Back 0 0 32 62 110 78
Back Back 0 0 62 62 140 78
Back Back 0 0 62 78 125 63
Back Back 0 0 78 63 140 62
Back Back 0 0 63 47 125 62
Back Back 0 0 47 63 140 93
Back Back 0 0 63 748 110 47
Back Back 0 0 748 62 1076 328
Back Back 0 0 62 62 125 63
Back Back 0 0 62 78 140 78
Back Back 0 0 78 78 172 94
Back Space -4 9 78 125 873 795
Space S 2 2 125 109 188 63
S C -1 -1 109 140 265 156
C H 1 -3 140 78 171 31
H O 1 -3 78 62 250 172
O O 0 0 62 78 125 63
O L -1 0 78 94 171 93
L Space -2 5 94 78 219 125
Space W 3 2 78 109 983 905
W A -1 1 109 109 218 109
A S 0 -1 109 78 203 94
S Space -2 -2 78 109 140 62
Space P 3 -6 109 78 4680 4571
P H -1 4 78 93 406 328
H Y 1 0 93 62 203 110
Y S -1 4 62 125 717 655
S I 1 -6 125 63 156 31
I C -2 5 63 110 187 124
C S 1 1 110 62 266 156
S Back 2 -11 62 93 7519 7457
Back Back 0 0 93 94 171 78
Back Back 0 0 94 140 110 16
Back Back 0 0 140 47 218 78
Back Back 0 0 47 62 125 78
Back Back 0 0 62 62 343 281
Back Back 0 0 62 109 281 219
Back A -2 12 109 156 749 640
A U 1 -6 156 78 171 15
U G -1 2 78 125 203 125
G H 0 -1 125 94 62 -63
H T 1 1 94 63 203 109
T Space -3 1 63 140 999 936
Space Back 4 -9 140 78 3010 2870
Back LShiftKey -3 13 78 219 18221 18143
LShiftKey T 2 -5 219 110 187 -32
T H -1 -1 110 78 219 109
H E 1 3 78 141 171 93
E Space -3 -1 141 172 78 -63
Space P 3 -6 172 78 874 702
P I 0 2 78 63 265 187
I C -2 5 63 125 250 187
C T 2 -2 125 78 187 62
T U 0 -2 78 62 250 172
U R 0 3 62 156 171 109
R E 0 1 156 110 109 -47
E Space -3 -1 110 94 78 -32
Space D 2 1 94 78 546 452
D E 1 0 78 94 156 78
E S -1 1 94 78 188 94
S C -1 -1 78 125 561 483
C R 2 -1 125 109 281 156
R I 0 -4 109 78 203 94
I B -2 3 78 62 421 343
B E 2 2 62 109 156 94
E S -1 1 109 140 234 125
S Space -2 -2 140 78 203 63
Space A 2 3 78 141 483 405
A Space -2 -3 141 125 203 62
Space S 2 2 125 125 3978 3853
S C -1 -1 125 125 468 343
C E 2 0 125 141 312 187
E N -2 -3 141 47 187 46
N E 2 3 47 94 78 31
E Space -3 -1 94 156 624 530
Space W 3 2 156 156 390 234
W H -1 -4 156 78 172 16
H E 1 3 78 187 125 47
E E 0 0 187 93 203 16
E R 0 -1 93 328 62 -31
R E 0 1 328 234 250 -78
E Back 1 -10 234 968 514 280
Back Space -4 9 968 78 1997 1029
Space A 2 3 78 141 312 234
A N -1 -5 141 78 749 608
N Space -1 2 78 78 281 203
Space O 3 -5 78 94 374 296
O C -2 6 94 78 437 343
C C 0 0 78 110 140 62
C O 2 -6 110 47 234 124
O A -1 8 47 109 219 172
A S 0 -1 109 140 343 234
S I 1 -6 140 219 187 47
I O 0 -1 219 124 141 -78
O N -2 3 124 62 265 141
N Space -1 2 62 140 234 172
Space Back 4 -9 140 78 421 281
Back Back 0 0 78 78 172 94
Back Back 0 0 78 687 93 15
Back C -3 10 687 110 3042 2355
C C 0 0 110 78 203 93
C A 1 2 78 140 328 250
A S 0 -1 140 141 249 109
S I 1 -6 141 156 156 15
I O 0 -1 156 125 125 -31
O N -2 3 125 93 219 94
N Space -1 2 93 78 202 109
Space H 2 -2 78 78 609 531
H W 1 4 78 125 93 15
W E 0 -1 125 140 219 94
E R 0 -1 140 78 156 16
R Back 1 -9 78 62 749 671
Back Back 0 0 62 62 156 94
Back Back 0 0 62 109 156 94
Back E -1 10 109 140 546 437
E R 0 -1 140 78 124 -16
R E 0 1 78 109 110 32
E Space -3 -1 109 109 218 109
Space Back 4 -9 109 78 9563 9454
Back Back 0 0 78 78 156 78
Back Back 0 0 78 63 140 62
Back Back 0 0 63 47 125 62
Back Back 0 0 47 47 125 78
Back W -1 11 47 156 780 733
W H -1 -4 156 63 140 -16
H E 1 3 63 93 172 109
E R 0 -1 93 78 78 -15
R E 0 1 78 93 125 47
E Space -3 -1 93 93 187 94
Space T 3 -1 93 78 343 250
T H -1 -1 78 78 125 47
H E 1 3 78 109 140 62
E Space -3 -1 109 78 156 47
Space P 3 -6 78 78 967 889
P E 0 7 78 172 156 78
E O 0 -6 172 78 219 47
O L -1 0 78 47 218 140
L P 1 -1 47 78 187 140
P L -1 1 78 62 266 188
L Back 2 -4 62 78 374 312
Back Back 0 0 78 62 156 78
Back Back 0 0 62 62 125 63
Back P -1 3 62 63 1029 967
P L -1 1 63 47 172 109
L E 1 6 47 93 203 156
E Space -3 -1 93 93 156 63
Space A 2 3 93 172 343 250
A R 1 -3 172 203 359 187
R E 0 1 203 109 125 -78
E Space -3 -1 109 93 343 234
Space E 3 1 93 140 359 266
E N -2 -3 140 62 156 16
N J 1 -1 62 109 296 234
J O 1 -2 109 94 187 78
O Y 0 3 94 78 531 437
Y I 0 -2 78 94 171 93
I N -2 2 94 62 219 125
N G 1 1 62 94 140 78
G Space -2 1 94 94 109 15
Space T 3 -1 94 109 453 359
T H -1 -1 109 62 140 31
H E 1 3 62 109 187 125
E Space -3 -1 109 78 187 78
Space D 2 1 78 93 3339 3261
D A 0 2 93 172 327 234
A Y 1 -5 172 140 110 -62
Y Space -3 2 140 78 312 172
Space A 2 3 78 125 265 187
A F 0 -3 125 62 156 31
F T 1 -1 62 78 171 109
T E 0 2 78 125 156 78
E R 0 -1 125 140 63 -62
R Space -3 0 140 63 374 234
Space A 2 3 63 171 141 78
A Space -2 -3 171 78 171 0
Space S 2 2 78 140 250 172
S N -1 -4 140 93 156 16
N O 2 -3 93 78 218 125
O E 0 6 78 124 1311 1233
E F -1 -1 124 78 249 125
F A 0 3 78 109 312 234
A L 0 -8 109 62 328 219
L L 0 0 62 78 140 78
L Back 2 -4 78 78 437 359
Back Back 0 0 78 78 156 78
Back Back 0 0 78 63 140 62
Back Back 0 0 63 94 125 62
Back Back 0 0 94 110 187 93
Back W -1 11 110 109 687 577
W F -1 -2 109 78 312 203
F A 0 3 78 140 281 203
A L 0 -8 140 62 218 78
L L 0 0 62 78 125 63
L OemPeriod -1 0 78 78 3151 3073
OemPeriod Space -1 5 78 47 296 218
Space LShiftKey 1 4 47 281 6162 6115
LShiftKey I 2 -8 281 93 219 -62
I T 0 3 93 94 249 156
T Space -3 1 94 62 219 125
Space L 2 -5 62 78 249 187
L O 1 0 78 62 219 141
O O 0 0 62 78 109 47
O K -1 1 78 78 156 78
K S 0 6 78 109 406 328
S Space -2 -2 109 62 140 31
Space L 2 -5 62 78 655 593
L I 1 1 78 62 219 141
I K -1 0 62 93 156 94
K E 1 5 93 125 140 47
E Space -3 -1 125 78 109 -16
Space A 2 3 78 156 250 172
A Space -2 -3 156 110 171 15
Space G 2 -1 110 78 1202 1092
G A 0 4 78 78 312 234
A T 1 -4 78 62 140 62
T H -1 -1 62 78 172 110
H E 1 3 78 140 109 31
E R 0 -1 140 94 296 156
R I 0 -4 94 94 156 62
I N -2 2 94 78 203 109
N G 1 1 78 93 125 47
G Space -2 1 93 109 125 32
Space O 3 -5 109 94 826 717
O F -1 5 94 93 219 125
F Space -2 0 93 78 156 63
Space P 3 -6 78 78 452 374
P E 0 7 78 94 234 156
E O 0 -6 94 94 281 187
O P 0 -1 94 78 234 140
P L -1 1 78 62 172 94
L E 1 6 62 109 171 109
E Space -3 -1 109 109 172 63
Space W 3 2 109 156 749 640
W H -1 -4 156 94 140 -16
H O 1 -3 94 94 234 140
O Space -3 5 94 94 234 140
Space I 3 -4 94 78 250 156
I Back 1 -5 78 140 374 296
Back H -2 7 140 78 1373 1233
H A 0 5 78 140 125 47
A V -1 -3 140 62 156 16
V E 2 1 62 78 156 94
E Space -3 -1 78 62 140 62
Space A 2 3 62 93 281 219
A S 0 -1 93 62 234 141
S S 0 0 62 78 125 63
S E 1 -1 78 110 202 124
E M -2 -4 110 62 219 109
M B 0 2 62 62 203 141
B L 1 -4 62 78 234 172
L E 1 6 78 62 187 109
E Space -3 -1 62 110 405 343
Space T 3 -1 110 78 453 343
T O 0 -4 78 93 156 78
O Space -3 5 93 140 312 219
Space P 3 -6 140 94 5756 5616
P L -1 1 94 78 187 93
L A 0 8 78 171 141 63
A Y 1 -5 171 94 187 16
Y Space -3 2 94 78 281 187
Space S 2 2 78 187 577 499
S O 1 -7 187 93 172 -15
O M -2 2 93 78 218 125
M E 2 4 78 110 140 62
E Space -3 -1 110 62 94 -16
Space G 2 -1 62 62 250 188
G A 0 4 62 94 140 78
A M -1 -6 94 78 203 109
M E 2 4 78 78 156 78
E S -1 1 78 62 187 109
S Space -2 -2 62 78 125 63
Space A 2 3 78 156 187 109
A Back 2 -12 156 124 562 406
Back O -1 4 124 78 842 718
O R 0 5 78 93 172 94
R Space -3 0 93 78 171 78
Space E 3 1 78 94 1170 1092
E N -2 -3 94 78 297 203
N G 1 1 78 78 265 187
G A 0 4 78 78 203 125
A G 0 -4 78 78 171 93
G E 1 2 78 93 141 63
E Space -3 -1 93 78 187 94
Space I 3 -4 78 78 639 561
I N -2 2 78 78 219 141
N Space -1 2 78 78 171 93
Space S 2 2 78 93 219 141
S O 1 -7 93 94 109 16
O M -2 2 94 78 218 124
M E 2 4 78 78 125 47
E Space -3 -1 78 63 156 78
Space A 2 3 63 78 671 608
A C -1 -2 78 78 250 172
C T 2 -2 78 109 296 218
T I 0 -3 109 63 218 109
I V -2 4 63 47 359 296
V I 2 -4 47 78 125 78
I T 0 3 78 110 218 140
T Y 0 -1 110 109 125 15
Y Space -3 2 109 125 437 328
Space R 3 0 125 156 2340 2215
R E 0 1 156 109 94 -62
E A -1 2 109 156 234 125
A L 0 -8 156 78 140 -16
L T 1 4 78 78 265 187
T E 0 2 78 94 109 31
E D -1 0 94 78 203 109
D Space -2 -1 78 94 187 109
Space T 3 -1 94 94 406 312
T O 0 -4 94 125 140 46
O Space -3 5 125 94 281 156
Space S 2 2 94 110 889 795
S N -1 -4 110 78 203 93
N O 2 -3 78 78 219 141
O W 0 7 78 93 156 78
W Back 1 -11 93 78 1123 1030
Back Back 0 0 78 63 140 62
Back Back 0 0 63 172 125 62
Back Back 0 0 172 62 234 62
Back Back 0 0 62 47 140 78
Back Back 0 0 47 78 110 63
Back Back 0 0 78 63 124 46
Back Back 0 0 63 78 125 62
Back Back 0 0 78 47 156 78
Back Back 0 0 47 62 141 94
Back Back 0 0 62 46 156 94
Back Back 0 0 46 62 156 110
Back Back 0 0 62 63 249 187
Back Back 0 0 63 62 172 109
Back Back 0 0 62 78 187 125
Back Space -4 9 78 63 811 733
Space R 3 0 63 109 312 249
R E 0 1 109 124 63 -46
E L -1 -6 124 93 312 188
L A 0 8 93 156 140 47
A T 1 -4 156 78 172 16
T E 0 2 78 94 124 46
E D -1 0 94 62 219 125
D Space -2 -1 62 78 125 63
Space T 3 -1 78 78 546 468
T O 0 -4 78 78 156 78
O Space -3 5 78 78 234 156
Space S 2 2 78 47 811 733
S N -1 -4 47 94 140 93
N O 2 -3 94 78 219 125
O W 0 7 78 78 499 421
W OemPeriod -2 -7 78 62 1123 1045
OemPeriod Space -1 5 62 78 390 328
Space LShiftKey 1 4 78 234 686 608
LShiftKey T 2 -5 234 62 219 -15
T H -1 -1 62 78 171 109
H E 1 3 78 78 156 78
E Space -3 -1 78 78 94 16
Space P 3 -6 78 78 858 780
P E 0 7 78 156 156 78
E O 0 -6 156 93 281 125
O P 0 -1 93 63 218 125
P L -1 1 63 94 156 93
L E 1 6 94 109 172 78
E Space -3 -1 109 62 125 16
Space Back 4 -9 62 640 1294 1232
Back Back 0 0 640 94 827 187
Back Back 0 0 94 110 187 93
Back Back 0 0 110 125 1482 1372
Back Back 0 0 125 140 578 453
Back Back 0 0 140 203 436 296
Back Left -4 2 203 78 7894 7691
Left Right 0 -2 78 3058 1092 1014
Right Right 0 0 3058 156 3432 374
Right Back 4 0 156 78 609 453
Back LShiftKey -3 13 78 219 2667 2589
LShiftKey I 2 -8 219 140 141 -78
I Space -3 4 140 78 312 172
Space Back 4 -9 78 141 483 405
Back Back 0 0 141 109 203 62
Back LShiftKey -3 13 109 266 608 499
LShiftKey S 1 -2 266 156 219 -47
S O 1 -7 156 78 171 15
O M -2 2 78 63 203 125
M E 2 4 63 109 94 31
E Space -3 -1 109 109 905 796
Space P 3 -6 109 93 577 468
P E 0 7 93 140 156 63
E O 0 -6 140 78 156 16
O P 0 -1 78 78 203 125
P L -1 1 78 94 140 62
L E 1 6 94 124 172 78
E Space -3 -1 124 78 140 16
Space A 2 3 78 156 359 281
A R 1 -3 156 203 187 31
R E 0 1 203 78 156 -47
E Space -3 -1 78 94 343 265
Space S 2 2 94 109 531 437
S N -1 -4 109 78 218 109
N O 2 -3 78 62 203 125
O W 0 7 62 94 421 359
W Space -3 -2 94 93 172 78
Space S 2 2 93 125 561 468
S K 0 -6 125 78 281 156
K A 0 7 78 125 624 546
A T 1 -4 125 78 608 483
T I 0 -3 78 93 188 110
I N -2 2 93 78 187 94
N G 1 1 78 93 156 78
G Space -2 1 93 109 499 406
Space W 3 2 109 125 281 172
W H -1 -4 125 94 140 15
H I 1 -2 94 93 219 125
I L -1 -1 93 78 187 94
L E 1 6 78 109 140 62
E Space -3 -1 109 78 172 63
Space S 2 2 78 110 639 561
S O 1 -7 110 94 172 62
O M -2 2 94 78 203 109
M E 2 4 78 93 156 78
E Space -3 -1 93 78 125 32
Space S 2 2 78 171 546 468
S O 1 -7 171 124 156 -15
O M -2 2 124 78 234 110
M E 2 4 78 63 171 93
E Space -3 -1 63 93 94 31
Space J 2 -3 93 78 686 593
J U 1 0 78 63 234 156
U S -1 5 63 156 156 93
S T 1 -3 156 62 172 16
T Space -3 1 62 109 4945 4883
Space P 3 -6 109 78 374 265
P L -1 1 78 62 188 110
L A 0 8 62 109 218 156
A Y 1 -5 109 62 125 16
Y I 0 -2 62 78 234 172
I N -2 2 78 78 187 109
N G 1 1 78 125 140 62
G Space -2 1 125 78 110 -15
Space A 2 3 78 125 920 842
A R 1 -3 125 109 343 218
R O 0 -5 109 156 141 32
O U 0 2 156 78 140 -16
U J -1 0 78 47 203 125
J F 0 3 47 141 171 124
F Space -2 0 141 218 110 -31
Space Oemplus 4 -8 218 109 577 359
Oemplus Back 0 -1 109 905 1388 1279
Back Y -1 7 905 62 1919 1014
Y I 0 -2 62 94 234 172
I N -2 2 94 78 234 140
N G 1 1 78 93 172 94
G Space -2 1 93 93 78 -15
Space A 2 3 93 140 998 905
A R 1 -3 140 125 608 468
R O 0 -5 125 202 266 141
O U 0 2 202 78 156 -46
U N -2 1 78 78 202 124
N D 1 3 78 141 156 78
D Space -2 -1 141 78 110 -31
Space Left 0 -7 78 1154 6942 6864
Left Back 4 -2 1154 78 1856 702
Back Back 0 0 78 62 172 94
Back Back 0 0 62 78 124 62
Back Back 0 0 78 78 141 63
Back A -2 12 78 187 702 624
A R 1 -3 187 171 156 -31
R E 0 1 171 94 109 -62
E Space -3 -1 94 78 328 234
Space Right 0 -9 78 811 858 780
Right Left 0 2 811 62 1310 499
Left Left 0 0 62 671 156 94
Left Left 0 0 671 47 983 312
Left Left 0 0 47 78 171 124
Left Back 4 -2 78 78 578 500
Back Right -4 0 78 1014 624 546
Right Right 0 0 1014 15 1326 312
Right Right 0 0 15 78 109 94
Right Space 0 9 78 93 780 702
Space I 3 -4 93 93 281 188
I N -2 2 93 62 218 125
N Space -1 2 62 94 140 78
Space S 2 2 94 156 234 140
S N -1 -4 156 78 141 -15
N O 2 -3 78 78 234 156
O W 0 7 78 171 156 78
W OemPeriod -2 -7 171 94 1045 874
OemPeriod Space -1 5 94 62 281 187
Space LShiftKey 1 4 62 172 249 187
LShiftKey T 2 -5 172 62 141 -31
T H -1 -1 62 62 156 94
H R 1 2 62 62 234 172
R E 0 1 62 125 140 78
E Space -3 -1 125 78 265 140
Space Oemplus 4 -8 78 78 328 250
Oemplus Back 0 -1 78 78 577 499
Back Back 0 0 78 78 141 63
Back Back 0 0 78 93 312 234
Back Back 0 0 93 109 187 94
Back E -1 10 109 109 452 343
E R 0 -1 109 62 94 -15
R E 0 1 62 78 125 63
E Space -3 -1 78 63 202 124
Space A 2 3 63 156 234 171
A R 1 -3 156 94 203 47
R E 0 1 94 94 47 -47
E Space -3 -1 94 78 296 202
Space P 3 -6 78 78 890 812
P E 0 7 78 109 249 171
E O 0 -6 109 93 219 110
O P 0 -1 93 78 1123 1030
P L -1 1 78 78 156 78
L E 1 6 78 125 187 109
E Space -3 -1 125 94 140 15
Space F 2 0 94 109 812 718
F R 1 0 109 109 218 109
R O 0 -5 109 109 172 63
O M -2 2 109 78 265 156
M Space -1 3 78 63 218 140
Space A 2 3 63 172 187 124
A L 0 -8 172 47 156 -16
L L 0 0 47 78 94 47
L Space -2 5 78 63 218 140
Space A 2 3 63 94 328 265
A G 0 -4 94 78 78 -16
G E 1 2 78 78 187 109
E Space -3 -1 78 78 125 47
Space G 2 -1 78 62 250 172
G R 1 1 62 109 156 94
R O 0 -5 109 156 249 140
O U 0 2 156 109 125 -31
U P 0 -3 109 78 203 94
P S -1 8 78 156 156 78
S Space -2 -2 156 125 4368 4212
Space W 3 2 125 141 1185 1060
W H -1 -4 141 94 203 62
H O 1 -3 94 94 203 109
O Space -3 5 94 93 250 156
Space S 2 2 93 141 171 78
S E 1 -1 141 63 265 124
E E 0 0 63 93 141 78
E M -2 -4 93 94 187 94
M Space -1 3 94 78 218 124
Space T 3 -1 78 109 203 125
T O 0 -4 109 125 156 47
O Space -3 5 125 78 250 125
Space B 1 -1 78 78 203 125
B E 2 2 78 94 140 62
E Space -3 -1 94 78 125 31
Space E 3 1 78 140 1061 983
E N -2 -3 140 78 202 62
N J 1 -1 78 78 780 702
J O 1 -2 78 94 172 94
O Y 0 3 94 94 265 171
Y I 0 -2 94 93 172 78
I N -2 2 93 78 234 141
N G 1 1 78 93 156 78
G Space -2 1 93 78 109 16
Space T 3 -1 78 93 1451 1373
T H -1 -1 93 109 156 63
H E 1 3 109 141 171 62
E Space -3 -1 141 78 141 0
Space D 2 1 78 78 1092 1014
D A 0 2 78 187 296 218
A Y 1 -5 187 94 203 16
Y OemPeriod -2 -3 94 93 12059 11965
OemPeriod Space -1 5 93 93 390 297
Space LShiftKey 1 4 93 172 10467 10374
LShiftKey T 2 -5 172 94 156 -16
T H -1 -1 94 78 203 109
H Back 2 -7 78 78 687 609
Back Back 0 0 78 78 156 78
Back T -1 8 78 94 686 608
T LShiftKey -2 5 94 218 468 374
LShiftKey Back 3 -13 218 140 484 266
Back LShiftKey -3 13 140 203 374 234
LShiftKey T 2 -5 203 110 140 -63
T H -1 -1 110 78 203 93
H I 1 -2 78 78 187 109
I S -1 6 78 188 156 78
S Space -2 -2 188 78 141 -47
Space S 2 2 78 171 1014 936
S H 0 -4 171 78 187 16
H O 1 -3 78 94 187 109
O W 0 7 94 109 156 62
W S -1 0 109 141 234 125
S Space -2 -2 141 63 156 15
Space T 3 -1 63 93 406 343
T H -1 -1 93 47 140 47
H E 1 3 47 94 156 109
E Space -3 -1 94 125 125 31
Space E 3 1 125 93 4353 4228
E X -2 1 93 93 265 172
X C 0 -1 93 109 218 125
C I 2 -5 109 94 203 94
I T 0 3 94 78 1295 1201
T E 0 2 78 156 109 31
E M -2 -4 156 78 187 31
M E 2 4 78 140 125 47
E N -2 -3 140 63 109 -31
N T 2 1 63 93 250 187
T Space -3 1 93 93 156 63
Space O 3 -5 93 78 530 437
O F -1 5 78 156 187 109
F Space -2 0 156 78 172 16
Space T 3 -1 78 93 359 281
T H -1 -1 93 62 156 63
H E 1 3 62 94 140 78
E Space -3 -1 94 78 125 31
Space P 3 -6 78 78 530 452
P E 0 7 78 140 219 141
E O 0 -6 140 62 125 -15
O P 0 -1 62 62 187 125
P L -1 1 62 63 171 109
L E 1 6 63 63 156 93
E Space -3 -1 63 78 141 78
Space Back 4 -9 78 1404 1248 1170
Back Space -4 9 1404 93 2231 827
Space T 3 -1 93 110 280 187
T H -1 -1 110 78 219 109
H E 1 3 78 140 125 47
E Space -3 -1 140 94 124 -16
Space E 3 1 94 109 344 250
E N -2 -3 109 125 140 31
N T 2 1 125 94 530 405
T H -1 -1 94 94 203 109
H U 1 -1 94 62 250 156
U S -1 5 62 94 1310 1248
S I 1 -6 94 78 203 109
I A -1 7 78 172 187 109
A M -1 -6 172 63 187 15
M Space -1 3 63 78 219 156
Space Back 4 -9 78 110 951 873
Back Back 0 0 110 78 188 78
Back S -2 11 78 109 1201 1123
S M -1 -5 109 63 171 62
M Space -1 3 63 78 188 125
Space O 3 -5 78 94 670 592
O F -1 5 94 125 203 109
F Space -2 0 125 78 94 -31
Space T 3 -1 78 93 156 78
T H -1 -1 93 62 156 63
H E 1 3 62 125 156 94
E Space -3 -1 125 78 109 -16
Space P 3 -6 78 78 842 764
P E 0 7 78 156 406 328
E O 0 -6 156 93 1030 874
O P 0 -1 93 78 171 78
P L -1 1 78 78 156 78
L E 1 6 78 140 172 94
E OemPeriod -2 -6 140 46 1061 921
OemPeriod LShiftKey 0 9 46 218 9812 9766
LShiftKey I 2 -8 218 125 156 -62
I Space -3 4 125 63 296 171
Space W 3 2 63 94 1248 1185
W A -1 1 94 141 203 109
A N -1 -5 141 78 203 62
N T 2 1 78 124 172 94
T Space -3 1 124 109 109 -15
Space T 3 -1 109 109 437 328
T O 0 -4 109 78 171 62
O Space -3 5 78 78 265 187
Space W 3 2 78 172 1014 936
W O 0 -7 172 62 250 78
O R 0 5 62 94 187 125
R K -1 -4 94 78 172 78
K Space -2 4 78 94 920 842
Space I 3 -4 94 78 281 187
I N -2 2 78 62 234 156
N Space -1 2 62 94 187 125
Space S 2 2 94 187 905 811
S Y 1 -4 187 78 234 47
Y S -1 4 78 156 203 125
S Back 2 -11 156 93 1373 1217
Back Back 0 0 93 78 171 78
Back Back 0 0 78 109 172 94
Back Back 0 0 109 93 156 47
Back Back 0 0 93 62 187 94
Back Back 0 0 62 78 265 203
Back A -2 12 78 234 858 780
A S 0 -1 234 156 156 -78
S Space -2 -2 156 78 172 16
Space A 2 3 78 172 171 93
A Space -2 -3 172 94 203 31
Space S 2 2 94 250 967 873
S Y 1 -4 250 62 250 0
Y Y 0 0 62 94 686 624
Y Back 1 -7 94 172 858 764
Back T -1 8 172 93 843 671
T E 0 2 93 109 156 63
E M -2 -4 109 62 187 78
M S 1 5 62 187 156 94
S Space -2 -2 187 78 952 765
Space E 3 1 78 156 218 140
E N -2 -3 156 78 140 -16
N G 1 1 78 125 281 203
G I 1 -3 125 94 187 62
I N -2 2 94 62 250 156
N E 2 3 62 109 109 47
E E 0 0 109 78 187 78
E R 0 -1 78 78 234 156
R Space -3 0 78 141 156 78
Space Left 0 -7 141 640 1030 889
Left Left 0 0 640 62 780 140
Left Left 0 0 62 62 156 94
Left Left 0 0 62 94 156 94
Left Left 0 0 94 62 406 312
Left Left 0 0 62 47 265 203
Left Left 0 0 47 93 156 109
Left Left 0 0 93 62 265 172
Left Left 0 0 62 93 203 141
Left S 2 9 93 140 733 640
S Right -2 -11 140 93 484 344
Right Right 0 0 93 93 187 94
Right Right 0 0 93 734 171 78
Right Right 0 0 734 125 1576 842
Right Right 0 0 125 47 234 109
Right OemPeriod 1 4 47 63 2761 2714
OemPeriod Back 3 -4 63 78 1014 951
Back Space -4 9 78 109 375 297
Space I 3 -4 109 125 3151 3042
I N -2 2 125 63 296 171
N Space -1 2 63 78 172 109
Space Back 4 -9 78 78 764 686
Back Back 0 0 78 63 156 78
Back Back 0 0 63 62 141 78
Back Back 0 0 62 109 327 265
Back Oemcomma -3 5 109 62 640 531
Oemcomma Back 3 -5 62 110 405 343
Back OemPeriod -3 4 110 62 344 234
OemPeriod Space -1 5 62 78 265 203
Space LShiftKey 1 4 78 234 296 218
LShiftKey F 1 -4 234 62 219 -15
F R 1 0 62 78 156 94
R O 0 -5 78 94 249 171
O Oemcomma -2 1 94 63 234 140
Oemcomma Space -1 4 63 93 297 234
Space Back 4 -9 93 94 514 421
Back Back 0 0 94 94 172 78
Back M -3 6 94 78 874 780
M Space -1 3 78 78 187 109
Space F 2 0 78 78 1263 1185
F I 1 -4 78 94 234 156
I V -2 4 94 94 203 109
V E 2 1 94 156 156 62
E Space -3 -1 156 63 109 -47
Space Y 3 -2 63 63 234 171
Y E 0 3 63 93 422 359
E A -1 2 93 141 171 78
A R 1 -3 141 109 125 -16
R S -1 2 109 156 203 94
S Space -2 -2 156 94 405 249
Space F 2 0 94 203 250 156
F R 1 0 203 172 109 -94
R O 0 -5 172 109 125 -47
O M -2 2 109 62 234 125
M Space -1 3 62 78 187 125
Space N 1 -2 78 78 515 437
N O 2 -3 78 63 187 109
O W 0 7 63 141 187 124
W Oemcomma -2 -6 141 93 843 702
Oemcomma Space -1 4 93 78 187 94
Space I 3 -4 78 78 265 187
I Space -3 4 78 78 234 156
Space Back 4 -9 78 94 1217 1139
Back Back 0 0 94 62 172 78
Back LShiftKey -3 13 62 202 702 640
LShiftKey I 2 -8 202 109 140 -62
I Space -3 4 109 78 265 156
Space LShiftKey 1 4 78 218 453 375
LShiftKey S 1 -2 218 250 483 265
S E 1 -1 250 125 172 -78
E E 0 0 125 78 951 826
E Space -3 -1 78 93 375 297
Space M 1 -3 93 78 374 281
M Y 2 1 78 62 281 203
Y S -1 4 62 124 172 110
S L 0 -7 124 78 171 47
L E 1 6 78 109 125 47
E F -1 -1 109 94 234 125
F Space -2 0 94 94 156 62
Space A 2 3 94 124 406 312
A T 1 -4 124 78 249 125
T Back 1 -8 78 62 796 718
Back Back 0 0 62 62 156 94
Back Back 0 0 62 78 125 63
Back Back 0 0 78 93 109 31
Back Back 0 0 93 94 140 47
Back Back 0 0 94 109 156 62
Back E -1 10 109 125 593 484
E L -1 -6 125 78 390 265
L F 0 5 78 94 156 78
F Space -2 0 94 47 203 109
Space A 2 3 47 156 218 171
A T 1 -4 156 93 375 219
T Space -3 1 93 78 296 203
Space A 2 3 78 125 187 109
A Space -2 -3 125 47 187 62
Space N 1 -2 47 109 1264 1217
N I 2 -2 109 78 172 63
I C -2 5 78 202 156 78
C E 2 0 202 187 140 -62
E Space -3 -1 187 78 172 -15
Space P 3 -6 78 188 592 514
P O 0 1 188 94 125 -63
O S -1 7 94 140 219 125
S I 1 -6 140 62 421 281
I T 0 3 62 125 156 94
T I 0 -3 125 203 187 62
I O 0 -1 203 125 140 -63
O M -2 2 125 62 406 281
M Back 3 -6 62 109 936 874
Back Back 0 0 109 889 1014 905
Back Back 0 0 889 124 3136 2247
Back Back 0 0 124 93 2340 2216
Back Back 0 0 93 125 187 94
Back Back 0 0 125 156 405 280
Back Space -4 9 156 124 1124 968
Space W 3 2 124 125 577 453
W O 0 -7 125 78 530 405
O R 0 5 78 94 234 156
R K -1 -4 94 62 172 78
K I 1 0 62 78 1232 1170
I N -2 2 78 62 219 141
N G 1 1 62 110 124 62
G Space -2 1 110 93 141 31
Space I 3 -4 93 109 3260 3167
I N -2 2 109 47 250 141
N Space -1 2 47 78 156 109
Space A 2 3 78 171 281 203
A Space -2 -3 171 110 124 -47
Space N 1 -2 110 94 1264 1154
N I 2 -2 94 109 172 78
I C -2 5 109 265 187 78
C E 2 0 265 218 125 -140
E Space -3 -1 218 109 234 16
Space C 1 1 109 46 437 328
C O 2 -6 46 140 109 63
O M -2 2 140 63 296 156
M A 1 6 63 187 172 109
A O 1 -8 187 156 93 -94
O N -2 3 156 78 281 125
N Y 2 0 78 63 265 187
Y Back 1 -7 63 94 796 733
Back Back 0 0 94 62 172 78
Back Back 0 0 62 47 140 78
Back Back 0 0 47 78 109 62
Back P -1 3 78 93 999 921
P A -1 9 93 187 187 94
A N -1 -5 187 63 218 31
N Y 2 0 63 63 234 171
Y Space -3 2 63 78 406 343
Space W 3 2 78 125 499 421
W H -1 -4 125 62 156 31
H I 1 -2 62 78 203 141
I C -2 5 78 141 140 62
C H 1 -3 141 94 125 -16
H Space -2 2 94 78 265 171
Space H 2 -2 78 78 702 624
H A 0 5 78 109 141 63
A S 0 -1 109 78 265 156
S Space -2 -2 78 78 125 47
Space A 2 3 78 125 202 124
A Space -2 -3 125 63 156 31
Space L 2 -5 63 78 328 265
L O 1 0 78 78 203 125
O T 0 4 78 110 249 171
T Space -3 1 110 78 141 31
Space O 3 -5 78 94 374 296
O F -1 5 94 78 172 78
F Space -2 0 78 94 109 31
Space A 2 3 94 125 234 140
A Back 2 -12 125 125 593 468
Back S -2 11 125 109 546 421
S C -1 -1 109 140 234 125
C O 2 -6 140 94 218 78
O P 0 -1 94 78 281 187
P E 0 7 78 78 187 109
E Space -3 -1 78 94 702 624
Space T 3 -1 94 125 156 62
T O 0 -4 125 124 141 16
O Space -3 5 124 93 265 141
Space L 2 -5 93 63 296 203
L E 1 6 63 62 172 109
E A -1 2 62 140 702 640
A R 1 -3 140 156 1217 1077
R N -2 -2 156 78 171 15
N Space -1 2 78 93 250 172
Space A 2 3 93 156 983 890
A N -1 -5 156 94 140 -16
N D 1 3 94 109 172 78
D Space -2 -1 109 93 78 -31
Space D 2 1 93 171 1747 1654
D E 1 0 171 172 109 -62
E L -1 -6 172 94 234 62
L I 1 1 94 78 234 140
I V -2 4 78 62 546 468
V E 2 1 62 171 172 110
E R 0 -1 171 140 156 -15
R Space -3 0 140 125 733 593
Space Back 4 -9 125 110 483 358
Back Back 0 0 110 62 172 62
Back Back 0 0 62 62 125 63
Back Back 0 0 62 62 125 63
Back Back 0 0 62 63 124 62
Back Back 0 0 63 93 110 47
Back Back 0 0 93 78 296 203
Back Back 0 0 78 78 172 94
Back W -1 11 78 140 577 499
W H -1 -4 140 78 156 16
H I 1 -2 78 78 203 125
I C -2 5 78 140 156 78
C H 1 -3 140 94 124 -16
H Space -2 2 94 93 219 125
Space G 2 -1 93 78 234 141
G I 1 -3 78 78 218 140
I V -2 4 78 62 219 141
V E 2 1 62 109 109 47
E S -1 1 109 109 234 125
S Space -2 -2 109 78 15 -94
Space M 1 -3 78 78 250 172
M E 2 4 78 109 109 31
E Space -3 -1 109 94 125 16
Space O 3 -5 94 125 2262 2168
O P 0 -1 125 94 234 109
P P 0 0 94 78 468 374
P O 0 1 78 141 764 686
O R 0 5 141 62 484 343
R T 0 -1 62 63 296 234
T U 0 -2 63 63 390 327
U N -2 1 63 78 250 187
N I 2 -2 78 62 250 172
I T 0 3 62 125 202 140
T Y 0 -1 125 78 141 16
Y Space -3 2 78 78 359 281
Space T 3 -1 78 94 717 639
T O 0 -4 94 78 141 47
O Space -3 5 78 93 312 234
Space S 2 2 93 188 1684 1591
S H 0 -4 188 78 172 -16
H O 1 -3 78 94 218 140
O W 0 7 94 109 172 78
W Space -3 -2 109 63 140 31
Space M 1 -3 63 78 234 171
M Y 2 1 78 93 266 188
Y Space -3 2 93 78 218 125
Space S 2 2 78 125 187 109
S K 0 -6 125 63 156 31
K I 1 0 63 94 156 93
I L -1 -1 94 62 203 109
L L 0 0 62 78 94 32
L S 0 7 78 109 140 62
S OemPeriod -1 -7 109 78 749 640
OemPeriod Space -1 5 78 78 312 234
Space LShiftKey 1 4 78 546 3572 3494
LShiftKey I 2 -8 546 141 421 -125
I Space -3 4 141 62 266 125
Space T 3 -1 62 110 202 140
T H -1 -1 110 171 141 31
H I 1 -2 171 94 109 -62
I N -2 2 94 203 234 140
N K 1 -2 203 140 125 -78
K Space -2 4 140 93 281 141
Space H 2 -2 93 78 1045 952
H A 0 5 78 187 140 62
A R 1 -3 187 47 203 16
R D -1 1 47 78 156 109
D W 1 1 78 125 1685 1607
W O 0 -7 125 93 156 31
O R 0 5 93 124 203 110
R K -1 -4 124 62 187 63
K Space -2 4 62 78 187 125
Space I 3 -4 78 78 234 156
I S -1 6 78 156 156 78
S Space -2 -2 156 109 94 -62
Space T 3 -1 109 78 218 109
T H -1 -1 78 109 94 16
H E 1 3 109 125 171 62
E Space -3 -1 125 94 78 -47
Space O 3 -5 94 110 343 249
O N -2 3 110 78 250 140
N L 1 -3 78 78 203 125
L Y 1 3 78 78 281 203
Y Space -3 2 78 78 171 93
Space W 3 2 78 62 250 172
W A -1 1 62 141 639 577
A Y 1 -5 141 109 141 0
Y Space -3 2 109 78 312 203
Space T 3 -1 78 93 390 312
T O 0 -4 93 109 125 32
O Space -3 5 109 78 265 156
Space A 2 3 78 125 1029 951
A C -1 -2 125 125 359 234
C H 1 -3 125 62 141 16
H I 1 -2 62 78 171 109
I E 0 5 78 93 141 63
E V -2 -1 93 62 140 47
V E 2 1 62 94 109 47
E Space -3 -1 94 78 141 47
Space T 3 -1 78 109 1513 1435
T H -1 -1 109 94 140 31
H E 1 3 94 125 156 62
E Space -3 -1 125 78 109 -16
Space O 3 -5 78 94 468 390
O N -2 3 94 93 219 125
N E 2 3 93 63 171 78
E S -1 1 63 125 203 140
S Back 2 -11 125 93 874 749
Back Back 0 0 93 78 171 78
Back Back 0 0 78 78 141 63
Back Back 0 0 78 78 125 47
Back G -2 8 78 94 873 795
G O 1 -4 94 47 359 265
O A -1 8 47 156 484 437
A L 0 -8 156 63 171 15
L S 0 7 63 125 125 62
S Left -2 -9 125 1388 702 577
Left Left 0 0 1388 968 1622 234
Left Right 0 -2 968 63 1997 1029
Right Right 0 0 63 47 156 93
Right Right 0 0 47 94 109 62
Right Space 0 9 94 156 484 390
Space Right 0 -9 156 1201 406 250
Right Back 4 0 1201 78 3432 2231
Back Back 0 0 78 78 3307 3229
Back OemPeriod -3 4 78 63 452 374
OemPeriod Space -1 5 63 78 6459 6396
Space LShiftKey 1 4 78 203 514 436
LShiftKey Y 2 -6 203 109 125 -78
Y E 0 3 109 93 250 141
E S -1 1 93 188 171 78
S Oemcomma -1 -6 188 78 796 608
Oemcomma Space -1 4 78 63 187 109
Space LShiftKey 1 4 63 187 453 390
LShiftKey U 2 -7 187 93 156 -31
U B -2 2 93 62 218 125
B Space -1 1 62 78 140 78
Space I 3 -4 78 78 203 125
I S -1 6 78 141 187 109
S Space -2 -2 141 47 156 15
Space G 2 -1 47 62 1826 1779
G E 1 2 62 93 156 94
E T 0 -2 93 62 156 63
T T 0 0 62 78 93 31
T I 0 -3 78 78 297 219
I N -2 2 78 78 202 124
N G 1 1 78 78 141 63
G Space -2 1 78 78 140 62
Space M 1 -3 78 78 312 234
M E 2 4 78 156 172 94
E Space -3 -1 156 78 171 15
Space O 3 -5 78 78 1202 1124
O N -2 3 78 94 218 140
N E 2 3 94 94 187 93
E Space -3 -1 94 78 78 -16
Space S 2 2 78 109 437 359
S T 1 -3 109 78 265 156
T E 0 2 78 125 312 234
E P 0 -7 125 141 187 62
P Space -3 6 141 78 344 203
Space C 1 1 78 109 499 421
C L 1 -6 109 78 171 62
L O 1 0 78 63 203 125
O S -1 7 63 125 156 93
S E 1 -1 125 250 437 312
E R 0 -1 250 203 156 -94
R Space -3 0 203 94 218 15
Space T 3 -1 94 125 515 421
T O 0 -4 125 109 156 31
O Space -3 5 109 62 250 141
Space M 1 -3 62 63 171 109
M Y 2 1 63 47 156 93
Y Space -3 2 47 78 141 94
Space G 2 -1 78 93 312 234
G O 1 -4 93 78 249 156
O A -1 8 78 140 172 94
A L 0 -8 140 46 172 32
L S 0 7 46 78 421 375
S Space -2 -2 78 94 452 374
Space Back 4 -9 94 109 2153 2059
Back Left -4 2 109 1794 936 827
Left Left 0 0 1794 125 2324 530
Left Back 4 -2 125 78 718 593
Back B -3 8 78 140 952 874
B LShiftKey 0 5 140 250 1341 1201
LShiftKey B 0 -5 250 124 141 -109
B Back 3 -8 124 78 1622 1498
Back LShiftKey -3 13 78 187 718 640
LShiftKey B 0 -5 187 93 156 -31
B Back 3 -8 93 94 951 858
Back LShiftKey -3 13 94 203 3838 3744
LShiftKey B 0 -5 203 171 125 -78
B OemPeriod 0 -4 171 78 6318 6147
OemPeriod Space -1 5 78 78 296 218
Space LShiftKey 1 4 78 202 1233 1155
LShiftKey L 1 -9 202 94 140 -62
L U 1 2 94 62 250 156
U C -2 4 62 156 343 281
C K 1 -5 156 109 125 -31
K Space -2 4 109 94 280 171
Space P 3 -6 94 109 640 546
P L -1 1 109 78 187 78
L A 0 8 78 187 141 63
A Y 1 -5 187 63 171 -16
Y S -1 4 63 219 156 93
S Space -2 -2 219 78 156 -63
Space A 2 3 78 203 655 577
A Space -2 -3 203 171 266 63
Space S 2 2 171 125 608 437
S M -1 -5 125 78 187 62
M A 1 6 78 141 156 78
A L 0 -8 141 62 141 0
L L 0 0 62 78 140 78
L Space -2 5 78 78 218 140
Space R 3 0 78 78 515 437
R O 0 -5 78 62 172 94
O L -1 0 62 78 140 78
L E 1 6 78 125 156 78
E Space -3 -1 125 94 156 31
Space B 1 -1 94 94 515 421
B U 2 -2 94 78 203 109
U T 0 2 78 78 156 78
T Space -3 1 78 63 140 62
Space I 3 -4 63 63 4212 4149
I F -1 4 63 172 234 171
F Space -2 0 172 109 125 -47
Space O 3 -5 109 78 4274 4165
O N -2 3 78 78 234 156
N E 2 3 78 125 125 47
E Space -3 -1 125 78 125 0
Space H 2 -2 78 78 406 328
H A 0 5 78 218 156 78
A Back 2 -12 218 125 873 655
Back Back 0 0 125 32 343 218
Back W -1 11 32 141 1529 1497
W O 0 -7 141 109 156 15
O R 0 5 109 109 250 141
R K -1 -4 109 78 156 47
K S 0 6 78 156 125 47
S Space -2 -2 156 78 171 15
Space R 3 0 78 78 562 484
R E 0 1 78 94 171 93
E A -1 2 94 156 156 62
A L 0 -8 156 62 172 16
L L 0 0 62 78 109 47
L Y 1 3 78 94 234 156
Y Space -3 2 94 78 219 125
Space B 1 -1 78 63 171 93
B H 1 -1 63 78 609 546
H A 0 5 78 203 187 109
A R 1 -3 203 78 187 -16
R Back 1 -9 78 62 593 515
Back Back 0 0 62 78 140 78
Back Back 0 0 78 62 125 47
Back Back 0 0 62 78 125 63
Back H -2 7 78 63 639 561
H A 0 5 63 171 141 78
A R 1 -3 171 47 156 -15
R D -1 1 47 62 156 109
D Oemcomma -1 -5 62 78 717 655
Oemcomma Space -1 4 78 78 188 110
Space L 2 -5 78 63 670 592
L U 1 2 63 46 266 203
U C -2 4 46 140 1154 1108
C K 1 -5 140 78 125 -15
K Space -2 4 78 78 249 171
Space I 3 -4 78 78 874 796
I S -1 6 78 156 172 94
S Space -2 -2 156 63 124 -32
Space I 3 -4 63 94 234 171
I N -2 2 94 78 203 109
N Space -1 2 78 93 172 94
Space F 2 0 93 78 1185 1092
F A 0 3 78 156 156 78
A V -1 -3 156 78 141 -15
V O 2 -5 78 172 296 218
O U 0 2 172 109 141 -31
U R 0 3 109 125 187 78
R Space -3 0 125 94 109 -16
Space O 3 -5 94 109 250 156
O F -1 5 109 125 202 93
F Space -2 0 125 78 141 16
Space T 3 -1 78 78 265 187
T H -1 -1 78 94 156 78
H A 0 5 94 171 125 31
A T 1 -4 171 94 140 -31
T Space -3 1 94 94 234 140
Space O 3 -5 94 93 250 156
O E 0 6 93 218 156 63
E R 0 -1 218 125 140 -78
R S -1 2 125 125 281 156
S O 1 -7 125 109 94 -31
O N -2 3 109 78 234 125
N Back 3 -7 78 78 842 764
Back Back 0 0 78 78 156 78
Back Back 0 0 78 344 140 62
Back Back 0 0 344 62 531 187
Back Back 0 0 62 63 140 78
Back Back 0 0 63 62 125 62
Back Back 0 0 62 749 125 63
Back Back 0 0 749 47 1076 327
Back Back 0 0 47 94 125 78
Back Back 0 0 94 109 265 171
Back O -1 4 109 94 593 484
O R 0 5 94 94 218 124
R Space -3 0 94 93 110 16
Space O 3 -5 93 109 1107 1014
O F -1 5 109 125 234 125
F Space -2 0 125 78 109 -16
Space T 3 -1 78 46 188 110
T H -1 -1 46 62 140 94
H A 0 5 62 171 203 141
A T 1 -4 171 140 125 -46
T Space -3 1 140 78 296 156
Space O 3 -5 78 62 281 203
O E 0 6 62 156 156 94
E R 0 -1 156 94 93 -63
R S -1 2 94 109 250 156
S O 1 -7 109 78 94 -15
O N -2 3 78 78 202 124
N Back 3 -7 78 94 827 749
Back Back 0 0 94 62 172 78
Back Back 0 0 62 78 125 63
Back Back 0 0 78 62 140 62
Back Back 0 0 62 62 125 63
Back Back 0 0 62 93 515 453
Back P -1 3 93 63 358 265
P E 0 7 63 125 234 171
E R 0 -1 125 110 78 -47
R S -1 2 110 109 250 140
S O 1 -7 109 47 125 16
O N -2 3 47 78 249 202
N OemPeriod 0 -3 78 78 843 765
OemPeriod Back 3 -4 78 78 6770 6692
Back Space -4 9 78 94 17051 16973
Space LShiftKey 1 4 94 234 5990 5896
LShiftKey L 1 -9 234 125 156 -78
L U 1 2 125 62 266 141
U Back 1 -6 62 109 546 484
Back Back 0 0 109 62 187 78
Back Back 0 0 62 47 296 234
Back Space -4 9 47 93 531 484
Space LShiftKey 1 4 93 281 296 203
LShiftKey T 2 -5 281 93 250 -31
T H -1 -1 93 63 280 187
H E 1 3 63 94 156 93
E R 0 -1 94 46 110 16
R E 0 1 46 78 93 47
E Space -3 -1 78 94 187 109
Space I 3 -4 94 78 266 172
I S -1 6 78 109 171 93
S Space -2 -2 109 78 125 16
Space A 2 3 78 110 296 218
A B -1 -4 110 78 125 15
B L 1 -4 78 78 609 531
L Back 2 -4 78 125 951 873
Back S -2 11 125 156 609 484
S O 1 -7 156 78 171 15
O U 0 2 78 78 562 484
U T 0 2 78 62 234 156
T E 0 2 62 110 93 31
E L -1 -6 110 62 188 78
L Y 1 3 62 78 187 125
Y Space -3 2 78 78 171 93
Space Back 4 -9 78 78 796 718
Back Back 0 0 78 62 172 94
Back Back 0 0 62 47 171 109
Back Back 0 0 47 78 125 78
Back Back 0 0 78 94 468 390
Back Back 0 0 94 109 312 218
Back L -2 4 109 78 796 687
L U 1 2 78 62 265 187
U T 0 2 62 62 234 172
T E 0 2 62 140 109 47
E L -1 -6 140 78 187 47
L Y 1 3 78 63 265 187
Y Space -3 2 63 78 125 62
Space N 1 -2 78 78 1935 1857
N O 2 -3 78 93 187 109
O Space -3 5 93 78 234 141
Space A 2 3 78 172 343 265
A L 0 -8 172 78 125 -47
L T 1 4 78 78 265 187
T E 0 2 78 125 140 62
E R 0 -1 125 78 110 -15
R N -2 -2 78 63 358 280
N A 1 5 63 187 110 47
A T 1 -4 187 93 156 -31
T I 0 -3 93 109 234 141
I V -2 4 109 78 234 125
V E 2 1 78 94 140 62
E Space -3 -1 94 63 109 15
Space T 3 -1 63 94 203 140
T O 0 -4 94 78 125 31
O Space -3 5 78 78 265 187
Space H 2 -2 78 78 484 406
H A 0 5 78 156 140 62
A R 1 -3 156 47 203 47
R D -1 1 47 62 203 156
D W 1 1 62 125 358 296
W Space -3 -2 125 78 500 375
Space Back 4 -9 78 109 421 343
Back Back 0 0 109 94 171 62
Back Space -4 9 94 78 390 296
Space W 3 2 78 156 266 188
W O 0 -7 156 78 717 561
O R 0 5 78 141 265 187
R K -1 -4 141 63 515 374
K OemPeriod -1 -1 63 62 999 936
OemPeriod Space -1 5 62 78 265 203
Space LShiftKey 1 4 78 218 187 109
LShiftKey I 2 -8 218 78 187 -31
I T 0 3 78 109 312 234
T Space -3 1 109 78 187 78
Space W 3 2 78 62 562 484
W A -1 1 62 63 218 156
A Back 2 -12 63 94 390 327
Back Back 0 0 94 62 188 94
Back I -1 5 62 94 592 530
I S -1 6 94 125 141 47
S Space -2 -2 125 78 109 -16
Space T 3 -1 78 93 203 125
T H -1 -1 93 62 109 16
H E 1 3 62 109 203 141
E Space -3 -1 109 63 93 -16
Space O 3 -5 63 93 219 156
O N -2 3 93 78 203 110
N L 1 -3 78 78 202 124
L Y 1 3 78 78 141 63
Y Space -3 2 78 63 171 93
Space W 3 2 63 62 297 234
W A -1 1 62 125 218 156
A Y 1 -5 125 109 156 31
Y Space -3 2 109 78 312 203
Space T 3 -1 78 93 375 297
T O 0 -4 93 109 171 78
O Space -3 5 109 78 343 234
Space S 2 2 78 171 344 266
S U 1 -5 171 94 218 47
U C -2 4 94 94 296 202
C E 2 0 94 94 250 156
E Back 1 -10 94 141 842 748
Back C -3 10 141 78 562 421
C E 2 0 78 78 187 109
E S -1 1 78 62 250 172
S S 0 0 62 94 156 94
S OemPeriod -1 -7 94 109 1903 1809
OemPeriod U 2 2 109 125 69436 69327
U B -2 2 125 78 281 156
B Return 1 -7 78 78 2979 2901
Return Return 0 0 78 47 1108 1030
Return D 0 9 47 124 4246 4199
D A 0 2 124 156 218 94
A T 1 -4 156 93 125 -31
T A -1 4 93 125 218 125
A C -1 -2 125 156 406 281
C O 2 -6 156 93 203 47
O L -1 0 93 46 234 141
L L 0 0 46 78 124 78
L E 1 6 78 78 110 32
E C -2 0 78 109 218 140
C T 2 -2 109 140 281 172
T I 0 -3 140 172 171 31
I O 0 -1 172 124 110 -62
O N -2 3 124 78 234 110
N Return 1 -6 78 94 280 202
Return V -1 8 94 118 32092 31998
V A 1 3 118 187 103 -15
A R 1 -3 187 100 207 20
R D -1 1 100 118 4387 4287
D A 0 2 118 137 148 30
A T 1 -4 137 83 117 -20
T A -1 4 83 87 103 20
A W 1 -1 87 230 57870 57783
W E 0 -1 230 140 150 -80
E A -1 2 140 160 280 140
A T 1 -4 160 100 260 100
T H -1 -1 100 100 230 130
H E 1 3 100 170 200 100
E R 0 -1 170 190 70 -100
R N -2 -2 190 220 65052 64862
N E 2 3 220 230 160 -60
E W 0 1 230 232 130 -100
W A -1 1 232 132 231207 230975
A M -1 -6 132 175 380 248
