D9 D6 0 3 172 141 749 577
D6 D4 0 2 141 172 234 93
D4 D5 0 -1 172 109 234 62
D5 Return -2 -7 109 94 936 827
Return LShiftKey -1 12 94 702 15226 15132
LShiftKey W 2 -2 702 156 515 -187
W H -1 -4 156 109 218 62
H E 1 3 109 109 874 765
E N -2 -3 109 78 171 62
N Space -1 2 78 109 203 125
Space LShiftKey 1 4 109 203 312 203
LShiftKey I 2 -8 203 109 109 -94
I Space -3 4 109 140 297 188
Space W 3 2 140 109 639 499
W A -1 1 109 109 250 141
A S 0 -1 109 78 218 109
S Space -2 -2 78 140 94 16
Space D1 4 3 140 110 405 265
D1 D7 0 -6 110 109 344 234
D7 Oemcomma -3 -1 109 94 1466 1357
Oemcomma Space -1 4 94 125 218 124
Space LShiftKey 1 4 125 203 219 94
LShiftKey I 2 -8 203 78 156 -47
I Space -3 4 78 93 281 203
Space R 3 0 93 93 156 63
R E 0 1 93 94 202 109
E A -1 2 94 141 312 218
A D 0 -2 141 109 328 187
D Space -2 -1 109 125 234 125
Space A 2 3 125 78 530 405
A Space -2 -3 78 109 110 32
Space Q 3 3 109 109 327 218
Q U 0 -6 109 94 359 250
U O 0 -2 94 93 250 156
O T 0 4 93 78 156 63
T E 0 2 78 110 202 124
E Space -3 -1 110 109 203 93
Space T 3 -1 109 78 687 578
T H -1 -1 78 94 124 46
H A 0 5 94 125 172 78
A T 1 -4 125 94 78 -47
T Space -3 1 94 109 234 140
Space W 3 2 109 93 125 16
W E 0 -1 93 78 218 125
E N -2 -3 78 78 125 47
N T 2 1 78 78 172 94
T Space -3 1 78 125 171 93
Space S 2 2 125 94 702 577
S O 1 -7 94 62 141 47
O M -2 2 62 94 202 140
M E 2 4 94 78 63 -31
E T 0 -2 78 78 249 171
T H -1 -1 78 94 94 16
H I 1 -2 94 78 203 109
I N -2 2 78 93 203 125
N G 1 1 93 78 78 -15
G Space -2 1 78 94 93 15
Space L 2 -5 94 141 234 140
L I 1 1 141 78 250 109
I K -1 0 78 94 171 93
K E 1 5 94 109 141 47
E RShiftKey -2 -8 109 515 858 749
RShiftKey Oem1 1 1 515 125 327 -188
Oem1 Space -2 6 125 125 172 47
Space RShiftKey 1 -7 125 1154 780 655
RShiftKey Oem7 1 0 1154 171 905 -249
Oem7 LShiftKey -1 11 171 250 405 234
LShiftKey I 2 -8 250 94 203 -47
I F -1 4 94 109 281 187
F Space -2 0 109 109 265 156
Space Y 3 -2 109 78 843 734
Y O 0 -3 78 94 62 -16
O U 0 2 94 78 281 187
U Space -3 3 78 78 234 156
Space L 2 -5 78 78 218 140
L I 1 1 78 93 219 141
I V -2 4 93 94 93 0
V E 2 1 94 109 172 78
E Space -3 -1 109 109 125 16
Space E 3 1 109 78 124 15
E A -1 2 78 109 250 172
A C -1 -2 109 109 265 156
C H 1 -3 109 93 94 -15
H Space -2 2 93 141 218 125
Space D 2 1 141 63 156 15
D A 0 2 63 110 187 124
A Y 1 -5 110 78 94 -16
Y Space -3 2 78 109 655 577
Space A 2 3 109 109 484 375
A S 0 -1 109 93 234 125
S Space -2 -2 93 110 93 0
Space I 3 -4 110 63 468 358
I F -1 4 63 109 125 62
F Space -2 0 109 78 203 94
Space I 3 -4 78 78 1388 1310
I T 0 3 78 78 250 172
T Space -3 1 78 140 156 78
Space W 3 2 140 78 296 156
W A -1 1 78 109 219 141
A S 0 -1 109 78 218 109
S Space -2 -2 78 110 78 0
Space Y 3 -2 110 78 406 296
Y O 0 -3 78 110 140 62
O U 0 2 110 78 297 187
U R 0 3 78 109 125 47
R Space -3 0 109 109 187 78
Space L 2 -5 109 94 405 296
L Oem1 0 -1 94 62 16 -78
Oem1 A 0 9 62 78 109 47
A Back 2 -12 78 78 484 406
Back Back 0 0 78 78 452 374
Back A -2 12 78 94 546 468
A S 0 -1 94 109 203 109
S T 1 -3 109 94 78 -31
T Space -3 1 94 125 265 171
Space D 2 1 125 62 172 47
D A 0 2 62 93 203 141
A Y 1 -5 93 94 93 0
Y Back 1 -7 94 78 1295 1201
Back Back 0 0 78 78 234 156
Back Back 0 0 78 94 499 421
Back Back 0 0 94 94 265 171
Back Oemcomma -3 5 94 93 1046 952
Oemcomma Space -1 4 93 109 234 141
Space S 2 2 109 78 858 749
S O 1 -7 78 93 187 109
O M -2 2 93 203 265 172
M E 2 4 203 110 140 -63
E D -1 0 110 94 281 171
D A 0 2 94 94 265 171
A Y 1 -5 94 78 78 -16
Y Space -3 2 78 109 250 172
Space Y 3 -2 109 109 328 219
Y O 0 -3 109 94 171 62
O U 0 2 94 63 265 171
U Oemcomma -2 -1 63 78 983 920
Oemcomma L 1 -1 78 109 468 390
L L 0 0 109 109 203 94
L Space -2 5 109 110 686 577
Space M 1 -3 110 94 562 452
M O 2 -2 94 94 234 140
O S -1 7 94 94 234 140
S T 1 -3 94 109 125 31
T Space -3 1 109 125 249 140
Space C 1 1 125 109 125 0
C E 2 0 109 93 219 110
E R 0 -1 93 94 249 156
R T 0 -1 94 78 219 125
T A -1 4 78 125 109 31
A I 1 -7 125 94 327 202
I N -2 2 94 94 234 140
N L 1 -3 94 94 250 156
L Y 1 3 94 78 109 15
Y Space -3 2 78 109 172 94
Space B 1 -1 109 109 1123 1014
B E 2 2 109 109 187 78
E Space -3 -1 109 109 125 16
Space R 3 0 109 94 140 31
R I 0 -4 94 94 234 140
I G -1 3 94 94 203 109
G H 0 -1 94 94 109 15
H T 1 1 94 78 141 47
T OemPeriod -2 -4 78 93 1607 1529
OemPeriod RShiftKey 0 -2 93 624 249 156
RShiftKey Oem7 1 0 624 172 421 -203
Oem7 Space -2 7 172 94 1794 1622
Space LShiftKey 1 4 94 156 578 484
LShiftKey I 2 -8 156 125 124 -32
I T 0 3 125 93 375 250
T Space -3 1 93 110 327 234
Space M 1 -3 110 94 234 124
M A 1 6 94 94 125 31
A D 0 -2 94 78 297 203
D E 1 0 78 93 187 109
E Space -3 -1 93 140 109 16
Space A 2 3 140 141 187 47
A N -1 -5 141 78 156 15
N Space -1 2 78 125 250 172
Space I 3 -4 125 94 3759 3634
I M -2 1 94 124 266 172
M P 2 -3 124 156 358 234
P R 0 6 156 109 172 16
R E 0 1 109 110 218 109
E S -1 1 110 110 234 124
S S 0 0 110 124 188 78
S I 1 -6 124 93 109 -15
I O 0 -1 93 109 187 94
O N -2 3 109 93 281 172
N Space -1 2 93 109 187 94
Space O 3 -5 109 78 250 141
O N -2 3 78 78 234 156
N Space -1 2 78 94 202 124
Space M 1 -3 94 109 188 94
M E 2 4 109 94 124 15
E Oemcomma -2 -5 94 109 1529 1435
Oemcomma Space -1 4 109 156 219 110
Space A 2 3 156 109 156 0
A N -1 -5 109 109 171 62
N D 1 3 109 109 141 32
D Space -2 -1 109 124 156 47
Space S 2 2 124 125 140 16
S I 1 -6 125 125 156 31
I N -2 2 125 140 250 125
N C 0 3 140 93 109 -31
C E 2 0 93 78 187 94
E Space -3 -1 78 141 62 -16
Space T 3 -1 141 109 219 78
T H -1 -1 109 125 93 -16
H E 1 3 125 124 188 63
E N -2 -3 124 124 156 32
N Space -1 2 124 140 312 188
Space Back 4 -9 140 78 1248 1108
Back Oemcomma -3 5 78 78 390 312
Oemcomma Space -1 4 78 125 187 109
Space F 2 0 125 93 203 78
F O 1 -5 93 109 140 47
O R 0 5 109 93 94 -15
R Space -3 0 93 109 187 94
Space T 3 -1 109 94 93 -16
T H -1 -1 94 93 188 94
H E 1 3 93 124 78 -15
E Space -3 -1 124 109 187 63
Space P 3 -6 109 125 546 437
P A -1 9 125 94 140 15
A S 0 -1 94 93 219 125
S T 1 -3 93 109 156 63
T Space -3 1 109 109 530 421
Space D3 4 1 109 78 1217 1108
D3 D3 0 0 78 94 171 93
D3 Space -4 -1 94 124 110 16
Space Y 3 -2 124 94 327 203
Y E 0 3 94 94 109 15
E A -1 2 94 109 250 156
A R 1 -3 109 93 125 16
R S -1 2 93 110 171 78
S Space -2 -2 110 125 234 124
Space Back 4 -9 125 78 1342 1217
Back Oemcomma -3 5 78 78 359 281
Oemcomma Space -1 4 78 93 203 125
Space LShiftKey 1 4 93 172 249 156
LShiftKey I 2 -8 172 78 109 -63
I Space -3 4 78 94 234 156
Space H 2 -2 94 94 234 140
H A 0 5 94 78 141 47
A V -1 -3 78 93 125 47
V E 2 1 93 78 171 78
E Space -3 -1 78 125 125 47
Space L 2 -5 125 94 530 405
L O 1 0 94 78 234 140
O O 0 0 78 94 172 94
O K -1 1 94 109 234 140
K E 1 5 109 110 140 31
E D -1 0 110 78 250 140
D Space -2 -1 78 125 47 -31
Space I 3 -4 125 78 281 156
I N -2 2 78 94 218 140
N Space -1 2 94 203 187 93
Space T 3 -1 203 78 219 16
T H -1 -1 78 78 171 93
H E 1 3 78 156 78 0
E Space -3 -1 156 94 203 47
Space M 1 -3 94 47 265 171
M Left -1 -4 47 140 3089 3042
Left Left 0 0 140 858 312 172
Left Left 0 0 858 640 998 140
Left Left 0 0 640 94 749 109
Left Right 0 -2 94 156 328 234
Right Back 4 0 156 93 780 624
Back Oem7 -2 2 93 78 858 765
Oem7 Right -2 -2 78 1170 1997 1919
Right I 3 5 1170 110 2230 1060
I R 0 4 110 109 188 78
R R 0 0 109 125 202 93
R O 0 -5 125 125 141 16
O R 0 5 125 109 2761 2636
R Space -3 0 109 172 156 47
Space E 3 1 172 156 312 140
E V -2 -1 156 78 172 16
V E 2 1 78 94 93 15
E R 0 -1 94 94 203 109
R Y 0 -2 94 78 140 46
Y Space -3 2 78 110 234 156
Space M 1 -3 110 93 453 343
M O 2 -2 93 93 234 141
O R 0 5 93 93 125 32
R N -2 -2 93 94 140 47
N I 2 -2 94 78 203 109
I N -2 2 78 78 203 125
N G 1 1 78 78 93 15
G Space -2 1 78 94 109 31
Space A 2 3 94 47 156 62
A N -1 -5 47 78 94 47
N D 1 3 78 93 203 125
D Space -2 -1 93 218 31 -62
Space A 2 3 218 93 250 32
A S 0 -1 93 94 218 125
S K 0 -6 94 94 78 -16
K E 1 5 94 47 187 93
E D -1 0 47 94 156 109
D Space -2 -1 94 94 125 31
Space M 1 -3 94 94 187 93
M Y 2 1 94 63 234 140
Y S -1 4 63 110 109 46
S E 1 -1 110 78 266 156
E L -1 -6 78 124 156 78
L F 0 5 124 78 171 47
F Space -2 0 78 78 234 156
Space Back 4 -9 78 78 1061 983
Back RShiftKey -3 2 78 717 328 250
RShiftKey Oem1 1 1 717 109 546 -171
Oem1 RShiftKey -1 -1 109 499 1201 1092
RShiftKey Oem7 1 0 499 140 312 -187
Oem7 LShiftKey -1 11 140 234 717 577
LShiftKey I 2 -8 234 78 219 -15
I F -1 4 78 94 452 374
F Space -2 0 94 124 141 47
Space T 3 -1 124 78 171 47
T O 0 -4 78 93 141 63
O D -1 6 93 78 327 234
D A 0 2 78 156 219 141
A Y 1 -5 156 78 140 -16
Y Space -3 2 78 78 281 203
Space I 3 -4 78 78 327 249
I S -1 6 78 109 141 63
S Space -2 -2 109 109 281 172
Space Back 4 -9 109 78 1170 1061
Back Back 0 0 78 93 234 156
Back Back 0 0 93 109 530 437
Back Left -4 2 109 842 1264 1155
Left Right 0 -2 842 156 1107 265
Right Right 0 0 156 203 234 78
Right Space 0 9 203 125 484 281
Space Right 0 -9 125 640 655 530
Right Left 0 2 640 343 780 140
Left Left 0 0 343 125 780 437
Left Left 0 0 125 141 218 93
Left Left 0 0 141 187 2247 2106
Left Left 0 0 187 156 265 78
Left Back 4 -2 156 78 1794 1638
Back RShiftKey -3 2 78 952 374 296
RShiftKey Oem7 1 0 952 172 671 -281
Oem7 Right -2 -2 172 702 1201 1029
Right Right 0 0 702 78 890 188
Right W 3 11 78 78 1918 1840
W E 0 -1 78 93 219 141
E R 0 -1 93 94 187 94
R E 0 1 94 94 140 46
E Space -3 -1 94 110 156 62
Space T 3 -1 110 78 203 93
T H -1 -1 78 93 141 63
H E 1 3 93 78 109 16
E Space -3 -1 78 125 140 62
Space L 2 -5 125 93 328 203
L A 0 8 93 78 171 78
A S 0 -1 78 109 219 141
S T 1 -3 109 78 62 -47
T Space -3 1 78 93 250 172
Space D 2 1 93 62 109 16
D A 0 2 62 94 187 125
A Y 1 -5 94 109 47 -47
Y Space -3 2 109 110 296 187
Space O 3 -5 110 94 1342 1232
O F -1 5 94 93 125 31
F Space -2 0 93 93 125 32
Space M 1 -3 93 78 187 94
M Y 2 1 78 62 265 187
Y Space -3 2 62 94 234 172
Space L 2 -5 94 62 250 156
L I 1 1 62 78 218 156
I F -1 4 78 78 109 31
F E 1 1 78 78 187 109
E Space -3 -1 78 109 203 125
Space Back 4 -9 109 109 640 531
Back Oemcomma -3 5 109 78 421 312
Oemcomma Space -1 4 78 93 203 125
Space W 3 2 93 93 156 63
W O 0 -7 93 109 125 32
O U 0 2 109 78 4258 4149
U L -1 -2 78 109 281 203
L D 0 6 109 109 141 32
D Space -2 -1 109 93 156 47
Space I 3 -4 93 109 296 203
I Back 1 -5 109 93 406 297
Back LShiftKey -3 13 93 218 312 219
LShiftKey I 2 -8 218 47 140 -78
I Space -3 4 47 125 577 530
Space W 3 2 125 78 250 125
W A -1 1 78 78 203 125
A N -1 -5 78 109 93 15
N T 2 1 109 109 250 141
T Space -3 1 109 110 93 -16
Space T 3 -1 110 78 141 31
T O 0 -4 78 109 140 62
O Space -3 5 109 125 359 250
Space D 2 1 125 78 530 405
D O 1 -6 78 125 125 47
O Space -3 5 125 109 297 172
Space W 3 2 109 93 109 0
W H -1 -4 93 94 140 47
H A 0 5 94 94 125 31
A T 1 -4 94 109 125 31
T Space -3 1 109 109 265 156
Space LShiftKey 1 4 109 983 296 187
LShiftKey O 2 -9 983 31 422 -561
O Back 1 -4 31 94 967 936
Back LShiftKey -3 13 94 390 281 187
LShiftKey I 2 -8 390 62 343 -47
I Space -3 4 62 93 281 219
Space A 2 3 93 93 125 32
A Oemcomma -1 -7 93 109 109 16
Oemcomma Space -1 4 109 109 234 125
Space A 2 3 109 78 1123 1014
A N -1 -5 78 63 109 31
N Back 3 -7 63 93 531 468
Back B -3 8 93 140 218 125
B O 2 -4 140 93 203 63
O U 0 2 93 78 281 188
U T 0 2 78 94 124 46
T Space -3 1 94 94 156 62
Space T 3 -1 94 78 94 0
T O 0 -4 78 78 172 94
O Space -3 5 78 94 296 218
Space Left 0 -7 94 780 2356 2262
Left Left 0 0 780 94 1154 374
Left Right 0 -2 94 140 328 234
Right Back 4 0 140 78 624 484
Back M -3 6 78 94 436 358
M Right -1 -6 94 874 671 577
Right D 2 10 874 94 1950 1076
D O 1 -6 94 78 94 0
O Space -3 5 78 78 249 171
Space T 3 -1 78 109 110 32
T O 0 -4 109 78 156 47
O D -1 6 78 78 343 265
D A 0 2 78 125 234 156
A Y 1 -5 125 78 140 15
Y RShiftKey -2 -5 78 436 1935 1857
RShiftKey OemQuestion 0 1 436 140 265 -171
OemQuestion RShiftKey 0 -1 140 499 281 141
RShiftKey Oem7 1 0 499 141 327 -172
Oem7 Space -2 7 141 234 1030 889
Space LShiftKey 1 4 234 312 281 47
LShiftKey A 1 -1 312 125 187 -125
A N -1 -5 125 63 249 124
N D 1 3 63 78 141 78
D Space -2 -1 78 110 171 93
Space W 3 2 110 109 1514 1404
W H -1 -4 109 94 124 15
H E 1 3 94 109 125 31
E N -2 -3 109 140 125 16
N E 2 3 140 109 125 -15
E V -2 -1 109 78 452 343
V E 2 1 78 94 125 47
E R 0 -1 94 78 234 140
R Space -3 0 78 125 78 0
Space T 3 -1 125 109 281 156
T H -1 -1 109 93 125 16
H E 1 3 93 140 140 47
E Space -3 -1 140 109 156 16
Space A 2 3 109 109 468 359
A N -1 -5 109 78 125 16
N S 1 4 78 94 140 62
S W 1 0 94 78 203 109
W E 0 -1 78 63 187 109
E R 0 -1 63 94 265 202
R Space -3 0 94 124 266 172
Space H 2 -2 124 94 296 172
H G 0 1 94 47 31 -63
G A 0 4 47 94 109 62
A S 0 -1 94 78 266 172
S Back 2 -11 78 78 374 296
Back Back 0 0 78 94 187 109
Back Back 0 0 94 78 187 93
Back A -2 12 78 94 172 94
A S 0 -1 94 110 218 124
S Space -2 -2 110 156 312 202
Space B 1 -1 156 94 640 484
B E 2 2 94 109 109 15
E E 0 0 109 94 203 94
E N -2 -3 94 78 187 93
N Space -1 2 78 156 4945 4867
Space RShiftKey 1 -7 156 889 188 32
RShiftKey Oem7 1 0 889 124 312 -577
Oem7 LShiftKey -1 11 124 328 998 874
LShiftKey N 0 -6 328 94 187 -141
N O 2 -3 94 78 1545 1451
O RShiftKey -2 -2 78 405 546 468
RShiftKey Oem7 1 0 405 156 234 -171
Oem7 Space -2 7 156 140 1279 1123
Space F 2 0 140 94 561 421
F O 1 -5 94 93 110 16
O R 0 5 93 78 171 78
R Space -3 0 78 110 265 187
Space T 3 -1 110 109 188 78
T O 0 -4 109 62 187 78
O O 0 0 62 93 156 94
O Space -3 5 93 124 281 188
Space M 1 -3 124 78 780 656
M A 1 6 78 94 124 46
A N -1 -5 94 94 125 31
N D 1 3 94 125 203 109
D Back 2 -10 125 93 593 468
Back Y -1 7 93 78 421 328
Y Space -3 2 78 93 250 172
Space D 2 1 93 109 109 16
D A 0 2 109 94 265 156
A Y 1 -5 94 109 78 -16
Y S -1 4 109 110 218 109
S Space -2 -2 110 109 203 93
Space I 3 -4 109 93 2715 2606
I N -2 2 93 78 296 203
N Space -1 2 78 124 172 94
Space A 2 3 124 109 140 16
A Space -2 -3 109 110 140 31
Space R 3 0 110 94 234 124
R O 0 -5 94 110 156 62
O W 0 7 110 78 609 499
W Oemcomma -2 -6 78 109 1139 1061
Oemcomma Space -1 4 109 140 265 156
Space LShiftKey 1 4 140 266 249 109
LShiftKey I 2 -8 266 78 188 -78
I Space -3 4 78 78 327 249
Space K 2 -4 78 93 219 141
K N -1 2 93 93 234 141
N O 2 -3 93 78 218 125
O W 0 7 78 78 172 94
W Space -3 -2 78 93 156 78
Space LShiftKey 1 4 93 296 1170 1077
LShiftKey I 2 -8 296 62 218 -78
I Space -3 4 62 93 250 188
Space N 1 -2 93 78 249 156
N E 2 3 78 93 94 16
E E 0 0 93 94 171 78
E D -1 0 94 93 219 125
D Space -2 -1 93 125 156 63
Space T 3 -1 125 78 421 296
T O 0 -4 78 93 172 94
O Space -3 5 93 125 265 172
Space C 1 1 125 78 140 15
C H 1 -3 78 78 141 63
H A 0 5 78 109 109 31
A N -1 -5 109 93 125 16
N G 1 1 93 125 218 125
G E 1 2 125 78 109 -16
E Space -3 -1 78 110 187 109
Space S 2 2 110 109 125 15
S O 1 -7 109 78 156 47
O M -2 2 78 93 250 172
M E 2 4 93 125 62 -31
E T 0 -2 125 78 297 172
T H -1 -1 78 93 78 0
H I 1 -2 93 93 265 172
I N -2 2 93 109 265 172
N G 1 1 109 109 94 -15
G OemPeriod -1 -4 109 78 826 717
OemPeriod Return 1 -3 78 94 312 234
Return LShiftKey -1 12 94 453 1451 1357
LShiftKey R 2 -4 453 78 343 -110
R E 0 1 78 93 297 219
E M -2 -4 93 78 327 234
M E 2 4 78 78 110 32
E M -2 -4 78 78 93 15
M E 2 4 78 94 125 47
E B -2 -2 94 93 172 78
B E 2 2 93 93 78 -15
E R 0 -1 93 94 218 125
R I 0 -4 94 93 125 31
I N -2 2 93 94 265 172
N G 1 1 94 78 125 31
G Space -2 1 78 125 171 93
Space T 3 -1 125 94 858 733
T H -1 -1 94 93 110 16
H A 0 5 93 125 327 234
A T 1 -4 125 78 109 -16
T Space -3 1 78 125 297 219
Space LShiftKey 1 4 125 484 327 202
LShiftKey I 2 -8 484 78 406 -78
I Oem7 -1 -3 78 78 2246 2168
Oem7 Left -2 0 78 952 1794 1716
Left Right 0 -2 952 187 1280 328
Right Back 4 0 187 78 655 468
Back Right -4 0 78 655 671 593
Right Right 0 0 655 624 889 234
Right Right 0 0 624 156 842 218
Right Right 0 0 156 171 219 63
Right L 2 4 171 78 12090 11919
L L 0 0 78 94 140 62
L Space -2 5 94 78 234 140
Space B 1 -1 78 78 218 140
B E 2 2 78 93 141 63
E Space -3 -1 93 125 109 16
Space D 2 1 125 63 187 62
D E 1 0 63 94 203 140
E A -1 2 94 125 234 140
A D 0 -2 125 93 250 125
D Space -2 -1 93 62 140 47
Space S 2 2 62 125 109 47
S O 1 -7 125 109 156 31
O O 0 0 109 109 172 63
O N -2 3 109 78 920 811
N Space -1 2 78 94 187 109
Space I 3 -4 94 78 219 125
I S -1 6 78 109 125 47
S Space -2 -2 109 94 124 15
Space T 3 -1 94 109 188 94
T H -1 -1 109 78 93 -16
H E 1 3 78 125 156 78
E Space -3 -1 125 93 141 16
Space M 1 -3 93 78 218 125
M O 2 -2 78 78 203 125
O S -1 7 78 78 109 31
S T 1 -3 78 78 203 125
T Space -3 1 78 109 234 156
Space I 3 -4 109 78 249 140
I M -2 1 78 78 203 125
M P 2 -3 78 78 219 141
P O 0 1 78 78 202 124
O R 0 5 78 124 110 32
R T 0 -1 124 94 280 156
T A -1 4 94 171 110 16
A N -1 -5 171 93 187 16
N T 2 1 93 78 265 172
T Space -3 1 78 109 265 187
Space T 3 -1 109 110 1045 936
T O 0 -4 110 78 234 124
O O 0 0 78 94 172 94
O Space -3 5 94 109 281 187
Space Back 4 -9 109 63 452 343
Back L -2 4 63 62 297 234
L Space -2 5 62 109 218 156
Space LShiftKey 1 4 109 202 328 219
LShiftKey I 2 -8 202 78 140 -62
I Oem7 -1 -3 78 94 468 390
Oem7 V -1 7 94 78 3276 3182
V E 2 1 78 125 140 62
E Space -3 -1 125 110 156 31
Space E 3 1 110 124 266 156
E V -2 -1 124 78 171 47
V E 2 1 78 78 63 -15
E R 0 -1 78 78 202 124
R Space -3 0 78 140 94 16
Space E 3 1 140 125 281 141
E Right -3 -10 125 156 1279 1154
Right Back 4 0 156 62 796 640
Back V -3 9 62 94 358 296
V E 2 1 94 93 110 16
E R 0 -1 93 78 202 109
R Space -3 0 78 109 94 16
Space E 3 1 109 140 671 562
E N -2 -3 140 78 249 109
N C 0 3 78 109 125 47
C O 2 -6 109 93 219 110
O U 0 2 93 94 358 265
U N -2 1 94 78 234 140
N T 2 1 78 78 250 172
T E 0 2 78 124 94 16
E R 0 -1 124 94 249 125
R E 0 1 94 78 203 109
E D -1 0 78 110 218 140
D Space -2 -1 110 93 1358 1248
Space T 3 -1 93 63 639 546
T O 0 -4 63 93 141 78
O Space -3 5 93 78 234 141
Space H 2 -2 78 78 234 156
H E 1 3 78 109 140 62
E L -1 -6 109 78 156 47
L P 1 -1 78 78 203 125
P Space -3 6 78 140 234 156
Space M 1 -3 140 93 234 94
M E 2 4 93 93 203 110
E Space -3 -1 93 125 124 31
Space M 1 -3 125 78 1732 1607
M A 1 6 78 94 109 31
A K 0 -7 94 94 125 31
K E 1 5 94 93 172 78
E Space -3 -1 93 78 140 47
Space T 3 -1 78 78 172 94
T H -1 -1 78 94 62 -16
H E 1 3 94 109 156 62
E Space -3 -1 109 94 78 -31
Space B 1 -1 94 78 172 78
B I 2 -3 78 78 218 140
I G -1 3 78 94 109 31
G Space -2 1 94 110 312 218
Space C 1 1 110 125 328 218
C H 1 -3 125 93 125 0
H O 1 -3 93 78 249 156
O I 0 1 78 94 203 125
I C -2 5 94 110 109 15
C E 2 0 110 94 156 46
E S -1 1 94 94 250 156
S Space -2 -2 94 110 140 46
Space I 3 -4 110 78 250 140
I N -2 2 78 109 250 172
N Space -1 2 109 124 234 125
Space L 2 -5 124 93 2683 2559
L I 1 1 93 78 249 156
I F -1 4 78 94 203 125
F E 1 1 94 93 219 125
E Back 1 -10 93 93 3853 3760
Back OemPeriod -3 4 93 93 936 843
OemPeriod Space -1 5 93 94 296 203
Space LShiftKey 1 4 94 203 172 78
LShiftKey B 0 -5 203 93 156 -47
B E 2 2 93 109 468 375
E C -2 0 109 124 203 94
C U 2 -4 124 93 234 110
U A -1 6 93 78 109 16
A S 0 -1 78 78 437 359
S E 1 -1 78 78 202 124
E Space -3 -1 78 94 156 78
Space Back 4 -9 94 515 999 905
Back Back 0 0 515 94 639 124
Back Back 0 0 94 109 188 94
Back Back 0 0 109 109 234 125
Back Back 0 0 109 78 686 577
Back Back 0 0 78 94 156 78
Back Back 0 0 94 93 172 78
Back Back 0 0 93 94 171 78
Back Back 0 0 94 78 187 93
Back E -1 10 78 94 858 780
E OemPeriod -2 -6 94 93 921 827
OemPeriod Space -1 5 93 93 234 141
Space LShiftKey 1 4 93 234 109 16
LShiftKey B 0 -5 234 93 203 -31
B E 2 2 93 109 234 141
E C -2 0 109 125 312 203
C U 2 -4 125 62 203 78
U A -1 6 62 109 93 31
A S 0 -1 109 94 390 281
S E 1 -1 94 62 219 125
E Space -3 -1 62 109 156 94
Space Left 0 -7 109 546 1076 967
Left Left 0 0 546 125 983 437
Left Back 4 -2 125 109 468 343
Back Right -4 0 109 172 639 530
Right U 3 6 172 94 780 608
U Right -3 -6 94 109 952 858
Right Right 0 0 109 94 218 109
Right Space 0 9 94 125 359 265
Space A 2 3 125 125 2449 2324
A L 0 -8 125 78 110 -15
L M -1 2 78 78 234 156
M O 2 -2 78 93 187 109
O S -1 7 93 94 140 47
S T 1 -3 94 94 187 93
T Space -3 1 94 124 266 172
Space E 3 1 124 125 124 0
E V -2 -1 125 78 172 47
V E 2 1 78 110 62 -16
E R 0 -1 110 78 219 109
R Y 0 -2 78 94 140 62
Y T 0 1 94 94 187 93
T H -1 -1 94 93 141 47
H I 1 -2 93 94 218 125
I N -2 2 94 78 250 156
N G 1 1 78 124 125 47
G Space -2 1 124 93 889 765
Space OemMinus 4 -7 93 78 452 359
OemMinus Space -4 7 78 124 219 141
Space A 2 3 124 109 140 16
A L 0 -8 109 78 156 47
L L 0 0 78 93 172 94
L Space -2 5 93 109 249 156
Space E 3 1 109 125 562 453
E X -2 1 125 156 234 109
X T 2 -3 156 78 140 -16
T E 0 2 78 94 109 31
E R 0 -1 94 93 219 125
R N -2 -2 93 94 171 78
N A 1 5 94 110 156 62
A L 0 -8 110 93 141 31
L Space -2 5 93 110 249 156
Space E 3 1 110 94 94 -16
E X -2 1 94 109 281 187
X P 2 -8 109 93 78 -31
P E 0 7 93 78 171 78
E C -2 0 78 125 203 125
C T 2 -2 125 94 156 31
T A -1 4 94 78 109 15
A T 1 -4 78 78 125 47
T I 0 -3 78 109 312 234
I O 0 -1 109 78 234 125
O N -2 3 78 124 219 141
N S 1 4 124 47 171 47
S Oemcomma -1 -6 47 78 1264 1217
Oemcomma Space -1 4 78 78 499 421
Space A 2 3 78 94 140 62
A L 0 -8 94 78 141 47
L L 0 0 78 78 156 78
L Space -2 5 78 78 265 187
Space P 3 -6 78 78 234 156
P R 0 6 78 94 156 78
R O 0 -5 94 156 172 78
O D -1 6 156 109 171 15
D E 1 0 109 78 234 125
E Oemcomma -2 -5 78 78 1186 1108
Oemcomma Space -1 4 78 109 187 109
Space A 2 3 109 94 140 31
A L 0 -8 94 78 141 47
L L 0 0 78 78 187 109
L Space -2 5 78 109 234 156
Space F 2 0 109 93 203 94
F E 1 1 93 78 218 125
E A -1 2 78 109 250 172
A R 1 -3 109 94 140 31
R Space -3 0 94 141 312 218
Space O 3 -5 141 78 874 733
O F -1 5 78 109 140 62
F Space -2 0 109 125 187 78
Space E 3 1 125 78 1030 905
E M -2 -4 78 94 140 62
M B 0 2 94 94 328 234
B A 1 4 94 109 125 31
A R 1 -3 109 94 218 109
R A -1 3 94 93 406 312
A S 0 -1 93 78 281 188
S S 0 0 78 94 171 93
S M -1 -5 94 109 203 109
M E 2 4 109 94 140 31
E N -2 -3 94 110 156 62
N T 2 1 110 156 250 140
T Space -3 1 156 109 952 796
Space O 3 -5 109 94 483 374
O R 0 5 94 109 172 78
R Space -3 0 109 109 156 47
Space F 2 0 109 93 203 94
F A 0 3 93 125 280 187
A I 1 -7 125 78 110 -15
I L -1 -1 78 109 234 156
L U 1 2 109 125 296 187
U R 0 3 125 78 140 15
R E 0 1 78 109 188 110
E Space -3 -1 109 172 764 655
Space OemMinus 4 -7 172 93 250 78
OemMinus Space -4 7 93 172 124 31
Space T 3 -1 172 93 297 125
T H -1 -1 93 94 249 156
H E 1 3 94 93 110 16
E S -1 1 93 93 234 141
S E 1 -1 93 94 218 125
E Space -3 -1 94 141 140 46
Space T 3 -1 141 94 983 842
T H -1 -1 94 78 172 78
H I 1 -2 78 78 218 140
I N -2 2 78 78 234 156
N G 1 1 78 78 109 31
G S 0 3 78 109 344 266
S Space -2 -2 109 78 140 31
Space J 2 -3 78 78 250 172
J U 1 0 78 78 202 124
U S -1 5 78 125 125 47
S T 1 -3 125 78 1217 1092
T Space -3 1 78 124 250 172
Space F 2 0 124 94 374 250
F A 0 3 94 94 140 46
A L 0 -8 94 78 250 156
L L 0 0 78 125 156 78
L Space -2 5 125 125 265 140
Space A 2 3 125 124 219 94
A W 1 -1 124 94 249 125
W A -1 1 94 109 219 125
A Y 1 -5 109 109 187 78
Y Space -3 2 109 125 343 234
Space I 3 -4 125 78 1466 1341
I N -2 2 78 78 234 156
N Space -1 2 78 93 188 110
Space T 3 -1 93 78 124 31
T H -1 -1 78 78 141 63
H E 1 3 78 78 125 47
E Space -3 -1 78 124 156 78
Space F 2 0 124 78 452 328
F A 0 3 78 94 234 156
A C -1 -2 94 93 125 31
C E 2 0 93 125 156 63
E Space -3 -1 125 94 140 15
Space O 3 -5 94 125 234 140
O F -1 5 125 94 109 -16
F Space -2 0 94 93 219 125
Space D 2 1 93 109 281 188
D E 1 0 109 78 218 109
E A -1 2 78 78 234 156
A T 1 -4 78 78 109 31
T H -1 -1 78 109 234 156
H Space -2 2 109 109 312 203
Space Back 4 -9 109 78 2153 2044
Back Oemcomma -3 5 78 78 390 312
Oemcomma Space -1 4 78 93 172 94
Space L 2 -5 93 94 202 109
L E 1 6 94 93 110 16
E A -1 2 93 109 249 156
A V -1 -3 109 78 125 16
V I 2 -4 78 78 234 156
I N -2 2 78 94 218 140
N G 1 1 94 78 110 16
G Space -2 1 78 94 93 15
Space O 3 -5 94 109 250 156
O N -2 3 109 78 249 140
N L 1 -3 78 93 219 141
L T 1 4 93 32 171 78
T Back 1 -8 32 78 1030 998
Back Y -1 7 78 78 796 718
Y Space -3 2 78 125 218 140
Space W 3 2 125 78 156 31
W H -1 -4 78 94 109 31
H A 0 5 94 141 156 62
A T 1 -4 141 94 125 -16
T Space -3 1 94 109 328 234
Space I 3 -4 109 78 608 499
I S -1 6 78 124 94 16
S Space -2 -2 124 109 140 16
Space T 3 -1 109 110 218 109
T R 0 1 110 110 234 124
R U 0 -3 110 78 188 78
U L -1 -2 78 172 327 249
L Y 1 3 172 141 187 15
Y Space -3 2 141 109 266 125
Space I 3 -4 109 94 1232 1123
I M -2 1 94 78 234 140
M P 2 -3 78 78 234 156
P O 0 1 78 78 234 156
O R 0 5 78 78 140 62
R T 0 -1 78 93 219 141
T A -1 4 93 156 125 32
A N -1 -5 156 94 218 62
N T 2 1 94 93 281 187
T OemPeriod -2 -4 93 78 1529 1436
OemPeriod LShiftKey 0 9 78 343 187 109
LShiftKey Space -1 -4 343 109 62 -281
Space R 3 0 109 93 328 219
R Back 1 -9 93 109 1560 1467
Back LShiftKey -3 13 109 265 265 156
LShiftKey R 2 -4 265 94 218 -47
R E 0 1 94 125 281 187
E M -2 -4 125 94 265 140
M E 2 4 94 124 110 16
E M -2 -4 124 94 140 16
M B 0 2 94 94 390 296
B E 2 2 94 63 109 15
E R 0 -1 63 109 203 140
R I 0 -4 109 93 172 63
I N -2 2 93 93 234 141
N G 1 1 93 109 109 16
G Space -2 1 109 141 171 62
Space T 3 -1 141 78 1280 1139
T H -1 -1 78 78 109 31
H A 0 5 78 141 218 140
A T 1 -4 141 78 94 -47
T Space -3 1 78 110 249 171
Space Y 3 -2 110 94 234 124
Y O 0 -3 94 109 172 78
O U 0 2 109 78 265 156
U Space -3 3 78 94 234 156
Space A 2 3 94 78 187 93
A R 1 -3 78 109 172 94
R E 0 1 109 93 172 63
E Space -3 -1 93 156 124 31
Space G 2 -1 156 78 203 47
G O 1 -4 78 109 125 47
O I 0 1 109 78 234 125
I N -2 2 78 94 234 156
N G 1 1 94 78 78 -16
G Space -2 1 78 156 156 78
Space T 3 -1 156 78 1014 858
T O 0 -4 78 93 125 47
O Space -3 5 93 125 265 172
Space D 2 1 125 94 156 31
D I 1 -5 94 78 140 46
I E 0 5 78 93 141 63
E Space -3 -1 93 93 156 63
Space I 3 -4 93 78 249 156
I S -1 6 78 109 110 32
S Space -2 -2 109 125 218 109
Space T 3 -1 125 78 889 764
T H -1 -1 78 93 94 16
H E 1 3 93 109 156 63
E Space -3 -1 109 109 140 31
Space B 1 -1 109 78 219 110
B E 2 2 78 78 93 15
E S -1 1 78 109 219 141
S T 1 -3 109 63 124 15
T Space -3 1 63 140 250 187
Space W 3 2 140 94 655 515
W A -1 1 94 109 234 140
A I 1 -7 109 78 421 312
I Back 1 -5 78 109 500 422
Back Y -1 7 109 109 499 390
Y Space -3 2 109 93 312 203
Space LShiftKey 1 4 93 187 733 640
LShiftKey I 2 -8 187 78 140 -47
I Space -3 4 78 110 234 156
Space K 2 -4 110 93 219 109
K N -1 2 93 94 265 172
N O 2 -3 94 94 234 140
O W 0 7 94 94 234 140
W Space -3 -2 94 109 250 156
Space T 3 -1 109 78 1591 1482
T O 0 -4 78 94 93 15
O Space -3 5 94 109 250 156
Space A 2 3 109 187 156 47
A V -1 -3 187 78 140 -47
V O 2 -5 78 93 266 188
O I 0 1 93 78 218 125
I D -1 5 78 94 109 31
D Space -2 -1 94 109 141 47
Space T 3 -1 109 109 156 47
T H -1 -1 109 93 156 47
H E 1 3 93 109 109 16
E Space -3 -1 109 140 187 78
Space T 3 -1 140 93 874 734
T R 0 1 93 78 280 187
R A -1 3 78 93 141 63
A P 1 -9 93 109 265 172
P Space -3 6 109 109 265 156
Space O 3 -5 109 78 265 156
O F -1 5 78 78 94 16
F Space -2 0 78 124 172 94
Space T 3 -1 124 109 93 -31
T H -1 -1 109 93 172 63
H I 1 -2 93 78 203 110
I N -2 2 78 94 202 124
N K 1 -2 94 94 203 109
K I 1 0 94 78 234 140
I N -2 2 78 140 219 141
N G 1 1 140 140 156 16
G Space -2 1 140 140 265 125
Space Y 3 -2 140 93 2574 2434
Y O 0 -3 93 109 140 47
O U 0 2 109 78 265 156
U Space -3 3 78 94 234 156
Space H 2 -2 94 94 250 156
H A 0 5 94 93 125 31
A V -1 -3 93 78 140 47
V E 2 1 78 78 125 47
E Space -3 -1 78 125 125 47
Space S 2 2 125 110 171 46
S O 1 -7 110 78 125 15
O M -2 2 78 109 219 141
M E 2 4 109 78 93 -16
E T 0 -2 78 94 281 203
T H -1 -1 94 94 109 15
H I 1 -2 94 78 219 125
I N -2 2 78 109 187 109
N G 1 1 109 94 93 -16
G Space -2 1 94 109 125 31
Space T 3 -1 109 93 94 -15
T O 0 -4 93 63 140 47
O Space -3 5 63 109 250 187
Space L 2 -5 109 78 281 172
L O 1 0 78 93 203 125
O S -1 7 93 78 109 16
S E 1 -1 78 94 1544 1466
E OemPeriod -2 -6 94 94 1981 1887
OemPeriod Space -1 5 94 109 656 562
Space LShiftKey 1 4 109 266 202 93
LShiftKey Y 2 -6 266 93 219 -47
Y O 0 -3 93 110 327 234
O U 0 2 110 62 250 140
U Space -3 3 62 94 218 156
Space A 2 3 94 94 125 31
A R 1 -3 94 78 172 78
R E 0 1 78 109 109 31
E Space -3 -1 109 109 187 78
Space A 2 3 109 110 187 78
A L 0 -8 110 78 172 62
L R 1 5 78 78 218 140
R E 0 1 78 93 188 110
E A -1 2 93 109 218 125
A D 0 -2 109 109 250 141
D Y 1 -3 109 78 124 15
Y Space -3 2 78 93 266 188
Space N 1 -2 93 94 202 109
N A 1 5 94 93 110 16
A K 0 -7 93 125 140 47
K E 1 5 125 78 140 15
E D -1 0 78 94 250 172
D OemPeriod -1 -6 94 94 1466 1372
OemPeriod Space -1 5 94 125 234 140
Space LShiftKey 1 4 125 234 188 63
LShiftKey T 2 -5 234 93 156 -78
T H -1 -1 93 94 249 156
H E 1 3 94 109 63 -31
E R 0 -1 109 78 280 171
R E 0 1 78 78 203 125
E Space -3 -1 78 171 141 63
Space I 3 -4 171 94 951 780
I S -1 6 94 125 125 31
S Space -2 -2 125 125 187 62
Space N 1 -2 125 78 250 125
N O 2 -3 78 78 249 171
O Space -3 5 78 93 266 188
Space R 3 0 93 94 124 31
R E 0 1 94 78 219 125
E A -1 2 78 125 249 171
A S 0 -1 125 93 266 141
S O 1 -7 93 94 124 31
O N -2 3 94 94 312 218
N Space -1 2 94 141 1014 920
Space N 1 -2 141 109 344 203
N O 2 -3 109 110 358 249
O T 0 4 110 94 156 46
T Space -3 1 94 94 156 62
Space T 3 -1 94 93 110 16
T O 0 -4 93 93 156 63
O Space -3 5 93 110 280 187
Space F 2 0 110 94 234 124
F O 1 -5 94 109 125 31
O L -1 0 109 78 265 156
L L 0 0 78 94 156 78
L O 1 0 94 93 219 125
O W 0 7 93 156 249 156
W Space -3 -2 156 109 219 63
Space Y 3 -2 109 156 437 328
Y O 0 -3 156 62 187 31
O U 0 2 62 78 281 219
U R 0 3 78 109 156 78
R Space -3 0 109 109 234 125
Space H 2 -2 109 78 3837 3728
H E 1 3 78 93 141 63
E A -1 2 93 78 249 156
A R 1 -3 78 109 281 203
R T 0 -1 109 109 234 125
T OemPeriod -2 -4 109 78 2356 2247
OemPeriod Return 1 -3 78 93 265 187
Return LShiftKey -1 12 93 530 1139 1046
LShiftKey A 1 -1 530 141 405 -125
A B -1 -4 141 94 203 62
B O 2 -4 94 109 265 171
O U 0 2 109 78 265 156
U T 0 2 78 93 141 63
T Space -3 1 93 125 140 47
Space A 2 3 125 125 203 78
A Space -2 -3 125 125 125 0
Space Y 3 -2 125 78 281 156
Y E 0 3 78 78 93 15
E A -1 2 78 93 219 141
A R 1 -3 93 93 109 16
R Space -3 0 93 125 312 219
Space A 2 3 125 94 1544 1419
A G 0 -4 94 78 531 437
G O 1 -4 78 94 202 124
O Space -3 5 94 110 234 140
Space LShiftKey 1 4 110 156 172 62
LShiftKey I 2 -8 156 78 109 -47
I Space -3 4 78 124 219 141
Space W 3 2 124 109 109 -15
W A -1 1 109 78 234 125
A S 0 -1 78 78 187 109
S Space -2 -2 78 94 62 -16
Space D 2 1 94 94 156 62
D I 1 -5 94 94 156 62
I A -1 7 94 125 156 62
A G 0 -4 125 78 390 265
G N -1 -1 78 94 1295 1217
N O 2 -3 94 93 250 156
O S -1 7 93 78 140 47
S E 1 -1 78 93 219 141
E D -1 0 93 94 202 109
D Space -2 -1 94 141 78 -16
Space W 3 2 141 94 156 15
W I 0 -6 94 94 125 31
I T 0 3 94 78 203 109
T H -1 -1 78 109 94 16
H Space -2 2 109 125 249 140
Space C 1 1 125 93 609 484
C A 1 2 93 93 234 141
A N -1 -5 93 93 109 16
N C 0 3 93 62 203 110
C C 0 0 62 110 514 452
C E 2 0 110 94 250 140
E Back 1 -10 94 78 593 499
Back Back 0 0 78 110 171 93
Back E -1 10 110 109 188 78
E R 0 -1 109 78 249 140
R OemPeriod -2 -5 78 78 609 531
OemPeriod Space -1 5 78 140 312 234
Space LShiftKey 1 4 140 171 234 94
LShiftKey I 2 -8 171 109 78 -93
I Space -3 4 109 110 280 171
Space H 2 -2 110 78 749 639
H A 0 5 78 78 141 63
A D 0 -2 78 78 312 234
D Space -2 -1 78 141 124 46
Space A 2 3 141 110 156 15
A Space -2 -3 110 156 156 46
Space S 2 2 156 93 141 -15
S C -1 -1 93 109 281 188
C A 1 2 109 125 249 140
A N -1 -5 125 109 219 94
N Space -1 2 109 140 265 156
Space A 2 3 140 109 749 609
A T 1 -4 109 94 171 62
T Space -3 1 94 124 297 203
Space D7 4 -3 124 78 624 500
D7 RShiftKey -3 -4 78 593 530 452
RShiftKey Oem1 1 1 593 156 374 -219
Oem1 D3 2 7 156 93 734 578
D3 D0 0 -7 93 94 202 109
D0 Space -4 6 94 156 266 172
Space I 3 -4 156 78 312 156
I N -2 2 78 109 218 140
N Space -1 2 109 141 218 109
Space T 3 -1 141 125 156 15
T H -1 -1 125 93 141 16
H E 1 3 93 63 171 78
E Space -3 -1 63 140 1358 1295
Space M 1 -3 140 94 296 156
M O 2 -2 94 94 234 140
O R 0 5 94 125 125 31
R N -2 -2 125 109 140 15
N I 2 -2 109 63 234 125
I N -2 2 63 124 219 156
N G 1 1 124 94 140 16
G Space -2 1 94 109 905 811
Space Back 4 -9 109 78 967 858
Back Oemcomma -3 5 78 78 452 374
Oemcomma Space -1 4 78 109 188 110
Space A 2 3 109 110 124 15
A N -1 -5 110 78 141 31
N D 1 3 78 93 125 47
D Space -2 -1 93 78 109 16
Space I 3 -4 78 78 249 171
I T 0 3 78 109 110 32
T Space -3 1 109 109 187 78
Space C 1 1 109 140 234 125
C L 1 -6 140 78 125 -15
L E 1 6 78 78 124 46
E A -1 2 78 93 219 141
A R 1 -3 93 78 265 172
R L -1 -5 78 125 78 0
L Y 1 3 125 94 234 109
Y Space -3 2 94 171 250 156
Space S 2 2 171 78 1185 1014
S H 0 -4 78 93 219 141
H O 1 -3 93 125 265 172
O W 0 7 125 156 187 62
W E 0 -1 156 94 234 78
E D -1 0 94 78 218 124
D Space -2 -1 78 141 125 47
Space A 2 3 141 140 172 31
A Space -2 -3 140 125 234 94
Space T 3 -1 125 93 1295 1170
T O 0 -4 93 78 156 63
O M -2 2 78 109 234 156
M O 2 -2 109 94 280 171
O Back 1 -4 94 94 1716 1622
Back Back 0 0 94 94 172 78
Back Back 0 0 94 93 203 109
Back U -1 6 93 94 873 780
U M -2 0 94 62 297 203
M O 2 -2 62 78 265 203
O R 0 5 78 78 140 62
R Space -3 0 78 141 234 156
Space O 3 -5 141 78 3448 3307
O N -2 3 78 94 265 187
N Space -1 2 94 93 219 125
Space M 1 -3 93 78 234 141
M Y 2 1 78 78 296 218
Y Space -3 2 78 124 250 172
Space P 3 -6 124 78 561 437
P A -1 9 78 93 172 94
A N -1 -5 93 78 327 234
N C 0 3 78 141 234 156
C R 2 -1 141 125 250 109
R E 0 1 125 78 234 109
E A -1 2 78 109 265 187
A S 0 -1 109 93 250 141
S OemPeriod -1 -7 93 94 1965 1872
OemPeriod Space -1 5 94 109 266 172
Space LShiftKey 1 4 109 187 156 47
LShiftKey I 2 -8 187 62 140 -47
I Space -3 4 62 94 265 203
Space D 2 1 94 109 94 0
D I 1 -5 109 94 171 62
I D -1 5 94 93 63 -31
D N -1 -3 93 94 218 125
N T 2 1 94 156 265 171
T Space -3 1 156 125 281 125
Space Back 4 -9 125 93 765 640
Back Back 0 0 93 109 187 94
Back Oem7 -2 2 109 93 1248 1139
Oem7 T 1 6 93 78 203 110
T Space -3 1 78 109 140 62
Space E 3 1 109 141 187 78
E V -2 -1 141 94 203 62
V E 2 1 94 125 125 31
E N -2 -3 125 93 156 31
N Space -1 2 93 125 249 156
Space K 2 -4 125 94 1997 1872
K N -1 2 94 109 219 125
N O 2 -3 109 78 234 125
O Space -3 5 78 124 234 156
Space W 3 2 124 94 171 47
W H -1 -4 94 109 141 47
H A 0 5 109 156 187 78
A T 1 -4 156 94 140 -16
T Space -3 1 94 109 281 187
Space A 2 3 109 93 125 16
A Space -2 -3 93 109 109 16
Space P 3 -6 109 93 359 250
P A -1 9 93 124 281 188
A N -1 -5 124 78 748 624
N C 0 3 78 141 125 47
C R 2 -1 141 125 250 109
R E 0 1 125 94 218 93
E A -1 2 94 94 234 140
A S 0 -1 94 110 187 93
S Space -2 -2 110 94 156 46
Space W 3 2 94 78 125 31
W A -1 1 78 124 219 141
A S 0 -1 124 93 234 110
S OemPeriod -1 -7 93 94 4586 4493
OemPeriod Space -1 5 94 125 593 499
Space LShiftKey 1 4 125 1482 281 156
LShiftKey T 2 -5 1482 78 1388 -94
T H -1 -1 78 78 343 265
H E 1 3 78 94 905 827
E Space -3 -1 94 125 187 93
Space D 2 1 125 93 172 47
D O 1 -6 93 93 203 110
O C -2 6 93 109 218 125
C T 2 -2 109 93 281 172
T O 0 -4 93 124 125 32
O R 0 5 124 78 140 16
R S -1 2 78 203 265 187
S Space -2 -2 203 109 328 125
Space T 3 -1 109 94 920 811
T O 0 -4 94 94 125 31
O L -1 0 94 94 218 124
L D 0 6 94 94 156 62
D Space -2 -1 94 93 141 47
Space M 1 -3 93 94 187 94
M E 2 4 94 94 78 -16
E Space -3 -1 94 109 172 78
Space T 3 -1 109 78 2074 1965
T H -1 -1 78 78 63 -15
H I 1 -2 78 78 234 156
I S -1 6 78 187 125 47
S Space -2 -2 187 141 202 15
Space W 3 2 141 109 188 47
W A -1 1 109 78 249 140
A S 0 -1 78 94 187 109
S Space -2 -2 94 110 78 -16
Space A 2 3 110 94 624 514
A L 0 -8 94 78 110 16
L M -1 2 78 78 202 124
M O 2 -2 78 78 203 125
O S -1 7 78 94 78 0
S T 1 -3 94 94 234 140
T Space -3 1 94 125 265 171
Space C 1 1 125 110 156 31
C E 2 0 110 93 219 109
E R 0 -1 93 78 203 110
R T 0 -1 78 94 280 202
T A -1 4 94 94 328 234
A I 1 -7 94 78 125 31
I N -2 2 78 109 218 140
N L 1 -3 109 94 234 125
L Y 1 3 94 78 203 109
Y Space -3 2 78 125 359 281
Space A 2 3 125 109 140 15
A Space -2 -3 109 109 156 47
Space Y 3 -2 109 62 297 188
Y Back 1 -7 62 78 374 312
Back T -1 8 78 78 172 94
T Y 0 -1 78 78 218 140
Y P 0 -4 78 94 109 31
P E 0 7 94 93 141 47
E Space -3 -1 93 109 156 63
Space O 3 -5 109 94 249 140
O F -1 5 94 125 125 31
F Space -2 0 125 140 156 31
Space C 1 1 140 93 203 63
C A 1 2 93 125 218 125
A N -1 -5 125 78 141 16
N M 0 -1 78 62 0 -78
M C 0 4 62 78 234 172
C E 2 0 78 109 234 156
E Space -3 -1 109 109 390 281
Space Back 4 -9 109 109 1404 1295
Back Back 0 0 109 93 203 94
Back Back 0 0 93 78 202 109
Back Back 0 0 78 109 188 110
Back Back 0 0 109 93 234 125
Back N -3 7 93 93 889 796
N C 0 3 93 124 125 32
C E 2 0 124 78 218 94
E R 0 -1 78 63 218 140
R Space -3 0 63 94 203 140
Space T 3 -1 94 78 1888 1794
T H -1 -1 78 94 109 31
H A 0 5 94 125 281 187
A T 1 -4 125 93 78 -47
T Space -3 1 93 78 281 188
Space I 3 -4 78 94 218 140
I S -1 6 94 110 140 46
S Space -2 -2 110 110 156 46
Space I 3 -4 110 78 266 156
I N -2 2 78 156 218 140
N C 0 3 156 140 94 -62
C U 2 -4 140 93 312 172
U R 0 3 93 93 312 219
R A -1 3 93 109 156 63
A B -1 -4 109 93 156 47
B L 1 -4 93 47 358 265
L E 1 6 47 78 2200 2153
E Oemcomma -2 -5 78 78 733 655
Oemcomma Space -1 4 78 109 219 141
Space A 2 3 109 125 639 530
A N -1 -5 125 93 172 47
N D 1 3 93 125 156 63
D Space -2 -1 125 125 140 15
Space T 3 -1 125 94 187 62
T H -1 -1 94 94 156 62
H A 0 5 94 141 281 187
A T 1 -4 141 109 172 31
T Space -3 1 109 156 343 234
Space LShiftKey 1 4 156 296 3760 3604
LShiftKey I 2 -8 296 93 187 -109
I Space -3 4 93 141 249 156
Space S 2 2 141 78 156 15
S H 0 -4 78 78 110 32
H O 1 -3 78 93 234 156
O U 0 2 93 63 249 156
U L -1 -2 63 125 265 202
L D 0 6 125 78 141 16
D Space -2 -1 78 78 125 47
Space L 2 -5 78 78 1138 1060
L I 1 1 78 94 328 250
I V -2 4 94 125 109 15
V E 2 1 125 94 234 109
E Space -3 -1 94 125 78 -16
Space T 3 -1 125 93 219 94
T O 0 -4 93 78 109 16
O Space -3 5 78 110 249 171
Space N 1 -2 110 78 234 124
N O 2 -3 78 78 702 624
O Space -3 5 78 140 297 219
Space L 2 -5 140 78 764 624
L O 1 0 78 62 203 125
O N -2 3 62 94 218 156
N G 1 1 94 78 250 156
G E 1 2 78 94 234 156
E R 0 -1 94 109 203 109
R Space -3 0 109 125 140 31
Space T 3 -1 125 78 141 16
T H -1 -1 78 110 124 46
H A 0 5 110 125 156 46
A N -1 -5 125 93 141 16
N Space -1 2 93 109 234 141
Space D3 4 1 109 78 827 718
D3 Space -4 -1 78 125 62 -16
Space T 3 -1 125 110 218 93
T P 0 -5 110 94 125 15
P Space -3 6 94 109 359 265
Space Back 4 -9 109 94 702 593
Back Back 0 0 94 109 172 78
Back O -1 4 109 93 733 624
O Space -3 5 93 94 764 671
Space Back 4 -9 94 109 1139 1045
Back Back 0 0 109 93 172 63
Back Back 0 0 93 93 187 94
Back Back 0 0 93 94 171 78
Back Back 0 0 94 63 203 109
Back T -1 8 63 109 765 702
T H -1 -1 109 94 140 31
H R 1 2 94 94 140 46
R E 0 1 94 78 219 125
E E 0 0 78 94 171 93
E Space -3 -1 94 125 141 47
Space T 3 -1 125 110 171 46
T O 0 -4 110 93 141 31
O Space -3 5 93 109 281 188
Space S 2 2 109 141 171 62
S I 1 -6 141 110 187 46
I X -2 6 110 109 266 156
X Space -1 -2 109 156 124 15
Space M 1 -3 156 78 266 110
M O 2 -2 78 78 202 124
O N -2 3 78 109 203 125
N T 2 1 109 93 141 32
T H -1 -1 93 94 140 47
H S 0 4 94 125 1669 1575
S OemPeriod -1 -7 125 78 343 218
OemPeriod Space -1 5 78 140 219 141
Space LShiftKey 1 4 140 203 109 -31
LShiftKey M 0 -7 203 125 156 -47
M Y 2 1 125 78 296 171
Y Space -3 2 78 94 250 172
Space D 2 1 94 109 125 31
D O 1 -6 109 109 140 31
O C -2 6 109 140 125 16
C T 2 -2 140 124 328 188
T O 0 -4 124 109 140 16
O R 0 5 109 109 125 16
R Space -3 0 109 109 2215 2106
Space A 2 3 109 94 140 31
A D 0 -2 94 125 234 140
D V -1 -1 125 93 266 141
V I 2 -4 93 93 234 141
I S -1 6 93 94 124 31
S E 1 -1 94 93 219 125
E D -1 0 93 78 203 110
D Space -2 -1 78 109 93 15
Space M 1 -3 109 93 219 110
M E 2 4 93 93 78 -15
E Space -3 -1 93 109 140 47
Space T 3 -1 109 110 140 31
T O 0 -4 110 78 141 31
O Space -3 5 78 124 281 203
Space G 2 -1 124 93 1638 1514
G O 1 -4 93 78 140 47
O Space -3 5 78 93 328 250
Space H 2 -2 93 78 327 234
H O 1 -3 78 94 234 156
O M -2 2 94 78 234 140
M E 2 4 78 78 109 31
E Space -3 -1 78 124 110 32
Space A 2 3 124 109 171 47
A N -1 -5 109 78 94 -15
N D 1 3 78 93 156 78
D Space -2 -1 93 93 78 -15
Space G 2 -1 93 109 234 141
G E 1 2 109 140 78 -31
E T 0 -2 140 78 156 16
T Space -3 1 78 109 265 187
Space M 1 -3 109 94 234 125
M Y 2 1 94 78 265 171
Y Space -3 2 78 109 234 156
Space A 2 3 109 93 141 32
A F 0 -3 93 78 156 63
F F 0 0 78 93 156 78
F A 0 3 93 110 124 31
A I 1 -7 110 109 281 171
I R 0 4 109 93 406 297
R S -1 2 93 93 125 32
S Space -2 -2 93 125 202 109
Space D 2 1 125 109 250 125
D P 1 -7 109 78 203 94
P Back 1 -3 78 94 530 452
Back O -1 4 94 93 375 281
O N -2 3 93 109 265 172
N E 2 3 109 156 140 31
E Back 1 -10 156 94 3713 3557
Back Back 0 0 94 78 218 124
Back Back 0 0 78 78 234 156
Back Back 0 0 78 109 968 890
Back I -1 5 109 78 717 608
I N -2 2 78 78 219 141
N Space -1 2 78 93 187 109
Space O 3 -5 93 63 249 156
O R 0 5 63 109 172 109
R D -1 1 109 109 265 156
D E 1 0 109 94 203 94
E R 0 -1 94 110 218 124
R Oemcomma -2 -4 110 93 3386 3276
Oemcomma Space -1 4 93 94 218 125
Space W 3 2 94 93 172 78
W H -1 -4 93 78 171 78
H I 1 -2 78 78 203 125
I C -2 5 78 125 1638 1560
C H 1 -3 125 78 234 109
H Space -2 2 78 94 234 156
Space I 3 -4 94 62 250 156
I S -1 6 62 94 124 62
S Space -2 -2 94 203 172 78
Space D 2 1 203 94 421 218
D O 1 -6 94 94 109 15
O C -2 6 94 156 141 47
C R 2 -1 156 125 296 140
R O 0 -5 125 94 187 62
O Back 1 -4 94 78 406 312
Back T -1 8 78 93 250 172
T O 0 -4 93 93 187 94
O R 0 5 93 93 125 32
R Back 1 -9 93 78 421 328
Back Back 0 0 78 109 156 78
Back Back 0 0 109 94 187 78
Back Back 0 0 94 94 218 124
Back T -1 8 94 78 671 577
T O 0 -4 78 94 187 109
O R 0 5 94 78 250 156
R Oem7 -1 -7 78 94 468 390
Oem7 S 0 9 94 78 234 140
S Space -2 -2 78 78 156 78
Space C 1 1 78 124 250 172
C O 2 -6 124 109 171 47
O D -1 6 109 109 141 32
D E 1 0 109 109 265 156
E Space -3 -1 109 93 203 94
Space F 2 0 93 94 1918 1825
F O 1 -5 94 109 141 47
O R 0 5 109 125 140 31
R Space -3 0 125 125 172 47
Space P 3 -6 125 78 296 171
P R 0 6 78 31 141 63
R E 0 1 31 62 156 125
E R 0 -1 62 31 15 -47
R Back 1 -9 31 109 1186 1155
Back P -1 3 109 109 593 484
P A -1 9 109 78 124 15
A R 1 -3 78 94 250 172
R E 0 1 94 110 218 124
E Space -3 -1 110 78 172 62
Space T 3 -1 78 156 156 78
T O 0 -4 156 78 156 0
O Space -3 5 78 125 234 156
Space D 2 1 125 156 187 62
D I 1 -5 156 94 156 0
I E 0 5 94 32 187 93
E OemPeriod -2 -6 32 109 17270 17238
OemPeriod Space -1 5 109 141 249 140
Space LShiftKey 1 4 141 952 203 62
LShiftKey LShiftKey 0 0 952 468 1232 280
LShiftKey I 2 -8 468 94 390 -78
I T 0 3 94 156 328 234
T Space -3 1 156 110 140 -16
Space M 1 -3 110 125 219 109
M W 2 5 125 141 140 15
W A -1 1 141 141 265 124
A N -1 -5 141 94 125 -16
N S 1 4 94 78 141 47
S Space -2 -2 78 125 93 15
Space T 3 -1 125 94 1248 1123
T O 0 -4 94 94 421 327
O Space -3 5 94 141 281 187
Space T 3 -1 141 109 624 483
T R 0 1 109 109 203 94
R Y 0 -2 109 78 125 16
Y Space -3 2 78 109 203 125
Space T 3 -1 109 78 124 15
T O 0 -4 78 94 156 78
O Space -3 5 94 110 234 140
Space T 3 -1 110 94 78 -32
T E 0 2 94 94 234 140
E L -1 -6 94 78 125 31
L L 0 0 78 109 141 63
L Space -2 5 109 125 218 109
Space Y 3 -2 125 110 140 15
Y O 0 -3 110 110 156 46
O U 0 2 110 140 266 156
U R 0 3 140 109 187 47
R Space -3 0 109 94 140 31
Space K 2 -4 94 78 250 156
K I 1 0 78 125 187 109
I D -1 5 125 78 125 0
D S 0 1 78 109 218 140
S Space -2 -2 109 109 234 125
Space E 3 1 109 109 1716 1607
E V -2 -1 109 110 187 78
V E 2 1 110 109 94 -16
E R 0 -1 109 110 218 109
R Y 0 -2 110 78 203 93
Y T 0 1 78 94 156 78
T H -1 -1 94 94 109 15
H I 1 -2 94 125 203 109
I N -2 2 125 125 234 109
N G 1 1 125 78 109 -16
G Space -2 1 78 188 156 78
Space I 3 -4 188 109 796 608
I S -1 6 109 140 125 16
S Space -2 -2 140 125 171 31
Space B 1 -1 125 94 250 125
B U 2 -2 94 125 265 171
U T 0 2 125 125 187 62
T T 0 0 125 109 219 94
T O 0 -4 109 110 93 -16
O N -2 3 110 125 234 124
N E 2 3 125 109 94 -31
E D -1 0 109 109 234 125
D Space -2 -1 109 109 94 -15
Space U 3 -3 109 78 608 499
U P 0 -3 78 94 265 187
P Space -3 6 94 110 265 171
Space S 2 2 110 94 125 15
S O 1 -7 94 78 141 47
O Space -3 5 78 125 249 171
Space T 3 -1 125 94 468 343
T H -1 -1 94 125 172 78
H A 0 5 125 172 156 31
A T 1 -4 172 94 156 -16
T Space -3 1 94 109 234 140
Space I 3 -4 109 78 265 156
I T 0 3 78 93 94 16
T Space -3 1 93 141 171 78
Space W 3 2 141 125 156 15
W I 0 -6 125 62 453 328
I L -1 -1 62 78 203 141
L L 0 0 78 62 140 62
L Space -2 5 62 124 250 188
Space B 1 -1 124 125 249 125
B E 2 2 125 78 109 -16
E Space -3 -1 78 109 188 110
Space E 3 1 109 78 452 343
E A -1 2 78 110 218 140
A S 0 -1 110 78 234 124
S Y 1 -4 78 109 141 63
Y Space -3 2 109 172 296 187
Space A 2 3 172 125 624 452
A S 0 -1 125 94 234 109
S Space -2 -2 94 125 78 -16
Space P 3 -6 125 110 265 140
P O 0 1 110 78 250 140
O S -1 7 78 78 140 62
S S 0 0 78 109 172 94
S I 1 -6 109 109 78 -31
I B -2 3 109 78 250 141
B L 1 -4 78 109 234 156
L E 1 6 109 125 93 -16
E Space -3 -1 125 141 156 31
Space T 3 -1 141 109 156 15
T O 0 -4 109 109 172 63
O Space -3 5 109 187 265 156
Space Back 4 -9 187 78 967 780
Back Back 0 0 78 156 172 94
Back Back 0 0 156 125 873 717
Back F -2 9 125 78 531 406
F O 1 -5 78 156 78 0
O R 0 5 156 110 171 15
R Space -3 0 110 140 172 62
Space Y 3 -2 140 93 203 63
Y O 0 -3 93 109 156 63
O U 0 2 109 109 281 172
U R 0 3 109 140 187 78
R Space -3 0 140 124 203 63
Space F 2 0 124 78 483 359
F A 0 3 78 125 250 172
A M -1 -6 125 78 109 -16
M I 2 -1 78 94 218 140
I L -1 -1 94 94 250 156
L Y 1 3 94 78 2090 1996
Y OemPeriod -2 -3 78 93 422 344
OemPeriod Space -1 5 93 140 218 125
Space LShiftKey 1 4 140 265 156 16
LShiftKey I 2 -8 265 94 218 -47
I T 0 3 94 94 312 218
T Space -3 1 94 109 125 31
Space M 1 -3 109 124 219 110
M W 2 5 124 78 265 141
W Back 1 -11 78 124 515 437
Back E -1 10 124 78 171 47
E A -1 2 78 94 265 187
A N -1 -5 94 78 94 0
N S 1 4 78 110 140 62
S Space -2 -2 110 156 110 0
Space S 2 2 156 109 343 187
S A 0 1 109 93 234 125
A Y 1 -5 93 93 78 -15
Y Space -3 2 93 125 249 156
Space Y 3 -2 125 125 312 187
Y O 0 -3 125 109 172 47
O U 0 2 109 93 250 141
U R 0 3 93 109 109 16
R Space -3 0 109 141 171 62
Space G 2 -1 141 109 437 296
G O 1 -4 109 125 203 94
O O 0 0 125 141 187 62
O D -1 6 141 109 125 -16
D B -1 -2 109 110 218 109
B Y 2 -1 110 125 250 140
Y E 0 3 125 109 109 -16
E S -1 1 109 94 234 125
S OemPeriod -1 -7 94 109 3105 3011
OemPeriod Return 1 -3 109 156 358 249
Return Return 0 0 156 78 281 125
Return Back 2 -1 78 109 2200 2122
Back LShiftKey -3 13 109 671 452 343
LShiftKey I 2 -8 671 78 609 -62
I Space -3 4 78 125 717 639
Space L 2 -5 125 78 265 140
L I 1 1 78 109 250 172
I V -2 4 109 140 156 47
V E 2 1 140 94 218 78
E D -1 0 94 109 188 94
D Space -2 -1 109 141 93 -16
Space W 3 2 141 94 577 436
W I 0 -6 94 109 141 47
I T 0 3 109 93 234 125
T H -1 -1 93 109 109 16
H Space -2 2 109 110 218 109
Space T 3 -1 110 110 78 -32
T H -1 -1 110 78 172 62
H A 0 5 78 109 187 109
A T 1 -4 109 78 63 -46
T Space -3 1 78 109 249 171
Space D 2 1 109 109 125 16
D I 1 -5 109 109 203 94
I A -1 7 109 140 125 16
A G 0 -4 140 78 967 827
G N -1 -1 78 78 249 171
N O 2 -3 78 78 234 156
O S -1 7 78 125 94 16
S I 1 -6 125 94 156 31
I S -1 6 94 94 109 15
S Space -2 -2 94 140 141 47
Space A 2 3 140 78 140 0
A L 0 -8 78 94 156 78
L L 0 0 94 109 172 78
L Space -2 5 109 141 280 171
Space D 2 1 141 93 141 0
D A 0 2 93 109 203 110
A Y 1 -5 109 78 140 31
Y OemPeriod -2 -3 78 93 437 359
OemPeriod Space -1 5 93 141 218 125
Space LShiftKey 1 4 141 171 94 -47
LShiftKey L 1 -9 171 62 187 16
L A 0 8 62 125 78 16
A T 1 -4 125 125 234 109
T E 0 2 125 109 109 -16
E R 0 -1 109 125 234 125
R Space -3 0 125 110 109 -16
Space T 3 -1 110 94 125 15
T H -1 -1 94 109 125 31
H A 0 5 109 125 156 47
A T 1 -4 125 78 109 -16
T Space -3 1 78 141 234 156
Space E 3 1 141 109 796 655
E V -2 -1 109 94 93 -16
V E 2 1 94 94 125 31
E N -2 -3 94 109 156 62
N I 2 -2 109 78 250 141
I N -2 2 78 109 234 156
N G 1 1 109 78 125 16
G Space -2 1 78 93 109 31
Space LShiftKey 1 4 93 218 187 94
LShiftKey I 2 -8 218 125 156 -62
I Space -3 4 125 140 281 156
Space H 2 -2 140 94 265 125
H A 0 5 94 93 94 0
A D 0 -2 93 109 312 219
D Space -2 -1 109 140 140 31
Space A 2 3 140 93 172 32
A Space -2 -3 93 156 140 47
Space B 1 -1 156 94 468 312
B I 2 -3 94 93 437 343
I O 0 -1 93 94 187 94
O P 0 -1 94 93 203 109
P S -1 8 93 124 125 32
S Y 1 -4 124 171 343 219
Y Oemcomma -2 -2 171 93 1248 1077
Oemcomma Space -1 4 93 140 265 172
Space W 3 2 140 125 889 749
W H -1 -4 125 109 94 -31
H E 1 3 109 110 171 62
E R 0 -1 110 78 234 124
R E 0 1 78 109 188 110
E Space -3 -1 109 203 124 15
Space T 3 -1 203 109 375 172
T H -1 -1 109 109 218 109
H E 1 3 109 109 141 32
E Y 0 -3 109 78 156 47
Y Space -3 2 78 156 234 156
Space S 2 2 156 156 374 218
S T 1 -3 156 78 218 62
T U 0 -2 78 109 266 188
U C -2 4 109 78 171 62
C K 1 -5 78 110 109 31
K Space -2 4 110 140 250 140
Space A 2 3 140 124 94 -46
A N -1 -5 124 94 171 47
N D 1 3 94 125 109 15
D Space -2 -1 125 172 172 47
Space E 3 1 172 78 359 187
E N -2 -3 78 94 93 15
N D 1 3 94 125 172 78
D O 1 -6 125 109 172 47
O S -1 7 109 141 358 249
S C -1 -1 141 125 359 218
C O 2 -6 125 94 156 31
O P 0 -1 94 125 203 109
P E 0 7 125 109 125 0
E Space -3 -1 109 124 671 562
Space D 2 1 124 94 452 328
D O 1 -6 94 109 172 78
O W 0 7 109 93 156 47
W N -2 -4 93 94 171 78
N Space -1 2 94 94 187 93
Space M 1 -3 94 94 203 109
M Y 2 1 94 78 281 187
Y Space -3 2 78 93 250 172
Space T 3 -1 93 109 93 0
T H -1 -1 109 93 219 110
H R 1 2 93 125 109 16
R O 0 -5 125 109 343 218
O A -1 8 109 203 343 234
A T 1 -4 203 110 265 62
T Oemcomma -2 -3 110 78 1514 1404
Oemcomma Space -1 4 78 110 202 124
Space T 3 -1 110 109 125 15
T H -1 -1 109 78 172 63
H R 1 2 78 109 109 31
R O 0 -5 109 78 172 63
O U 0 2 78 93 312 234
U G -1 2 93 78 124 31
G H 0 -1 78 78 125 47
H Space -2 2 78 140 250 172
Space M 1 -3 140 141 296 156
M Y 2 1 141 78 421 280
Y Space -3 2 78 141 234 156
Space S 2 2 141 63 156 15
S T 1 -3 63 94 172 109
T O 0 -4 94 109 281 187
O M -2 2 109 94 764 655
M A 1 6 94 124 141 47
A C -1 -2 124 110 436 312
C H 1 -3 110 110 468 358
H Space -2 2 110 125 328 218
Space A 2 3 125 125 374 249
A N -1 -5 125 78 94 -31
N D 1 3 78 109 187 109
D Space -2 -1 109 156 94 -15
Space I 3 -4 156 93 281 125
I N -2 2 93 109 234 141
N T 2 1 109 109 140 31
T O 0 -4 109 78 125 16
O Space -3 5 78 125 234 156
Space M 1 -3 125 109 218 93
M Y 2 1 109 94 281 172
Y Space -3 2 94 110 296 202
Space I 3 -4 110 110 234 124
I N -2 2 110 125 250 140
N T 2 1 125 110 218 93
T E 0 2 110 140 250 140
E N -2 -3 140 125 156 16
N S 1 4 125 78 593 468
S T 1 -3 78 93 156 78
T I 0 -3 93 110 249 156
I N -2 2 110 109 281 171
N E 2 3 109 78 125 16
E S -1 1 78 94 218 140
S Oemcomma -1 -6 94 78 874 780
Oemcomma Space -1 4 78 109 203 125
Space P 3 -6 109 78 234 125
P U 0 3 78 109 296 218
U T 0 2 109 93 141 32
T Space -3 1 93 140 156 63
Space A 2 3 140 125 202 62
A Space -2 -3 125 125 234 109
Space N 1 -2 125 93 219 94
N E 2 3 93 94 109 16
E E 0 0 94 93 172 78
E D -1 0 93 93 187 94
D Space -2 -1 93 156 109 16
Space Back 4 -9 156 140 624 468
Back L -2 4 140 125 296 156
L E 1 6 125 125 94 -31
E Space -3 -1 125 124 172 47
Space I 3 -4 124 78 280 156
I N -2 2 78 125 219 141
N T 2 1 125 156 203 78
T O 0 -4 156 110 202 46
O Space -3 5 110 141 281 171
Space M 1 -3 141 125 1264 1123
M Y 2 1 125 78 281 156
Y Space -3 2 78 93 234 156
Space P 3 -6 93 94 249 156
P A -1 9 94 125 172 78
A N -1 -5 125 109 140 15
N C 0 3 109 125 468 359
C R 2 -1 125 109 250 125
R E 0 1 109 109 218 109
E A -1 2 109 125 234 125
A S 0 -1 125 109 702 577
S Space -2 -2 109 156 375 266
Space A 2 3 156 94 530 374
A N -1 -5 94 109 125 31
N D 1 3 109 140 125 16
D Space -2 -1 140 156 156 16
Space G 2 -1 156 156 374 218
G O 1 -4 156 140 94 -62
O T 0 4 140 93 156 16
T Space -3 1 93 141 171 78
Space A 2 3 141 62 203 62
A Space -2 -3 62 125 78 16
Space F 2 0 125 125 1139 1014
F E 1 1 125 125 343 218
E W 0 1 125 125 218 93
W Space -3 -2 125 156 172 47
Space C 1 1 156 109 733 577
C E 2 0 109 124 219 110
E L -1 -6 124 78 202 78
L L 0 0 78 172 172 94
L S 0 7 172 109 109 -63
S Space -2 -2 109 156 187 78
Space F 2 0 156 94 172 16
F R 1 0 94 94 218 124
R O 0 -5 94 94 125 31
O M -2 2 94 93 250 156
M Space -1 3 93 141 374 281
Space T 3 -1 141 109 312 171
T H -1 -1 109 93 94 -15
H E 1 3 93 141 171 78
E Space -3 -1 141 140 110 -31
Space T 3 -1 140 78 717 577
T U 0 -2 78 31 219 141
U M -2 0 31 109 343 312
M O 2 -2 109 125 265 156
O R 0 5 125 110 686 561
R OemPeriod -2 -5 110 109 453 343
OemPeriod Space -1 5 109 172 249 140
Space LShiftKey 1 4 172 874 437 265
LShiftKey I 2 -8 874 78 780 -94
I Space -3 4 78 125 234 156
Space W 3 2 125 78 733 608
W A -1 1 78 109 172 94
A S 0 -1 109 140 234 125
S Space -2 -2 140 172 1154 1014
Space S 2 2 172 125 250 78
S E 1 -1 125 93 203 78
E D -1 0 93 94 218 125
D A 0 2 94 62 406 312
A A 0 0 62 78 78 16
A T 1 -4 78 109 671 593
T E 0 2 109 94 140 31
E D -1 0 94 110 218 124
D Oemcomma -1 -5 110 93 1155 1045
Oemcomma Space -1 4 93 140 203 110
Space B 1 -1 140 78 249 109
B U 2 -2 78 78 219 141
U T 0 2 78 109 109 31
T Space -3 1 109 109 296 187
Space M 1 -3 109 94 234 125
M Y 2 1 94 94 234 140
Y Space -3 2 94 125 250 156
Space W 3 2 125 94 109 -16
W I 0 -6 94 124 172 78
I F -1 4 124 109 312 188
F E 1 1 109 109 265 156
E Space -3 -1 109 140 125 16
Space W 3 2 140 93 187 47
W A -1 1 93 125 218 125
A S 0 -1 125 78 234 109
S Space -2 -2 78 140 47 -31
Space T 3 -1 140 93 281 141
T H -1 -1 93 125 109 16
H E 1 3 125 140 172 47
E R 0 -1 140 93 265 125
R E 0 1 93 78 234 141
E Oemcomma -2 -5 78 78 1123 1045
Oemcomma Space -1 4 78 125 265 187
Space T 3 -1 125 93 141 16
T O 0 -4 93 78 140 47
O L -1 0 78 125 203 125
L D 0 6 125 125 1029 904
D Space -2 -1 125 124 110 -15
Space M 1 -3 124 93 234 110
M E 2 4 93 94 46 -47
E Space -3 -1 94 124 188 94
Space T 3 -1 124 78 124 0
T H -1 -1 78 110 156 78
H A 0 5 110 140 172 62
A T 1 -4 140 110 140 0
T Space -3 1 110 109 266 156
Space T 3 -1 109 93 265 156
T H -1 -1 93 93 234 141
H E 1 3 93 94 109 16
E T 0 -2 94 109 281 187
T Space -3 1 109 156 468 359
Space V 1 0 156 125 795 639
V I 2 -4 125 109 188 63
I D -1 5 109 78 202 93
D Back 2 -10 78 124 422 344
Back E -1 10 124 78 265 141
E W 0 1 78 78 1029 951
W E 0 -1 78 94 234 156
E D -1 0 94 94 1014 920
D Space -2 -1 94 141 234 140
Space T 3 -1 141 94 936 795
T H -1 -1 94 124 110 16
H E 1 3 124 109 156 32
E Space -3 -1 109 141 171 62
Space C 1 1 141 93 375 234
C E 2 0 93 62 234 141
E L -1 -6 62 110 124 62
L L 0 0 110 125 203 93
L S 0 7 125 78 141 16
S Space -2 -2 78 157 124 46
Space U 3 -3 157 140 422 265
U N -2 1 140 109 296 156
N D 1 3 109 93 94 -15
D E 1 0 93 124 203 110
E R 0 -1 124 93 234 110
R Space -3 0 93 172 124 31
Space Space 0 0 172 156 312 140
Space A 2 3 156 171 110 -46
A Space -2 -3 171 156 374 203
Space M 1 -3 156 125 983 827
M I 2 -1 125 109 281 156
I C -2 5 109 109 93 -16
C R 2 -1 109 93 219 110
R O 0 -5 93 110 124 31
O S -1 7 110 125 125 15
S O 1 -7 125 140 125 0
O C -2 6 140 109 515 375
C O 2 -6 109 94 483 374
O P 0 -1 94 125 203 109
P Back 1 -3 125 109 1857 1732
Back Back 0 0 109 125 202 93
Back Back 0 0 125 140 188 63
Back Back 0 0 140 141 202 62
Back C -3 10 141 172 1030 889
C O 2 -6 172 62 312 140
O P 0 -1 62 109 187 125
P E 0 7 109 78 94 -15
E Space -3 -1 78 187 265 187
Space T 3 -1 187 93 671 484
T H -1 -1 93 140 109 16
H E 1 3 140 93 1763 1623
E Space -3 -1 93 141 218 125
Space D 2 1 141 141 1404 1263
D O 1 -6 141 125 203 62
O C -2 6 125 156 125 0
C T 2 -2 156 93 359 203
T O 0 -4 93 125 124 31
O R 0 5 125 124 110 -15
R S -1 2 124 140 374 250
S Space -2 -2 140 156 250 110
Space S 2 2 156 124 624 468
S T 1 -3 124 109 156 32
T A -1 4 109 109 93 -16
A R 1 -3 109 78 156 47
R T 0 -1 78 94 187 109
T E 0 2 94 78 125 31
E D -1 0 78 109 219 141
D Space -2 -1 109 141 124 15
Space C 1 1 141 140 375 234
C R 2 -1 140 203 390 250
R Y 0 -2 203 109 359 156
Y I 0 -2 109 78 234 125
I N -2 2 78 125 202 124
N G 1 1 125 94 125 0
G Space -2 1 94 140 141 47
Space B 1 -1 140 94 280 140
B E 2 2 94 109 172 78
E C -2 0 109 125 234 125
C A 1 2 125 110 218 93
A U 1 -6 110 94 94 -16
U S -1 5 94 110 140 46
S E 1 -1 110 109 219 109
E Space -3 -1 109 156 156 47
Space I 3 -4 156 125 624 468
I T 0 3 125 93 156 31
T Space -3 1 93 125 156 63
Space T 3 -1 125 140 203 78
T U 0 -2 140 94 249 109
U N -2 1 94 109 359 265
N Back 3 -7 109 94 468 359
Back R -1 9 94 94 187 93
R N -2 -2 94 140 281 187
N E 2 3 140 109 109 -31
E D -1 0 109 188 265 156
D Space -2 -1 188 156 172 -16
Space T 3 -1 156 110 296 140
T O 0 -4 110 141 125 15
O Space -3 5 141 141 265 124
Space B 1 -1 141 94 234 93
B E 2 2 94 109 63 -31
E Space -3 -1 109 141 140 31
Space A 2 3 141 125 156 15
A Space -2 -3 125 125 94 -31
Space V 1 0 125 94 249 124
V E 2 1 94 141 78 -16
E R 0 -1 141 94 250 109
R Y 0 -2 94 125 62 -32
Y Space -3 2 125 156 297 172
Space R 3 0 156 109 1014 858
R A -1 3 109 94 93 -16
A R 1 -3 94 125 141 47
R E 0 1 125 94 187 62
E Space -3 -1 94 141 218 124
Space F 2 0 141 94 203 62
F O 1 -5 94 125 281 187
O R 0 5 125 93 172 47
R M -2 -3 93 94 124 31
M Space -1 3 94 93 188 94
Space O 3 -5 93 93 234 141
O F -1 5 93 110 124 31
F Space -2 0 110 109 141 31
Space P 3 -6 109 110 249 140
P A -1 9 110 140 141 31
A N -1 -5 140 124 203 63
N C 0 3 124 109 156 32
C R 2 -1 109 94 202 93
R E 0 1 94 78 219 125
E A -1 2 78 109 218 140
A T 1 -4 109 94 125 16
T I 0 -3 94 125 265 171
I C -2 5 125 94 109 -16
C Space -1 -1 94 140 188 94
Space C 1 1 140 94 124 -16
C A 1 2 94 141 234 140
A N -1 -5 141 141 125 -16
N C 0 3 141 124 219 78
C E 2 0 124 78 234 110
E Space -3 -1 78 156 4976 4898
Space T 3 -1 156 110 218 62
T H -1 -1 110 109 172 62
H A 0 5 109 125 203 94
A T 1 -4 125 78 93 -32
T Space -3 1 78 109 266 188
Space I 3 -4 109 94 904 795
I S -1 6 94 124 110 16
S Space -2 -2 124 140 156 32
Space C 1 1 140 109 171 31
C U 2 -4 109 94 811 702
U R 0 3 94 78 125 31
R A -1 3 78 140 281 203
A B -1 -4 140 93 125 -15
B L 1 -4 93 156 312 219
L E 1 6 156 94 171 15
E Space -3 -1 94 141 203 109
Space W 3 2 141 109 250 109
W I 0 -6 109 156 187 78
I T 0 3 156 94 234 78
T H -1 -1 94 125 125 31
H Space -2 2 125 140 234 109
Space S 2 2 140 109 452 312
S U 1 -5 109 78 125 16
U R 0 3 78 109 234 156
R G -1 -1 109 109 187 78
G E 1 2 109 78 141 32
E R 0 -1 78 94 296 218
R Y 0 -2 94 125 125 31
Y OemPeriod -2 -3 125 94 998 873
OemPeriod Space -1 5 94 109 234 140
Space LShiftKey 1 4 109 530 141 32
LShiftKey I 2 -8 530 78 468 -62
I Space -3 4 78 109 218 140
Space H 2 -2 109 78 250 141
H A 0 5 78 110 124 46
A S 0 -1 110 109 359 249
S Space -2 -2 109 141 156 47
Space T 3 -1 141 93 328 187
T H -1 -1 93 109 109 16
H E 1 3 109 125 140 31
E Space -3 -1 125 156 125 0
Space S 2 2 156 78 343 187
S U 1 -5 78 109 110 32
U R 0 3 109 94 218 109
R G -1 -1 94 94 140 46
G E 1 2 94 62 110 16
E R 0 -1 62 109 234 172
R Y 0 -2 109 109 405 296
Y Space -3 2 109 109 312 203
Space A 2 3 109 109 94 -15
A N -1 -5 109 62 156 47
N D 1 3 62 124 125 63
D Space -2 -1 124 140 530 406
Space LShiftKey 1 4 140 203 281 141
LShiftKey I 2 -8 203 93 125 -78
I Oem7 -1 -3 93 94 826 733
Oem7 M -1 4 94 78 344 250
M Space -1 3 78 125 249 171
Space F 2 0 125 94 203 78
F U 1 -3 94 62 156 62
U Back 1 -6 62 109 499 437
Back I -1 5 109 110 421 312
I N -2 2 110 109 250 140
N E 2 3 109 109 94 -15
E Space -3 -1 109 94 124 15
Space N 1 -2 94 109 172 78
N O 2 -3 109 94 234 125
O W 0 7 94 93 125 31
W OemPeriod -2 -7 93 93 702 609
OemPeriod Left -1 -2 93 1217 1045 952
Left R 3 7 1217 93 4415 3198
R Right -3 -9 93 172 3572 3479
Right Back 4 0 172 124 453 281
Back Y -1 7 124 156 577 453
Y Back 1 -7 156 125 2106 1950
Back Back 0 0 125 109 3073 2948
Back Back 0 0 109 125 4415 4306
Back RShiftKey -3 2 125 483 546 421
RShiftKey L 1 2 483 172 327 -156
L Back 2 -4 172 109 1763 1591
Back E -1 10 109 93 640 531
E W 0 1 93 94 2995 2902
W Back 1 -11 94 125 14227 14133
Back Back 0 0 125 93 484 359
Back Space -4 9 93 156 967 874
Space Back 4 -9 156 93 3323 3167
Back I -1 5 93 125 546 453
I Oem7 -1 -3 125 109 3572 3447
Oem7 Return 0 -1 109 140 3323 3214
Return LShiftKey -1 12 140 218 15039 14899
LShiftKey T 2 -5 218 94 93 -125
T H -1 -1 94 93 219 125
H I 1 -2 93 78 218 125
I S -1 6 78 109 203 125
S Space -2 -2 109 109 125 16
Space W 3 2 109 78 140 31
W A -1 1 78 94 265 187
A S 0 -1 94 94 203 109
S Space -2 -2 94 109 78 -16
Space T 3 -1 109 125 312 203
T H -1 -1 125 78 109 -16
H E 1 3 78 125 156 78
E Space -3 -1 125 140 94 -31
Space C 1 1 140 16 187 47
C C 0 0 16 109 31 15
C L 1 -6 109 93 94 -15
L O 1 0 93 93 203 110
O S -1 7 93 156 46 -47
S E 1 -1 156 94 250 94
E S -1 1 94 94 187 93
S T 1 -3 94 94 343 249
T Space -3 1 94 140 219 125
Space LShiftKey 1 4 140 484 343 203
LShiftKey I 2 -8 484 94 421 -63
I Oem7 -1 -3 94 94 593 499
Oem7 V -1 7 94 78 1420 1326
V E 2 1 78 125 93 15
E Space -3 -1 125 93 172 47
Space B 1 -1 93 93 203 110
B E 2 2 93 78 109 16
E E 0 0 78 109 156 78
E N -2 -3 109 110 171 62
N Space -1 2 110 141 203 93
Space T 3 -1 141 94 499 358
T O 0 -4 94 93 141 47
O Space -3 5 93 156 249 156
Space F 2 0 156 94 203 47
F A 0 3 94 109 250 156
A C -1 -2 109 125 296 187
C I 2 -5 125 78 63 -62
I N -2 2 78 94 218 140
N Space -1 2 94 141 187 93
Space D 2 1 141 140 484 343
D E 1 0 140 93 359 219
E A -1 2 93 125 249 156
A T 1 -4 125 78 172 47
T H -1 -1 78 78 249 171
H Space -2 2 78 94 250 172
Space Back 4 -9 94 125 2714 2620
Back Oemcomma -3 5 125 109 921 796
Oemcomma Space -1 4 109 140 265 156
Space LShiftKey 1 4 140 265 172 32
LShiftKey I 2 -8 265 94 218 -47
I Space -3 4 94 109 250 156
Space H 2 -2 109 62 234 125
H O 1 -3 62 78 249 187
O P 0 -1 78 94 203 125
P E 0 7 94 94 109 15
E Space -3 -1 94 172 234 140
Space I 3 -4 172 78 780 608
I T 0 3 78 94 156 78
T Oem7 -1 -6 94 125 546 452
Oem7 S 0 9 125 141 265 140
S Space -2 -2 141 156 156 15
Space T 3 -1 156 109 219 63
T H -1 -1 109 94 171 62
H E 1 3 94 140 110 16
E Space -3 -1 140 141 171 31
Space C 1 1 141 109 484 343
C L 1 -6 109 94 93 -16
L O 1 0 94 78 203 109
O S -1 7 78 125 109 31
S E 1 -1 125 94 234 109
E S -1 1 94 109 219 125
S T 1 -3 109 78 764 655
T Space -3 1 78 110 265 187
Space LShiftKey 1 4 110 312 375 265
LShiftKey I 2 -8 312 93 234 -78
I Space -3 4 93 110 249 156
Space G 2 -1 110 78 234 124
G E 1 2 78 94 94 16
E T 0 -2 94 78 109 15
T A -1 4 78 78 499 421
A Space -2 -3 78 172 156 78
Space F 2 0 172 78 640 468
F O 1 -5 78 141 109 31
O R 0 5 141 78 156 15
R Space -3 0 78 156 156 78
Space F 2 0 156 93 250 94
F E 1 1 93 93 234 141
E W 0 1 93 109 203 110
W Space -3 -2 109 93 109 0
Space M 1 -3 93 109 203 110
M O 2 -2 109 94 249 140
O R 0 5 94 78 109 15
R E 0 1 78 109 188 110
E Space -3 -1 109 156 156 47
Space D 2 1 156 110 670 514
D E 1 0 110 109 188 78
E C -2 0 109 109 218 109
C A 1 2 109 124 484 375
A D 0 -2 124 124 234 110
D E 1 0 124 94 171 47
E S -1 1 94 172 234 140
S OemPeriod -1 -7 172 93 999 827
OemPeriod Space -1 5 93 124 234 141
Space LShiftKey 1 4 124 234 187 63
LShiftKey H 1 -6 234 78 218 -16
H A 0 5 78 109 125 47
A V -1 -3 109 78 1092 983
V I 2 -4 78 63 265 187
I N -2 2 63 93 219 156
N G 1 1 93 93 109 16
G Space -2 1 93 94 109 16
Space L 2 -5 94 109 234 140
L I 1 1 109 109 265 156
I V -2 4 109 93 94 -15
V E 2 1 93 93 203 110
E D -1 0 93 125 218 125
D Space -2 -1 125 172 109 -16
Space T 3 -1 172 94 265 93
T H -1 -1 94 109 172 78
H R 1 2 109 110 140 31
R O 0 -5 110 93 188 78
O U 0 2 93 109 249 156
U G -1 2 109 93 94 -15
G H 0 -1 93 78 156 63
H Space -2 2 78 140 187 109
Space I 3 -4 140 93 328 188
I T 0 3 93 125 171 78
T Oemcomma -2 -3 125 109 1264 1139
Oemcomma Space -1 4 109 125 218 109
Space LShiftKey 1 4 125 219 109 -16
LShiftKey I 2 -8 219 109 172 -47
I Space -3 4 109 156 265 156
Space C 1 1 156 93 141 -15
C A 1 2 93 140 234 141
A N -1 -5 140 78 78 -62
N Space -1 2 78 94 202 124
Space N 1 -2 94 109 203 109
N O 2 -3 109 109 531 422
O W 0 7 109 125 124 15
W Space -3 -2 125 187 188 63
Space S 2 2 187 78 1029 842
S A 0 1 78 94 203 125
A Y 1 -5 94 78 125 31
Y Space -3 2 78 140 234 156
Space T 3 -1 140 156 125 -15
T H -1 -1 156 78 171 15
H I 1 -2 78 109 219 141
I S -1 6 109 141 93 -16
S Space -2 -2 141 141 234 93
Space T 3 -1 141 110 577 436
T O 0 -4 110 93 141 31
O Space -3 5 93 156 265 172
Space Y 3 -2 156 93 593 437
Y O 0 -3 93 125 78 -15
O U 0 2 125 110 327 202
U Space -3 3 110 188 312 202
Space W 3 2 188 93 1311 1123
W I 0 -6 93 140 125 32
I T 0 3 140 125 218 78
T H -1 -1 125 110 140 15
H Space -2 2 110 140 266 156
Space A 2 3 140 109 140 0
A Space -2 -3 109 141 140 31
Space B 1 -1 141 110 312 171
B I 2 -3 110 109 281 171
I T 0 3 109 156 172 63
T Space -3 1 156 94 171 15
Space M 1 -3 94 78 203 109
M O 2 -2 78 109 203 125
O R 0 5 109 78 78 -31
R E 0 1 78 125 187 109
E Space -3 -1 125 141 156 31
Space C 1 1 141 94 546 405
C E 2 0 94 93 141 47
E R 0 -1 93 94 202 109
R T 0 -1 94 78 234 140
T A -1 4 78 109 125 47
A I 1 -7 109 93 250 141
I N -2 2 93 94 249 156
N I 2 -2 94 93 219 125
I T 0 3 93 94 171 78
T Y 0 -1 94 109 203 109
Y Space -3 2 109 156 468 359
Space T 3 -1 156 109 406 250
T H -1 -1 109 94 140 31
H A 0 5 94 109 312 218
A N -1 -5 109 140 453 344
N Space -1 2 140 125 249 109
Space W 3 2 125 124 141 16
W H -1 -4 124 93 156 32
H E 1 3 93 109 140 47
E N -2 -3 109 109 125 16
N Space -1 2 109 140 234 125
Space D 2 1 140 93 390 250
D E 1 0 93 31 218 125
E E 0 0 31 16 47 16
E A -1 2 16 140 250 234
A T 1 -4 140 63 93 -47
T H -1 -1 63 94 203 140
H Space -2 2 94 125 265 171
Space W 3 2 125 109 78 -47
W A -1 1 109 93 250 141
A S 0 -1 93 93 203 110
S Space -2 -2 93 171 78 -15
Space A 2 3 171 78 764 593
A Space -2 -3 78 171 125 47
Space U 3 -3 171 110 483 312
U S -1 5 110 140 63 -47
S E 1 -1 140 94 265 125
E F -1 -1 94 109 250 156
F U 1 -3 109 109 374 265
U L -1 -2 109 171 250 141
L Space -2 5 171 140 343 172
Space B 1 -1 140 93 671 531
B U 2 -2 93 94 218 125
U T 0 2 94 94 140 46
T Space -3 1 94 125 141 47
Space P 3 -6 125 124 437 312
P U 0 3 124 109 374 250
U R 0 3 109 109 265 156
R E 0 1 109 141 234 125
E L -1 -6 141 141 156 15
L Y 1 3 141 93 328 187
Y Space -3 2 93 109 281 188
Space I 3 -4 109 93 1014 905
I N -2 2 93 109 218 125
N T 2 1 109 140 156 47
T E 0 2 140 156 265 125
E L -1 -6 156 110 187 31
L L 0 0 110 124 188 78
L E 1 6 124 109 140 16
E C -2 0 109 141 296 187
C T 2 -2 141 94 156 15
T U 0 -2 94 125 219 125
U A -1 6 125 125 218 93
A L 0 -8 125 125 156 31
L Space -2 5 125 156 265 140
Space C 1 1 156 125 219 63
C O 2 -6 125 109 140 15
O N -2 3 109 141 265 156
N C 0 3 141 109 203 62
C E 2 0 109 125 203 94
E P 0 -7 125 125 156 31
P T 0 5 125 109 406 281
T OemPeriod -2 -4 109 109 1965 1856
OemPeriod Return 1 -3 109 156 265 156
Return Return 0 0 156 110 624 468
Return LShiftKey -1 12 110 296 250 140
LShiftKey N 0 -6 296 94 187 -109
N O 2 -3 94 78 234 140
O Space -3 5 78 171 250 172
Space O 3 -5 171 78 811 640
O N -2 3 78 124 250 172
N E 2 3 124 109 171 47
E Space -3 -1 109 125 172 63
Space W 3 2 125 93 156 31
W A -1 1 93 125 218 125
A N -1 -5 125 94 203 78
N T 2 1 94 94 312 218
T S -1 3 94 93 94 0
S Space -2 -2 93 156 187 94
Space T 3 -1 156 94 1201 1045
T O 0 -4 94 93 125 31
O Space -3 5 93 125 265 172
Space D 2 1 125 125 234 109
D I 1 -5 125 125 140 15
I E 0 5 125 109 141 16
E OemPeriod -2 -6 109 93 780 671
OemPeriod Space -1 5 93 125 234 141
Space LShiftKey 1 4 125 219 62 -63
LShiftKey V 0 -4 219 78 375 156
V E 2 1 78 94 140 62
E Back 1 -10 94 109 390 296
Back LShiftKey -3 13 109 593 203 94
LShiftKey E 2 -3 593 125 452 -141
E V -2 -1 125 109 203 78
V E 2 1 109 124 172 63
E N -2 -3 124 78 124 0
N Space -1 2 78 141 234 156
Space P 3 -6 141 78 780 639
P E 0 7 78 109 141 63
E P 0 -7 109 94 187 78
P O 0 1 94 78 312 218
O P 0 -1 78 62 203 125
P L -1 1 62 93 234 172
L E 1 6 93 78 125 32
E Space -3 -1 78 156 156 78
Space W 3 2 156 125 530 374
W H -1 -4 125 63 140 15
H O 1 -3 63 78 203 140
O Space -3 5 78 141 234 156
Space W 3 2 141 78 343 202
W A -1 1 78 94 203 125
A N -1 -5 94 94 78 -16
N T 2 1 94 110 265 171
T Space -3 1 110 141 281 171
Space T 3 -1 141 94 468 327
T O 0 -4 94 94 125 31
O Space -3 5 94 140 250 156
Space G 2 -1 140 78 249 109
G O 1 -4 78 110 109 31
O Space -3 5 110 141 281 171
Space T 3 -1 141 94 109 -32
T O 0 -4 94 62 188 94
O Space -3 5 62 141 249 187
Space H 2 -2 141 94 390 249
H E 1 3 94 156 125 31
E A -1 2 156 156 296 140
A V -1 -3 156 78 141 -15
V E 2 1 78 94 187 109
E N -2 -3 94 94 109 15
N Space -1 2 94 140 219 125
Space D 2 1 140 124 468 328
D O 1 -6 124 94 171 47
O N -2 3 94 125 234 140
N RShiftKey 0 -5 125 359 718 593
RShiftKey Oem7 1 0 359 141 218 -141
Oem7 T 1 6 141 93 453 312
T Space -3 1 93 140 109 16
Space W 3 2 140 94 1154 1014
W A -1 1 94 125 203 109
A N -1 -5 125 109 312 187
N T 2 1 109 156 265 156
T Space -3 1 156 141 109 -47
Space T 3 -1 141 125 172 31
T O 0 -4 125 94 140 15
O Space -3 5 94 124 266 172
Space D 2 1 124 125 296 172
D I 1 -5 125 94 140 15
I E 0 5 94 109 141 47
E Space -3 -1 109 125 374 265
Space T 3 -1 125 93 219 94
T O 0 -4 93 93 109 16
O Space -3 5 93 110 249 156
Space G 2 -1 110 62 250 140
G E 1 2 62 94 109 47
E T 0 -2 94 78 94 0
T Space -3 1 78 141 249 171
Space T 3 -1 141 93 422 281
T H -1 -1 93 109 78 -15
H E 1 3 109 125 218 109
E R 0 -1 125 78 234 109
R E 0 1 78 109 172 94
E OemPeriod -2 -6 109 109 546 437
OemPeriod Space -1 5 109 141 249 140
Space LShiftKey 1 4 141 250 125 -16
LShiftKey A 1 -1 250 109 172 -78
A N -1 -5 109 78 93 -16
N D 1 3 78 94 203 125
D Space -2 -1 94 140 78 -16
Space Y 3 -2 140 109 702 562
Y E 0 3 109 78 140 31
E T 0 -2 78 94 125 47
T D -1 2 94 78 2543 2449
D E 1 0 78 94 187 109
E A -1 2 94 171 172 78
A T 1 -4 171 93 156 -15
T H -1 -1 93 63 218 125
H Space -2 2 63 124 219 156
Space I 3 -4 124 78 249 125
I S -1 6 78 124 63 -15
S Space -2 -2 124 140 187 63
Space T 3 -1 140 141 218 78
T H -1 -1 141 78 141 0
H E 1 3 78 125 140 62
E Space -3 -1 125 110 140 15
Space D 2 1 110 156 125 15
D E 1 0 156 78 250 94
E S -1 1 78 93 515 437
S T 1 -3 93 78 109 16
T I 0 -3 78 62 359 281
I N -2 2 62 78 234 172
N A 1 5 78 125 93 15
A T 1 -4 125 78 187 62
T I 0 -3 78 78 297 219
I O 0 -1 78 109 187 109
O N -2 3 109 109 265 156
N Space -1 2 109 125 343 234
Space W 3 2 125 78 203 78
W E 0 -1 78 94 234 156
E Space -3 -1 94 156 359 265
Space A 2 3 156 94 234 78
A L 0 -8 94 62 125 31
L L 0 0 62 94 140 78
L Space -2 5 94 172 234 140
Space S 2 2 172 124 188 16
S H 0 -4 124 93 265 141
H A 0 5 93 78 109 16
A R 1 -3 78 93 203 125
R E 0 1 93 125 156 63
E Space -3 -1 125 172 218 93
Space Back 4 -9 172 109 531 359
Back LShiftKey -3 13 109 296 296 187
LShiftKey OemPeriod 0 -9 296 94 187 -109
OemPeriod Space -1 5 94 109 250 156
Space LShiftKey 1 4 109 281 156 47
LShiftKey N 0 -6 281 93 156 -125
N O 2 -3 93 78 249 156
O Space -3 5 78 125 234 156
Space O 3 -5 125 109 281 156
O N -2 3 109 125 281 172
N E 2 3 125 93 172 47
E Space -3 -1 93 141 93 0
Space H 2 -2 141 124 297 156
H A 0 5 124 125 109 -15
A S 0 -1 125 109 234 109
S Space -2 -2 109 125 93 -16
Space E 3 1 125 109 172 47
E V -2 -1 109 93 125 16
V E 2 1 93 94 109 16
E R 0 -1 94 94 218 124
R Space -3 0 94 156 172 78
Space E 3 1 156 94 421 265
E S -1 1 94 125 312 218
S C -1 -1 125 93 328 203
C A 1 2 93 156 249 156
A P 1 -9 156 156 312 156
P E 0 7 156 78 172 16
E D -1 0 78 125 187 109
D Space -2 -1 125 156 94 -31
Space I 3 -4 156 78 702 546
I T 0 3 78 94 109 31
T OemPeriod -2 -4 94 109 2059 1965
OemPeriod LShiftKey 0 9 109 359 328 219
LShiftKey A 1 -1 359 141 218 -141
A N -1 -5 141 78 421 280
N D 1 3 78 109 94 16
D Space -2 -1 109 156 172 63
Space T 3 -1 156 62 733 577
T H -1 -1 62 94 218 156
H T 1 1 94 93 250 156
T A -1 4 93 172 140 47
A Space -2 -3 172 93 219 47
Space I 3 -4 93 93 343 250
I S -1 6 93 109 140 47
S Space -2 -2 109 141 187 78
Space A 2 3 141 109 172 31
A S 0 -1 109 47 234 125
S Space -2 -2 47 109 156 109
Space I 3 -4 109 93 827 718
I T 0 3 93 78 421 328
T Space -3 1 78 93 250 172
Space S 2 2 93 156 124 31
S H 0 -4 156 94 125 -31
H O 1 -3 94 94 234 140
O U 0 2 94 94 234 140
U L -1 -2 94 93 250 156
L D 0 6 93 140 125 32
D Space -2 -1 140 109 171 31
Space B 1 -1 109 109 671 562
B E 2 2 109 125 125 16
E Oemcomma -2 -5 125 78 530 405
Oemcomma Space -1 4 78 125 250 172
Space B 1 -1 125 94 296 171
B E 2 2 94 125 109 15
E C -2 0 125 140 219 94
C U 2 -4 140 94 187 47
U A -1 6 94 110 140 46
A S 0 -1 110 63 437 327
S E 1 -1 63 141 234 171
E Space -3 -1 141 140 1061 920
Space LShiftKey 1 4 140 328 468 328
LShiftKey D 1 -3 328 94 234 -94
D E 1 0 94 109 328 234
E A -1 2 109 141 249 140
A T 1 -4 141 94 78 -63
T H -1 -1 94 109 219 125
H Space -2 2 109 171 312 203
Space I 3 -4 171 94 514 343
I S -1 6 94 141 125 31
S Space -2 -2 141 125 156 15
Space V 1 0 125 78 265 140
V E 2 1 78 109 94 16
E R 0 -1 109 109 250 141
R Y 0 -2 109 109 156 47
Y Space -3 2 109 125 358 249
Space L 2 -5 125 93 578 453
L I 1 1 93 32 280 187
I K -1 0 32 124 188 156
K E 1 5 124 124 156 32
E L -1 -6 124 125 140 16
L Y 1 3 125 78 530 405
Y Space -3 2 78 125 234 156
Space T 3 -1 125 78 141 16
T H -1 -1 78 93 125 47
H E 1 3 93 156 109 16
E Space -3 -1 156 156 218 62
Space B 1 -1 156 93 375 219
B E 2 2 93 93 109 16
E S -1 1 93 125 234 141
S T 1 -3 125 94 171 46
T Space -3 1 94 125 281 187
Space I 3 -4 125 93 453 328
I N -2 2 93 125 218 125
N V 0 2 125 93 94 -31
V E 2 1 93 125 202 109
E N -2 -3 125 109 110 -15
N T 2 1 109 109 265 156
T I 0 -3 109 93 156 47
I O 0 -1 93 94 187 94
O N -2 3 94 78 234 140
N Space -1 2 78 94 187 109
Space O 3 -5 94 109 219 125
O F -1 5 109 110 124 15
F Space -2 0 110 109 188 78
Space L 2 -5 109 140 234 125
L I 1 1 140 109 265 125
I F -1 4 109 109 125 16
F E 1 1 109 140 265 156
E OemPeriod -2 -6 140 110 639 499
OemPeriod Space -1 5 110 140 219 109
Space LShiftKey 1 4 140 265 125 -15
LShiftKey I 2 -8 265 93 187 -78
I T 0 3 93 78 296 203
T Space -3 1 78 125 281 203
Space I 3 -4 125 93 1264 1139
I S -1 6 93 124 156 63
S Space -2 -2 124 172 171 47
Space LShiftKey 1 4 172 297 312 140
LShiftKey L 1 -9 297 94 203 -94
L I 1 1 94 94 265 171
I F -1 4 94 125 328 234
F E 1 1 125 110 249 124
E RShiftKey -2 -8 110 375 437 327
RShiftKey Oem7 1 0 375 141 234 -141
Oem7 S 0 9 141 125 281 140
S Space -2 -2 125 156 187 62
Space C 1 1 156 94 234 78
C H 1 -3 94 93 141 47
H A 0 5 93 140 109 16
A N -1 -5 140 124 125 -15
N G 1 1 124 93 1014 890
G E 1 2 93 110 124 31
E Space -3 -1 110 125 156 46
Space E 3 1 125 109 110 -15
E V -2 -1 109 78 156 47
V E 2 1 78 125 109 31
E N -2 -3 125 124 203 78
N Back 3 -7 124 109 764 640
Back Back 0 0 109 125 203 94
Back Back 0 0 125 171 983 858
Back Back 0 0 171 110 280 109
Back A -2 12 110 109 1186 1076
A G 0 -4 109 93 125 16
G E 1 2 93 124 203 110
E N -2 -3 124 171 156 32
N T 2 1 171 94 249 78
T OemPeriod -2 -4 94 124 6693 6599
OemPeriod Space -1 5 124 202 546 422
Space LShiftKey 1 4 202 686 296 94
LShiftKey I 2 -8 686 93 671 -15
I T 0 3 93 141 296 203
T Space -3 1 141 125 187 46
Space C 1 1 125 141 234 109
C L 1 -6 141 125 141 0
L E 1 6 125 109 125 0
E A -1 2 109 156 218 109
A R 1 -3 156 78 187 31
R S -1 2 78 109 125 47
S Space -2 -2 109 109 172 63
Space I 3 -4 109 63 327 218
I Back 1 -5 63 125 1529 1466
Back O -1 4 125 94 546 421
O U 0 2 94 109 250 156
U T 0 2 109 125 171 62
T Space -3 1 125 156 141 16
Space T 3 -1 156 109 171 15
T H -1 -1 109 109 172 63
H E 1 3 109 141 249 140
E Space -3 -1 141 141 234 93
Space O 3 -5 141 94 484 343
O L -1 0 94 109 187 93
L D 0 6 109 140 125 16
D Space -2 -1 140 234 172 32
Space T 3 -1 234 94 1107 873
T O 0 -4 94 93 94 0
O Space -3 5 93 94 249 156
Space M 1 -3 94 109 203 109
M A 1 6 109 93 94 -15
A K 0 -7 93 94 140 47
K E 1 5 94 171 172 78
E Space -3 -1 171 156 218 47
Space T 3 -1 156 94 780 624
T H -1 -1 94 94 78 -16
H E 1 3 94 140 172 78
E Space -3 -1 140 171 156 16
Space W 3 2 171 93 203 32
W A -1 1 93 109 234 141
A Y 1 -5 109 94 124 15
Y Space -3 2 94 125 250 156
Space F 2 0 125 110 140 15
F O 1 -5 110 125 141 31
O R 0 5 125 109 109 -16
R Space -3 0 109 125 156 47
Space T 3 -1 125 94 109 -16
T H -1 -1 94 109 172 78
H E 1 3 109 172 93 -16
E Space -3 -1 172 125 203 31
Space N 1 -2 125 109 219 94
N E 2 3 109 94 124 15
E W 0 1 94 109 297 203
W OemPeriod -2 -7 109 125 405 296
OemPeriod Space -1 5 125 140 250 125
Space LShiftKey 1 4 140 312 140 0
LShiftKey R 2 -4 312 78 250 -62
R I 0 -4 78 110 296 218
I G -1 3 110 110 234 124
G H 0 -1 110 93 110 0
H T 1 1 93 109 156 63
T Space -3 1 109 124 156 47
Space N 1 -2 124 94 249 125
N O 2 -3 94 94 749 655
O W 0 7 94 94 109 15
W Space -3 -2 94 156 187 93
Space T 3 -1 156 78 188 32
T H -1 -1 78 94 140 62
H E 1 3 94 156 109 15
E Space -3 -1 156 125 187 31
Space N 1 -2 125 78 250 125
N E 2 3 78 93 125 47
E W 0 1 93 93 234 141
W Space -3 -2 93 125 140 47
Space I 3 -4 125 93 297 172
I S -1 6 93 93 109 16
S Space -2 -2 93 172 171 78
Space Y 3 -2 172 94 250 78
Y O 0 -3 94 94 140 46
O U 0 2 94 109 375 281
U Space -3 3 109 156 390 281
Space Back 4 -9 156 94 530 374
Back Oemcomma -3 5 94 93 406 312
Oemcomma Space -1 4 93 109 234 141
Space B 1 -1 109 109 234 125
B U 2 -2 109 109 234 125
U T 0 2 109 93 125 16
T Space -3 1 93 156 171 78
Space S 2 2 156 125 421 265
S O 1 -7 125 93 110 -15
O M -2 2 93 125 265 172
M E 2 4 125 125 140 15
E D -1 0 125 94 359 234
D A 0 2 94 109 250 156
A Y 1 -5 109 93 109 0
Y Space -3 2 93 78 249 156
Space N 1 -2 78 94 172 94
N O 2 -3 94 78 234 140
O T 0 4 78 78 94 16
T Space -3 1 78 109 171 93
Space T 3 -1 109 93 94 -15
T O 0 -4 93 110 249 156
O O 0 0 110 109 188 78
O Space -3 5 109 187 468 359
Space L 2 -5 187 94 171 -16
L O 1 0 94 78 219 125
O N -2 3 78 109 218 140
N G 1 1 109 94 296 187
G Space -2 1 94 124 110 16
Space F 2 0 124 94 171 47
F R 1 0 94 78 234 140
R O 0 -5 78 125 94 16
O M -2 2 125 125 265 140
M Space -1 3 125 109 234 109
Space N 1 -2 109 62 250 141
N O 2 -3 62 94 249 187
O W 0 7 94 141 577 483
W Oemcomma -2 -6 141 125 203 62
Oemcomma Space -1 4 125 140 250 125
Space Y 3 -2 140 94 343 203
Y O 0 -3 94 125 125 31
O U 0 2 125 94 265 140
U Space -3 3 94 125 234 140
Space W 3 2 125 125 140 15
W I 0 -6 125 109 172 47
I L -1 -1 109 63 296 187
L L 0 0 63 125 156 93
L Space -2 5 125 156 312 187
Space G 2 -1 156 78 874 718
G R 1 1 78 78 218 140
R A -1 3 78 94 281 203
A D 0 -2 94 93 250 156
D U 1 -4 93 93 125 32
U A -1 6 93 141 124 31
A L 0 -8 141 109 188 47
L L 0 0 109 141 202 93
L U 1 2 141 78 172 31
U Space -3 3 78 125 515 437
Space B 1 -1 125 110 639 514
B E 2 2 110 109 94 -16
E Space -3 -1 109 109 156 47
Space O 3 -5 109 93 281 172
O L -1 0 93 125 218 125
L D 0 6 125 78 109 -16
D Space -2 -1 78 156 172 94
Space A 2 3 156 124 172 16
A N -1 -5 124 156 156 32
N D 1 3 156 94 171 15
D Space -2 -1 94 171 172 78
Space B 1 -1 171 93 3432 3261
B E 2 2 93 109 140 47
E Space -3 -1 109 171 141 32
Space C 1 1 171 125 218 47
C L 1 -6 125 140 156 31
L E 1 6 140 93 203 63
E A -1 2 93 156 265 172
A R 1 -3 156 109 390 234
R E 0 1 109 94 187 78
E D -1 0 94 110 187 93
D Space -2 -1 110 156 125 15
Space A 2 3 156 125 359 203
A W 1 -1 125 93 281 156
W A -1 1 93 109 218 125
A Y 1 -5 109 94 187 78
Y OemPeriod -2 -3 94 78 780 686
OemPeriod Space -1 5 78 187 250 172
Space LShiftKey 1 4 187 592 172 -15
LShiftKey S 1 -2 592 125 452 -140
S O 1 -7 125 109 234 109
O R 0 5 109 93 250 141
R R 0 0 93 94 202 109
R Y 0 -2 94 109 141 47
Y Space -3 2 109 141 249 140
Space T 3 -1 141 125 172 31
T O 0 -4 125 109 172 47
O Space -3 5 109 93 312 203
Space B 1 -1 93 78 202 109
B E 2 2 78 78 94 16
E Space -3 -1 78 125 125 47
Space S 2 2 125 94 171 46
S P 1 -8 94 47 141 47
P Back 1 -3 47 109 1232 1185
Back O -1 4 109 94 515 406
O Space -3 5 94 124 250 156
Space D 2 1 124 93 109 -15
D R 1 -1 93 78 249 156
R A -1 3 78 109 266 188
A M -1 -6 109 125 93 -16
M A 1 6 125 93 141 16
A T 1 -4 93 78 327 234
T I 0 -3 78 93 250 172
I C -2 5 93 109 468 375
C Oemcomma 0 -5 109 94 639 530
Oemcomma Space -1 4 94 125 219 125
Space B 1 -1 125 94 265 140
B U 2 -2 94 109 250 156
U T 0 2 109 109 109 0
T Space -3 1 109 125 156 47
Space I 3 -4 125 78 281 156
I T 0 3 78 109 93 15
T Space -3 1 109 109 203 94
Space I 3 -4 109 109 312 203
I S -1 6 109 125 468 359
S Space -2 -2 125 141 140 15
Space Q 3 3 141 94 359 218
Q U 0 -6 94 93 141 47
U I 0 -1 93 109 218 125
I T 0 3 109 109 203 94
T E 0 2 109 110 249 140
E Space -3 -1 110 140 188 78
Space T 3 -1 140 125 171 31
T R 0 1 125 93 718 593
R U 0 -3 93 94 187 94
U E 0 4 94 94 109 15
E OemPeriod -2 -6 94 110 733 639
OemPeriod Return 1 -3 110 171 266 156
Return LShiftKey -1 12 171 468 1185 1014
LShiftKey Y 2 -6 468 78 359 -109
Y O 0 -3 78 109 250 172
O U 0 2 109 93 265 156
U R 0 3 93 78 93 0
R Space -3 0 78 94 156 78
Space T 3 -1 94 78 94 0
T I 0 -3 78 78 156 78
I M -2 1 78 94 234 156
M E 2 4 94 47 125 31
E Space -3 -1 47 110 140 93
Space L 2 -5 110 78 234 124
L Back 2 -4 78 93 453 375
Back I -1 5 93 78 265 172
I S -1 6 78 93 94 16
S Space -2 -2 93 109 140 47
Space L 2 -5 109 78 218 109
L I 1 1 78 109 203 125
I M -2 1 109 109 219 110
M I 2 -1 109 78 234 125
I T 0 3 78 78 93 15
T E 0 2 78 124 219 141
E D -1 0 124 125 249 125
D Space -2 -1 125 125 187 62
Space Back 4 -9 125 94 406 281
Back Oemcomma -3 5 94 109 312 218
Oemcomma Space -1 4 109 125 203 94
Space S 2 2 125 124 125 0
S O 1 -7 124 93 156 32
O Space -3 5 93 156 280 187
Space D 2 1 156 93 375 219
D O 1 -6 93 78 78 -15
O O 0 0 78 156 93 15
O N -2 3 156 187 500 344
N RShiftKey 0 -5 187 437 452 265
RShiftKey Oem7 1 0 437 156 265 -172
Oem7 T 1 6 156 109 203 47
T Space -3 1 109 140 234 125
Space W 3 2 140 78 936 796
W A -1 1 78 94 218 140
A S 0 -1 94 125 250 156
S T 1 -3 125 109 265 140
T E 0 2 109 94 187 78
E Space -3 -1 94 125 203 109
Space I 3 -4 125 110 421 296
I T 0 3 110 94 250 140
T Space -3 1 94 109 78 -16
Space L 2 -5 109 140 250 141
L I 1 1 140 94 296 156
I V -2 4 94 110 140 46
V I 2 -4 110 78 125 15
I N -2 2 78 140 203 125
N G 1 1 140 78 125 -15
G Space -2 1 78 124 125 47
Space S 2 2 124 94 717 593
S O 1 -7 94 94 109 15
O M -2 2 94 110 234 140
M E 2 4 110 94 94 -16
E O 0 -6 94 94 265 171
O N -2 3 94 109 250 156
N E 2 3 109 78 125 16
E Space -3 -1 78 156 140 62
Space E 3 1 156 93 250 94
E L -1 -6 93 125 140 47
L S 0 7 125 140 172 47
S E 1 -1 140 93 265 125
E RShiftKey -2 -8 93 983 265 172
RShiftKey Oem7 1 0 983 156 1186 203
Oem7 S 0 9 156 94 561 405
S Space -2 -2 94 141 109 15
Space L 2 -5 141 124 344 203
L I 1 1 124 125 296 172
I F -1 4 125 109 156 31
F E 1 1 109 94 265 156
E OemPeriod -2 -6 94 125 905 811
OemPeriod LShiftKey 0 9 125 483 281 156
LShiftKey Space -1 -4 483 156 0 -483
Space D 2 1 156 109 343 187
D O 1 -6 109 78 156 47
O N -2 3 78 125 312 234
N Oem7 1 -5 125 124 484 359
Oem7 T 1 6 124 94 218 94
T Space -3 1 94 109 156 62
Space B 1 -1 109 47 281 172
B E 2 2 47 141 93 46
E Space -3 -1 141 156 203 62
Space T 3 -1 156 93 687 531
T R 0 1 93 78 234 141
R A -1 3 78 140 109 31
A P 1 -9 140 94 249 109
P P 0 0 94 156 172 78
P E 0 7 156 63 140 -16
E D -1 0 63 94 203 140
D Space -2 -1 94 109 78 -16
Space B 1 -1 109 78 234 125
B Y 2 -1 78 78 234 156
Y Space -3 2 78 156 281 203
Space D 2 1 156 94 499 343
D O 1 -6 94 141 156 62
O G -1 4 141 78 375 234
G M -1 -2 78 140 109 31
M A 1 6 140 172 421 281
A OemMinus 2 -10 172 94 624 452
OemMinus W -1 9 94 109 328 234
W H -1 -4 109 78 124 15
H I 1 -2 78 94 234 156
I C -2 5 94 78 141 47
C H 1 -3 78 109 1154 1076
H Space -2 2 109 172 1560 1451
Space I 3 -4 172 94 6396 6224
I A -1 7 94 124 141 47
A Back 2 -12 124 93 421 297
Back S -2 11 93 93 234 141
S L 0 -7 93 78 249 156
L Back 2 -4 78 93 422 344
Back Space -4 9 93 187 795 702
Space L 2 -5 187 78 219 32
L I 1 1 78 62 234 156
I V -2 4 62 109 140 78
V I 2 -4 109 78 125 16
I N -2 2 78 124 203 125
N G 1 1 124 78 124 0
G Space -2 1 78 172 156 78
Space W 3 2 172 94 874 702
W I 0 -6 94 109 125 31
I T 0 3 109 93 234 125
T H -1 -1 93 78 78 -15
H Space -2 2 78 140 203 125
Space T 3 -1 140 93 109 -31
T H -1 -1 93 94 140 47
H E 1 3 94 93 484 390
E Space -3 -1 93 124 125 32
Space R 3 0 124 78 265 141
R E 0 1 78 78 187 109
E S -1 1 78 109 234 156
S U 1 -5 109 78 234 125
U L -1 -2 78 125 234 156
L T 1 4 125 62 125 0
T S -1 3 62 109 281 219
S Space -2 -2 109 140 140 31
Space O 3 -5 140 94 499 359
O F -1 5 94 78 250 156
F Space -2 0 78 140 109 31
Space O 3 -5 140 140 437 297
O T 0 4 140 78 312 172
T H -1 -1 78 94 171 93
H E 1 3 94 124 110 16
E R 0 -1 124 94 249 125
R Space -3 0 94 140 141 47
Space P 3 -6 140 94 608 468
P E 0 7 94 94 140 46
E O 0 -6 94 94 1498 1404
O P 0 -1 94 93 203 109
P L -1 1 93 141 218 125
L E 1 6 141 109 156 15
E Oem7 -1 -8 109 109 1061 952
Oem7 Space -2 7 109 109 515 406
Space T 3 -1 109 93 125 16
T H -1 -1 93 78 171 78
H Back 2 -7 78 93 453 375
Back Back 0 0 93 94 327 234
Back Back 0 0 94 125 234 140
Back S -2 11 125 78 655 530
S Space -2 -2 78 156 94 16
Space T 3 -1 156 110 218 62
T H -1 -1 110 94 125 15
H I 1 -2 94 78 219 125
I N -2 2 78 78 218 140
N K 1 -2 78 93 203 125
K I 1 0 93 109 203 110
I N -2 2 109 125 249 140
N G 1 1 125 93 718 593
G OemPeriod -1 -4 93 94 249 156
OemPeriod Space -1 5 94 140 266 172
Space LShiftKey 1 4 140 483 156 16
LShiftKey D 1 -3 483 124 312 -171
D O 1 -6 124 94 140 16
O N -2 3 94 109 250 156
N T 2 1 109 94 140 31
T Oem7 -1 -6 94 124 484 390
Oem7 T 1 6 124 78 405 281
T Space -3 1 78 140 219 141
Space Back 4 -9 140 110 1138 998
Back Back 0 0 110 124 188 78
Back Back 0 0 124 110 202 78
Back Back 0 0 110 109 172 62
Back Back 0 0 109 109 187 78
Back Back 0 0 109 140 172 63
Back I -1 5 140 15 827 687
I Back 1 -5 15 78 1232 1217
Back O -1 4 78 78 671 593
O N -2 3 78 78 405 327
N Oem7 1 -5 78 124 422 344
Oem7 T 1 6 124 93 265 141
T Space -3 1 93 94 296 203
Space L 2 -5 94 109 3869 3775
L E 1 6 109 109 156 47
E T 0 -2 109 93 203 94
T Space -3 1 93 125 265 172
Space T 3 -1 125 140 156 31
T H -1 -1 140 109 172 32
H E 1 3 109 140 156 47
E Space -3 -1 140 124 156 16
Space N 1 -2 124 78 234 110
N O 2 -3 78 109 249 171
O I 0 1 109 94 281 172
I S -1 6 94 94 109 15
S E 1 -1 94 93 219 125
E Space -3 -1 93 109 140 47
Space O 3 -5 109 156 265 156
O F -1 5 156 109 297 141
F Space -2 0 109 110 124 15
Space O 3 -5 110 124 266 156
O T 0 4 124 109 171 47
T H -1 -1 109 109 156 47
H E 1 3 109 125 109 0
E R 0 -1 125 94 234 109
R S -1 2 94 93 1046 952
S Oem7 0 -9 93 93 156 63
Oem7 Space -2 7 93 94 592 499
Space O 3 -5 94 93 531 437
O P 0 -1 93 78 203 110
P I 0 2 78 94 249 171
I N -2 2 94 94 234 140
N I 2 -2 94 63 234 140
I O 0 -1 63 93 172 109
O N -2 3 93 110 249 156
N S 1 4 110 125 141 31
S Space -2 -2 125 125 218 93
Space D 2 1 125 109 858 733
D R 1 -1 109 93 250 141
R O 0 -5 93 125 156 63
O W 0 7 125 125 140 15
W N -2 -4 125 110 187 62
N Space -1 2 110 125 219 109
Space O 3 -5 125 78 546 421
O U 0 2 78 78 327 249
U T 0 2 78 109 250 172
T Space -3 1 109 140 156 47
Space Y 3 -2 140 78 250 110
Y O 0 -3 78 78 140 62
O U 0 2 78 78 281 203
U R 0 3 78 93 156 78
R Space -3 0 93 93 156 63
Space O 3 -5 93 140 312 219
O W 0 7 140 78 873 733
W N -2 -4 78 124 110 32
N Space -1 2 124 94 218 94
Space I 3 -4 94 93 250 156
I N -2 2 93 94 218 125
N N 0 0 94 109 172 78
N E 2 3 109 109 78 -31
E R 0 -1 109 124 234 125
R Space -3 0 124 156 109 -15
Space V 1 0 156 125 577 421
V O 2 -5 125 124 172 47
O I 0 1 124 109 234 110
I C -2 5 109 141 93 -16
C E 2 0 141 124 219 78
E OemPeriod -2 -6 124 94 982 858
OemPeriod Space -1 5 94 156 250 156
Space LShiftKey 1 4 156 374 47 -109
LShiftKey A 1 -1 374 125 265 -109
A N -1 -5 125 94 265 140
N D 1 3 94 94 156 62
D Space -2 -1 94 140 125 31
Space M 1 -3 140 125 359 219
M O 2 -2 125 110 249 124
O S -1 7 110 109 125 15
S T 1 -3 109 94 281 172
T Space -3 1 94 125 265 171
Space T 3 -1 125 140 94 -31
T H -1 -1 140 93 203 63
H E 1 3 93 156 109 16
E Space -3 -1 156 187 265 109
Space O 3 -5 187 140 1170 983
O Back 1 -4 140 124 1030 890
Back I -1 5 124 78 624 500
I M -2 1 78 94 218 140
M P 2 -3 94 78 250 156
P O 0 1 78 125 202 124
O R 0 5 125 124 110 -15
R T 0 -1 124 141 327 203
T A -1 4 141 187 141 0
A N -1 -5 187 171 234 47
N T 2 1 171 78 1123 952
T Oemcomma -2 -3 78 78 530 452
Oemcomma Space -1 4 78 125 203 125
Space H 2 -2 125 94 265 140
H A 0 5 94 125 109 15
A V -1 -3 125 94 156 31
V E 2 1 94 94 172 78
E Space -3 -1 94 125 140 46
Space T 3 -1 125 124 188 63
T H -1 -1 124 125 171 47
H E 1 3 125 109 141 16
E Space -3 -1 109 140 187 78
Space C 1 1 140 140 421 281
C O 2 -6 140 93 94 -46
O U 0 2 93 156 265 172
U R 0 3 156 94 187 31
R A -1 3 94 109 265 171
A G 0 -4 109 78 172 63
G E 1 2 78 109 125 47
E Space -3 -1 109 140 140 31
Space T 3 -1 140 94 624 484
T O 0 -4 94 125 125 31
O Space -3 5 125 141 374 249
Space F 2 0 141 141 156 15
F O 1 -5 141 110 187 46
O L -1 0 110 78 250 140
L L 0 0 78 125 140 62
L O 1 0 125 109 250 125
O W 0 7 109 140 125 16
W Space -3 -2 140 156 265 125
Space Y 3 -2 156 124 718 562
Y O 0 -3 124 141 124 0
O U 0 2 141 156 312 171
U R 0 3 156 109 219 63
R Space -3 0 109 172 187 78
Space H 2 -2 172 125 936 764
H E 1 3 125 93 172 47
E A -1 2 93 141 358 265
A R 1 -3 141 140 110 -31
R T 0 -1 140 93 265 125
T Space -3 1 93 187 312 219
Space A 2 3 187 141 249 62
A N -1 -5 141 109 188 47
N D 1 3 109 156 171 62
D Space -2 -1 156 125 125 -31
Space I 3 -4 125 109 281 156
I N -2 2 109 109 265 156
N T 2 1 109 78 156 47
T U 0 -2 78 125 156 78
U I 0 -1 125 156 281 156
I T 0 3 156 78 655 499
T I 0 -3 78 94 140 62
I O 0 -1 94 94 203 109
O N -2 3 94 125 343 249
N OemPeriod 0 -3 125 125 624 499
OemPeriod Space -1 5 125 140 250 125
Space LShiftKey 1 4 140 343 187 47
LShiftKey T 2 -5 343 125 250 -93
T H -1 -1 125 140 234 109
H E 1 3 140 125 171 31
E Y 0 -3 125 109 188 63
Y Space -3 2 109 172 280 171
Space S 2 2 172 140 562 390
S O 1 -7 140 94 187 47
O M -2 2 94 141 234 140
M E 2 4 141 94 125 -16
E H -1 -3 94 78 328 234
H O 1 -3 78 109 265 187
O W 0 7 109 124 125 16
W Space -3 -2 124 156 343 219
Space A 2 3 156 140 281 125
A L 0 -8 140 234 202 62
L R 1 5 234 78 312 78
R E 0 1 78 94 203 125
E A -1 2 94 109 234 140
A D 0 -2 109 94 265 156
D Y 1 -3 94 125 125 31
Y Space -3 2 125 141 312 187
Space K 2 -4 141 78 546 405
K N -1 2 78 78 219 141
N O 2 -3 78 94 218 140
O W 0 7 94 78 125 31
W Space -3 -2 78 109 156 78
Space W 3 2 109 109 156 47
W H -1 -4 109 93 156 47
H A 0 5 93 140 125 32
A T 1 -4 140 110 124 -16
T Space -3 1 110 156 312 202
Space Y 3 -2 156 78 437 281
Y O 0 -3 78 140 94 16
O U 0 2 140 110 296 156
U Space -3 3 110 156 250 140
Space T 3 -1 156 78 218 62
T R 0 1 78 125 203 125
R U 0 -3 125 109 1311 1186
U L -1 -2 109 187 265 156
L Y 1 3 187 93 234 47
Y Space -3 2 93 156 249 156
Space W 3 2 156 62 406 250
W A -1 1 62 140 203 141
A N -1 -5 140 140 125 -15
N T 2 1 140 47 249 109
T Y 0 -1 47 78 16 -31
Y Space -3 2 78 156 93 15
Space Back 4 -9 156 110 1014 858
Back Back 0 0 110 156 172 62
Back Space -4 9 156 203 499 343
Space T 3 -1 203 93 1389 1186
T O 0 -4 93 109 109 16
O Space -3 5 109 141 296 187
Space B 1 -1 141 109 546 405
B E 2 2 109 93 219 110
E C -2 0 93 109 218 125
C O 2 -6 109 109 156 47
O M -2 2 109 109 265 156
M E 2 4 109 109 125 16
E OemPeriod -2 -6 109 94 1123 1014
OemPeriod Space -1 5 94 140 297 203
Space LShiftKey 1 4 140 671 171 31
LShiftKey E 2 -3 671 109 546 -125
E V -2 -1 109 94 281 172
V E 2 1 94 110 140 46
E R 0 -1 110 110 234 124
R Y 0 -2 110 125 141 31
Y T 0 1 125 78 140 15
T H -1 -1 78 78 125 47
H I 1 -2 78 94 218 140
I N -2 2 94 109 266 172
N G 1 1 109 78 46 -63
G Space -2 1 78 140 188 110
Space E 3 1 140 172 124 -16
E L -1 -6 172 62 188 16
L S 0 7 62 93 1170 1108
S E 1 -1 93 110 202 109
E Space -3 -1 110 109 125 15
Space I 3 -4 109 125 281 172
I S -1 6 125 93 125 0
S Space -2 -2 93 125 187 94
Space S 2 2 125 140 94 -31
S E 1 -1 140 109 296 156
E C -2 0 109 94 234 125
C O 2 -6 94 109 109 15
O N -2 3 109 109 281 172
N D 1 3 109 78 94 -15
D A 0 2 78 125 218 140
A R 1 -3 125 94 343 218
R Y 0 -2 94 109 141 47
Y OemPeriod -2 -3 109 156 936 827
OemPeriod Return 1 -3 156 187 3837 3681
Return Return 0 0 187 94 593 406
Return LShiftKey -1 12 94 297 218 124
LShiftKey S 1 -2 297 93 219 -78
S A 0 1 93 94 218 125
A T 1 -4 94 63 109 15
T Y 0 -1 63 78 188 125
Y Space -3 2 78 124 234 156
Space H 2 -2 124 109 265 141
H Back 2 -7 109 94 530 421
Back LShiftKey -3 13 94 281 156 62
LShiftKey H 1 -6 281 94 203 -78
H U 1 -1 94 94 234 140
U N -2 1 94 94 234 140
N G 1 1 94 109 234 140
G R 1 1 109 78 218 109
R Y 0 -2 78 94 172 94
Y OemPeriod -2 -3 94 109 811 717
OemPeriod Space -1 5 109 156 234 125
Space LShiftKey 1 4 156 328 31 -125
LShiftKey S 1 -2 328 125 219 -109
S T 1 -3 125 78 187 62
T Y 0 -1 78 78 218 140
Y A -1 5 78 109 94 16
A Space -2 -3 109 156 265 156
Space Back 4 -9 156 110 967 811
Back Back 0 0 110 109 188 78
Back Back 0 0 109 141 202 93
Back A -2 12 141 125 702 561
A Y 1 -5 125 78 359 234
Y Space -3 2 78 188 343 265
Space LShiftKey 1 4 188 343 219 31
LShiftKey F 1 -4 343 78 281 -62
F O 1 -5 78 94 358 280
O O 0 0 94 94 172 78
O L -1 0 94 93 203 109
L I 1 1 93 93 234 141
I S -1 6 93 124 125 32
S H 0 -4 124 93 343 219
H OemPeriod -1 -3 93 78 749 656
OemPeriod Space -1 5 78 141 202 124
Space LShiftKey 1 4 141 250 172 31
LShiftKey T 2 -5 250 78 187 -63
T H -1 -1 78 141 234 156
H A 0 5 141 109 125 -16
A N -1 -5 109 94 187 78
N K 1 -2 94 94 234 140
K Space -2 4 94 141 234 140
Space Y 3 -2 141 109 219 78
Y O 0 -3 109 141 124 15
O U 0 2 141 78 281 140
U Space -3 3 78 140 281 203
Space A 2 3 140 78 484 344
A L 0 -8 78 109 156 78
L L 0 0 109 140 187 78
L Space -2 5 140 156 249 109
Space V 1 0 156 93 297 141
V E 2 1 93 93 234 141
E R 0 -1 93 109 218 125
R Y 0 -2 109 109 125 16
Y Space -3 2 109 172 296 187
Space M 1 -3 172 110 624 452
M U 2 0 110 110 312 202
U C -2 4 110 125 172 62
C H 1 -3 125 125 203 78
H OemPeriod -1 -3 125 94 1497 1372
OemPeriod Back 3 -4 94 109 23650 23556
Back OemPeriod -3 4 109 94 998 889
OemPeriod Right -1 -4 94 998 1514 1420
Right Right 0 0 998 999 1185 187
Right Right 0 0 999 405 1701 702
Right Left 0 2 405 656 514 109
Left Left 0 0 656 187 812 156
Left Space 0 7 187 187 1310 1123
Space Right 0 -9 187 640 390 203
Right Right 0 0 640 140 1014 374
Right Back 4 0 140 94 686 546
Back Right -4 0 94 125 609 515
Right T 3 8 125 110 1107 982
T Back 1 -8 110 109 3932 3822
Back Back 0 0 109 141 21075 20966
Back LShiftKey -3 13 141 702 109 -32
LShiftKey E 2 -3 702 140 531 -171
E S -1 1 140 124 6053 5913
S S 0 0 124 156 577 453
S S 0 0 156 188 405 249
