D9 D6 0 3 110 94 858 748
D6 D5 0 1 94 93 375 281
D5 D9 0 -4 93 78 312 219
D9 Return -2 -3 78 78 1513 1435
Return LShiftKey -1 12 78 203 41215 41137
LShiftKey M 0 -7 203 93 94 -109
M Y 2 1 93 140 468 375
Y Space -3 2 140 125 78 -62
Space T 3 -1 125 109 234 109
T H -1 -1 109 141 140 31
H I 1 -2 141 78 796 655
I R 0 4 78 140 577 499
R D -1 1 140 125 296 156
D Space -2 -1 125 140 219 94
Space S 2 2 140 93 437 297
S T 1 -3 93 93 234 141
T O 0 -4 93 78 109 16
O R 0 5 78 110 93 15
R Y 0 -2 110 94 328 218
Y Space -3 2 94 125 140 46
Space I 3 -4 125 62 968 843
I S -1 6 62 156 124 62
S Space -2 -2 156 124 110 -46
Space A 2 3 124 94 530 406
A B -1 -4 94 78 218 124
B O 2 -4 78 203 375 297
O U 0 2 203 125 109 -94
U T 0 2 125 125 109 -16
T Space -3 1 125 109 94 -31
Space D 2 1 109 125 717 608
D E 1 0 125 234 203 78
E A -1 2 234 202 141 -93
A T 1 -4 202 109 140 -62
T H -1 -1 109 78 203 94
H OemPeriod -1 -3 78 78 889 811
OemPeriod Return 1 -3 78 62 234 156
Return Return 0 0 62 62 437 375
Return LShiftKey -1 12 62 422 8283 8221
LShiftKey W 2 -2 422 125 281 -141
W H -1 -4 125 78 624 499
H E 1 3 78 94 78 0
E N -2 -3 94 125 125 31
N Space -1 2 125 171 125 0
Space LShiftKey 1 4 171 265 437 266
LShiftKey I 2 -8 265 78 171 -94
I Space -3 4 78 140 172 94
Space W 3 2 140 93 203 63
W A -1 1 93 250 327 234
A S 0 -1 250 187 78 -172
S Space -2 -2 187 156 94 -93
Space D1 4 3 156 78 983 827
D1 D7 0 -6 78 78 374 296
D7 Oemcomma -3 -1 78 93 718 640
Oemcomma Space -1 4 93 110 436 343
Space LShiftKey 1 4 110 234 328 218
LShiftKey I 2 -8 234 78 140 -94
I Space -3 4 78 93 188 110
Space R 3 0 93 172 202 109
R E 0 1 172 109 94 -78
E A -1 2 109 172 218 109
A D 0 -2 172 187 110 -62
D Space -2 -1 187 140 156 -31
Space A 2 3 140 187 390 250
A Space -2 -3 187 140 109 -78
Space Q 3 3 140 94 608 468
Q U 0 -6 94 172 312 218
U O 0 -2 172 125 94 -78
O T 0 4 125 125 171 46
T E 0 2 125 124 110 -15
E Space -3 -1 124 94 280 156
Space T 3 -1 94 109 1420 1326
T H -1 -1 109 78 156 47
H A 0 5 78 218 94 16
A T 1 -4 218 187 78 -140
T Space -3 1 187 109 93 -94
Space W 3 2 109 156 843 734
W E 0 -1 156 93 78 -78
E N -2 -3 93 94 124 31
N T 2 1 94 187 188 94
T Space -3 1 187 125 109 -78
Space S 2 2 125 94 1653 1528
S O 1 -7 94 187 110 16
O M -2 2 187 125 109 -78
M E 2 4 125 109 140 15
E T 0 -2 109 125 187 78
T H -1 -1 125 93 110 -15
H I 1 -2 93 188 124 31
I N -2 2 188 94 125 -63
N G 1 1 94 109 94 0
G Space -2 1 109 140 125 16
Space L 2 -5 140 94 530 390
L I 1 1 94 94 234 140
I K -1 0 94 78 218 124
K E 1 5 78 140 110 32
E Space -3 -1 140 141 93 -47
Space Back 4 -9 141 63 811 670
Back LShiftKey -3 13 63 328 172 109
LShiftKey Oem1 1 -10 328 78 172 -156
Oem1 Space -2 6 78 125 967 889
Space LShiftKey 1 4 125 296 281 156
LShiftKey Oem7 1 -11 296 78 109 -187
Oem7 LShiftKey -1 11 78 375 1263 1185
LShiftKey LShiftKey 0 0 375 484 1014 639
LShiftKey I 2 -8 484 110 312 -172
I F -1 4 110 172 468 358
F Space -2 0 172 140 110 -62
Space Y 3 -2 140 94 280 140
Y O 0 -3 94 171 219 125
O U 0 2 171 94 93 -78
U Space -3 3 94 109 110 16
Space L 2 -5 109 172 842 733
L I 1 1 172 109 109 -63
I V -2 4 109 187 203 94
V E 2 1 187 156 125 -62
E Space -3 -1 156 141 93 -63
Space E 3 1 141 219 312 171
E A -1 2 219 171 110 -109
A Back 2 -12 171 94 1294 1123
Back A -2 12 94 93 765 671
A C -1 -2 93 78 296 203
C H 1 -3 78 78 141 63
H Space -2 2 78 140 156 78
Space D 2 1 140 140 608 468
D A 0 2 140 109 78 -62
A Y 1 -5 109 94 140 31
Y Space -3 2 94 156 203 109
Space A 2 3 156 203 624 468
A S 0 -1 203 172 78 -125
S Space -2 -2 172 141 109 -63
Space I 3 -4 141 93 344 203
I F -1 4 93 156 343 250
F Space -2 0 156 125 93 -63
Space I 3 -4 125 93 188 63
I T 0 3 93 187 78 -15
T Space -3 1 187 124 125 -62
Space W 3 2 124 124 234 110
W A -1 1 124 281 171 47
A S 0 -1 281 234 78 -203
S Space -2 -2 234 172 125 -109
Space Y 3 -2 172 94 733 561
Y O 0 -3 94 188 187 93
O U 0 2 188 78 125 -63
U R 0 3 78 156 31 -47
R Space -3 0 156 125 94 -62
Space L 2 -5 125 78 811 686
L A 0 8 78 187 125 47
A S 0 -1 187 140 94 -93
S T 1 -3 140 93 312 172
T Oemcomma -2 -3 93 63 5506 5413
Oemcomma Space -1 4 63 140 266 203
Space S 2 2 140 62 2184 2044
S O 1 -7 62 187 78 16
O M -2 2 187 140 78 -109
M E 2 4 140 78 218 78
E D -1 0 78 110 374 296
D A 0 2 110 125 63 -47
A Y 1 -5 125 93 234 109
Y Space -3 2 93 125 296 203
Space Y 3 -2 125 93 5398 5273
Y O 0 -3 93 187 203 110
O U 0 2 187 109 93 -94
U Oem7 -1 -4 109 63 577 468
Oem7 L 0 2 63 78 312 249
L L 0 0 78 78 141 63
L Space -2 5 78 124 281 203
Space M 1 -3 124 141 592 468
M O 2 -2 141 94 78 -63
O S -1 7 94 109 110 16
S T 1 -3 109 187 187 78
T Space -3 1 187 140 109 -78
Space C 1 1 140 109 749 609
C E 2 0 109 187 265 156
E R 0 -1 187 109 109 -78
R T 0 -1 109 125 203 94
T A -1 4 125 109 187 62
A I 1 -7 109 172 156 47
I N -2 2 172 125 78 -94
N L 1 -3 125 93 297 172
L Y 1 3 93 125 280 187
Y Space -3 2 125 109 94 -31
Space B 1 -1 109 62 1404 1295
B E 2 2 62 156 94 32
E Space -3 -1 156 125 93 -63
Space R 3 0 125 94 203 78
R I 0 -4 94 93 94 0
I G -1 3 93 109 171 78
G H 0 -1 109 93 94 -15
H T 1 1 93 109 125 32
T OemPeriod -2 -4 109 78 343 234
OemPeriod LShiftKey 0 9 78 390 4149 4071
LShiftKey Oem7 1 -11 390 94 203 -187
Oem7 Space -2 7 94 78 1186 1092
Space LShiftKey 1 4 78 202 281 203
LShiftKey I 2 -8 202 78 93 -109
I T 0 3 78 156 297 219
T Space -3 1 156 124 78 -78
Space M 1 -3 124 78 187 63
M A 1 6 78 141 93 15
A D 0 -2 141 203 234 93
D E 1 0 203 187 110 -93
E Space -3 -1 187 172 202 15
Space A 2 3 172 172 359 187
A M -1 -6 172 47 250 78
M Back 3 -6 47 78 421 374
Back N -3 7 78 62 250 172
N Space -1 2 62 140 140 78
Space I 3 -4 140 156 749 609
I M -2 1 156 125 62 -94
M P 2 -3 125 140 328 203
P R 0 6 140 156 327 187
R E 0 1 156 94 94 -62
E S -1 1 94 78 234 140
S S 0 0 78 78 140 62
S I 1 -6 78 156 156 78
I O 0 -1 156 78 94 -62
O N -2 3 78 93 203 125
N Space -1 2 93 110 1107 1014
Space O 3 -5 110 187 203 93
O N -2 3 187 109 94 -93
N Space -1 2 109 109 109 0
Space M 1 -3 109 78 140 31
M E 2 4 78 78 141 63
E OemPeriod -2 -6 78 93 702 624
OemPeriod Back 3 -4 93 63 2667 2574
Back Oemcomma -3 5 63 78 500 437
Oemcomma Space -1 4 78 109 140 62
Space A 2 3 109 140 172 63
A N -1 -5 140 63 124 -16
N D 1 3 63 171 141 78
D Space -2 -1 171 109 109 -62
Space S 2 2 109 109 203 94
S I 1 -6 109 140 125 16
I N -2 2 140 109 78 -62
N C 0 3 109 172 124 15
C E 2 0 172 141 125 -47
E Space -3 -1 141 109 78 -63
Space T 3 -1 109 125 187 78
T H -1 -1 125 62 94 -31
H E 1 3 62 109 94 32
E N -2 -3 109 78 124 15
N Oemcomma 0 -2 78 78 812 734
Oemcomma Space -1 4 78 94 124 46
Space F 2 0 94 93 266 172
F O 1 -5 93 62 109 16
O R 0 5 62 140 125 63
R Space -3 0 140 141 93 -47
Space T 3 -1 141 94 187 46
T H -1 -1 94 93 141 47
H E 1 3 93 172 109 16
E Space -3 -1 172 140 125 -47
Space L 2 -5 140 94 374 234
L Back 2 -4 94 93 406 312
Back P -1 3 93 78 218 125
P A -1 9 78 172 125 47
A R 1 -3 172 94 156 -16
R T 0 -1 94 203 218 124
T Space -3 1 203 140 110 -93
Space D3 4 1 140 63 1138 998
D3 D3 0 0 63 78 156 93
D3 Space -4 -1 78 125 156 78
Space Y 3 -2 125 125 375 250
Y E 0 3 125 125 140 15
E A -1 2 125 140 63 -62
A R 1 -3 140 156 202 62
R S -1 2 156 140 94 -62
S Oemcomma -1 -6 140 78 6895 6755
Oemcomma Space -1 4 78 93 874 796
Space LShiftKey 1 4 93 265 296 203
LShiftKey I 2 -8 265 94 125 -140
I Space -3 4 94 125 281 187
Space H 2 -2 125 109 218 93
H A 0 5 109 93 94 -15
A V -1 -3 93 188 249 156
V E 2 1 188 172 125 -63
E Space -3 -1 172 125 78 -94
Space L 2 -5 125 78 499 374
L O 1 0 78 63 203 125
O O 0 0 63 62 141 78
O K -1 1 62 93 156 94
K E 1 5 93 78 140 47
E D -1 0 78 141 265 187
D Space -2 -1 141 140 94 -47
Space I 3 -4 140 171 1404 1264
I N -2 2 171 110 93 -78
N Space -1 2 110 78 125 15
Space T 3 -1 78 78 219 141
T H -1 -1 78 109 93 15
H E 1 3 109 187 203 94
E Space -3 -1 187 109 125 -62
Space M 1 -3 109 187 437 328
M I 2 -1 187 78 156 -31
I R 0 4 78 78 265 187
R R 0 0 78 109 156 78
R O 0 -5 109 94 93 -16
O R 0 5 94 171 141 47
R Space -3 0 171 109 1123 952
Space E 3 1 109 125 749 640
E V -2 -1 125 156 249 124
V E 2 1 156 172 250 94
E R 0 -1 172 109 109 -63
R Y 0 -2 109 171 250 141
Y Space -3 2 171 124 125 -46
Space M 1 -3 124 109 920 796
M O 2 -2 109 125 156 47
O R 0 5 125 94 374 249
R N -2 -2 94 94 203 109
N I 2 -2 94 125 234 140
I N -2 2 125 109 78 -47
N G 1 1 109 93 94 -15
G Space -2 1 93 109 2652 2559
Space A 2 3 109 109 187 78
A N -1 -5 109 93 125 16
N D 1 3 93 202 125 32
D Space -2 -1 202 124 156 -46
Space S 2 2 124 171 234 110
S Back 2 -11 171 93 624 453
Back A -2 12 93 203 109 16
A S 0 -1 203 125 187 -16
S K 0 -6 125 62 203 78
K D 0 5 62 16 327 265
D Back 2 -10 16 62 562 546
Back E -1 10 62 234 109 47
E D -1 0 234 219 109 -125
D Space -2 -1 219 140 141 -78
Space M 1 -3 140 78 593 453
M Y 2 1 78 47 327 249
Y E 0 3 47 94 203 156
E Back 1 -10 94 109 359 265
Back S -2 11 109 62 125 16
S E 1 -1 62 109 156 94
E L -1 -6 109 94 93 -16
L F 0 5 94 124 141 47
F LShiftKey -1 4 124 265 6380 6256
LShiftKey Oem1 1 -10 265 63 140 -125
Oem1 Space -2 6 63 156 250 187
Space LShiftKey 1 4 156 390 499 343
LShiftKey Oem7 1 -11 390 78 172 -218
Oem7 LShiftKey -1 11 78 312 1357 1279
LShiftKey I 2 -8 312 78 187 -125
I F -1 4 78 202 297 219
F Space -2 0 202 125 124 -78
Space T 3 -1 125 109 266 141
T O 0 -4 109 93 702 593
O D -1 6 93 172 140 47
D A 0 2 172 140 78 -94
A Y 1 -5 140 78 218 78
Y Space -3 2 78 125 219 141
Space W 3 2 125 109 608 483
W E 0 -1 109 94 359 250
E R 0 -1 94 202 250 156
R E 0 1 202 171 78 -124
E Space -3 -1 171 156 93 -78
Space T 3 -1 156 93 921 765
T H -1 -1 93 78 109 16
H E 1 3 78 172 218 140
E Space -3 -1 172 94 125 -47
Space L 2 -5 94 94 140 46
L A 0 8 94 202 110 16
A S 0 -1 202 125 140 -62
S T 1 -3 125 187 250 125
T Space -3 1 187 109 109 -78
Space D 2 1 109 171 468 359
D A 0 2 171 125 109 -62
A Y 1 -5 125 156 343 218
Y Space -3 2 156 110 109 -47
Space O 3 -5 110 109 141 31
O F -1 5 109 172 187 78
F Space -2 0 172 109 125 -47
Space M 1 -3 109 62 156 47
M Y 2 1 62 63 873 811
Y Space -3 2 63 110 234 171
Space L 2 -5 110 94 172 62
L I 1 1 94 93 359 265
I F -1 4 93 140 156 63
F E 1 1 140 110 93 -47
E Oemcomma -2 -5 110 63 1217 1107
Oemcomma Space -1 4 63 93 531 468
Space Back 4 -9 93 78 6208 6115
Back S -2 11 78 78 156 78
S W 1 0 78 94 8892 8814
W O 0 -7 94 156 188 94
O U 0 2 156 62 109 -47
U L -1 -2 62 94 171 109
L D 0 6 94 171 110 16
D Space -2 -1 171 109 109 -62
Space LShiftKey 1 4 109 609 530 421
LShiftKey I 2 -8 609 78 484 -125
I Space -3 4 78 140 281 203
Space W 3 2 140 93 312 172
W A -1 1 93 125 171 78
A N -1 -5 125 47 141 16
N T 2 1 47 156 171 124
T Space -3 1 156 171 110 -46
Space T 3 -1 171 78 327 156
T O 0 -4 78 109 63 -15
O Space -3 5 109 125 171 62
Space D 2 1 125 94 1357 1232
D O 1 -6 94 78 110 16
O Space -3 5 78 124 156 78
Space W 3 2 124 78 218 94
W H -1 -4 78 78 62 -16
H A 0 5 78 172 203 125
A T 1 -4 172 187 156 -16
T Space -3 1 187 125 125 -62
Space LShiftKey 1 4 125 188 920 795
LShiftKey I 2 -8 188 78 47 -141
I Space -3 4 78 109 234 156
Space A 2 3 109 78 219 110
A M -1 -6 78 78 62 -16
M Space -1 3 78 110 218 140
Space A 2 3 110 93 1124 1014
A B -1 -4 93 94 140 47
B O 2 -4 94 172 265 171
O U 0 2 172 78 109 -63
U T 0 2 78 125 94 16
T Space -3 1 125 94 109 -16
Space T 3 -1 94 109 203 109
T O 0 -4 109 109 94 -15
O Space -3 5 109 125 187 78
Space D 2 1 125 78 561 436
D O 1 -6 78 78 63 -15
O Space -3 5 78 109 187 109
Space T 3 -1 109 94 343 234
T O 0 -4 94 94 125 31
O D -1 6 94 124 172 78
D A 0 2 124 124 78 -46
A Y 1 -5 124 93 109 -15
Y LShiftKey -2 6 93 1185 827 734
LShiftKey OemQuestion 0 -10 1185 62 296 -889
OemQuestion Oem7 1 -1 62 78 593 531
Oem7 Space -2 7 78 94 1653 1575
Space LShiftKey 1 4 94 296 250 156
LShiftKey A 1 -1 296 125 187 -109
A N -1 -5 125 15 328 203
N D 1 3 15 187 62 47
D Space -2 -1 187 125 203 16
Space W 3 2 125 62 671 546
W H -1 -4 62 94 109 47
H A 0 5 94 78 530 436
A T 1 -4 78 109 219 141
T E 0 2 109 124 203 94
E V -2 -1 124 109 265 141
V E 2 1 109 203 265 156
E R 0 -1 203 187 78 -125
R Space -3 0 187 109 125 -62
Space T 3 -1 109 93 1014 905
T H -1 -1 93 62 109 16
H E 1 3 62 171 94 32
E Space -3 -1 171 109 109 -62
Space A 2 3 109 141 218 109
A N -1 -5 141 78 156 15
N S 1 4 78 110 109 31
S W 1 0 110 63 515 405
W E 0 -1 63 109 16 -47
E R 0 -1 109 156 312 203
R Space -3 0 156 156 109 -47
Space H 2 -2 156 93 593 437
H A 0 5 93 249 125 32
A S 0 -1 249 187 156 -93
S Space -2 -2 187 93 156 -31
Space B 1 -1 93 78 187 94
B E 2 2 78 78 93 15
E E 0 0 78 78 141 63
E N -2 -3 78 78 62 -16
N Space -1 2 78 94 1638 1560
Space LShiftKey 1 4 94 405 297 203
LShiftKey Oem7 1 -11 405 62 218 -187
Oem7 Left -2 0 62 1248 1825 1763
Left Left 0 0 1248 78 1545 297
Left Left 0 0 78 78 156 78
Left Back 4 -2 78 93 702 624
Back Back 0 0 93 93 156 63
Back E -1 10 93 109 171 78
E N -2 -3 109 63 187 78
N Right -1 -7 63 1310 1904 1841
Right LShiftKey 1 13 1310 265 4508 3198
LShiftKey N 0 -6 265 78 172 -93
N O 2 -3 78 78 218 140
O LShiftKey -2 9 78 328 546 468
LShiftKey Oem7 1 -11 328 94 140 -188
Oem7 Space -2 7 94 94 796 702
Space F 2 0 94 93 281 187
F O 1 -5 93 78 93 0
O R 0 5 78 156 141 63
R Space -3 0 156 109 109 -47
Space T 3 -1 109 110 218 109
T O 0 -4 110 94 156 46
O O 0 0 94 93 141 47
O Space -3 5 93 125 218 125
Space M 1 -3 125 93 328 203
M A 1 6 93 93 125 32
A N -1 -5 93 78 187 94
N Y 2 0 78 78 312 234
Y Space -3 2 78 94 171 93
Space D 2 1 94 172 515 421
D A 0 2 172 125 125 -47
A Y 1 -5 125 78 156 31
Y S -1 4 78 219 140 62
S Space -2 -2 219 94 172 -47
Space I 3 -4 94 171 172 78
I N -2 2 171 125 93 -78
N Space -1 2 125 109 156 31
Space A 2 3 109 187 219 110
A Space -2 -3 187 125 124 -63
Space R 3 0 125 125 671 546
R O 0 -5 125 78 109 -16
O W 0 7 78 94 156 78
W Oemcomma -2 -6 94 63 1919 1825
Oemcomma Space -1 4 63 125 187 124
Space LShiftKey 1 4 125 203 10546 10421
LShiftKey I 2 -8 203 78 78 -125
I Space -3 4 78 125 203 125
Space K 2 -4 125 94 140 15
K N -1 2 94 172 265 171
N O 2 -3 172 109 94 -78
O W 0 7 109 140 94 -15
W Space -3 -2 140 109 93 -47
Space LShiftKey 1 4 109 265 1467 1358
LShiftKey I 2 -8 265 93 109 -156
I Space -3 4 93 109 234 141
Space N 1 -2 109 93 359 250
N E 2 3 93 63 249 156
E E 0 0 63 31 172 109
E D -1 0 31 203 421 390
D Space -2 -1 203 125 140 -63
Space T 3 -1 125 140 219 94
T O 0 -4 140 78 93 -47
O Space -3 5 78 109 110 32
Space C 1 1 109 125 265 156
C H 1 -3 125 93 156 31
H A 0 5 93 125 109 16
A N -1 -5 125 78 140 15
N G 1 1 78 219 156 78
G E 1 2 219 187 94 -125
E Space -3 -1 187 124 94 -93
Space A 2 3 124 47 436 312
A Back 2 -12 47 62 453 406
Back S -2 11 62 94 93 31
S O 1 -7 94 171 266 172
O M -2 2 171 93 109 -62
M E 2 4 93 78 187 94
E T 0 -2 78 93 640 562
T H -1 -1 93 62 156 63
H I 1 -2 62 187 140 78
I N -2 2 187 109 94 -93
N G 1 1 109 78 124 15
G OemPeriod -1 -4 78 62 500 422
OemPeriod Return 1 -3 62 94 3135 3073
Return Return 0 0 94 62 250 156
Return LShiftKey -1 12 62 390 639 577
LShiftKey R 2 -4 390 109 250 -140
R E 0 1 109 110 218 109
E M -2 -4 110 94 172 62
M E 2 4 94 109 78 -16
E M -2 -4 109 94 156 47
M B 0 2 94 78 281 187
B E 2 2 78 187 125 47
E R 0 -1 187 125 124 -63
R I 0 -4 125 171 141 16
I N -2 2 171 109 109 -62
N G 1 1 109 172 109 0
G Space -2 1 172 94 125 -47
Space T 3 -1 94 125 1217 1123
T H -1 -1 125 63 140 15
H A 0 5 63 219 78 15
A T 1 -4 219 156 109 -110
T Space -3 1 156 94 94 -62
Space LShiftKey 1 4 94 187 328 234
LShiftKey I 2 -8 187 78 78 -109
I Oem7 -1 -3 78 62 265 187
Oem7 L 0 2 62 78 203 141
L L 0 0 78 78 109 31
L Space -2 5 78 172 296 218
Space B 1 -1 172 78 655 483
B E 2 2 78 156 110 32
E Space -3 -1 156 94 140 -16
Space D 2 1 94 172 234 140
D E 1 0 172 125 125 -47
E A -1 2 125 219 93 -32
A D 0 -2 219 187 172 -47
D Space -2 -1 187 109 172 -15
Space S 2 2 109 93 234 125
S O 1 -7 93 62 78 -15
O O 0 0 62 125 140 78
O N -2 3 125 109 187 62
N Space -1 2 109 109 1935 1826
Space I 3 -4 109 94 280 171
I S -1 6 94 124 110 16
S Space -2 -2 124 109 78 -46
Space T 3 -1 109 109 171 62
T H -1 -1 109 62 141 32
H E 1 3 62 187 93 31
E Space -3 -1 187 109 125 -62
Space M 1 -3 109 172 140 31
M O 2 -2 172 109 94 -78
O S -1 7 109 78 109 0
S T 1 -3 78 156 141 63
T Space -3 1 156 110 124 -32
Space I 3 -4 110 171 890 780
I M -2 1 171 125 93 -78
M P 2 -3 125 203 234 109
P O 0 1 203 125 109 -94
O R 0 5 125 78 141 16
R T 0 -1 78 94 171 93
T A -1 4 94 124 188 94
A N -1 -5 124 78 140 16
N T 2 1 78 218 172 94
T Space -3 1 218 125 171 -47
Space T 3 -1 125 94 468 343
T O 0 -4 94 62 125 31
O O 0 0 62 62 156 94
O L -1 0 62 93 172 110
L Space -2 5 93 110 202 109
Space LShiftKey 1 4 110 234 484 374
LShiftKey I 2 -8 234 62 125 -109
I Oem7 -1 -3 62 63 1076 1014
Oem7 V -1 7 63 219 109 46
V E 2 1 219 187 94 -125
E Space -3 -1 187 140 94 -93
Space E 3 1 140 94 1419 1279
E V -2 -1 94 109 281 187
V E 2 1 109 218 234 125
E R 0 -1 218 187 94 -124
R Space -3 0 187 109 109 -78
Space E 3 1 109 125 546 437
E N -2 -3 125 78 140 15
N C 0 3 78 94 359 281
C O 2 -6 94 202 172 78
O U 0 2 202 94 124 -78
U N -2 1 94 78 234 140
N T 2 1 78 110 156 78
T E 0 2 110 94 515 405
E R 0 -1 94 156 219 125
R E 0 1 156 125 93 -63
E D -1 0 125 94 343 218
D Space -2 -1 94 93 297 203
Space T 3 -1 93 78 1341 1248
T O 0 -4 78 93 63 -15
O Space -3 5 93 125 140 47
Space H 2 -2 125 93 141 16
H E 1 3 93 94 140 47
E L -1 -6 94 156 140 46
L P 1 -1 156 125 78 -78
P Space -3 6 125 109 188 63
Space M 1 -3 109 78 889 780
M E 2 4 78 156 125 47
E Space -3 -1 156 109 109 -47
Space T 3 -1 109 140 187 78
T A -1 4 140 109 125 -15
A K 0 -7 109 110 93 -16
K E 1 5 110 140 188 78
E Space -3 -1 140 109 93 -47
Space T 3 -1 109 62 687 578
T H -1 -1 62 78 140 78
H E 1 3 78 156 78 0
E Space -3 -1 156 78 125 -31
Space B 1 -1 78 62 234 156
B I 2 -3 62 94 296 234
I G -1 3 94 172 125 31
G Space -2 1 172 109 109 -63
Space C 1 1 109 125 281 172
C H 1 -3 125 47 468 343
H O 1 -3 47 187 187 140
O I 0 1 187 109 94 -93
I C -2 5 109 188 171 62
C E 2 0 188 93 141 -47
E S -1 1 93 156 234 141
S Space -2 -2 156 125 109 -47
Space I 3 -4 125 140 156 31
I N -2 2 140 78 78 -62
N Space -1 2 78 78 94 16
Space L 2 -5 78 78 1216 1138
L I 1 1 78 78 219 141
I F -1 4 78 156 140 62
F E 1 1 156 110 109 -47
E OemPeriod -2 -6 110 62 172 62
OemPeriod Space -1 5 62 78 9703 9641
Space LShiftKey 1 4 78 219 234 156
LShiftKey B 0 -5 219 78 156 -63
B E 2 2 78 93 172 94
E C -2 0 93 187 203 110
C A 1 2 187 140 109 -78
A U 1 -6 140 62 203 63
U S -1 5 62 78 78 16
S E 1 -1 78 171 187 109
E Space -3 -1 171 140 125 -46
Space A 2 3 140 93 468 328
A L 0 -8 93 63 124 31
L M -1 2 63 156 266 203
M O 2 -2 156 78 312 156
O S -1 7 78 94 140 62
S T 1 -3 94 156 140 46
T Space -3 1 156 94 125 -31
Space E 3 1 94 94 624 530
E V -2 -1 94 172 265 171
V E 2 1 172 140 110 -62
E R 0 -1 140 78 530 390
R Y 0 -2 78 93 172 94
Y T 0 1 93 63 202 109
T H -1 -1 63 63 78 15
H I 1 -2 63 156 156 93
I N -2 2 156 125 78 -78
N G 1 1 125 141 78 -47
G Space -2 1 141 109 110 -31
Space OemMinus 4 -7 109 78 1685 1576
OemMinus Space -4 7 78 109 156 78
Space A 2 3 109 94 530 421
A L 0 -8 94 47 140 46
L L 0 0 47 31 266 219
L Space -2 5 31 125 577 546
Space E 3 1 125 78 234 109
E X -2 1 78 93 312 234
X T 2 -3 93 93 281 188
T E 0 2 93 172 171 78
E R 0 -1 172 109 94 -78
R N -2 -2 109 140 125 16
N A 1 5 140 141 327 187
A L 0 -8 141 78 156 15
L Space -2 5 78 141 187 109
Space E 3 1 141 94 1295 1154
E X -2 1 94 78 406 312
X P 2 -8 78 93 281 203
P A -1 9 93 109 109 16
A C -1 -2 109 47 265 156
C T 2 -2 47 125 343 296
T A -1 4 125 94 156 31
A Back 2 -12 94 46 375 281
Back Back 0 0 46 32 124 78
Back Back 0 0 32 62 94 62
Back Back 0 0 62 78 234 172
Back E -1 10 78 94 296 218
E C -2 0 94 31 266 172
C T 2 -2 31 125 436 405
T A -1 4 125 109 110 -15
A T 1 -4 109 62 218 109
T I 0 -3 62 172 842 780
I O 0 -1 172 125 78 -94
O N -2 3 125 109 250 125
N S 1 4 109 140 125 16
S Space -2 -2 140 109 156 16
Space Back 4 -9 109 94 499 390
Back Oemcomma -3 5 94 93 328 234
Oemcomma Space -1 4 93 109 171 78
Space A 2 3 109 94 187 78
A L 0 -8 94 62 141 47
L L 0 0 62 62 156 94
L Space -2 5 62 125 156 94
Space P 3 -6 125 78 1076 951
P R 0 6 78 78 234 156
R O 0 -5 78 93 94 16
O Back 1 -4 93 109 452 359
Back I -1 5 109 94 234 125
I D -1 5 94 171 94 0
D E 1 0 171 156 109 -62
E Space -3 -1 156 156 78 -78
Space Back 4 -9 156 62 718 562
Back Oemcomma -3 5 62 94 374 312
Oemcomma Space -1 4 94 125 156 62
Space A 2 3 125 125 140 15
A L 0 -8 125 62 110 -15
L L 0 0 62 78 202 140
L Space -2 5 78 94 234 156
Space F 2 0 94 125 453 359
F E 1 1 125 156 125 0
E A -1 2 156 172 124 -32
A R 1 -3 172 109 188 16
R Space -3 0 109 140 1076 967
Space O 3 -5 140 46 250 110
O F -1 5 46 172 249 203
F Space -2 0 172 125 109 -63
Space E 3 1 125 93 1904 1779
E M -2 -4 93 109 156 63
M B 0 2 109 109 343 234
B A 1 4 109 93 125 16
A R 1 -3 93 46 234 141
R R 0 0 46 47 171 125
R A -1 3 47 94 1763 1716
A S 0 -1 94 94 421 327
S S 0 0 94 93 172 78
S M -1 -5 93 78 405 312
M E 2 4 78 94 172 94
E N -2 -3 94 78 125 31
N T 2 1 78 109 140 62
T Space -3 1 109 109 905 796
Space O 3 -5 109 109 172 63
O R 0 5 109 172 171 62
R Space -3 0 172 110 109 -63
Space F 2 0 110 140 250 140
F A 0 3 140 140 78 -62
A I 1 -7 140 78 156 16
I L -1 -1 78 94 218 140
L U 1 2 94 109 266 172
U R 0 3 109 172 171 62
R E 0 1 172 109 94 -78
E Space -3 -1 109 63 5475 5366
Space OemMinus 4 -7 63 63 125 62
OemMinus Space -4 7 63 156 125 62
Space T 3 -1 156 125 515 359
T H -1 -1 125 63 140 15
H E 1 3 63 109 78 15
E S -1 1 109 78 577 468
S E 1 -1 78 172 250 172
E Space -3 -1 172 125 109 -63
Space T 3 -1 125 93 250 125
T H -1 -1 93 94 109 16
H I 1 -2 94 156 172 78
I N -2 2 156 140 78 -78
N G 1 1 140 125 93 -47
G S 0 3 125 188 109 -16
S Space -2 -2 188 140 172 -16
Space J 2 -3 140 78 1654 1514
J U 1 0 78 78 202 124
U S -1 5 78 93 141 63
S T 1 -3 93 156 203 110
T Space -3 1 156 109 93 -63
Space F 2 0 109 156 811 702
F A 0 3 156 125 94 -62
A L 0 -8 125 78 156 31
L L 0 0 78 94 140 62
L Space -2 5 94 109 203 109
Space A 2 3 109 109 375 266
A W 1 -1 109 140 234 125
W A -1 1 140 124 78 -62
A Y 1 -5 124 93 343 219
Y Space -3 2 93 124 203 110
Space I 3 -4 124 172 1887 1763
I N -2 2 172 109 94 -78
N Space -1 2 109 109 78 -31
Space T 3 -1 109 78 203 94
T H -1 -1 78 78 109 31
H E 1 3 78 172 140 62
E Space -3 -1 172 140 94 -78
Space F 2 0 140 140 905 765
F A 0 3 140 156 62 -78
A C -1 -2 156 203 265 109
C E 2 0 203 172 125 -78
E Space -3 -1 172 109 125 -47
Space O 3 -5 109 78 156 47
O F -1 5 78 187 125 47
F Space -2 0 187 109 140 -47
Space D 2 1 109 156 920 811
D E 1 0 156 140 141 -15
E A -1 2 140 156 93 -47
A T 1 -4 156 78 203 47
T H -1 -1 78 93 219 141
H Oemcomma -1 -2 93 78 904 811
Oemcomma Space -1 4 78 125 2122 2044
Space L 2 -5 125 78 343 218
L E 1 6 78 156 141 63
E A -1 2 156 109 78 -78
A V -1 -3 109 125 265 156
V I 2 -4 125 171 234 109
I N -2 2 171 94 93 -78
N G 1 1 94 187 94 0
G Space -2 1 187 156 140 -47
Space O 3 -5 156 188 1326 1170
O N -2 3 188 109 110 -78
N L 1 -3 109 94 218 109
L Y 1 3 94 172 156 62
Y Space -3 2 172 125 125 -47
Space W 3 2 125 78 405 280
W H -1 -4 78 93 141 63
H A 0 5 93 203 546 453
A T 1 -4 203 125 140 -63
T Space -3 1 125 94 78 -47
Space I 3 -4 94 109 453 359
I S -1 6 109 141 171 62
S Space -2 -2 141 125 94 -47
Space T 3 -1 125 109 156 31
T R 0 1 109 125 249 140
R U 0 -3 125 78 141 16
U L -1 -2 78 94 249 171
L Y 1 3 94 125 125 31
Y Space -3 2 125 109 858 733
Space I 3 -4 109 172 265 156
I M -2 1 172 140 94 -78
M P 2 -3 140 203 265 125
P O 0 1 203 125 109 -94
O R 0 5 125 47 141 16
R T 0 -1 47 156 187 140
T A -1 4 156 125 140 -16
A N -1 -5 125 62 141 16
N T 2 1 62 93 156 94
T OemPeriod -2 -4 93 47 811 718
OemPeriod Space -1 5 47 47 281 234
Space LShiftKey 1 4 47 281 4867 4820
LShiftKey R 2 -4 281 94 156 -125
R E 0 1 94 93 250 156
E M -2 -4 93 94 140 47
M E 2 4 94 78 109 15
E M -2 -4 78 62 94 16
M B 0 2 62 78 265 203
B E 2 2 78 187 94 16
E R 0 -1 187 109 140 -47
R I 0 -4 109 156 218 109
I N -2 2 156 94 78 -78
N G 1 1 94 93 141 47
G Space -2 1 93 109 764 671
Space T 3 -1 109 63 312 203
T H -1 -1 63 78 94 31
H A 0 5 78 234 62 -16
A T 1 -4 234 140 141 -93
T Space -3 1 140 109 78 -62
Space Y 3 -2 109 78 1497 1388
Y O 0 -3 78 187 156 78
O U 0 2 187 109 94 -93
U Space -3 3 109 109 218 109
Space A 2 3 109 78 219 110
A R 1 -3 78 156 218 140
R E 0 1 156 156 78 -78
E Space -3 -1 156 109 187 31
Space G 2 -1 109 93 219 110
G O 1 -4 93 172 140 47
O I 0 1 172 109 78 -94
I N -2 2 109 109 265 156
N G 1 1 109 172 156 47
G Space -2 1 172 110 109 -63
Space T 3 -1 110 94 515 405
T O 0 -4 94 62 125 31
O Space -3 5 62 140 125 63
Space F 2 0 140 78 515 375
F Back 2 -9 78 109 390 312
Back D -2 10 109 94 140 31
D I 1 -5 94 78 125 31
I E 0 5 78 187 125 47
E Space -3 -1 187 94 171 -16
Space I 3 -4 94 47 2730 2636
I S -1 6 47 141 78 31
S Space -2 -2 141 124 141 0
Space T 3 -1 124 94 218 94
T H -1 -1 94 63 140 46
H E 1 3 63 187 110 47
E Space -3 -1 187 110 124 -63
Space B 1 -1 110 78 593 483
B E 2 2 78 62 94 16
E S -1 1 62 125 218 156
S T 1 -3 125 156 141 16
T Space -3 1 156 109 140 -16
Space W 3 2 109 78 2184 2075
W A -1 1 78 110 218 140
A Y 1 -5 110 78 156 46
Y Space -3 2 78 94 172 94
Space LShiftKey 1 4 94 218 2746 2652
LShiftKey I 2 -8 218 78 93 -125
I Space -3 4 78 62 250 172
Space K 2 -4 62 93 359 297
K N -1 2 93 156 327 234
N O 2 -3 156 78 94 -62
O W 0 7 78 125 93 15
W Space -3 -2 125 94 94 -31
Space T 3 -1 94 110 218 124
T O 0 -4 110 94 94 -16
O Space -3 5 94 125 125 31
Space A 2 3 125 78 2543 2418
A V -1 -3 78 140 312 234
V O 2 -5 140 156 312 172
O I 0 1 156 93 78 -78
I D -1 5 93 187 140 47
D Space -2 -1 187 125 156 -31
Space T 3 -1 125 93 874 749
T R 0 1 93 109 187 94
R A -1 3 109 94 218 109
A P 1 -9 94 78 141 47
P Space -3 6 78 109 218 140
Space O 3 -5 109 109 952 843
O F -1 5 109 171 156 47
F Space -2 0 171 125 93 -78
Space T 3 -1 125 93 2013 1888
T H -1 -1 93 78 156 63
H I 1 -2 78 171 156 78
I N -2 2 171 125 93 -78
N K 1 -2 125 78 219 94
K I 1 0 78 141 202 124
I N -2 2 141 125 78 -63
N G 1 1 125 172 156 31
G Space -2 1 172 124 110 -62
Space Y 3 -2 124 62 468 344
Y O 0 -3 62 172 140 78
O U 0 2 172 78 109 -63
U Space -3 3 78 125 94 16
Space H 2 -2 125 78 1373 1248
H A 0 5 78 93 109 31
A V -1 -3 93 234 327 234
V E 2 1 234 172 125 -109
E Space -3 -1 172 125 94 -78
Space S 2 2 125 93 281 156
S O 1 -7 93 171 109 16
O M -2 2 171 125 109 -62
M E 2 4 125 94 140 15
E T 0 -2 94 125 141 47
T H -1 -1 125 63 140 15
H I 1 -2 63 218 94 31
I N -2 2 218 125 109 -109
N G 1 1 125 219 140 15
G Space -2 1 219 141 125 -94
Space T 3 -1 141 109 234 93
T O 0 -4 109 93 63 -46
O Space -3 5 93 94 140 47
Space L 2 -5 94 78 187 93
L O 1 0 78 93 172 94
O S -1 7 93 46 125 32
S E 1 -1 46 78 171 125
E OemPeriod -2 -6 78 93 219 141
OemPeriod Space -1 5 93 124 1170 1077
Space LShiftKey 1 4 124 375 358 234
LShiftKey Y 2 -6 375 63 312 -63
Y O 0 -3 63 171 297 234
O U 0 2 171 94 93 -78
U Space -3 3 94 140 141 47
Space A 2 3 140 94 296 156
A R 1 -3 94 203 187 93
R E 0 1 203 187 94 -109
E Space -3 -1 187 140 94 -93
Space A 2 3 140 109 327 187
A L 0 -8 109 78 109 0
L R 1 5 78 125 219 141
R E 0 1 125 171 47 -78
E A -1 2 171 156 140 -31
A D 0 -2 156 110 218 62
D Y 1 -3 110 94 203 93
Y Space -3 2 94 156 172 78
Space N 1 -2 156 109 343 187
N A 1 5 109 93 125 16
A K 0 -7 93 78 156 63
K E 1 5 78 124 125 47
E D -1 0 124 94 140 16
D OemPeriod -1 -6 94 78 281 187
OemPeriod Space -1 5 78 94 499 421
Space LShiftKey 1 4 94 312 281 187
LShiftKey T 2 -5 312 109 218 -94
T H -1 -1 109 93 219 110
H E 1 3 93 93 109 16
E R 0 -1 93 172 171 78
R E 0 1 172 156 78 -94
E Space -3 -1 156 93 188 32
Space I 3 -4 93 93 187 94
I S -1 6 93 156 93 0
S Space -2 -2 156 124 110 -46
Space N 1 -2 124 172 249 125
N O 2 -3 172 125 94 -78
O Space -3 5 125 93 156 31
Space R 3 0 93 140 187 94
R E 0 1 140 94 109 -31
E A -1 2 94 156 125 31
A S 0 -1 156 125 218 62
S O 1 -7 125 187 110 -15
O N -2 3 187 110 124 -63
N Space -1 2 110 78 983 873
Space N 1 -2 78 156 265 187
N O 2 -3 156 94 94 -62
O T 0 4 94 125 109 15
T Space -3 1 125 94 78 -47
Space T 3 -1 94 94 203 109
T O 0 -4 94 94 140 46
O Space -3 5 94 125 203 109
Space F 2 0 125 109 609 484
F O 1 -5 109 63 124 15
O L -1 0 63 78 172 109
L L 0 0 78 78 141 63
L O 1 0 78 109 156 78
O W 0 7 109 140 140 31
W Space -3 -2 140 109 125 -15
Space Y 3 -2 109 78 577 468
Y O 0 -3 78 140 203 125
O U 0 2 140 78 93 -47
U R 0 3 78 172 47 -31
R Space -3 0 172 125 109 -63
Space H 2 -2 125 94 250 125
H E 1 3 94 203 125 31
E A -1 2 203 172 93 -110
A R 1 -3 172 125 141 -31
R T 0 -1 125 94 218 93
T OemPeriod -2 -4 94 78 203 109
OemPeriod Return 1 -3 78 62 1092 1014
Return Return 0 0 62 62 156 94
Return LShiftKey -1 12 62 312 7192 7130
LShiftKey A 1 -1 312 125 202 -110
A B -1 -4 125 94 172 47
B O 2 -4 94 202 250 156
O U 0 2 202 110 124 -78
U T 0 2 110 171 63 -47
T Space -3 1 171 110 93 -78
Space A 2 3 110 172 702 592
A Space -2 -3 172 109 94 -78
Space Y 3 -2 109 109 1295 1186
Y E 0 3 109 109 125 16
E A -1 2 109 187 78 -31
A R 1 -3 187 203 171 -16
R Space -3 0 203 125 125 -78
Space A 2 3 125 109 421 296
A G 0 -4 109 109 297 188
G O 1 -4 109 78 124 15
O Space -3 5 78 110 1014 936
Space LShiftKey 1 4 110 343 250 140
LShiftKey I 2 -8 343 94 187 -156
I Space -3 4 94 109 250 156
Space W 3 2 109 78 234 125
W A -1 1 78 265 187 109
A S 0 -1 265 187 94 -171
S Space -2 -2 187 94 140 -47
Space D 2 1 94 94 920 826
D I 1 -5 94 94 125 31
I A -1 7 94 94 468 374
A G 0 -4 94 93 297 203
G N -1 -1 93 203 374 281
N O 2 -3 203 109 109 -94
O E 0 6 109 62 250 141
E Back 1 -10 62 93 312 250
Back S -2 11 93 93 78 -15
S E 1 -1 93 78 171 78
E D -1 0 78 188 156 78
D Space -2 -1 188 156 172 -16
Space W 3 2 156 78 1154 998
W I 0 -6 78 93 110 32
I T 0 3 93 109 156 63
T H -1 -1 109 94 124 15
H Space -2 2 94 94 156 62
Space C 1 1 94 187 1935 1841
C A 1 2 187 125 109 -78
A N -1 -5 125 109 156 31
N C 0 3 109 125 187 78
C E 2 0 125 172 234 109
E R 0 -1 172 93 94 -78
R OemPeriod -2 -5 93 94 639 546
OemPeriod Space -1 5 94 109 375 281
Space LShiftKey 1 4 109 280 281 172
LShiftKey I 2 -8 280 78 171 -109
I Space -3 4 78 125 234 156
Space H 2 -2 125 94 312 187
H A 0 5 94 109 78 -16
A D 0 -2 109 203 328 219
D Space -2 -1 203 109 156 -47
Space A 2 3 109 171 203 94
A Space -2 -3 171 156 93 -78
Space S 2 2 156 93 718 562
S C -1 -1 93 140 187 94
C A 1 2 140 93 203 63
A N -1 -5 93 78 109 16
N Space -1 2 78 109 172 94
Space A 2 3 109 156 187 78
A T 1 -4 156 219 249 93
T Space -3 1 219 125 172 -47
Space D7 4 -3 125 78 2449 2324
D7 LShiftKey -3 7 78 249 375 297
LShiftKey Oem1 1 -10 249 78 109 -140
Oem1 D3 2 7 78 94 608 530
D3 D0 0 -7 94 78 94 0
D0 Space -4 6 78 94 140 62
Space I 3 -4 94 172 312 218
I N -2 2 172 109 78 -94
N Space -1 2 109 94 125 16
Space T 3 -1 94 94 187 93
T H -1 -1 94 94 109 15
H E 1 3 94 203 141 47
E Space -3 -1 203 109 140 -63
Space M 1 -3 109 203 156 47
M O 2 -2 203 125 109 -94
O R 0 5 125 78 125 0
R N -2 -2 78 78 156 78
N I 2 -2 78 171 141 63
I N -2 2 171 94 93 -78
N G 1 1 94 94 109 15
G Oemcomma -1 -3 94 78 1295 1201
Oemcomma Space -1 4 78 125 125 47
Space A 2 3 125 93 359 234
A N -1 -5 93 94 109 16
N D 1 3 94 187 187 93
D Space -2 -1 187 124 141 -46
Space I 3 -4 124 78 171 47
I T 0 3 78 156 125 47
T Space -3 1 156 94 109 -47
Space C 1 1 94 94 1357 1263
C L 1 -6 94 94 796 702
L E 1 6 94 172 312 218
E A -1 2 172 156 78 -94
A R 1 -3 156 109 203 47
R L -1 -5 109 110 405 296
L Y 1 3 110 78 359 249
Y Space -3 2 78 124 843 765
Space S 2 2 124 93 312 188
S H 0 -4 93 156 187 94
H O 1 -3 156 125 78 -78
O W 0 7 125 125 140 15
W E 0 -1 125 109 531 406
E D -1 0 109 156 218 109
D Space -2 -1 156 124 172 16
Space A 2 3 124 187 1575 1451
A Space -2 -3 187 141 109 -78
Space T 3 -1 141 94 250 109
T U 0 -2 94 78 281 187
U M -2 0 78 172 296 218
M O 2 -2 172 110 109 -63
O R 0 5 110 94 94 -16
R Space -3 0 94 110 218 124
Space O 3 -5 110 203 406 296
O N -2 3 203 93 125 -78
N Space -1 2 93 140 109 16
Space M 1 -3 140 78 390 250
M Y 2 1 78 94 343 265
Y Space -3 2 94 110 187 93
Space P 3 -6 110 78 1311 1201
P A -1 9 78 94 187 109
A N -1 -5 94 109 94 0
N C 0 3 109 125 452 343
C R 2 -1 125 172 312 187
R E 0 1 172 171 125 -47
E A -1 2 171 172 140 -31
A S 0 -1 172 109 219 47
S OemPeriod -1 -7 109 63 670 561
OemPeriod Space -1 5 63 156 250 187
Space LShiftKey 1 4 156 406 546 390
LShiftKey I 2 -8 406 78 250 -156
I Space -3 4 78 125 421 343
Space D 2 1 125 125 764 639
D I 1 -5 125 62 141 16
I D -1 5 62 109 78 16
D N -1 -3 109 93 156 47
N Oem7 1 -5 93 78 296 203
Oem7 T 1 6 78 171 203 125
T Space -3 1 171 125 109 -62
Space E 3 1 125 94 374 249
E V -2 -1 94 125 250 156
V E 2 1 125 109 94 -31
E N -2 -3 109 94 93 -16
N Space -1 2 94 125 203 109
Space K 2 -4 125 93 593 468
K N -1 2 93 141 374 281
N O 2 -3 141 94 78 -63
O W 0 7 94 141 109 15
W Space -3 -2 141 156 94 -47
Space W 3 2 156 94 3541 3385
W H -1 -4 94 78 109 15
H A 0 5 78 187 125 47
A T 1 -4 187 187 125 -62
T Space -3 1 187 124 94 -93
Space A 2 3 124 202 234 110
A Space -2 -3 202 125 140 -62
Space P 3 -6 125 94 452 327
P A -1 9 94 125 172 78
A N -1 -5 125 78 156 31
N C 0 3 78 124 328 250
C R 2 -1 124 172 327 203
R E 0 1 172 203 78 -94
E A -1 2 203 141 156 -47
A S 0 -1 141 125 281 140
S Space -2 -2 125 141 218 93
Space W 3 2 141 63 312 171
W A -1 1 63 219 234 171
A S 0 -1 219 171 63 -156
S OemPeriod -1 -7 171 109 265 94
OemPeriod Space -1 5 109 78 3073 2964
Space LShiftKey 1 4 78 265 250 172
LShiftKey T 2 -5 265 110 171 -94
T H -1 -1 110 78 281 171
H E 1 3 78 125 125 47
E Space -3 -1 125 125 78 -47
Space D 2 1 125 93 484 359
D O 1 -6 93 78 124 31
O C -2 6 78 109 125 47
C T 2 -2 109 94 281 172
T O 0 -4 94 94 78 -16
O R 0 5 94 94 140 46
R S -1 2 94 156 921 827
S Space -2 -2 156 109 109 -47
Space T 3 -1 109 94 296 187
T O 0 -4 94 78 78 -16
O L -1 0 78 78 203 125
L D 0 6 78 171 141 63
D Space -2 -1 171 94 140 -31
Space M 1 -3 94 78 312 218
M E 2 4 78 140 156 78
E Space -3 -1 140 125 78 -62
Space T 3 -1 125 93 2200 2075
T H -1 -1 93 187 140 47
H I 1 -2 187 125 78 -109
I S -1 6 125 156 94 -31
S Space -2 -2 156 125 109 -47
Space W 3 2 125 93 1061 936
W A -1 1 93 281 202 109
A S 0 -1 281 172 125 -156
S Space -2 -2 172 125 78 -94
Space A 2 3 125 94 265 140
A L 0 -8 94 78 156 62
L M -1 2 78 140 250 172
M O 2 -2 140 93 94 -46
O S -1 7 93 109 93 0
S T 1 -3 109 141 156 47
T Space -3 1 141 94 109 -32
Space C 1 1 94 94 1373 1279
C E 2 0 94 156 1966 1872
E R 0 -1 156 93 78 -78
R T 0 -1 93 93 234 141
T A -1 4 93 94 171 78
A I 1 -7 94 156 734 640
I N -2 2 156 94 93 -63
N L 1 -3 94 63 234 140
L Y 1 3 63 140 219 156
Y Space -3 2 140 110 124 -16
Space A 2 3 110 156 2138 2028
A Space -2 -3 156 156 78 -78
Space T 3 -1 156 78 6458 6302
T Y 0 -1 78 93 203 125
Y P 0 -4 93 47 140 47
P E 0 7 47 171 141 94
E Space -3 -1 171 109 93 -78
Space O 3 -5 109 47 1139 1030
O F -1 5 47 156 187 140
F Space -2 0 156 125 109 -47
Space C 1 1 125 156 344 219
C A 1 2 156 78 93 -63
A N -1 -5 78 78 109 31
N C 0 3 78 78 312 234
C E 2 0 78 156 266 188
E R 0 -1 156 94 93 -63
R Space -3 0 94 109 1186 1092
Space T 3 -1 109 78 281 172
T A -1 4 78 156 187 109
A Back 2 -12 156 94 405 249
Back H -2 7 94 94 250 156
H A 0 5 94 187 125 31
A T 1 -4 187 140 78 -109
T Space -3 1 140 141 62 -78
Space I 3 -4 141 94 359 218
I S -1 6 94 156 156 62
S Space -2 -2 156 109 94 -62
Space I 3 -4 109 156 1638 1529
I N -2 2 156 94 93 -63
N C 0 3 94 125 156 62
C U 2 -4 125 93 172 47
U R 0 3 93 171 203 110
R A -1 3 171 110 124 -47
A B -1 -4 110 94 281 171
B L 1 -4 94 94 109 15
L E 1 6 94 78 172 78
E Oemcomma -2 -5 78 93 1342 1264
Oemcomma Space -1 4 93 94 140 47
Space A 2 3 94 125 203 109
A N -1 -5 125 78 156 31
N D 1 3 78 141 764 686
D Space -2 -1 141 109 125 -16
Space T 3 -1 109 78 234 125
T H -1 -1 78 78 109 31
H A 0 5 78 172 109 31
A T 1 -4 172 140 63 -109
T Space -3 1 140 125 93 -47
Space LShiftKey 1 4 125 203 2075 1950
LShiftKey I 2 -8 203 78 78 -125
I Space -3 4 78 141 187 109
Space S 2 2 141 109 219 78
S H 0 -4 109 78 93 -16
H O 1 -3 78 203 172 94
O U 0 2 203 109 109 -94
U L -1 -2 109 78 234 125
L D 0 6 78 171 94 16
D Space -2 -1 171 140 125 -46
Space E 3 1 140 78 842 702
E C -2 0 78 125 234 156
C Back 3 -10 125 125 374 249
Back X -3 11 125 141 125 0
X P 2 -8 141 78 780 639
P E 0 7 78 156 109 31
E C -2 0 156 156 94 -62
C T 2 -2 156 156 328 172
T Space -3 1 156 125 109 -47
Space T 3 -1 125 109 499 374
T O 0 -4 109 93 94 -15
O Space -3 5 93 125 187 94
Space L 2 -5 125 78 811 686
L I 1 1 78 78 218 140
I V -2 4 78 202 110 32
V E 2 1 202 172 124 -78
E Space -3 -1 172 141 125 -47
Space N 1 -2 141 188 390 249
N O 2 -3 188 125 94 -94
O Space -3 5 125 109 203 78
Space L 2 -5 109 78 530 421
L O 1 0 78 187 234 156
O N -2 3 187 78 125 -62
N G 1 1 78 140 125 47
G E 1 2 140 250 109 -31
E R 0 -1 250 125 234 -16
R Space -3 0 125 124 172 47
Space T 3 -1 124 47 655 531
T H -1 -1 47 78 93 46
H A 0 5 78 125 141 63
A N -1 -5 125 109 109 -16
N Space -1 2 109 94 265 156
Space T 3 -1 94 125 12355 12261
T H -1 -1 125 78 172 47
H R 1 2 78 93 125 47
R E 0 1 93 78 218 125
E E 0 0 78 125 156 78
E Space -3 -1 125 141 156 31
Space T 3 -1 141 110 265 124
T O 0 -4 110 94 94 -16
O Space -3 5 94 109 109 15
Space S 2 2 109 109 234 125
S I 1 -6 109 93 94 -15
I X -2 6 93 62 468 375
X Space -1 -2 62 93 858 796
Space M 1 -3 93 125 530 437
M O 2 -2 125 93 63 -62
O N -2 3 93 109 187 94
N T 2 1 109 78 140 31
T H -1 -1 78 93 94 16
H S 0 4 93 78 156 63
S OemPeriod -1 -7 78 47 343 265
OemPeriod Space -1 5 47 109 4727 4680
Space LShiftKey 1 4 109 796 327 218
LShiftKey Oemcomma 0 -8 796 93 453 -343
Oemcomma Back 3 -5 93 93 437 344
Back LShiftKey -3 13 93 297 171 78
LShiftKey M 0 -7 297 78 141 -156
M Y 2 1 78 78 733 655
Y Space -3 2 78 156 156 78
Space D 2 1 156 109 593 437
D O 1 -6 109 78 109 0
O C -2 6 78 78 156 78
C T 2 -2 78 94 374 296
T O 0 -4 94 78 109 15
O R 0 5 78 218 110 32
R Space -3 0 218 125 140 -78
Space A 2 3 125 124 484 359
A D 0 -2 124 78 296 172
D V -1 -1 78 78 889 811
V I 2 -4 78 109 94 16
I S -1 6 109 78 405 296
S E 1 -1 78 156 234 156
E D -1 0 156 187 125 -31
D Space -2 -1 187 124 141 -46
Space M 1 -3 124 62 296 172
M E 2 4 62 140 390 328
E Space -3 -1 140 125 78 -62
Space T 3 -1 125 110 218 93
T O 0 -4 110 78 94 -16
O Space -3 5 78 94 140 62
Space G 2 -1 94 109 2684 2590
G O 1 -4 109 63 93 -16
O Space -3 5 63 125 125 62
Space H 2 -2 125 109 234 109
H O 1 -3 109 187 265 156
O M -2 2 187 125 94 -93
M E 2 4 125 156 109 -16
E Space -3 -1 156 124 94 -62
Space A 2 3 124 93 1482 1358
A N -1 -5 93 62 156 63
N D 1 3 62 171 156 94
D Space -2 -1 171 125 109 -62
Space G 2 -1 125 125 2355 2230
G E 1 2 125 78 328 203
E T 0 -2 78 172 265 187
T Space -3 1 172 109 125 -47
Space M 1 -3 109 78 187 78
M Y 2 1 78 124 375 297
Y Space -3 2 124 109 78 -46
Space A 2 3 109 125 249 140
A F 0 -3 125 78 234 109
F F 0 0 78 124 141 63
F A 0 3 124 109 234 110
A I 1 -7 109 94 171 62
I R 0 4 94 125 203 109
R S -1 2 125 125 125 0
S Space -2 -2 125 109 343 218
Space I 3 -4 109 172 390 281
I N -2 2 172 93 94 -78
N Space -1 2 93 93 109 16
Space O 3 -5 93 109 265 172
O R 0 5 109 62 156 47
R D -1 1 62 94 234 172
D E 1 0 94 156 250 156
E R 0 -1 156 140 62 -94
R Oemcomma -2 -4 140 109 1045 905
Oemcomma Space -1 4 109 94 156 47
Space W 3 2 94 109 156 62
W H -1 -4 109 156 156 47
H I 1 -2 156 94 78 -78
I C -2 5 94 94 109 15
C H 1 -3 94 94 125 31
H Space -2 2 94 109 203 109
Space I 3 -4 109 94 624 515
I S -1 6 94 187 172 78
S Space -2 -2 187 125 124 -63
Space F 2 0 125 78 515 390
F Back 2 -9 78 110 343 265
Back D -2 10 110 94 125 15
D O 1 -6 94 94 125 31
O C -2 6 94 125 156 62
C T 2 -2 125 125 296 171
T O 0 -4 125 93 110 -15
O R 0 5 93 63 171 78
R Oem7 -1 -7 63 63 343 280
Oem7 S 0 9 63 171 110 47
S Space -2 -2 171 125 109 -62
Space C 1 1 125 141 2948 2823
C O 2 -6 141 78 109 -32
O D -1 6 78 203 156 78
D E 1 0 203 202 110 -93
E Space -3 -1 202 156 124 -78
Space F 2 0 156 125 1170 1014
F O 1 -5 125 62 94 -31
O R 0 5 62 172 156 94
R Space -3 0 172 93 125 -47
Space P 3 -6 93 78 1373 1280
P R 0 6 78 140 265 187
R E 0 1 140 78 93 -47
E P 0 -7 78 78 125 47
P A -1 9 78 94 156 78
A R 1 -3 94 156 219 125
R E 0 1 156 202 78 -78
E Space -3 -1 202 125 171 -31
Space T 3 -1 125 94 390 265
T O 0 -4 94 63 109 15
O Space -3 5 63 109 125 62
Space D 2 1 109 94 593 484
D I 1 -5 94 78 156 62
I E 0 5 78 93 125 47
E OemPeriod -2 -6 93 78 249 156
OemPeriod Space -1 5 78 124 1046 968
Space LShiftKey 1 4 124 265 249 125
LShiftKey I 2 -8 265 78 125 -140
I Space -3 4 78 78 328 250
Space T 3 -1 78 78 15 -63
T Back 1 -8 78 62 406 328
Back Back 0 0 62 109 109 47
Back T -1 8 109 156 125 16
T Space -3 1 156 94 93 -63
Space M 1 -3 94 94 390 296
M E 2 4 94 124 188 94
E A -1 2 124 156 78 -46
A N -1 -5 156 94 171 15
N S 1 4 94 172 109 15
S Space -2 -2 172 110 156 -16
Space T 3 -1 110 109 1763 1653
T O 0 -4 109 62 125 16
O Space -3 5 62 125 140 78
Space T 3 -1 125 109 578 453
T R 0 1 109 109 296 187
R Y 0 -2 109 156 281 172
Y Space -3 2 156 94 109 -47
Space A 2 3 94 94 234 140
A N -1 -5 94 109 125 31
N D 1 3 109 187 156 47
D Space -2 -1 187 63 171 -16
Space Back 4 -9 63 78 344 281
Back Back 0 0 78 78 124 46
Back Back 0 0 78 47 125 47
Back Back 0 0 47 47 109 62
Back T -1 8 47 110 390 343
T O 0 -4 110 109 94 -16
O Space -3 5 109 94 187 78
Space T 3 -1 94 140 3417 3323
T E 0 2 140 93 109 -31
E L -1 -6 93 62 78 -15
L L 0 0 62 62 125 63
L Space -2 5 62 124 156 94
Space Y 3 -2 124 78 468 344
Y O 0 -3 78 172 202 124
O U 0 2 172 110 78 -94
U R 0 3 110 171 63 -47
R Space -3 0 171 125 109 -62
Space K 2 -4 125 94 967 842
K I 1 0 94 93 172 78
I D -1 5 93 219 171 78
D S 0 1 219 187 125 -94
S Space -2 -2 187 141 109 -78
Space E 3 1 141 125 359 218
E V -2 -1 125 156 297 172
V E 2 1 156 125 93 -63
E R 0 -1 125 124 297 172
R Y 0 -2 124 78 218 94
Y T 0 1 78 78 203 125
T H -1 -1 78 78 93 15
H I 1 -2 78 187 110 32
I N -2 2 187 125 109 -78
N G 1 1 125 125 109 -16
G Space -2 1 125 125 78 -47
Space Y 3 -2 125 78 2231 2106
Y O 0 -3 78 172 171 93
O U 0 2 172 94 94 -78
U Space -3 3 94 94 109 15
Space T 3 -1 94 109 156 62
T H -1 -1 109 62 94 -15
H O 1 -3 62 172 140 78
O U 0 2 172 109 78 -94
U G -1 2 109 109 125 16
G H 0 -1 109 62 125 16
H T 1 1 62 156 140 78
T Space -3 1 156 125 94 -62
Space Y 3 -2 125 94 4118 3993
Y O 0 -3 94 171 172 78
O U 0 2 171 94 93 -78
U Oem7 -1 -4 94 63 546 452
Oem7 D 0 8 63 171 141 78
D Space -2 -1 171 141 93 -78
Space H 2 -2 141 62 578 437
H A 0 5 62 125 202 140
A V -1 -3 125 188 390 265
V E 2 1 188 188 78 -110
E Space -3 -1 188 125 125 -63
Space T 3 -1 125 110 577 452
T H -1 -1 110 109 94 -16
H E 1 3 109 188 140 31
E Space -3 -1 188 125 141 -47
Space N 1 -2 125 78 515 390
N E 2 3 78 93 109 31
E X -2 1 93 93 312 219
X T 2 -3 93 187 281 188
T Space -3 1 187 110 124 -63
Space D1 4 3 110 93 765 655
D1 D0 0 -9 93 78 203 110
D0 Space -4 6 78 78 156 78
Space Y 3 -2 78 62 312 234
Y E 0 3 62 124 78 16
E A -1 2 124 156 62 -62
A R 1 -3 156 156 218 62
R S -1 2 156 203 141 -15
S Space -2 -2 203 109 140 -63
Space T 3 -1 109 109 328 219
T O 0 -4 109 78 93 -16
O Space -3 5 78 109 188 110
Space T 3 -1 109 141 639 530
T E 0 2 141 93 94 -47
E L -1 -6 93 78 93 0
L L 0 0 78 78 141 63
L Space -2 5 78 141 171 93
Space T 3 -1 141 78 609 468
T H -1 -1 78 62 125 47
H E 1 3 62 94 93 31
E M -2 -4 94 78 125 31
M Space -1 3 78 94 374 296
Space I 3 -4 94 172 15460 15366
I N -2 2 172 140 78 -94
N Space -1 2 140 109 125 -15
Space J 2 -3 109 47 639 530
J U 1 0 47 78 312 265
U S -1 5 78 78 188 110
S T 1 -3 78 156 249 171
T Space -3 1 156 94 109 -47
Space A 2 3 94 156 734 640
A Space -2 -3 156 109 109 -47
Space F 2 0 109 125 655 546
F E 1 1 125 203 281 156
E W 0 1 203 140 125 -78
W Space -3 -2 140 109 62 -78
Space M 1 -3 109 109 219 110
M O 2 -2 109 219 93 -16
O N -2 3 219 109 141 -78
N T 2 1 109 94 124 15
T H -1 -1 94 78 125 31
H S 0 4 78 93 94 16
S OemPeriod -1 -7 93 63 374 281
OemPeriod Space -1 5 63 94 936 873
Space LShiftKey 1 4 94 203 281 187
LShiftKey I 2 -8 203 78 78 -125
I T 0 3 78 125 281 203
T Space -3 1 125 109 78 -47
Space M 1 -3 109 93 156 47
M E 2 4 93 109 125 32
E A -1 2 109 187 78 -31
A N -1 -5 187 94 171 -16
N S 1 4 94 187 78 -16
S Space -2 -2 187 124 141 -46
Space T 3 -1 124 63 1185 1061
T O 0 -4 63 93 94 31
O Space -3 5 93 109 109 16
Space M 1 -3 109 62 172 63
M A 1 6 62 78 140 78
A K 0 -7 78 94 187 109
K E 1 5 94 171 141 47
E Space -3 -1 171 110 124 -47
Space S 2 2 110 78 219 109
S U 1 -5 78 63 140 62
U R 0 3 63 156 125 62
R E 0 1 156 141 109 -47
E Space -3 -1 141 124 63 -78
Space E 3 1 124 94 374 250
E V -2 -1 94 140 281 187
V E 2 1 140 188 93 -47
E R 0 -1 188 125 219 31
R Y 0 -2 125 78 187 62
Y T 0 1 78 78 172 94
T H -1 -1 78 62 109 31
H I 1 -2 62 156 125 63
I N -2 2 156 109 93 -63
N G 1 1 109 156 94 -15
G Space -2 1 156 125 78 -78
Space I 3 -4 125 94 4820 4695
I S -1 6 94 172 78 -16
S Space -2 -2 172 78 156 -16
Space B 1 -1 78 140 250 172
B U 2 -2 140 78 109 -31
U T 0 2 78 78 156 78
T T 0 0 78 110 140 62
T O 0 -4 110 187 281 171
O N -2 3 187 109 141 -46
N E 2 3 109 125 124 15
E D -1 0 125 124 344 219
D Space -2 -1 124 156 140 16
Space U 3 -3 156 140 780 624
U P 0 -3 140 125 62 -78
P Space -3 6 125 140 172 47
Space S 2 2 140 109 3151 3011
S O 1 -7 109 78 94 -15
O Space -3 5 78 141 140 62
Space T 3 -1 141 47 281 140
T H -1 -1 47 46 94 47
H A 0 5 46 203 62 16
A T 1 -4 203 156 94 -109
T Space -3 1 156 78 124 -32
Space I 3 -4 78 93 1358 1280
I T 0 3 93 109 156 63
T Space -3 1 109 94 93 -16
Space W 3 2 94 78 219 125
W I 0 -6 78 63 93 15
I L -1 -1 63 47 250 187
L L 0 0 47 78 125 78
L Space -2 5 78 109 140 62
Space B 1 -1 109 93 1498 1389
B E 2 2 93 156 109 16
E Space -3 -1 156 125 140 -16
Space A 2 3 125 312 297 172
A S 0 -1 312 141 202 -110
S Space -2 -2 141 124 32 -109
Space E 3 1 124 172 530 406
E A -1 2 172 203 125 -47
A S 0 -1 203 94 187 -16
S Y 1 -4 94 93 250 156
Y Space -3 2 93 78 655 562
Space A 2 3 78 281 655 577
A S 0 -1 281 187 125 -156
S Space -2 -2 187 109 140 -47
Space P 3 -6 109 171 219 110
P O 0 1 171 78 124 -47
O S -1 7 78 62 734 656
S S 0 0 62 62 156 94
S I 1 -6 62 78 93 31
I B -2 3 78 109 156 78
B L 1 -4 109 62 125 16
L E 1 6 62 156 140 78
E Space -3 -1 156 124 110 -46
Space F 2 0 124 109 4430 4306
F O 1 -5 109 93 125 16
O R 0 5 93 141 140 47
R Space -3 0 141 94 109 -32
Space Y 3 -2 94 93 266 172
Y O 0 -3 93 187 187 94
O U 0 2 187 94 109 -78
U R 0 3 94 203 31 -63
R Space -3 0 203 125 125 -78
Space F 2 0 125 312 608 483
F A 0 3 312 202 110 -202
A M -1 -6 202 125 202 0
M I 2 -1 125 93 63 -62
I L -1 -1 93 93 203 110
L Y 1 3 93 94 202 109
Y OemPeriod -2 -3 94 62 250 156
OemPeriod Space -1 5 62 110 1388 1326
Space LShiftKey 1 4 110 249 266 156
LShiftKey I 2 -8 249 62 109 -140
I T 0 3 62 203 327 265
T Space -3 1 203 140 141 -62
Space M 1 -3 140 78 421 281
M E 2 4 78 125 140 62
E A -1 2 125 202 110 -15
A N -1 -5 202 78 202 0
N S 1 4 78 234 110 32
S Space -2 -2 234 109 218 -16
Space S 2 2 109 156 780 671
S A 0 1 156 109 78 -78
A Y 1 -5 109 110 296 187
Y Space -3 2 110 125 125 15
Space Y 3 -2 125 78 515 390
Y O 0 -3 78 156 187 109
O U 0 2 156 78 109 -47
U R 0 3 78 171 63 -15
R Space -3 0 171 109 125 -46
Space Left 0 -7 109 733 3619 3510
Left T 3 6 733 63 1700 967
T O 0 -4 63 63 78 15
O Space -3 5 63 109 141 78
Space Right 0 -9 109 655 2028 1919
Right Right 0 0 655 78 904 249
Right Right 0 0 78 94 156 78
Right Right 0 0 94 125 125 31
Right Right 0 0 125 62 281 156
Right G 2 8 62 94 6895 6833
G O 1 -4 94 62 141 47
O O 0 0 62 94 124 62
O D -1 6 94 94 624 530
D B -1 -2 94 94 250 156
B Y 2 -1 94 94 343 249
Y E 0 3 94 94 109 15
E S -1 1 94 94 234 140
S OemPeriod -1 -7 94 78 640 546
OemPeriod Return 1 -3 78 63 4664 4586
Return Return 0 0 63 78 172 109
Return LShiftKey -1 12 78 219 499 421
LShiftKey I 2 -8 219 62 125 -94
I Space -3 4 62 94 187 125
Space L 2 -5 94 78 109 15
L I 1 1 78 78 203 125
I V -2 4 78 202 141 63
V E 2 1 202 141 124 -78
E D -1 0 141 203 250 109
D Space -2 -1 203 156 125 -78
Space W 3 2 156 78 1607 1451
W I 0 -6 78 109 93 15
I T 0 3 109 93 172 63
T H -1 -1 93 78 78 -15
H Space -2 2 78 109 140 62
Space T 3 -1 109 94 265 156
T H -1 -1 94 63 125 31
H A 0 5 63 234 78 15
A T 1 -4 234 141 109 -125
T Space -3 1 141 125 78 -63
Space D 2 1 125 62 656 531
D I 1 -5 62 62 140 78
I S -1 6 62 78 109 47
S Back 2 -11 78 78 421 343
Back A -2 12 78 109 94 16
A G 0 -4 109 125 187 78
G N -1 -1 125 109 749 624
N O 2 -3 109 109 187 78
O S -1 7 109 125 172 63
S I 1 -6 125 94 140 15
I S -1 6 94 94 109 15
S Space -2 -2 94 93 297 203
Space A 2 3 93 78 1841 1748
A L 0 -8 78 94 140 62
L L 0 0 94 110 140 46
L Space -2 5 110 78 2559 2449
Space D 2 1 78 141 327 249
D A 0 2 141 141 78 -63
A Y 1 -5 141 78 219 78
Y OemPeriod -2 -3 78 78 468 390
OemPeriod Space -1 5 78 63 452 374
Space LShiftKey 1 4 63 218 297 234
LShiftKey L 1 -9 218 93 109 -109
L A 0 8 93 125 249 156
A T 1 -4 125 93 266 141
T E 0 2 93 203 187 94
E R 0 -1 203 156 78 -125
R Space -3 0 156 78 109 -47
Space T 3 -1 78 109 187 109
T H -1 -1 109 62 141 32
H A 0 5 62 219 93 31
A T 1 -4 219 171 94 -125
T Space -3 1 171 125 93 -78
Space E 3 1 125 93 453 328
E V -2 -1 93 141 249 156
V E 2 1 141 93 110 -31
E N -2 -3 93 78 171 78
N I 2 -2 78 203 203 125
I N -2 2 203 109 109 -94
N G 1 1 109 171 94 -15
G Space -2 1 171 109 109 -62
Space LShiftKey 1 4 109 249 874 765
LShiftKey I 2 -8 249 78 124 -125
I Space -3 4 78 125 234 156
Space H 2 -2 125 78 453 328
H A 0 5 78 109 125 47
A D 0 -2 109 187 249 140
D Space -2 -1 187 93 172 -15
Space A 2 3 93 172 218 125
A Space -2 -3 172 141 109 -63
Space B 1 -1 141 78 765 624
B I 2 -3 78 171 390 312
I O 0 -1 171 110 93 -78
O P 0 -1 110 94 250 140
P S -1 8 94 94 156 62
S Y 1 -4 94 109 343 249
Y Oemcomma -2 -2 109 78 733 624
Oemcomma Space -1 4 78 109 188 110
Space W 3 2 109 78 249 140
W H -1 -4 78 94 156 78
H E 1 3 94 109 125 31
E R 0 -1 109 187 281 172
R E 0 1 187 187 109 -78
E Space -3 -1 187 93 172 -15
Space T 3 -1 93 78 811 718
T H -1 -1 78 78 156 78
H E 1 3 78 109 109 31
E Y 0 -3 109 94 265 156
Y Space -3 2 94 110 187 93
Space S 2 2 110 78 281 171
S U 1 -5 78 109 156 78
U C -2 4 109 109 172 63
C K 1 -5 109 78 281 172
K Space -2 4 78 125 249 171
Space A 2 3 125 94 312 187
A N -1 -5 94 78 172 78
N Space -1 2 78 109 187 109
Space Back 4 -9 109 140 562 453
Back Back 0 0 140 46 390 250
Back Back 0 0 46 63 124 78
Back Back 0 0 63 47 125 62
Back Back 0 0 47 47 109 62
Back Back 0 0 47 62 94 47
Back Back 0 0 62 63 109 47
Back T -1 8 63 78 765 702
T U 0 -2 78 94 218 140
U C -2 4 94 78 172 78
C K 1 -5 78 78 109 31
K Space -2 4 78 93 203 125
Space A 2 3 93 78 187 94
A N -1 -5 78 78 125 47
N Space -1 2 78 110 202 124
Space E 3 1 110 94 905 795
E N -2 -3 94 63 156 62
N D 1 3 63 78 297 234
D O 1 -6 78 78 156 78
O S -1 7 78 94 218 140
S C -1 -1 94 78 374 280
C O 2 -6 78 78 125 47
O P 0 -1 78 109 156 78
P E 0 7 109 109 156 47
E Space -3 -1 109 93 5164 5055
Space D 2 1 93 78 390 297
D O 1 -6 78 94 109 31
O W 0 7 94 94 140 46
W N -2 -4 94 93 110 16
N Space -1 2 93 125 140 47
Space M 1 -3 125 93 484 359
M Y 2 1 93 94 717 624
Y Space -3 2 94 109 546 452
Space T 3 -1 109 94 343 234
T H -1 -1 94 78 110 16
H O 1 -3 78 78 202 124
O Back 1 -4 78 94 406 328
Back R -1 9 94 62 172 78
R O 0 -5 62 78 109 47
O A -1 8 78 109 156 78
A T 1 -4 109 78 296 187
T Oemcomma -2 -3 78 78 8034 7956
Oemcomma Space -1 4 78 109 125 47
Space T 3 -1 109 94 203 94
T H -1 -1 94 78 125 31
H R 1 2 78 78 156 78
R O 0 -5 78 172 187 109
O U 0 2 172 125 62 -110
U G -1 2 125 93 188 63
G H 0 -1 93 78 109 16
H Space -2 2 78 93 203 125
Space M 1 -3 93 94 670 577
M Y 2 1 94 109 344 250
Y Space -3 2 109 94 374 265
Space S 2 2 94 93 328 234
S T 1 -3 93 78 312 219
T O 0 -4 78 78 93 15
O M -2 2 78 125 187 109
M A 1 6 125 93 141 16
A C -1 -2 93 110 327 234
C H 1 -3 110 78 141 31
H Space -2 2 78 109 3510 3432
Space A 2 3 109 94 187 78
A N -1 -5 94 109 94 0
N D 1 3 109 188 124 15
D Space -2 -1 188 125 141 -47
Space I 3 -4 125 187 281 156
I N -2 2 187 125 93 -94
N T 2 1 125 78 141 16
T O 0 -4 78 141 93 15
O Space -3 5 141 125 156 15
Space M 1 -3 125 62 562 437
M Y 2 1 62 94 421 359
Y Space -3 2 94 125 203 109
Space I 3 -4 125 172 686 561
I N -2 2 172 110 109 -63
N T 2 1 110 171 375 265
T E 0 2 171 109 109 -62
E S -1 1 109 93 250 141
S T 1 -3 93 94 202 109
T I 0 -3 94 156 125 31
I N -2 2 156 94 109 -47
N E 2 3 94 94 125 31
E S -1 1 94 78 250 156
S Oemcomma -1 -6 78 63 1310 1232
Oemcomma Space -1 4 63 94 234 171
Space P 3 -6 94 109 5226 5132
P U 0 3 109 109 219 110
U T 0 2 109 140 140 31
T Space -3 1 140 125 78 -62
Space A 2 3 125 156 1045 920
A Space -2 -3 156 125 109 -47
Space N 1 -2 125 94 328 203
N E 2 3 94 94 187 93
E E 0 0 94 78 141 47
E D -1 0 78 78 218 140
D L 0 -6 78 78 78 0
L E 1 6 78 172 140 62
E Space -3 -1 172 109 125 -47
Space I 3 -4 109 156 1482 1373
I N -2 2 156 78 94 -62
N T 2 1 78 63 93 15
T O 0 -4 63 125 94 31
O Space -3 5 125 109 156 31
Space M 1 -3 109 94 218 109
M Y 2 1 94 78 422 328
Y Space -3 2 78 110 124 46
Space P 3 -6 110 63 203 93
P A -1 9 63 94 125 62
A N -1 -5 94 78 187 93
N C 0 3 78 109 952 874
C R 2 -1 109 187 296 187
R E 0 1 187 140 125 -62
E A -1 2 140 140 94 -46
A S 0 -1 140 94 218 78
S Space -2 -2 94 110 686 592
Space A 2 3 110 94 203 93
A N -1 -5 94 110 109 15
N D 1 3 110 172 94 -16
D Space -2 -1 172 109 125 -47
Space G 2 -1 109 109 686 577
G O 1 -4 109 78 125 16
O T 0 4 78 172 140 62
T Space -3 1 172 93 110 -62
Space A 2 3 93 125 374 281
A Space -2 -3 125 125 78 -47
Space F 2 0 125 94 7098 6973
F E 1 1 94 203 296 202
E W 0 1 203 156 141 -62
W Space -3 -2 156 109 78 -78
Space C 1 1 109 187 686 577
C E 2 0 187 109 141 -46
E L -1 -6 109 78 499 390
L L 0 0 78 94 140 62
L S 0 7 94 156 109 15
S Space -2 -2 156 124 110 -46
Space F 2 0 124 109 499 375
F R 1 0 109 94 218 109
R O 0 -5 94 156 156 62
O M -2 2 156 109 78 -78
M Space -1 3 109 109 94 -15
Space T 3 -1 109 94 187 78
T H -1 -1 94 78 109 15
H E 1 3 78 172 109 31
E Space -3 -1 172 109 125 -47
Space T 3 -1 109 78 1545 1436
T U 0 -2 78 110 124 46
U M -2 0 110 187 250 140
M O 2 -2 187 110 140 -47
O R 0 5 110 78 188 78
R OemPeriod -2 -5 78 93 1326 1248
OemPeriod Space -1 5 93 125 280 187
Space LShiftKey 1 4 125 250 281 156
LShiftKey I 2 -8 250 78 109 -141
I Space -3 4 78 109 172 94
Space W 3 2 109 78 218 109
W A -1 1 78 202 188 110
A S 0 -1 202 187 78 -124
S Space -2 -2 187 125 109 -78
Space S 2 2 125 62 1045 920
S E 1 -1 62 110 374 312
E D -1 0 110 156 297 187
D A 0 2 156 124 125 -31
A T 1 -4 124 156 296 172
T E 0 2 156 141 109 -47
E D -1 0 141 171 297 156
D Space -2 -1 171 125 124 -47
Space Back 4 -9 125 78 749 624
Back Oemcomma -3 5 78 78 281 203
Oemcomma Space -1 4 78 93 172 94
Space B 1 -1 93 172 2433 2340
B U 2 -2 172 125 78 -94
U T 0 2 125 141 109 -16
T Space -3 1 141 109 110 -31
Space M 1 -3 109 93 811 702
M Y 2 1 93 94 421 328
Y Space -3 2 94 125 140 46
Space W 3 2 125 78 437 312
W I 0 -6 78 78 94 16
I F -1 4 78 156 203 125
F E 1 1 156 172 124 -32
E Space -3 -1 172 124 110 -62
Space Back 4 -9 124 78 826 702
Back Oemcomma -3 5 78 78 375 297
Oemcomma Space -1 4 78 125 171 93
Space W 3 2 125 63 593 468
W H -1 -4 63 171 250 187
H O 1 -3 171 94 93 -78
O Space -3 5 94 140 141 47
Space W 3 2 140 78 452 312
W A -1 1 78 250 234 156
A S 0 -1 250 203 109 -141
S Space -2 -2 203 124 110 -93
Space T 3 -1 124 125 280 156
T H -1 -1 125 62 141 16
H E 1 3 62 109 109 47
E R 0 -1 109 172 187 78
R E 0 1 172 125 94 -78
E Oemcomma -2 -5 125 94 249 124
Oemcomma Space -1 4 94 124 188 94
Space T 3 -1 124 78 280 156
T O 0 -4 78 78 110 32
O L -1 0 78 109 171 93
L D 0 6 109 156 593 484
D Space -2 -1 156 109 109 -47
Space M 1 -3 109 93 94 -15
M E 2 4 93 156 140 47
E Space -3 -1 156 109 94 -62
Space T 3 -1 109 94 218 109
T H -1 -1 94 78 141 47
H A 0 5 78 172 93 15
A T 1 -4 172 156 63 -109
T Space -3 1 156 140 78 -78
Space W 3 2 140 78 1435 1295
W H -1 -4 78 62 109 31
H E 1 3 62 78 140 78
E N -2 -3 78 109 94 16
N Space -1 2 109 109 187 78
Space T 3 -1 109 78 234 125
T H -1 -1 78 94 109 31
H E 1 3 94 78 125 31
E Y 0 -3 78 93 297 219
Y Space -3 2 93 109 187 94
Space V 1 0 109 109 530 421
V I 2 -4 109 94 187 78
I E 0 5 94 78 281 187
E W 0 1 78 78 265 187
W E 0 -1 78 63 468 390
E D -1 0 63 109 250 187
D Space -2 -1 109 110 218 109
Space T 3 -1 110 78 7020 6910
T H -1 -1 78 78 110 32
H E 1 3 78 171 109 31
E Space -3 -1 171 109 109 -62
Space C 1 1 109 156 484 375
C E 2 0 156 140 140 -16
E L -1 -6 140 78 172 32
L L 0 0 78 94 140 62
L S 0 7 94 188 140 46
S Space -2 -2 188 156 125 -63
Space U 3 -3 156 172 12433 12277
U N -2 1 172 141 78 -94
N D 1 3 141 109 172 31
D E 1 0 109 266 296 187
E R 0 -1 266 188 78 -188
R Space -3 0 188 172 156 -32
Space A 2 3 172 188 312 140
A Space -2 -3 188 124 110 -78
Space M 1 -3 124 202 702 578
M I 2 -1 202 110 124 -78
I C -2 5 110 109 219 109
C R 2 -1 109 94 265 156
R O 0 -5 94 110 140 46
O S -1 7 110 78 219 109
S C -1 -1 78 78 468 390
C O 2 -6 78 172 140 62
O P 0 -1 172 125 94 -78
P E 0 7 125 125 156 31
E Space -3 -1 125 94 3447 3322
Space T 3 -1 94 62 406 312
T H -1 -1 62 78 156 94
H E 1 3 78 172 109 31
E Space -3 -1 172 125 109 -63
Space D 2 1 125 78 12839 12714
D O 1 -6 78 94 125 47
O C -2 6 94 109 203 109
C T 2 -2 109 93 312 203
T O 0 -4 93 63 140 47
O R 0 5 63 109 94 31
R S -1 2 109 172 327 218
S Space -2 -2 172 125 125 -47
Space S 2 2 125 93 921 796
S T 1 -3 93 94 249 156
T A -1 4 94 172 156 62
A R 1 -3 172 93 94 -78
R T 0 -1 93 172 218 125
T E 0 2 172 156 109 -63
E D -1 0 156 203 281 125
D Space -2 -1 203 140 141 -62
Space C 1 1 140 94 374 234
C R 2 -1 94 78 359 265
R Y 0 -2 78 94 234 156
Y I 0 -2 94 156 296 202
I N -2 2 156 109 63 -93
N G 1 1 109 125 140 31
G Space -2 1 125 109 63 -62
Space B 1 -1 109 93 2262 2153
B E 2 2 93 78 93 0
E C -2 0 78 187 250 172
C A 1 2 187 140 109 -78
A U 1 -6 140 31 203 63
U S -1 5 31 78 78 47
S E 1 -1 78 141 218 140
E Space -3 -1 141 125 94 -47
Space I 3 -4 125 78 1232 1107
I T 0 3 78 141 156 78
T Space -3 1 141 78 109 -32
Space T 3 -1 78 78 531 453
T U 0 -2 78 78 109 31
U R 0 3 78 93 125 47
R N -2 -2 93 109 312 219
N E 2 3 109 93 125 16
E D -1 0 93 187 249 156
D Space -2 -1 187 109 156 -31
Space O 3 -5 109 187 687 578
O U 0 2 187 93 109 -78
U T 0 2 93 140 109 16
T Space -3 1 140 109 94 -46
Space T 3 -1 109 94 202 93
T O 0 -4 94 78 110 16
O Space -3 5 78 125 187 109
Space N 1 -2 125 94 405 280
N Back 3 -7 94 78 624 530
Back B -3 8 78 78 266 188
B E 2 2 78 125 109 31
E Space -3 -1 125 109 109 -16
Space A 2 3 109 156 2434 2325
A Space -2 -3 156 94 93 -63
Space V 1 0 94 109 468 374
V E 2 1 109 125 265 156
E R 0 -1 125 109 63 -62
R Y 0 -2 109 110 249 140
Y Space -3 2 110 125 203 93
Space R 3 0 125 140 453 328
R A -1 3 140 94 124 -16
A R 1 -3 94 156 219 125
R E 0 1 156 172 109 -47
E Space -3 -1 172 141 109 -63
Space F 2 0 141 94 858 717
F O 1 -5 94 63 109 15
O R 0 5 63 78 141 78
R M -2 -3 78 78 125 47
M Space -1 3 78 125 171 93
Space O 3 -5 125 62 359 234
O F -1 5 62 203 187 125
F Space -2 0 203 124 141 -62
Space P 3 -6 124 78 780 656
P A -1 9 78 78 171 93
A N -1 -5 78 109 156 78
N C 0 3 109 125 328 219
C R 2 -1 125 171 312 187
R E 0 1 171 171 125 -46
E A -1 2 171 141 93 -78
A T 1 -4 141 109 234 93
T I 0 -3 109 93 172 63
I C -2 5 93 93 203 110
C Space -1 -1 93 110 358 265
Space C 1 1 110 172 328 218
C A 1 2 172 141 187 15
A N -1 -5 141 78 219 78
N C 0 3 78 140 109 31
C E 2 0 140 218 187 47
E R 0 -1 218 125 156 -62
R Space -3 0 125 109 3463 3338
Space T 3 -1 109 62 250 141
T H -1 -1 62 78 47 -15
H A 0 5 78 218 62 -16
A T 1 -4 218 156 140 -78
T Space -3 1 156 93 110 -46
Space I 3 -4 93 63 171 78
I S -1 6 63 156 141 78
S Space -2 -2 156 140 78 -78
Space C 1 1 140 110 826 686
C U 2 -4 110 78 219 109
U R 0 3 78 156 125 47
R A -1 3 156 94 124 -32
A B -1 -4 94 109 297 203
B L 1 -4 109 62 125 16
L E 1 6 62 156 156 94
E Space -3 -1 156 141 124 -32
Space W 3 2 141 93 1233 1092
W I 0 -6 93 78 109 16
I T 0 3 78 94 156 78
T H -1 -1 94 62 125 31
H Space -2 2 62 140 109 47
Space S 2 2 140 94 452 312
S U 1 -5 94 94 125 31
U R 0 3 94 93 219 125
R G -1 -1 93 78 280 187
G E 1 2 78 172 203 125
E R 0 -1 172 125 94 -78
R Y 0 -2 125 94 249 124
Y OemPeriod -2 -3 94 62 796 702
OemPeriod Space -1 5 62 109 265 203
Space LShiftKey 1 4 109 187 1872 1763
LShiftKey I 2 -8 187 109 47 -140
I Space -3 4 109 141 187 78
Space H 2 -2 141 109 234 93
H A 0 5 109 140 94 -15
A D 0 -2 140 202 281 141
D Space -2 -1 202 124 156 -46
Space T 3 -1 124 78 2870 2746
T H -1 -1 78 78 156 78
H E 1 3 78 171 94 16
E Space -3 -1 171 140 78 -93
Space S 2 2 140 109 265 125
S U 1 -5 109 109 109 0
U R 0 3 109 94 156 47
R G -1 -1 94 93 250 156
G E 1 2 93 156 171 78
E R 0 -1 156 110 109 -47
R Y 0 -2 110 94 281 171
Y Space -3 2 94 78 827 733
Space A 2 3 78 124 172 94
A N -1 -5 124 94 124 0
N D 1 3 94 156 110 16
D Space -2 -1 156 78 124 -32
Space LShiftKey 1 4 78 249 375 297
LShiftKey LShiftKey 0 0 249 406 873 624
LShiftKey I 2 -8 406 94 234 -172
I Oem7 -1 -3 94 78 437 343
Oem7 M -1 4 78 47 343 265
M Space -1 3 47 78 172 125
Space F 2 0 78 125 343 265
F I 1 -4 125 140 141 16
I N -2 2 140 78 78 -62
N E 2 3 78 172 93 15
E Space -3 -1 172 109 141 -31
Space N 1 -2 109 156 202 93
N O 2 -3 156 124 110 -46
O W 0 7 124 78 171 47
W OemPeriod -2 -7 78 63 343 265
OemPeriod Return 1 -3 63 62 16911 16848
Return Return 0 0 62 109 125 63
Return LShiftKey -1 12 109 437 1996 1887
LShiftKey T 2 -5 437 110 312 -125
T H -1 -1 110 140 266 156
H I 1 -2 140 78 78 -62
I S -1 6 78 203 31 -47
S Space -2 -2 203 109 125 -78
Space W 3 2 109 93 312 203
W A -1 1 93 234 202 109
A S 0 -1 234 140 110 -124
S Space -2 -2 140 93 78 -62
Space T 3 -1 93 78 187 94
T H -1 -1 78 78 78 0
H E 1 3 78 172 109 31
E Space -3 -1 172 140 94 -78
Space C 1 1 140 78 390 250
C L 1 -6 78 62 140 62
L O 1 0 62 78 187 125
O S -1 7 78 78 125 47
S E 1 -1 78 63 218 140
E S -1 1 63 140 453 390
S T 1 -3 140 406 218 78
T Space -3 1 406 312 94 -312
Space LShiftKey 1 4 312 219 3104 2792
LShiftKey I 2 -8 219 78 125 -94
I Oem7 -1 -3 78 109 234 156
Oem7 V -1 7 109 203 125 16
V E 2 1 203 156 109 -94
E Space -3 -1 156 94 421 265
Space B 1 -1 94 78 1919 1825
B E 2 2 78 78 109 31
E E 0 0 78 141 156 78
E N -2 -3 141 78 94 -47
N Space -1 2 78 110 93 15
Space T 3 -1 110 109 188 78
T O 0 -4 109 94 46 -63
O Space -3 5 94 140 141 47
Space A 2 3 140 125 374 234
A Back 2 -12 125 62 328 203
Back Back 0 0 62 62 125 63
Back F -2 9 62 140 78 16
F A 0 3 140 124 78 -62
A C -1 -2 124 94 218 94
C Back 3 -10 94 63 530 436
Back Back 0 0 63 78 297 234
Back Back 0 0 78 63 140 62
Back Space -4 9 63 124 219 156
Space F 2 0 124 125 343 219
F A 0 3 125 140 78 -47
A C -1 -2 140 109 265 125
C I 2 -5 109 140 156 47
I N -2 2 140 78 94 -46
N G 1 1 78 141 93 15
G Space -2 1 141 140 94 -47
Space D 2 1 140 156 390 250
D E 1 0 156 172 140 -16
E A -1 2 172 156 156 -16
A T 1 -4 156 109 94 -62
T H -1 -1 109 78 171 62
H Oemcomma -1 -2 78 78 3822 3744
Oemcomma Space -1 4 78 172 125 47
Space A 2 3 172 156 203 31
A D 0 -2 156 218 94 -62
D N -1 -3 218 63 46 -172
N Space -1 2 63 109 125 62
Space Back 4 -9 109 94 827 718
Back Back 0 0 94 94 109 15
Back Back 0 0 94 78 172 78
Back N -3 7 78 78 530 452
N D 1 3 78 187 172 94
D Space -2 -1 187 124 125 -62
Space LShiftKey 1 4 124 281 1123 999
LShiftKey I 2 -8 281 93 156 -125
I Space -3 4 93 47 234 141
Space H 2 -2 47 78 390 343
H O 1 -3 78 172 109 31
O P 0 -1 172 125 62 -110
P E 0 7 125 156 125 0
E Space -3 -1 156 140 94 -62
Space I 3 -4 140 62 1825 1685
I T 0 3 62 110 140 78
T Oem7 -1 -6 110 63 203 93
Oem7 S 0 9 63 156 156 93
S Space -2 -2 156 125 94 -62
Space T 3 -1 125 94 249 124
T H -1 -1 94 78 234 140
H E 1 3 78 141 125 47
E Space -3 -1 141 109 125 -16
Space C 1 1 109 93 827 718
C L 1 -6 93 78 234 141
L O 1 0 78 94 171 93
O S -1 7 94 94 125 31
S E 1 -1 94 94 234 140
E S -1 1 94 47 265 171
S T 1 -3 47 78 250 203
T Space -3 1 78 94 1872 1794
Space LShiftKey 1 4 94 343 328 234
LShiftKey I 2 -8 343 78 202 -141
I Space -3 4 78 109 203 125
Space G 2 -1 109 78 265 156
G E 1 2 78 63 125 47
E T 0 -2 63 156 203 140
T Space -3 1 156 109 125 -31
Space F 2 0 109 109 1669 1560
F O 1 -5 109 63 187 78
O R 0 5 63 171 94 31
R Space -3 0 171 140 109 -62
Space A 2 3 140 140 905 765
A Space -2 -3 140 125 62 -78
Space F 2 0 125 125 905 780
F E 1 1 125 203 265 140
E W 0 1 203 156 94 -109
W Space -3 -2 156 125 109 -47
Space M 1 -3 125 156 203 78
M O 2 -2 156 94 93 -63
O R 0 5 94 171 110 16
R E 0 1 171 156 109 -62
E Space -3 -1 156 141 93 -63
Space D 2 1 141 218 297 156
D E 1 0 218 156 171 -47
E C -2 0 156 156 297 141
C A 1 2 156 141 140 -16
A D 0 -2 141 171 375 234
D E 1 0 171 94 124 -47
E S -1 1 94 93 266 172
S OemPeriod -1 -7 93 62 858 765
OemPeriod Space -1 5 62 93 234 172
Space LShiftKey 1 4 93 249 5569 5476
LShiftKey H 1 -6 249 78 171 -78
H A 0 5 78 94 203 125
A V -1 -3 94 94 281 187
V I 2 -4 94 187 172 78
I N -2 2 187 140 78 -109
N G 1 1 140 202 78 -62
G Space -2 1 202 125 140 -62
Space L 2 -5 125 94 468 343
L I 1 1 94 63 218 124
I V -2 4 63 140 375 312
V E 2 1 140 109 109 -31
E D -1 0 109 140 281 172
D Space -2 -1 140 109 109 -31
Space T 3 -1 109 93 2013 1904
T H -1 -1 93 78 156 63
H R 1 2 78 94 124 46
R O 0 -5 94 203 156 62
O U 0 2 203 109 141 -62
U G -1 2 109 78 156 47
G H 0 -1 78 109 156 78
H Space -2 2 109 109 187 78
Space I 3 -4 109 78 983 874
I T 0 3 78 94 140 62
T Oemcomma -2 -3 94 78 531 437
Oemcomma Space -1 4 78 125 171 93
Space LShiftKey 1 4 125 297 702 577
LShiftKey I 2 -8 297 78 156 -141
I Space -3 4 78 109 156 78
Space C 1 1 109 109 281 172
C A 1 2 109 125 47 -62
A N -1 -5 125 62 281 156
N Space -1 2 62 125 202 140
Space N 1 -2 125 141 593 468
N O 2 -3 141 94 109 -32
O W 0 7 94 171 63 -31
W Space -3 -2 171 109 156 -15
Space S 2 2 109 125 1029 920
S A 0 1 125 140 63 -62
A Y 1 -5 140 78 265 125
Y Space -3 2 78 141 218 140
Space T 3 -1 141 78 983 842
T H -1 -1 78 140 125 47
H I 1 -2 140 94 62 -78
I S -1 6 94 140 110 16
S Space -2 -2 140 94 93 -47
Space T 3 -1 94 63 312 218
T O 0 -4 63 78 63 0
O Space -3 5 78 125 140 62
Space Y 3 -2 125 110 530 405
Y O 0 -3 110 188 234 124
O U 0 2 188 125 78 -110
U Space -3 3 125 62 765 640
Space W 3 2 62 93 203 141
W I 0 -6 93 125 171 78
I T 0 3 125 94 187 62
T H -1 -1 94 62 110 16
H Space -2 2 62 110 124 62
Space A 2 3 110 156 234 124
A Space -2 -3 156 140 110 -46
Space B 1 -1 140 141 327 187
B T 2 0 141 125 281 140
T Back 1 -8 125 78 390 265
Back I -1 5 78 93 203 125
I T 0 3 93 140 109 16
T Space -3 1 140 93 94 -46
Space M 1 -3 93 140 577 484
M O 2 -2 140 93 78 -62
O R 0 5 93 218 312 219
R E 0 1 218 171 125 -93
E Space -3 -1 171 109 78 -93
Space C 1 1 109 125 608 499
C E 2 0 125 171 250 125
E R 0 -1 171 109 93 -78
R T 0 -1 109 109 219 110
T A -1 4 109 109 171 62
A I 1 -7 109 187 125 16
I N -2 2 187 140 94 -93
N T 2 1 140 94 374 234
T Y 0 -1 94 62 234 140
Y Space -3 2 62 125 889 827
Space T 3 -1 125 94 265 140
T H -1 -1 94 47 219 125
H A 0 5 47 78 187 140
A N -1 -5 78 78 203 125
N Space -1 2 78 124 515 437
Space H 2 -2 124 94 436 312
H Back 2 -7 94 110 390 296
Back W -1 11 110 78 125 15
W H -1 -4 78 63 187 109
H E 1 3 63 78 110 47
E N -2 -3 78 62 140 62
N Space -1 2 62 93 250 188
Space D 2 1 93 187 1544 1451
D E 1 0 187 202 172 -15
E A -1 2 202 156 140 -62
A T 1 -4 156 124 94 -62
T H -1 -1 124 63 202 78
H Space -2 2 63 124 110 47
Space W 3 2 124 63 748 624
W A -1 1 63 266 312 249
A S 0 -1 266 187 94 -172
S Space -2 -2 187 140 125 -62
Space A 2 3 140 187 234 94
A Space -2 -3 187 124 125 -62
Space U 3 -3 124 47 1107 983
U S -1 5 47 78 94 47
S E 1 -1 78 125 218 140
E F -1 -1 125 78 484 359
F U 1 -3 78 109 140 62
U L -1 -2 109 63 265 156
L Space -2 5 63 109 172 109
Space B 1 -1 109 156 499 390
B U 2 -2 156 94 78 -78
U T 0 2 94 141 109 15
T Space -3 1 141 109 94 -47
Space P 3 -6 109 78 889 780
P U 0 3 78 94 234 156
U R 0 3 94 140 141 47
R E 0 1 140 109 78 -62
E L -1 -6 109 78 156 47
L Y 1 3 78 94 218 140
Y Space -3 2 94 125 140 46
Space I 3 -4 125 172 1264 1139
I N -2 2 172 125 78 -94
N T 2 1 125 125 156 31
T E 0 2 125 125 109 -16
E L -1 -6 125 47 187 62
L L 0 0 47 63 125 78
L I 1 1 63 93 297 234
I Back 1 -5 93 62 499 406
Back E -1 10 62 140 125 63
E C -2 0 140 172 202 62
C T 2 -2 172 78 624 452
T U 0 -2 78 63 312 234
U A -1 6 63 78 125 62
A L 0 -8 78 62 141 63
L Space -2 5 62 110 124 62
Space C 1 1 110 78 1670 1560
C O 2 -6 78 156 171 93
O N -2 3 156 110 109 -47
N C 0 3 110 140 172 62
C E 2 0 140 140 125 -15
E P 0 -7 140 93 234 94
P T 0 5 93 93 156 63
T OemPeriod -2 -4 93 63 327 234
OemPeriod Return 1 -3 63 78 11560 11497
Return Return 0 0 78 62 203 125
Return LShiftKey -1 12 62 375 1029 967
LShiftKey N 0 -6 375 93 219 -156
N Space -1 2 93 125 296 203
Space Back 4 -9 125 78 671 546
Back O -1 4 78 78 203 125
O Space -3 5 78 93 234 156
Space O 3 -5 93 172 327 234
O N -2 3 172 140 63 -109
N E 2 3 140 46 203 63
E Space -3 -1 46 109 31 -15
Space W 3 2 109 125 1341 1232
W A -1 1 125 156 47 -78
A N -1 -5 156 62 203 47
N T 2 1 62 141 140 78
T E 0 2 141 62 110 -31
E Back 1 -10 62 62 374 312
Back S -2 11 62 124 94 32
S Space -2 -2 124 125 140 16
Space T 3 -1 125 47 312 187
T O 0 -4 47 94 62 15
O Space -3 5 94 125 172 78
Space D 2 1 125 93 515 390
D E 1 0 93 78 296 203
E Back 1 -10 78 109 375 297
Back I -1 5 109 110 280 171
I E 0 5 110 94 125 15
E OemPeriod -2 -6 94 32 733 639
OemPeriod Space -1 5 32 140 531 499
Space LShiftKey 1 4 140 280 281 141
LShiftKey E 2 -3 280 109 218 -62
E V -2 -1 109 141 343 234
V E 2 1 141 125 94 -47
E N -2 -3 125 78 156 31
N Space -1 2 78 124 125 47
Space P 3 -6 124 93 343 219
P E 0 7 93 62 156 63
E O 0 -6 62 94 93 31
O P 0 -1 94 187 188 94
P L -1 1 187 109 109 -78
L E 1 6 109 156 109 0
E Space -3 -1 156 94 140 -16
Space W 3 2 94 94 515 421
W H -1 -4 94 172 437 343
H O 1 -3 172 109 94 -78
O Space -3 5 109 140 156 47
Space W 3 2 140 78 312 172
W A -1 1 78 156 187 109
A N -1 -5 156 94 140 -16
N T 2 1 94 141 265 171
T Space -3 1 141 125 78 -63
Space T 3 -1 125 78 250 125
T O 0 -4 78 78 62 -16
O Space -3 5 78 125 172 94
Space G 2 -1 125 94 452 327
G O 1 -4 94 78 125 31
O Space -3 5 78 141 234 156
Space T 3 -1 141 109 250 109
T O 0 -4 109 94 93 -16
O Space -3 5 94 94 156 62
Space H 2 -2 94 78 1280 1186
H E 1 3 78 156 109 31
E A -1 2 156 109 78 -78
A V -1 -3 109 156 265 156
V E 2 1 156 109 125 -31
E N -2 -3 109 94 93 -16
N Space -1 2 94 94 1108 1014
Space D 2 1 94 93 437 343
D O 1 -6 93 171 156 63
O N -2 3 171 78 109 -62
N Oem7 1 -5 78 46 250 172
Oem7 T 1 6 46 125 405 359
T Space -3 1 125 125 78 -47
Space W 3 2 125 171 718 593
W A -1 1 171 124 125 -46
A N -1 -5 124 78 109 -15
N T 2 1 78 187 203 125
T Space -3 1 187 94 124 -63
Space T 3 -1 94 78 250 156
T O 0 -4 78 109 109 31
O Space -3 5 109 109 172 63
Space D 2 1 109 78 530 421
D E 1 0 78 125 265 187
E Back 1 -10 125 109 359 234
Back I -1 5 109 94 234 125
I E 0 5 94 141 109 15
E Space -3 -1 141 93 110 -31
Space T 3 -1 93 93 187 94
T O 0 -4 93 62 109 16
O Space -3 5 62 110 140 78
Space G 2 -1 110 125 359 249
G E 1 2 125 110 109 -16
E T 0 -2 110 156 172 62
T Space -3 1 156 140 125 -31
Space T 3 -1 140 47 109 -31
T T 0 0 47 109 109 62
T H -1 -1 109 78 94 -15
H E 1 3 78 124 203 125
E R 0 -1 124 62 140 16
R Back 1 -9 62 62 328 266
Back Back 0 0 62 31 93 31
Back Back 0 0 31 62 94 63
Back Back 0 0 62 62 187 125
Back H -2 7 62 62 702 640
H E 1 3 62 93 94 32
E R 0 -1 93 156 171 78
R E 0 1 156 63 109 -47
E OemPeriod -2 -6 63 78 125 62
OemPeriod Space -1 5 78 141 4477 4399
Space LShiftKey 1 4 141 296 250 109
LShiftKey A 1 -1 296 125 187 -109
A N -1 -5 125 78 265 140
N D 1 3 78 172 94 16
D Space -2 -1 172 125 125 -47
Space Y 3 -2 125 78 390 265
Y E 0 3 78 140 109 31
E T 0 -2 140 140 78 -62
T Space -3 1 140 109 889 749
Space D 2 1 109 78 484 375
D E 1 0 78 203 468 390
E A -1 2 203 156 109 -94
A T 1 -4 156 94 156 0
T H -1 -1 94 78 140 46
H Space -2 2 78 109 1124 1046
Space I 3 -4 109 94 202 93
I S -1 6 94 124 110 16
S Space -2 -2 124 125 93 -31
Space T 3 -1 125 93 172 47
T H -1 -1 93 16 249 156
H E 1 3 16 125 16 0
E Space -3 -1 125 109 94 -31
Space D 2 1 109 172 1263 1154
D E 1 0 172 94 125 -47
E S -1 1 94 109 250 156
S T 1 -3 109 109 187 78
T I 0 -3 109 109 156 47
I N -2 2 109 109 218 109
N A 1 5 109 78 141 32
A T 1 -4 78 94 171 93
T I 0 -3 94 187 94 0
I O 0 -1 187 110 93 -94
O N -2 3 110 109 219 109
N Space -1 2 109 109 265 156
Space W 3 2 109 187 328 219
W E 0 -1 187 140 109 -78
E Space -3 -1 140 110 93 -47
Space L 2 -5 110 94 250 140
L A 0 8 94 62 16 -78
A L 0 -8 62 109 140 78
L Back 2 -4 109 62 406 297
Back Back 0 0 62 110 124 62
Back Back 0 0 110 94 203 93
Back A -2 12 94 109 250 156
A L 0 -8 109 78 109 0
L L 0 0 78 93 125 47
L Space -2 5 93 125 187 94
Space S 2 2 125 93 328 203
S H 0 -4 93 62 312 219
H A 0 5 62 109 93 31
A R 1 -3 109 156 156 47
R E 0 1 156 125 94 -62
E OemPeriod -2 -6 125 78 1217 1092
OemPeriod Space -1 5 78 109 187 109
Space LShiftKey 1 4 109 234 187 78
LShiftKey N 0 -6 234 93 125 -109
N O 2 -3 93 94 265 172
O Space -3 5 94 125 421 327
Space O 3 -5 125 172 343 218
O N -2 3 172 93 110 -62
N E 2 3 93 187 109 16
E Space -3 -1 187 124 125 -62
Space H 2 -2 124 62 1076 952
H A 0 5 62 218 125 63
A S 0 -1 218 188 93 -125
S Space -2 -2 188 78 375 187
Space E 3 1 78 109 234 156
E V -2 -1 109 124 281 172
V E 2 1 124 218 234 110
E R 0 -1 218 171 156 -62
R Space -3 0 171 124 78 -93
Space B 1 -1 124 94 327 203
B E 2 2 94 78 141 47
E E 0 0 78 109 156 78
E Back 1 -10 109 78 795 686
Back Back 0 0 78 62 172 94
Back Back 0 0 62 78 140 78
Back Back 0 0 78 78 141 63
Back Space -4 9 78 140 655 577
Space E 3 1 140 94 265 125
E S -1 1 94 93 437 343
S C -1 -1 93 202 203 110
C A 1 2 202 141 124 -78
A P 1 -9 141 78 281 140
P E 0 7 78 141 109 31
E D -1 0 141 125 156 15
D Space -2 -1 125 141 1529 1404
Space I 3 -4 141 94 234 93
I T 0 3 94 78 156 62
T OemPeriod -2 -4 78 93 1030 952
OemPeriod Space -1 5 93 124 3245 3152
Space LShiftKey 1 4 124 281 249 125
LShiftKey A 1 -1 281 125 187 -94
A N -1 -5 125 94 281 156
N S 1 4 94 156 187 93
S Space -2 -2 156 125 141 -15
Space T 3 -1 125 47 234 109
T H -1 -1 47 78 140 93
H A 0 5 78 219 109 31
A T 1 -4 219 156 110 -109
T Space -3 1 156 125 93 -63
Space I 3 -4 125 62 765 640
I S -1 6 62 187 78 16
S Space -2 -2 187 141 124 -63
Space A 2 3 141 281 156 15
A S 0 -1 281 203 141 -140
S Space -2 -2 203 125 140 -63
Space I 3 -4 125 78 219 94
I T 0 3 78 156 140 62
T Space -3 1 156 125 109 -47
Space S 2 2 125 109 874 749
S H 0 -4 109 78 125 16
H O 1 -3 78 156 171 93
O U 0 2 156 78 94 -62
U L -1 -2 78 94 187 109
L D 0 6 94 172 47 -47
D Space -2 -1 172 110 140 -32
Space B 1 -1 110 94 156 46
B E 2 2 94 93 110 16
E Left -3 -8 93 1201 1248 1155
Left Left 0 0 1201 109 1419 218
Left Back 4 -2 109 109 593 484
Back D -2 10 109 109 187 78
D Right -2 -10 109 1529 671 562
Right Oemcomma 1 5 1529 78 7504 5975
Oemcomma Space -1 4 78 125 358 280
Space B 1 -1 125 94 328 203
B E 2 2 94 62 125 31
E C -2 0 62 187 218 156
C A 1 2 187 110 109 -78
A U 1 -6 110 94 156 46
U S -1 5 94 94 156 62
S E 1 -1 94 156 250 156
E Space -3 -1 156 141 109 -47
Space LShiftKey 1 4 141 250 889 748
LShiftKey D 1 -3 250 141 125 -125
D E 1 0 141 187 281 140
E A -1 2 187 156 94 -93
A H 0 -5 156 62 374 218
H Back 2 -7 62 124 406 344
Back T -1 8 124 62 156 32
T H -1 -1 62 94 140 78
H Space -2 2 94 93 281 187
Space I 3 -4 93 78 1029 936
I S -1 6 78 156 125 47
S Space -2 -2 156 125 109 -47
Space V 1 0 125 125 281 156
V E 2 1 125 171 250 125
E R 0 -1 171 125 93 -78
R Y 0 -2 125 94 281 156
Y Space -3 2 94 125 281 187
Space L 2 -5 125 109 1123 998
L I 1 1 109 62 219 110
I K -1 0 62 109 171 109
K E 1 5 109 109 156 47
E L -1 -6 109 78 172 63
L Y 1 3 78 110 171 93
Y Space -3 2 110 110 156 46
Space T 3 -1 110 94 905 795
T H -1 -1 94 78 125 31
H E 1 3 78 203 125 47
E Space -3 -1 203 109 140 -63
Space S 2 2 109 93 1701 1592
S I 1 -6 93 188 124 31
I N -2 2 188 93 110 -78
N G 1 1 93 94 561 468
G L 0 -4 94 78 125 31
L E 1 6 78 156 140 62
E Space -3 -1 156 125 94 -62
Space N 1 -2 125 46 328 203
N Back 3 -7 46 109 405 359
Back B -3 8 109 94 281 172
B E 2 2 94 140 125 31
E S -1 1 140 110 93 -47
S T 1 -3 110 171 266 156
T Space -3 1 171 94 124 -47
Space I 3 -4 94 187 406 312
I N -2 2 187 94 109 -78
N V 0 2 94 124 297 203
V E 2 1 124 125 202 78
E N -2 -3 125 78 156 31
N T 2 1 78 94 156 78
T I 0 -3 94 140 172 78
I O 0 -1 140 94 62 -78
O N -2 3 94 109 219 125
N Space -1 2 109 124 125 16
Space O 3 -5 124 62 140 16
O F -1 5 62 218 172 110
F Space -2 0 218 109 156 -62
Space LShiftKey 1 4 109 234 327 218
LShiftKey L 1 -9 234 93 94 -140
L I 1 1 93 63 296 203
I F -1 4 63 172 125 62
F E 1 1 172 141 109 -63
E OemPeriod -2 -6 141 47 265 124
OemPeriod Space -1 5 47 94 17644 17597
Space LShiftKey 1 4 94 390 468 374
LShiftKey I 2 -8 390 94 265 -125
I T 0 3 94 172 281 187
T Space -3 1 172 94 109 -63
Space I 3 -4 94 94 109 15
I S -1 6 94 203 141 47
S Space -2 -2 203 125 109 -94
Space LShiftKey 1 4 125 219 655 530
LShiftKey L 1 -9 219 63 109 -110
L I 1 1 63 78 250 187
I F -1 4 78 171 250 172
F E 1 1 171 125 93 -78
E Oem7 -1 -8 125 78 250 125
Oem7 S 0 9 78 156 203 125
S Space -2 -2 156 140 109 -47
Space C 1 1 140 78 1310 1170
C H 1 -3 78 62 141 63
H A 0 5 62 93 156 94
A N -1 -5 93 46 156 63
N G 1 1 46 187 156 110
G E 1 2 187 156 109 -78
E Space -3 -1 156 94 93 -63
Space A 2 3 94 93 219 125
A G 0 -4 93 141 296 203
G E 1 2 141 109 94 -47
E N -2 -3 109 78 109 0
N T 2 1 78 93 172 94
T OemPeriod -2 -4 93 46 3588 3495
OemPeriod Space -1 5 46 93 1326 1280
Space LShiftKey 1 4 93 249 343 250
LShiftKey I 2 -8 249 63 171 -78
I T 0 3 63 156 250 187
T Space -3 1 156 109 109 -47
Space C 1 1 109 124 375 266
C L 1 -6 124 78 202 78
L E 1 6 78 203 156 78
E A -1 2 203 187 94 -109
A R 1 -3 187 109 234 47
R S -1 2 109 187 203 94
S Space -2 -2 187 141 140 -47
Space O 3 -5 141 187 718 577
O U 0 2 187 110 93 -94
U T 0 2 110 141 125 15
T Space -3 1 141 125 109 -32
Space T 3 -1 125 93 219 94
T H -1 -1 93 93 125 32
H E 1 3 93 125 187 94
E Space -3 -1 125 125 78 -47
Space O 3 -5 125 78 577 452
O L -1 0 78 94 187 109
L D 0 6 94 171 172 78
D Space -2 -1 171 109 125 -46
Space T 3 -1 109 62 343 234
T O 0 -4 62 93 78 16
O Space -3 5 93 125 156 63
Space M 1 -3 125 78 140 15
M A 1 6 78 62 172 94
A K 0 -7 62 78 249 187
K E 1 5 78 172 156 78
E Space -3 -1 172 140 141 -31
Space W 3 2 140 171 1638 1498
W A -1 1 171 125 156 -15
A Y 1 -5 125 78 281 156
Y Space -3 2 78 110 124 46
Space F 2 0 110 109 250 140
F O 1 -5 109 109 125 16
O R 0 5 109 171 125 16
R Space -3 0 171 124 156 -15
Space T 3 -1 124 93 234 110
T H -1 -1 93 94 124 31
H E 1 3 94 156 125 31
E Space -3 -1 156 125 94 -62
Space N 1 -2 125 93 234 109
N E 2 3 93 156 203 110
E W 0 1 156 125 109 -47
W OemPeriod -2 -7 125 63 296 171
OemPeriod LShiftKey 0 9 63 109 2013 1950
LShiftKey Space -1 -4 109 78 1591 1482
Space LShiftKey 1 4 78 390 561 483
LShiftKey R 2 -4 390 93 266 -124
R I 0 -4 93 94 218 125
I G -1 3 94 94 109 15
G H 0 -1 94 109 141 47
H T 1 1 109 141 124 15
T Space -3 1 141 109 94 -47
Space N 1 -2 109 141 1544 1435
N O 2 -3 141 109 63 -78
O W 0 7 109 109 780 671
W Space -3 -2 109 109 125 16
Space T 3 -1 109 78 577 468
T H -1 -1 78 78 156 78
H E 1 3 78 156 187 109
E Space -3 -1 156 109 109 -47
Space N 1 -2 109 78 359 250
N E 2 3 78 156 312 234
E W 0 1 156 124 94 -62
W Space -3 -2 124 109 78 -46
Space I 3 -4 109 78 296 187
I S -1 6 78 188 374 296
S Space -2 -2 188 93 141 -47
Space Y 3 -2 93 78 265 172
Y O 0 -3 78 141 187 109
O U 0 2 141 109 63 -78
U R 0 3 109 78 124 15
R Back 1 -9 78 47 640 562
Back Space -4 9 47 47 3713 3666
Space Back 4 -9 47 78 624 577
Back Oemcomma -3 5 78 63 374 296
Oemcomma Space -1 4 63 109 156 93
Space B 1 -1 109 140 250 141
B U 2 -2 140 47 109 -31
U T 0 2 47 141 62 15
T Space -3 1 141 78 141 0
Space S 2 2 78 78 265 187
S O 1 -7 78 171 125 47
O M -2 2 171 94 93 -78
M E 2 4 94 93 110 16
E T 0 -2 93 47 280 187
T Back 1 -8 47 62 453 406
Back D -2 10 62 125 93 31
D A 0 2 125 125 63 -62
A Y 1 -5 125 63 296 171
Y Space -3 2 63 141 1638 1575
Space N 1 -2 141 125 328 187
N O 2 -3 125 62 78 -47
O T 0 4 62 156 78 16
T Space -3 1 156 78 109 -47
Space T 3 -1 78 47 187 109
T O 0 -4 47 94 187 140
O O 0 0 94 78 156 62
O Space -3 5 78 125 156 78
Space L 2 -5 125 78 328 203
L O 1 0 78 93 203 125
O N -2 3 93 93 203 110
N G 1 1 93 141 124 31
G Space -2 1 141 140 94 -47
Space F 2 0 140 93 905 765
F R 1 0 93 94 187 94
R O 0 -5 94 171 125 31
O M -2 2 171 109 109 -62
M Space -1 3 109 94 156 47
Space N 1 -2 94 156 1888 1794
N O 2 -3 156 124 78 -78
O W 0 7 124 78 109 -15
W Oemcomma -2 -6 78 78 1263 1185
Oemcomma Space -1 4 78 125 219 141
Space Y 3 -2 125 78 530 405
Y O 0 -3 78 156 187 109
O U 0 2 156 94 78 -78
U Space -3 3 94 109 110 16
Space W 3 2 109 78 265 156
W I 0 -6 78 78 109 31
I L -1 -1 78 63 218 140
L L 0 0 63 93 141 78
L Space -2 5 93 110 171 78
Space G 2 -1 110 78 656 546
G R 1 1 78 172 218 140
R A -1 3 172 141 109 -63
A D 0 -2 141 78 265 124
D U 1 -4 78 62 94 16
U A -1 6 62 78 156 94
A L 0 -8 78 47 203 125
L L 0 0 47 78 109 62
L Y 1 3 78 109 234 156
Y Space -3 2 109 109 1108 999
Space B 1 -1 109 94 436 327
B E 2 2 94 78 172 78
E C -2 0 78 125 234 156
C O 2 -6 125 187 250 125
O M -2 2 187 125 93 -94
M E 2 4 125 156 78 -47
E Space -3 -1 156 125 109 -47
Space T 3 -1 125 78 1061 936
T H -1 -1 78 62 141 63
H E 1 3 62 172 93 31
E Space -3 -1 172 78 125 -47
Space O 3 -5 78 63 187 109
O L -1 0 63 109 172 109
L D 0 6 109 171 156 47
D Space -2 -1 171 109 125 -46
Space A 2 3 109 63 748 639
A N -1 -5 63 94 78 15
N D 1 3 94 203 141 47
D Space -2 -1 203 125 156 -47
Space B 1 -1 125 94 265 140
B E 2 2 94 156 94 0
E Space -3 -1 156 141 124 -32
Space C 1 1 141 109 890 749
C L 1 -6 109 78 156 47
L E 1 6 78 171 156 78
E A -1 2 171 156 109 -62
A R 1 -3 156 140 187 31
R E 0 1 140 94 187 47
E D -1 0 94 187 234 140
D Space -2 -1 187 93 141 -46
Space A 2 3 93 93 265 172
A W 1 -1 93 125 234 141
W A -1 1 125 125 78 -47
A Y 1 -5 125 110 171 46
Y OemPeriod -2 -3 110 78 1170 1060
OemPeriod Space -1 5 78 62 328 250
Space LShiftKey 1 4 62 297 577 515
LShiftKey S 1 -2 297 124 188 -109
S O 1 -7 124 78 265 141
O R 0 5 78 109 109 31
R R 0 0 109 109 156 47
R Y 0 -2 109 156 281 172
Y Space -3 2 156 109 109 -47
Space T 3 -1 109 125 234 125
T O 0 -4 125 94 109 -16
O Space -3 5 94 125 156 62
Space B 1 -1 125 94 312 187
B E 2 2 94 156 141 47
E Space -3 -1 156 110 124 -32
Space S 2 2 110 47 515 405
S O 1 -7 47 47 78 31
O Space -3 5 47 110 265 218
Space D 2 1 110 109 1529 1419
D R 1 -1 109 156 250 141
R A -1 3 156 141 93 -63
A M -1 -6 141 109 172 31
M A 1 6 109 78 140 31
A T 1 -4 78 78 234 156
T I 0 -3 78 93 110 32
I C -2 5 93 94 171 78
C Oemcomma 0 -5 94 109 1092 998
Oemcomma Space -1 4 109 78 187 78
Space B 1 -1 78 156 297 219
B U 2 -2 156 110 93 -63
U T 0 2 110 125 94 -16
T Space -3 1 125 63 109 -16
Space I 3 -4 63 78 109 46
I T 0 3 78 203 141 63
T Space -3 1 203 109 156 -47
Space I 3 -4 109 78 359 250
I S -1 6 78 172 93 15
S Space -2 -2 172 109 125 -47
Space Q 3 3 109 93 1264 1155
Q U 0 -6 93 78 202 109
U I 0 -1 78 78 219 141
I T 0 3 78 172 171 93
T E 0 2 172 172 78 -94
E Space -3 -1 172 125 141 -31
Space T 3 -1 125 93 468 343
T R 0 1 93 109 203 110
R U 0 -3 109 63 171 62
U E 0 4 63 94 125 62
E OemPeriod -2 -6 94 78 296 202
OemPeriod Return 1 -3 78 78 1061 983
Return Return 0 0 78 78 172 94
Return LShiftKey -1 12 78 344 1887 1809
LShiftKey Y 2 -6 344 78 250 -94
Y O 0 -3 78 156 234 156
O R 0 5 156 188 140 -16
R Space -3 0 188 109 125 -63
Space Back 4 -9 109 172 593 484
Back Back 0 0 172 78 437 265
Back U -1 6 78 93 546 468
U R 0 3 93 156 125 32
R Space -3 0 156 93 109 -47
Space T 3 -1 93 62 733 640
T I 0 -3 62 156 156 94
I M -2 1 156 109 94 -62
M E 2 4 109 156 124 15
E Space -3 -1 156 124 110 -46
Space I 3 -4 124 62 218 94
I S -1 6 62 156 140 78
S Space -2 -2 156 93 110 -46
Space L 2 -5 93 94 280 187
L I 1 1 94 109 172 78
I M -2 1 109 187 250 141
M I 2 -1 187 110 124 -63
I T 0 3 110 172 125 15
T E 0 2 172 125 109 -63
E D -1 0 125 141 281 156
D M -1 -4 141 62 1139 998
M Back 3 -6 62 62 328 266
Back Oemcomma -3 5 62 78 234 172
Oemcomma Space -1 4 78 109 156 78
Space S 2 2 109 125 171 62
S O 1 -7 125 47 109 -16
O Space -3 5 47 109 718 671
Space D 2 1 109 109 359 250
D O 1 -6 109 140 125 16
O N -2 3 140 63 93 -47
N Oem7 1 -5 63 78 219 156
Oem7 T 1 6 78 156 187 109
T Space -3 1 156 109 109 -47
Space W 3 2 109 203 1232 1123
W A -1 1 203 172 125 -78
A S 0 -1 172 93 250 78
S T 1 -3 93 172 218 125
T E 0 2 172 172 109 -63
E Space -3 -1 172 109 141 -31
Space I 3 -4 109 78 1092 983
I T 0 3 78 156 125 47
T Space -3 1 156 93 109 -47
Space L 2 -5 93 63 218 125
L I 1 1 63 47 265 202
I V -2 4 47 109 203 156
V I 2 -4 109 156 172 63
I N -2 2 156 125 93 -63
N G 1 1 125 171 32 -93
G Space -2 1 171 125 124 -47
Space S 2 2 125 78 1248 1123
S O 1 -7 78 141 125 47
O M -2 2 141 78 78 -63
M E 2 4 78 93 94 16
E O 0 -6 93 187 234 141
O N -2 3 187 109 109 -78
N E 2 3 109 140 125 16
E Space -3 -1 140 125 93 -47
Space E 3 1 125 93 687 562
E L -1 -6 93 94 109 16
L S 0 7 94 94 421 327
S E 1 -1 94 94 187 93
E Oem7 -1 -8 94 94 593 499
Oem7 S 0 9 94 156 172 78
S Space -2 -2 156 125 93 -63
Space L 2 -5 125 156 1030 905
L I 1 1 156 62 125 -31
I F -1 4 62 156 125 63
F E 1 1 156 110 124 -32
E Space -3 -1 110 31 125 15
Space Back 4 -9 31 78 905 874
Back OemPeriod -3 4 78 78 452 374
OemPeriod Space -1 5 78 125 203 125
Space LShiftKey 1 4 125 562 1638 1513
LShiftKey D 1 -3 562 78 437 -125
D O 1 -6 78 156 281 203
O N -2 3 156 93 78 -78
N Oem7 1 -5 93 78 249 156
Oem7 T 1 6 78 125 156 78
T Space -3 1 125 94 94 -31
Space B 1 -1 94 78 1435 1341
B E 2 2 78 141 109 31
E Space -3 -1 141 109 94 -47
Space T 3 -1 109 78 234 125
T R 0 1 78 125 218 140
R A -1 3 125 156 172 47
A P 1 -9 156 78 203 47
P P 0 0 78 78 140 62
P E 0 7 78 203 94 16
E D -1 0 203 125 218 15
D Space -2 -1 125 125 156 31
Space B 1 -1 125 156 1591 1466
B Y 2 -1 156 94 94 -62
Y Space -3 2 94 93 125 31
Space D 2 1 93 78 281 188
D O 1 -6 78 93 78 0
O G -1 4 93 94 171 78
G M -1 -2 94 78 328 234
M A 1 6 78 78 187 109
A Space -2 -3 78 78 484 406
Space OemMinus 4 -7 78 78 296 218
OemMinus Space -4 7 78 125 234 156
Space W 3 2 125 94 546 421
W H -1 -4 94 171 172 78
H I 1 -2 171 109 109 -62
I C -2 5 109 78 93 -16
C H 1 -3 78 94 125 47
H Space -2 2 94 109 156 62
Space I 3 -4 109 62 5039 4930
I S -1 6 62 140 125 63
S Space -2 -2 140 125 93 -47
Space L 2 -5 125 171 1311 1186
L I 1 1 171 124 125 -46
I V -2 4 124 78 296 172
V I 2 -4 78 140 156 78
I N -2 2 140 93 94 -46
N G 1 1 93 202 78 -15
G Space -2 1 202 109 140 -62
Space W 3 2 109 109 421 312
W I 0 -6 109 94 203 94
I T 0 3 94 94 156 62
T H -1 -1 94 78 109 15
H Space -2 2 78 109 156 78
Space T 3 -1 109 94 1045 936
T H -1 -1 94 78 110 16
H E 1 3 78 187 156 78
E Space -3 -1 187 125 124 -63
Space R 3 0 125 171 890 765
R E 0 1 171 94 93 -78
E S -1 1 94 78 265 171
S U 1 -5 78 62 110 32
U L -1 -2 62 62 234 172
L T 1 4 62 156 171 109
T S -1 3 156 187 63 -93
S Space -2 -2 187 110 124 -63
Space O 3 -5 110 109 1139 1029
O F -1 5 109 172 265 156
F Space -2 0 172 125 141 -31
Space O 3 -5 125 109 218 93
O T 0 4 109 78 156 47
T H -1 -1 78 93 141 63
H E 1 3 93 156 156 63
E R 0 -1 156 156 78 -78
R Space -3 0 156 110 124 -32
Space P 3 -6 110 93 656 546
P E 0 7 93 94 218 125
E O 0 -6 94 47 109 15
O P 0 -1 47 187 156 109
P L -1 1 187 109 94 -93
L E 1 6 109 78 140 31
E Oem7 -1 -8 78 62 328 250
Oem7 S 0 9 62 141 249 187
S Space -2 -2 141 109 141 0
Space T 3 -1 109 94 717 608
T H -1 -1 94 78 141 47
H I 1 -2 78 156 156 78
I N -2 2 156 78 109 -47
N K 1 -2 78 94 218 140
K I 1 0 94 156 203 109
I N -2 2 156 94 109 -47
N G 1 1 94 140 141 47
G OemPeriod -1 -4 140 63 1544 1404
OemPeriod Space -1 5 63 109 312 249
Space LShiftKey 1 4 109 297 3541 3432
LShiftKey D 1 -3 297 125 156 -141
D O 1 -6 125 124 266 141
O N -2 3 124 78 62 -62
N Oem7 1 -5 78 94 218 140
Oem7 T 1 6 94 140 141 47
T Space -3 1 140 125 93 -47
Space L 2 -5 125 94 515 390
L E 1 6 94 156 125 31
E T 0 -2 156 171 94 -62
T Space -3 1 171 94 140 -31
Space T 3 -1 94 94 468 374
T H -1 -1 94 63 109 15
H E 1 3 63 188 109 46
E Space -3 -1 188 109 110 -78
Space N 1 -2 109 109 187 78
N O 2 -3 109 203 265 156
O I 0 1 203 109 94 -109
I S -1 6 109 78 93 -16
S E 1 -1 78 172 203 125
E Space -3 -1 172 109 187 15
Space O 3 -5 109 109 1794 1685
O F -1 5 109 187 219 110
F Space -2 0 187 109 109 -78
Space T 3 -1 109 63 218 109
T Back 1 -8 63 78 421 358
Back O -1 4 78 109 203 125
O T 0 4 109 94 187 78
T H -1 -1 94 94 156 62
H E 1 3 94 156 110 16
E R 0 -1 156 109 78 -78
R Oem7 -1 -7 109 47 343 234
Oem7 S 0 9 47 140 156 109
S Space -2 -2 140 125 93 -47
Space Back 4 -9 125 62 1545 1420
Back Back 0 0 62 62 156 94
Back Back 0 0 62 62 156 94
Back S -2 11 62 62 655 593
S Oem7 0 -9 62 78 499 437
Oem7 Space -2 7 78 141 234 156
Space O 3 -5 141 172 702 561
O P 0 -1 172 125 78 -94
P I 0 2 125 78 328 203
I N -2 2 78 78 608 530
N I 2 -2 78 94 187 109
I O 0 -1 94 187 250 156
O N -2 3 187 78 140 -47
N S 1 4 78 140 141 63
S Space -2 -2 140 124 125 -15
Space D 2 1 124 78 1825 1701
D R 1 -1 78 93 359 281
R O 0 -5 93 78 140 47
O N -2 3 78 78 296 218
N Back 3 -7 78 78 546 468
Back W -1 11 78 78 141 63
W N -2 -4 78 78 156 78
N Space -1 2 78 109 234 156
Space O 3 -5 109 187 624 515
O U 0 2 187 109 109 -78
U T 0 2 109 156 94 -15
T Space -3 1 156 125 93 -63
Space Y 3 -2 125 93 453 328
Y O 0 -3 93 187 156 63
O U 0 2 187 109 109 -78
U R 0 3 109 141 62 -47
R Space -3 0 141 110 109 -32
Space O 3 -5 110 78 1233 1123
O W 0 7 78 63 171 93
W N -2 -4 63 78 94 31
N Space -1 2 78 140 156 78
Space I 3 -4 140 93 359 219
I N -2 2 93 78 218 125
N N 0 0 78 78 125 47
N E 2 3 78 234 250 172
E R 0 -1 234 203 124 -110
R Space -3 0 203 140 141 -62
Space V 1 0 140 93 468 328
V O 2 -5 93 187 187 94
O I 0 1 187 125 78 -109
I C -2 5 125 202 172 47
C E 2 0 202 140 140 -62
E OemPeriod -2 -6 140 78 13884 13744
OemPeriod Space -1 5 78 94 546 468
Space LShiftKey 1 4 94 344 374 280
LShiftKey A 1 -1 344 140 188 -156
A N -1 -5 140 109 312 172
N D 1 3 109 172 93 -16
D Space -2 -1 172 109 156 -16
Space M 1 -3 109 156 359 250
M O 2 -2 156 109 78 -78
O S -1 7 109 93 125 16
S T 1 -3 93 140 203 110
T Space -3 1 140 124 78 -62
Space I 3 -4 124 187 374 250
I M -2 1 187 31 172 -15
M P 2 -3 31 172 452 421
P O 0 1 172 109 94 -78
O R 0 5 109 93 156 47
R T 0 -1 93 94 249 156
T A -1 4 94 109 172 78
A N -1 -5 109 63 140 31
N T 2 1 63 156 125 62
T Space -3 1 156 62 172 16
Space Back 4 -9 62 94 1341 1279
Back Oemcomma -3 5 94 109 266 172
Oemcomma Space -1 4 109 109 187 78
Space H 2 -2 109 78 234 125
H A 0 5 78 94 93 15
A V -1 -3 94 187 375 281
V E 2 1 187 188 93 -94
E Space -3 -1 188 124 110 -78
Space T 3 -1 124 78 452 328
T H -1 -1 78 78 140 62
H E 1 3 78 172 125 47
E Space -3 -1 172 125 94 -78
Space C 1 1 125 125 296 171
C O 2 -6 125 171 219 94
O U 0 2 171 109 93 -78
U R 0 3 109 125 203 94
R A -1 3 125 124 94 -31
A G 0 -4 124 172 202 78
G E 1 2 172 172 94 -78
E Space -3 -1 172 94 265 93
Space T 3 -1 94 109 1638 1544
T O 0 -4 109 78 141 32
O Space -3 5 78 124 156 78
Space F 2 0 124 124 624 500
F O 1 -5 124 63 124 0
O L -1 0 63 78 188 125
L L 0 0 78 78 124 46
L O 1 0 78 78 188 110
O W 0 7 78 171 109 31
W Space -3 -2 171 140 125 -46
Space Y 3 -2 140 94 561 421
Y O 0 -3 94 203 187 93
O U 0 2 203 125 94 -109
U R 0 3 125 156 78 -47
R Space -3 0 156 94 109 -47
Space H 2 -2 94 78 1576 1482
H E 1 3 78 125 140 62
E A -1 2 125 141 78 -47
A R 1 -3 141 62 203 62
R T 0 -1 62 156 218 156
T Space -3 1 156 109 94 -62
Space A 2 3 109 78 343 234
A N -1 -5 78 78 109 31
N D 1 3 78 156 141 63
D Space -2 -1 156 109 109 -47
Space I 3 -4 109 187 359 250
I N -2 2 187 125 78 -109
N T 2 1 125 93 234 109
T U 0 -2 93 172 249 156
U I 0 -1 172 109 110 -62
I T 0 3 109 78 218 109
T I 0 -3 78 171 94 16
I O 0 -1 171 93 109 -62
O N -2 3 93 93 203 110
N OemPeriod 0 -3 93 62 608 515
OemPeriod Space -1 5 62 93 172 110
Space LShiftKey 1 4 93 297 4336 4243
LShiftKey T 2 -5 297 141 156 -141
T H -1 -1 141 78 203 62
H E 1 3 78 94 78 0
E Y 0 -3 94 94 281 187
Y Space -3 2 94 140 78 -16
Space S 2 2 140 94 1092 952
S O 1 -7 94 187 172 78
O M -2 2 187 109 93 -94
M E 2 4 109 93 141 32
E H -1 -3 93 78 249 156
H O 1 -3 78 124 141 63
O W 0 7 124 156 140 16
W Space -3 -2 156 93 172 16
Space A 2 3 93 78 764 671
A L 0 -8 78 63 109 31
L R 1 5 63 156 172 109
R E 0 1 156 140 109 -47
E A -1 2 140 203 125 -15
A D 0 -2 203 125 171 -32
D Y 1 -3 125 156 375 250
Y Space -3 2 156 141 93 -63
Space K 2 -4 141 110 546 405
K N -1 2 110 172 312 202
N O 2 -3 172 124 110 -62
O E 0 6 124 125 140 16
E Space -3 -1 125 125 109 -16
Space Back 4 -9 125 62 687 562
Back Back 0 0 62 63 124 62
Back W -1 11 63 109 110 47
W Space -3 -2 109 94 93 -16
Space W 3 2 94 78 1420 1326
W H -1 -4 78 63 171 93
H A 0 5 63 156 110 47
A T 1 -4 156 156 93 -63
T Space -3 1 156 93 94 -62
Space Y 3 -2 93 15 2075 1982
Y O 0 -3 15 188 436 421
O U 0 2 188 93 110 -78
U Space -3 3 93 109 171 78
Space T 3 -1 109 109 546 437
T R 0 1 109 109 219 110
R U 0 -3 109 93 156 47
U L -1 -2 93 93 234 141
L Y 1 3 93 156 218 125
Y Space -3 2 156 109 94 -62
Space W 3 2 109 171 577 468
W A -1 1 171 125 78 -93
A N -1 -5 125 78 171 46
N T 2 1 78 172 125 47
T Space -3 1 172 94 109 -63
Space T 3 -1 94 94 156 62
T O 0 -4 94 93 110 16
O Space -3 5 93 109 156 63
Space B 1 -1 109 62 624 515
B E 2 2 62 110 124 62
E C -2 0 110 93 266 156
C O 2 -6 93 156 156 63
O M -2 2 156 109 78 -78
M E 2 4 109 62 109 0
E OemQuestion -2 -7 62 78 327 265
OemQuestion Back 3 -3 78 94 702 624
Back OemPeriod -3 4 94 78 500 406
OemPeriod Space -1 5 78 62 265 187
Space LShiftKey 1 4 62 374 577 515
LShiftKey E 2 -3 374 124 250 -124
E V -2 -1 124 156 312 188
V E 2 1 156 141 93 -63
E R 0 -1 141 93 250 109
R Y 0 -2 93 94 140 47
Y T 0 1 94 93 453 359
T H -1 -1 93 78 93 0
H I 1 -2 78 156 187 109
I N -2 2 156 109 94 -62
N G 1 1 109 187 156 47
G Space -2 1 187 109 125 -62
Space E 3 1 109 78 811 702
E L -1 -6 78 78 125 47
L S 0 7 78 93 156 78
S E 1 -1 93 156 249 156
E Space -3 -1 156 124 110 -46
Space I 3 -4 124 94 296 172
I S -1 6 94 140 172 78
S Space -2 -2 140 109 78 -62
Space S 2 2 109 78 374 265
S E 1 -1 78 78 187 109
E C -2 0 78 109 219 141
C O 2 -6 109 156 218 109
O N -2 3 156 78 109 -47
N D 1 3 78 125 234 156
D A 0 2 125 125 78 -47
A Y 1 -5 125 93 250 125
Y Back 1 -7 93 62 515 422
Back R -1 9 62 78 187 125
R Y 0 -2 78 94 249 171
Y OemPeriod -2 -3 94 62 328 234
OemPeriod Return 1 -3 62 31 10093 10031
Return Return 0 0 31 63 156 125
Return LShiftKey -1 12 63 265 609 546
LShiftKey S 1 -2 265 140 156 -109
S T 1 -3 140 94 280 140
T A -1 4 94 125 125 31
A Y 1 -5 125 109 281 156
Y Space -3 2 109 141 109 0
Space LShiftKey 1 4 141 202 687 546
LShiftKey H 1 -6 202 62 156 -46
H U 1 -1 62 141 249 187
U N -2 1 141 124 63 -78
N G 1 1 124 78 202 78
G R 1 1 78 109 219 141
R Y 0 -2 109 94 187 78
Y OemPeriod -2 -3 94 94 764 670
OemPeriod Space -1 5 94 78 188 94
Space LShiftKey 1 4 78 297 280 202
LShiftKey S 1 -2 297 124 188 -109
S T 1 -3 124 78 327 203
T A -1 4 78 124 141 63
A Y 1 -5 124 78 390 266
Y Space -3 2 78 109 187 109
Space LShiftKey 1 4 109 359 842 733
LShiftKey F 1 -4 359 93 250 -109
F O 1 -5 93 78 265 172
O O 0 0 78 94 156 78
O L -1 0 94 109 203 109
L I 1 1 109 125 265 156
I S -1 6 125 62 172 47
S H 0 -4 62 78 390 328
H OemPeriod -1 -3 78 78 1170 1092
OemPeriod Space -1 5 78 94 296 218
Space LShiftKey 1 4 94 250 312 218
LShiftKey T 2 -5 250 78 156 -94
T H -1 -1 78 93 406 328
H A 0 5 93 78 140 47
A N -1 -5 78 156 203 125
N K 1 -2 156 78 109 -47
K Space -2 4 78 93 328 250
Space Y 3 -2 93 78 920 827
Y O 0 -3 78 203 234 156
O U 0 2 203 124 94 -109
U Space -3 3 124 110 202 78
Space A 2 3 110 94 390 280
A L 0 -8 94 78 141 47
L L 0 0 78 63 140 62
L Space -2 5 63 125 203 140
Space V 1 0 125 78 1201 1076
V E 2 1 78 156 297 219
E R 0 -1 156 94 93 -63
R Y 0 -2 94 94 234 140
Y Space -3 2 94 93 219 125
Space M 1 -3 93 94 280 187
M U 2 0 94 94 234 140
U C -2 4 94 94 156 62
C H 1 -3 94 93 110 16
H OemPeriod -1 -3 93 63 592 499
OemPeriod S 1 7 63 125 45147 45084
