Return LShiftKey -1 12 110 234 30327 30217
LShiftKey W 2 -2 234 187 140 -94
W H -1 -4 187 109 203 16
H E 1 3 109 109 515 406
E N -2 -3 109 109 203 94
N Space -1 2 109 141 171 62
Space LShiftKey 1 4 141 234 281 140
LShiftKey I 2 -8 234 141 109 -125
I Space -3 4 141 141 156 15
Space W 3 2 141 140 141 0
W A -1 1 140 265 187 47
A S 0 -1 265 63 249 -16
S Space -2 -2 63 78 968 905
Space Oemcomma 1 -4 78 94 2620 2542
Oemcomma Space -1 4 94 109 172 78
Space LShiftKey 1 4 109 219 187 78
LShiftKey I 2 -8 219 93 141 -78
I Space -3 4 93 109 140 47
Space R 3 0 109 109 437 328
R E 0 1 109 94 187 78
E A -1 2 94 187 109 15
A D 0 -2 187 109 172 -15
D Space -2 -1 109 125 312 203
Space A 2 3 125 156 1029 904
A Space -2 -3 156 125 203 47
Space Q 3 3 125 140 843 718
Q U 0 -6 140 109 187 47
U O 0 -2 109 125 187 78
O T 0 4 125 125 296 171
T E 0 2 125 156 172 47
E Space -3 -1 156 140 312 156
Space T 3 -1 140 93 749 609
T H -1 -1 93 125 187 94
H A 0 5 125 156 140 15
A T 1 -4 156 93 141 -15
T Space -3 1 93 140 312 219
Space W 3 2 140 218 312 172
W E 0 -1 218 172 140 -78
E N -2 -3 172 124 375 203
N T 2 1 124 93 265 141
T Space -3 1 93 125 171 78
Space S 2 2 125 109 1186 1061
S O 1 -7 109 109 219 110
O M -2 2 109 140 187 78
M E 2 4 140 124 281 141
E T 0 -2 124 93 234 110
T H -1 -1 93 110 202 109
H I 1 -2 110 140 188 78
I N -2 2 140 125 202 62
N G 1 1 125 94 250 125
G Space -2 1 94 125 187 93
Space L 2 -5 125 93 843 718
L I 1 1 93 94 218 125
I K -1 0 94 109 203 109
K E 1 5 109 125 218 109
E RShiftKey -2 -8 125 234 952 827
RShiftKey Oem1 1 1 234 140 78 -156
Oem1 Space -2 6 140 125 109 -31
Space RShiftKey 1 -7 125 296 1763 1638
RShiftKey Oem7 1 0 296 125 140 -156
Oem7 RShiftKey -1 0 125 593 1279 1154
RShiftKey Oem7 1 0 593 125 453 -140
Oem7 Left -2 0 125 141 639 514
Left LShiftKey 1 11 141 265 905 764
LShiftKey I 2 -8 265 125 156 -109
I F -1 4 125 94 780 655
F Space -2 0 94 109 156 62
Space Y 3 -2 109 78 453 344
Y O 0 -3 78 141 202 124
O U 0 2 141 125 156 15
U Space -3 3 125 140 188 63
Space L 2 -5 140 94 1528 1388
L I 1 1 94 93 188 94
I V -2 4 93 109 655 562
V E 2 1 109 109 296 187
E Space -3 -1 109 125 125 16
Space E 3 1 125 141 265 140
E A -1 2 141 219 780 639
A C -1 -2 219 156 172 -47
C H 1 -3 156 94 577 421
H Space -2 2 94 94 1544 1450
Space D 2 1 94 171 890 796
D A 0 2 171 156 156 -15
A Y 1 -5 156 109 171 15
Y Space -3 2 109 109 203 94
Space Capital 2 4 109 234 1825 1716
Capital A 0 -1 234 172 187 -47
A Back 2 -12 172 109 921 749
Back A -2 12 109 359 780 671
A S 0 -1 359 172 218 -141
S Back 2 -11 172 109 609 437
Back Back 0 0 109 110 202 93
Back Capital -2 13 110 140 562 452
Capital A 0 -1 140 312 421 281
A S 0 -1 312 187 172 -140
S Space -2 -2 187 124 203 16
Space I 3 -4 124 140 140 16
I F -1 4 140 110 842 702
F Space -2 0 110 109 188 78
Space I 3 -4 109 94 2636 2527
I T 0 3 94 93 281 187
T Space -3 1 93 110 171 78
Space W 3 2 110 125 250 140
W A -1 1 125 250 218 93
A S 0 -1 250 156 141 -109
S Space -2 -2 156 109 125 -31
Space Y 3 -2 109 109 296 187
Y O 0 -3 109 140 250 141
O U 0 2 140 125 187 47
U R 0 3 125 141 249 124
R Space -3 0 141 156 125 -16
Space L 2 -5 156 140 952 796
L A 0 8 140 234 156 16
A S 0 -1 234 187 156 -78
S T 1 -3 187 109 203 16
T Oemcomma -2 -3 109 93 4446 4337
Oemcomma Space -1 4 93 125 202 109
Space S 2 2 125 109 1264 1139
S O 1 -7 109 109 156 47
O M -2 2 109 109 203 94
M E 2 4 109 93 156 47
E D -1 0 93 78 468 375
D A 0 2 78 141 140 62
A Y 1 -5 141 125 109 -32
Y Space -3 2 125 124 188 63
Space Y 3 -2 124 78 1060 936
Y O 0 -3 78 172 484 406
O U 0 2 172 94 218 46
U Oem7 -1 -4 94 94 749 655
Oem7 L 0 2 94 78 1389 1295
L L 0 0 78 78 156 78
L Space -2 5 78 124 156 78
Space M 1 -3 124 78 234 110
M O 2 -2 78 110 202 124
O S -1 7 110 125 234 124
S T 1 -3 125 110 156 31
T Space -3 1 110 124 188 78
Space C 1 1 124 109 936 812
C R 2 -1 109 78 234 125
R Back 1 -9 78 109 686 608
Back E -1 10 109 280 172 63
E R 0 -1 280 171 156 -124
R T 0 -1 171 93 234 63
T A -1 4 93 140 452 359
A I 1 -7 140 109 234 94
I N -2 2 109 109 234 125
N L 1 -3 109 109 250 141
L Y 1 3 109 110 2230 2121
Y Space -3 2 110 124 188 78
Space B 1 -1 124 125 577 453
B R 2 1 125 156 187 62
R Back 1 -9 156 125 780 624
Back E -1 10 125 156 156 31
E Space -3 -1 156 125 203 47
Space R 3 0 125 109 858 733
R I 0 -4 109 94 561 452
I G -1 3 94 78 468 374
G H 0 -1 78 78 156 78
H T 1 1 78 94 172 94
T Right -3 -8 94 125 1045 951
Right OemPeriod 1 4 125 94 889 764
OemPeriod Space -1 5 94 94 624 530
Space LShiftKey 1 4 94 296 344 250
LShiftKey I 2 -8 296 109 171 -125
I T 0 3 109 109 250 141
T Space -3 1 109 94 187 78
Space M 1 -3 94 125 515 421
M A 1 6 125 234 109 -16
A D 0 -2 234 156 374 140
D E 1 0 156 156 250 94
E Space -3 -1 156 125 140 -16
Space A 2 3 125 187 172 47
A N -1 -5 187 124 172 -15
N Space -1 2 124 141 202 78
Space I 3 -4 141 94 1716 1575
I M -2 1 94 109 203 109
M P 2 -3 109 140 359 250
P R 0 6 140 109 421 281
R E 0 1 109 141 156 47
E S -1 1 141 93 297 156
S S 0 0 93 109 187 94
S I 1 -6 109 125 93 -16
I O 0 -1 125 140 141 16
O N -2 3 140 109 234 94
N Space -1 2 109 140 125 16
Space I 3 -4 140 47 187 47
I Back 1 -5 47 109 998 951
Back O -1 4 109 109 593 484
O M -2 2 109 109 187 78
M Back 3 -6 109 141 421 312
Back N -3 7 141 94 328 187
N Space -1 2 94 125 156 62
Space M 1 -3 125 125 187 62
M E 2 4 125 110 265 140
E Oemcomma -2 -5 110 94 2309 2199
Oemcomma Space -1 4 94 125 187 93
Space A 2 3 125 156 203 78
A N -1 -5 156 124 297 141
N D 1 3 124 125 171 47
D Space -2 -1 125 141 156 31
Space S 2 2 141 141 234 93
S I 1 -6 141 109 203 62
I N -2 2 109 109 203 94
N C 0 3 109 125 327 218
C E 2 0 125 141 203 78
E Space -3 -1 141 156 219 78
Space T 3 -1 156 93 1014 858
T H -1 -1 93 125 187 94
H E 1 3 125 125 171 46
E N -2 -3 125 125 390 265
N Oemcomma 0 -2 125 140 1654 1529
Oemcomma Space -1 4 140 125 203 63
Space F 2 0 125 141 530 405
F O 1 -5 141 140 172 31
O R 0 5 140 140 156 16
R Space -3 0 140 140 125 -15
Space T 3 -1 140 125 218 78
T H -1 -1 125 125 203 78
H E 1 3 125 141 327 202
E Space -3 -1 141 125 172 31
Space L 2 -5 125 124 406 281
L A 0 8 124 250 140 16
A S 0 -1 250 172 140 -110
S T 1 -3 172 141 203 31
T Space -3 1 141 125 250 109
Space D3 4 1 125 109 2699 2574
D3 D3 0 0 109 125 187 78
D3 Space -4 -1 125 172 187 62
Space Y 3 -2 172 94 1700 1528
Y E 0 3 94 94 281 187
E A -1 2 94 172 125 31
A R 1 -3 172 109 234 62
R S -1 2 109 140 203 94
S Oemcomma -1 -6 140 93 1482 1342
Oemcomma Space -1 4 93 109 156 63
Space LShiftKey 1 4 109 188 249 140
LShiftKey I 2 -8 188 109 110 -78
I Space -3 4 109 125 124 15
Space H 2 -2 125 124 188 63
H A 0 5 124 140 156 32
A V -1 -3 140 109 187 47
V E 2 1 109 172 171 62
E Space -3 -1 172 140 219 47
Space L 2 -5 140 93 1451 1311
L O 1 0 93 78 280 187
O O 0 0 78 109 141 63
O K -1 1 109 125 171 62
K E 1 5 125 156 94 -31
E D -1 0 156 141 187 31
D Space -2 -1 141 172 281 140
Space I 3 -4 172 93 952 780
I N -2 2 93 125 187 94
N Space -1 2 125 109 156 31
Space T 3 -1 109 110 249 140
T H -1 -1 110 125 203 93
H E 1 3 125 140 125 0
E Space -3 -1 140 125 125 -15
Space M 1 -3 125 125 249 124
M I 2 -1 125 94 983 858
I R 0 4 94 78 203 109
R R 0 0 78 124 172 94
R O 0 -5 124 125 171 47
O R 0 5 125 140 172 47
R Space -3 0 140 125 1310 1170
Space E 3 1 125 141 156 31
E V -2 -1 141 93 219 78
V E 2 1 93 141 124 31
E R 0 -1 141 78 203 62
R Y 0 -2 78 109 312 234
Y Space -3 2 109 140 172 63
Space M 1 -3 140 109 281 141
M O 2 -2 109 125 218 109
O R 0 5 125 125 234 109
R N -2 -2 125 124 328 203
N I 2 -2 124 125 202 78
I N -2 2 125 125 172 47
N G 1 1 125 110 296 171
G Space -2 1 110 141 1373 1263
Space A 2 3 141 172 265 124
A N -1 -5 172 140 219 47
N D 1 3 140 125 171 31
D Space -2 -1 125 110 156 31
Space A 2 3 110 250 125 15
A S 0 -1 250 172 187 -63
S K 0 -6 172 109 328 156
K E 1 5 109 141 187 78
E D -1 0 141 141 156 15
D Space -2 -1 141 125 156 15
Space M 1 -3 125 109 312 187
M Y 2 1 109 110 343 234
Y S -1 4 110 140 453 343
S E 1 -1 140 125 608 468
E L -1 -6 125 109 156 31
L F 0 5 109 93 609 500
F RShiftKey -1 -7 93 281 1575 1482
RShiftKey Oem1 1 1 281 141 156 -125
Oem1 Space -2 6 141 141 1123 982
Space RShiftKey 1 -7 141 718 156 15
RShiftKey Oem7 1 0 718 125 203 -515
Oem7 Oem7 0 0 125 78 359 234
Oem7 Left -2 0 78 125 1154 1076
Left Capital 2 11 125 344 624 499
Capital I 1 -8 344 94 234 -110
I F -1 4 94 93 344 250
F Space -2 0 93 94 171 78
Space T 3 -1 94 78 281 187
T O 0 -4 78 109 437 359
O D -1 6 109 188 171 62
D A 0 2 188 172 172 -16
A Y 1 -5 172 109 125 -47
Y Space -3 2 109 125 1045 936
Space W 3 2 125 187 312 187
W E 0 -1 187 265 141 -46
E R 0 -1 265 171 265 0
R E 0 1 171 172 140 -31
E Space -3 -1 172 140 297 125
Space T 3 -1 140 110 436 296
T H -1 -1 110 125 219 109
H E 1 3 125 156 93 -32
E Space -3 -1 156 109 172 16
Space L 2 -5 109 156 421 312
L A 0 8 156 281 125 -31
A S 0 -1 281 203 187 -94
S T 1 -3 203 141 187 -16
T Space -3 1 141 141 203 62
Space D 2 1 141 78 811 670
D A 0 2 78 171 141 63
A Y 1 -5 171 125 265 94
Y Space -3 2 125 109 156 31
Space O 3 -5 109 125 359 250
O F -1 5 125 125 218 93
F Space -2 0 125 124 141 16
Space M 1 -3 124 109 218 94
M Y 2 1 109 94 296 187
Y Space -3 2 94 110 156 62
Space L 2 -5 110 109 359 249
L I 1 1 109 125 203 94
I F -1 4 125 93 484 359
F E 1 1 93 140 140 47
E Oemcomma -2 -5 140 109 1669 1529
Oemcomma Space -1 4 109 125 172 63
Space W 3 2 125 141 296 171
W O 0 -7 141 125 156 15
O U 0 2 125 94 624 499
U L -1 -2 94 125 234 140
L D 0 6 125 141 156 31
D Space -2 -1 141 125 125 -16
Space LShiftKey 1 4 125 234 218 93
LShiftKey I 2 -8 234 110 156 -78
I Space -3 4 110 125 156 46
Space W 3 2 125 110 234 109
W A -1 1 110 187 188 78
A N -1 -5 187 140 218 31
N T 2 1 140 172 343 203
T Space -3 1 172 156 967 795
Space T 3 -1 156 125 640 484
T O 0 -4 125 109 156 31
O Space -3 5 109 124 172 63
Space D 2 1 124 140 3775 3651
D O 1 -6 140 125 171 31
O Capital -1 9 125 156 749 624
Capital Space -2 -4 156 125 406 250
Space Left 0 -7 125 811 4555 4430
Left Left 0 0 811 110 1622 811
Left Back 4 -2 110 109 905 795
Back LShiftKey -3 13 109 328 343 234
LShiftKey I 2 -8 328 78 219 -109
I Right -3 -5 78 858 858 780
Right Right 0 0 858 140 1045 187
Right Back 4 0 140 93 952 812
Back Space -4 9 93 156 2964 2871
Space W 3 2 156 140 842 686
W H -1 -4 140 93 203 63
H A 0 5 93 171 125 32
A T 1 -4 171 94 140 -31
T Space -3 1 94 125 156 62
Space LShiftKey 1 4 125 250 187 62
LShiftKey I 2 -8 250 140 141 -109
I Space -3 4 140 109 156 16
Space A 2 3 109 250 124 15
A M -1 -6 250 156 281 31
M Space -1 3 156 124 219 63
Space A 2 3 124 140 1232 1108
A B -1 -4 140 93 437 297
B O 2 -4 93 94 561 468
O U 0 2 94 93 422 328
U T 0 2 93 140 140 47
T Space -3 1 140 94 156 16
Space T 3 -1 94 156 234 140
T O 0 -4 156 125 125 -31
O Space -3 5 125 125 187 62
Space D 2 1 125 94 1825 1700
D O 1 -6 94 109 125 31
O Space -3 5 109 109 172 63
Space T 3 -1 109 78 530 421
T O 0 -4 78 94 499 421
O D -1 6 94 156 141 47
D A 0 2 156 171 78 -78
A Y 1 -5 171 94 140 -31
Y RShiftKey -2 -5 94 437 2231 2137
RShiftKey OemQuestion 0 1 437 140 343 -94
OemQuestion Back 3 -3 140 78 11372 11232
Back RShiftKey -3 2 78 780 328 250
RShiftKey I 2 3 780 110 608 -172
I Space -3 4 110 109 5180 5070
Space LShiftKey 1 4 109 234 280 171
LShiftKey A 1 -1 234 156 156 -78
A N -1 -5 156 109 219 63
N D 1 3 109 124 203 94
D Space -2 -1 124 140 156 32
Space W 3 2 140 140 1310 1170
W H -1 -4 140 94 156 16
H E 1 3 94 156 156 62
E N -2 -3 156 109 250 94
N E 2 3 109 125 202 93
E V -2 -1 125 78 624 499
V E 2 1 78 234 141 63
E R 0 -1 234 156 187 -47
R Space -3 0 156 125 312 156
Space T 3 -1 125 93 640 515
T H -1 -1 93 125 187 94
H E 1 3 125 109 203 78
E Space -3 -1 109 125 140 31
Space A 2 3 125 156 172 47
A N -1 -5 156 94 358 202
N S 1 4 94 140 188 94
S W 1 0 140 249 811 671
W E 0 -1 249 265 140 -109
E R 0 -1 265 172 156 -109
R Space -3 0 172 94 1685 1513
Space H 2 -2 94 94 499 405
H A 0 5 94 234 141 47
A S 0 -1 234 156 187 -47
S Space -2 -2 156 125 187 31
Space B 1 -1 125 93 359 234
B E 2 2 93 125 218 125
E E 0 0 125 125 187 62
E N -2 -3 125 125 172 47
N Space -1 2 125 141 187 62
Space RShiftKey 1 -7 141 484 889 748
RShiftKey Oem7 1 0 484 109 125 -359
Oem7 Oem7 0 0 109 110 187 78
Oem7 Left -2 0 110 140 968 858
Left Left 0 0 140 110 1372 1232
Left LShiftKey 1 11 110 390 3854 3744
LShiftKey N 0 -6 390 78 265 -125
N O 2 -3 78 94 327 249
O Right -3 -4 94 141 858 764
Right Space 0 9 141 140 250 109
Space F 2 0 140 140 1732 1592
F O 1 -5 140 141 202 62
O R 0 5 141 172 125 -16
R Space -3 0 172 125 156 -16
Space T 3 -1 125 78 312 187
T O 0 -4 78 94 390 312
O O 0 0 94 218 125 31
O Space -3 5 218 109 1123 905
Space M 1 -3 109 94 203 94
M A 1 6 94 171 125 31
A B -1 -4 171 62 234 63
B Back 3 -8 62 110 639 577
Back N -3 7 110 78 312 202
N Y 2 0 78 94 250 172
Y Space -3 2 94 125 187 93
Space D 2 1 125 93 1857 1732
D A 0 2 93 172 171 78
A Y 1 -5 172 78 359 187
Y S -1 4 78 140 125 47
S Space -2 -2 140 94 187 47
Space I 3 -4 94 125 265 171
I N -2 2 125 94 234 109
N Space -1 2 94 125 172 78
Space A 2 3 125 187 125 0
A Space -2 -3 187 156 171 -16
Space R 3 0 156 125 343 187
R O 0 -5 125 140 422 297
O W 0 7 140 156 327 187
W OemPeriod -2 -7 156 125 1248 1092
OemPeriod Back 3 -4 125 93 562 437
Back Oemcomma -3 5 93 110 249 156
Oemcomma Space -1 4 110 125 172 62
Space LShiftKey 1 4 125 234 140 15
LShiftKey I 2 -8 234 94 156 -78
I Space -3 4 94 140 141 47
Space K 2 -4 140 110 1653 1513
K N -1 2 110 93 188 78
N O 2 -3 93 109 218 125
O W 0 7 109 125 187 78
W Space -3 -2 125 140 172 47
Space LShiftKey 1 4 140 343 218 78
LShiftKey I 2 -8 343 125 265 -78
I Space -3 4 125 141 156 31
Space N 1 -2 141 93 219 78
N E 2 3 93 93 234 141
E E 0 0 93 140 187 94
E D -1 0 140 156 156 16
D Space -2 -1 156 156 250 94
Space T 3 -1 156 141 826 670
T O 0 -4 141 125 172 31
O Space -3 5 125 140 172 47
Space C 1 1 140 109 265 125
C H 1 -3 109 109 156 47
H A 0 5 109 171 156 47
A N -1 -5 171 94 187 16
N G 1 1 94 93 281 187
G E 1 2 93 156 125 32
E Space -3 -1 156 156 171 15
Space S 2 2 156 109 702 546
S O 1 -7 109 109 203 94
O M -2 2 109 125 218 109
M E 2 4 125 125 281 156
E T 0 -2 125 94 312 187
T H -1 -1 94 125 187 93
H I 1 -2 125 140 188 63
I N -2 2 140 110 202 62
N G 1 1 110 109 250 140
G OemPeriod -1 -4 109 78 780 671
OemPeriod Return 1 -3 78 78 1030 952
Return LShiftKey -1 12 78 499 1856 1778
LShiftKey R 2 -4 499 140 437 -62
R E 0 1 140 187 281 141
E M -2 -4 187 124 312 125
M E 2 4 124 156 187 63
E B -2 -2 156 109 421 265
B E 2 2 109 203 515 406
E R 0 -1 203 140 156 -47
R I 0 -4 140 109 187 47
I N -2 2 109 110 218 109
N G 1 1 110 141 203 93
G Space -2 1 141 172 203 62
Space T 3 -1 172 93 905 733
T H -1 -1 93 109 203 110
H A 0 5 109 141 124 15
A T 1 -4 141 94 125 -16
T Space -3 1 94 109 156 62
Space LShiftKey 1 4 109 312 297 188
LShiftKey I 2 -8 312 78 234 -78
I Oem7 -1 -3 78 94 452 374
Oem7 L 0 2 94 62 983 889
L L 0 0 62 78 156 94
L Space -2 5 78 109 203 125
Space B 1 -1 109 94 764 655
B E 2 2 94 109 281 187
E Space -3 -1 109 156 125 16
Space D 2 1 156 172 171 15
D E 1 0 172 172 125 -47
E A -1 2 172 234 234 62
A D 0 -2 234 94 1123 889
D Space -2 -1 94 125 172 78
Space S 2 2 125 93 905 780
S O 1 -7 93 78 312 219
O O 0 0 78 78 171 93
O N -2 3 78 93 2013 1935
N M 0 -1 93 78 4149 4056
M Space -1 3 78 94 7301 7223
Space I 3 -4 94 109 609 515
I S -1 6 109 124 156 47
S Space -2 -2 124 125 109 -15
Space T 3 -1 125 109 218 93
T H -1 -1 109 125 203 94
H E 1 3 125 124 94 -31
E Space -3 -1 124 140 140 16
Space M 1 -3 140 125 234 94
M O 2 -2 125 94 218 93
O S -1 7 94 125 219 125
S T 1 -3 125 109 203 78
T Space -3 1 109 94 202 93
Space I 3 -4 94 93 1124 1030
I M -2 1 93 78 202 109
M P 2 -3 78 125 328 250
P O 0 1 125 93 172 47
O R 0 5 93 109 374 281
R T 0 -1 109 94 374 265
T A -1 4 94 124 188 94
A N -1 -5 124 94 171 47
N T 2 1 94 93 250 156
T Space -3 1 93 109 187 94
Space T 3 -1 109 78 328 219
T O 0 -4 78 62 390 312
O O 0 0 62 78 140 78
O L -1 0 78 109 250 172
L Space -2 5 109 93 1326 1217
Space LShiftKey 1 4 93 1138 312 219
LShiftKey I 2 -8 1138 78 1014 -124
I Oem7 -1 -3 78 94 374 296
Oem7 V -1 7 94 93 1186 1092
V E 2 1 93 156 109 16
E Space -3 -1 156 109 187 31
Space E 3 1 109 125 10374 10265
E V -2 -1 125 124 172 47
V E 2 1 124 125 124 0
E R 0 -1 125 110 156 31
R Space -3 0 110 124 188 78
Space E 3 1 124 140 218 94
E N -2 -3 140 78 343 203
N C 0 3 78 109 1997 1919
C O 2 -6 109 125 125 16
O U 0 2 125 124 203 78
U N -2 1 124 93 343 219
N T 2 1 93 110 327 234
T E 0 2 110 172 172 62
E R 0 -1 172 93 203 31
R E 0 1 93 156 125 32
E D -1 0 156 171 312 156
D Space -2 -1 171 125 608 437
Space T 3 -1 125 156 655 530
T O 0 -4 156 140 125 -31
O Space -3 5 140 140 156 16
Space H 2 -2 140 109 203 63
H E 1 3 109 125 218 109
E L -1 -6 125 78 265 140
L P 1 -1 78 109 203 125
P Space -3 6 109 140 203 94
Space M 1 -3 140 125 780 640
M E 2 4 125 125 140 15
E Space -3 -1 125 109 141 16
Space M 1 -3 109 109 187 78
M A 1 6 109 218 94 -15
A K 0 -7 218 109 234 16
K E 1 5 109 124 234 125
E Space -3 -1 124 156 249 125
Space T 3 -1 156 94 967 811
T H -1 -1 94 94 203 109
H E 1 3 94 141 109 15
E Space -3 -1 141 93 141 0
Space B 1 -1 93 94 218 125
B I 2 -3 94 109 359 265
I G -1 3 109 109 281 172
G Space -2 1 109 125 218 109
Space C 1 1 125 94 1139 1014
C H 1 -3 94 93 203 109
H O 1 -3 93 124 281 188
O I 0 1 124 94 171 47
I C -2 5 94 78 359 265
C E 2 0 78 156 156 78
E S -1 1 156 140 281 125
S Space -2 -2 140 110 171 31
Space I 3 -4 110 125 172 62
I N -2 2 125 109 250 125
N Space -1 2 109 93 187 78
Space L 2 -5 93 156 187 94
L I 1 1 156 140 281 125
I F -1 4 140 125 1170 1030
F E 1 1 125 124 203 78
E OemPeriod -2 -6 124 93 1014 890
OemPeriod Space -1 5 93 125 171 78
Space LShiftKey 1 4 125 359 156 31
LShiftKey B 0 -5 359 109 250 -109
B E 2 2 109 125 343 234
E C -2 0 125 78 452 327
C A 1 2 78 156 125 47
A U 1 -6 156 125 359 203
U S -1 5 125 141 374 249
S E 1 -1 141 156 188 47
E Space -3 -1 156 109 967 811
Space A 2 3 109 156 187 78
A L 0 -8 156 93 328 172
L M -1 2 93 109 327 234
M O 2 -2 109 125 203 94
O S -1 7 125 109 468 343
S T 1 -3 109 93 125 16
T Space -3 1 93 110 171 78
Space E 3 1 110 125 359 249
E V -2 -1 125 93 219 94
V E 2 1 93 141 124 31
E R 0 -1 141 94 250 109
R Y 0 -2 94 124 250 156
Y T 0 1 124 94 249 125
T H -1 -1 94 94 203 109
H I 1 -2 94 109 187 93
I N -2 2 109 125 203 94
N G 1 1 125 94 296 171
G Space -2 1 94 140 219 125
Space Oemplus 4 -8 140 94 1201 1061
Oemplus Back 0 -1 94 125 530 436
Back OemMinus 0 2 125 78 250 125
OemMinus Space -4 7 78 140 172 94
Space A 2 3 140 156 530 390
A L 0 -8 156 94 296 140
L L 0 0 94 109 172 78
L Space -2 5 109 125 234 125
Space E 3 1 125 125 1232 1107
E X -2 1 125 94 718 593
X T 2 -3 94 125 218 124
T E 0 2 125 234 266 141
E R 0 -1 234 156 156 -78
R N -2 -2 156 94 249 93
N A 1 5 94 171 141 47
A L 0 -8 171 109 187 16
L Space -2 5 109 156 140 31
Space E 3 1 156 140 281 125
E X -2 1 140 141 764 624
X P 2 -8 141 109 562 421
P E 0 7 109 140 156 47
E C -2 0 140 125 218 78
C T 2 -2 125 110 234 109
T A -1 4 110 172 156 46
A T 1 -4 172 94 203 31
T I 0 -3 94 78 375 281
I O 0 -1 78 78 171 93
O N -2 3 78 94 187 109
N S 1 4 94 125 1498 1404
S Oemcomma -1 -6 125 109 312 187
Oemcomma Space -1 4 109 125 203 94
Space A 2 3 125 109 218 93
A L 0 -8 109 78 297 188
L L 0 0 78 109 140 62
L Space -2 5 109 125 156 47
Space P 3 -6 125 140 156 31
P R 0 6 140 125 374 234
R I 0 -4 125 109 203 78
I D -1 5 109 171 250 141
D E 1 0 171 171 125 -46
E Oemcomma -2 -5 171 109 889 718
Oemcomma Space -1 4 109 125 218 109
Space A 2 3 125 171 219 94
A L 0 -8 171 78 296 125
L L 0 0 78 94 156 78
L Space -2 5 94 141 140 46
Space F 2 0 141 171 188 47
F E 1 1 171 140 312 141
E A -1 2 140 140 218 78
A R 1 -3 140 125 203 63
R Space -3 0 125 125 795 670
Space O 3 -5 125 125 234 109
O F -1 5 125 156 484 359
F Space -2 0 156 140 749 593
Space T 3 -1 140 94 374 234
T H -1 -1 94 110 187 93
H E 1 3 110 156 94 -16
E Space -3 -1 156 125 156 0
Space B 1 -1 125 94 218 93
B I 2 -3 94 110 234 140
I G -1 3 110 125 515 405
G Space -2 1 125 125 172 47
Space C 1 1 125 124 437 312
C H 1 -3 124 94 202 78
H O 1 -3 94 141 281 187
O I 0 1 141 140 219 78
I C -2 5 140 124 234 94
C E 2 0 124 125 187 63
E S -1 1 125 156 249 124
S Space -2 -2 156 125 1935 1779
Space I 3 -4 125 110 249 124
I N -2 2 110 109 203 93
N Space -1 2 109 141 156 47
Space L 2 -5 141 109 219 78
L I 1 1 109 124 234 125
I F -1 4 124 109 795 671
F E 1 1 109 125 328 219
E OemPeriod -2 -6 125 93 827 702
OemPeriod Space -1 5 93 140 187 94
Space LShiftKey 1 4 140 328 140 0
LShiftKey B 0 -5 328 125 187 -141
B E 2 2 125 172 281 156
E C -2 0 172 93 375 203
C A 1 2 93 156 140 47
A U 1 -6 156 109 499 343
U S -1 5 109 187 172 63
S E 1 -1 187 187 156 -31
E Space -3 -1 187 140 1529 1342
Space A 2 3 140 141 280 140
A L 0 -8 141 109 219 78
L M -1 2 109 94 343 234
M O 2 -2 94 125 187 93
O S -1 7 125 109 390 265
S T 1 -3 109 94 125 16
T Space -3 1 94 94 156 62
Space E 3 1 94 141 265 171
E V -2 -1 141 109 234 93
V E 2 1 109 124 141 32
E R 0 -1 124 94 202 78
R Y 0 -2 94 94 250 156
Y T 0 1 94 78 218 124
T H -1 -1 78 109 188 110
H I 1 -2 109 109 171 62
I N -2 2 109 125 187 78
N G 1 1 125 93 266 141
G Space -2 1 93 156 202 109
Space Back 4 -9 156 2559 24040 23884
Back Back 0 0 2559 78 2715 156
Back Back 0 0 78 62 187 109
Back Back 0 0 62 78 156 94
Back Back 0 0 78 78 187 109
Back Back 0 0 78 78 172 94
Back Back 0 0 78 63 202 124
Back Back 0 0 63 78 156 93
Back Back 0 0 78 109 172 94
Back Back 0 0 109 78 218 109
Back Back 0 0 78 93 188 110
Back Back 0 0 93 94 171 78
Back Back 0 0 94 94 2543 2449
Back Back 0 0 94 78 515 421
Back E -1 10 78 124 749 671
E M -2 -4 124 94 218 94
M B 0 2 94 78 296 202
B A 1 4 78 156 141 63
A R 1 -3 156 31 1076 920
R R 0 0 31 78 125 94
R A -1 3 78 125 281 203
A S 0 -1 125 125 265 140
S M -1 -5 125 78 608 483
M E 2 4 78 140 141 63
E N -2 -3 140 63 140 0
N T 2 1 63 94 234 171
T Space -3 1 94 110 187 93
Space O 3 -5 110 109 1139 1029
O R 0 5 109 93 375 266
R Space -3 0 93 125 171 78
Space F 2 0 125 78 156 31
F A 0 3 78 156 125 47
A I 1 -7 156 93 250 94
I L -1 -1 93 93 187 94
L U 1 2 93 78 499 406
U R 0 3 78 171 203 125
R E 0 1 171 156 156 -15
E Space -3 -1 156 140 1669 1513
Space OemMinus 4 -7 140 93 203 63
OemMinus Space -4 7 93 124 125 32
Space T 3 -1 124 93 468 344
T H -1 -1 93 93 187 94
H E 1 3 93 156 156 63
E Y 0 -3 156 93 234 78
Y Space -3 2 93 110 171 78
Space F 2 0 110 78 656 546
F Back 2 -9 78 125 530 452
Back J -2 6 125 78 437 312
J U 1 0 78 93 156 78
U S -1 5 93 140 234 141
S T 1 -3 140 110 171 31
T Space -3 1 110 109 188 78
Space F 2 0 109 78 1482 1373
F A 0 3 78 124 156 78
A L 0 -8 124 78 280 156
L L 0 0 78 78 156 78
L Space -2 5 78 156 110 32
Space A 2 3 156 125 171 15
A W 1 -1 125 140 297 172
W A -1 1 140 156 218 78
A Y 1 -5 156 109 172 16
Y Space -3 2 109 109 249 140
Space I 3 -4 109 93 2871 2762
I N -2 2 93 78 202 109
N Space -1 2 78 110 156 78
Space T 3 -1 110 109 219 109
T H -1 -1 109 109 187 78
H E 1 3 109 141 140 31
E Space -3 -1 141 124 110 -31
Space F 2 0 124 78 280 156
F A 0 3 78 140 110 32
A C -1 -2 140 78 202 62
C E 2 0 78 156 94 16
E Space -3 -1 156 93 172 16
Space O 3 -5 93 125 686 593
O F -1 5 125 125 234 109
F Space -2 0 125 156 250 125
Space D 2 1 156 93 1014 858
D E 1 0 93 78 171 78
E A -1 2 78 171 94 16
A T 1 -4 171 93 156 -15
T H -1 -1 93 125 296 203
H Oemcomma -1 -2 125 94 1217 1092
Oemcomma Space -1 4 94 124 172 78
Space L 2 -5 124 93 187 63
L E 1 6 93 125 452 359
E A -1 2 125 156 234 109
A V -1 -3 156 63 187 31
V I 2 -4 63 125 328 265
I N -2 2 125 93 203 78
N G 1 1 93 78 218 125
G Space -2 1 78 109 156 78
Space O 3 -5 109 93 1342 1233
O N -2 3 93 78 187 94
N L 1 -3 78 125 187 109
L Y 1 3 125 78 453 328
Y Space -3 2 78 78 171 93
Space W 3 2 78 125 499 421
W H -1 -4 125 93 188 63
H A 0 5 93 172 140 47
A T 1 -4 172 78 125 -47
T Space -3 1 78 93 156 78
Space I 3 -4 93 110 249 156
I S -1 6 110 125 172 62
S Space -2 -2 125 109 109 -16
Space T 3 -1 109 93 250 141
T R 0 1 93 93 203 110
R U 0 -3 93 125 421 328
U E 0 4 125 124 203 78
E Back 1 -10 124 78 10592 10468
Back L -2 4 78 78 936 858
L Y 1 3 78 78 468 390
Y Space -3 2 78 109 172 94
Space I 3 -4 109 78 1216 1107
I N -2 2 78 62 188 110
N Back 3 -7 62 78 951 889
Back M -3 6 78 78 749 671
M P 2 -3 78 78 203 125
P O 0 1 78 93 156 78
O R 0 5 93 124 281 188
R T 0 -1 124 109 234 110
T A -1 4 109 140 218 109
A N -1 -5 140 78 156 16
N T 2 1 78 78 250 172
T OemPeriod -2 -4 78 141 2121 2043
OemPeriod Space -1 5 141 140 375 234
Space LShiftKey 1 4 140 312 1076 936
LShiftKey R 2 -4 312 78 218 -94
R E 0 1 78 78 172 94
E M -2 -4 78 109 468 390
M E 2 4 109 124 172 63
E M -2 -4 124 93 187 63
M B 0 2 93 78 249 156
B E 2 2 78 125 156 78
E R 0 -1 125 78 156 31
R I 0 -4 78 94 546 468
I N -2 2 94 93 188 94
N G 1 1 93 78 218 125
G Space -2 1 78 94 156 78
Space T 3 -1 94 93 172 78
T H -1 -1 93 93 187 94
H A 0 5 93 140 156 63
A T 1 -4 140 62 125 -15
T Space -3 1 62 94 140 78
Space Y 3 -2 94 78 374 280
Y O 0 -3 78 109 266 188
O U 0 2 109 93 156 47
U Space -3 3 93 109 156 63
Space A 2 3 109 140 78 -31
A R 1 -3 140 93 187 47
R E 0 1 93 140 109 16
E Space -3 -1 140 78 125 -15
Space G 2 -1 78 78 218 140
G O 1 -4 78 94 390 312
O I 0 1 94 62 141 47
I N -2 2 62 109 171 109
N G 1 1 109 78 250 141
G Space -2 1 78 93 156 78
Space T 3 -1 93 78 203 110
T O 0 -4 78 78 2215 2137
O Space -3 5 78 109 156 78
Space D 2 1 109 109 140 31
D I 1 -5 109 109 172 63
I E 0 5 109 141 4227 4118
E Space -3 -1 141 93 266 125
Space I 3 -4 93 94 483 390
I S -1 6 94 141 156 62
S Space -2 -2 141 125 78 -63
Space T 3 -1 125 93 219 94
T H -1 -1 93 93 187 94
H E 1 3 93 125 109 16
E Space -3 -1 125 125 109 -16
Space B 1 -1 125 78 265 140
B E 2 2 78 78 406 328
E S -1 1 78 141 140 62
S T 1 -3 141 78 125 -16
T Space -3 1 78 109 203 125
Space W 3 2 109 94 967 858
W A -1 1 94 156 203 109
A Y 1 -5 156 93 359 203
Y Space -3 2 93 94 171 78
Space LShiftKey 1 4 94 203 141 47
LShiftKey I 2 -8 203 109 125 -78
I Space -3 4 109 125 140 31
Space K 2 -4 125 109 234 109
K N -1 2 109 78 218 109
N O 2 -3 78 125 250 172
O W 0 7 125 125 858 733
W Space -3 -2 125 140 234 109
Space T 3 -1 140 156 499 359
T O 0 -4 156 109 156 0
O Space -3 5 109 141 156 47
Space A 2 3 141 171 219 78
A V -1 -3 171 78 312 141
V O 2 -5 78 125 405 327
O I 0 1 125 124 141 16
I D -1 5 124 156 234 110
D Space -2 -1 156 140 390 234
Space T 3 -1 140 94 998 858
T H -1 -1 94 94 187 93
H E 1 3 94 124 375 281
E Space -3 -1 124 109 109 -15
Space T 3 -1 109 109 203 94
T R 0 1 109 93 187 78
R A -1 3 93 140 156 63
A P 1 -9 140 110 483 343
P Space -3 6 110 156 156 46
Space O 3 -5 156 125 203 47
O F -1 5 125 141 234 109
F Space -2 0 141 156 203 62
Space T 3 -1 156 93 1186 1030
T H -1 -1 93 94 202 109
H I 1 -2 94 124 188 94
I N -2 2 124 109 265 141
N K 1 -2 109 109 234 125
K I 1 0 109 93 203 94
I N -2 2 93 109 171 78
N G 1 1 109 109 484 375
G Space -2 1 109 124 203 94
Space Y 3 -2 124 94 2043 1919
Y O 0 -3 94 124 297 203
O U 0 2 124 109 140 16
U Space -3 3 109 125 156 47
Space H 2 -2 125 94 218 93
H A 0 5 94 156 125 31
A V -1 -3 156 78 234 78
V E 2 1 78 140 172 94
E Space -3 -1 140 140 156 16
Space S 2 2 140 141 452 312
S O 1 -7 141 94 203 62
O M -2 2 94 125 187 93
M E 2 4 125 124 375 250
E T 0 -2 124 94 280 156
T H -1 -1 94 109 188 94
H I 1 -2 109 109 171 62
I N -2 2 109 110 187 78
N G 1 1 110 78 234 124
G Space -2 1 78 125 156 78
Space T 3 -1 125 172 250 125
T O 0 -4 172 109 125 -47
O Space -3 5 109 109 156 47
Space L 2 -5 109 109 203 94
L O 1 0 109 109 296 187
O S -1 7 109 109 1014 905
S E 1 -1 109 140 172 63
E OemPeriod -2 -6 140 140 499 359
OemPeriod Space -1 5 140 125 608 468
Space LShiftKey 1 4 125 219 421 296
LShiftKey Y 2 -6 219 93 110 -109
Y O 0 -3 93 125 514 421
O U 0 2 125 94 250 125
U Space -3 3 94 109 172 78
Space A 2 3 109 156 203 94
A R 1 -3 156 202 234 78
R E 0 1 202 141 171 -31
E Space -3 -1 141 140 219 78
Space A 2 3 140 125 873 733
A L 0 -8 125 93 219 94
L R 1 5 93 94 374 281
R E 0 1 94 63 187 93
E A -1 2 63 156 78 15
A D 0 -2 156 78 141 -15
D Y 1 -3 78 110 280 202
Y Space -3 2 110 125 172 62
Space N 1 -2 125 94 655 530
N A 1 5 94 125 187 93
A K 0 -7 125 94 172 47
K E 1 5 94 141 265 171
E D -1 0 141 140 172 31
D OemPeriod -1 -6 140 94 1185 1045
OemPeriod Space -1 5 94 125 172 78
Space T 3 -1 125 78 1186 1061
T H -1 -1 78 109 187 109
H Back 2 -7 109 109 577 468
Back Back 0 0 109 94 187 78
Back LShiftKey -3 13 94 203 780 686
LShiftKey T 2 -5 203 94 125 -78
T H -1 -1 94 94 187 93
H E 1 3 94 203 156 62
E R 0 -1 203 141 156 -47
R E 0 1 141 140 172 31
E Space -3 -1 140 124 125 -15
Space I 3 -4 124 110 202 78
I S -1 6 110 140 172 62
S Space -2 -2 140 93 125 -15
Space N 1 -2 93 78 265 172
N O 2 -3 78 125 187 109
O Space -3 5 125 109 390 265
Space R 3 0 109 78 265 156
R E 0 1 78 94 172 94
E A -1 2 94 187 125 31
A S 0 -1 187 125 156 -31
S O 1 -7 125 94 421 296
O N -2 3 94 109 1794 1700
N Space -1 2 109 125 234 125
Space N 1 -2 125 78 780 655
N O 2 -3 78 109 203 125
O T 0 4 109 94 374 265
T Space -3 1 94 94 156 62
Space T 3 -1 94 78 109 15
T O 0 -4 78 109 281 203
O Space -3 5 109 125 156 47
Space F 2 0 125 141 312 187
F O 1 -5 141 93 219 78
O L -1 0 93 62 265 172
L L 0 0 62 94 140 78
L O 1 0 94 94 203 109
O W 0 7 94 124 172 78
W Space -3 -2 124 125 187 63
Space Y 3 -2 125 78 858 733
Y O 0 -3 78 110 483 405
O U 0 2 110 93 188 78
U R 0 3 93 109 187 94
R Space -3 0 109 141 140 31
Space H 2 -2 141 93 765 624
H E 1 3 93 94 374 281
E A -1 2 94 156 140 46
A R 1 -3 156 78 141 -15
R T 0 -1 78 109 203 125
T OemPeriod -2 -4 109 78 795 686
OemPeriod Return 1 -3 78 109 562 484
Return LShiftKey -1 12 109 250 6957 6848
LShiftKey A 1 -1 250 156 156 -94
A B -1 -4 156 78 7317 7161
B O 2 -4 78 109 421 343
O U 0 2 109 93 203 94
U T 0 2 93 93 234 141
T Space -3 1 93 94 171 78
Space A 2 3 94 140 172 78
A Space -2 -3 140 125 109 -31
Space Y 3 -2 125 94 281 156
Y E 0 3 94 78 374 280
E A -1 2 78 141 125 47
A R 1 -3 141 78 125 -16
R Space -3 0 78 109 172 94
Space A 2 3 109 172 249 140
A G 0 -4 172 93 250 78
G O 1 -4 93 94 499 406
O Space -3 5 94 141 187 93
Space LShiftKey 1 4 141 187 297 156
LShiftKey I 2 -8 187 94 93 -94
I Space -3 4 94 141 156 62
Space W 3 2 141 109 219 78
W A -1 1 109 203 202 93
A S 0 -1 203 156 125 -78
S Space -2 -2 156 125 187 31
Space S 2 2 125 110 702 577
S C -1 -1 110 110 234 124
C A 1 2 110 140 188 78
A N -1 -5 140 63 327 187
N N 0 0 63 94 125 62
N E 2 3 94 156 140 46
E D -1 0 156 109 141 -15
D Space -2 -1 109 140 234 125
Space W 3 2 140 109 1825 1685
W I 0 -6 109 94 265 156
I T 0 3 94 125 172 78
T H -1 -1 125 94 140 15
H Space -2 2 94 125 187 93
Space Back 4 -9 125 109 1904 1779
Back Back 0 0 109 140 187 78
Back Back 0 0 140 125 171 31
Back Back 0 0 125 124 188 63
Back Back 0 0 124 609 171 47
Back Back 0 0 609 109 702 93
Back Back 0 0 109 94 187 78
Back Back 0 0 94 78 172 78
Back Back 0 0 78 78 172 94
Back Back 0 0 78 109 405 327
Back D -2 10 109 124 1389 1280
D I 1 -5 124 94 202 78
I A -1 7 94 156 110 16
A G 0 -4 156 94 280 124
G O 1 -4 94 94 546 452
O N -2 3 94 78 203 109
N I 2 -2 78 94 203 125
I S -1 6 94 125 265 171
S E 1 -1 125 187 203 78
E D -1 0 187 94 156 -31
D Space -2 -1 94 109 655 561
Space W 3 2 109 125 1264 1155
W I 0 -6 125 78 343 218
I T 0 3 78 94 187 109
T H -1 -1 94 94 203 109
H Space -2 2 94 110 218 124
Space C 1 1 110 125 999 889
C A 1 2 125 156 125 0
A N -1 -5 156 94 218 62
N C 0 3 94 125 203 109
C E 2 0 125 249 234 109
E R 0 -1 249 125 218 -31
R OemPeriod -2 -5 125 109 780 655
OemPeriod Space -1 5 109 125 187 78
Space LShiftKey 1 4 125 218 141 16
LShiftKey I 2 -8 218 109 125 -93
I Space -3 4 109 140 156 47
Space H 2 -2 140 93 967 827
H A 0 5 93 187 125 32
A D 0 -2 187 109 171 -16
D Space -2 -1 109 125 125 16
Space S 2 2 125 125 234 109
S C -1 -1 125 125 203 78
C A 1 2 125 140 1248 1123
A N -1 -5 140 93 156 16
N Space -1 2 93 141 171 78
Space A 2 3 141 125 375 234
A T 1 -4 125 109 234 109
T Space -3 1 109 94 171 62
Space RShiftKey 1 -7 94 297 1716 1622
RShiftKey Oem1 1 1 297 124 188 -109
Oem1 D3 2 7 124 109 764 640
D3 D0 0 -7 109 78 125 16
D0 Space -4 6 78 124 125 47
Space I 3 -4 124 109 234 110
I N -2 2 109 94 218 109
N Space -1 2 94 109 156 62
Space T 3 -1 109 94 234 125
T H -1 -1 94 94 187 93
H E 1 3 94 110 187 93
E Space -3 -1 110 125 47 -63
Space M 1 -3 125 94 312 187
M O 2 -2 94 109 219 125
O R 0 5 109 125 249 140
R N -2 -2 125 94 234 109
N I 2 -2 94 109 172 78
I N -2 2 109 94 187 78
N G 1 1 94 78 203 109
G Oemcomma -1 -3 78 78 1513 1435
Oemcomma Space -1 4 78 109 156 78
Space A 2 3 109 140 125 16
A N -1 -5 140 94 218 78
N D 1 3 94 109 250 156
D Space -2 -1 109 109 125 16
Space I 3 -4 109 109 218 109
I T 0 3 109 93 281 172
T Space -3 1 93 94 187 94
Space C 1 1 94 94 1045 951
C L 1 -6 94 109 141 47
L E 1 6 109 125 421 312
E A -1 2 125 171 203 78
A R 1 -3 171 140 187 16
R L -1 -5 140 124 203 63
L Y 1 3 124 93 312 188
Y Space -3 2 93 94 171 78
Space S 2 2 94 125 733 639
S H 0 -4 125 78 312 187
H O 1 -3 78 78 546 468
O W 0 7 78 218 110 32
W E 0 -1 218 172 140 -78
E D -1 0 172 141 187 15
D Space -2 -1 141 124 531 390
Space A 2 3 124 156 156 32
A Space -2 -3 156 140 187 31
Space T 3 -1 140 93 624 484
T U 0 -2 93 78 561 468
U M -2 0 78 78 297 219
M O 2 -2 78 125 156 78
O R 0 5 125 109 265 140
R Space -3 0 109 125 156 47
Space O 3 -5 125 141 218 93
O M -2 2 141 125 234 93
M Back 3 -6 125 109 531 406
Back N -3 7 109 94 296 187
N Space -1 2 94 172 156 62
Space M 1 -3 172 124 141 -31
M Y 2 1 124 78 249 125
Y Space -3 2 78 125 156 78
Space P 3 -6 125 109 1342 1217
P A -1 9 109 141 140 31
A N -1 -5 141 109 312 171
N C 0 3 109 109 406 297
C R 2 -1 109 140 343 234
R E 0 1 140 141 187 47
E A -1 2 141 171 843 702
A S 0 -1 171 171 156 -15
S OemPeriod -1 -7 171 125 1154 983
OemPeriod Space -1 5 125 124 172 47
Space LShiftKey 1 4 124 187 140 16
LShiftKey I 2 -8 187 94 140 -47
I Space -3 4 94 140 141 47
Space D 2 1 140 140 390 250
D I 1 -5 140 109 203 63
I D -1 5 109 140 109 0
D N -1 -3 140 62 421 281
N Oem7 1 -5 62 93 593 531
Oem7 T 1 6 93 94 452 359
T Space -3 1 94 94 203 109
Space E 3 1 94 124 952 858
E V -2 -1 124 62 468 344
V E 2 1 62 125 140 78
E N -2 -3 125 78 218 93
N Space -1 2 78 125 172 94
Space K 2 -4 125 78 359 234
K N -1 2 78 94 249 171
N O 2 -3 94 156 312 218
O W 0 7 156 156 921 765
W Space -3 -2 156 141 483 327
Space W 3 2 141 109 718 577
W H -1 -4 109 94 218 109
H A 0 5 94 156 125 31
A T 1 -4 156 94 125 -31
T Space -3 1 94 93 172 78
Space A 2 3 93 141 124 31
A Space -2 -3 141 109 125 -16
Space P 3 -6 109 78 765 656
P A -1 9 78 141 93 15
A N -1 -5 141 93 297 156
N C 0 3 93 109 296 203
C R 2 -1 109 156 343 234
R E 0 1 156 140 141 -15
E A -1 2 140 250 249 109
A S 0 -1 250 156 187 -63
S Space -2 -2 156 124 1358 1202
Space W 3 2 124 110 202 78
W A -1 1 110 234 188 78
A S 0 -1 234 171 187 -47
S OemPeriod -1 -7 171 125 811 640
OemPeriod Space -1 5 125 140 172 47
Space LShiftKey 1 4 140 405 187 47
LShiftKey T 2 -5 405 94 296 -109
T H -1 -1 94 109 203 109
H E 1 3 109 141 218 109
E Space -3 -1 141 140 172 31
Space D 2 1 140 94 499 359
D O 1 -6 94 109 219 125
O C -2 6 109 109 639 530
C T 2 -2 109 156 499 390
T O 0 -4 156 94 172 16
O R 0 5 94 78 406 312
R S -1 2 78 109 795 717
S Left -2 -9 109 94 9610 9501
Left Back 4 -2 94 93 484 390
Back O -1 4 93 125 1575 1482
O Space -3 5 125 93 9610 9485
Space T 3 -1 93 78 452 359
T O 0 -4 78 94 468 390
O L -1 0 94 78 187 93
L D 0 6 78 125 141 63
D Space -2 -1 125 141 93 -32
Space M 1 -3 141 93 266 125
M E 2 4 93 140 140 47
E Space -3 -1 140 125 125 -15
Space T 3 -1 125 93 281 156
T H -1 -1 93 93 187 94
H I 1 -2 93 110 171 78
I S -1 6 110 109 172 62
S Space -2 -2 109 94 156 47
Space W 3 2 94 125 3167 3073
W A -1 1 125 219 218 93
A S 0 -1 219 141 156 -63
S Space -2 -2 141 125 109 -32
Space A 2 3 125 187 172 47
A Oem1 0 -9 187 94 296 109
Oem1 Back 2 -3 94 125 1389 1295
Back L -2 4 125 93 671 546
L M -1 2 93 94 171 78
M O 2 -2 94 78 203 109
O S -1 7 78 140 437 359
S T 1 -3 140 94 187 47
T Space -3 1 94 125 1934 1840
Space C 1 1 125 125 468 343
C E 2 0 125 156 203 78
E R 0 -1 156 171 219 63
R T 0 -1 171 110 358 187
T A -1 4 110 156 172 62
A I 1 -7 156 93 203 47
I N -2 2 93 78 249 156
N L 1 -3 78 109 250 172
L Y 1 3 109 110 374 265
Y Space -3 2 110 109 172 62
Space A 2 3 109 172 156 47
A Space -2 -3 172 125 125 -47
Space T 3 -1 125 93 312 187
T Y 0 -1 93 94 171 78
Y P 0 -4 94 125 453 359
P E 0 7 125 140 187 62
E Space -3 -1 140 94 156 16
Space O 3 -5 94 110 1466 1372
O F -1 5 110 125 328 218
F Space -2 0 125 125 156 31
Space C 1 1 125 109 312 187
C A 1 2 109 156 234 125
A N -1 -5 156 93 281 125
N C 0 3 93 125 171 78
C E 2 0 125 234 203 78
E R 0 -1 234 109 203 -31
R Space -3 0 109 125 125 16
Space T 3 -1 125 109 234 109
T H -1 -1 109 94 187 78
H A 0 5 94 188 62 -32
A T 1 -4 188 78 172 -16
T Space -3 1 78 93 172 94
Space I 3 -4 93 125 202 109
I S -1 6 125 124 188 63
S Space -2 -2 124 125 140 16
Space I 3 -4 125 125 1248 1123
I N -2 2 125 94 234 109
N C 0 3 94 109 250 156
C U 2 -4 109 93 546 437
U R 0 3 93 78 405 312
R A -1 3 78 156 141 63
A B -1 -4 156 94 717 561
B L 1 -4 94 140 531 437
L E 1 6 140 140 218 78
E Oemcomma -2 -5 140 109 2340 2200
Oemcomma Space -1 4 109 125 218 109
Space A 2 3 125 156 640 515
A N -1 -5 156 110 374 218
N D 1 3 110 125 172 62
D Space -2 -1 125 109 109 -16
Space T 3 -1 109 109 281 172
T H -1 -1 109 94 187 78
H A 0 5 94 156 94 0
A T 1 -4 156 78 140 -16
T Space -3 1 78 109 156 78
Space LShiftKey 1 4 109 250 156 47
LShiftKey I 2 -8 250 109 156 -94
I Space -3 4 109 109 141 32
Space S 2 2 109 141 514 405
S H 0 -4 141 125 281 140
H O 1 -3 125 172 312 187
O U 0 2 172 93 687 515
U L -1 -2 93 109 717 624
L D 0 6 109 109 141 32
D Space -2 -1 109 109 1466 1357
Space E 3 1 109 141 421 312
E X -2 1 141 140 359 218
X P 2 -8 140 78 858 718
P E 0 7 78 140 125 47
E C -2 0 140 124 203 63
C T 2 -2 124 78 109 -15
T Space -3 1 78 109 156 78
Space T 3 -1 109 109 125 16
T O 0 -4 109 125 405 296
O Space -3 5 125 125 203 78
Space L 2 -5 125 94 967 842
L I 1 1 94 78 234 140
I V -2 4 78 78 531 453
V E 2 1 78 140 156 78
E Space -3 -1 140 110 124 -16
Space N 1 -2 110 94 234 124
N O 2 -3 94 109 437 343
O Space -3 5 109 141 187 78
Space L 2 -5 141 125 156 15
L O 1 0 125 93 219 94
O N -2 3 93 94 483 390
N G 1 1 94 109 281 187
G E 1 2 109 156 156 47
E R 0 -1 156 125 172 16
R Space -3 0 125 109 203 78
Space T 3 -1 109 78 702 593
T H -1 -1 78 78 202 124
H A 0 5 78 171 110 32
A N -1 -5 171 78 1232 1061
N Space -1 2 78 156 172 94
Space D3 4 1 156 125 686 530
D3 OemMinus 0 -8 125 78 967 842
OemMinus Space -4 7 78 109 172 94
Space D6 4 -2 109 78 577 468
D6 Space -4 2 78 94 187 109
Space M 1 -3 94 93 2091 1997
M O 2 -2 93 109 234 141
O N -2 3 109 94 249 140
N T 2 1 94 94 312 218
T H -1 -1 94 94 187 93
H S 0 4 94 156 172 78
S OemPeriod -1 -7 156 93 2231 2075
OemPeriod Space -1 5 93 125 187 94
Space LShiftKey 1 4 125 187 203 78
LShiftKey M 0 -7 187 94 109 -78
M Y 2 1 94 93 359 265
Y Space -3 2 93 93 156 63
Space D 2 1 93 141 218 125
D O 1 -6 141 125 250 109
O C -2 6 125 125 452 327
C T 2 -2 125 140 359 234
T O 0 -4 140 109 187 47
O R 0 5 109 94 546 437
R Space -3 0 94 78 234 140
Space A 2 3 78 219 1513 1435
A D 0 -2 219 141 203 -16
D V -1 -1 141 78 484 343
V I 2 -4 78 78 405 327
I S -1 6 78 125 141 63
S E 1 -1 125 188 171 46
E D -1 0 188 125 172 -16
D Space -2 -1 125 156 94 -31
Space M 1 -3 156 109 530 374
M E 2 4 109 109 265 156
E Space -3 -1 109 109 94 -15
Space T 3 -1 109 125 249 140
T O 0 -4 125 124 110 -15
O Space -3 5 124 140 156 32
Space G 2 -1 140 93 265 125
G O 1 -4 93 125 218 125
O Space -3 5 125 125 156 31
Space H 2 -2 125 94 234 109
H O 1 -3 94 141 265 171
O M -2 2 141 140 531 390
M E 2 4 140 156 249 109
E Space -3 -1 156 156 890 734
Space A 2 3 156 187 171 15
A N -1 -5 187 125 406 219
N D 1 3 125 125 156 31
D Space -2 -1 125 125 140 15
Space G 2 -1 125 78 406 281
G E 1 2 78 125 390 312
E T 0 -2 125 94 109 -16
T Space -3 1 94 94 156 62
Space M 1 -3 94 109 359 265
M Y 2 1 109 78 296 187
Y Space -3 2 78 109 141 63
Space A 2 3 109 156 171 62
A F 0 -3 156 63 343 187
F F 0 0 63 93 141 78
F A 0 3 93 156 140 47
A I 1 -7 156 93 406 250
I R 0 4 93 141 140 47
R S -1 2 141 140 297 156
S Space -2 -2 140 125 733 593
Space I 3 -4 125 109 218 93
I N -2 2 109 94 203 94
N Space -1 2 94 109 172 78
Space O 3 -5 109 94 483 374
O R 0 5 94 140 359 265
R D -1 1 140 94 312 172
D R 1 -1 94 140 390 296
R Back 1 -9 140 156 1373 1233
Back E -1 10 156 250 218 62
E R 0 -1 250 156 141 -109
R Oemcomma -2 -4 156 78 3276 3120
Oemcomma Space -1 4 78 124 156 78
Space W 3 2 124 124 624 500
W H -1 -4 124 78 156 32
H I 1 -2 78 109 218 140
I C -2 5 109 93 718 609
C H 1 -3 93 78 156 63
H Space -2 2 78 141 171 93
Space I 3 -4 141 125 1872 1731
I S -1 6 125 141 156 31
S Space -2 -2 141 109 125 -16
Space D 2 1 109 156 156 47
D O 1 -6 156 125 218 62
O C -2 6 125 94 874 749
C T 2 -2 94 78 312 218
T O 0 -4 78 78 421 343
O R 0 5 78 124 141 63
R Oem1 -1 -6 124 93 265 141
Oem1 Back 2 -3 93 93 593 500
Back Oem7 -2 2 93 94 249 156
Oem7 S 0 9 94 125 390 296
S Space -2 -2 125 94 156 31
Space C 1 1 94 125 172 78
C O 2 -6 125 94 218 93
O D -1 6 94 156 343 249
D E 1 0 156 156 156 0
E Space -3 -1 156 172 437 281
Space F 2 0 172 172 5694 5522
F O 1 -5 172 109 281 109
O R 0 5 109 124 172 63
R Space -3 0 124 140 109 -15
Space P 3 -6 140 93 1295 1155
P R 0 6 93 156 171 78
R E 0 1 156 156 141 -15
E P 0 -7 156 125 218 62
P A -1 9 125 172 234 109
A R 1 -3 172 202 250 78
R E 0 1 202 156 140 -62
E Space -3 -1 156 140 234 78
Space T 3 -1 140 140 546 406
T O 0 -4 140 124 172 32
O Space -3 5 124 140 156 32
Space D 2 1 140 187 234 94
D O 1 -6 187 110 358 171
O Back 1 -4 110 140 578 468
Back I -1 5 140 78 312 172
I E 0 5 78 141 124 46
E OemPeriod -2 -6 141 156 578 437
OemPeriod Space -1 5 156 109 733 577
Space LShiftKey 1 4 109 187 593 484
LShiftKey I 2 -8 187 78 124 -63
I T 0 3 78 93 266 188
T Space -3 1 93 124 156 63
Space M 1 -3 124 109 390 266
M E 2 4 109 125 187 78
E A -1 2 125 141 187 62
A N -1 -5 141 109 156 15
N S 1 4 109 124 1077 968
S Space -2 -2 124 140 1638 1514
Space T 3 -1 140 109 655 515
T O 0 -4 109 93 156 47
O Space -3 5 93 125 1310 1217
Space T 3 -1 125 78 375 250
T R 0 1 78 156 140 62
R Y 0 -2 156 78 140 -16
Y Space -3 2 78 140 141 63
Space T 3 -1 140 140 265 125
T O 0 -4 140 110 218 78
O Space -3 5 110 141 156 46
Space T 3 -1 141 156 297 156
T E 0 2 156 140 281 125
E L -1 -6 140 62 312 172
L L 0 0 62 78 156 94
L Space -2 5 78 125 93 15
Space Y 3 -2 125 93 250 125
Y O 0 -3 93 125 265 172
O U 0 2 125 124 172 47
U R 0 3 124 109 265 141
R Space -3 0 109 141 140 31
Space K 2 -4 141 94 515 374
K I 1 0 94 94 187 93
I D -1 5 94 140 281 187
D S 0 1 140 156 156 16
S Space -2 -2 156 218 312 156
Space E 3 1 218 124 2746 2528
E V -2 -1 124 94 280 156
V E 2 1 94 156 110 16
E R 0 -1 156 94 280 124
R Y 0 -2 94 93 344 250
Y T 0 1 93 140 234 141
T H -1 -1 140 93 109 -31
H I 1 -2 93 109 203 110
I N -2 2 109 110 202 93
N G 1 1 110 109 281 171
G Space -2 1 109 140 125 16
Space Y 3 -2 140 93 281 141
Y O 0 -3 93 109 499 406
O U 0 2 109 109 187 78
U Space -3 3 109 110 187 78
Space T 3 -1 110 78 281 171
T H -1 -1 78 94 187 109
H O 1 -3 94 125 250 156
O U 0 2 125 124 172 47
U G -1 2 124 78 561 437
G H 0 -1 78 94 187 109
H T 1 1 94 156 125 31
T Space -3 1 156 109 1108 952
Space Y 3 -2 109 125 702 593
Y O 0 -3 125 125 468 343
O U 0 2 125 93 156 31
U Oem7 -1 -4 93 140 905 812
Oem7 D 0 8 140 125 296 156
D Space -2 -1 125 140 1217 1092
Space H 2 -2 140 78 655 515
H A 0 5 78 187 94 16
A V -1 -3 187 78 218 31
V E 2 1 78 156 125 47
E Space -3 -1 156 125 171 15
Space T 3 -1 125 93 219 94
T H -1 -1 93 125 187 94
H E 1 3 125 140 203 78
E Space -3 -1 140 141 171 31
Space N 1 -2 141 94 1186 1045
N E 2 3 94 109 437 343
E X -2 1 109 172 218 109
X T 2 -3 172 78 203 31
T Space -3 1 78 94 156 78
Space D1 4 3 94 141 499 405
D1 D0 0 -9 141 109 219 78
D0 Space -4 6 109 140 187 78
Space Y 3 -2 140 94 639 499
Y E 0 3 94 78 359 265
E A -1 2 78 172 125 47
A R 1 -3 172 78 218 46
R S -1 2 78 156 125 47
S Space -2 -2 156 110 187 31
Space T 3 -1 110 156 593 483
T O 0 -4 156 125 187 31
O Space -3 5 125 140 219 94
Space T 3 -1 140 140 1248 1108
T E 0 2 140 140 203 63
E L -1 -6 140 78 312 172
L L 0 0 78 93 156 78
L Space -2 5 93 109 156 63
Space T 3 -1 109 109 234 125
T H -1 -1 109 93 187 78
H E 1 3 93 125 218 125
E M -2 -4 125 125 203 78
M Space -1 3 125 109 1045 920
Space I 3 -4 109 93 375 266
I N -2 2 93 125 187 94
N Space -1 2 125 94 187 62
Space J 2 -3 94 109 172 78
J U 1 0 109 125 187 78
U S -1 5 125 141 249 124
S T 1 -3 141 125 234 93
T Space -3 1 125 140 344 219
Space A 2 3 140 156 530 390
A Space -2 -3 156 140 203 47
Space F 2 0 140 141 405 265
F E 1 1 141 140 266 125
E W 0 1 140 125 218 78
W Space -3 -2 125 140 172 47
Space M 1 -3 140 63 358 218
M O 2 -2 63 125 297 234
O N -2 3 125 93 390 265
N T 2 1 93 94 296 203
T H -1 -1 94 110 187 93
H S 0 4 110 140 344 234
S OemPeriod -1 -7 140 140 1123 983
OemPeriod Space -1 5 140 125 171 31
Space LShiftKey 1 4 125 218 188 63
LShiftKey I 2 -8 218 110 124 -94
I T 0 3 110 78 281 171
T Space -3 1 78 125 172 94
Space M 1 -3 125 140 359 234
M E 2 4 140 109 156 16
E A -1 2 109 171 187 78
A N -1 -5 171 109 530 359
N S 1 4 109 141 156 47
S Space -2 -2 141 125 172 31
Space T 3 -1 125 140 827 702
T O 0 -4 140 109 156 16
O Space -3 5 109 125 140 31
Space M 1 -3 125 125 203 78
M A 1 6 125 156 156 31
A K 0 -7 156 109 359 203
K E 1 5 109 125 187 78
E Space -3 -1 125 94 187 62
Space S 2 2 94 125 203 109
S U 1 -5 125 109 312 187
U R 0 3 109 172 187 78
R E 0 1 172 156 156 -16
E Space -3 -1 156 187 234 78
Space E 3 1 187 124 1498 1311
E V -2 -1 124 78 405 281
V E 2 1 78 203 109 31
E R 0 -1 203 172 156 -47
R Y 0 -2 172 93 297 125
Y T 0 1 93 94 296 203
T H -1 -1 94 94 203 109
H I 1 -2 94 109 187 93
I N -2 2 109 109 203 94
N G 1 1 109 94 218 109
G Space -2 1 94 125 172 78
Space I 3 -4 125 93 749 624
I S -1 6 93 140 187 94
S Space -2 -2 140 125 125 -15
Space B 1 -1 125 109 234 109
B U 2 -2 109 109 234 125
U T 0 2 109 93 390 281
T T 0 0 93 78 171 78
T O 0 -4 78 94 983 905
O N -2 3 94 78 359 265
N E 2 3 78 140 172 94
E D -1 0 140 172 218 78
D Space -2 -1 172 109 265 93
Space U 3 -3 109 94 983 874
U P 0 -3 94 141 296 202
P Space -3 6 141 140 219 78
Space S 2 2 140 156 187 47
S O 1 -7 156 140 78 -78
O Space -3 5 140 141 218 78
Space T 3 -1 141 94 702 561
T H -1 -1 94 93 188 94
H A 0 5 93 187 78 -15
A T 1 -4 187 94 140 -47
T Space -3 1 94 125 156 62
Space I 3 -4 125 124 172 47
I T 0 3 124 156 546 422
T Space -3 1 156 125 218 62
Space W 3 2 125 172 296 171
W I 0 -6 172 94 203 31
I L -1 -1 94 78 359 265
L L 0 0 78 110 140 62
L Space -2 5 110 125 156 46
Space B 1 -1 125 93 422 297
B E 2 2 93 141 202 109
E Space -3 -1 141 125 203 62
Space A 2 3 125 202 141 16
A S 0 -1 202 156 156 -46
S Space -2 -2 156 140 109 -47
Space E 3 1 140 125 249 109
E A -1 2 125 141 281 156
A S 0 -1 141 172 156 15
S Y 1 -4 172 125 328 156
Y Space -3 2 125 171 281 156
Space A 2 3 171 218 624 453
A S 0 -1 218 156 187 -31
S Space -2 -2 156 93 203 47
Space P 3 -6 93 93 499 406
P O 0 1 93 109 156 63
O S -1 7 109 125 187 78
S S 0 0 125 140 203 78
S I 1 -6 140 140 187 47
I B -2 3 140 93 281 141
B L 1 -4 93 156 390 297
L E 1 6 156 171 203 47
E Space -3 -1 171 125 655 484
Space F 2 0 125 125 780 655
F O 1 -5 125 125 171 46
O R 0 5 125 125 141 16
R Space -3 0 125 125 109 -16
Space Y 3 -2 125 94 312 187
Y O 0 -3 94 140 234 140
O U 0 2 140 140 172 32
U R 0 3 140 156 265 125
R Space -3 0 156 125 140 -16
Space F 2 0 125 124 453 328
F A 0 3 124 156 171 47
A M -1 -6 156 109 562 406
M I 2 -1 109 93 234 125
I L -1 -1 93 110 249 156
L Y 1 3 110 94 312 202
Y OemPeriod -2 -3 94 93 890 796
OemPeriod Space -1 5 93 125 171 78
Space LShiftKey 1 4 125 187 234 109
LShiftKey I 2 -8 187 125 78 -109
I T 0 3 125 140 328 203
T Space -3 1 140 124 125 -15
Space M 1 -3 124 109 265 141
M E 2 4 109 125 218 109
E A -1 2 125 187 234 109
A N -1 -5 187 109 234 47
N S 1 4 109 141 156 47
S Space -2 -2 141 140 203 62
Space T 3 -1 140 140 1108 968
T O 0 -4 140 93 156 16
O Space -3 5 93 125 202 109
Space S 2 2 125 109 297 172
S A 0 1 109 156 218 109
A Y 1 -5 156 78 156 0
Y Space -3 2 78 141 187 109
Space Y 3 -2 141 109 1233 1092
Y O 0 -3 109 110 405 296
O U 0 2 110 109 188 78
U R 0 3 109 124 312 203
R Space -3 0 124 140 156 32
Space G 2 -1 140 93 811 671
G O 1 -4 93 78 374 281
O O 0 0 78 93 141 63
O D -1 6 93 109 858 765
D B -1 -2 109 110 436 327
B Y 2 -1 110 93 1155 1045
Y E 0 3 93 125 93 0
E S -1 1 125 125 234 109
S OemPeriod -1 -7 125 109 406 281
OemPeriod Return 1 -3 109 109 1061 952
Return LShiftKey -1 12 109 109 4134 4025
LShiftKey LShiftKey 0 0 109 266 171 62
LShiftKey LShiftKey 0 0 266 187 500 234
LShiftKey I 2 -8 187 109 62 -125
I Space -3 4 109 110 218 109
Space L 2 -5 110 93 656 546
L I 1 1 93 94 202 109
I V -2 4 94 94 546 452
V E 2 1 94 140 172 78
E D -1 0 140 140 125 -15
D Space -2 -1 140 109 156 16
Space W 3 2 109 156 780 671
W I 0 -6 156 125 187 31
I T 0 3 125 140 203 78
T H -1 -1 140 62 156 16
H Space -2 2 62 109 156 94
Space T 3 -1 109 94 218 109
T H -1 -1 94 94 187 93
H A 0 5 94 140 110 16
A T 1 -4 140 94 124 -16
T Space -3 1 94 94 172 78
Space D 2 1 94 94 1310 1216
D I 1 -5 94 93 656 562
I A -1 7 93 141 561 468
A G 0 -4 141 78 172 31
G N -1 -1 78 78 593 515
N O 2 -3 78 109 187 109
O S -1 7 109 141 249 140
S I 1 -6 141 78 250 109
I S -1 6 78 140 125 47
S Space -2 -2 140 109 218 78
Space A 2 3 109 124 531 422
A Oem1 0 -9 124 47 608 484
Oem1 L 0 1 47 109 156 109
L Back 2 -4 109 125 2106 1997
Back Back 0 0 125 78 421 296
Back L -2 4 78 94 3167 3089
L L 0 0 94 93 172 78
L Space -2 5 93 140 140 47
Space D 2 1 140 94 608 468
D A 0 2 94 156 156 62
A Y 1 -5 156 94 546 390
Y OemPeriod -2 -3 94 109 2403 2309
OemPeriod Space -1 5 109 125 951 842
Space LShiftKey 1 4 125 202 188 63
LShiftKey L 1 -9 202 94 140 -62
L A 0 8 94 125 374 280
A T 1 -4 125 93 141 16
T E 0 2 93 156 249 156
E R 0 -1 156 140 219 63
R Space -3 0 140 109 156 16
Space T 3 -1 109 93 203 94
T H -1 -1 93 93 187 94
H A 0 5 93 156 31 -62
A T 1 -4 156 78 172 16
T Space -3 1 78 109 171 93
Space E 3 1 109 124 375 266
E V -2 -1 124 94 249 125
V E 2 1 94 141 187 93
E N -2 -3 141 94 250 109
N I 2 -2 94 94 218 124
I N -2 2 94 94 203 109
N G 1 1 94 109 234 140
G Space -2 1 109 171 344 235
Space LShiftKey 1 4 171 203 889 718
LShiftKey I 2 -8 203 93 125 -78
I Space -3 4 93 140 140 47
Space H 2 -2 140 94 452 312
H A 0 5 94 156 110 16
A D 0 -2 156 78 280 124
D Space -2 -1 78 93 188 110
Space A 2 3 93 140 156 63
A Space -2 -3 140 94 483 343
Space B 1 -1 94 78 203 109
B I 2 -3 78 78 1279 1201
I O 0 -1 78 78 203 125
O P 0 -1 78 93 172 94
P S -1 8 93 109 1513 1420
S Y 1 -4 109 78 795 686
Y OemPeriod -2 -3 78 94 593 515
OemPeriod Space -1 5 94 125 187 93
Space E 3 1 125 140 344 219
E H -1 -3 140 94 171 31
H E 1 3 94 140 203 109
E Back 1 -10 140 125 827 687
Back Back 0 0 125 94 218 93
Back Back 0 0 94 110 187 93
Back Back 0 0 110 125 234 124
Back Back 0 0 125 109 219 94
Back Oemcomma -3 5 109 78 2012 1903
Oemcomma Space -1 4 78 93 172 94
Space W 3 2 93 141 1388 1295
W H -1 -4 141 93 406 265
H E 1 3 93 109 359 266
E R 0 -1 109 78 156 47
R E 0 1 78 125 109 31
E Space -3 -1 125 124 203 78
Space T 3 -1 124 94 826 702
T H -1 -1 94 109 203 109
H E 1 3 109 125 406 297
E Y 0 -3 125 93 156 31
Y Space -3 2 93 109 187 94
Space S 2 2 109 141 655 546
S T 1 -3 141 63 343 202
T U 0 -2 63 63 702 639
U C -2 4 63 125 156 93
C K 1 -5 125 94 250 125
K Space -2 4 94 156 187 93
Space A 2 3 156 125 390 234
A M -1 -6 125 94 156 31
M Space -1 3 94 94 203 109
Space E 3 1 94 109 1326 1232
E N -2 -3 109 93 172 63
N D 1 3 93 125 171 78
D O 1 -6 125 109 359 234
O S -1 7 109 125 421 312
S C -1 -1 125 109 1061 936
C O 2 -6 109 94 156 47
O P 0 -1 94 94 156 62
P E 0 7 94 125 265 171
E Space -3 -1 125 156 858 733
Space D 2 1 156 109 1638 1482
D O 1 -6 109 94 2137 2028
O W 0 7 94 125 156 62
W N -2 -4 125 78 156 31
N Space -1 2 78 125 156 78
Space M 1 -3 125 109 422 297
M Y 2 1 109 93 312 203
Y Space -3 2 93 109 187 94
Space T 3 -1 109 94 1107 998
T H -1 -1 94 94 203 109
H R 1 2 94 141 468 374
R O 0 -5 141 109 359 218
O A -1 8 109 156 187 78
A T 1 -4 156 94 187 31
T Oemcomma -2 -3 94 93 1436 1342
Oemcomma Space -1 4 93 125 171 78
Space T 3 -1 125 78 609 484
T H -1 -1 78 93 187 109
H R 1 2 93 125 577 484
R O 0 -5 125 93 172 47
O U 0 2 93 125 187 94
U G -1 2 125 110 483 358
G H 0 -1 110 110 234 124
H Space -2 2 110 125 219 109
Space M 1 -3 125 109 624 499
M Y 2 1 109 78 281 172
Y Space -3 2 78 109 171 93
Space S 2 2 109 140 1217 1108
S T 1 -3 140 78 172 32
T O 0 -4 78 94 530 452
O M -2 2 94 93 203 109
M A 1 6 93 156 171 78
A C -1 -2 156 140 344 188
C H 1 -3 140 78 187 47
H Space -2 2 78 93 203 125
Space A 2 3 93 156 1185 1092
A N -1 -5 156 110 187 31
N D 1 3 110 125 453 343
D Space -2 -1 125 125 140 15
Space I 3 -4 125 109 406 281
I N -2 2 109 78 218 109
N T 2 1 78 125 265 187
T O 0 -4 125 110 156 31
O Space -3 5 110 109 172 62
Space M 1 -3 109 109 234 125
M Y 2 1 109 125 390 281
Y Space -3 2 125 140 250 125
Space I 3 -4 140 109 1388 1248
I N -2 2 109 109 203 94
N T 2 1 109 109 468 359
T E 0 2 109 141 140 31
E S -1 1 141 156 250 109
S T 1 -3 156 109 187 31
T I 0 -3 109 94 390 281
I N -2 2 94 109 187 93
N E 2 3 109 140 203 94
E S -1 1 140 156 312 172
S Oemcomma -1 -6 156 78 1856 1700
Oemcomma Space -1 4 78 125 156 78
Space P 3 -6 125 109 250 125
P U 0 3 109 93 562 453
U T 0 2 93 62 234 141
T Space -3 1 62 93 156 94
Space A 2 3 93 156 156 63
A Space -2 -3 156 125 124 -32
Space N 1 -2 125 94 250 125
N E 2 3 94 109 234 140
E E 0 0 109 156 203 94
E D -1 0 156 125 171 15
D L 0 -6 125 156 219 94
L E 1 6 156 156 249 93
E Space -3 -1 156 140 796 640
Space I 3 -4 140 94 608 468
I N -2 2 94 124 188 94
N T 2 1 124 156 374 250
T O 0 -4 156 78 172 16
O Space -3 5 78 124 156 78
Space M 1 -3 124 93 234 110
M Y 2 1 93 94 327 234
Y Space -3 2 94 125 187 93
Space P 3 -6 125 94 624 499
P A -1 9 94 156 141 47
A C -1 -2 156 94 374 218
C Back 3 -10 94 156 562 468
Back N -3 7 156 78 920 764
N C 0 3 78 125 156 78
C R 2 -1 125 125 281 156
R E 0 1 125 140 172 47
E A -1 2 140 219 249 109
A S 0 -1 219 156 219 0
S Space -2 -2 156 125 904 748
Space A 2 3 125 187 141 16
A N -1 -5 187 93 437 250
N D 1 3 93 125 436 343
D Space -2 -1 125 125 141 16
Space G 2 -1 125 93 312 187
G O 1 -4 93 109 515 422
O T 0 4 109 93 187 78
T Space -3 1 93 140 156 63
Space A 2 3 140 156 624 484
A Space -2 -3 156 125 187 31
Space F 2 0 125 124 1966 1841
F E 1 1 124 140 374 250
E W 0 1 140 94 218 78
W Space -3 -2 94 125 156 62
Space C 1 1 125 125 250 125
C E 2 0 125 109 515 390
E L -1 -6 109 78 343 234
L L 0 0 78 78 172 94
L S 0 7 78 125 140 62
S Space -2 -2 125 109 234 109
Space F 2 0 109 141 1045 936
F R 1 0 141 140 219 78
R O 0 -5 140 93 265 125
O M -2 2 93 109 203 110
M Space -1 3 109 125 202 93
Space M 1 -3 125 125 156 31
M Y 2 1 125 94 250 125
Y Space -3 2 94 109 172 78
Space T 3 -1 109 187 265 156
T U 0 -2 187 78 171 -16
U M -2 0 78 93 266 188
M O 2 -2 93 156 421 328
O R 0 5 156 125 1435 1279
R OemPeriod -2 -5 125 109 640 515
OemPeriod Space -1 5 109 125 171 62
Space LShiftKey 1 4 125 219 109 -16
LShiftKey I 2 -8 219 109 188 -31
I Space -3 4 109 156 156 47
Space W 3 2 156 140 140 -16
W A -1 1 140 203 218 78
A S 0 -1 203 156 125 -78
S Space -2 -2 156 156 94 -62
Space S 2 2 156 156 218 62
S E 1 -1 156 188 187 31
E D -1 0 188 156 219 31
D A 0 2 156 156 203 47
A T 1 -4 156 109 218 62
T E 0 2 109 156 156 47
E D -1 0 156 109 172 16
D Oemcomma -1 -5 109 78 1404 1295
Oemcomma Space -1 4 78 109 171 93
Space B 1 -1 109 78 484 375
B U 2 -2 78 94 218 140
U T 0 2 94 93 172 78
T Space -3 1 93 110 171 78
Space M 1 -3 110 93 297 187
M Y 2 1 93 78 312 219
Y Space -3 2 78 110 171 93
Space W 3 2 110 141 2777 2667
W I 0 -6 141 109 219 78
I H -1 2 109 94 1840 1731
H E 1 3 94 140 141 47
E Space -3 -1 140 93 156 16
Space W 3 2 93 141 171 78
W H -1 -4 141 94 328 187
H O 1 -3 94 109 234 140
O Space -3 5 109 141 187 78
Space W 3 2 141 140 531 390
W A -1 1 140 187 234 94
A S 0 -1 187 156 124 -63
S Space -2 -2 156 125 141 -15
Space T 3 -1 125 94 296 171
T H -1 -1 94 124 219 125
H E 1 3 124 234 561 437
E R 0 -1 234 188 187 -47
R E 0 1 188 172 203 15
E Oemcomma -2 -5 172 140 3869 3697
Oemcomma Left -1 -3 140 874 4430 4290
Left Left 0 0 874 125 983 109
Left Left 0 0 125 94 203 78
Left Left 0 0 94 125 343 249
Left Back 4 -2 125 109 593 468
Back Back 0 0 109 125 140 31
Back I -1 5 125 78 2216 2091
I F -1 4 78 109 93 15
F Space -2 0 109 141 3042 2933
Space T 3 -1 141 78 531 390
T O 0 -4 78 93 546 468
O L -1 0 93 93 187 94
L D 0 6 93 125 156 63
D Space -2 -1 125 141 93 -32
Space M 1 -3 141 125 328 187
M E 2 4 125 109 421 296
E Space -3 -1 109 109 78 -31
Space T 3 -1 109 93 250 141
T H -1 -1 93 94 187 94
H A 0 5 94 156 109 15
A T 1 -4 156 93 172 16
T Space -3 1 93 94 187 94
Space W 3 2 94 125 8658 8564
W H -1 -4 125 94 156 31
H E 1 3 94 140 203 109
E N -2 -3 140 93 172 32
N Space -1 2 93 124 156 63
Space T 3 -1 124 93 234 110
T H -1 -1 93 93 187 94
H E 1 3 93 156 140 47
E Y 0 -3 156 109 2278 2122
Y Space -3 2 109 125 249 140
Space V 1 0 125 78 593 468
V I 2 -4 78 110 499 421
I E 0 5 110 125 515 405
E W 0 1 125 109 250 125
W E 0 -1 109 109 265 156
E D -1 0 109 125 218 109
D Space -2 -1 125 125 999 874
Space T 3 -1 125 78 421 296
T H -1 -1 78 109 187 109
H E 1 3 109 141 156 47
E Space -3 -1 141 109 125 -16
Space C 1 1 109 140 172 63
C E 2 0 140 141 405 265
E L -1 -6 141 93 406 265
L L 0 0 93 93 437 344
L S 0 7 93 140 140 47
S Space -2 -2 140 109 187 47
Space U 3 -3 109 94 733 624
U N -2 1 94 94 234 140
N D 1 3 94 125 297 203
D E 1 0 125 265 140 15
E R 0 -1 265 125 172 -93
R Space -3 0 125 109 608 483
Space A 2 3 109 156 203 94
A Space -2 -3 156 124 172 16
Space M 1 -3 124 93 1482 1358
M I 2 -1 93 78 187 94
I C -2 5 78 140 265 187
C R 2 -1 140 141 265 125
R O 0 -5 141 156 343 202
O S -1 7 156 124 656 500
S C -1 -1 124 140 421 297
C O 2 -6 140 94 171 31
O P 0 -1 94 94 234 140
P E 0 7 94 125 375 281
E Space -3 -1 125 124 1061 936
Space T 3 -1 124 94 296 172
T H -1 -1 94 109 203 109
H E 1 3 109 140 125 16
E Space -3 -1 140 140 156 16
Space D 2 1 140 109 1107 967
D O 1 -6 109 110 187 78
O C -2 6 110 109 281 171
C T 2 -2 109 78 406 297
T O 0 -4 78 94 499 421
O R 0 5 94 125 125 31
R S -1 2 125 156 249 124
S Space -2 -2 156 109 172 16
Space S 2 2 109 141 187 78
S T 1 -3 141 94 3198 3057
T A -1 4 94 172 125 31
A R 1 -3 172 78 827 655
R T 0 -1 78 78 187 109
T E 0 2 78 156 109 31
E D -1 0 156 109 203 47
D Space -2 -1 109 140 1560 1451
Space C 1 1 140 140 546 406
C R 2 -1 140 110 842 702
R Y 0 -2 110 94 250 140
Y I 0 -2 94 94 218 124
I N -2 2 94 94 203 109
N G 1 1 94 78 234 140
G Space -2 1 78 125 156 78
Space B 1 -1 125 93 297 172
B E 2 2 93 124 468 375
E C -2 0 124 78 296 172
C A 1 2 78 125 140 62
A U 1 -6 125 78 437 312
U S -1 5 78 124 141 63
S E 1 -1 124 141 249 125
E Space -3 -1 141 124 1701 1560
Space I 3 -4 124 78 592 468
I T 0 3 78 78 266 188
T Space -3 1 78 109 140 62
Space T 3 -1 109 110 140 31
T U 0 -2 110 93 344 234
U R 0 3 93 125 358 265
R N -2 -2 125 124 344 219
N E 2 3 124 125 140 16
E D -1 0 125 125 234 109
D Space -2 -1 125 94 109 -16
Space O 3 -5 94 124 453 359
O U 0 2 124 94 249 125
U T 0 2 94 78 265 171
T Space -3 1 78 141 156 78
Space T 3 -1 141 94 156 15
T O 0 -4 94 109 406 312
O Space -3 5 109 125 218 109
Space B 1 -1 125 109 1264 1139
B E 2 2 109 140 156 47
E Space -3 -1 140 109 187 47
Space A 2 3 109 140 141 32
A Space -2 -3 140 93 156 16
Space V 1 0 93 78 234 141
V E 2 1 78 140 218 140
E R 0 -1 140 156 234 94
R Y 0 -2 156 78 187 31
Y Space -3 2 78 141 156 78
Space R 3 0 141 94 437 296
R A -1 3 94 156 94 0
A R 1 -3 156 78 202 46
R E 0 1 78 141 125 47
E Space -3 -1 141 125 234 93
Space F 2 0 125 125 1186 1061
F O 1 -5 125 125 171 46
O R 0 5 125 156 110 -15
R M -2 -3 156 78 171 15
M Space -1 3 78 109 172 94
Space O 3 -5 109 109 390 281
O F -1 5 109 141 249 140
F Space -2 0 141 140 375 234
Space P 3 -6 140 110 1107 967
P A -1 9 110 140 172 62
A N -1 -5 140 109 359 219
N C 0 3 109 94 561 452
C R 2 -1 94 140 188 94
R E 0 1 140 140 156 16
E A -1 2 140 156 249 109
A T 1 -4 156 94 187 31
T I 0 -3 94 94 515 421
I C -2 5 94 141 156 62
C Space -1 -1 141 109 156 15
Space C 1 1 109 141 187 78
C A 1 2 141 140 406 265
A N -1 -5 140 109 203 63
N C 0 3 109 109 218 109
C E 2 0 109 265 219 110
E R 0 -1 265 156 187 -78
R Space -3 0 156 140 577 421
Space T 3 -1 140 109 390 250
T H -1 -1 109 93 203 94
H A 0 5 93 171 47 -46
A T 1 -4 171 78 218 47
T Space -3 1 78 109 156 78
Space I 3 -4 109 109 172 63
I S -1 6 109 141 171 62
S Space -2 -2 141 141 109 -32
Space C 1 1 141 140 297 156
C U 2 -4 140 94 577 437
U R 0 3 94 63 343 249
R A -1 3 63 156 141 78
A B -1 -4 156 78 608 452
B L 1 -4 78 78 499 421
L E 1 6 78 156 156 78
E Space -3 -1 156 140 172 16
Space W 3 2 140 156 1279 1139
W I 0 -6 156 78 172 16
I T 0 3 78 109 218 140
T H -1 -1 109 109 203 94
H Space -2 2 109 141 171 62
Space S 2 2 141 140 562 421
S U 1 -5 140 125 234 94
U R 0 3 125 140 234 109
R G -1 -1 140 94 499 359
G E 1 2 94 234 203 109
E R 0 -1 234 141 187 -47
R Y 0 -2 141 109 359 218
Y OemPeriod -2 -3 109 109 1357 1248
OemPeriod Space -1 5 109 109 219 110
Space Capital 2 4 109 250 530 421
Capital I 1 -8 250 109 156 -94
I Space -3 4 109 125 187 78
Space H 2 -2 125 94 234 109
H A 0 5 94 188 109 15
A D 0 -2 188 141 234 46
D Space -2 -1 141 109 172 31
Space T 3 -1 109 93 250 141
T H -1 -1 93 109 187 94
H E 1 3 109 140 156 47
E Space -3 -1 140 78 156 16
Space S 2 2 78 141 1185 1107
S U 1 -5 141 94 250 109
U R 0 3 94 141 265 171
R G -1 -1 141 78 265 124
G E 1 2 78 172 390 312
E R 0 -1 172 93 219 47
R Y 0 -2 93 78 265 172
Y Space -3 2 78 109 156 78
Space A 2 3 109 140 172 63
A N -1 -5 140 125 171 31
N D 1 3 125 124 219 94
D Space -2 -1 124 109 140 16
Space LShiftKey 1 4 109 328 312 203
LShiftKey I 2 -8 328 109 234 -94
I Space -3 4 109 141 187 78
Space A 2 3 141 140 640 499
A M -1 -6 140 109 187 47
M Space -1 3 109 125 187 78
Space F 2 0 125 124 531 406
F I 1 -4 124 109 156 32
I N -2 2 109 110 280 171
N E 2 3 110 140 188 78
E Space -3 -1 140 125 202 62
Space N 1 -2 125 94 328 203
N O 2 -3 94 62 827 733
O W 0 7 62 140 47 -15
W OemPeriod -2 -7 140 78 2698 2558
OemPeriod Capital 1 9 78 78 8190 8112
Capital Left -2 -11 78 125 936 858
Left Return 2 -1 125 109 3807 3682
Return LShiftKey -1 12 109 297 9453 9344
LShiftKey T 2 -5 297 93 188 -109
T H -1 -1 93 78 5616 5523
H I 1 -2 78 93 187 109
I S -1 6 93 140 156 63
S Space -2 -2 140 109 125 -15
Space W 3 2 109 94 670 561
W A -1 1 94 171 188 94
A S 0 -1 171 109 109 -62
S Space -2 -2 109 124 47 -62
Space T 3 -1 124 78 234 110
T H -1 -1 78 94 171 93
H E 1 3 94 125 125 31
E Space -3 -1 125 109 109 -16
Space C 1 1 109 124 531 422
C L 1 -6 124 110 202 78
L O 1 0 110 93 219 109
O S -1 7 93 141 171 78
S E 1 -1 141 141 234 93
E S -1 1 141 140 344 203
S T 1 -3 140 109 312 172
T Space -3 1 109 93 234 125
Space I 3 -4 93 78 1263 1170
I Space -3 4 78 125 172 94
Space H 2 -2 125 93 312 187
H A 0 5 93 156 125 32
A V -1 -3 156 78 187 31
V E 2 1 78 140 156 78
E Space -3 -1 140 141 62 -78
Space B 1 -1 141 93 453 312
B E 2 2 93 109 249 156
E E 0 0 109 110 187 78
E N -2 -3 110 109 203 93
N Space -1 2 109 109 219 110
Space T 3 -1 109 124 983 874
T O 0 -4 124 94 140 16
O Space -3 5 94 125 156 62
Space F 2 0 125 125 437 312
F A 0 3 125 218 187 62
A C -1 -2 218 125 218 0
C I 2 -5 125 94 172 47
I N -2 2 94 109 187 93
N G 1 1 109 125 187 78
G Space -2 1 125 109 141 16
Space D 2 1 109 125 343 234
D E 1 0 125 140 156 31
E A -1 2 140 156 203 63
A T 1 -4 156 93 234 78
T H -1 -1 93 78 1388 1295
H Oemcomma -1 -2 78 78 484 406
Oemcomma Space -1 4 78 109 140 62
Space A 2 3 109 156 94 -15
A N -1 -5 156 78 171 15
N D 1 3 78 140 172 94
D Space -2 -1 140 109 125 -15
Space G 2 -1 109 78 312 203
G Back 2 -8 78 125 702 624
Back H -2 7 125 78 655 530
H O 1 -3 78 78 296 218
O P 0 -1 78 93 188 110
P E 0 7 93 124 234 141
E Space -3 -1 124 140 1482 1358
Space I 3 -4 140 109 1076 936
I T 0 3 109 78 250 141
T Oem7 -1 -6 78 93 733 655
Oem7 S 0 9 93 141 171 78
S Space -2 -2 141 125 78 -63
Space T 3 -1 125 109 281 156
T H -1 -1 109 110 187 78
H E 1 3 110 125 141 31
E Space -3 -1 125 109 109 -16
Space C 1 1 109 140 203 94
C L 1 -6 140 109 265 125
L O 1 0 109 93 203 94
O S -1 7 93 125 171 78
S E 1 -1 125 109 219 94
E S -1 1 109 125 218 109
S T 1 -3 125 109 328 203
T Space -3 1 109 109 218 109
Space LShiftKey 1 4 109 63 967 858
LShiftKey I 2 -8 63 125 141 78
I LShiftKey -2 8 125 125 62 -63
LShiftKey Back 3 -13 125 109 1311 1186
Back LShiftKey -3 13 109 452 218 109
LShiftKey I 2 -8 452 125 374 -78
I Space -3 4 125 125 203 78
Space G 2 -1 125 78 655 530
G E 1 2 78 124 188 110
E T 0 -2 124 94 124 0
T Space -3 1 94 109 188 94
Space T 3 -1 109 109 218 109
T Back 1 -8 109 125 1201 1092
Back F -2 9 125 125 1061 936
F O 1 -5 125 140 250 125
O R 0 5 140 141 171 31
R Space -3 0 141 109 172 31
Space A 2 3 109 172 171 62
A Space -2 -3 172 125 125 -47
Space F 2 0 125 78 1061 936
F E 1 1 78 125 203 125
E W 0 1 125 140 203 78
W Space -3 -2 140 125 124 -16
Space M 1 -3 125 62 500 375
M O 2 -2 62 109 296 234
O R 0 5 109 171 203 94
R E 0 1 171 156 125 -46
E Space -3 -1 156 141 124 -32
Space D 2 1 141 124 266 125
D E 1 0 124 156 140 16
E C -2 0 156 125 265 109
C A 1 2 125 125 983 858
A D 0 -2 125 141 218 93
D E 1 0 141 140 141 0
E S -1 1 140 125 218 78
S OemPeriod -1 -7 125 109 1654 1529
OemPeriod Space -1 5 109 109 218 109
Space LShiftKey 1 4 109 483 172 63
LShiftKey H 1 -6 483 78 421 -62
H A 0 5 78 156 203 125
A V -1 -3 156 109 234 78
V I 2 -4 109 109 499 390
I N -2 2 109 78 203 94
N G 1 1 78 78 249 171
G Space -2 1 78 93 188 110
Space L 2 -5 93 62 1513 1420
L I 1 1 62 78 203 141
I V -2 4 78 62 374 296
V E 2 1 62 140 156 94
E D -1 0 140 109 187 47
D Space -2 -1 109 140 141 32
Space T 3 -1 140 109 296 156
T H -1 -1 109 94 218 109
H R 1 2 94 125 453 359
R I 0 -4 125 141 218 93
I Back 1 -5 141 93 796 655
Back O -1 4 93 109 359 266
O U 0 2 109 109 249 140
U G -1 2 109 78 265 156
G H 0 -1 78 109 172 94
H Space -2 2 109 140 172 63
Space I 3 -4 140 125 592 452
I T 0 3 125 156 172 47
T Oemcomma -2 -3 156 109 889 733
Oemcomma Space -1 4 109 125 156 47
Space LShiftKey 1 4 125 203 109 -16
LShiftKey I 2 -8 203 109 125 -78
I Space -3 4 109 140 125 16
Space C 1 1 140 141 374 234
C A 1 2 141 171 110 -31
A N -1 -5 171 125 202 31
N Space -1 2 125 187 172 47
Space N 1 -2 187 93 1295 1108
N O 2 -3 93 125 249 156
O W 0 7 125 140 406 281
W Space -3 -2 140 109 203 63
Space S 2 2 109 172 187 78
S A 0 1 172 125 187 15
A Y 1 -5 125 78 250 125
Y Space -3 2 78 171 1560 1482
Space T 3 -1 171 94 764 593
T H -1 -1 94 94 203 109
H I 1 -2 94 109 203 109
I S -1 6 109 125 187 78
S Space -2 -2 125 125 109 -16
Space T 3 -1 125 156 406 281
T O 0 -4 156 109 156 0
O Space -3 5 109 156 203 94
Space Y 3 -2 156 94 1232 1076
Y O 0 -3 94 109 234 140
O U 0 2 109 93 172 63
U Space -3 3 93 124 156 63
Space W 3 2 124 140 655 531
W I 0 -6 140 93 312 172
I T 0 3 93 93 312 219
T H -1 -1 93 78 203 110
H Space -2 2 78 109 171 93
Space A 2 3 109 140 203 94
A Space -2 -3 140 109 125 -15
Space B 1 -1 109 78 187 78
B I 2 -3 78 109 359 281
I T 0 3 109 109 296 187
T Space -3 1 109 109 983 874
Space M 1 -3 109 94 655 546
M O 2 -2 94 124 219 125
O R 0 5 124 156 265 141
R E 0 1 156 172 109 -47
E Space -3 -1 172 140 156 -16
Space C 1 1 140 124 328 188
C E 2 0 124 218 343 219
E R 0 -1 218 156 156 -62
R T 0 -1 156 93 2496 2340
T A -1 4 93 172 187 94
A I 1 -7 172 94 265 93
I N -2 2 94 110 187 93
N I 2 -2 110 125 234 124
I T 0 3 125 94 359 234
T Y 0 -1 94 94 203 109
Y Space -3 2 94 109 2574 2480
Space Back 4 -9 109 78 1092 983
Back Back 0 0 78 78 172 94
Back Back 0 0 78 78 171 93
Back Back 0 0 78 93 609 531
Back T -1 8 93 78 546 453
T Y 0 -1 78 94 140 62
Y Space -3 2 94 110 140 46
Space T 3 -1 110 78 188 78
T H -1 -1 78 94 171 93
H A 0 5 94 140 94 0
A N -1 -5 140 93 312 172
N Space -1 2 93 109 234 141
Space W 3 2 109 110 2511 2402
W H -1 -4 110 78 188 78
H E 1 3 78 125 187 109
E N -2 -3 125 94 140 15
N Space -1 2 94 110 187 93
Space D 2 1 110 140 344 234
D E 1 0 140 124 156 16
E A -1 2 124 140 187 63
A T 1 -4 140 94 187 47
T H -1 -1 94 93 203 109
H Space -2 2 93 109 203 110
Space W 3 2 109 94 1934 1825
W A -1 1 94 203 187 93
A S 0 -1 203 140 141 -62
S Space -2 -2 140 156 124 -16
Space U 3 -3 156 94 858 702
U S -1 5 94 171 141 47
S E 1 -1 171 140 265 94
E F -1 -1 140 109 640 500
F U 1 -3 109 78 499 390
U L -1 -2 78 47 234 156
L K 0 1 47 47 15 -32
K Back 2 -5 47 93 1982 1935
Back Space -4 9 93 109 811 718
Space B 1 -1 109 94 561 452
B U 2 -2 94 93 188 94
U T 0 2 93 94 171 78
T Space -3 1 94 93 172 78
Space P 3 -6 93 109 2215 2122
P U 0 3 109 93 983 874
U R 0 3 93 187 265 172
R E 0 1 187 125 655 468
E L -1 -6 125 78 141 16
L Y 1 3 78 93 234 156
Y Space -3 2 93 109 171 78
Space I 3 -4 109 94 390 281
I N -2 2 94 109 172 78
N T 2 1 109 78 296 187
T E 0 2 78 125 234 156
E L -1 -6 125 78 328 203
L L 0 0 78 78 156 78
L E 1 6 78 125 2043 1965
E C -2 0 125 125 250 125
C T 2 -2 125 78 234 109
T U 0 -2 78 93 437 359
U A -1 6 93 171 125 32
A L 0 -8 171 78 156 -15
L Space -2 5 78 125 202 124
Space C 1 1 125 109 219 94
C O 2 -6 109 109 187 78
O N -2 3 109 94 234 125
N C 0 3 94 125 265 171
C E 2 0 125 156 234 109
E P 0 -7 156 110 343 187
P T 0 5 110 78 437 327
T OemPeriod -2 -4 78 94 515 437
OemPeriod Return 1 -3 94 125 203 109
Return LShiftKey -1 12 125 234 2028 1903
LShiftKey N 0 -6 234 78 93 -141
N O 2 -3 78 109 172 94
O Space -3 5 109 94 156 47
Space O 3 -5 94 110 140 46
O N -2 3 110 78 203 93
N E 2 3 78 125 265 187
E Space -3 -1 125 125 219 94
Space W 3 2 125 93 1451 1326
W A -1 1 93 141 202 109
A N -1 -5 141 78 156 15
N T 2 1 78 94 250 172
T S -1 3 94 140 125 31
S Space -2 -2 140 109 125 -15
Space T 3 -1 109 141 327 218
T O 0 -4 141 109 156 15
O Space -3 5 109 125 172 63
Space D 2 1 125 140 265 140
D I 1 -5 140 125 343 203
I E 0 5 125 141 234 109
E OemPeriod -2 -6 141 110 1045 904
OemPeriod Space -1 5 110 94 203 93
Space LShiftKey 1 4 94 343 78 -16
LShiftKey E 2 -3 343 156 265 -78
E V -2 -1 156 78 328 172
V A 1 3 78 156 140 62
A Back 2 -12 156 62 765 609
Back E -1 10 62 124 983 921
E B -2 -2 124 63 171 47
B Back 3 -8 63 125 390 327
Back N -3 7 125 109 250 125
N Space -1 2 109 141 140 31
Space P 3 -6 141 93 297 156
P E 0 7 93 140 218 125
E O 0 -6 140 93 250 110
O P 0 -1 93 109 187 94
P L -1 1 109 141 249 140
L E 1 6 141 109 250 109
E Space -3 -1 109 187 827 718
Space W 3 2 187 94 2402 2215
W H -1 -4 94 94 109 15
H O 1 -3 94 109 203 109
O Space -3 5 109 141 156 47
Space W 3 2 141 125 312 171
W A -1 1 125 125 265 140
A N -1 -5 125 94 156 31
N T 2 1 94 78 250 156
T Space -3 1 78 202 172 94
Space T 3 -1 202 78 156 -46
T O 0 -4 78 125 280 202
O Space -3 5 125 141 234 109
Space G 2 -1 141 93 1202 1061
G O 1 -4 93 141 249 156
O Space -3 5 141 125 172 31
Space T 3 -1 125 140 187 62
T O 0 -4 140 156 94 -46
O Space -3 5 156 109 171 15
Space H 2 -2 109 110 265 156
H E 1 3 110 125 219 109
E A -1 2 125 172 218 93
A V -1 -3 172 78 265 93
V E 2 1 78 125 203 125
E N -2 -3 125 125 328 203
N Space -1 2 125 125 1061 936
Space D 2 1 125 125 702 577
D O 1 -6 125 94 187 62
O N -2 3 94 62 234 140
N Oem7 1 -5 62 93 593 531
Oem7 T 1 6 93 140 437 344
T Space -3 1 140 140 156 16
Space W 3 2 140 110 358 218
W A -1 1 110 140 188 78
A N -1 -5 140 78 156 16
N T 2 1 78 93 312 234
T Space -3 1 93 141 171 78
Space T 3 -1 141 78 172 31
T O 0 -4 78 109 359 281
O Space -3 5 109 156 156 47
Space D 2 1 156 140 296 140
D I 1 -5 140 109 468 328
I E 0 5 109 141 218 109
E Space -3 -1 141 125 2169 2028
Space T 3 -1 125 141 483 358
T O 0 -4 141 93 188 47
O Space -3 5 93 140 140 47
Space G 2 -1 140 93 328 188
G E 1 2 93 141 124 31
E T 0 -2 141 94 125 -16
T Space -3 1 94 93 172 78
Space T 3 -1 93 78 125 32
T H -1 -1 78 94 202 124
H E 1 3 94 172 203 109
E R 0 -1 172 94 203 31
R E 0 1 94 172 140 46
E OemPeriod -2 -6 172 109 656 484
OemPeriod Space -1 5 109 110 202 93
Space LShiftKey 1 4 110 234 125 15
LShiftKey A 1 -1 234 156 156 -78
A N -1 -5 156 110 187 31
N D 1 3 110 109 203 93
D Space -2 -1 109 109 125 16
Space Y 3 -2 109 93 484 375
Y E 0 3 93 141 1060 967
E T 0 -2 141 78 188 47
T D -1 2 78 125 3244 3166
D E 1 0 125 171 63 -62
E Back 1 -10 171 78 749 578
Back Back 0 0 78 93 156 78
Back Space -4 9 93 125 499 406
Space D 2 1 125 93 515 390
D E 1 0 93 63 202 109
E A -1 2 63 156 94 31
A T 1 -4 156 94 156 0
T H -1 -1 94 78 499 405
H Space -2 2 78 94 156 78
Space I 3 -4 94 124 297 203
I S -1 6 124 140 156 32
S Space -2 -2 140 110 124 -16
Space T 3 -1 110 78 234 124
T H -1 -1 78 93 188 110
H E 1 3 93 156 109 16
E Space -3 -1 156 94 140 -16
Space S 2 2 94 156 219 125
S Back 2 -11 156 109 468 312
Back D -2 10 109 172 171 62
D E 1 0 172 156 109 -63
E S -1 1 156 140 297 141
S T 1 -3 140 94 171 31
T I 0 -3 94 94 1014 920
I N -2 2 94 94 796 702
N A 1 5 94 172 140 46
A T 1 -4 172 78 266 94
T I 0 -3 78 78 296 218
I O 0 -1 78 78 156 78
O N -2 3 78 109 203 125
N Space -1 2 109 125 218 109
Space W 3 2 125 202 1311 1186
W E 0 -1 202 156 124 -78
E Space -3 -1 156 125 141 -15
Space A 2 3 125 156 203 78
A L 0 -8 156 78 218 62
L L 0 0 78 109 156 78
L Space -2 5 109 140 156 47
Space S 2 2 140 125 203 63
S H 0 -4 125 93 203 78
H A 0 5 93 203 109 16
A R 1 -3 203 203 327 124
R E 0 1 203 156 172 -31
E OemPeriod -2 -6 156 109 1030 874
OemPeriod Space -1 5 109 109 187 78
Space LShiftKey 1 4 109 280 125 16
LShiftKey N 0 -6 280 78 187 -93
N O 2 -3 78 109 187 109
O Space -3 5 109 125 140 31
Space O 3 -5 125 110 156 31
O N -2 3 110 94 203 93
N E 2 3 94 125 187 93
E Space -3 -1 125 78 156 31
Space H 2 -2 78 78 3838 3760
H A 0 5 78 202 94 16
A S 0 -1 202 156 187 -15
S Space -2 -2 156 141 140 -16
Space E 3 1 141 156 297 156
E V -2 -1 156 93 234 78
V E 2 1 93 125 140 47
E R 0 -1 125 93 203 78
R Space -3 0 93 109 187 94
Space E 3 1 109 141 296 187
E S -1 1 141 140 422 281
S C -1 -1 140 141 202 62
C A 1 2 141 140 219 78
A P 1 -9 140 109 499 359
P E 0 7 109 156 125 16
E D -1 0 156 93 203 47
D Space -2 -1 93 124 156 63
Space I 3 -4 124 109 1123 999
I T 0 3 109 156 234 125
T OemPeriod -2 -4 156 93 437 281
OemPeriod Space -1 5 93 125 218 125
Space LShiftKey 1 4 125 421 718 593
LShiftKey A 1 -1 421 156 327 -94
A N -1 -5 156 94 515 359
N D 1 3 94 140 156 62
D Space -2 -1 140 94 78 -62
Space T 3 -1 94 78 218 124
T H -1 -1 78 78 172 94
H A 0 5 78 156 62 -16
A T 1 -4 156 78 188 32
T Space -3 1 78 109 171 93
Space I 3 -4 109 109 3526 3417
I S -1 6 109 156 171 62
S Space -2 -2 156 109 141 -15
Space A 2 3 109 234 171 62
A S 0 -1 234 156 172 -62
S Space -2 -2 156 156 31 -125
Space I 3 -4 156 93 1935 1779
I T 0 3 93 140 265 172
T Space -3 1 140 141 140 0
Space S 2 2 141 125 515 374
S H 0 -4 125 78 187 62
H O 1 -3 78 109 437 359
O U 0 2 109 78 203 94
U L -1 -2 78 140 187 109
L Space -2 5 140 93 281 141
Space D 2 1 93 62 187 94
D Back 2 -10 62 125 281 219
Back Back 0 0 125 109 655 530
Back D -2 10 109 93 250 141
D Space -2 -1 93 124 156 63
Space B 1 -1 124 93 733 609
B E 2 2 93 140 156 63
E Oemcomma -2 -5 140 125 2886 2746
Oemcomma Space -1 4 125 109 187 62
Space B 1 -1 109 78 546 437
B E 2 2 78 140 172 94
E C -2 0 140 78 1201 1061
C A 1 2 78 156 234 156
A U 1 -6 156 93 468 312
U S -1 5 93 265 156 63
S E 1 -1 265 172 171 -94
E Space -3 -1 172 171 1592 1420
Space D 2 1 171 94 1232 1061
D E 1 0 94 78 187 93
E A -1 2 78 188 109 31
A T 1 -4 188 94 172 -16
T H -1 -1 94 109 359 265
H Space -2 2 109 124 203 94
Space I 3 -4 124 156 171 47
I S -1 6 156 156 187 31
S Space -2 -2 156 156 94 -62
Space V 1 0 156 94 312 156
V E 2 1 94 171 172 78
E R 0 -1 171 93 312 141
R Y 0 -2 93 125 218 125
Y Space -3 2 125 140 172 47
Space L 2 -5 140 109 421 281
L I 1 1 109 93 234 125
I K -1 0 93 125 187 94
K E 1 5 125 141 265 140
E L -1 -6 141 124 141 0
L Y 1 3 124 125 514 390
Y Space -3 2 125 171 266 141
Space T 3 -1 171 94 1809 1638
T H -1 -1 94 109 219 125
H E 1 3 109 156 171 62
E Space -3 -1 156 109 172 16
Space S 2 2 109 109 624 515
S I 1 -6 109 109 234 125
I N -2 2 109 124 203 94
N G 1 1 124 140 312 188
G L 0 -4 140 124 234 94
L E 1 6 124 124 312 188
E Space -3 -1 124 125 140 16
Space B 1 -1 125 94 390 265
B E 2 2 94 140 156 62
E S -1 1 140 140 250 110
S T 1 -3 140 110 202 62
T Space -3 1 110 141 203 93
Space I 3 -4 141 93 2013 1872
I N -2 2 93 110 202 109
N V 0 2 110 63 390 280
V E 2 1 63 140 172 109
E N -2 -3 140 93 250 110
N T 2 1 93 109 343 250
T I 0 -3 109 93 312 203
I O 0 -1 93 93 156 63
O N -2 3 93 109 187 94
N Space -1 2 109 125 156 47
Space O 3 -5 125 124 172 47
O F -1 5 124 125 608 484
F Space -2 0 125 125 156 31
Space L 2 -5 125 93 328 203
L I 1 1 93 109 249 156
I F -1 4 109 109 718 609
F E 1 1 109 141 218 109
E OemPeriod -2 -6 141 109 1326 1185
OemPeriod Space -1 5 109 141 343 234
Space LShiftKey 1 4 141 281 219 78
LShiftKey I 2 -8 281 109 156 -125
I T 0 3 109 78 686 577
T Oem7 -1 -6 78 125 1279 1201
Oem7 S 0 9 125 125 312 187
S Space -2 -2 125 234 1139 1014
Space Back 4 -9 234 94 2449 2215
Back Back 0 0 94 93 219 125
Back Back 0 0 93 109 515 422
Back Space -4 9 109 156 296 187
Space I 3 -4 156 94 499 343
I S -1 6 94 140 219 125
S Space -2 -2 140 125 93 -47
Space L 2 -5 125 109 390 265
L I 1 1 109 94 234 125
I F -1 4 94 94 780 686
F E 1 1 94 140 172 78
E Oem7 -1 -8 140 110 561 421
Oem7 S 0 9 110 156 203 93
S Space -2 -2 156 125 203 47
Space C 1 1 125 125 1903 1778
C H 1 -3 125 94 156 31
H A 0 5 94 187 141 47
A N -1 -5 187 93 156 -31
N G 1 1 93 93 265 172
G E 1 2 93 125 140 47
E Space -3 -1 125 124 141 16
Space A 2 3 124 141 202 78
A G 0 -4 141 78 250 109
G E 1 2 78 141 187 109
E N -2 -3 141 94 281 140
N T 2 1 94 109 281 187
T OemPeriod -2 -4 109 110 1185 1076
OemPeriod Space -1 5 110 140 188 78
Space LShiftKey 1 4 140 296 187 47
LShiftKey I 2 -8 296 93 156 -140
I T 0 3 93 109 281 188
T Space -3 1 109 110 202 93
Space C 1 1 110 109 1077 967
C L 1 -6 109 140 203 94
L E 1 6 140 125 249 109
E A -1 2 125 187 219 94
A R 1 -3 187 94 530 343
R S -1 2 94 140 156 62
S Space -2 -2 140 125 2574 2434
Space P 3 -6 125 62 484 359
P Back 1 -3 62 78 733 671
Back O -1 4 78 78 967 889
O U 0 2 78 93 827 749
U T 0 2 93 78 234 141
T Space -3 1 78 109 156 78
Space T 3 -1 109 94 140 31
T H -1 -1 94 109 203 109
H E 1 3 109 171 125 16
E Space -3 -1 171 94 140 -31
Space O 3 -5 94 78 1763 1669
O L -1 0 78 94 187 109
L S 0 7 94 156 187 93
S Back 2 -11 156 156 344 188
Back D -2 10 156 140 187 31
D Space -2 -1 140 109 156 16
Space T 3 -1 109 125 702 593
T O 0 -4 125 109 140 15
O Space -3 5 109 140 172 63
Space M 1 -3 140 125 218 78
M A 1 6 125 203 593 468
A K 0 -7 203 125 203 0
K E 1 5 125 156 140 15
E Space -3 -1 156 156 203 47
Space W 3 2 156 141 1482 1326
W A -1 1 141 140 203 62
A Y 1 -5 140 93 125 -15
Y Space -3 2 93 125 171 78
Space F 2 0 125 140 609 484
F O 1 -5 140 125 249 109
O R 0 5 125 140 141 16
R Space -3 0 140 109 78 -62
Space T 3 -1 109 109 218 109
T H -1 -1 109 110 187 78
H E 1 3 110 141 125 15
E Space -3 -1 141 78 156 15
Space N 1 -2 78 93 1498 1420
N E 2 3 93 218 156 63
E W 0 1 218 156 171 -47
W OemPeriod -2 -7 156 125 1170 1014
OemPeriod Space -1 5 125 109 219 94
Space LShiftKey 1 4 109 531 93 -16
LShiftKey R 2 -4 531 78 468 -63
R I 0 -4 78 109 593 515
I G -1 3 109 78 281 172
G H 0 -1 78 93 172 94
H T 1 1 93 78 171 78
T Space -3 1 78 109 156 78
Space N 1 -2 109 94 577 468
N O 2 -3 94 125 234 140
O W 0 7 125 109 843 718
W Space -3 -2 109 109 655 546
Space T 3 -1 109 78 406 297
T H -1 -1 78 94 202 124
H E 1 3 94 141 156 62
E Space -3 -1 141 125 141 0
Space N 1 -2 125 94 639 514
N W 2 4 94 234 125 31
W E 0 -1 234 156 187 -47
E Back 1 -10 156 94 593 437
Back Back 0 0 94 94 187 93
Back E -1 10 94 156 328 234
E W 0 1 156 234 78 -78
W Space -3 -2 234 125 343 109
Space I 3 -4 125 93 484 359
I S -1 6 93 156 187 94
S Space -2 -2 156 109 109 -47
Space Y 3 -2 109 78 297 188
Y O 0 -3 78 141 358 280
O U 0 2 141 109 203 62
U Space -3 3 109 171 172 63
Space Oemcomma 1 -4 171 94 1887 1716
Oemcomma Space -1 4 94 109 188 94
Space B 1 -1 109 78 327 218
B U 2 -2 78 109 281 203
U T 0 2 109 109 203 94
T Space -3 1 109 110 171 62
Space S 2 2 110 125 1872 1762
S O 1 -7 125 78 344 219
O M -2 2 78 93 468 390
M E 2 4 93 140 187 94
E D -1 0 140 172 327 187
D A 0 2 172 140 188 16
A Y 1 -5 140 110 124 -16
Y Space -3 2 110 125 219 109
Space N 1 -2 125 63 1154 1029
N O 2 -3 63 93 219 156
O T 0 4 93 78 312 219
T Space -3 1 78 94 171 93
Space T 3 -1 94 109 125 31
T O 0 -4 109 93 406 297
O O 0 0 93 109 156 63
O Space -3 5 109 109 234 125
Space L 2 -5 109 109 1731 1622
L O 1 0 109 109 203 94
O N -2 3 109 109 281 172
N G 1 1 109 78 281 172
G Space -2 1 78 125 171 93
Space F 2 0 125 125 328 203
F R 1 0 125 140 203 78
R O 0 -5 140 93 156 16
O M -2 2 93 124 234 141
M Space -1 3 124 140 265 141
Space N 1 -2 140 78 1045 905
N O 2 -3 78 109 250 172
O W 0 7 109 125 280 171
W Oemcomma -2 -6 125 94 562 437
Oemcomma Space -1 4 94 78 234 140
Space Y 3 -2 78 78 655 577
Y O 0 -3 78 109 328 250
O U 0 2 109 78 171 62
U Space -3 3 78 110 156 78
Space W 3 2 110 125 219 109
W I 0 -6 125 78 187 62
I L -1 -1 78 93 406 328
L Space -2 5 93 140 468 375
Space G 2 -1 140 93 312 172
G R 1 1 93 93 312 219
R A -1 3 93 172 171 78
A D 0 -2 172 124 219 47
D U 1 -4 124 78 421 297
U A -1 6 78 125 374 296
A L 0 -8 125 63 312 187
L L 0 0 63 78 141 78
L Y 1 3 78 94 218 140
Y Space -3 2 94 94 218 124
Space B 1 -1 94 78 1841 1747
B E 2 2 78 140 141 63
E C -2 0 140 156 327 187
C O 2 -6 156 156 265 109
O M -2 2 156 109 281 125
M E 2 4 109 140 141 32
E Space -3 -1 140 109 998 858
Space T 3 -1 109 93 328 219
T H -1 -1 93 109 187 94
H E 1 3 109 140 156 47
E Space -3 -1 140 93 78 -62
Space O 3 -5 93 78 359 266
O L -1 0 78 94 202 124
L D 0 6 94 109 219 125
D Space -2 -1 109 125 156 47
Space A 2 3 125 156 1107 982
A N -1 -5 156 140 188 32
N D 1 3 140 109 265 125
D Space -2 -1 109 124 125 16
Space B 1 -1 124 109 312 188
B E 2 2 109 140 218 109
E Space -3 -1 140 125 140 0
Space C 1 1 125 141 390 265
C L 1 -6 141 109 250 109
L E 1 6 109 125 265 156
E A -1 2 125 218 203 78
A R 1 -3 218 125 265 47
R E 0 1 125 140 281 156
E D -1 0 140 140 234 94
D Space -2 -1 140 156 156 16
Space A 2 3 156 172 140 -16
A W 1 -1 172 125 468 296
W A -1 1 125 141 234 109
A Y 1 -5 141 109 188 47
Y OemPeriod -2 -3 109 109 1201 1092
OemPeriod Space -1 5 109 125 218 109
Space LShiftKey 1 4 125 312 156 31
LShiftKey S 1 -2 312 172 187 -125
S O 1 -7 172 94 515 343
O R 0 5 94 125 312 218
R R 0 0 125 110 187 62
R Y 0 -2 110 94 94 -16
Y Space -3 2 94 109 187 93
Space T 3 -1 109 125 2231 2122
T O 0 -4 125 94 187 62
O Space -3 5 94 125 187 93
Space B 1 -1 125 110 234 109
B E 2 2 110 124 188 78
E Space -3 -1 124 124 156 32
Space S 2 2 124 141 171 47
S O 1 -7 141 109 172 31
O Space -3 5 109 125 171 62
Space D 2 1 125 140 250 125
D R 1 -1 140 93 328 188
R A -1 3 93 140 140 47
A M -1 -6 140 109 328 188
M A 1 6 109 141 124 15
A T 1 -4 141 78 281 140
T I 0 -3 78 109 281 203
I C -2 5 109 93 328 219
C Space -1 -1 93 124 156 63
Space B 1 -1 124 93 421 297
B U 2 -2 93 109 312 219
U T 0 2 109 94 218 109
T Space -3 1 94 125 125 31
Space I 3 -4 125 140 250 125
I T 0 3 140 109 265 125
T Oem7 -1 -6 109 78 827 718
Oem7 S 0 9 78 109 312 234
S Space -2 -2 109 140 140 31
Space Q 3 3 140 125 452 312
Q U 0 -6 125 78 328 203
U I 0 -1 78 109 172 94
I T 0 3 109 78 468 359
T E 0 2 78 171 109 31
E Space -3 -1 171 93 156 -15
Space T 3 -1 93 94 265 172
T R 0 1 94 125 577 483
R U 0 -3 125 94 156 31
U E 0 4 94 140 203 109
E OemPeriod -2 -6 140 125 686 546
OemPeriod Return 1 -3 125 125 593 468
Return Right -2 -1 125 78 1872 1747
Right Right 0 0 78 125 172 94
Right Right 0 0 125 109 218 93
Right Right 0 0 109 110 187 78
Right Right 0 0 110 140 188 78
Right Right 0 0 140 156 218 78
Right L 2 4 156 78 1654 1498
L Back 2 -4 78 93 5023 4945
Back Capital -2 13 93 234 3603 3510
Capital Y 1 -6 234 78 141 -93
Y O 0 -3 78 125 374 296
O U 0 2 125 109 983 858
U R 0 3 109 140 203 94
R Space -3 0 140 110 93 -47
Space T 3 -1 110 78 234 124
T I 0 -3 78 94 437 359
I M -2 1 94 109 219 125
M E 2 4 109 125 187 78
E Space -3 -1 125 125 109 -16
Space I 3 -4 125 125 296 171
I S -1 6 125 140 141 16
S Space -2 -2 140 125 109 -31
Space L 2 -5 125 93 203 78
L I 1 1 93 124 203 110
I M -2 1 124 63 483 359
M I 2 -1 63 109 203 140
I T 0 3 109 78 406 297
T E 0 2 78 141 124 46
E D -1 0 141 125 234 93
D Oemcomma -1 -5 125 110 1170 1045
Oemcomma Space -1 4 110 125 172 62
Space S 2 2 125 125 374 249
S O 1 -7 125 93 110 -15
O Space -3 5 93 140 156 63
Space D 2 1 140 109 327 187
D O 1 -6 109 94 437 328
O N -2 3 94 62 437 343
N Oem7 1 -5 62 94 811 749
Oem7 T 1 6 94 141 187 93
T Space -3 1 141 141 156 15
Space W 3 2 141 109 359 218
W A -1 1 109 188 218 109
A S 0 -1 188 203 125 -63
S T 1 -3 203 94 4571 4368
T E 0 2 94 141 140 46
E RShiftKey -2 -8 141 250 2543 2402
RShiftKey Back 3 -2 250 78 6474 6224
Back Y -1 7 78 62 531 453
Y Capital -1 6 62 141 1762 1700
Capital Space -2 -4 141 94 2122 1981
Space I 3 -4 94 124 328 234
I T 0 3 124 94 249 125
T Space -3 1 94 109 172 78
Space L 2 -5 109 93 671 562
L I 1 1 93 94 202 109
I V -2 4 94 109 718 624
V I 2 -4 109 94 109 0
I N -2 2 94 94 187 93
N G 1 1 94 94 234 140
G Space -2 1 94 63 203 109
Space S 2 2 63 109 1638 1575
S O 1 -7 109 93 172 63
O M -2 2 93 109 218 125
M E 2 4 109 140 219 110
E O 0 -6 140 109 561 421
O N -2 3 109 125 203 94
N E 2 3 125 125 296 171
E Oem7 -1 -8 125 109 734 609
Oem7 S 0 9 109 125 171 62
S Space -2 -2 125 140 141 16
Space E 3 1 140 141 358 218
E L -1 -6 141 94 250 109
L S 0 7 94 187 125 31
S E 1 -1 187 140 203 16
E Space -3 -1 140 125 234 94
Space Back 4 -9 125 47 1357 1232
Back Back 0 0 47 78 125 78
Back Back 0 0 78 93 156 78
Back Back 0 0 93 94 171 78
Back Back 0 0 94 110 156 62
Back Back 0 0 110 109 172 62
Back Back 0 0 109 93 172 63
Back Back 0 0 93 140 218 125
Back Space -4 9 140 125 437 297
Space E 3 1 125 141 561 436
E L -1 -6 141 94 281 140
L S 0 7 94 156 109 15
S E 1 -1 156 140 297 141
E Oem7 -1 -8 140 78 561 421
Oem7 S 0 9 78 125 203 125
S Space -2 -2 125 125 156 31
Space L 2 -5 125 78 484 359
L I 1 1 78 94 249 171
I F -1 4 94 187 1389 1295
F E 1 1 187 110 171 -16
E OemPeriod -2 -6 110 94 905 795
OemPeriod Space -1 5 94 125 203 109
Space LShiftKey 1 4 125 312 577 452
LShiftKey D 1 -3 312 156 187 -125
D O 1 -6 156 125 219 63
O N -2 3 125 78 374 249
N Oem7 1 -5 78 110 733 655
Oem7 T 1 6 110 94 328 218
T Space -3 1 94 109 172 78
Space B 1 -1 109 94 405 296
B E 2 2 94 140 141 47
E Space -3 -1 140 125 171 31
Space T 3 -1 125 109 234 109
T R 0 1 109 78 187 78
R A -1 3 78 140 141 63
A P 1 -9 140 63 405 265
P P 0 0 63 94 156 93
P E 0 7 94 141 156 62
E D -1 0 141 125 156 15
D Space -2 -1 125 140 297 172
Space B 1 -1 140 78 842 702
B Y 2 -1 78 109 359 281
Y Space -3 2 109 109 187 78
Space D 2 1 109 93 1311 1202
D O 1 -6 93 93 187 94
O G -1 4 93 78 515 422
G M -1 -2 78 140 265 187
M A 1 6 140 156 187 47
A Space -2 -3 156 140 640 484
Space OemMinus 4 -7 140 94 124 -16
OemMinus Space -4 7 94 141 156 62
Space W 3 2 141 140 812 671
W H -1 -4 140 78 187 47
H I 1 -2 78 110 171 93
I C -2 5 110 140 219 109
C H 1 -3 140 78 171 31
H Space -2 2 78 125 156 78
Space I 3 -4 125 140 172 47
I S -1 6 140 125 234 94
S Space -2 -2 125 109 172 47
Space L 2 -5 109 78 1216 1107
L I 1 1 78 109 203 125
I V -2 4 109 78 499 390
V I 2 -4 78 109 203 125
I N -2 2 109 93 250 141
N G 1 1 93 78 249 156
G Space -2 1 78 94 156 78
Space T 3 -1 94 94 172 78
T H -1 -1 94 109 187 93
H E 1 3 109 125 187 78
E Space -3 -1 125 124 188 63
Space R 3 0 124 94 1341 1217
R E 0 1 94 125 172 78
E S -1 1 125 140 281 156
S U 1 -5 140 78 202 62
U L -1 -2 78 94 250 172
L T 1 4 94 109 343 249
T S -1 3 109 141 187 78
S Space -2 -2 141 109 172 31
Space O 3 -5 109 109 1030 921
O F -1 5 109 125 171 62
F Space -2 0 125 110 109 -16
Space T 3 -1 110 94 234 124
T Back 1 -8 94 172 1872 1778
Back O -1 4 172 94 874 702
O T 0 4 94 93 562 468
T H -1 -1 93 93 234 141
H E 1 3 93 156 156 63
E R 0 -1 156 78 187 31
R Space -3 0 78 125 3291 3213
Space P 3 -6 125 109 656 531
P E 0 7 109 125 218 109
E O 0 -6 125 93 172 47
O P 0 -1 93 109 218 125
P L -1 1 109 125 343 234
L E 1 6 125 125 250 125
E Oem7 -1 -8 125 140 390 265
Oem7 S 0 9 140 109 374 234
S Space -2 -2 109 125 109 0
Space T 3 -1 125 93 422 297
T H -1 -1 93 94 202 109
H I 1 -2 94 140 219 125
I N -2 2 140 94 265 125
N K 1 -2 94 94 234 140
K I 1 0 94 125 187 93
I N -2 2 125 109 203 78
N G 1 1 109 78 265 156
G OemPeriod -1 -4 78 156 999 921
OemPeriod Space -1 5 156 125 1357 1201
Space LShiftKey 1 4 125 390 327 202
LShiftKey D 1 -3 390 156 250 -140
D O 1 -6 156 94 312 156
O N -2 3 94 94 296 202
N Oem7 1 -5 94 78 858 764
Oem7 T 1 6 78 109 484 406
T Space -3 1 109 109 187 78
Space L 2 -5 109 109 1170 1061
L E 1 6 109 125 203 94
E T 0 -2 125 78 172 47
T Space -3 1 78 110 124 46
Space T 3 -1 110 93 141 31
T H -1 -1 93 109 203 110
H E 1 3 109 140 156 47
E Space -3 -1 140 140 140 0
Space N 1 -2 140 93 437 297
N O 2 -3 93 110 249 156
O I 0 1 110 109 203 93
I S -1 6 109 140 281 172
S E 1 -1 140 140 234 94
E Space -3 -1 140 109 1139 999
Space O 3 -5 109 125 577 468
O F -1 5 125 140 234 109
F Space -2 0 140 110 140 0
Space O 3 -5 110 110 624 514
O T 0 4 110 94 484 374
T H -1 -1 94 93 203 109
H E 1 3 93 156 125 32
E R 0 -1 156 62 187 31
R Oem7 -1 -7 62 94 1731 1669
Oem7 S 0 9 94 125 312 218
S Space -2 -2 125 94 94 -31
Space O 3 -5 94 93 406 312
O P 0 -1 93 94 171 78
P I 0 2 94 109 219 125
I N -2 2 109 78 499 390
N I 2 -2 78 109 187 109
I O 0 -1 109 110 218 109
O N -2 3 110 124 266 156
N S 1 4 124 94 2121 1997
S Space -2 -2 94 125 109 15
Space D 2 1 125 141 234 109
D R 1 -1 141 125 1326 1185
R O 0 -5 125 109 1124 999
O W 0 7 109 125 187 78
W N -2 -4 125 94 218 93
N Space -1 2 94 125 172 78
Space O 3 -5 125 109 437 312
O U 0 2 109 93 265 156
U T 0 2 93 94 249 156
T Space -3 1 94 110 156 62
Space Y 3 -2 110 109 1592 1482
Y O 0 -3 109 125 405 296
O U 0 2 125 110 187 62
U R 0 3 110 156 156 46
R Space -3 0 156 125 141 -15
Space I 3 -4 125 109 1373 1248
I N -2 2 109 93 265 156
N N 0 0 93 94 171 78
N E 2 3 94 249 188 94
E R 0 -1 249 172 171 -78
R Space -3 0 172 125 172 0
Space V 1 0 125 78 327 202
V O 2 -5 78 125 531 453
O I 0 1 125 109 156 31
I C -2 5 109 172 327 218
C E 2 0 172 156 156 -16
E OemPeriod -2 -6 156 156 1170 1014
OemPeriod Space -1 5 156 141 312 156
Space LShiftKey 1 4 141 250 406 265
LShiftKey A 1 -1 250 172 156 -94
A N -1 -5 172 109 234 62
N D 1 3 109 125 203 94
D Space -2 -1 125 125 140 15
Space M 1 -3 125 78 1685 1560
M O 2 -2 78 109 203 125
O S -1 7 109 124 281 172
S T 1 -3 124 93 156 32
T Space -3 1 93 93 187 94
Space I 3 -4 93 109 1451 1358
I M -2 1 109 94 202 93
M P 2 -3 94 109 437 343
P O 0 1 109 109 141 32
O R 0 5 109 125 249 140
R T 0 -1 125 93 250 125
T A -1 4 93 141 249 156
A N -1 -5 141 109 219 78
N T 2 1 109 94 265 156
T Oemcomma -2 -3 94 140 1763 1669
Oemcomma Space -1 4 140 140 187 47
Space H 2 -2 140 109 359 219
H A 0 5 109 156 171 62
A V -1 -3 156 94 172 16
V E 2 1 94 156 140 46
E Space -3 -1 156 124 110 -46
Space T 3 -1 124 109 265 141
T H -1 -1 109 109 203 94
H E 1 3 109 156 234 125
E Space -3 -1 156 125 358 202
Space C 1 1 125 109 1061 936
C O 2 -6 109 93 219 110
O U 0 2 93 125 202 109
U R 0 3 125 93 500 375
R A -1 3 93 188 124 31
A G 0 -4 188 110 234 46
G E 1 2 110 156 188 78
E Space -3 -1 156 156 124 -32
Space T 3 -1 156 156 936 780
T O 0 -4 156 109 141 -15
O Space -3 5 109 156 156 47
Space F 2 0 156 125 561 405
F O 1 -5 125 109 500 375
O L -1 0 109 62 374 265
L L 0 0 62 63 140 78
L O 1 0 63 94 172 109
O W 0 7 94 141 187 93
W Space -3 -2 141 124 141 0
Space Y 3 -2 124 78 1076 952
Y O 0 -3 78 125 265 187
O U 0 2 125 141 156 31
U R 0 3 141 156 250 109
R Space -3 0 156 140 125 -31
Space H 2 -2 140 109 405 265
H E 1 3 109 140 328 219
E A -1 2 140 140 234 94
A R 1 -3 140 156 218 78
R T 0 -1 156 141 312 156
T Space -3 1 141 125 172 31
Space A 2 3 125 187 187 62
A N -1 -5 187 110 140 -47
N D 1 3 110 141 312 202
D Space -2 -1 141 141 234 93
Space I 3 -4 141 93 1124 983
I N -2 2 93 110 202 109
N T 2 1 110 124 656 546
T U 0 -2 124 110 202 78
U I 0 -1 110 125 203 93
I T 0 3 125 156 406 281
T I 0 -3 156 94 249 93
I O 0 -1 94 94 156 62
O N -2 3 94 141 234 140
N OemPeriod 0 -3 141 109 1139 998
OemPeriod Space -1 5 109 125 187 78
Space LShiftKey 1 4 125 702 172 47
LShiftKey T 2 -5 702 16 234 -468
T H -1 -1 16 93 1420 1404
H E 1 3 93 124 234 141
E Y 0 -3 124 125 327 203
Y Space -3 2 125 109 219 94
Space S 2 2 109 109 1201 1092
S O 1 -7 109 93 203 94
O M -2 2 93 125 202 109
M E 2 4 125 140 219 94
E H -1 -3 140 109 343 203
H O 1 -3 109 109 515 406
O W 0 7 109 141 452 343
W Space -3 -2 141 156 234 93
Space A 2 3 156 140 1061 905
A L 0 -8 140 140 156 16
L R 1 5 140 141 265 125
R E 0 1 141 156 125 -16
E A -1 2 156 203 296 140
A D 0 -2 203 156 188 -15
D Y 1 -3 156 109 218 62
Y Space -3 2 109 125 187 78
Space K 2 -4 125 94 1201 1076
K N -1 2 94 94 203 109
N O 2 -3 94 125 203 109
O E 0 6 125 156 250 125
E Back 1 -10 156 141 405 249
Back W -1 11 141 141 156 15
W Space -3 -2 141 141 156 15
Space W 3 2 141 140 609 468
W H -1 -4 140 94 202 62
H A 0 5 94 156 156 62
A T 1 -4 156 93 141 -15
T Space -3 1 93 109 187 94
Space T 3 -1 109 110 1700 1591
T R 0 1 110 140 484 374
R U 0 -3 140 94 218 78
U L -1 -2 94 93 422 328
L Y 1 3 93 125 327 234
Y Space -3 2 125 125 297 172
Space Y 3 -2 125 78 1310 1185
Y O 0 -3 78 125 234 156
O U 0 2 125 124 141 16
U Space -3 3 124 125 202 78
Space W 3 2 125 109 4072 3947
W A -1 1 109 141 218 109
A N -1 -5 141 94 203 62
N T 2 1 94 78 265 171
T Space -3 1 78 125 172 94
Space T 3 -1 125 94 140 15
T O 0 -4 94 141 281 187
O Space -3 5 141 109 219 78
Space B 1 -1 109 94 1076 967
B E 2 2 94 109 203 109
E C -2 0 109 78 951 842
C O 2 -6 78 109 562 484
O M -2 2 109 93 203 94
M E 2 4 93 125 171 78
E OemPeriod -2 -6 125 109 453 328
OemPeriod Space -1 5 109 125 873 764
Space LShiftKey 1 4 125 297 312 187
LShiftKey E 2 -3 297 109 219 -78
E V -2 -1 109 110 561 452
V E 2 1 110 218 172 62
E R 0 -1 218 125 203 -15
R Y 0 -2 125 110 1887 1762
Y T 0 1 110 109 515 405
T H -1 -1 109 78 125 16
H I 1 -2 78 110 218 140
I N -2 2 110 125 219 109
N G 1 1 125 110 249 124
G Space -2 1 110 125 125 15
Space E 3 1 125 110 499 374
E L -1 -6 110 93 219 109
L S 0 7 93 187 156 63
S E 1 -1 187 156 156 -31
E Space -3 -1 156 125 93 -63
Space I 3 -4 125 109 515 390
I S -1 6 109 140 219 110
S Space -2 -2 140 124 156 16
Space S 2 2 124 110 1138 1014
S E 1 -1 110 141 203 93
E C -2 0 141 94 234 93
C O 2 -6 94 93 297 203
O N -2 3 93 94 249 156
N D 1 3 94 156 687 593
D A 0 2 156 156 936 780
A R 1 -3 156 140 312 156
R Y 0 -2 140 78 202 62
Y OemPeriod -2 -3 78 93 531 453
OemPeriod Return 1 -3 93 110 405 312
Return Return 0 0 110 94 546 436
Return Capital 0 12 94 312 562 468
Capital S 0 -2 312 140 234 -78
S T 1 -3 140 78 265 125
T A -1 4 78 156 94 16
A Y 1 -5 156 93 437 281
Y Space -3 2 93 140 156 63
Space H 2 -2 140 93 265 125
H U 1 -1 93 109 312 219
U N -2 1 109 125 249 140
N G 1 1 125 78 344 219
G R 1 1 78 125 265 187
R Back 1 -9 125 78 2792 2667
Back Back 0 0 78 78 172 94
Back Back 0 0 78 94 171 93
Back Back 0 0 94 94 156 62
Back Back 0 0 94 94 172 78
Back Back 0 0 94 94 156 62
Back Back 0 0 94 94 187 93
Back Back 0 0 94 94 156 62
Back Back 0 0 94 94 187 93
Back Back 0 0 94 140 188 94
Back Capital -2 13 140 109 1185 1045
Capital LShiftKey -1 0 109 218 437 328
LShiftKey S 1 -2 218 124 172 -46
S T 1 -3 124 109 327 203
T A -1 4 109 187 125 16
A Y 1 -5 187 94 546 359
Y Space -3 2 94 124 172 78
Space H 2 -2 124 94 1372 1248
H U 1 -1 94 93 188 94
U N -2 1 93 125 218 125
N G 1 1 125 78 374 249
G R 1 1 78 109 718 640
R Y 0 -2 109 78 172 63
Y OemPeriod -2 -3 78 94 795 717
OemPeriod Space -1 5 94 125 187 93
Space LShiftKey 1 4 125 312 250 125
LShiftKey S 1 -2 312 172 187 -125
S T 1 -3 172 94 203 31
T A -1 4 94 156 156 62
A Y 1 -5 156 78 234 78
Y Space -3 2 78 125 156 78
Space F 2 0 125 109 702 577
F O 1 -5 109 63 343 234
O O 0 0 63 78 141 78
O L -1 0 78 93 187 109
L I 1 1 93 109 374 281
I S -1 6 109 109 234 125
S H 0 -4 109 109 203 94
H OemPeriod -1 -3 109 94 1201 1092
OemPeriod Space -1 5 94 140 250 156
Space LShiftKey 1 4 140 265 359 219
LShiftKey T 2 -5 265 78 156 -109
T H -1 -1 78 109 187 109
H A 0 5 109 141 327 218
A N -1 -5 141 110 234 93
N K 1 -2 110 109 344 234
K Space -2 4 109 109 156 47
Space Y 3 -2 109 93 312 203
Y O 0 -3 93 125 249 156
O U 0 2 125 109 156 31
U Space -3 3 109 110 187 78
Space A 2 3 110 140 141 31
A L 0 -8 140 93 234 94
L L 0 0 93 109 156 63
L Space -2 5 109 140 156 47
Space V 1 0 140 94 811 671
V E 2 1 94 110 140 46
E R 0 -1 110 93 141 31
R Y 0 -2 93 93 203 110
Y Space -3 2 93 109 187 94
Space M 1 -3 109 93 359 250
M U 2 0 93 125 280 187
U C -2 4 125 78 531 406
C H 1 -3 78 78 156 78
H OemPeriod -1 -3 78 78 561 483
OemPeriod S 1 7 78 188 1482 1404
