RShiftKey M 0 4 453 156 312 -141
M U 2 0 156 62 297 141
U Back 1 -6 62 94 514 452
Back Y -1 7 94 78 328 234
Y Space -3 2 78 110 218 140
Space T 3 -1 110 93 344 234
T H -1 -1 93 94 202 109
H I 1 -2 94 94 468 374
I R 0 4 94 78 453 359
R D -1 1 78 78 421 343
D Space -2 -1 78 94 218 140
Space S 2 2 94 125 141 47
S T 1 -3 125 78 140 15
T O 0 -4 78 78 281 203
O R 0 5 78 78 265 187
R Y 0 -2 78 78 219 141
Y Space -3 2 78 78 202 124
Space I 3 -4 78 78 765 687
I S -1 6 78 140 125 47
S Space -2 -2 140 78 202 62
Space A 2 3 78 140 172 94
A B -1 -4 140 78 125 -15
B O 2 -4 78 78 265 187
O U 0 2 78 78 234 156
U T 0 2 78 78 203 125
T Space -3 1 78 78 234 156
Space D 2 1 78 93 234 156
D E 1 0 93 78 171 78
E A -1 2 78 156 94 16
A T 1 -4 156 94 296 140
T H -1 -1 94 94 203 109
H OemPeriod -1 -3 94 78 609 515
OemPeriod Return 1 -3 78 78 296 218
Return Return 0 0 78 78 172 94
Return Return 0 0 78 78 265 187
Return RShiftKey -1 1 78 406 499 421
RShiftKey W 2 9 406 156 281 -125
W H -1 -4 156 140 468 312
H E 1 3 140 141 218 78
E N -2 -3 141 94 156 15
N Space -1 2 94 140 250 156
Space RShiftKey 1 -7 140 546 546 406
RShiftKey O 2 2 546 109 312 -234
O Back 1 -4 109 78 390 281
Back RShiftKey -3 2 78 421 281 203
RShiftKey I 2 3 421 109 374 -47
I Space -3 4 109 78 265 156
Space W 3 2 78 109 94 16
W A -1 1 109 109 203 94
A S 0 -1 109 109 187 78
S Space -2 -2 109 94 327 218
Space D1 4 3 94 156 1997 1903
D1 D7 0 -6 156 78 297 141
D7 Oemcomma -3 -1 78 78 530 452
Oemcomma Space -1 4 78 94 156 78
Space RShiftKey 1 -7 94 437 780 686
RShiftKey I 2 3 437 94 312 -125
I Space -3 4 94 94 265 171
Space R 3 0 94 78 250 156
R E 0 1 78 78 156 78
E A -1 2 78 125 109 31
A D 0 -2 125 78 109 -16
D Space -2 -1 78 78 203 125
Space A 2 3 78 125 156 78
A Space -2 -3 125 78 141 16
Space Q 3 3 78 125 405 327
Q U 0 -6 125 78 203 78
U O 0 -2 78 93 281 203
O T 0 4 93 94 296 203
T E 0 2 94 156 141 47
E Space -3 -1 156 63 561 405
Space Back 4 -9 63 78 20701 20638
Back T -1 8 78 78 3495 3417
T H -1 -1 78 109 156 78
H A 0 5 109 141 140 31
A T 1 -4 141 78 94 -47
T Space -3 1 78 93 203 125
Space W 3 2 93 124 78 -15
W E 0 -1 124 93 234 110
E N -2 -3 93 78 124 31
N T 2 1 78 110 156 78
T Space -3 1 110 63 125 15
Space S 2 2 63 110 187 124
S O 1 -7 110 62 172 62
O M -2 2 62 93 250 188
M E 2 4 93 110 124 31
E T 0 -2 110 93 188 78
T H -1 -1 93 94 171 78
H I 1 -2 94 78 187 93
I N -2 2 78 94 172 94
N G 1 1 94 62 172 78
G Space -2 1 62 93 156 94
Space L 2 -5 93 94 218 125
L I 1 1 94 78 218 124
I K -1 0 78 93 141 63
K E 1 5 93 93 125 32
E Space -3 -1 93 94 124 31
Space T 3 -1 94 110 156 62
T H -1 -1 110 78 125 15
H I 1 -2 78 78 187 109
I S -1 6 78 125 94 16
S RShiftKey -1 -9 125 312 265 140
RShiftKey Oem1 1 1 312 110 187 -125
Oem1 Space -2 6 110 156 203 93
Space RShiftKey 1 -7 156 406 2340 2184
RShiftKey Oem7 1 0 406 94 156 -250
Oem7 Oem7 0 0 94 78 141 47
Oem7 Left -2 0 78 94 608 530
Left RShiftKey 1 0 94 437 296 202
RShiftKey I 2 3 437 125 297 -140
I F -1 4 125 109 343 218
F Space -2 0 109 110 140 31
Space Y 3 -2 110 93 765 655
Y O 0 -3 93 93 234 141
O U 0 2 93 78 203 110
U Space -3 3 78 109 187 109
Space L 2 -5 109 78 203 94
L I 1 1 78 78 218 140
I V -2 4 78 94 296 218
V E 2 1 94 125 172 78
E Space -3 -1 125 141 218 93
Space E 3 1 141 78 1482 1341
E A -1 2 78 141 234 156
A C -1 -2 141 93 141 0
C H 1 -3 93 93 234 141
H Space -2 2 93 109 187 94
Space D 2 1 109 93 281 172
D A 0 2 93 109 125 32
A Y 1 -5 109 78 124 15
Y Space -3 2 78 94 234 156
Space A 2 3 94 78 156 62
A S 0 -1 78 156 281 203
S Space -2 -2 156 94 265 109
Space I 3 -4 94 78 266 172
I F -1 4 78 93 343 265
F Space -2 0 93 94 140 47
Space I 3 -4 94 78 203 109
I T 0 3 78 78 203 125
T Space -3 1 78 93 203 125
Space W 3 2 93 125 93 0
W A -1 1 125 109 250 125
A S 0 -1 109 93 203 94
S Space -2 -2 93 93 156 63
Space Y 3 -2 93 94 530 437
Y P 0 -4 94 46 172 78
P U 0 3 46 94 296 250
U R 0 3 94 78 265 171
R Space -3 0 78 93 219 141
Space L 2 -5 93 78 327 234
L A 0 8 78 110 109 31
A S 0 -1 110 109 203 93
S T 1 -3 109 93 172 63
T OemPeriod -2 -4 93 94 639 546
OemPeriod Back 3 -4 94 93 422 328
Back Oemcomma -3 5 93 63 249 156
Oemcomma Space -1 4 63 93 219 156
Space S 2 2 93 109 624 531
S O 1 -7 109 94 249 140
O M -2 2 94 93 219 125
M E 2 4 93 109 140 47
E D -1 0 109 94 218 109
D A 0 2 94 110 234 140
A Y 1 -5 110 62 172 62
Y Space -3 2 62 109 203 141
Space Y 3 -2 109 141 249 140
Y O 0 -3 141 78 125 -16
O U 0 2 78 93 141 63
U Space -3 3 93 94 202 109
Space Y 3 -2 94 124 1358 1264
Y O 0 -3 124 93 156 32
O U 0 2 93 93 156 63
U Oem7 -1 -4 93 78 514 421
Oem7 L 0 2 78 78 234 156
L L 0 0 78 93 141 63
L Space -2 5 93 93 234 141
Space Oemcomma 1 -4 93 63 530 437
Oemcomma Back 3 -5 63 78 406 343
Back M -3 6 78 78 281 203
M O 2 -2 78 94 171 93
O S -1 7 94 93 141 47
S T 1 -3 93 78 140 47
T Space -3 1 78 94 218 140
Space C 1 1 94 93 219 125
C E 2 0 93 94 109 16
E R 0 -1 94 78 156 62
R T 0 -1 78 93 172 94
T A -1 4 93 125 140 47
A I 1 -7 125 63 764 639
I N -2 2 63 94 156 93
N L 1 -3 94 94 203 109
L Y 1 3 94 78 203 109
Y Space -3 2 78 78 390 312
Space B 1 -1 78 78 655 577
B E 2 2 78 109 141 63
E Space -3 -1 109 94 140 31
Space R 3 0 94 109 109 15
R I 0 -4 109 78 187 78
I G -1 3 78 78 250 172
G H 0 -1 78 78 156 78
H T 1 1 78 93 94 16
T Right -3 -8 93 140 920 827
Right Left 0 2 140 109 2106 1966
Left OemPeriod 1 2 109 93 593 484
OemPeriod Right -1 -4 93 140 749 656
Right Space 0 9 140 187 733 593
Space RShiftKey 1 -7 187 546 515 328
RShiftKey I 2 3 546 109 421 -125
I T 0 3 109 94 499 390
T Space -3 1 94 94 218 124
Space M 1 -3 94 94 250 156
M A 1 6 94 109 109 15
A D 0 -2 109 94 234 125
D E 1 0 94 94 203 109
E Space -3 -1 94 93 94 0
Space M 1 -3 93 94 218 125
M E 2 4 94 110 140 46
E Space -3 -1 110 94 234 124
Space Back 4 -9 94 78 562 468
Back Back 0 0 78 93 125 47
Back Back 0 0 93 47 156 63
Back A -2 12 47 140 1201 1154
A N -1 -5 140 78 390 250
N Space -1 2 78 93 125 47
Space I 3 -4 93 78 218 125
I N -2 2 78 94 187 109
N Back 3 -7 94 93 531 437
Back M -3 6 93 94 265 172
M P 2 -3 94 78 203 109
P T 0 5 78 78 156 78
T Back 1 -8 78 93 437 359
Back R -1 9 93 94 140 47
R E 0 1 94 93 203 109
E S -1 1 93 94 218 125
S S 0 0 94 109 156 62
S I 1 -6 109 78 141 32
I O 0 -1 78 94 140 62
O N -2 3 94 78 172 78
N Space -1 2 78 78 171 93
Space P 3 -6 78 62 796 718
P Back 1 -3 62 78 374 312
Back O -1 4 78 94 265 187
O N -2 3 94 62 219 125
N Space -1 2 62 93 125 63
Space M 1 -3 93 94 171 78
M E 2 4 94 94 78 -16
E Oemcomma -2 -5 94 78 1451 1357
Oemcomma Space -1 4 78 109 156 78
Space A 2 3 109 140 125 16
A N -1 -5 140 78 171 31
N D 1 3 78 93 141 63
D Space -2 -1 93 78 171 78
Space S 2 2 78 93 141 63
S I 1 -6 93 78 218 125
I N -2 2 78 78 219 141
N C 0 3 78 78 218 140
C E 2 0 78 109 125 47
E Space -3 -1 109 94 171 62
Space R 3 0 94 94 827 733
R Back 1 -9 94 93 453 359
Back T -1 8 93 109 530 437
T H -1 -1 109 78 156 47
H E 1 3 78 110 140 62
E N -2 -3 110 93 188 78
N Oemcomma 0 -2 93 78 1060 967
Oemcomma Space -1 4 78 94 172 94
Space F 2 0 94 140 172 78
F O 1 -5 140 63 124 -16
O R 0 5 63 109 125 62
R Space -3 0 109 78 172 63
Space T 3 -1 78 78 1092 1014
T H -1 -1 78 94 171 93
H E 1 3 94 110 156 62
E Space -3 -1 110 78 156 46
Space P 3 -6 78 78 219 141
P A -1 9 78 93 125 47
A S 0 -1 93 110 202 109
S T 1 -3 110 93 344 234
T Space -3 1 93 109 343 250
Space D3 4 1 109 94 530 421
D3 D3 0 0 94 93 172 78
D3 Space -4 -1 93 110 171 78
Space Y 3 -2 110 94 827 717
Y E 0 3 94 93 172 78
E A -1 2 93 94 296 203
A R 1 -3 94 78 141 47
R S -1 2 78 110 124 46
S Space -2 -2 110 94 562 452
Space Back 4 -9 94 78 468 374
Back Oemcomma -3 5 78 78 296 218
Oemcomma Space -1 4 78 94 156 78
Space RShiftKey 1 -7 94 375 234 140
RShiftKey I 2 3 375 93 266 -109
I Space -3 4 93 109 249 156
Space H 2 -2 109 78 203 94
H A 0 5 78 109 109 31
A V -1 -3 109 93 141 32
V E 2 1 93 110 124 31
E Space -3 -1 110 78 219 109
Space L 2 -5 78 78 1185 1107
L O 1 0 78 78 172 94
O O 0 0 78 78 140 62
O K -1 1 78 94 172 94
K E 1 5 94 93 125 31
E D -1 0 93 125 218 125
D Space -2 -1 125 93 250 125
Space I 3 -4 93 94 811 718
I N -2 2 94 78 203 109
N Space -1 2 78 109 156 78
Space T 3 -1 109 93 156 47
T H -1 -1 93 78 125 32
H E 1 3 78 140 156 78
E Space -3 -1 140 94 124 -16
Space M 1 -3 94 94 234 140
M I 2 -1 94 78 266 172
I R 0 4 78 94 202 124
R R 0 0 94 110 156 62
R O 0 -5 110 93 110 0
O R 0 5 93 109 234 141
R Space -3 0 109 94 249 140
Space E 3 1 94 124 375 281
E V -2 -1 124 93 187 63
V E 2 1 93 109 125 32
E R 0 -1 109 94 202 93
R Y 0 -2 94 62 110 16
Y Space -3 2 62 94 202 140
Space M 1 -3 94 109 203 109
M O 2 -2 109 78 203 94
O R 0 5 78 110 140 62
R N -2 -2 110 78 141 31
N I 2 -2 78 78 203 125
I N -2 2 78 94 171 93
N G 1 1 94 125 109 15
G Space -2 1 125 109 188 63
Space A 2 3 109 218 608 499
A N -1 -5 218 93 250 32
N D 1 3 93 109 234 141
D Space -2 -1 109 125 187 78
Space A 2 3 125 125 624 499
A S 0 -1 125 109 218 93
S K 0 -6 109 94 156 47
K E 1 5 94 109 125 31
E D -1 0 109 125 218 109
D Space -2 -1 125 109 141 16
Space M 1 -3 109 94 218 109
M Y 2 1 94 78 702 608
Y S -1 4 78 110 109 31
S E 1 -1 110 109 219 109
E L -1 -6 109 94 171 62
L F 0 5 94 93 141 47
F RShiftKey -1 -7 93 904 983 890
RShiftKey Oem1 1 1 904 156 234 -670
Oem1 Space -2 6 156 141 171 15
Space Oem7 2 -7 141 94 187 46
Oem7 Oem7 0 0 94 125 141 47
Oem7 Left -2 0 125 187 2574 2449
Left Space 0 7 187 172 1045 858
Space Back 4 -9 172 94 702 530
Back RShiftKey -3 2 94 483 281 187
RShiftKey I 2 3 483 141 296 -187
I F -1 4 141 109 234 93
F Space -2 0 109 109 156 47
Space T 3 -1 109 124 422 313
T O 0 -4 124 78 109 -15
O D -1 6 78 78 327 249
D A 0 2 78 124 110 32
A Y 1 -5 124 78 140 16
Y Space -3 2 78 93 203 125
Space W 3 2 93 140 12059 11966
W E 0 -1 140 78 218 78
E R 0 -1 78 94 187 109
R E 0 1 94 124 219 125
E Space -3 -1 124 94 171 47
Space T 3 -1 94 78 125 31
T H -1 -1 78 94 109 31
H E 1 3 94 109 172 78
E Space -3 -1 109 109 140 31
Space L 2 -5 109 94 1513 1404
L A 0 8 94 93 110 16
A S 0 -1 93 94 202 109
S T 1 -3 94 78 141 47
T Space -3 1 78 94 187 109
Space D 2 1 94 78 218 124
D A 0 2 78 109 94 16
A Y 1 -5 109 93 125 16
Y Space -3 2 93 94 265 172
Space O 3 -5 94 93 827 733
O F -1 5 93 94 171 78
F Space -2 0 94 78 156 62
Space M 1 -3 78 94 156 78
M Y 2 1 94 94 234 140
Y Space -3 2 94 94 203 109
Space L 2 -5 94 94 234 140
L I 1 1 94 78 234 140
I F -1 4 78 78 281 203
F E 1 1 78 94 109 31
E Oemcomma -2 -5 94 78 1217 1123
Oemcomma Space -1 4 78 94 889 811
Space W 3 2 94 140 484 390
W O 0 -7 140 78 203 63
O U 0 2 78 109 312 234
U L -1 -2 109 78 249 140
L D 0 6 78 109 172 94
D Space -2 -1 109 78 109 0
Space RShiftKey 1 -7 78 499 546 468
RShiftKey I 2 3 499 94 312 -187
I Space -3 4 94 125 608 514
Space W 3 2 125 109 359 234
W A -1 1 109 94 390 281
A N -1 -5 94 78 312 218
N T 2 1 78 110 187 109
T Space -3 1 110 78 156 46
Space T 3 -1 78 78 156 78
T O 0 -4 78 78 94 16
O Space -3 5 78 94 265 187
Space D 2 1 94 94 577 483
D O 1 -6 94 62 141 47
O Space -3 5 62 94 187 125
Space W 3 2 94 94 156 62
W H -1 -4 94 109 125 31
H A 0 5 109 93 156 47
A T 1 -4 93 78 109 16
T Space -3 1 78 125 312 234
Space RShiftKey 1 -7 125 452 546 421
RShiftKey I 2 3 452 109 312 -140
I Space -3 4 109 93 281 172
Space A 2 3 93 109 140 47
A M -1 -6 109 78 125 16
M Space -1 3 78 94 187 109
Space A 2 3 94 124 375 281
A N -1 -5 124 78 468 344
N Back 3 -7 78 109 390 312
Back B -3 8 109 125 140 31
B O 2 -4 125 94 156 31
O U 0 2 94 94 218 124
U T 0 2 94 125 125 31
T Space -3 1 125 94 187 62
Space T 3 -1 94 124 110 16
T O 0 -4 124 125 187 63
O Space -3 5 125 109 343 218
Space D 2 1 109 125 296 187
D O 1 -6 125 93 188 63
O Space -3 5 93 94 218 125
Space T 3 -1 94 94 156 62
T O 0 -4 94 78 140 46
O D -1 6 78 94 312 234
D A 0 2 94 125 125 31
A Y 1 -5 125 78 156 31
Y RShiftKey -2 -5 78 187 375 297
RShiftKey OemQuestion 0 1 187 140 31 -156
OemQuestion Right -1 -3 140 172 889 749
Right Space 0 9 172 94 499 327
Space RShiftKey 1 -7 94 156 312 218
RShiftKey A 1 10 156 156 63 -93
A N -1 -5 156 94 374 218
N D 1 3 94 140 437 343
D Space -2 -1 140 110 171 31
Space W 3 2 110 125 546 436
W H -1 -4 125 93 188 63
H E 1 3 93 94 124 31
E N -2 -3 94 109 141 47
N E 2 3 109 140 421 312
E V -2 -1 140 94 187 47
V E 2 1 94 110 499 405
E R 0 -1 110 124 188 78
R Space -3 0 124 109 156 32
Space T 3 -1 109 78 358 249
T H -1 -1 78 94 172 94
H E 1 3 94 94 109 15
E Space -3 -1 94 78 203 109
Space A 2 3 78 140 156 78
A N -1 -5 140 78 125 -15
N S 1 4 78 93 156 78
S W 1 0 93 124 203 110
W E 0 -1 124 93 234 110
E R 0 -1 93 110 202 109
R Space -3 0 110 110 312 202
Space H 2 -2 110 93 734 624
H A 0 5 93 109 109 16
A S 0 -1 109 109 203 94
S Space -2 -2 109 109 140 31
Space B 1 -1 109 94 187 78
B E 2 2 94 78 109 15
E E 0 0 78 109 141 63
E N -2 -3 109 78 171 62
N Space -1 2 78 109 188 110
Space RShiftKey 1 -7 109 530 842 733
RShiftKey Oem7 1 0 530 93 172 -358
Oem7 Oem7 0 0 93 109 171 78
Oem7 Left -2 0 109 171 2122 2013
Left RShiftKey 1 0 171 499 608 437
RShiftKey N 0 5 499 156 390 -109
N O 2 -3 156 78 250 94
O Right -3 -4 78 124 827 749
Right Space 0 9 124 172 452 328
Space F 2 0 172 125 593 421
F O 1 -5 125 109 140 15
O R 0 5 109 109 125 16
R Space -3 0 109 109 187 78
Space T 3 -1 109 125 125 16
T O 0 -4 125 78 172 47
O O 0 0 78 93 156 78
O Space -3 5 93 172 452 359
Space M 1 -3 172 93 437 265
M A 1 6 93 109 140 47
A N -1 -5 109 94 109 0
N Y 2 0 94 78 234 140
Y Space -3 2 78 93 266 188
Space D 2 1 93 109 296 203
D A 0 2 109 109 125 16
A Y 1 -5 109 78 156 47
Y S -1 4 78 110 93 15
S Space -2 -2 110 125 281 171
Space I 3 -4 125 94 671 546
I N -2 2 94 94 187 93
N Space -1 2 94 109 172 78
Space A 2 3 109 109 187 78
A Space -2 -3 109 93 125 16
Space R 3 0 93 109 265 172
R O 0 -5 109 93 172 63
O W 0 7 93 172 202 109
W Oemcomma -2 -6 172 78 1139 967
Oemcomma Space -1 4 78 94 187 109
Space RShiftKey 1 -7 94 468 281 187
RShiftKey I 2 3 468 124 297 -171
I Space -3 4 124 109 312 188
Space K 2 -4 109 78 218 109
K N -1 2 78 78 172 94
N O 2 -3 78 78 234 156
O W 0 7 78 125 140 62
W Space -3 -2 125 125 234 109
Space RShiftKey 1 -7 125 421 593 468
RShiftKey I 2 3 421 124 281 -140
I Space -3 4 124 78 312 188
Space N 1 -2 78 93 187 109
N E 2 3 93 62 156 63
E E 0 0 62 156 109 47
E D -1 0 156 140 702 546
D Space -2 -1 140 110 218 78
Space T 3 -1 110 156 515 405
T O 0 -4 156 78 141 -15
O Space -3 5 78 78 234 156
Space C 1 1 78 109 343 265
C H 1 -3 109 78 171 62
H A 0 5 78 172 156 78
A N -1 -5 172 93 141 -31
N G 1 1 93 78 218 125
G E 1 2 78 125 125 47
E Space -3 -1 125 110 218 93
Space S 2 2 110 140 328 218
S O 1 -7 140 94 187 47
O M -2 2 94 110 421 327
M E 2 4 110 125 156 46
E T 0 -2 125 94 234 109
T H -1 -1 94 94 172 78
H I 1 -2 94 109 265 171
I N -2 2 109 93 219 110
N G 1 1 93 110 124 31
G OemPeriod -1 -4 110 94 593 483
OemPeriod Right -1 -4 94 187 702 608
Right Return 2 1 187 125 858 671
Return Return 0 0 125 125 172 47
Return RShiftKey -1 1 125 421 1482 1357
RShiftKey R 2 7 421 124 281 -140
R E 0 1 124 140 218 94
E M -2 -4 140 109 187 47
M E 2 4 109 125 671 562
E M -2 -4 125 94 156 31
M B 0 2 94 78 328 234
B E 2 2 78 125 109 31
E R 0 -1 125 93 203 78
R I 0 -4 93 78 218 125
I N -2 2 78 109 172 94
N G 1 1 109 109 156 47
G Space -2 1 109 78 218 109
Space T 3 -1 78 93 3136 3058
T H -1 -1 93 125 171 78
H A 0 5 125 156 63 -62
A T 1 -4 156 78 171 15
T Space -3 1 78 94 187 109
Space RShiftKey 1 -7 94 452 266 172
RShiftKey I 2 3 452 94 296 -156
I Oem7 -1 -3 94 78 265 171
Oem7 L 0 2 78 78 219 141
L L 0 0 78 78 124 46
L Space -2 5 78 93 188 110
Space B 1 -1 93 94 202 109
B E 2 2 94 94 172 78
E Space -3 -1 94 94 109 15
Space D 2 1 94 94 125 31
D E 1 0 94 78 296 202
E A -1 2 78 125 94 16
A Space -2 -3 125 47 234 109
Space Back 4 -9 47 109 390 343
Back D -2 10 109 93 172 63
D Space -2 -1 93 93 187 94
Space S 2 2 93 94 733 640
S O 1 -7 94 78 140 46
O O 0 0 78 93 141 63
O N -2 3 93 78 218 125
N Space -1 2 78 62 203 125
Space I 3 -4 62 93 1498 1436
I S -1 6 93 172 218 125
S Space -2 -2 172 94 234 62
Space T 3 -1 94 94 218 124
T H -1 -1 94 94 172 78
H E 1 3 94 125 125 31
E Space -3 -1 125 93 125 0
Space M 1 -3 93 78 171 78
M O 2 -2 78 110 187 109
O S -1 7 110 125 125 15
S T 1 -3 125 109 172 47
T Space -3 1 109 156 281 172
Space I 3 -4 156 109 483 327
I M -2 1 109 109 203 94
M P 2 -3 109 94 218 109
P O 0 1 94 109 687 593
O R 0 5 109 94 327 218
R T 0 -1 94 93 188 94
T A -1 4 93 109 218 125
A N -1 -5 109 78 203 94
N T 2 1 78 78 218 140
T Space -3 1 78 62 281 203
Space T 3 -1 62 78 593 531
T O 0 -4 78 93 437 359
O O 0 0 93 93 156 63
O L -1 0 93 78 265 172
L Space -2 5 78 78 203 125
Space RShiftKey 1 -7 78 515 358 280
RShiftKey I 2 3 515 109 344 -171
I Oem7 -1 -3 109 94 327 218
Oem7 V -1 7 94 78 359 265
V E 2 1 78 94 140 62
E Space -3 -1 94 109 141 47
Space E 3 1 109 125 717 608
E V -2 -1 125 110 156 31
V E 2 1 110 109 125 15
E R 0 -1 109 109 203 94
R Space -3 0 109 93 172 63
Space E 3 1 93 156 873 780
E N -2 -3 156 94 234 78
N C 0 3 94 109 219 125
C O 2 -6 109 93 156 47
O U 0 2 93 94 202 109
U N -2 1 94 94 172 78
N T 2 1 94 62 234 140
T E 0 2 62 109 78 16
E R 0 -1 109 94 187 78
R E 0 1 94 109 203 109
E D -1 0 109 125 218 109
D Space -2 -1 125 109 141 16
Space T 3 -1 109 94 795 686
T O 0 -4 94 94 250 156
O Space -3 5 94 93 203 109
Space H 2 -2 93 78 218 125
H E 1 3 78 141 156 78
E L -1 -6 141 78 125 -16
L P 1 -1 78 78 140 62
P Space -3 6 78 93 219 141
Space M 1 -3 93 93 281 188
M E 2 4 93 109 140 47
E Space -3 -1 109 93 125 16
Space T 3 -1 93 78 234 141
T A -1 4 78 125 140 62
A K 0 -7 125 93 141 16
K E 1 5 93 109 171 78
E Space -3 -1 109 93 141 32
Space Back 4 -9 93 109 702 609
Back Back 0 0 109 78 171 62
Back Back 0 0 78 78 156 78
Back Back 0 0 78 78 172 94
Back Back 0 0 78 78 499 421
Back M -3 6 78 94 452 374
M A 1 6 94 93 219 125
A K 0 -7 93 93 234 141
K E 1 5 93 109 78 -15
E Space -3 -1 109 125 265 156
Space T 3 -1 125 78 452 327
T H -1 -1 78 94 172 94
H E 1 3 94 109 109 15
E Space -3 -1 109 109 141 32
Space B 1 -1 109 78 202 93
B I 2 -3 78 93 188 110
I G -1 3 93 78 249 156
G Space -2 1 78 110 187 109
Space C 1 1 110 109 172 62
C H 1 -3 109 94 156 47
H O 1 -3 94 93 203 109
O I 0 1 93 94 171 78
I C -2 5 94 125 156 62
C E 2 0 125 94 281 156
E S -1 1 94 125 390 296
S Space -2 -2 125 94 187 62
Space I 3 -4 94 78 219 125
I N -2 2 78 62 187 109
N Space -1 2 62 94 140 78
Space L 2 -5 94 94 203 109
L I 1 1 94 78 203 109
I F -1 4 78 78 328 250
F E 1 1 78 109 249 171
E OemPeriod -2 -6 109 78 609 500
OemPeriod Space -1 5 78 93 234 156
Space RShiftKey 1 -7 93 265 156 63
RShiftKey B 0 6 265 281 483 218
B Back 3 -8 281 125 655 374
Back RShiftKey -3 2 125 343 437 312
RShiftKey B 0 6 343 93 219 -124
B E 2 2 93 125 265 172
E C -2 0 125 124 359 234
C A 1 2 124 109 156 32
A U 1 -6 109 110 124 15
U S -1 5 110 94 94 -16
S E 1 -1 94 125 187 93
E Space -3 -1 125 109 141 16
Space A 2 3 109 141 405 296
A L 0 -8 141 94 234 93
L M -1 2 94 78 421 327
M O 2 -2 78 94 234 156
O S -1 7 94 94 125 31
S T 1 -3 94 78 187 93
T Space -3 1 78 125 203 125
Space E 3 1 125 110 109 -16
E V -2 -1 110 78 125 15
V E 2 1 78 109 94 16
E R 0 -1 109 110 171 62
R Y 0 -2 110 94 78 -32
Y T 0 1 94 78 156 62
T H -1 -1 78 93 157 79
H I 1 -2 93 94 202 109
I N -2 2 94 93 188 94
N G 1 1 93 94 202 109
G Space -2 1 94 140 1420 1326
Space OemMinus 4 -7 140 78 1030 890
OemMinus Space -4 7 78 141 124 46
Space A 2 3 141 172 546 405
A L 0 -8 172 78 250 78
L L 0 0 78 94 140 62
L Space -2 5 94 109 453 359
Space E 3 1 109 156 374 265
E X -2 1 156 78 421 265
X T 2 -3 78 94 203 125
T E 0 2 94 78 187 93
E R 0 -1 78 109 141 63
R N -2 -2 109 94 343 234
N A 1 5 94 110 140 46
A L 0 -8 110 94 125 15
L Space -2 5 94 125 265 171
Space E 3 1 125 124 500 375
E N -2 -3 124 93 234 110
N C 0 3 93 125 249 156
C O 2 -6 125 93 141 16
O U 0 2 93 62 265 172
U N -2 1 62 78 171 109
N T 2 1 78 78 234 156
T E 0 2 78 94 94 16
E R 0 -1 94 94 187 93
R E 0 1 94 140 203 109
E Space -3 -1 140 109 655 515
Space T 3 -1 109 93 406 297
T I 0 -3 93 47 265 172
I Back 1 -5 47 93 593 546
Back Back 0 0 93 93 671 578
Back Back 0 0 93 78 156 63
Back D -2 10 78 125 436 358
D Space -2 -1 125 94 203 78
Space T 3 -1 94 125 499 405
T O 0 -4 125 63 156 31
O Space -3 5 63 94 406 343
Space Back 4 -9 94 62 2512 2418
Back Space -4 9 62 171 2059 1997
Space H 2 -2 171 94 327 156
H E 1 3 94 140 266 172
E L -1 -6 140 78 187 47
L P 1 -1 78 94 187 109
P Space -3 6 94 109 265 171
Space M 1 -3 109 110 655 546
M E 2 4 110 110 156 46
E Space -3 -1 110 78 141 31
Space M 1 -3 78 78 171 93
M A 1 6 78 125 63 -15
A K 0 -7 125 78 140 15
K E 1 5 78 110 109 31
E Space -3 -1 110 109 203 93
Space T 3 -1 109 94 671 562
T H -1 -1 94 109 187 93
H Back 2 -7 109 78 468 359
Back Back 0 0 78 93 172 94
Back Back 0 0 93 795 156 63
Back Back 0 0 795 1388 1217 422
Back Back 0 0 1388 94 1575 187
Back Back 0 0 94 78 172 78
Back Back 0 0 78 78 156 78
Back Back 0 0 78 94 140 62
Back Back 0 0 94 78 172 78
Back Back 0 0 78 94 140 62
Back V -3 9 94 78 780 686
V Back 3 -9 78 78 421 343
Back X -3 11 78 141 390 312
X P 2 -8 141 78 156 15
P E 0 7 78 124 188 110
E C -2 0 124 94 483 359
C T 2 -2 94 78 219 125
T A -1 4 78 109 109 31
A T 1 -4 109 78 265 156
T I 0 -3 78 94 265 187
I O 0 -1 94 93 172 78
O N -2 3 93 94 187 94
N S 1 4 94 156 125 31
S Space -2 -2 156 94 187 31
Space Back 4 -9 94 78 562 468
Back Oemcomma -3 5 78 78 296 218
Oemcomma Space -1 4 78 78 156 78
Space A 2 3 78 109 156 78
A L 0 -8 109 62 94 -15
L L 0 0 62 94 124 62
L Space -2 5 94 93 188 94
Space P 3 -6 93 93 234 141
P R 0 6 93 94 140 47
R I 0 -4 94 93 203 109
I D -1 5 93 109 140 47
D E 1 0 109 109 219 110
E Oemcomma -2 -5 109 78 358 249
Oemcomma Space -1 4 78 78 188 110
Space A 2 3 78 125 452 374
A L 0 -8 125 78 296 171
L L 0 0 78 78 141 63
L Space -2 5 78 78 203 125
Space F 2 0 78 78 140 62
F E 1 1 78 93 203 125
E A -1 2 93 140 281 188
A R 1 -3 140 94 218 78
R Space -3 0 94 93 484 390
Space O 3 -5 93 78 249 156
O F -1 5 78 125 172 94
F Space -2 0 125 93 281 156
Space E 3 1 93 125 592 499
E M -2 -4 125 78 172 47
M B 0 2 78 93 250 172
B A 1 4 93 125 140 47
A R 1 -3 125 93 172 47
R R 0 0 93 94 327 234
R A -1 3 94 109 234 140
A S 0 -1 109 140 718 609
S S 0 0 140 93 359 219
S M -1 -5 93 94 374 281
M E 2 4 94 140 125 31
E N -2 -3 140 78 93 -47
N T 2 1 78 78 250 172
T Space -3 1 78 109 468 390
Space O 3 -5 109 94 421 312
O R 0 5 94 110 187 93
R Space -3 0 110 94 203 93
Space F 2 0 94 78 234 140
F A 0 3 78 125 125 47
A I 1 -7 125 78 156 31
I L -1 -1 78 94 187 109
L U 1 2 94 94 936 842
U R 0 3 94 94 156 62
R E 0 1 94 125 203 109
E Space -3 -1 125 172 842 717
Space OemMinus 4 -7 172 78 234 62
OemMinus Space -4 7 78 140 110 32
Space T 3 -1 140 109 374 234
T H -1 -1 109 93 203 94
H E 1 3 93 93 78 -15
E S -1 1 93 109 234 141
S E 1 -1 109 93 234 125
E Space -3 -1 93 109 156 63
Space T 3 -1 109 94 374 265
T H -1 -1 94 62 219 125
H I 1 -2 62 78 249 187
I N -2 2 78 78 203 125
N G 1 1 78 78 172 94
G S 0 3 78 125 124 46
S Space -2 -2 125 140 375 250
Space J 2 -3 140 93 593 453
J U 1 0 93 94 202 109
U S -1 5 94 109 125 31
S T 1 -3 109 109 156 47
T Space -3 1 109 125 250 141
Space F 2 0 125 78 234 109
F A 0 3 78 140 125 47
A L 0 -8 140 94 202 62
L L 0 0 94 94 156 62
L Space -2 5 94 109 250 156
Space A 2 3 109 141 421 312
A W 1 -1 141 110 265 124
W A -1 1 110 109 250 140
A Y 1 -5 109 78 156 47
Y Space -3 2 78 94 234 156
Space I 3 -4 94 78 218 124
I N -2 2 78 78 219 141
N Space -1 2 78 93 203 125
Space T 3 -1 93 124 390 297
T H -1 -1 124 78 140 16
H E 1 3 78 109 187 109
E Space -3 -1 109 109 141 32
Space F 2 0 109 78 234 125
F A 0 3 78 125 140 62
A C -1 -2 125 78 109 -16
C E 2 0 78 110 187 109
E Space -3 -1 110 109 297 187
Space O 3 -5 109 94 530 421
O F -1 5 94 109 156 62
F Space -2 0 109 94 203 94
Space D 2 1 94 93 406 312
D E 1 0 93 93 187 94
E A -1 2 93 125 265 172
A T 1 -4 125 94 156 31
T H -1 -1 94 93 203 109
H Space -2 2 93 109 218 125
Space Back 4 -9 109 93 562 453
Back Oemcomma -3 5 93 78 327 234
Oemcomma Space -1 4 78 94 172 94
Space E 3 1 94 78 359 265
E Back 1 -10 78 94 764 686
Back L -2 4 94 78 609 515
L E 1 6 78 93 109 31
E A -1 2 93 109 265 172
A V -1 -3 109 94 140 31
V I 2 -4 94 78 219 125
I N -2 2 78 93 203 125
N G 1 1 93 125 187 94
G Space -2 1 125 110 327 202
Space O 3 -5 110 109 734 624
O N -2 3 109 78 234 125
N L 1 -3 78 78 187 109
L Y 1 3 78 78 265 187
Y Space -3 2 78 110 218 140
Space W 3 2 110 78 141 31
W H -1 -4 78 110 93 15
H A 0 5 110 93 188 78
A T 1 -4 93 78 62 -31
T Space -3 1 78 125 265 187
Space I 3 -4 125 109 718 593
I S -1 6 109 140 156 47
S Space -2 -2 140 109 156 16
Space T 3 -1 109 93 281 172
T U 0 -2 93 62 265 172
U Back 1 -6 62 94 374 312
Back R -1 9 94 93 141 47
R U 0 -3 93 78 187 94
U L -1 -2 78 94 218 140
L Y 1 3 94 109 219 125
Y Space -3 2 109 140 1045 936
Space I 3 -4 140 94 452 312
I M -2 1 94 94 203 109
M P 2 -3 94 93 328 234
P O 0 1 93 93 468 375
O R 0 5 93 109 187 94
R T 0 -1 109 78 218 109
T A -1 4 78 125 187 109
A N -1 -5 125 93 375 250
N T 2 1 93 78 249 156
T OemPeriod -2 -4 78 93 968 890
OemPeriod Space -1 5 93 141 171 78
Space RShiftKey 1 -7 141 234 156 15
RShiftKey R 2 7 234 78 141 -93
R E 0 1 78 110 202 124
E M -2 -4 110 93 141 31
M E 2 4 93 109 624 531
E M -2 -4 109 93 234 125
M Back 3 -6 93 94 577 484
Back Back 0 0 94 109 156 62
Back E -1 10 109 156 624 515
E M -2 -4 156 78 172 16
M B 0 2 78 78 390 312
B E 2 2 78 109 109 31
E R 0 -1 109 109 203 94
R I 0 -4 109 78 171 62
I N -2 2 78 94 187 109
N G 1 1 94 125 172 78
G Space -2 1 125 93 203 78
Space T 3 -1 93 78 655 562
T H -1 -1 78 94 187 109
H A 0 5 94 125 125 31
A T 1 -4 125 78 109 -16
T Space -3 1 78 94 234 156
Space Y 3 -2 94 141 156 62
Y O 0 -3 141 78 109 -32
O U 0 2 78 109 203 125
U Space -3 3 109 125 359 250
Space A 2 3 125 125 530 405
A R 1 -3 125 78 266 141
R E 0 1 78 125 109 31
E Space -3 -1 125 94 218 93
Space G 2 -1 94 109 765 671
G O 1 -4 109 78 124 15
O I 0 1 78 78 172 94
I N -2 2 78 93 203 125
N G 1 1 93 94 187 94
G Space -2 1 94 78 140 46
Space T 3 -1 78 109 141 63
T O 0 -4 109 94 140 31
O Space -3 5 94 125 359 265
Space D 2 1 125 93 562 437
D I 1 -5 93 78 140 47
I E 0 5 78 94 109 31
E Space -3 -1 94 125 328 234
Space I 3 -4 125 78 624 499
I S -1 6 78 125 109 31
S Space -2 -2 125 94 140 15
Space T 3 -1 94 78 234 140
T H -1 -1 78 78 172 94
H E 1 3 78 94 109 31
E Space -3 -1 94 78 156 62
Space B 1 -1 78 94 187 109
B E 2 2 94 93 141 47
E S -1 1 93 125 218 125
S T 1 -3 125 78 219 94
T Space -3 1 78 94 358 280
Space W 3 2 94 125 468 374
W A -1 1 125 141 234 109
A Y 1 -5 141 109 453 312
Y Space -3 2 109 94 249 140
Space RShiftKey 1 -7 94 328 250 156
RShiftKey I 2 3 328 109 203 -125
I K -1 0 109 78 249 140
K N -1 2 78 62 188 110
N O 2 -3 62 78 249 187
O W 0 7 78 110 187 109
W Space -3 -2 110 110 234 124
Space T 3 -1 110 94 780 670
T O 0 -4 94 63 125 31
O Space -3 5 63 94 234 171
Space A 2 3 94 125 187 93
A V -1 -3 125 94 94 -31
V I 2 -4 94 109 234 140
I D -1 5 109 109 172 63
D Space -2 -1 109 94 358 249
Space T 3 -1 94 109 609 515
T H -1 -1 109 109 203 94
H E 1 3 109 93 156 47
E Space -3 -1 93 93 187 94
Space T 3 -1 93 94 421 328
T R 0 1 94 109 156 62
R A -1 3 109 141 109 0
A P 1 -9 141 110 265 124
P Space -3 6 110 188 702 592
Space O 3 -5 188 94 515 327
O F -1 5 94 109 219 125
F Space -2 0 109 78 156 47
Space T 3 -1 78 94 249 171
T H -1 -1 94 94 187 93
H I 1 -2 94 94 172 78
I N -2 2 94 78 172 78
N K 1 -2 78 78 171 93
K I 1 0 78 78 156 78
I N -2 2 78 78 187 109
N G 1 1 78 93 188 110
G Space -2 1 93 94 530 437
Space Y 3 -2 94 78 624 530
Y O 0 -3 78 78 234 156
O U 0 2 78 93 172 94
U Space -3 3 93 78 218 125
Space H 2 -2 78 63 187 109
H A 0 5 63 93 94 31
A V -1 -3 93 62 109 16
V E 2 1 62 94 140 78
E Space -3 -1 94 78 110 16
Space S 2 2 78 109 655 577
S O 1 -7 109 93 156 47
O N -2 3 93 78 218 125
N Back 3 -7 78 94 546 468
Back M -3 6 94 78 281 187
M E 2 4 78 93 172 94
E T 0 -2 93 78 202 109
T H -1 -1 78 94 156 78
H I 1 -2 94 110 156 62
I N -2 2 110 94 203 93
N G 1 1 94 109 125 31
G Space -2 1 109 78 140 31
Space T 3 -1 78 125 94 16
T O 0 -4 125 156 250 125
O Space -3 5 156 93 499 343
Space L 2 -5 93 63 218 125
L O 1 0 63 94 156 93
O S -1 7 94 93 141 47
S E 1 -1 93 124 234 141
E OemPeriod -2 -6 124 94 374 250
OemPeriod Space -1 5 94 187 1123 1029
Space RShiftKey 1 -7 187 343 297 110
RShiftKey Y 2 5 343 124 234 -109
Y O 0 -3 124 63 249 125
O U 0 2 63 78 203 140
U Space -3 3 78 93 203 125
Space A 2 3 93 94 171 78
A R 1 -3 94 78 94 0
R E 0 1 78 93 172 94
E Space -3 -1 93 125 421 328
Space A 2 3 125 140 203 78
A L 0 -8 140 94 249 109
L R 1 5 94 94 390 296
R E 0 1 94 94 203 109
E A -1 2 94 109 250 156
A D 0 -2 109 109 218 109
D Y 1 -3 109 93 125 16
Y Space -3 2 93 93 234 141
Space N 1 -2 93 78 187 94
N A 1 5 78 124 16 -62
A K 0 -7 124 78 296 172
K E 1 5 78 109 78 0
E D -1 0 109 125 296 187
D OemPeriod -1 -6 125 78 1576 1451
OemPeriod Space -1 5 78 94 156 78
Space RShiftKey 1 -7 94 187 203 109
RShiftKey T 2 6 187 109 78 -109
T H -1 -1 109 110 249 140
H E 1 3 110 94 94 -16
E R 0 -1 94 93 203 109
R E 0 1 93 109 203 110
E Space -3 -1 109 94 93 -16
Space I 3 -4 94 78 250 156
I S -1 6 78 125 109 31
S Space -2 -2 125 94 218 93
Space N 1 -2 94 94 281 187
N O 2 -3 94 94 265 171
O Space -3 5 94 109 203 109
Space R 3 0 109 93 141 32
R E 0 1 93 109 171 78
E A -1 2 109 110 265 156
A S 0 -1 110 109 219 109
S O 1 -7 109 62 156 47
O N -2 3 62 93 203 141
N Space -1 2 93 109 218 125
Space N 1 -2 109 78 1186 1077
N O 2 -3 78 94 187 109
O T 0 4 94 110 140 46
T Space -3 1 110 110 156 46
Space T 3 -1 110 125 141 31
T O 0 -4 125 47 140 15
O Space -3 5 47 109 281 234
Space F 2 0 109 109 718 609
F O 1 -5 109 63 171 62
O L -1 0 63 78 172 109
L L 0 0 78 93 156 78
L O 1 0 93 94 171 78
O W 0 7 94 125 156 62
W Space -3 -2 125 109 422 297
Space Y 3 -2 109 109 639 530
Y O 0 -3 109 94 234 125
O U 0 2 94 78 219 125
U R 0 3 78 109 249 171
R Space -3 0 109 93 219 110
Space H 2 -2 93 78 234 141
H E 1 3 78 78 218 140
E A -1 2 78 171 328 250
A R 1 -3 171 78 187 16
R T 0 -1 78 93 156 78
T OemPeriod -2 -4 93 109 499 406
OemPeriod Space -1 5 109 203 2168 2059
Space Return 2 -8 203 78 1170 967
Return Return 0 0 78 94 125 47
Return RShiftKey -1 1 94 561 484 390
RShiftKey A 1 10 561 141 452 -109
A B -1 -4 141 94 312 171
B O 2 -4 94 109 250 156
O U 0 2 109 78 203 94
U T 0 2 78 78 202 124
T Space -3 1 78 109 188 110
Space A 2 3 109 94 124 15
A N -1 -5 94 62 110 16
N Space -1 2 62 78 187 125
Space Y 3 -2 78 78 203 125
Y E 0 3 78 109 62 -16
E A -1 2 109 140 250 141
A R 1 -3 140 78 124 -16
R Space -3 0 78 125 219 141
Space A 2 3 125 172 140 15
A G 0 -4 172 94 499 327
G O 1 -4 94 94 250 156
O Space -3 5 94 94 218 124
Space RShiftKey 1 -7 94 405 219 125
RShiftKey I 2 3 405 109 265 -140
I Space -3 4 109 93 281 172
Space W 3 2 93 109 109 16
W A -1 1 109 125 203 94
A S 0 -1 125 124 203 78
S Space -2 -2 124 93 109 -15
Space D 2 1 93 109 546 453
D I 1 -5 109 78 156 47
I A -1 7 78 125 140 62
A G 0 -4 125 78 219 94
G O 1 -4 78 93 234 156
O N -2 3 93 125 202 109
N E 2 3 125 125 281 156
E Back 1 -10 125 124 453 328
Back Back 0 0 124 93 1201 1077
Back Back 0 0 93 94 171 78
Back N -3 7 94 94 780 686
N O 2 -3 94 78 188 94
O S -1 7 78 141 46 -32
S E 1 -1 141 93 219 78
E D -1 0 93 124 203 110
D Space -2 -1 124 94 140 16
Space W 3 2 94 156 562 468
W I 0 -6 156 62 140 -16
I T 0 3 62 109 203 141
T H -1 -1 109 93 125 16
H Space -2 2 93 109 187 94
Space C 1 1 109 78 312 203
C A 1 2 78 109 140 62
A N -1 -5 109 78 141 32
N C 0 3 78 93 234 156
C E 2 0 93 93 109 16
E R 0 -1 93 109 187 94
R OemPeriod -2 -5 109 78 733 624
OemPeriod Space -1 5 78 124 141 63
Space RShiftKey 1 -7 124 515 140 16
RShiftKey I 2 3 515 110 374 -141
I Space -3 4 110 93 266 156
Space H 2 -2 93 78 202 109
H A 0 5 78 94 94 16
A D 0 -2 94 110 218 124
D Space -2 -1 110 124 188 78
Space A 2 3 124 109 327 203
A Space -2 -3 109 94 187 78
Space S 2 2 94 94 312 218
S C -1 -1 94 78 203 109
C A 1 2 78 109 125 47
A N -1 -5 109 78 187 78
N Space -1 2 78 78 172 94
Space A 2 3 78 124 125 47
A T 1 -4 124 78 124 0
T Space -3 1 78 124 266 188
Space D7 4 -3 124 109 795 671
D7 RShiftKey -3 -4 109 405 328 219
RShiftKey Oem1 1 1 405 109 218 -187
Oem1 D3 2 7 109 140 1529 1420
D3 D0 0 -7 140 110 296 156
D0 Space -4 6 110 156 468 358
Space I 3 -4 156 93 266 110
I N -2 2 93 78 202 109
N Space -1 2 78 94 156 78
Space T 3 -1 94 94 156 62
T H -1 -1 94 62 110 16
H E 1 3 62 140 156 94
E Space -3 -1 140 94 124 -16
Space M 1 -3 94 93 188 94
M O 2 -2 93 78 187 94
O R 0 5 78 109 125 47
R N -2 -2 109 78 156 47
N I 2 -2 78 94 171 93
I N -2 2 94 94 187 93
N G 1 1 94 109 172 78
G Space -2 1 109 124 172 63
Space Back 4 -9 124 94 686 562
Back Oemcomma -3 5 94 78 265 171
Oemcomma Space -1 4 78 78 172 94
Space A 2 3 78 109 109 31
A N -1 -5 109 62 125 16
N D 1 3 62 93 593 531
D Space -2 -1 93 94 140 47
Space I 3 -4 94 94 218 124
I T 0 3 94 109 110 16
T Space -3 1 109 109 265 156
Space C 1 1 109 110 483 374
C L 1 -6 110 93 141 31
L E 1 6 93 109 140 47
E A -1 2 109 172 265 156
A R 1 -3 172 93 110 -62
R L -1 -5 93 141 327 234
L Y 1 3 141 140 219 78
Y Space -3 2 140 172 405 265
Space S 2 2 172 141 312 140
S H 0 -4 141 78 187 46
H O 1 -3 78 109 219 141
O W 0 7 109 124 125 16
W E 0 -1 124 93 234 110
E D -1 0 93 109 218 125
D Space -2 -1 109 109 203 94
Space A 2 3 109 125 624 515
A Space -2 -3 125 94 187 62
Space T 3 -1 94 125 359 265
T U 0 -2 125 78 156 31
U M -2 0 78 109 203 125
M O 2 -2 109 94 218 109
O R 0 5 94 125 156 62
R Space -3 0 125 125 265 140
Space O 3 -5 125 78 468 343
O N -2 3 78 78 203 125
N Space -1 2 78 125 187 109
Space M 1 -3 125 93 250 125
M Y 2 1 93 78 234 141
Y Space -3 2 78 78 234 156
Space P 3 -6 78 78 234 156
P A -1 9 78 125 171 93
A N -1 -5 125 78 125 0
N C 0 3 78 109 375 297
C R 2 -1 109 94 249 140
R E 0 1 94 109 172 78
E A -1 2 109 125 140 31
A S 0 -1 125 125 640 515
S OemPeriod -1 -7 125 109 421 296
OemPeriod Space -1 5 109 140 234 125
Space RShiftKey 1 -7 140 437 281 141
RShiftKey I 2 3 437 93 312 -125
I Space -3 4 93 109 265 172
Space D 2 1 109 94 156 47
D I 1 -5 94 78 125 31
I D -1 5 78 93 125 47
D N -1 -3 93 78 1092 999
N Oem7 1 -5 78 94 358 280
Oem7 T 1 6 94 141 468 374
T Space -3 1 141 109 266 125
Space E 3 1 109 109 390 281
E V -2 -1 109 78 171 62
V E 2 1 78 125 109 31
E N -2 -3 125 78 125 0
N Space -1 2 78 109 141 63
Space K 2 -4 109 78 296 187
K N -1 2 78 93 203 125
N O 2 -3 93 78 234 141
O W 0 7 78 94 187 109
W Space -3 -2 94 109 234 140
Space W 3 2 109 109 858 749
W H -1 -4 109 94 140 31
H A 0 5 94 125 172 78
A T 1 -4 125 78 140 15
T Space -3 1 78 93 219 141
Space P 3 -6 93 78 281 188
P A -1 9 78 125 171 93
A N -1 -5 125 78 156 31
N C 0 3 78 94 265 187
C R 2 -1 94 93 188 94
R E 0 1 93 141 202 109
E A -1 2 141 109 281 140
A S 0 -1 109 141 187 78
S Space -2 -2 141 94 203 62
Space W 3 2 94 141 390 296
W A -1 1 141 125 312 171
A S 0 -1 125 94 203 78
S Oemcomma -1 -6 94 78 203 109
Oemcomma Back 3 -5 78 94 421 343
Back OemPeriod -3 4 94 109 250 156
OemPeriod Space -1 5 109 156 514 405
Space RShiftKey 1 -7 156 281 328 172
RShiftKey T 2 6 281 140 156 -125
T H -1 -1 140 93 281 141
H E 1 3 93 125 78 -15
E Space -3 -1 125 94 218 93
Space D 2 1 94 110 187 93
D O 1 -6 110 109 125 15
O C -2 6 109 125 172 63
C T 2 -2 125 94 218 93
T O 0 -4 94 109 328 234
O R 0 5 109 94 327 218
R S -1 2 94 125 281 187
S Space -2 -2 125 109 234 109
Space T 3 -1 109 140 437 328
T O 0 -4 140 93 172 32
O L -1 0 93 94 171 78
L D 0 6 94 109 141 47
D Space -2 -1 109 78 124 15
Space M 1 -3 78 94 172 94
M E 2 4 94 109 125 31
E Space -3 -1 109 140 187 78
Space T 3 -1 140 109 562 422
T H -1 -1 109 94 202 93
H I 1 -2 94 78 172 78
I S -1 6 78 109 94 16
S Space -2 -2 109 109 187 78
Space W 3 2 109 93 125 16
W A -1 1 93 109 234 141
A S 0 -1 109 125 187 78
S Space -2 -2 125 94 62 -63
Space A 2 3 94 109 765 671
A L 0 -8 109 78 140 31
L M -1 2 78 94 234 156
M O 2 -2 94 78 218 124
O S -1 7 78 125 125 47
S T 1 -3 125 78 203 78
T Space -3 1 78 109 250 172
Space V 1 0 109 78 639 530
V Back 3 -9 78 94 421 343
Back C -3 10 94 94 125 31
C E 2 0 94 93 219 125
E R 0 -1 93 78 202 109
R T 0 -1 78 94 172 94
T A -1 4 94 125 187 93
A I 1 -7 125 78 141 16
I B -2 3 78 47 202 124
B Back 3 -8 47 94 406 359
Back N -3 7 94 93 203 109
N L 1 -3 93 78 156 63
L Y 1 3 78 62 234 156
Y Space -3 2 62 78 203 141
Space T 3 -1 78 109 265 187
T Y 0 -1 109 94 140 31
Y P 0 -4 94 93 250 156
P E 0 7 93 156 437 344
E Space -3 -1 156 109 265 109
Space O 3 -5 109 78 811 702
O F -1 5 78 93 172 94
F Space -2 0 93 78 171 78
Space C 1 1 78 125 281 203
C A 1 2 125 125 187 62
A N -1 -5 125 94 125 0
N C 0 3 94 78 234 140
C E 2 0 78 93 94 16
E R 0 -1 93 110 202 109
R Space -3 0 110 93 188 78
Space T 3 -1 93 94 452 359
T H -1 -1 94 109 187 93
H A 0 5 109 125 125 16
A T 1 -4 125 78 140 15
T Space -3 1 78 78 250 172
Space O 3 -5 78 109 312 234
O S -1 7 109 140 484 375
S Back 2 -11 140 78 374 234
Back Back 0 0 78 78 140 62
Back I -1 5 78 78 234 156
I S -1 6 78 109 110 32
S Space -2 -2 109 78 171 62
Space I 3 -4 78 94 203 125
I N -2 2 94 93 203 109
N C 0 3 93 93 203 110
C U 2 -4 93 78 140 47
U R 0 3 78 93 250 172
R A -1 3 93 141 171 78
A B -1 -4 141 78 453 312
B L 1 -4 78 93 312 234
L E 1 6 93 124 156 63
E Oemcomma -2 -5 124 78 873 749
Oemcomma Space -1 4 78 93 172 94
Space A 2 3 93 110 171 78
A N -1 -5 110 78 141 31
N D 1 3 78 94 171 93
D Space -2 -1 94 93 141 47
Space T 3 -1 93 94 686 593
T H -1 -1 94 109 203 109
H A 0 5 109 93 125 16
A T 1 -4 93 94 109 16
T Space -3 1 94 109 250 156
Space RShiftKey 1 -7 109 468 265 156
RShiftKey I 2 3 468 109 296 -172
I Space -3 4 109 171 375 266
Space S 2 2 171 171 1248 1077
S H 0 -4 171 78 280 109
H O 1 -3 78 93 219 141
O U 0 2 93 93 203 110
U L -1 -2 93 94 218 125
L D 0 6 94 109 421 327
D Space -2 -1 109 156 265 156
Space E 3 1 156 109 687 531
E X -2 1 109 124 281 172
X P 2 -8 124 78 187 63
P E 0 7 78 93 203 125
E C -2 0 93 78 124 31
C T 2 -2 78 78 188 110
T Space -3 1 78 109 218 140
Space T 3 -1 109 94 140 31
T O 0 -4 94 78 110 16
O Space -3 5 78 94 202 124
Space L 2 -5 94 78 203 109
L I 1 1 78 63 187 109
I V -2 4 63 78 219 156
V E 2 1 78 109 187 109
E Space -3 -1 109 94 234 125
Space N 1 -2 94 94 499 405
N O 2 -3 94 94 203 109
O Space -3 5 94 94 218 124
Space L 2 -5 94 78 203 109
L O 1 0 78 78 172 94
O N -2 3 78 93 203 125
N G 1 1 93 78 202 109
G E 1 2 78 125 156 78
E R 0 -1 125 125 250 125
R Space -3 0 125 109 187 62
Space T 3 -1 109 93 531 422
T H -1 -1 93 109 249 156
H A 0 5 109 125 156 47
A N -1 -5 125 94 312 187
N Space -1 2 94 93 172 78
Space T 3 -1 93 63 296 203
T H -1 -1 63 93 172 109
H R 1 2 93 78 125 32
R E 0 1 78 109 249 171
E E 0 0 109 125 172 63
E Space -3 -1 125 125 249 124
Space T 3 -1 125 94 515 390
T O 0 -4 94 94 125 31
O Space -3 5 94 141 187 93
Space S 2 2 141 125 234 93
S I 1 -6 125 94 203 78
I X -2 6 94 109 203 109
X Space -1 -2 109 125 187 78
Space M 1 -3 125 94 686 561
M O 2 -2 94 78 234 140
O N -2 3 78 94 203 125
N T 2 1 94 78 250 156
T H -1 -1 78 94 171 93
H S 0 4 94 125 141 47
S OemPeriod -1 -7 125 141 608 483
OemPeriod Space -1 5 141 125 203 62
Space RShiftKey 1 -7 125 406 156 31
RShiftKey M 0 4 406 109 265 -141
M Y 2 1 109 124 297 188
Y Space -3 2 124 94 218 94
Space D 2 1 94 109 281 187
D O 1 -6 109 94 140 31
O C -2 6 94 94 125 31
C T 2 -2 94 93 203 109
T O 0 -4 93 93 281 188
O R 0 5 93 94 124 31
R S -1 2 94 140 250 156
S Space -2 -2 140 94 234 94
Space Back 4 -9 94 78 390 296
Back Back 0 0 78 94 140 62
Back Space -4 9 94 78 297 203
Space A 2 3 78 109 187 109
A D 0 -2 109 94 343 234
D V -1 -1 94 94 468 374
V I 2 -4 94 78 141 47
I S -1 6 78 125 140 62
S E 1 -1 125 78 234 109
E D -1 0 78 109 187 109
D Space -2 -1 109 78 125 16
Space M 1 -3 78 93 203 125
M E 2 4 93 109 78 -15
E Space -3 -1 109 109 140 31
Space T 3 -1 109 125 281 172
T O 0 -4 125 78 187 62
O Space -3 5 78 94 203 125
Space G 2 -1 94 125 374 280
G O 1 -4 125 93 141 16
O Space -3 5 93 109 281 188
Space H 2 -2 109 93 1357 1248
H O 1 -3 93 93 203 110
O M -2 2 93 94 218 125
M E 2 4 94 124 172 78
E Space -3 -1 124 94 327 203
Space A 2 3 94 140 203 109
A N -1 -5 140 78 203 63
N D 1 3 78 109 374 296
D Space -2 -1 109 109 141 32
Space G 2 -1 109 78 218 109
G E 1 2 78 125 140 62
E T 0 -2 125 93 110 -15
T Space -3 1 93 78 296 203
Space M 1 -3 78 94 296 218
M Y 2 1 94 78 266 172
Y Space -3 2 78 109 218 140
Space F 2 0 109 63 265 156
F Back 2 -9 63 78 437 374
Back A -2 12 78 93 172 94
A F 0 -3 93 78 202 109
F F 0 0 78 93 141 63
F A 0 3 93 109 156 63
A I 1 -7 109 93 281 172
I R 0 4 93 93 156 63
R S -1 2 93 156 312 219
S Space -2 -2 156 125 249 93
Space I 3 -4 125 78 577 452
I N -2 2 78 94 203 125
N Space -1 2 94 93 172 78
Space O 3 -5 93 93 281 188
O R 0 5 93 110 280 187
R D -1 1 110 125 328 218
D E 1 0 125 109 203 78
E R 0 -1 109 125 218 109
R Oemcomma -2 -4 125 93 656 531
Oemcomma Space -1 4 93 93 187 94
Space E 3 1 93 140 281 188
E Back 1 -10 140 94 436 296
Back W -1 11 94 110 156 62
W H -1 -4 110 78 172 62
H I 1 -2 78 78 203 125
I C -2 5 78 125 62 -16
C H 1 -3 125 78 203 78
H Space -2 2 78 94 218 140
Space I 3 -4 94 109 437 343
I S -1 6 109 124 141 32
S Space -2 -2 124 141 202 78
Space D 2 1 141 109 515 374
D O 1 -6 109 78 203 94
O C -2 6 78 124 406 328
C T 2 -2 124 124 312 188
T O 0 -4 124 78 187 63
O R 0 5 78 62 203 125
R R 0 0 62 31 109 47
R Oem7 -1 -7 31 78 171 140
Oem7 S 0 9 78 141 546 468
S Space -2 -2 141 94 203 62
Space C 1 1 94 125 203 109
C O 2 -6 125 78 172 47
O D -1 6 78 94 124 46
D E 1 0 94 125 203 109
E Space -3 -1 125 109 219 94
Space F 2 0 109 94 904 795
F O 1 -5 94 94 125 31
O R 0 5 94 125 125 31
R Space -3 0 125 93 250 125
Space P 3 -6 93 94 748 655
P R 0 6 94 125 203 109
R E 0 1 125 109 250 125
E A -1 2 109 141 249 140
A P 1 -9 141 78 156 15
P R 0 6 78 78 312 234
R E 0 1 78 109 94 16
E Space -3 -1 109 109 234 125
Space T 3 -1 109 125 187 78
T O 0 -4 125 78 172 47
O Space -3 5 78 94 249 171
Space D 2 1 94 109 188 94
D I 1 -5 109 78 140 31
I E 0 5 78 109 125 47
E OemPeriod -2 -6 109 93 1061 952
OemPeriod Space -1 5 93 110 124 31
Space RShiftKey 1 -7 110 421 141 31
RShiftKey I 2 3 421 109 281 -140
I T 0 3 109 109 405 296
T Space -3 1 109 93 172 63
Space M 1 -3 93 93 203 110
M E 2 4 93 93 234 141
E A -1 2 93 125 249 156
A N -1 -5 125 93 172 47
N S 1 4 93 125 109 16
S Space -2 -2 125 109 312 187
Space T 3 -1 109 93 749 640
T O 0 -4 93 109 234 141
O Space -3 5 109 109 203 94
Space T 3 -1 109 78 218 109
T R 0 1 78 94 156 78
R Y 0 -2 94 124 172 78
Y Space -3 2 124 110 202 78
Space T 3 -1 110 156 936 826
T O 0 -4 156 78 827 671
O Space -3 5 78 93 219 141
Space T 3 -1 93 78 234 141
T E 0 2 78 78 124 46
E L -1 -6 78 94 156 78
L L 0 0 94 93 141 47
L Space -2 5 93 93 234 141
Space Y 3 -2 93 140 655 562
Y O 0 -3 140 94 858 718
O U 0 2 94 93 281 187
U R 0 3 93 94 499 406
R Space -3 0 94 78 187 93
Space K 2 -4 78 109 234 156
K I 1 0 109 94 187 78
I D -1 5 94 15 188 94
D S 0 1 15 156 265 250
S Space -2 -2 156 124 281 125
Space E 3 1 124 124 468 344
E V -2 -1 124 78 156 32
V E 2 1 78 109 109 31
E R 0 -1 109 93 203 94
R Y 0 -2 93 78 93 0
Y T 0 1 78 78 156 78
T H -1 -1 78 78 172 94
H I 1 -2 78 94 171 93
I N -2 2 94 78 203 109
N G 1 1 78 78 172 94
G Space -2 1 78 110 249 171
Space Y 3 -2 110 125 687 577
Y O 0 -3 125 94 140 15
O U 0 2 94 109 156 62
U Space -3 3 109 94 281 172
Space T 3 -1 94 109 343 249
T H -1 -1 109 78 172 63
H O 1 -3 78 78 218 140
O U 0 2 78 78 219 141
U G -1 2 78 94 202 124
G H 0 -1 94 94 172 78
H T 1 1 94 94 234 140
T Space -3 1 94 93 796 702
Space Y 3 -2 93 110 592 499
Y O 0 -3 110 78 156 46
O U 0 2 78 109 141 63
U Oem7 -1 -4 109 93 312 203
Oem7 D 0 8 93 94 343 250
D Space -2 -1 94 156 203 109
Space H 2 -2 156 94 639 483
H A 0 5 94 109 110 16
A V -1 -3 109 78 156 47
V E 2 1 78 125 171 93
E Space -3 -1 125 93 250 125
Space T 3 -1 93 94 140 47
T H -1 -1 94 78 125 31
H E 1 3 78 124 172 94
E Space -3 -1 124 93 156 32
Space N 1 -2 93 93 187 94
N E 2 3 93 124 125 32
E X -2 1 124 93 468 344
X T 2 -3 93 109 218 125
T Space -3 1 109 156 421 312
Space D1 4 3 156 125 577 421
D1 D0 0 -9 125 47 250 125
D0 Space -4 6 47 78 265 218
Space Y 3 -2 78 78 234 156
Y E 0 3 78 109 94 16
E A -1 2 109 109 265 156
A R 1 -3 109 78 140 31
R S -1 2 78 125 141 63
S Space -2 -2 125 109 390 265
Space T 3 -1 109 125 265 156
T O 0 -4 125 110 140 15
O Space -3 5 110 109 297 187
Space T 3 -1 109 78 593 484
T E 0 2 78 93 109 31
E L -1 -6 93 78 171 78
L L 0 0 78 78 125 47
L Space -2 5 78 94 203 125
Space T 3 -1 94 109 125 31
T H -1 -1 109 78 140 31
H E 1 3 78 156 187 109
E M -2 -4 156 78 141 -15
M Space -1 3 78 109 234 156
Space I 3 -4 109 78 842 733
I N -2 2 78 94 187 109
N Space -1 2 94 110 156 62
Space A 2 3 110 125 156 46
A Space -2 -3 125 93 188 63
Space J 2 -3 93 94 374 281
J U 1 0 94 78 187 93
U S -1 5 78 109 156 78
S T 1 -3 109 93 141 32
T Back 1 -8 93 94 826 733
Back Back 0 0 94 78 156 62
Back Back 0 0 78 62 172 94
Back Back 0 0 62 63 140 78
Back J -2 6 63 78 1545 1482
J U 1 0 78 93 156 78
U S -1 5 93 109 78 -15
S T 1 -3 109 78 171 62
T Space -3 1 78 109 905 827
Space A 2 3 109 156 281 172
A Space -2 -3 156 78 203 47
Space F 2 0 78 93 780 702
F E 1 1 93 78 109 16
E W 0 1 78 109 172 94
W Space -3 -2 109 93 187 78
Space M 1 -3 93 93 234 141
M O 2 -2 93 78 203 110
O N -2 3 78 110 280 202
N T 2 1 110 62 250 140
T H -1 -1 62 109 156 94
H S 0 4 109 125 140 31
S OemPeriod -1 -7 125 140 1342 1217
OemPeriod Space -1 5 140 125 827 687
Space RShiftKey 1 -7 125 515 93 -32
RShiftKey I 2 3 515 125 375 -140
I T 0 3 125 109 452 327
T Space -3 1 109 94 312 203
Space M 1 -3 94 94 187 93
M E 2 4 94 140 141 47
E A -1 2 140 141 296 156
A N -1 -5 141 93 141 0
N S 1 4 93 109 249 156
S Space -2 -2 109 94 187 78
Space T 3 -1 94 62 1124 1030
T O 0 -4 62 94 218 156
O Space -3 5 94 78 234 140
Space M 1 -3 78 78 172 94
M A 1 6 78 140 62 -16
A K 0 -7 140 62 125 -15
K E 1 5 62 109 140 78
E Space -3 -1 109 93 141 32
Space S 2 2 93 141 124 31
S U 1 -5 141 78 125 -16
U R 0 3 78 94 156 78
R E 0 1 94 109 219 125
E Space -3 -1 109 94 171 62
Space E 3 1 94 78 1233 1139
E V -2 -1 78 94 171 93
V E 2 1 94 94 78 -16
E R 0 -1 94 94 187 93
R Y 0 -2 94 78 110 16
Y T 0 1 78 78 156 78
T H -1 -1 78 93 156 78
H I 1 -2 93 109 171 78
I N -2 2 109 94 187 78
N G 1 1 94 93 188 94
G Space -2 1 93 140 218 125
Space I 3 -4 140 78 1435 1295
I S -1 6 78 109 141 63
S Space -2 -2 109 93 156 47
Space B 1 -1 93 62 218 125
B U 2 -2 62 78 172 110
U T 0 2 78 78 218 140
T T 0 0 78 94 140 62
T O 0 -4 94 62 250 156
O N -2 3 62 93 172 110
N E 2 3 93 93 156 63
E D -1 0 93 125 202 109
D Space -2 -1 125 94 203 78
Space U 3 -3 94 94 437 343
U P 0 -3 94 94 218 124
P Space -3 6 94 109 203 109
Space D 2 1 109 62 203 94
D Back 2 -10 62 62 406 344
Back S -2 11 62 203 1528 1466
S Space -2 -2 203 187 1139 936
Space Back 4 -9 187 110 967 780
Back O -1 4 110 93 375 265
O Space -3 5 93 109 203 110
Space T 3 -1 109 93 265 156
T H -1 -1 93 94 171 78
H A 0 5 94 140 141 47
A T 1 -4 140 94 140 0
T Space -3 1 94 109 281 187
Space Back 4 -9 109 141 7909 7800
Back Back 0 0 141 94 1903 1762
Back Back 0 0 94 93 141 47
Back Back 0 0 93 94 140 47
Back P -1 3 94 93 874 780
P A -1 9 93 124 125 32
A R 1 -3 124 78 265 141
R I 0 -4 78 78 5148 5070
I T 0 3 78 78 218 140
T Space -3 1 78 94 203 125
Space W 3 2 94 94 156 62
W I 0 -6 94 63 109 15
I L -1 -1 63 93 141 78
L L 0 0 93 78 140 47
L Space -2 5 78 78 203 125
Space B 1 -1 78 94 171 93
B E 2 2 94 62 188 94
E Space -3 -1 62 110 1216 1154
Space E 3 1 110 94 390 280
E A -1 2 94 93 141 47
A S 0 -1 93 110 171 78
S Y 1 -4 110 78 125 15
Y Space -3 2 78 187 328 250
Space A 2 3 187 110 717 530
A S 0 -1 110 109 188 78
S Space -2 -2 109 94 124 15
Space P 3 -6 94 78 219 125
P O 0 1 78 94 140 62
O S -1 7 94 78 109 15
S S 0 0 78 94 172 94
S I 1 -6 94 78 140 46
I B -2 3 78 63 203 125
B L 1 -4 63 93 219 156
L E 1 6 93 109 156 63
E Space -3 -1 109 78 234 125
Space D 2 1 78 94 826 748
D Back 2 -10 94 93 375 281
Back F -2 9 93 109 140 47
F O 1 -5 109 78 141 32
O T 0 4 78 94 124 46
T Back 1 -8 94 94 406 312
Back R -1 9 94 93 125 31
R Space -3 0 93 109 218 125
Space Y 3 -2 109 109 141 32
Y O 0 -3 109 94 171 62
O U 0 2 94 78 187 93
U R 0 3 78 125 141 63
R Space -3 0 125 141 140 15
Space F 2 0 141 78 265 124
F A 0 3 78 124 110 32
A M -1 -6 124 110 124 0
M I 2 -1 110 78 188 78
I L -1 -1 78 109 140 62
L Y 1 3 109 78 265 156
Y OemPeriod -2 -3 78 78 312 234
OemPeriod Space -1 5 78 94 390 312
Space RShiftKey 1 -7 94 436 375 281
RShiftKey I 2 3 436 78 296 -140
I T 0 3 78 78 328 250
T Space -3 1 78 78 202 124
Space M 1 -3 78 78 172 94
M E 2 4 78 78 94 16
E A -1 2 78 124 234 156
A N -1 -5 124 109 171 47
N S 1 4 109 94 156 47
S Space -2 -2 94 140 281 187
Space T 3 -1 140 93 796 656
T O 0 -4 93 109 234 141
O Space -3 5 109 125 171 62
Space S 2 2 125 94 156 31
S A 0 1 94 140 219 125
A Y 1 -5 140 78 156 16
Y Space -3 2 78 93 234 156
Space G 2 -1 93 94 296 203
G O 1 -4 94 94 187 93
O O 0 0 94 109 141 47
O D -1 6 109 93 187 78
D B -1 -2 93 93 390 297
B Y 2 -1 93 78 218 125
Y E 0 3 78 94 156 78
E S -1 1 94 109 234 140
S OemPeriod -1 -7 109 78 499 390
OemPeriod Return 1 -3 78 94 281 203
Return Return 0 0 94 94 156 62
Return RShiftKey -1 1 94 483 328 234
RShiftKey I 2 3 483 78 327 -156
I Space -3 4 78 94 250 172
Space L 2 -5 94 94 218 124
L I 1 1 94 78 188 94
I V -2 4 78 93 234 156
V E 2 1 93 93 109 16
E D -1 0 93 109 234 141
D Space -2 -1 109 93 234 125
Space W 3 2 93 141 405 312
W I 0 -6 141 78 203 62
I T 0 3 78 125 234 156
T H -1 -1 125 62 141 16
H Space -2 2 62 109 171 109
Space T 3 -1 109 62 250 141
T H -1 -1 62 94 171 109
H A 0 5 94 140 188 94
A T 1 -4 140 78 124 -16
T Space -3 1 78 93 266 188
Space D 2 1 93 94 358 265
D I 1 -5 94 78 156 62
I A -1 7 78 109 188 110
A G 0 -4 109 93 2215 2106
G N -1 -1 93 94 218 125
N O 2 -3 94 93 219 125
O S -1 7 93 110 436 343
S I 1 -6 110 94 156 46
I S -1 6 94 94 125 31
S Space -2 -2 94 109 203 109
Space A 2 3 109 156 312 203
A L 0 -8 156 78 203 47
L L 0 0 78 78 125 47
L Space -2 5 78 93 203 125
Space D 2 1 93 94 374 281
D A 0 2 94 109 125 31
A Y 1 -5 109 63 140 31
Y OemPeriod -2 -3 63 94 499 436
OemPeriod Space -1 5 94 109 359 265
Space RShiftKey 1 -7 109 390 172 63
RShiftKey L 1 2 390 125 234 -156
L A 0 8 125 141 140 15
A T 1 -4 141 93 219 78
T E 0 2 93 110 124 31
E R 0 -1 110 109 203 93
R Space -3 0 109 124 141 32
Space T 3 -1 124 93 312 188
T A -1 4 93 109 327 234
A Back 2 -12 109 109 453 344
Back H -2 7 109 94 296 187
H A 0 5 94 109 125 31
A T 1 -4 109 78 125 16
T Space -3 1 78 93 234 156
Space E 3 1 93 94 140 47
E V -2 -1 94 78 140 46
V E 2 1 78 94 94 16
E N -2 -3 94 109 125 31
N I 2 -2 109 94 249 140
I N -2 2 94 93 188 94
N G 1 1 93 94 202 109
G Space -2 1 94 124 266 172
Space RShiftKey 1 -7 124 421 561 437
RShiftKey I 2 3 421 125 265 -156
I Space -3 4 125 94 281 156
Space H 2 -2 94 94 187 93
H A 0 5 94 93 110 16
A D 0 -2 93 172 296 203
D Space -2 -1 172 141 265 93
Space A 2 3 141 140 203 62
A Space -2 -3 140 94 156 16
Space B 1 -1 94 94 702 608
B I 2 -3 94 93 250 156
I O 0 -1 93 125 826 733
O P 0 -1 125 94 702 577
P S -1 8 94 109 172 78
S Y 1 -4 109 78 312 203
Y Oemcomma -2 -2 78 94 686 608
Oemcomma Space -1 4 94 93 188 94
Space W 3 2 93 140 234 141
W H -1 -4 140 78 156 16
H E 1 3 78 94 124 46
E R 0 -1 94 93 188 94
R E 0 1 93 140 218 125
E Space -3 -1 140 110 218 78
Space T 3 -1 110 78 328 218
T H -1 -1 78 93 172 94
H E 1 3 93 94 171 78
E Y 0 -3 94 78 94 0
Y Space -3 2 78 109 203 125
Space S 2 2 109 125 265 156
S T 1 -3 125 78 140 15
T U 0 -2 78 94 203 125
U C -2 4 94 125 156 62
C K 1 -5 125 94 187 62
K Space -2 4 94 94 265 171
Space A 2 3 94 140 406 312
A A 0 0 140 78 172 32
A N -1 -5 78 110 280 202
N Space -1 2 110 125 250 140
Space E 3 1 125 124 328 203
E N -2 -3 124 78 187 63
N D 1 3 78 93 281 203
D S 0 1 93 109 249 156
S C -1 -1 109 109 515 406
C O 2 -6 109 78 203 94
O P 0 -1 78 109 218 140
P E 0 7 109 125 172 63
E Space -3 -1 125 109 296 171
Space D 2 1 109 93 921 812
D O 1 -6 93 63 280 187
O W 0 7 63 93 219 156
W N -2 -4 93 78 187 94
N Space -1 2 78 93 172 94
Space M 1 -3 93 94 202 109
M Y 2 1 94 78 250 156
Y Space -3 2 78 109 234 156
Space T 3 -1 109 78 265 156
T H -1 -1 78 110 187 109
H R 1 2 110 124 188 78
R O 0 -5 124 78 234 110
O A -1 8 78 140 218 140
A T 1 -4 140 78 187 47
T Space -3 1 78 124 297 219
Space Back 4 -9 124 94 514 390
Back Oemcomma -3 5 94 78 328 234
Oemcomma Space -1 4 78 109 172 94
Space T 3 -1 109 93 390 281
T H -1 -1 93 110 202 109
H R 1 2 110 94 203 93
R O 0 -5 94 78 172 78
O U 0 2 78 110 327 249
U G -1 2 110 78 250 140
G H 0 -1 78 93 172 94
H Space -2 2 93 109 343 250
Space M 1 -3 109 109 452 343
M Y 2 1 109 78 265 156
Y Space -3 2 78 109 219 141
Space S 2 2 109 125 171 62
S T 1 -3 125 78 141 16
T O 0 -4 78 78 265 187
O M -2 2 78 109 172 94
M A 1 6 109 125 171 62
A C -1 -2 125 94 281 156
C H 1 -3 94 94 234 140
H Space -2 2 94 140 250 156
Space A 2 3 140 141 280 140
A N -1 -5 141 78 203 62
N D 1 3 78 124 219 141
D Space -2 -1 124 78 109 -15
Space I 3 -4 78 78 218 140
I N -2 2 78 109 172 94
N T 2 1 109 125 187 78
T O 0 -4 125 94 140 15
O Space -3 5 94 94 312 218
Space M 1 -3 94 110 234 140
M Y 2 1 110 78 266 156
Y Space -3 2 78 110 202 124
Space I 3 -4 110 110 234 124
I N -2 2 110 109 219 109
N T 2 1 109 124 281 172
T E 0 2 124 110 280 156
E S -1 1 110 156 344 234
S T 1 -3 156 94 904 748
T I 0 -3 94 93 297 203
I N -2 2 93 109 203 110
N E 2 3 109 93 156 47
E S -1 1 93 156 202 109
S Oemcomma -1 -6 156 78 172 16
Oemcomma Space -1 4 78 125 187 109
Space P 3 -6 125 94 967 842
P U 0 3 94 78 297 203
U T 0 2 78 94 265 187
T Space -3 1 94 109 265 171
Space A 2 3 109 78 172 63
A Space -2 -3 78 124 905 827
Space N 1 -2 124 78 249 125
N E 2 3 78 109 156 78
E E 0 0 109 93 172 63
E D -1 0 93 109 218 125
D L 0 -6 109 94 234 125
L E 1 6 94 141 109 15
E Space -3 -1 141 110 468 327
Space I 3 -4 110 78 344 234
I N -2 2 78 109 171 93
N T 2 1 109 109 234 125
T O 0 -4 109 62 125 16
O Space -3 5 62 94 265 203
Space M 1 -3 94 93 219 125
M Y 2 1 93 93 312 219
Y Space -3 2 93 109 265 172
Space P 3 -6 109 109 374 265
P E 0 7 109 109 156 47
E Back 1 -10 109 93 609 500
Back A -2 12 93 156 156 63
A N -1 -5 156 93 234 78
N C 0 3 93 78 296 203
C R 2 -1 78 78 203 125
R E 0 1 78 94 140 62
E A -1 2 94 109 281 187
A S 0 -1 109 110 218 109
S Space -2 -2 110 109 250 140
Space A 2 3 109 141 343 234
A N -1 -5 141 94 265 124
N D 1 3 94 156 141 47
D Space -2 -1 156 110 171 15
Space G 2 -1 110 78 250 140
G O 1 -4 78 94 265 187
O T 0 4 94 172 203 109
T Space -3 1 172 125 296 124
Space A 2 3 125 203 328 203
A Space -2 -3 203 110 218 15
Space F 2 0 110 78 640 530
F E 1 1 78 109 109 31
E W 0 1 109 94 265 156
W W 0 0 94 94 156 62
W Space -3 -2 94 93 141 47
Space C 1 1 93 93 234 141
C E 2 0 93 94 140 47
E L -1 -6 94 94 312 218
L L 0 0 94 94 156 62
L S 0 7 94 109 156 62
S Space -2 -2 109 94 265 156
Space F 2 0 94 94 468 374
F R 1 0 94 109 203 109
R O 0 -5 109 93 141 32
O M -2 2 93 94 218 125
M Space -1 3 94 125 203 109
Space T 3 -1 125 93 156 31
T H -1 -1 93 78 156 63
H E 1 3 78 156 203 125
E Space -3 -1 156 93 187 31
Space T 3 -1 93 94 343 250
T U 0 -2 94 94 218 124
U M -2 0 94 94 250 156
M O 2 -2 94 78 203 109
O R 0 5 78 141 171 93
R Space -3 0 141 125 375 234
Space Back 4 -9 125 93 905 780
Back Oemcomma -3 5 93 62 343 250
Oemcomma Space -1 4 62 94 171 109
Space RShiftKey 1 -7 94 436 266 172
RShiftKey I 2 3 436 109 265 -171
I Space -3 4 109 140 312 203
Space W 3 2 140 125 109 -31
W A -1 1 125 109 250 125
A S 0 -1 109 109 218 109
S Space -2 -2 109 78 203 94
Space S 2 2 78 94 951 873
S E 1 -1 94 109 219 125
E D -1 0 109 125 234 125
D A 0 2 125 171 936 811
A T 1 -4 171 93 312 141
T E 0 2 93 78 109 16
E D -1 0 78 94 234 156
D D 0 0 94 31 94 0
D Oemcomma -1 -5 31 78 686 655
Oemcomma Space -1 4 78 78 187 109
Space B 1 -1 78 63 265 187
B U 2 -2 63 93 188 125
U T 0 2 93 109 234 141
T Space -3 1 109 78 156 47
Space M 1 -3 78 93 187 109
M Y 2 1 93 78 265 172
Y Space -3 2 78 109 234 156
Space W 3 2 109 156 328 219
W I 0 -6 156 78 202 46
I F -1 4 78 109 656 578
F E 1 1 109 156 624 515
E Oemcomma -2 -5 156 78 514 358
Oemcomma Space -1 4 78 93 188 110
Space W 3 2 93 93 156 63
W H -1 -4 93 94 171 78
H O 1 -3 94 93 250 156
O Space -3 5 93 109 281 188
Space W 3 2 109 109 140 31
W A -1 1 109 109 250 141
A S 0 -1 109 94 218 109
S Space -2 -2 94 109 250 156
Space T 3 -1 109 93 546 437
T H -1 -1 93 125 187 94
H E 1 3 125 93 125 0
E R 0 -1 93 78 202 109
R E 0 1 78 109 219 141
E Oemcomma -2 -5 109 78 265 156
Oemcomma Space -1 4 78 93 203 125
Space T 3 -1 93 93 1482 1389
T O 0 -4 93 78 265 172
O L -1 0 78 110 140 62
L D 0 6 110 94 156 46
D Space -2 -1 94 78 156 62
Space M 1 -3 78 94 172 94
M E 2 4 94 140 125 31
E Space -3 -1 140 124 515 375
Space T 3 -1 124 93 390 266
T H -1 -1 93 93 187 94
H A 0 5 93 109 125 32
A T 1 -4 109 63 124 15
T Space -3 1 63 94 234 171
Space W 3 2 94 125 125 31
W E 0 -1 125 78 312 187
E Back 1 -10 78 125 796 718
Back H -2 7 125 94 1107 982
H E 1 3 94 94 172 78
E N -2 -3 94 110 140 46
N Space -1 2 110 110 234 124
Space T 3 -1 110 93 843 733
T H -1 -1 93 94 187 94
H E 1 3 94 94 109 15
E Y 0 -3 94 78 141 47
Y Space -3 2 78 93 265 187
Space V 1 0 93 78 249 156
V I 2 -4 78 78 266 188
I E 0 5 78 109 171 93
E W 0 1 109 109 219 110
W E 0 -1 109 124 234 125
E D -1 0 124 172 296 172
D Left -2 -8 172 998 3635 3463
Left Left 0 0 998 1685 1326 328
Left Left 0 0 1685 94 1903 218
Left Left 0 0 94 93 172 78
Left Left 0 0 93 94 140 47
Left Left 0 0 94 78 156 62
Left Left 0 0 78 94 140 62
Left Left 0 0 94 94 172 78
Left Back 4 -2 94 219 733 639
Back Left -4 2 219 1592 577 358
Left Back 4 -2 1592 62 2668 1076
Back Back 0 0 62 93 125 63
Back Space -4 9 93 234 171 78
Space A 2 3 234 141 13260 13026
A O 1 -8 141 109 2777 2636
O Back 1 -4 109 94 1825 1716
Back Space -4 9 94 140 2200 2106
Space T 3 -1 140 94 3775 3635
T H -1 -1 94 109 188 94
H E 1 3 109 110 124 15
E Space -3 -1 110 109 250 140
Space C 1 1 109 94 764 655
C E 2 0 94 110 234 140
E L -1 -6 110 78 188 78
L L 0 0 78 78 156 78
L S 0 7 78 109 109 31
S Space -2 -2 109 94 218 109
Space F 2 0 94 78 1155 1061
F R 1 0 78 93 187 109
R O 0 -5 93 78 109 16
O M -2 2 78 78 187 109
M Space -1 3 78 78 187 109
Space T 3 -1 78 78 500 422
T H -1 -1 78 94 171 93
H E 1 3 94 109 125 31
E Space -3 -1 109 94 140 31
Space T 3 -1 94 93 297 203
T U 0 -2 93 94 187 94
U M -2 0 94 93 203 109
M O 2 -2 93 93 203 110
O R 0 5 93 125 124 31
R OemPeriod -2 -5 125 47 952 827
OemPeriod Back 3 -4 47 140 2028 1981
Back Back 0 0 140 811 5819 5679
Back Back 0 0 811 78 936 125
Back Back 0 0 78 811 437 359
Back Back 0 0 811 94 1076 265
Back Back 0 0 94 124 172 78
Back U -1 6 124 94 3026 2902
U N -2 1 94 109 187 93
N D 1 3 109 94 156 47
D E 1 0 94 125 203 109
E R 0 -1 125 93 203 78
R Space -3 0 93 109 140 47
Space A 2 3 109 125 187 78
A Space -2 -3 125 78 141 16
Space M 1 -3 78 78 499 421
M I 2 -1 78 94 187 109
I C -2 5 94 110 343 249
C R 2 -1 110 94 172 62
R O 0 -5 94 93 172 78
O S -1 7 93 109 234 141
S C -1 -1 109 94 202 93
C O 2 -6 94 93 297 203
O P 0 -1 93 109 187 94
P E 0 7 109 109 172 63
E Space -3 -1 109 109 686 577
Space T 3 -1 109 47 359 250
T H -1 -1 47 93 359 312
H E 1 3 93 94 140 47
E Space -3 -1 94 78 156 62
Space D 2 1 78 125 140 62
D O 1 -6 125 94 172 47
O C -2 6 94 94 234 140
C T 2 -2 94 78 172 78
T O 0 -4 78 93 234 156
O R 0 5 93 141 124 31
R S -1 2 141 141 312 171
S Space -2 -2 141 93 219 78
Space S 2 2 93 110 639 546
S T 1 -3 110 94 172 62
T A -1 4 94 141 140 46
A R 1 -3 141 93 266 125
R T 0 -1 93 94 249 156
T E 0 2 94 109 328 234
E D -1 0 109 94 218 109
D Space -2 -1 94 94 156 62
Space C 1 1 94 78 312 218
C R 2 -1 78 93 219 141
R Y 0 -2 93 94 202 109
Y I 0 -2 94 94 234 140
I N -2 2 94 94 203 109
N G 1 1 94 93 219 125
G Space -2 1 93 109 717 624
Space B 1 -1 109 94 312 203
B E 2 2 94 94 156 62
E C -2 0 94 78 328 234
C A 1 2 78 124 125 47
A U 1 -6 124 94 171 47
U S -1 5 94 78 109 15
S E 1 -1 78 93 188 110
E Space -3 -1 93 62 140 47
Space I 3 -4 62 78 218 156
I T 0 3 78 125 125 47
T Space -3 1 125 125 265 140
Space T 3 -1 125 93 843 718
T U 0 -2 93 93 234 141
U R 0 3 93 109 218 125
R N -2 -2 109 94 156 47
N E 2 3 94 109 141 47
E D -1 0 109 110 202 93
D Space -2 -1 110 78 125 15
Space O 3 -5 78 94 234 156
O U 0 2 94 94 234 140
U T 0 2 94 109 156 62
T Space -3 1 109 109 250 141
Space T 3 -1 109 140 234 125
T O 0 -4 140 94 218 78
O Space -3 5 94 93 328 234
Space B 1 -1 93 94 577 484
B E 2 2 94 94 156 62
E Space -3 -1 94 93 125 31
Space V 1 0 93 78 421 328
V E 2 1 78 109 172 94
E R 0 -1 109 94 218 109
R Y 0 -2 94 78 125 31
Y Space -3 2 78 93 234 156
Space R 3 0 93 78 234 141
R A -1 3 78 125 109 31
A R 1 -3 125 94 109 -16
R E 0 1 94 125 234 140
E Space -3 -1 125 125 281 156
Space F 2 0 125 109 811 686
F O 1 -5 109 93 172 63
O R 0 5 93 109 125 32
R M -2 -3 109 93 156 47
M Space -1 3 93 93 187 94
Space O 3 -5 93 125 405 312
O F -1 5 125 93 687 562
F Space -2 0 93 93 203 110
Space P 3 -6 93 110 436 343
P A -1 9 110 109 141 31
A N -1 -5 109 94 187 78
N C 0 3 94 94 265 171
C R 2 -1 94 78 203 109
R E 0 1 78 94 156 78
E A -1 2 94 110 140 46
A S 0 -1 110 109 515 405
S Back 2 -11 109 187 1560 1451
Back T -1 8 187 188 967 780
T I 0 -3 188 94 718 530
I C -2 5 94 78 343 249
C Space -1 -1 78 94 203 125
Space C 1 1 94 78 187 93
C A 1 2 78 141 109 31
A N -1 -5 141 78 203 62
N C 0 3 78 78 265 187
C E 2 0 78 125 94 16
E R 0 -1 125 109 203 78
R Space -3 0 109 172 296 187
Space T 3 -1 172 93 796 624
T H -1 -1 93 110 171 78
H A 0 5 110 78 125 15
A T 1 -4 78 63 109 31
T Space -3 1 63 63 234 171
Space I 3 -4 63 93 188 125
I S -1 6 93 109 140 47
S Space -2 -2 109 94 187 78
Space C 1 1 94 109 141 47
C U 2 -4 109 78 140 31
U R 0 3 78 78 250 172
R A -1 3 78 125 109 31
A B -1 -4 125 94 421 296
B L 1 -4 94 93 328 234
L E 1 6 93 124 156 63
E Space -3 -1 124 78 561 437
Space W 3 2 78 109 281 203
W I 0 -6 109 94 265 156
I T 0 3 94 109 250 156
T H -1 -1 109 78 125 16
H Space -2 2 78 110 202 124
Space S 2 2 110 140 219 109
S U 1 -5 140 62 156 16
U R 0 3 62 78 249 187
R G -1 -1 78 93 219 141
G E 1 2 93 78 390 297
E R 0 -1 78 78 156 78
R Y 0 -2 78 94 218 140
Y OemPeriod -2 -3 94 109 780 686
OemPeriod Space -1 5 109 93 172 63
Space RShiftKey 1 -7 93 453 171 78
RShiftKey I 2 3 453 109 281 -172
I Space -3 4 109 94 281 172
Space H 2 -2 94 78 234 140
H A 0 5 78 109 78 0
A D 0 -2 109 156 234 125
D Space -2 -1 156 218 281 125
Space T 3 -1 218 94 421 203
T H -1 -1 94 94 218 124
H E 1 3 94 125 78 -16
E Space -3 -1 125 93 219 94
Space S 2 2 93 140 234 141
S U 1 -5 140 93 125 -15
U R 0 3 93 109 234 141
R G -1 -1 109 78 202 93
G E 1 2 78 125 125 47
E R 0 -1 125 109 219 94
R Y 0 -2 109 109 156 47
Y Space -3 2 109 156 218 109
Space A 2 3 156 172 702 546
A N -1 -5 172 93 203 31
N D 1 3 93 124 203 110
D Space -2 -1 124 109 140 16
Space RShiftKey 1 -7 109 468 296 187
RShiftKey I 2 3 468 109 297 -171
I Oem7 -1 -3 109 94 811 702
Oem7 M -1 4 94 171 874 780
M Space -1 3 171 218 1170 999
Space F 2 0 218 125 795 577
F I 1 -4 125 78 141 16
I N -2 2 78 94 202 124
N E 2 3 94 93 141 47
E Space -3 -1 93 94 93 0
Space N 1 -2 94 78 188 94
N O 2 -3 78 94 202 124
O W 0 7 94 141 156 62
W OemPeriod -2 -7 141 93 344 203
OemPeriod Return 1 -3 93 78 499 406
Return Return 0 0 78 140 655 577
Return RShiftKey -1 1 140 203 3245 3105
RShiftKey T 2 6 203 125 93 -110
T H -1 -1 125 94 234 109
H I 1 -2 94 93 188 94
I W 0 6 93 94 124 31
W Back 1 -11 94 110 624 530
Back S -2 11 110 109 188 78
S Space -2 -2 109 109 187 78
Space W 3 2 109 94 93 -16
W A -1 1 94 109 203 109
A S 0 -1 109 94 187 78
S Space -2 -2 94 94 78 -16
Space T 3 -1 94 78 812 718
T H -1 -1 78 78 202 124
H E 1 3 78 78 125 47
E Space -3 -1 78 78 203 125
Space C 1 1 78 109 156 78
C L 1 -6 109 93 203 94
L O 1 0 93 78 156 63
O S -1 7 78 109 78 0
S E 1 -1 109 93 203 94
E S -1 1 93 93 265 172
S T 1 -3 93 94 187 94
T Space -3 1 94 125 234 140
Space RShiftKey 1 -7 125 702 671 546
RShiftKey I 2 3 702 124 515 -187
I Oem7 -1 -3 124 78 421 297
Oem7 V -1 7 78 94 343 265
V E 2 1 94 110 140 46
E Space -3 -1 110 94 156 46
Space B 1 -1 94 78 203 109
B E 2 2 78 109 94 16
E E 0 0 109 78 203 94
E N -2 -3 78 93 156 78
N Space -1 2 93 156 187 94
Space T 3 -1 156 109 1248 1092
T O 0 -4 109 93 156 47
O Space -3 5 93 110 249 156
Space F 2 0 110 78 219 109
F A 0 3 78 109 125 47
A C -1 -2 109 78 78 -31
C I 2 -5 78 93 234 156
I N -2 2 93 93 187 94
N G 1 1 93 78 218 125
G Space -2 1 78 109 203 125
Space D 2 1 109 78 796 687
D E 1 0 78 78 187 109
E A -1 2 78 109 125 47
A T 1 -4 109 78 140 31
T H -1 -1 78 94 187 109
H Oemcomma -1 -2 94 78 1326 1232
Oemcomma Space -1 4 78 93 172 94
Space A 2 3 93 109 140 47
A N -1 -5 109 78 141 32
N D 1 3 78 156 202 124
D Space -2 -1 156 94 172 16
Space RShiftKey 1 -7 94 468 1139 1045
RShiftKey I 2 3 468 109 281 -187
I Space -3 4 109 109 312 203
Space H 2 -2 109 93 624 515
H O 1 -3 93 78 234 141
O P 0 -1 78 93 156 78
P E 0 7 93 109 140 47
E Space -3 -1 109 187 343 234
Space I 3 -4 187 78 983 796
I T 0 3 78 109 265 187
T Oem7 -1 -6 109 63 499 390
Oem7 S 0 9 63 94 125 62
S Space -2 -2 94 63 156 62
Space T 3 -1 63 93 219 156
T H -1 -1 93 78 187 94
H E 1 3 78 125 93 15
E Space -3 -1 125 62 219 94
Space C 1 1 62 94 561 499
C L 1 -6 94 78 172 78
L O 1 0 78 93 172 94
O S -1 7 93 109 171 78
S E 1 -1 109 78 219 110
E S -1 1 78 94 202 124
S T 1 -3 94 78 141 47
T Space -3 1 78 94 218 140
Space RShiftKey 1 -7 94 406 281 187
RShiftKey I 2 3 406 109 234 -172
I Space -3 4 109 109 343 234
Space F 2 0 109 63 702 593
F Back 2 -9 63 94 421 358
Back G -2 8 94 78 312 218
G E 1 2 78 93 63 -15
E T 0 -2 93 93 156 63
T Space -3 1 93 156 187 94
Space F 2 0 156 94 1435 1279
F O 1 -5 94 94 265 171
O R 0 5 94 94 250 156
R Space -3 0 94 109 203 109
Space A 2 3 109 125 187 78
A Space -2 -3 125 94 140 15
Space F 2 0 94 93 219 125
F E 1 1 93 94 171 78
E W 0 1 94 125 234 140
W Space -3 -2 125 109 219 94
Space M 1 -3 109 94 608 499
M O 2 -2 94 78 219 125
O R 0 5 78 78 124 46
R Back 1 -9 78 109 515 437
Back E -1 10 109 78 141 32
E Back 1 -10 78 94 686 608
Back R -1 9 94 78 156 62
R E 0 1 78 78 218 140
E Space -3 -1 78 93 188 110
Space D 2 1 93 94 171 78
D E 1 0 94 78 187 93
E C -2 0 78 78 172 94
C A 1 2 78 109 172 94
A C -1 -2 109 94 140 31
C Back 3 -10 94 93 827 733
Back D -2 10 93 78 125 32
D E 1 0 78 93 187 109
E S -1 1 93 109 203 110
S OemPeriod -1 -7 109 109 858 749
OemPeriod Space -1 5 109 93 187 78
Space RShiftKey 1 -7 93 858 1217 1124
RShiftKey H 1 5 858 125 670 -188
H A 0 5 125 109 141 16
A V -1 -3 109 78 249 140
V I 2 -4 78 78 219 141
I N -2 2 78 94 171 93
N G 1 1 94 78 203 109
G Space -2 1 78 94 187 109
Space L 2 -5 94 93 297 203
L I 1 1 93 78 234 141
I V -2 4 78 94 218 140
V E 2 1 94 94 109 15
E D -1 0 94 94 250 156
D Space -2 -1 94 93 250 156
Space T 3 -1 93 78 889 796
T H -1 -1 78 110 171 93
H R 1 2 110 110 156 46
R O 0 -5 110 79 156 46
O U 0 2 79 78 188 109
U G -1 2 78 78 203 125
G H 0 -1 78 94 140 62
H Space -2 2 94 110 374 280
Space I 3 -4 110 78 250 140
I T 0 3 78 188 374 296
T Oemcomma -2 -3 188 93 890 702
Oemcomma Space -1 4 93 94 140 47
Space RShiftKey 1 -7 94 390 140 46
RShiftKey I 2 3 390 109 266 -124
I Space -3 4 109 78 296 187
Space C 1 1 78 78 203 125
C A 1 2 78 124 125 47
A N -1 -5 124 156 234 110
N Back 3 -7 156 140 858 702
Back N -3 7 140 94 1419 1279
N Left -1 -5 94 1357 406 312
Left Left 0 0 1357 78 1544 187
Left Back 4 -2 78 140 1061 983
Back A -2 12 140 140 156 16
A Left -2 -10 140 218 718 578
Left Right 0 -2 218 1700 1638 1420
Right Space 0 9 1700 94 2074 374
Space N 1 -2 94 78 219 125
N O 2 -3 78 78 218 140
O W 0 7 78 125 187 109
W Space -3 -2 125 93 188 63
Space S 2 2 93 78 109 16
S A 0 1 78 140 203 125
A Y 1 -5 140 78 140 0
Y Space -3 2 78 202 406 328
Space T 3 -1 202 125 499 297
T H -1 -1 125 94 218 93
H I 1 -2 94 94 187 93
I S -1 6 94 109 125 31
S Space -2 -2 109 109 172 63
Space T 3 -1 109 125 218 109
T O 0 -4 125 109 94 -31
O Space -3 5 109 110 249 140
Space Y 3 -2 110 156 328 218
Y O 0 -3 156 78 125 -31
O U 0 2 78 140 187 109
U Space -3 3 140 156 296 156
Space W 3 2 156 93 812 656
W I 0 -6 93 94 124 31
I T 0 3 94 94 234 140
T H -1 -1 94 109 172 78
H Space -2 2 109 109 234 125
Space A 2 3 109 140 406 297
A Space -2 -3 140 93 234 94
Space B 1 -1 93 78 234 141
B I 2 -3 78 94 202 124
I T 0 3 94 109 250 156
T Space -3 1 109 140 437 328
Space M 1 -3 140 78 515 375
M O 2 -2 78 109 249 171
O R 0 5 109 78 187 78
R E 0 1 78 140 219 141
E Space -3 -1 140 94 218 78
Space C 1 1 94 63 265 171
C E 2 0 63 109 110 47
E R 0 -1 109 93 187 78
R T 0 -1 93 109 234 141
T A -1 4 109 125 140 31
A I 1 -7 125 94 187 62
I N -2 2 94 109 188 94
N L 1 -3 109 109 249 140
L Y 1 3 109 109 328 219
Y Back 1 -7 109 109 936 827
Back Back 0 0 109 94 171 62
Back T -1 8 94 125 203 109
T Y 0 -1 125 109 234 109
Y Space -3 2 109 140 250 141
Space T 3 -1 140 78 1357 1217
T H -1 -1 78 109 172 94
H A 0 5 109 94 93 -16
A N -1 -5 94 78 265 171
N Space -1 2 78 110 156 78
Space W 3 2 110 109 359 249
W H -1 -4 109 93 141 32
H E 1 3 93 78 140 47
E N -2 -3 78 78 94 16
N Space -1 2 78 94 202 124
Space D 2 1 94 109 1732 1638
D E 1 0 109 78 187 78
E A -1 2 78 125 94 16
A T 1 -4 125 78 171 46
T H -1 -1 78 93 188 110
H Space -2 2 93 94 202 109
Space W 3 2 94 109 141 47
W A -1 1 109 109 218 109
A S 0 -1 109 93 219 110
S Space -2 -2 93 124 156 63
Space A 2 3 124 109 156 32
A Space -2 -3 109 93 156 47
Space U 3 -3 93 94 514 421
U S -1 5 94 93 110 16
S E 1 -1 93 94 202 109
E F -1 -1 94 125 390 296
F U 1 -3 125 94 250 125
U L -1 -2 94 109 265 171
L Space -2 5 109 78 343 234
Space B 1 -1 78 94 624 546
B U 2 -2 94 78 203 109
U T 0 2 78 94 187 109
T Space -3 1 94 94 234 140
Space P 3 -6 94 94 281 187
P U 0 3 94 78 328 234
U R 0 3 78 109 140 62
R E 0 1 109 125 281 172
E L -1 -6 125 109 187 62
L Y 1 3 109 94 312 203
Y Space -3 2 94 171 406 312
Space I 3 -4 171 78 483 312
I N -2 2 78 93 219 141
N T 2 1 93 94 296 203
T E 0 2 94 109 125 31
E L -1 -6 109 78 281 172
L L 0 0 78 94 140 62
L C -1 6 94 78 1623 1529
C T 2 -2 78 78 187 109
T U 0 -2 78 93 203 125
U A -1 6 93 109 140 47
A L 0 -8 109 62 172 63
L Space -2 5 62 94 327 265
Space C 1 1 94 110 343 249
C O 2 -6 110 110 156 46
O N -2 3 110 94 234 124
N C 0 3 94 78 297 203
C E 2 0 78 125 109 31
E P 0 -7 125 93 281 156
P T 0 5 93 94 218 125
T RShiftKey -2 -6 94 359 203 109
RShiftKey Oem1 1 1 359 124 172 -187
Oem1 Space -2 6 124 109 156 32
Space Return 2 -8 109 94 202 93
Return Return 0 0 94 94 125 31
Return RShiftKey -1 1 94 609 265 171
RShiftKey N 0 5 609 125 468 -141
N O 2 -3 125 94 250 125
O Space -3 5 94 109 203 109
Space O 3 -5 109 93 203 94
O N -2 3 93 78 218 125
N E 2 3 78 125 140 62
E Space -3 -1 125 94 203 78
Space W 3 2 94 109 624 530
W A -1 1 109 124 219 110
A N -1 -5 124 93 109 -15
N T 2 1 93 78 203 110
T S -1 3 78 125 93 15
S Space -2 -2 125 94 156 31
Space T 3 -1 94 109 156 62
T O 0 -4 109 78 125 16
O Space -3 5 78 94 234 156
Space D 2 1 94 94 187 93
D I 1 -5 94 94 109 15
I E 0 5 94 125 141 47
E OemPeriod -2 -6 125 125 390 265
OemPeriod Space -1 5 125 187 437 312
Space RShiftKey 1 -7 187 453 249 62
RShiftKey E 2 8 453 124 297 -156
E V -2 -1 124 93 312 188
V E 2 1 93 94 140 47
E N -2 -3 94 78 140 46
N Space -1 2 78 93 188 110
Space P 3 -6 93 78 436 343
P E 0 7 78 109 125 47
E O 0 -6 109 78 156 47
O P 0 -1 78 78 156 78
P L -1 1 78 94 187 109
L E 1 6 94 125 312 218
E Space -3 -1 125 93 344 219
Space W 3 2 93 109 780 687
W H -1 -4 109 78 187 78
H O 1 -3 78 78 203 125
O Space -3 5 78 109 218 140
Space W 3 2 109 94 140 31
W A -1 1 94 125 234 140
A N -1 -5 125 94 94 -31
N T 2 1 94 78 234 140
T E 0 2 78 78 3260 3182
E Space -3 -1 78 124 2138 2060
Space T 3 -1 124 94 483 359
T O 0 -4 94 78 125 31
O Space -3 5 78 109 187 109
Space G 2 -1 109 124 297 188
G O 1 -4 124 78 93 -31
O Space -3 5 78 141 187 109
Space T 3 -1 141 94 172 31
T O 0 -4 94 109 78 -16
O Space -3 5 109 125 187 78
Space H 2 -2 125 109 203 78
H E 1 3 109 93 125 16
E A -1 2 93 125 249 156
A V -1 -3 125 94 156 31
V E 2 1 94 93 141 47
E N -2 -3 93 78 187 94
N Space -1 2 78 172 156 78
Space S 2 2 172 125 889 717
S Back 2 -11 125 94 390 265
Back D -2 10 94 109 141 47
D O 1 -6 109 62 187 78
O N -2 3 62 94 187 125
N Oem1 1 -4 94 93 328 234
Oem1 Back 2 -3 93 93 468 375
Back Oem7 -2 2 93 94 202 109
Oem7 T 1 6 94 94 156 62
T Space -3 1 94 78 203 109
Space E 3 1 78 78 312 234
E Back 1 -10 78 78 499 421
Back W -1 11 78 125 78 0
W A -1 1 125 140 266 141
A M -1 -6 140 78 187 47
M Back 3 -6 78 93 749 671
Back N -3 7 93 94 296 203
N T 2 1 94 93 125 31
T Space -3 1 93 78 140 47
Space T 3 -1 78 94 125 47
T O 0 -4 94 78 109 15
O Space -3 5 78 94 343 265
Space D 2 1 94 94 749 655
D I 1 -5 94 78 219 125
I E 0 5 78 110 124 46
E Space -3 -1 110 125 203 93
Space T 3 -1 125 94 1326 1201
T O 0 -4 94 78 234 140
O Space -3 5 78 93 219 141
Space G 2 -1 93 93 187 94
G E 1 2 93 93 125 32
E T 0 -2 93 78 78 -15
T Space -3 1 78 94 202 124
Space T 3 -1 94 78 219 125
T H -1 -1 78 94 171 93
H E 1 3 94 93 141 47
E R 0 -1 93 78 203 110
R E 0 1 78 109 218 140
E OemPeriod -2 -6 109 109 187 78
OemPeriod Space -1 5 109 140 406 297
Space RShiftKey 1 -7 140 608 889 749
RShiftKey A 1 10 608 109 468 -140
A N -1 -5 109 109 265 156
N D 1 3 109 125 187 78
D Space -2 -1 125 93 141 16
Space Y 3 -2 93 93 234 141
Y E 0 3 93 125 171 78
E T 0 -2 125 94 125 0
T Space -3 1 94 156 234 140
Space D 2 1 156 93 921 765
D E 1 0 93 78 218 125
E A -1 2 78 140 234 156
A T 1 -4 140 78 125 -15
T H -1 -1 78 78 218 140
H Space -2 2 78 109 203 125
Space I 3 -4 109 78 452 343
I S -1 6 78 94 125 47
S Space -2 -2 94 94 125 31
Space T 3 -1 94 78 218 124
T H -1 -1 78 78 172 94
H E 1 3 78 110 140 62
E Space -3 -1 110 93 219 109
Space D 2 1 93 78 483 390
D E 1 0 78 93 188 110
E S -1 1 93 78 234 141
S T 1 -3 78 93 109 31
T I 0 -3 93 78 234 141
I N -2 2 78 94 187 109
N A 1 5 94 125 140 46
A T 1 -4 125 78 141 16
T I 0 -3 78 93 203 125
I O 0 -1 93 78 156 63
O N -2 3 78 125 171 93
N Space -1 2 125 187 219 94
Space W 3 2 187 109 639 452
W E 0 -1 109 93 219 110
E Space -3 -1 93 94 124 31
Space A 2 3 94 124 188 94
A L 0 -8 124 62 109 -15
L L 0 0 62 78 125 63
L Space -2 5 78 94 202 124
Space S 2 2 94 94 125 31
S H 0 -4 94 62 125 31
H A 0 5 62 125 109 47
A R 1 -3 125 94 109 -16
R E 0 1 94 110 156 62
E OemPeriod -2 -6 110 78 1217 1107
OemPeriod Space -1 5 78 93 219 141
Space RShiftKey 1 -7 93 452 218 125
RShiftKey N 0 5 452 109 312 -140
N O 2 -3 109 78 265 156
O Space -3 5 78 110 187 109
Space O 3 -5 110 78 219 109
O N -2 3 78 109 187 109
N E 2 3 109 94 156 47
E Space -3 -1 94 109 172 78
Space H 2 -2 109 78 858 749
H A 0 5 78 94 140 62
A S 0 -1 94 93 203 109
S Space -2 -2 93 93 156 63
Space E 3 1 93 94 140 47
E V -2 -1 94 94 156 62
V E 2 1 94 94 109 15
E R 0 -1 94 109 172 78
R Space -3 0 109 109 203 94
Space S 2 2 109 94 1123 1014
S Back 2 -11 94 110 686 592
Back E -1 10 110 94 172 62
E S -1 1 94 78 374 280
S C -1 -1 78 109 188 110
C A 1 2 109 125 140 31
A P 1 -9 125 109 421 296
P E 0 7 109 78 172 63
E D -1 0 78 93 203 125
D Space -2 -1 93 109 156 63
Space I 3 -4 109 93 624 515
I T 0 3 93 125 296 203
T OemPeriod -2 -4 125 94 234 109
OemPeriod Space -1 5 94 141 187 93
Space RShiftKey 1 -7 141 405 219 78
RShiftKey A 1 10 405 187 234 -171
A N -1 -5 187 110 280 93
N D 1 3 110 110 156 46
D Space -2 -1 110 78 125 15
Space T 3 -1 78 78 219 141
T H -1 -1 78 109 156 78
H A 0 5 109 93 156 47
A T 1 -4 93 78 78 -15
T Space -3 1 78 78 218 140
Space I 3 -4 78 93 406 328
I S -1 6 93 94 124 31
S Space -2 -2 94 78 172 78
Space A 2 3 78 93 125 47
A S 0 -1 93 109 187 94
S Space -2 -2 109 94 156 47
Space A 2 3 94 93 1030 936
A Back 2 -12 93 94 436 343
Back I -1 5 94 93 297 203
I T 0 3 93 94 405 312
T Space -3 1 94 156 219 125
Space S 2 2 156 219 483 327
S H 0 -4 219 78 328 109
H O 1 -3 78 78 218 140
O U 0 2 78 94 172 94
U L -1 -2 94 93 203 109
L D 0 6 93 93 125 32
D Space -2 -1 93 94 140 47
Space B 1 -1 94 78 187 93
B E 2 2 78 94 47 -31
E OemPeriod -2 -6 94 78 983 889
OemPeriod Back 3 -4 78 94 374 296
Back Oemcomma -3 5 94 78 250 156
Oemcomma Space -1 4 78 109 265 187
Space B 1 -1 109 94 265 156
B E 2 2 94 94 156 62
E C -2 0 94 93 328 234
C A 1 2 93 109 140 47
A U 1 -6 109 93 141 32
U S -1 5 93 78 109 16
S E 1 -1 78 94 374 296
E Space -3 -1 94 109 999 905
Space RShiftKey 1 -7 109 312 577 468
RShiftKey D 1 8 312 109 187 -125
D E 1 0 109 78 203 94
E A -1 2 78 125 234 156
A T 1 -4 125 94 187 62
T H -1 -1 94 94 187 93
H Space -2 2 94 109 219 125
Space I 3 -4 109 93 655 546
I S -1 6 93 109 109 16
S Space -2 -2 109 78 156 47
Space V 1 0 78 78 203 125
V E 2 1 78 109 78 0
E R 0 -1 109 109 203 94
R Y 0 -2 109 125 405 296
Y Space -3 2 125 172 187 62
Space L 2 -5 172 93 765 593
L I 1 1 93 78 218 125
I K -1 0 78 93 172 94
K E 1 5 93 78 109 16
E L -1 -6 78 94 109 31
L Y 1 3 94 94 281 187
Y Space -3 2 94 156 265 171
Space S 2 2 156 156 734 578
S I 1 -6 156 93 187 31
I N -2 2 93 93 203 110
N L 1 -3 93 78 218 125
L Back 2 -4 78 94 499 421
Back G -2 8 94 109 172 78
G L 0 -4 109 93 437 328
L E 1 6 93 94 202 109
E Space -3 -1 94 78 172 78
Space B 1 -1 78 93 203 125
B E 2 2 93 78 156 63
E S -1 1 78 125 234 156
S T 1 -3 125 94 93 -32
T Space -3 1 94 93 266 172
Space Space 0 0 93 141 1653 1560
Space I 3 -4 141 78 328 187
I N -2 2 78 93 203 125
N V 0 2 93 78 265 172
V E 2 1 78 93 125 47
E N -2 -3 93 78 187 94
N T 2 1 78 93 234 156
T I 0 -3 93 78 218 125
I O 0 -1 78 78 156 78
O N -2 3 78 94 187 109
N Space -1 2 94 109 188 94
Space O 3 -5 109 94 748 639
O F -1 5 94 109 297 203
F Space -2 0 109 62 156 47
Space RShiftKey 1 -7 62 343 218 156
RShiftKey L 1 2 343 125 203 -140
L I 1 1 125 94 265 140
I F -1 4 94 93 219 125
F E 1 1 93 140 218 125
E OemPeriod -2 -6 140 94 234 94
OemPeriod Space -1 5 94 203 343 249
Space RShiftKey 1 -7 203 873 250 47
RShiftKey I 2 3 873 125 717 -156
I T 0 3 125 78 312 187
T Space -3 1 78 78 234 156
Space I 3 -4 78 62 219 141
I S -1 6 62 109 109 47
S Space -2 -2 109 93 203 94
Space RShiftKey 1 -7 93 375 296 203
RShiftKey L 1 2 375 125 234 -141
L I 1 1 125 78 281 156
I F -1 4 78 94 468 390
F E 1 1 94 110 218 124
E Oem7 -1 -8 110 78 188 78
Oem7 S 0 9 78 125 405 327
S Space -2 -2 125 78 203 78
Space C 1 1 78 93 1186 1108
C H 1 -3 93 78 218 125
H A 0 5 78 141 140 62
A N -1 -5 141 94 94 -47
N G 1 1 94 78 203 109
G E 1 2 78 110 93 15
E Space -3 -1 110 78 188 78
Space A 2 3 78 124 156 78
A G 0 -4 124 78 140 16
G E 1 2 78 78 343 265
E N -2 -3 78 93 219 141
N T 2 1 93 109 265 172
T OemPeriod -2 -4 109 78 312 203
OemPeriod Space -1 5 78 110 249 171
Space RShiftKey 1 -7 110 874 359 249
RShiftKey I 2 3 874 172 624 -250
I T 0 3 172 109 406 234
T Space -3 1 109 93 203 94
Space C 1 1 93 125 265 172
C L 1 -6 125 78 109 -16
L E 1 6 78 109 172 94
E A -1 2 109 125 265 156
A R 1 -3 125 63 140 15
R S -1 2 63 125 936 873
S Space -2 -2 125 94 203 78
Space O 3 -5 94 93 328 234
O U 0 2 93 94 249 156
U T 0 2 94 93 219 125
T Space -3 1 93 125 202 109
Space T 3 -1 125 109 188 63
T H -1 -1 109 94 202 93
H E 1 3 94 109 125 31
E Space -3 -1 109 109 172 63
Space O 3 -5 109 78 234 125
O L -1 0 78 94 171 93
L D 0 6 94 171 141 47
D Space -2 -1 171 124 749 578
Space T 3 -1 124 125 405 281
T O 0 -4 125 94 203 78
O Space -3 5 94 109 172 78
Space M 1 -3 109 94 202 93
M A 1 6 94 109 125 31
A K 0 -7 109 94 78 -31
K E 1 5 94 93 172 78
E Back 1 -10 93 78 2465 2372
Back Space -4 9 78 125 1606 1528
Space W 3 2 125 109 2481 2356
W A -1 1 109 140 234 125
A Y 1 -5 140 78 125 -15
Y Space -3 2 78 109 218 140
Space F 2 0 109 93 125 16
F O 1 -5 93 94 187 94
O R 0 5 94 109 109 15
R Space -3 0 109 93 172 63
Space T 3 -1 93 109 156 63
T H -1 -1 109 78 125 16
H E 1 3 78 156 748 670
E Space -3 -1 156 93 188 32
Space N 1 -2 93 78 748 655
N E 2 3 78 94 78 0
E W 0 1 94 125 219 125
W OemPeriod -2 -7 125 93 281 156
OemPeriod Space -1 5 93 125 202 109
Space RShiftKey 1 -7 125 562 749 624
RShiftKey R 2 7 562 125 437 -125
R I 0 -4 125 78 296 171
I G -1 3 78 63 234 156
G H 0 -1 63 93 141 78
H T 1 1 93 93 125 32
T Space -3 1 93 109 171 78
Space N 1 -2 109 78 531 422
N O 2 -3 78 78 218 140
O W 0 7 78 125 156 78
W Space -3 -2 125 94 265 140
Space T 3 -1 94 94 203 109
T H -1 -1 94 78 109 15
H E 1 3 78 140 203 125
E Space -3 -1 140 93 203 63
Space N 1 -2 93 93 983 890
N E 2 3 93 94 171 78
E W 0 1 94 124 219 125
W Space -3 -2 124 78 171 47
Space I 3 -4 78 78 203 125
I S -1 6 78 109 109 31
S Space -2 -2 109 94 187 78
Space Y 3 -2 94 125 219 125
Y O 0 -3 125 94 109 -16
O U 0 2 94 125 156 62
U Oemcomma -2 -1 125 109 250 125
Oemcomma Space -1 4 109 156 795 686
Space B 1 -1 156 109 1233 1077
B U 2 -2 109 78 140 31
U T 0 2 78 78 218 140
T Space -3 1 78 94 250 172
Space S 2 2 94 125 156 62
S O 1 -7 125 94 109 -16
O M -2 2 94 94 187 93
M E 2 4 94 93 141 47
E D -1 0 93 109 203 110
D A 0 2 109 203 296 187
A Y 1 -5 203 94 218 15
Y Space -3 2 94 156 281 187
Space B 1 -1 156 94 421 265
B Back 3 -8 94 94 468 374
Back N -3 7 94 94 203 109
N O 2 -3 94 78 125 31
O T 0 4 78 140 203 125
T Space -3 1 140 125 171 31
Space T 3 -1 125 109 172 47
T O 0 -4 109 93 125 16
O O 0 0 93 109 140 47
O Space -3 5 109 125 234 125
Space L 2 -5 125 94 702 577
L O 1 0 94 93 172 78
O N -2 3 93 94 218 125
N G 1 1 94 78 219 125
G Space -2 1 78 93 187 109
Space F 2 0 93 94 140 47
F R 1 0 94 78 187 93
R O 0 -5 78 94 125 47
O M -2 2 94 78 187 93
M Space -1 3 78 94 172 94
Space N 1 -2 94 78 187 93
N O 2 -3 78 94 187 109
O W 0 7 94 140 141 47
W Oemcomma -2 -6 140 78 1341 1201
Oemcomma Space -1 4 78 94 172 94
Space Y 3 -2 94 109 468 374
Y O 0 -3 109 63 140 31
O U 0 2 63 78 125 62
U Space -3 3 78 109 234 156
Space W 3 2 109 171 1623 1514
W I 0 -6 171 78 171 0
I L -1 -1 78 78 203 125
L L 0 0 78 94 140 62
L Space -2 5 94 203 1919 1825
Space G 2 -1 203 78 421 218
G R 1 1 78 78 188 110
R A -1 3 78 125 93 15
A D 0 -2 125 78 187 62
D U 1 -4 78 94 234 156
U A -1 6 94 93 110 16
A L 0 -8 93 94 140 47
L L 0 0 94 94 156 62
L Y 1 3 94 109 250 156
Y Space -3 2 109 140 234 125
Space B 1 -1 140 93 889 749
B E 2 2 93 94 140 47
E C -2 0 94 78 234 140
C O 2 -6 78 94 281 203
O M -2 2 94 93 172 78
M E 2 4 93 93 109 16
E Space -3 -1 93 78 140 47
Space O 3 -5 78 93 219 141
O L -1 0 93 94 171 78
L D 0 6 94 94 125 31
D Space -2 -1 94 125 686 592
Space A 2 3 125 141 203 78
A N -1 -5 141 93 172 31
N D 1 3 93 109 218 125
D Space -2 -1 109 93 141 32
Space B 1 -1 93 78 265 172
B E 2 2 78 109 125 47
E Space -3 -1 109 94 140 31
Space C 1 1 94 109 172 78
C L 1 -6 109 109 140 31
L E 1 6 109 125 125 16
E A -1 2 125 125 265 140
A R 1 -3 125 78 203 78
R E 0 1 78 110 93 15
E D -1 0 110 109 219 109
D Space -2 -1 109 109 140 31
Space A 2 3 109 94 780 671
A W 1 -1 94 94 234 140
W A -1 1 94 93 219 125
A Y 1 -5 93 94 140 47
Y OemPeriod -2 -3 94 93 406 312
OemPeriod Space -1 5 93 109 187 94
Space RShiftKey 1 -7 109 327 390 281
RShiftKey S 1 9 327 125 187 -140
S O 1 -7 125 94 265 140
O R 0 5 94 94 187 93
R R 0 0 94 125 156 62
R Y 0 -2 125 109 172 47
Y Space -3 2 109 140 281 172
Space T 3 -1 140 94 499 359
T O 0 -4 94 94 140 46
O Space -3 5 94 109 203 109
Space B 1 -1 109 78 219 110
B E 2 2 78 94 140 62
E Space -3 -1 94 93 172 78
Space S 2 2 93 172 405 312
S O 1 -7 172 93 219 47
O Space -3 5 93 93 265 172
Space D 2 1 93 78 437 344
D R 1 -1 78 94 140 62
R A -1 3 94 109 125 31
A M -1 -6 109 78 281 172
M A 1 6 78 125 140 62
A T 1 -4 125 94 156 31
T I 0 -3 94 94 312 218
I C -2 5 94 125 125 31
C Oemcomma 0 -5 125 93 1217 1092
Oemcomma Space -1 4 93 93 187 94
Space B 1 -1 93 78 234 141
B U 2 -2 78 110 171 93
U T 0 2 110 124 188 78
T Space -3 1 124 156 296 172
Space I 3 -4 156 93 640 484
I T 0 3 93 78 265 172
T Space -3 1 78 94 218 140
Space I 3 -4 94 78 219 125
I S -1 6 78 94 140 62
S Space -2 -2 94 93 172 78
Space Q 3 3 93 156 686 593
Q U 0 -6 156 78 125 -31
U I 0 -1 78 94 140 62
I T 0 3 94 93 219 125
T W 0 3 93 47 171 78
W Back 1 -11 47 94 1170 1123
Back E -1 10 94 94 234 140
E Space -3 -1 94 125 156 62
Space T 3 -1 125 78 265 140
T R 0 1 78 94 172 94
R U 0 -3 94 94 140 46
U E 0 4 94 125 172 78
E OemPeriod -2 -6 125 93 359 234
OemPeriod Return 1 -3 93 94 265 172
Return Return 0 0 94 94 156 62
Return RShiftKey -1 1 94 359 1123 1029
RShiftKey Y 2 5 359 124 219 -140
Y O 0 -3 124 110 280 156
O U 0 2 110 78 219 109
U R 0 3 78 109 390 312
R Space -3 0 109 93 125 16
Space T 3 -1 93 109 140 47
T I 0 -3 109 78 156 47
I M -2 1 78 93 203 125
M E 2 4 93 109 156 63
E Space -3 -1 109 93 125 16
Space I 3 -4 93 78 202 109
I S -1 6 78 109 141 63
S Space -2 -2 109 78 156 47
Space L 2 -5 78 94 218 140
L I 1 1 94 78 203 109
I M -2 1 78 109 156 78
M I 2 -1 109 78 187 78
I T 0 3 78 78 203 125
T E 0 2 78 109 187 109
E D -1 0 109 156 250 141
D Oemcomma -1 -5 156 62 983 827
Oemcomma Space -1 4 62 109 156 94
Space S 2 2 109 125 218 109
S O 1 -7 125 78 156 31
O Space -3 5 78 110 218 140
Space D 2 1 110 109 188 78
D O 1 -6 109 94 93 -16
O N -2 3 94 78 203 109
N Oem7 1 -5 78 78 515 437
Oem7 T 1 6 78 124 125 47
T Space -3 1 124 125 343 219
Space W 3 2 125 125 639 514
W A -1 1 125 110 234 109
A S 0 -1 110 94 203 93
S T 1 -3 94 94 109 15
T E 0 2 94 109 125 31
E Space -3 -1 109 110 187 78
Space I 3 -4 110 94 234 124
I T 0 3 94 140 141 47
T Space -3 1 140 171 1092 952
Space L 2 -5 171 78 312 141
L I 1 1 78 94 218 140
I V -2 4 94 78 390 296
V I 2 -4 78 78 203 125
I N -2 2 78 93 172 94
N G 1 1 93 78 187 94
G Space -2 1 78 78 218 140
Space S 2 2 78 125 187 109
S O 1 -7 125 94 94 -31
O M -2 2 94 110 218 124
M E 2 4 110 109 125 15
E O 0 -6 109 78 265 156
O N -2 3 78 93 219 141
N E 2 3 93 140 203 110
E Oem7 -1 -8 140 171 546 406
Oem7 Back 2 -2 171 109 1856 1685
Back Space -4 9 109 93 359 250
Space E 3 1 93 109 203 110
E L -1 -6 109 78 124 15
L S 0 7 78 125 156 78
S E 1 -1 125 94 234 109
E Oem7 -1 -8 94 109 375 281
Oem7 E 1 8 109 78 327 218
E Back 1 -10 78 94 874 796
Back S -2 11 94 125 109 15
S Space -2 -2 125 93 297 172
Space L 2 -5 93 93 468 375
L I 1 1 93 78 218 125
I F -1 4 78 156 374 296
F E 1 1 156 156 359 203
E Space -3 -1 156 124 297 141
Space Back 4 -9 124 16 1029 905
Back Back 0 0 16 78 219 203
Back E -1 10 78 109 842 764
E OemPeriod -2 -6 109 94 390 281
OemPeriod Space -1 5 94 110 140 46
Space RShiftKey 1 -7 110 749 219 109
RShiftKey D 1 8 749 140 624 -125
D O 1 -6 140 94 265 125
O N -2 3 94 109 406 312
N Oem7 1 -5 109 62 343 234
Oem7 T 1 6 62 110 93 31
T Space -3 1 110 125 250 140
Space B 1 -1 125 94 811 686
B E 2 2 94 125 125 31
E Space -3 -1 125 78 172 47
Space T 3 -1 78 78 951 873
T R 0 1 78 78 78 0
R A -1 3 78 109 281 203
A P 1 -9 109 78 140 31
P P 0 0 78 93 141 63
P E 0 7 93 94 140 47
E D -1 0 94 140 250 156
D Space -2 -1 140 109 234 94
Space B 1 -1 109 94 577 468
B Y 2 -1 94 93 203 109
Y Space -3 2 93 109 203 110
Space D 2 1 109 110 171 62
D O 1 -6 110 94 172 62
O G -1 4 94 94 390 296
G M -1 -2 94 94 234 140
M A 1 6 94 109 109 15
A Space -2 -3 109 109 1342 1233
Space OemMinus 4 -7 109 78 93 -16
OemMinus Space -4 7 78 109 125 47
Space OemMinus 4 -7 109 62 94 -15
OemMinus Back 0 -2 62 124 1061 999
Back W -1 11 124 125 748 624
W H -1 -4 125 78 156 31
H I 1 -2 78 93 188 110
I C -2 5 93 110 124 31
C H 1 -3 110 94 125 15
H Space -2 2 94 94 187 93
Space I 3 -4 94 78 203 109
I S -1 6 78 109 94 16
S Space -2 -2 109 94 187 78
Space L 2 -5 94 93 905 811
L I 1 1 93 78 203 110
I V -2 4 78 78 249 171
V I 2 -4 78 78 187 109
I N -2 2 78 94 172 94
N G 1 1 94 78 187 93
G Space -2 1 78 109 172 94
Space W 3 2 109 109 156 47
W I 0 -6 109 94 93 -16
I T 0 3 94 94 234 140
T H -1 -1 94 94 203 109
H Space -2 2 94 156 234 140
Space T 3 -1 156 78 499 343
T H -1 -1 78 109 172 94
H E 1 3 109 94 140 31
E Space -3 -1 94 94 156 62
Space R 3 0 94 78 125 31
R E 0 1 78 110 187 109
E S -1 1 110 110 234 124
S U 1 -5 110 78 125 15
U L -1 -2 78 46 219 141
L T 1 4 46 94 280 234
T S -1 3 94 125 141 47
S S 0 0 125 125 483 358
S Back 2 -11 125 140 734 609
Back Space -4 9 140 140 499 359
Space O 3 -5 140 93 281 141
O F -1 5 93 109 218 125
F Space -2 0 109 109 172 63
Space O 3 -5 109 93 3463 3354
O T 0 4 93 78 296 203
T H -1 -1 78 93 172 94
H E 1 3 93 94 109 16
E R 0 -1 94 94 187 93
R Space -3 0 94 63 109 15
Space P 3 -6 63 78 234 171
P E 0 7 78 109 110 32
E O 0 -6 109 93 187 78
O P 0 -1 93 94 171 78
P L -1 1 94 78 172 78
L E 1 6 78 109 125 47
E Oem7 -1 -8 109 94 327 218
Oem7 E 1 8 94 94 156 62
E Back 1 -10 94 109 484 390
Back S -2 11 109 109 125 16
S Space -2 -2 109 93 203 94
Space T 3 -1 93 78 686 593
T H -1 -1 78 93 172 94
H I 1 -2 93 93 156 63
I N -2 2 93 93 156 63
N K 1 -2 93 78 156 63
K I 1 0 78 62 156 78
I N -2 2 62 78 171 109
N G 1 1 78 93 172 94
G OemPeriod -1 -4 93 63 1107 1014
OemPeriod Space -1 5 63 78 172 109
Space RShiftKey 1 -7 78 188 218 140
RShiftKey D 1 8 188 109 94 -94
D O 1 -6 109 78 218 109
O N -2 3 78 78 203 125
N Oem7 1 -5 78 78 406 328
Oem7 T 1 6 78 109 125 47
T Space -3 1 109 172 296 187
Space L 2 -5 172 78 905 733
L E 1 6 78 109 140 62
E T 0 -2 109 94 187 78
T Space -3 1 94 125 172 78
Space T 3 -1 125 93 203 78
T H -1 -1 93 109 281 188
H E 1 3 109 109 218 109
E Space -3 -1 109 93 281 172
Space N 1 -2 93 78 405 312
N O 2 -3 78 94 203 125
O I 0 1 94 94 203 109
I S -1 6 94 94 109 15
S E 1 -1 94 94 234 140
E Space -3 -1 94 125 265 171
Space O 3 -5 125 78 734 609
O D -1 6 78 109 156 78
D Back 2 -10 109 93 624 515
Back F -2 9 93 94 171 78
F Space -2 0 94 94 203 109
Space O 3 -5 94 78 218 124
O T 0 4 78 93 219 141
T H -1 -1 93 94 187 94
H E 1 3 94 125 140 46
E R 0 -1 125 78 234 109
R Oem7 -1 -7 78 94 281 203
Oem7 S 0 9 94 109 141 47
S Space -2 -2 109 78 218 109
Space O 3 -5 78 78 3323 3245
O P 0 -1 78 93 156 78
P I 0 2 93 93 359 266
I N -2 2 93 78 483 390
N I 2 -2 78 94 187 109
I O 0 -1 94 94 172 78
O N -2 3 94 94 390 296
N Space -1 2 94 94 343 249
Space D 2 1 94 94 1825 1731
D R 1 -1 94 110 312 218
R O 0 -5 110 93 219 109
O W 0 7 93 156 203 110
W N -2 -4 156 109 218 62
N Space -1 2 109 187 234 125
Space O 3 -5 187 78 920 733
O U 0 2 78 93 219 141
U T 0 2 93 93 203 110
T Space -3 1 93 94 249 156
Space Y 3 -2 94 109 297 203
Y O 0 -3 109 78 124 15
O Y 0 3 78 93 219 141
Y Back 1 -7 93 94 530 437
Back U -1 6 94 109 250 156
U R 0 3 109 93 125 16
R Space -3 0 93 140 187 94
Space O 3 -5 140 94 1154 1014
O W 0 7 94 110 265 171
W N -2 -4 110 94 234 124
N Space -1 2 94 156 203 109
Space I 3 -4 156 62 921 765
I N -2 2 62 63 405 343
N N 0 0 63 78 141 78
N E 2 3 78 94 171 93
E R 0 -1 94 94 203 109
R Space -3 0 94 94 140 46
Space V 1 0 94 125 219 125
V O 2 -5 125 78 140 15
O I 0 1 78 93 172 94
I C -2 5 93 94 577 484
C E 2 0 94 94 234 140
E Oemcomma -2 -5 94 63 265 171
Oemcomma Back 3 -5 63 156 765 702
Back OemPeriod -3 4 156 78 717 561
OemPeriod Space -1 5 78 78 172 94
Space RShiftKey 1 -7 78 218 234 156
RShiftKey A 1 10 218 109 125 -93
A N -1 -5 109 93 234 125
N D 1 3 93 125 124 31
D Space -2 -1 125 93 141 16
Space M 1 -3 93 110 405 312
M O 2 -2 110 78 203 93
O S -1 7 78 140 141 63
S T 1 -3 140 78 187 47
T Space -3 1 78 156 265 187
Space I 3 -4 156 94 1154 998
I M -2 1 94 78 203 109
M P 2 -3 78 78 203 125
P O 0 1 78 93 172 94
O R 0 5 93 93 343 250
R T 0 -1 93 110 171 78
T A -1 4 110 171 141 31
A N -1 -5 171 78 203 32
N T 2 1 78 93 265 187
T Oemcomma -2 -3 93 78 2090 1997
Oemcomma Space -1 4 78 110 187 109
Space H 2 -2 110 94 1638 1528
H A 0 5 94 109 110 16
A V -1 -3 109 94 140 31
V E 2 1 94 110 140 46
E Space -3 -1 110 94 125 15
Space T 3 -1 94 78 234 140
T H -1 -1 78 109 156 78
H E 1 3 109 94 109 0
E Space -3 -1 94 93 141 47
Space C 1 1 93 125 156 63
C O 2 -6 125 93 125 0
O U 0 2 93 93 234 141
U R 0 3 93 78 296 203
R A -1 3 78 125 125 47
A G 0 -4 125 110 327 202
G E 1 2 110 109 172 62
E Space -3 -1 109 140 390 281
Space T 3 -1 140 125 983 843
T O 0 -4 125 109 421 296
O Space -3 5 109 141 187 78
Space F 2 0 141 109 172 31
F O 1 -5 109 78 109 0
O L -1 0 78 94 187 109
L O 1 0 94 78 187 93
O O 0 0 78 109 141 63
O W 0 7 109 124 125 16
W Space -3 -2 124 109 265 141
Space Y 3 -2 109 94 686 577
Y O 0 -3 94 78 234 140
O U 0 2 78 94 187 109
U R 0 3 94 93 188 94
R Space -3 0 93 93 156 63
Space H 2 -2 93 109 530 437
H E 1 3 109 78 125 16
E A -1 2 78 125 218 140
A R 1 -3 125 78 125 0
R T 0 -1 78 93 172 94
T Space -3 1 93 94 405 312
Space A 2 3 94 124 297 203
A N -1 -5 124 109 249 125
N D 1 3 109 125 406 297
D Space -2 -1 125 94 187 62
Space I 3 -4 94 78 218 124
I N -2 2 78 93 188 110
N T 2 1 93 140 187 94
T U 0 -2 140 78 187 47
U I 0 -1 78 109 156 78
I T 0 3 109 172 1903 1794
T I 0 -3 172 94 234 62
I O 0 -1 94 93 172 78
O N -2 3 93 109 203 110
N OemPeriod 0 -3 109 78 826 717
OemPeriod Space -1 5 78 125 125 47
Space RShiftKey 1 -7 125 265 172 47
RShiftKey T 2 6 265 125 171 -94
T H -1 -1 125 110 234 109
H E 1 3 110 141 281 171
E Y 0 -3 141 110 109 -32
Y Space -3 2 110 125 203 93
Space S 2 2 125 125 827 702
S O 1 -7 125 94 218 93
O M -2 2 94 93 219 125
M E 2 4 93 78 140 47
E H -1 -3 78 78 468 390
H O 1 -3 78 109 203 125
O W 0 7 109 125 156 47
W Space -3 -2 125 140 281 156
Space A 2 3 140 141 405 265
A L 0 -8 141 93 219 78
L R 1 5 93 78 530 437
R E 0 1 78 110 187 109
E A -1 2 110 109 266 156
A D 0 -2 109 109 234 125
D Y 1 -3 109 94 140 31
Y Space -3 2 94 109 234 140
Space K 2 -4 109 78 218 109
K N -1 2 78 109 172 94
N O 2 -3 109 78 218 109
O W 0 7 78 110 156 78
W Space -3 -2 110 218 266 156
Space W 3 2 218 140 421 203
W H -1 -4 140 109 125 -15
H A 0 5 109 140 187 78
A T 1 -4 140 94 93 -47
T Space -3 1 94 140 219 125
Space Y 3 -2 140 125 249 109
Y O 0 -3 125 109 110 -15
O U 0 2 109 110 202 93
U Space -3 3 110 156 141 31
Space T 3 -1 156 109 1451 1295
T R 0 1 109 109 234 125
R U 0 -3 109 94 140 31
U L -1 -2 94 110 374 280
L Y 1 3 110 78 281 171
Y Space -3 2 78 125 187 109
Space W 3 2 125 110 156 31
W A -1 1 110 125 219 109
A N -1 -5 125 93 78 -47
N T 2 1 93 78 249 156
T Space -3 1 78 156 219 141
Space T 3 -1 156 109 546 390
T O 0 -4 109 109 125 16
O Space -3 5 109 46 312 203
Space B 1 -1 46 94 1544 1498
B E 2 2 94 93 125 31
E C -2 0 93 78 327 234
C O 2 -6 78 93 266 188
O M -2 2 93 109 187 94
M E 2 4 109 109 109 0
E OemPeriod -2 -6 109 78 952 843
OemPeriod Space -1 5 78 94 202 124
Space RShiftKey 1 -7 94 234 250 156
RShiftKey E 2 8 234 125 125 -109
E V -2 -1 125 78 312 187
V E 2 1 78 110 93 15
E R 0 -1 110 94 203 93
R Y 0 -2 94 78 94 0
Y T 0 1 78 78 187 109
T H -1 -1 78 93 172 94
H I 1 -2 93 109 171 78
I N -2 2 109 109 203 94
N G 1 1 109 78 203 94
G Space -2 1 78 109 187 109
Space E 3 1 109 109 187 78
E L -1 -6 109 78 125 16
L S 0 7 78 125 187 109
S E 1 -1 125 109 219 94
E Space -3 -1 109 124 234 125
Space I 3 -4 124 109 483 359
I S -1 6 109 124 141 32
S Space -2 -2 124 94 171 47
Space S 2 2 94 124 141 47
S E 1 -1 124 110 202 78
E C -2 0 110 94 172 62
C O 2 -6 94 94 265 171
O N -2 3 94 78 234 140
N D 1 3 78 93 297 219
D A 0 2 93 125 140 47
A R 1 -3 125 78 109 -16
R Y 0 -2 78 94 203 125
Y OemPeriod -2 -3 94 78 530 436
OemPeriod Back 3 -4 78 62 2871 2793
Back L -2 4 62 63 249 187
L Return 0 -3 63 94 3120 3057
Return Return 0 0 94 125 141 47
Return RShiftKey -1 1 125 452 437 312
RShiftKey S 1 9 452 125 327 -125
S T 1 -3 125 78 328 203
T A -1 4 78 110 93 15
A Y 1 -5 110 78 94 -16
Y Space -3 2 78 93 203 125
Space RShiftKey 1 -7 93 265 281 188
RShiftKey H 1 5 265 140 140 -125
H U 1 -1 140 78 250 110
U N -2 1 78 93 187 109
N G 1 1 93 94 187 94
G R 1 1 94 78 203 109
R Y 0 -2 78 94 171 93
Y OemPeriod -2 -3 94 78 1326 1232
OemPeriod Space -1 5 78 78 203 125
Space RShiftKey 1 -7 78 202 219 141
RShiftKey S 1 9 202 93 109 -93
S T 1 -3 93 94 249 156
T A -1 4 94 94 156 62
A Y 1 -5 94 94 78 -16
Y Space -3 2 94 94 234 140
Space RShiftKey 1 -7 94 343 297 203
RShiftKey F 1 7 343 124 203 -140
F O 1 -5 124 94 249 125
O O 0 0 94 109 172 78
O L -1 0 109 125 234 125
L I 1 1 125 94 421 296
I S -1 6 94 125 156 62
S H 0 -4 125 94 234 109
H OemPeriod -1 -3 94 63 842 748
OemPeriod Space -1 5 63 78 172 109
Space RShiftKey 1 -7 78 343 312 234
RShiftKey T 2 6 343 125 234 -109
T H -1 -1 125 93 281 156
H A 0 5 93 94 343 250
A N -1 -5 94 78 156 62
N K 1 -2 78 93 172 94
K Space -2 4 93 110 405 312
Space Y 3 -2 110 109 1046 936
Y O 0 -3 109 78 124 15
O U 0 2 78 78 203 125
U Space -3 3 78 109 203 125
Space A 2 3 109 94 187 78
A L 0 -8 94 63 109 15
L L 0 0 63 94 125 62
L S 0 7 94 250 749 655
S Space -2 -2 250 110 1778 1528
Space V 1 0 110 94 359 249
V E 2 1 94 124 141 47
E R 0 -1 124 93 234 110
R Y 0 -2 93 109 78 -15
Y Space -3 2 109 93 234 125
Space M 1 -3 93 94 218 125
M U 2 0 94 78 234 140
U C -2 4 78 93 328 250
C H 1 -3 93 78 140 47
H OemPeriod -1 -3 78 78 624 546
OemPeriod S 1 7 78 188 4274 4196
S S 0 0 188 156 281 93
S S 0 0 156 141 234 78
