LShiftKey M 0 -7 405 125 234 -171
M Y 2 1 125 94 218 93
Y Space -3 2 94 78 172 78
Space F 2 0 78 78 374 296
F A 0 3 78 78 187 109
A V -1 -3 78 78 110 32
V O 2 -5 78 78 249 171
O U 0 2 78 78 328 250
U R 0 3 78 125 249 171
R T 0 -1 125 63 234 109
T I 0 -3 63 94 125 62
I Space -3 4 94 78 437 343
Space C 1 1 78 93 125 47
C L 1 -6 93 78 140 47
L A 0 8 78 63 109 31
A S 0 -1 63 63 156 93
S S 0 0 63 62 141 78
S Space -2 -2 62 78 93 31
Space I 3 -4 78 78 203 125
I S -1 6 78 78 109 31
S Space -2 -2 78 63 125 47
Space LShiftKey 1 4 63 312 5445 5382
LShiftKey C 0 -3 312 109 234 -78
C O 2 -6 109 78 171 62
O M -2 2 78 78 156 78
M P 2 -3 78 94 203 125
P U 0 3 94 63 265 171
U T 0 2 63 63 156 93
T E 0 2 63 78 172 109
E R 0 -1 78 63 140 62
R Space -3 0 63 78 109 46
Space S 2 2 78 78 188 110
S E 1 -1 78 78 639 561
E C -2 0 78 78 265 187
C U 2 -4 78 94 156 78
U R 0 3 94 62 172 78
R I 0 -4 62 94 140 78
I T 0 3 94 78 156 62
T Y 0 -1 78 78 125 47
Y OemPeriod -2 -3 78 109 624 546
OemPeriod Space -1 5 109 47 172 63
Space LShiftKey 1 4 47 827 265 218
LShiftKey LShiftKey 0 0 827 312 1061 234
LShiftKey I 2 -8 312 125 249 -63
I T 0 3 125 78 234 109
T Space -3 1 78 63 156 78
Space I 3 -4 63 62 500 437
I S -1 6 62 94 93 31
S Space -2 -2 94 46 141 47
Space N 1 -2 46 78 124 78
N O 2 -3 78 78 188 110
O T 0 4 78 63 93 15
T Space -3 1 63 62 125 62
Space B 1 -1 62 78 218 156
B E 2 2 78 15 110 32
E E 0 0 15 16 46 31
E C -2 0 16 94 328 312
C A 1 2 94 63 140 46
A U 1 -6 63 78 94 31
U S -1 5 78 78 109 31
S E 1 -1 78 62 141 63
E Space -3 -1 62 62 109 47
Space Back 4 -9 62 47 2886 2824
Back T -1 8 47 93 9797 9750
T H -1 -1 93 62 78 -15
H I 1 -2 62 94 171 109
I S -1 6 94 78 109 15
S Space -2 -2 78 78 110 32
Space S 2 2 78 78 187 109
S U 1 -5 78 63 140 62
U R 0 3 63 78 109 46
R V -2 0 78 78 156 78
V E 2 1 78 47 125 47
E Y 0 -3 47 78 109 62
Y Space -3 2 78 78 156 78
Space I 3 -4 78 63 1139 1061
I S -1 6 63 78 94 31
S Space -2 -2 78 62 109 31
Space Back 4 -9 62 796 655 593
Back R -1 9 796 47 1560 764
R E 0 1 47 94 125 78
E S -1 1 94 31 203 109
S E 1 -1 31 94 109 78
E A -1 2 94 125 296 202
A R 1 -3 125 62 250 125
R C -2 1 62 78 156 94
C H 1 -3 78 63 109 31
H Space -2 2 63 94 125 62
Space C 1 1 94 78 998 904
C O 2 -6 78 62 94 16
O M -2 2 62 94 156 94
M E 2 4 94 63 109 15
E Space -3 -1 63 63 156 93
Space U 3 -3 63 47 406 343
U N -2 1 47 63 140 93
N D 1 3 63 63 78 15
D E 1 0 63 78 141 78
E R 0 -1 78 62 156 78
R Space -3 0 62 62 140 78
Space T 3 -1 62 62 94 32
T H -1 -1 62 78 124 62
H A 0 5 78 78 94 16
A T 1 -4 78 78 109 31
T Space -3 1 78 94 125 47
Space S 2 2 94 62 156 62
S U 1 -5 62 62 203 141
U B -2 2 62 78 234 172
B J 1 -2 78 62 265 187
J E 1 4 62 62 78 16
E C -2 0 62 78 156 94
C T 2 -2 78 78 109 31
T Space -3 1 78 47 203 125
Space Oemcomma 1 -4 47 94 187 140
Oemcomma Space -1 4 94 47 125 31
Space I 3 -4 47 63 452 405
I T 0 3 63 78 125 62
T Space -3 1 78 63 109 31
Space I 3 -4 63 78 172 109
I S -1 6 78 62 94 16
S Space -2 -2 62 78 109 47
Space B 1 -1 78 78 171 93
B E 2 2 78 78 78 0
E C -2 0 78 78 172 94
C A 1 2 78 78 109 31
A U 1 -6 78 78 109 31
U S -1 5 78 62 94 16
S E 1 -1 62 78 125 63
E Space -3 -1 78 62 125 47
Space LShiftKey 1 4 62 156 171 109
LShiftKey I 2 -8 156 78 94 -62
I Space -3 4 78 78 140 62
Space A 2 3 78 93 531 453
A C -1 -2 93 78 187 94
C T 2 -2 78 78 171 93
T U 0 -2 78 78 110 32
U S -1 5 78 47 140 62
S L 0 -7 47 47 125 78
L L 0 0 47 78 109 62
L Y 1 3 78 62 312 234
Y Space -3 2 62 62 156 94
Space Back 4 -9 62 62 328 266
Back Back 0 0 62 250 140 78
Back Back 0 0 250 78 296 46
Back Back 0 0 78 78 141 63
Back Back 0 0 78 93 749 671
Back A -2 12 93 78 140 47
A L 0 -8 78 78 141 63
L L 0 0 78 94 140 62
L Y 1 3 94 78 702 608
Y Space -3 2 78 62 125 47
Space F 2 0 62 78 312 250
F I 1 -4 78 63 93 15
I N -2 2 63 78 172 109
N D 1 3 78 62 94 16
D Space -2 -1 62 78 109 47
Space T 3 -1 78 62 125 47
T H -1 -1 62 47 109 47
H E 1 3 47 62 78 31
E Space -3 -1 62 62 125 63
Space S 2 2 62 63 639 577
S U 1 -5 63 78 437 374
U B -2 2 78 63 187 109
B J 1 -2 63 109 156 93
J E 1 4 109 47 125 16
E C -2 0 47 78 125 78
C T 2 -2 78 62 109 31
T Space -3 1 62 93 125 63
Space Q 3 3 93 93 281 188
Q U 0 -6 93 62 140 47
U I 0 -1 62 94 140 78
I T 0 3 94 78 188 94
T E 0 2 78 78 156 78
E Space -3 -1 78 62 109 31
Space I 3 -4 62 47 187 125
I N -2 2 47 94 140 93
N T 2 1 94 62 172 78
T E 0 2 62 94 140 78
E R 0 -1 94 63 156 62
R E 0 1 63 78 125 62
E S -1 1 78 78 156 78
S T 1 -3 78 78 125 47
T I 0 -3 78 78 203 125
I N -2 2 78 78 171 93
N G 1 1 78 78 110 32
G OemPeriod -1 -4 78 62 374 296
OemPeriod Space -1 5 62 93 94 32
Space Space 0 0 93 78 156 63
Space LShiftKey 1 4 78 734 202 124
LShiftKey T 2 -5 734 62 562 -172
T H -1 -1 62 93 203 141
H E 1 3 93 63 140 47
E Space -3 -1 63 78 94 31
Space Left 0 -7 78 78 2808 2730
Left Back 4 -2 78 78 249 171
Back L -2 4 78 62 1966 1888
L E 1 6 62 62 234 172
E C -2 0 62 94 187 125
C T 2 -2 94 62 219 125
T U 0 -2 62 63 93 31
U R 0 3 63 78 141 78
R E 0 1 78 78 140 62
E S -1 1 78 78 172 94
S Space -2 -2 78 62 156 78
Space A 2 3 62 62 109 47
A R 1 -3 62 78 125 63
R E 0 1 78 62 109 31
E Space -3 -1 62 78 109 47
Space I 3 -4 78 62 172 94
I N -2 2 62 78 140 78
N F 1 2 78 78 125 47
F O 1 -5 78 63 93 15
O R 0 5 63 78 78 15
R M -2 -3 78 62 94 16
M A 1 6 62 78 140 78
A T 1 -4 78 94 125 47
T I 0 -3 94 94 203 109
I Back 1 -5 94 125 671 577
Back I -1 5 125 78 249 124
I V -2 4 78 62 219 141
V E 2 1 62 78 93 31
E OemPeriod -2 -6 78 47 359 281
OemPeriod Space -1 5 47 93 94 47
Space LShiftKey 1 4 93 359 3291 3198
LShiftKey L 1 -9 359 63 281 -78
L A 0 8 63 78 172 109
A B -1 -4 78 94 171 93
B S 1 3 94 78 141 47
S Space -2 -2 78 62 125 47
Space A 2 3 62 78 140 78
A R 1 -3 78 94 109 31
R E 0 1 94 62 125 31
E Space -3 -1 62 78 109 47
Space Q 3 3 78 93 219 141
Q U 0 -6 93 47 218 125
U I 0 -1 47 78 140 93
I T 0 3 78 62 110 32
T E 0 2 62 62 140 78
E Space -3 -1 62 78 109 47
Space I 3 -4 78 62 359 281
I M -2 1 62 78 140 78
M P 2 -3 78 46 188 110
P O 0 1 46 94 124 78
O R 0 5 94 63 125 31
R A -1 3 63 62 172 109
A T 1 -4 62 63 93 31
T N -2 -1 63 78 188 125
N T 2 1 78 62 156 78
T Space -3 1 62 47 140 78
Space T 3 -1 47 78 172 125
T O 0 -4 78 78 93 15
O Space -3 5 78 78 156 78
Space G 2 -1 78 78 125 47
G I 1 -3 78 78 94 16
I V -2 4 78 78 187 109
V E 2 1 78 62 125 47
E Space -3 -1 62 47 109 47
Space U 3 -3 47 78 109 62
U S -1 5 78 62 125 47
S Space -2 -2 62 63 93 31
Space A 2 3 63 78 125 62
A Space -2 -3 78 62 125 47
Space W 3 2 62 94 234 172
W O 0 -7 94 63 140 46
O R 0 5 63 78 110 47
R K -1 -4 78 16 124 46
K I 1 0 16 78 94 78
I N -2 2 78 110 140 62
N G 1 1 110 63 125 15
G Space -2 1 63 78 94 31
Space K 2 -4 78 109 1560 1482
K N -1 2 109 78 171 62
N O 2 -3 78 94 172 94
O W 0 7 94 78 109 15
W L -1 -7 78 78 390 312
L E 1 6 78 94 109 31
E D -1 0 94 78 188 94
D G 0 -2 78 78 109 31
G E 1 2 78 46 125 47
E Space -3 -1 46 63 93 47
Space O 3 -5 63 78 187 124
O F -1 5 78 47 141 63
F Space -2 0 47 78 109 62
Space T 3 -1 78 62 125 47
T H -1 -1 62 46 125 63
H E 1 3 46 62 78 32
E Space -3 -1 62 62 109 47
Space T 3 -1 62 78 125 63
T R 0 1 78 78 171 93
R Back 1 -9 78 78 499 421
Back H -2 7 78 78 234 156
H E 1 3 78 78 281 203
E I 0 -5 78 78 141 63
I R 0 4 78 78 109 31
R Y 0 -2 78 62 125 47
Y Space -3 2 62 62 140 78
Space Back 4 -9 62 94 343 281
Back Space -4 9 94 78 5741 5647
Space A 2 3 78 78 140 62
A N -1 -5 78 78 94 16
N D 1 3 78 78 109 31
D Space -2 -1 78 63 109 31
Space T 3 -1 63 63 125 62
T H -1 -1 63 62 94 31
H A 0 5 62 78 125 63
A T 1 -4 78 47 124 46
T Space -3 1 47 78 110 63
Space I 3 -4 78 78 187 109
I S -1 6 78 62 125 47
S Space -2 -2 62 63 93 31
Space W 3 2 63 63 109 46
W H -1 -4 63 63 125 62
H A 0 5 63 78 94 31
A T 1 -4 78 63 93 15
T Space -3 1 63 78 125 62
Space W 3 2 78 78 78 0
W I 0 -6 78 78 141 63
I L -1 -1 78 63 202 124
L L 0 0 63 93 110 47
L Space -2 5 93 62 140 47
Space H 2 -2 62 78 234 172
H E 1 3 78 78 109 31
E L -1 -6 78 62 141 63
L P 1 -1 62 78 140 78
P Space -3 6 78 78 172 94
Space U 3 -3 78 78 187 109
U S -1 5 78 62 109 31
S Space -2 -2 62 62 125 63
Space G 2 -1 62 78 530 468
G E 1 2 78 78 172 94
E T 0 -2 78 93 47 -31
T Space -3 1 93 78 202 109
Space A 2 3 78 78 110 32
A T 1 -4 78 78 124 46
T T 0 0 78 94 125 47
T U 0 -2 94 93 172 78
U N -2 1 93 78 171 78
N B 0 1 78 47 16 -62
B E 2 2 47 63 109 62
E D -1 0 63 78 141 78
D Space -2 -1 78 63 124 46
Space T 3 -1 63 63 125 62
T O 0 -4 63 63 78 15
O Space -3 5 63 78 156 93
Space T 3 -1 78 78 109 31
T H -1 -1 78 78 94 16
H E 1 3 78 78 109 31
E Space -3 -1 78 78 125 47
Space A 2 3 78 94 4368 4290
A C -1 -2 94 78 250 156
C T 2 -2 78 78 390 312
T U 0 -2 78 78 109 31
U A -1 6 78 62 156 78
A L 0 -8 62 78 109 47
L Space -2 5 78 78 218 140
Space W 3 2 78 93 656 578
W O 0 -7 93 78 187 94
O R 0 5 78 93 437 359
R K -1 -4 93 78 124 31
K I 1 0 78 62 172 94
I N -2 2 62 109 125 63
N G 1 1 109 78 125 16
G Space -2 1 78 78 109 31
Space E 3 1 78 78 702 624
E V -2 -1 78 46 203 125
V I 2 -4 46 62 967 921
I R 0 4 62 78 390 328
R O 0 -5 78 78 109 31
O N -2 3 78 78 172 94
N M 0 -1 78 63 436 358
M E 2 4 63 62 110 47
E N -2 -3 62 47 109 47
N T 2 1 47 62 109 62
T Space -3 1 62 62 94 32
Space N 1 -2 62 78 3073 3011
N O 2 -3 78 78 1841 1763
O F -1 5 78 78 124 46
F Space -2 0 78 62 141 63
Space T 3 -1 62 62 125 63
T H -1 -1 62 78 93 31
H E 1 3 78 94 78 0
E Space -3 -1 94 78 141 47
Space Back 4 -9 78 109 764 686
Back Back 0 0 109 78 156 47
Back Back 0 0 78 93 281 203
Back Back 0 0 93 78 156 63
Back Back 0 0 78 78 156 78
Back Back 0 0 78 78 327 249
Back Back 0 0 78 78 125 47
Back O -1 4 78 78 983 905
O U 0 2 78 78 203 125
U T 0 2 78 94 249 171
T S -1 3 94 63 156 62
S I 1 -6 63 63 156 93
I D -1 5 63 32 78 15
D E 1 0 32 78 110 78
E OemPeriod -2 -6 78 78 265 187
OemPeriod Space -1 5 78 93 125 47
Space LShiftKey 1 4 93 1185 1591 1498
LShiftKey H 1 -6 1185 78 1045 -140
H O 1 -3 78 78 203 125
O W 0 7 78 78 109 31
W M -2 -5 78 62 203 125
M Back 3 -6 62 47 327 265
Back Back 0 0 47 78 110 63
Back M -3 6 78 46 858 780
M E 2 4 46 78 93 47
E W 0 1 78 63 234 156
W O 0 -7 63 78 109 46
O R 0 5 78 78 125 47
R K -1 -4 78 94 109 31
K S 0 6 94 78 141 47
S Space -2 -2 78 62 125 47
Space A 2 3 62 63 93 31
A N -1 -5 63 63 109 46
N D 1 3 63 63 78 15
D Space -2 -1 63 78 94 31
Space W 3 2 78 62 125 47
W U 0 -5 62 78 125 63
U I 0 -1 78 93 156 78
I Back 1 -5 93 62 858 765
Back Back 0 0 62 63 124 62
Back Back 0 0 63 78 359 296
Back Q -1 12 78 47 406 328
Q U 0 -6 47 93 780 733
U I 0 -1 93 78 187 94
I Z -2 7 78 93 406 328
Z Z 0 0 93 78 436 343
Z E 2 -2 78 94 203 125
E S -1 1 94 94 156 62
S Space -2 -2 94 78 141 47
Space A 2 3 78 94 140 62
A R 1 -3 94 94 296 202
R E 0 1 94 93 110 16
E Space -3 -1 93 78 124 31
Space I 3 -4 78 62 172 94
I M -2 1 62 94 140 78
M P 2 -3 94 62 188 94
P O 0 1 62 94 124 62
O R 0 5 94 78 110 16
R A -1 3 78 94 171 93
A T 1 -4 94 78 141 47
T N -2 -1 78 109 156 78
N T 2 1 109 63 171 62
T Space -3 1 63 62 125 62
Space T 3 -1 62 78 359 297
T O 0 -4 78 78 93 15
O Space -3 5 78 78 156 78
Space K 2 -4 78 78 406 328
K E 1 5 78 62 125 47
E E 0 0 62 78 109 47
E P 0 -7 78 110 452 374
P Space -3 6 110 78 219 109
Space U 3 -3 78 94 140 62
U S -1 5 94 78 109 15
S Space -2 -2 78 47 141 63
Space U 3 -3 47 78 7784 7737
U P 0 -3 78 93 172 94
P D -1 7 93 78 109 16
D A 0 2 78 63 187 109
A T 1 -4 63 109 47 -16
T E 0 2 109 93 125 16
E S -1 1 93 78 156 63
S Back 2 -11 78 93 390 312
Back D -2 10 93 78 125 32
D Space -2 -1 78 78 140 62
Space A 2 3 78 78 109 31
A S 0 -1 78 93 141 63
S Space -2 -2 93 78 171 78
Space Back 4 -9 78 94 749 671
Back Back 0 0 94 62 156 62
Back Back 0 0 62 94 109 47
Back W -1 11 94 78 406 312
W I 0 -6 78 78 187 109
I T 0 3 78 78 109 31
T H -1 -1 78 94 109 31
H Space -2 2 94 78 141 47
Space T 3 -1 78 63 93 15
T H -1 -1 63 93 110 47
H E 1 3 93 62 109 16
E Space -3 -1 62 78 78 16
Space C 1 1 78 78 156 78
C L 1 -6 78 78 125 47
L A 0 8 78 78 93 15
A S 0 -1 78 78 156 78
S S 0 0 78 78 156 78
S Space -2 -2 78 109 16 -62
Space P 3 -6 109 94 296 187
P R 0 6 94 62 125 31
R O 0 -5 62 78 109 47
O G -1 4 78 78 437 359
G R 1 1 78 78 172 94
R E 0 1 78 78 171 93
E S -1 1 78 63 156 78
S S 0 0 63 78 125 62
S Space -2 -2 78 78 140 62
Space A 2 3 78 62 110 32
A N -1 -5 62 78 109 47
N D 1 3 78 94 62 -16
D Space -2 -1 94 62 141 47
Space F 2 0 62 78 577 515
F O 1 -5 78 93 125 47
O R 0 5 93 47 109 16
R Space -3 0 47 78 109 62
Space R 3 0 78 78 218 140
R E 0 1 78 94 172 94
E V -2 -1 94 94 312 218
V I 2 -4 94 93 172 78
I S -1 6 93 78 218 125
S I 1 -6 78 62 94 16
I N -2 2 62 94 171 109
N G 1 1 94 78 109 15
G Space -2 1 78 78 110 32
Space T 3 -1 78 63 124 46
T H -1 -1 63 62 94 31
H E 1 3 62 62 78 16
E Space -3 -1 62 78 109 47
Space S 2 2 78 78 1451 1373
S Y 1 -4 78 78 250 172
Y B -2 1 78 78 218 140
B A 1 4 78 78 140 62
A L 0 -8 78 78 297 219
L L 0 0 78 94 140 62
L U 1 2 94 109 250 156
U S -1 5 109 63 140 31
S Space -2 -2 63 78 141 78
Space F 2 0 78 63 717 639
F R 1 0 63 78 156 93
R O 0 -5 78 78 63 -15
O T 0 4 78 78 312 234
T Back 1 -8 78 109 499 421
Back M -3 6 109 78 686 577
M Space -1 3 78 78 125 47
Space T 3 -1 78 93 125 47
T I 0 -3 93 63 93 0
I M -2 1 63 93 141 78
M E 2 4 93 78 109 16
E Space -3 -1 78 46 94 16
Space T 3 -1 46 78 140 94
T O 0 -4 78 63 62 -16
O Space -3 5 63 94 203 140
Space T 3 -1 94 94 187 93
T I 0 -3 94 78 141 47
I M -2 1 78 109 140 62
M E 2 4 109 93 94 -15
E Space -3 -1 93 78 140 47
Space OemPeriod 1 -5 78 94 187 109
OemPeriod Space -1 5 94 78 141 47
Space Back 4 -9 78 109 4103 4025
Back L -2 4 109 93 312 203
L Back 2 -4 93 141 1700 1607
Back Back 0 0 141 78 172 31
Back Back 0 0 78 78 140 62
Back L -2 4 78 78 780 702
L A 0 8 78 78 141 63
A B -1 -4 78 93 499 421
B Back 3 -8 93 110 2589 2496
Back Back 0 0 110 78 156 46
Back H -2 7 78 78 1623 1545
H Space -2 2 78 93 281 203
Space Back 4 -9 93 78 3213 3120
Back Back 0 0 78 78 141 63
Back Back 0 0 78 93 390 312
Back OemPeriod -3 4 93 109 405 312
OemPeriod Space -1 5 109 78 156 47
Space LShiftKey 1 4 78 1763 281 203
LShiftKey T 2 -5 1763 78 1669 -94
T H -1 -1 78 94 156 78
H I 1 -2 94 78 187 93
I S -1 6 78 63 125 47
S Space -2 -2 63 93 94 31
Space A 2 3 93 78 140 47
A L 0 -8 78 62 141 63
L S 0 7 62 62 109 47
S O 1 -7 62 78 109 47
O Space -3 5 78 63 187 109
Space M 1 -3 63 78 187 124
M A 1 6 78 78 125 47
A K 0 -7 78 110 109 31
K E 1 5 110 78 125 15
E S -1 1 78 78 125 47
S Space -2 -2 78 78 109 31
Space T 3 -1 78 78 125 47
T H -1 -1 78 47 125 47
H E 1 3 47 94 62 15
E Space -3 -1 94 62 125 31
Space M 1 -3 62 94 187 125
M I 2 -1 94 78 187 93
I D -1 5 78 78 344 266
D T 1 -2 78 62 234 156
T E 0 2 62 62 156 94
E R 0 -1 62 78 109 47
R M -2 -3 78 63 93 15
M S 1 5 63 78 110 47
S Space -2 -2 78 78 109 31
Space A 2 3 78 78 109 31
A N -1 -5 78 94 62 -16
N D 1 3 94 78 125 31
D Space -2 -1 78 47 94 16
Space F 2 0 47 78 795 748
F I 1 -4 78 46 110 32
I N -2 2 46 78 156 110
N A 1 5 78 78 93 15
A L 0 -8 78 78 109 31
L Space -2 5 78 78 141 63
Space E 3 1 78 63 93 15
E X -2 1 63 94 156 93
X A 1 1 94 78 156 62
A M -1 -6 78 78 125 47
M S 1 5 78 78 94 16
S Space -2 -2 78 63 93 15
Space M 1 -3 63 94 203 140
M U 2 0 94 78 187 93
U C -2 4 78 93 141 63
C H 1 -3 93 78 187 94
H Space -2 2 78 94 156 78
Space E 3 1 94 78 406 312
E A -1 2 78 63 171 93
A S 0 -1 63 78 141 78
S I 1 -6 78 62 343 265
I E 0 5 62 63 93 31
E R 0 -1 63 78 141 78
R OemPeriod -2 -5 78 62 390 312
OemPeriod Space -1 5 62 93 78 16
Space LShiftKey 1 4 93 218 6677 6584
LShiftKey G 1 -5 218 78 156 -62
G R 1 1 78 63 249 171
R A -1 3 63 78 172 109
A D 0 -2 78 62 203 125
D I 1 -5 62 94 93 31
I N -2 2 94 78 156 62
N G 1 1 78 78 125 47
G Space -2 1 78 47 109 31
Space I 3 -4 47 78 125 78
I S -1 6 78 78 109 31
S Space -2 -2 78 78 109 31
Space I 3 -4 78 78 156 78
I M -2 1 78 78 219 141
M P 2 -3 78 78 171 93
P O 0 1 78 62 406 328
O R 0 5 62 62 1342 1280
R T 0 -1 62 62 468 406
T A -1 4 62 94 202 140
A N -1 -5 94 78 125 31
N T 2 1 78 62 141 63
T Space -3 1 62 78 156 94
Space F 2 0 78 62 421 343
F O 1 -5 62 78 93 31
O R 0 5 78 62 110 32
R Space -3 0 62 62 78 16
Space M 1 -3 62 78 140 78
M O 2 -2 78 62 172 94
O T 0 4 62 78 156 94
T I 0 -3 78 62 140 62
I V -2 4 62 62 234 172
V A 1 3 62 62 94 32
A T 1 -4 62 62 234 172
T I 0 -3 62 47 93 31
I O 0 -1 47 78 125 78
O N -2 3 78 62 172 94
N A 1 5 62 63 93 31
A L 0 -8 63 93 94 31
L Space -2 5 93 63 171 78
Space P 3 -6 63 93 297 234
P U 0 3 93 78 312 219
U R 0 3 78 78 140 62
R P 0 -6 78 78 359 281
P O 0 1 78 78 140 62
O S -1 7 78 93 110 32
S E 1 -1 93 63 171 78
E S -1 1 63 78 141 78
S Oemcomma -1 -6 78 94 639 561
Oemcomma Space -1 4 94 78 109 15
Space I 3 -4 78 62 219 141
I N -2 2 62 94 171 109
N Space -1 2 94 93 110 16
Space C 1 1 93 78 140 47
C A 1 2 78 78 172 94
A S 0 -1 78 47 171 93
S E 1 -1 47 63 109 62
E Space -3 -1 63 62 141 78
Space T 3 -1 62 78 93 31
T H -1 -1 78 109 125 47
H E 1 3 109 62 94 -15
E Space -3 -1 62 78 93 31
Space Back 4 -9 78 858 250 172
Back I -1 5 858 78 2418 1560
I N -2 2 78 109 156 78
N Space -1 2 109 94 140 31
Space C 1 1 94 78 125 31
C A 1 2 78 78 172 94
A S 0 -1 78 78 156 78
S E 1 -1 78 94 140 62
E Space -3 -1 94 62 125 31
Space T 3 -1 62 78 94 32
T H -1 -1 78 78 109 31
H E 1 3 78 62 78 0
E Space -3 -1 62 78 78 16
Space C 1 1 78 78 281 203
C O 2 -6 78 94 93 15
O U 0 2 94 78 203 109
U R 0 3 78 78 203 125
R S -1 2 78 63 171 93
S E 1 -1 63 78 141 78
E Space -3 -1 78 47 109 31
Space I 3 -4 47 78 4633 4586
I S -1 6 78 78 94 16
S Space -2 -2 78 46 125 47
Space N 1 -2 46 78 109 63
N O 2 -3 78 94 187 109
O T 0 4 94 62 125 31
T Space -3 1 62 63 93 31
Space T 3 -1 63 93 7941 7878
T H -1 -1 93 62 125 32
H A 0 5 62 94 93 31
A T 1 -4 94 78 109 15
T Space -3 1 78 78 141 63
Space I 3 -4 78 78 171 93
I N -2 2 78 94 156 78
N T 2 1 94 78 94 0
T E 0 2 78 78 172 94
E R 0 -1 78 78 156 78
R E 0 1 78 62 156 78
E S -1 1 62 78 140 78
S T 1 -3 78 78 125 47
T I 0 -3 78 62 187 109
I N -2 2 62 63 140 78
N G 1 1 63 62 110 47
G OemPeriod -1 -4 62 62 296 234
OemPeriod Space -1 5 62 78 94 32
Space LShiftKey 1 4 78 327 4087 4009
LShiftKey I 2 -8 327 93 234 -93
I Space -3 4 93 78 171 78
Space A 2 3 78 78 110 32
A M -1 -6 78 94 93 15
M Space -1 3 94 78 125 31
Space P 3 -6 78 93 250 172
P L -1 1 93 63 171 78
L A 0 8 63 78 219 156
A N -1 -5 78 62 156 78
N N 0 0 62 62 156 94
N I 2 -2 62 62 156 94
I N -2 2 62 78 156 94
N G 1 1 78 63 93 15
G Space -2 1 63 63 109 46
Space T 3 -1 63 46 110 47
T O 0 -4 46 78 46 0
O Space -3 5 78 63 156 78
Space J 2 -3 63 78 312 249
J O 1 -2 78 62 172 94
O I 0 1 62 78 125 63
I N -2 2 78 125 156 78
N Space -1 2 125 78 140 15
Space T 3 -1 78 78 109 31
T H -1 -1 78 78 110 32
H E 1 3 78 78 78 0
E Space -3 -1 78 62 109 31
Space I 3 -4 62 62 156 94
I N -2 2 62 78 140 78
N Back 3 -7 78 78 843 765
Back Back 0 0 78 78 140 62
Back LShiftKey -3 13 78 796 218 140
LShiftKey I 2 -8 796 78 484 -312
I T 0 3 78 78 218 140
T Space -3 1 78 62 141 63
Space I 3 -4 62 93 983 921
I N -2 2 93 78 156 63
N D 1 3 78 78 280 202
D U 1 -4 78 78 94 16
U S -1 5 78 93 125 47
S T 1 -3 93 78 140 47
T R 0 1 78 63 265 187
R Y 0 -2 63 78 156 93
Y Space -3 2 78 63 156 78
Space I 3 -4 63 94 827 764
I N -2 2 94 109 172 78
N Space -1 2 109 78 140 31
Space Back 4 -9 78 62 406 328
Back Back 0 0 62 141 93 31
Back Back 0 0 141 62 188 47
Back I -1 5 62 62 1591 1529
I N -2 2 62 140 156 94
N Space -1 2 140 62 156 16
Space T 3 -1 62 63 140 78
T H -1 -1 63 93 94 31
H E 1 3 93 62 109 16
E Space -3 -1 62 62 94 32
Space D 2 1 62 63 171 109
D A 0 2 63 78 156 93
A T 1 -4 78 78 141 63
T A -1 4 78 62 62 -16
A Space -2 -3 62 78 94 32
Space Back 4 -9 78 62 4243 4165
Back Back 0 0 62 125 93 31
Back Back 0 0 125 78 328 203
Back Back 0 0 78 94 140 62
Back Back 0 0 94 78 156 62
Back LShiftKey -3 13 78 390 297 219
LShiftKey D 1 -3 390 94 343 -47
D A 0 2 94 78 218 124
A T 1 -4 78 78 125 47
T A -1 4 78 62 125 47
A Space -2 -3 62 78 125 63
Space C 1 1 78 94 1825 1747
C O 2 -6 94 93 94 0
O M -2 2 93 31 234 141
M P 2 -3 31 63 124 93
P U 0 3 63 78 203 140
U T 0 2 78 78 265 187
T I 0 -3 78 47 141 63
I N -2 2 47 109 125 78
N G 1 1 109 62 140 31
G Space -2 1 62 93 125 63
Space F 2 0 93 78 749 656
F I 1 -4 78 94 93 15
I E 0 5 94 78 125 31
E L -1 -6 78 94 109 31
L D 0 6 94 62 125 31
D OemPeriod -1 -6 62 63 296 234
OemPeriod Space -1 5 63 94 78 15
Space LShiftKey 1 4 94 500 390 296
LShiftKey LShiftKey 0 0 500 1311 1841 1341
LShiftKey F 1 -4 1311 94 1201 -110
F I 1 -4 94 78 203 109
I V -2 4 78 78 203 125
V E 2 1 78 78 125 47
E Space -3 -1 78 78 93 15
Space Y 3 -2 78 78 188 110
Y E 0 3 78 63 93 15
E A -1 2 63 78 156 93
A R 1 -3 78 93 94 16
R S -1 2 93 78 93 0
S Space -2 -2 78 78 125 47
Space F 2 0 78 62 718 640
F R 1 0 62 62 156 94
R O 0 -5 62 62 78 16
O M -2 2 62 125 140 78
M Space -1 3 125 78 141 16
Space N 1 -2 78 94 140 62
N O 2 -3 94 78 187 93
O W 0 7 78 63 109 31
W Space -3 -2 63 78 110 47
Space LShiftKey 1 4 78 156 187 109
LShiftKey I 2 -8 156 78 93 -63
I Space -3 4 78 78 141 63
Space W 3 2 78 109 452 374
W O 0 -7 109 78 172 63
O U 0 2 78 31 203 125
U L -1 -2 31 94 140 109
L D 0 6 94 63 109 15
D Space -2 -1 63 63 109 46
Space W 3 2 63 47 125 62
W N -2 -4 47 93 141 94
N A 1 5 93 63 15 -78
A T 1 -4 63 47 203 140
T Space -3 1 47 78 109 62
Space T 3 -1 78 62 125 47
T O 0 -4 62 78 94 32
O Space -3 5 78 109 140 62
Space B 1 -1 109 94 156 47
B E 2 2 94 78 62 -32
E Space -3 -1 78 78 141 63
Space Back 4 -9 78 78 608 530
Back Back 0 0 78 62 125 47
Back E -1 10 62 78 780 718
E Space -3 -1 78 62 125 47
Space I 3 -4 62 62 156 94
I N -2 2 62 109 140 78
N Space -1 2 109 94 125 16
Space A 2 3 94 62 125 31
A Space -2 -3 62 78 109 47
Space M 1 -3 78 78 234 156
M A 1 6 78 78 109 31
A N -1 -5 78 62 94 16
N A 1 5 62 62 109 47
A G 0 -4 62 78 187 125
G Back 2 -8 78 94 312 234
Back Back 0 0 94 110 109 15
Back Back 0 0 110 78 172 62
Back Back 0 0 78 62 156 78
Back Back 0 0 62 109 109 47
Back Back 0 0 109 78 172 63
Back Space -4 9 78 78 671 593
Space L 2 -5 78 94 920 842
L E 1 6 94 78 109 15
E A -1 2 78 62 172 94
A D 0 -2 62 62 156 94
D Space -2 -1 62 78 125 63
Space T 3 -1 78 78 156 78
T E 0 2 78 62 187 109
E Back 1 -10 62 63 374 312
Back Back 0 0 63 78 125 62
Back P -1 3 78 78 608 530
P O 0 1 78 78 156 78
O S -1 7 78 93 141 63
S I 1 -6 93 62 125 32
I O 0 -1 62 62 156 94
O Back 1 -4 62 78 624 562
Back T -1 8 78 78 624 546
T I 0 -3 78 62 156 78
I O 0 -1 62 78 124 62
O N -2 3 78 109 172 94
N Space -1 2 109 78 125 16
Space O 3 -5 78 78 187 109
O F -1 5 78 62 125 47
F Space -2 0 62 31 109 47
Space M 1 -3 31 109 593 562
M Y 2 1 109 78 203 94
Y Space -3 2 78 94 124 46
Space O 3 -5 94 62 375 281
O W 0 7 62 78 125 63
W N -2 -4 78 94 140 62
N Space -1 2 94 47 156 62
Space T 3 -1 47 78 172 125
T E 0 2 78 78 171 93
E A -1 2 78 94 187 109
A M -1 -6 94 78 141 47
M Space -1 3 78 78 93 15
Space O 3 -5 78 93 219 141
O F -1 5 93 78 140 47
F Space -2 0 78 62 141 63
Space E 3 1 62 93 1045 983
E N -2 -3 93 78 140 47
N G 1 1 78 63 312 234
G I 1 -3 63 78 156 93
I N -2 2 78 110 156 78
N E 2 3 110 47 94 -16
E E 0 0 47 93 125 78
E R 0 -1 93 63 171 78
R S -1 2 63 109 141 78
S OemPeriod -1 -7 109 47 780 671
OemPeriod Space -1 5 47 93 78 31
Space LShiftKey 1 4 93 796 686 593
LShiftKey I 2 -8 796 93 687 -109
I Space -3 4 93 78 202 109
Space T 3 -1 78 93 375 297
T H -1 -1 93 78 109 16
H I 1 -2 78 62 156 78
I N -2 2 62 63 187 125
N K 1 -2 63 93 141 78
K Space -2 4 93 78 156 63
Space LShiftKey 1 4 78 140 62 -16
LShiftKey I 2 -8 140 93 94 -46
I Space -3 4 93 62 140 47
Space A 2 3 62 78 94 32
A M -1 -6 78 109 109 31
M Space -1 3 109 78 125 16
Space G 2 -1 78 78 514 436
G E 1 2 78 47 94 16
E T 0 -2 47 62 94 47
T T 0 0 62 78 124 62
T I 0 -3 78 78 188 110
I N -2 2 78 78 156 78
N G 1 1 78 78 109 31
G Space -2 1 78 62 125 47
Space C 1 1 62 63 358 296
C L 1 -6 63 78 94 31
L O 1 0 78 94 140 62
O S -1 7 94 78 110 16
S E 1 -1 78 62 156 78
E R 0 -1 62 62 296 234
R Space -3 0 62 62 156 94
Space T 3 -1 62 63 109 47
T O 0 -4 63 78 109 46
O Space -3 5 78 62 141 63
Space M 1 -3 62 78 125 63
M Y 2 1 78 78 187 109
Y Space -3 2 78 62 125 47
Space G 2 -1 62 78 202 140
G O 1 -4 78 78 219 141
O A -1 8 78 94 265 187
A L 0 -8 94 62 1420 1326
L S 0 7 62 78 93 31
S OemPeriod -1 -7 78 63 156 78
OemPeriod Space -1 5 63 93 172 109
Space W 3 2 93 63 2589 2496
W A -1 1 63 62 172 109
A N -1 -5 62 62 16 -46
N T 2 1 62 78 187 125
T Space -3 1 78 78 203 125
Space Right 0 -9 78 78 3759 3681
Right LShiftKey 1 13 78 936 6537 6459
LShiftKey A 1 -1 936 94 904 -32
A Space -2 -3 94 93 110 16
Space L 2 -5 93 94 202 109
L I 1 1 94 78 172 78
I T 0 3 78 63 187 109
T T 0 0 63 78 125 62
T L -1 -4 78 109 125 47
L E 1 6 109 62 187 78
E Space -3 -1 62 63 109 47
Space M 1 -3 63 94 109 46
M O 2 -2 94 94 172 78
O R 0 5 94 78 109 15
R E 0 1 78 78 141 63
E Space -3 -1 78 78 124 46
Space L 2 -5 78 94 952 874
L A 0 8 94 78 125 31
A B -1 -4 78 93 156 78
B S 1 3 93 78 140 47
S Space -2 -2 78 62 125 47
Space I 3 -4 62 63 421 359
I N -2 2 63 93 172 109
N Space -1 2 93 93 125 32
Space E 3 1 93 94 202 109
E V -2 -1 94 78 125 31
V E 2 1 78 62 94 16
E R 0 -1 62 63 140 78
R Y 0 -2 63 78 78 15
Y Space -3 2 78 78 156 78
Space C 1 1 78 94 359 281
C O 2 -6 94 94 109 15
O U 0 2 94 93 172 78
U R 0 3 93 78 140 47
R S -1 2 78 62 172 94
S E 1 -1 62 78 125 63
E Space -3 -1 78 63 124 46
Space W 3 2 63 62 94 31
W O 0 -7 62 78 94 32
O U 0 2 78 63 171 93
U L -1 -2 63 109 141 78
L D 0 6 109 78 109 0
D Space -2 -1 78 63 93 15
Space M 1 -3 63 78 125 62
M A 1 6 78 78 109 31
A K 0 -7 78 31 141 63
K E 1 5 31 78 62 31
E Space -3 -1 78 47 109 31
Space I 3 -4 47 93 141 94
I T 0 3 93 78 1731 1638
T Space -3 1 78 62 141 63
Space E 3 1 62 62 109 47
E A -1 2 62 62 172 110
A S 0 -1 62 78 140 78
S I 1 -6 78 63 218 140
I E 0 5 63 78 94 31
E R 0 -1 78 78 140 62
R Oemcomma -2 -4 78 46 188 110
Oemcomma Space -1 4 46 94 124 78
Space Back 4 -9 94 78 1014 920
Back Back 0 0 78 109 125 47
Back OemPeriod -3 4 109 78 219 110
OemPeriod Space -1 5 78 94 826 748
Space LShiftKey 1 4 94 717 1826 1732
LShiftKey U 2 -7 717 62 421 -296
U B -2 2 62 110 171 109
B Space -1 1 110 78 141 31
Space P 3 -6 78 78 234 156
P R 0 6 78 78 125 47
R E 0 1 78 78 156 78
E P 0 -7 78 78 218 140
P A -1 9 78 78 109 31
A R 1 -3 78 93 172 94
R E 0 1 93 31 140 47
E S -1 1 31 78 94 63
S Space -2 -2 78 62 125 47
Space W 3 2 62 63 93 31
W E 0 -1 63 78 297 234
E L -1 -6 78 62 140 62
L L 0 0 62 78 125 63
L Space -2 5 78 78 156 78
Space Back 4 -9 78 78 1763 1685
Back Back 0 0 78 94 124 46
Back Back 0 0 94 62 172 78
Back Back 0 0 62 109 125 63
Back Back 0 0 109 78 359 250
Back Oemcomma -3 5 78 62 546 468
Oemcomma Back 3 -5 62 78 421 359
Back M -3 6 78 62 234 156
M E 2 4 62 78 93 31
E Space -3 -1 78 63 125 47
Space W 3 2 63 78 219 156
W E 0 -1 78 78 171 93
E L -1 -6 78 31 141 63
L L 0 0 31 93 109 78
L Space -2 5 93 78 171 78
Space F 2 0 78 62 1389 1311
F O 1 -5 62 94 93 31
O R 0 5 94 62 110 16
R Space -3 0 62 78 109 47
Space A 2 3 78 94 140 62
A C -1 -2 94 94 187 93
C H 1 -3 94 78 234 140
H I 1 -2 78 78 390 312
I E 0 5 78 62 110 32
E V -2 -1 62 78 764 702
V I 2 -4 78 94 187 109
I N -2 2 94 125 156 62
N G 1 1 125 78 141 16
G Space -2 1 78 63 124 46
Space T 3 -1 63 78 110 47
T H -1 -1 78 78 140 62
H E 1 3 78 62 94 16
E S -1 1 62 62 156 94
S E 1 -1 62 78 140 78
E Space -3 -1 78 62 125 47
Space G 2 -1 62 78 187 125
G O 1 -4 78 94 140 62
O A -1 8 94 63 234 140
A L 0 -8 63 93 141 78
L S 0 7 93 62 125 32
S Space -2 -2 62 78 109 47
Space W 3 2 78 93 749 671
W I 0 -6 93 94 218 125
I T 0 3 94 78 78 -16
T H -1 -1 78 78 140 62
H Space -2 2 78 94 125 47
Space T 3 -1 94 63 109 15
T H -1 -1 63 78 110 47
H E 1 3 78 93 78 0
E Space -3 -1 93 78 140 47
Space R 3 0 78 78 421 343
R E 0 1 78 78 141 63
E G -1 -2 78 78 343 265
G U 1 -2 78 94 187 109
U L -1 -2 94 93 172 78
L A 0 8 93 78 78 -15
A R 1 -3 78 62 218 140
R Space -3 0 62 63 109 47
Space E 3 1 63 78 1045 982
E V -2 -1 78 78 110 32
V E 2 1 78 63 93 15
E N -2 -3 63 94 125 62
N T 2 1 94 78 218 124
T S -1 3 78 78 94 16
S Space -2 -2 78 62 125 47
Space A 2 3 62 47 109 47
A N -1 -5 47 78 94 47
N D 1 3 78 47 109 31
D Space -2 -1 47 78 93 46
Space S 2 2 78 78 234 156
S E 1 -1 78 94 125 47
E S -1 1 94 63 187 93
S S 0 0 63 78 125 62
S I 1 -6 78 63 109 31
I O 0 -1 63 78 125 62
O N -2 3 78 78 172 94
N S 1 4 78 63 93 15
S OemPeriod -1 -7 63 47 843 780
OemPeriod Space -1 5 47 63 93 46
Space LShiftKey 1 4 63 358 2684 2621
LShiftKey A 1 -1 358 109 296 -62
A C -1 -2 109 93 250 141
C H 1 -3 93 78 405 312
H I 1 -2 78 78 219 141
I E 0 5 78 93 109 31
E V -2 -1 93 78 265 172
V I 2 -4 78 62 203 125
I N -2 2 62 78 171 109
N G 1 1 78 78 110 32
G Space -2 1 78 78 109 31
Space Y 3 -2 78 94 249 171
Y O 0 -3 94 78 125 31
O U 0 2 78 62 94 16
U R 0 3 62 78 281 219
R Space -3 0 78 78 124 46
Space D 2 1 78 78 968 890
D R 1 -1 78 62 156 78
R E 0 1 62 125 124 62
E A -1 2 125 94 234 109
A M -1 -6 94 109 125 31
M S 1 5 109 78 125 16
S Space -2 -2 78 78 109 31
Space I 3 -4 78 109 297 219
I S -1 6 109 78 140 31
S Space -2 -2 78 47 125 47
Space P 3 -6 47 93 2652 2605
P A -1 9 93 94 109 16
A R 1 -3 94 62 250 156
R T 0 -1 62 78 156 94
T Space -3 1 78 63 124 46
Space L 2 -5 63 78 203 140
L U 1 2 78 78 203 125
U C -2 4 78 78 312 234
C K 1 -5 78 78 125 47
K Space -2 4 78 78 156 78
Space A 2 3 78 63 93 15
A N -1 -5 63 78 110 47
N D 1 3 78 78 109 31
D Space -2 -1 78 78 93 15
Space P 3 -6 78 63 234 156
P A -1 9 63 94 94 31
A R 1 -3 94 78 218 124
R T 0 -1 78 78 141 63
T Space -3 1 78 78 187 109
Space H 2 -2 78 46 1030 952
H A 0 5 46 93 265 219
A R 1 -3 93 78 234 141
R D -1 1 78 93 125 47
D Space -2 -1 93 78 124 31
Space W 3 2 78 78 125 47
W O 0 -7 78 78 125 47
O R 0 5 78 63 109 31
R K -1 -4 63 78 499 436
K OemPeriod -1 -1 78 78 328 250
OemPeriod Space -1 5 78 93 94 16
Space S 2 2 93 94 2932 2839
S LShiftKey -1 2 94 343 5086 4992
LShiftKey T 2 -5 343 63 265 -78
T H -1 -1 63 78 156 93
H E 1 3 78 78 109 31
E Space -3 -1 78 63 125 47
Space P 3 -6 63 78 219 156
P I 0 2 78 78 187 109
I C -2 5 78 78 265 187
C T 2 -2 78 78 203 125
T U 0 -2 78 78 140 62
U R 0 3 78 78 125 47
R E 0 1 78 94 140 62
E Space -3 -1 94 63 156 62
Space D 2 1 63 78 125 62
D E 1 0 78 63 156 78
E P 0 -7 63 94 187 124
P I 0 2 94 94 203 109
I C -2 5 94 78 203 109
C T 2 -2 78 78 140 62
T S -1 3 78 62 110 32
S Space -2 -2 62 62 140 78
Space A 2 3 62 94 140 78
A Space -2 -3 94 78 156 62
Space LShiftKey 1 4 78 203 2949 2871
LShiftKey S 1 -2 203 109 156 -47
S K 0 -6 109 94 421 312
K I 1 0 94 62 172 78
I Space -3 4 62 78 1918 1856
Space R 3 0 78 94 281 203
R E 0 1 94 109 156 62
E S -1 1 109 94 203 94
S O 1 -7 94 94 109 15
O R 0 5 94 63 187 93
R T 0 -1 63 78 94 31
T OemPeriod -2 -4 78 62 515 437
OemPeriod Space -1 5 62 78 93 31
Space LShiftKey 1 4 78 842 484 406
LShiftKey I 2 -8 842 78 733 -109
I Space -3 4 78 62 172 94
Space S 2 2 62 93 203 141
S E 1 -1 93 16 218 125
E E 0 0 16 78 78 62
E Space -3 -1 78 47 140 62
Space M 1 -3 47 62 141 94
M A 1 6 62 78 109 47
A H 0 -5 78 47 78 0
H Y 1 0 47 62 156 109
Y Space -3 2 62 63 140 78
Space F 2 0 63 78 593 530
F M -1 -3 78 78 141 63
M A 1 6 78 62 109 31
A I 1 -7 62 46 125 63
I L -1 -1 46 94 124 78
L I 1 1 94 94 156 62
I E 0 5 94 94 172 78
E S -1 1 94 78 172 78
S Space -2 -2 78 47 124 46
Space A 2 3 47 62 110 63
A N -1 -5 62 78 93 31
N D 1 3 78 47 94 16
D M -1 -4 47 78 2480 2433
M A 1 6 78 78 109 31
A N -1 -5 78 62 94 16
N Y 2 0 62 78 172 110
Y Space -3 2 78 78 156 78
Space F 2 0 78 78 1731 1653
F A 0 3 78 78 312 234
A M -1 -6 78 62 141 63
M I 2 -1 62 78 156 94
I L -1 -1 78 78 156 78
L I 1 1 78 78 140 62
I E 0 5 78 78 156 78
E S -1 1 78 94 156 78
S Back 2 -11 94 47 2075 1981
Back Space -4 9 47 62 1607 1560
Space G 2 -1 62 78 1794 1732
G R 1 1 78 78 171 93
R O 0 -5 78 94 125 47
O U 0 2 94 78 218 124
U P 0 -3 78 78 188 110
P S -1 8 78 94 109 31
S Space -2 -2 94 62 156 62
Space O 3 -5 62 94 156 94
O F -1 5 94 78 156 62
F Space -2 0 78 78 125 47
Space F 2 0 78 62 156 78
F R 1 0 62 78 140 78
R I 0 -4 78 78 187 109
I E 0 5 78 62 94 16
E N -2 -3 62 93 125 63
N D 1 3 93 62 125 32
D S 0 1 62 78 140 78
S Space -2 -2 78 63 109 31
Space A 2 3 63 94 156 93
A R 1 -3 94 78 531 437
R E 0 1 78 94 140 62
E Space -3 -1 94 63 140 46
Space O 3 -5 63 78 546 483
O U 0 2 78 78 172 94
U T 0 2 78 78 452 374
T Space -3 1 78 47 125 47
Space T 3 -1 47 63 234 187
T O 0 -4 63 78 94 31
O Space -3 5 78 94 187 109
Space E 3 1 94 62 1061 967
E N -2 -3 62 62 125 63
N J 1 -1 62 63 202 140
J O 1 -2 63 78 219 156
O Y 0 3 78 62 187 109
Y Space -3 2 62 62 125 63
Space T 3 -1 62 62 203 141
T H -1 -1 62 78 109 47
H E 1 3 78 63 93 15
E Space -3 -1 63 63 156 93
Space D 2 1 63 93 500 437
D A 0 2 93 63 202 109
A Y 1 -5 63 62 94 31
Y Space -3 2 62 78 172 110
Space S 2 2 78 109 327 249
S K 0 -6 109 78 827 718
K I 1 0 78 46 172 94
I N -2 2 46 62 234 188
N G 1 1 62 62 140 78
G Space -2 1 62 78 109 47
Space Back 4 -9 78 93 921 843
Back Back 0 0 93 62 156 63
Back Back 0 0 62 94 124 62
Back Back 0 0 94 78 312 218
Back I -1 5 78 93 968 890
I I 0 0 93 78 249 156
I N -2 2 78 78 250 172
N G 1 1 78 94 93 15
G Space -2 1 94 62 562 468
Space Back 4 -9 62 93 718 656
Back OemPeriod -3 4 93 78 280 187
OemPeriod Space -1 5 78 94 125 47
Space LShiftKey 1 4 94 499 14087 13993
LShiftKey T 2 -5 499 78 406 -93
T H -1 -1 78 78 171 93
H E 1 3 78 63 109 31
E R 0 -1 63 47 172 109
R E 0 1 47 93 125 78
E Space -3 -1 93 78 125 32
Space I 3 -4 78 93 156 78
I S -1 6 93 78 124 31
S Space -2 -2 78 78 110 32
Space A 2 3 78 63 124 46
A Space -2 -3 63 78 110 47
Space M 1 -3 78 62 218 140
M A 1 6 62 63 140 78
A K 0 -7 63 78 94 31
K E 1 5 78 93 125 47
E S -1 1 93 47 265 172
S H 0 -4 47 78 109 62
H I 1 -2 78 94 156 78
I F -1 4 94 78 156 62
F T 1 -1 78 94 125 47
T Space -3 1 94 94 156 62
Space R 3 0 94 63 265 171
R A -1 3 63 94 187 124
A M -1 -6 94 63 125 31
M P 2 -3 63 78 172 109
P Space -3 6 78 78 171 93
Space A 2 3 78 94 156 78
A T 1 -4 94 78 156 62
T Space -3 1 78 62 188 110
Space T 3 -1 62 62 78 16
T H -1 -1 62 78 140 78
H E 1 3 78 78 62 -16
E Space -3 -1 78 78 125 47
Space B 1 -1 78 93 328 250
B O 2 -4 93 78 265 172
O T 0 4 78 62 250 172
T T 0 0 62 78 124 62
T O 0 -4 78 78 110 32
O M -2 2 78 109 171 93
M Space -1 3 109 63 156 47
Space R 3 0 63 78 3869 3806
R I 0 -4 78 94 109 31
I G -1 3 94 63 187 93
G H 0 -1 63 109 125 62
H T 1 1 109 62 125 16
T Space -3 1 62 62 94 32
Space O 3 -5 62 78 140 78
O F -1 5 78 63 109 31
F Space -2 0 63 78 109 46
Space T 3 -1 78 62 110 32
T H -1 -1 62 78 93 31
H E 1 3 78 78 63 -15
E Space -3 -1 78 94 124 46
Space S 2 2 94 78 125 31
S C -1 -1 78 78 187 109
C R 2 -1 78 78 156 78
R E 0 1 78 78 156 78
E E 0 0 78 78 156 78
E N -2 -3 78 94 359 281
N Space -1 2 94 62 172 78
Space W 3 2 62 94 530 468
W E 0 -1 94 62 219 125
E Back 1 -10 62 93 577 515
Back H -2 7 93 78 265 172
H E 1 3 78 78 94 16
E R 0 -1 78 62 156 78
R E 0 1 62 78 124 62
E Space -3 -1 78 93 110 32
Space M 1 -3 93 62 452 359
M A 1 6 62 78 109 47
A N -1 -5 78 62 125 47
N T 2 1 62 78 187 125
T Space -3 1 78 78 156 78
Space Back 4 -9 78 47 343 265
Back Back 0 0 47 94 94 47
Back Y -1 7 94 94 78 -16
Y Space -3 2 94 62 172 78
Space P 3 -6 62 78 670 608
P E 0 7 78 109 110 32
E O 0 -6 109 63 124 15
O P 0 -1 63 78 141 78
P L -1 1 78 94 140 62
L E 1 6 94 78 109 15
E Space -3 -1 78 63 125 47
Space H 2 -2 63 93 172 109
H A 0 5 93 94 140 47
A V -1 -3 94 78 156 62
V E 2 1 78 78 515 437
E Space -3 -1 78 78 140 62
Space T 3 -1 78 93 188 110
T R 0 1 93 93 187 94
R I 0 -4 93 78 140 47
I E 0 5 78 62 125 47
E D -1 0 62 78 140 78
D Space -2 -1 78 78 125 47
Space T 3 -1 78 78 156 78
T O 0 -4 78 78 109 31
O Space -3 5 78 78 156 78
Space F 2 0 78 63 390 312
F L 0 -5 63 78 125 62
L Y 1 3 78 78 390 312
Y Space -3 2 78 78 172 94
Space O 3 -5 78 94 171 93
O F -1 5 94 47 156 62
F F 0 0 47 78 125 78
F Space -2 0 78 62 172 94
Space T 3 -1 62 62 109 47
T H -1 -1 62 78 109 47
H E 1 3 78 62 94 16
E Space -3 -1 62 78 93 31
Space R 3 0 78 78 156 78
R A -1 3 78 93 219 141
A M -1 -6 93 78 125 32
M P 2 -3 78 94 171 93
P Space -3 6 94 78 172 78
Space B 1 -1 78 94 218 140
B U 2 -2 94 78 187 93
U T 0 2 78 93 110 32
T Space -3 1 93 78 124 31
Space H 2 -2 78 78 812 734
H A 0 5 78 78 124 46
A V -1 -3 78 93 188 110
V E 2 1 93 62 140 47
E Space -3 -1 62 94 78 16
Space N 1 -2 94 94 187 93
N E 2 3 94 63 109 15
E D -1 0 63 78 156 93
D E 1 0 78 93 141 63
E D -1 0 93 78 140 47
D Space -2 -1 78 62 141 63
Space U 3 -3 62 94 171 109
U P 0 -3 94 94 187 93
P Space -3 6 94 78 203 109
Space I 3 -4 78 78 156 78
I N -2 2 78 109 156 78
N Space -1 2 109 93 94 -15
Space A 2 3 93 78 156 63
A Space -2 -3 78 62 109 31
Space H 2 -2 62 125 156 94
H E 1 3 125 62 78 -47
E A -1 2 62 78 156 94
A P 1 -9 78 93 94 16
P Space -3 6 93 62 187 94
Space A 2 3 62 110 93 31
A T 1 -4 110 78 156 46
T Space -3 1 78 94 156 78
Space T 3 -1 94 78 110 16
T H -1 -1 78 78 124 46
H E 1 3 78 78 94 16
E Space -3 -1 78 78 109 31
Space B 1 -1 78 78 156 78
B O 2 -4 78 78 265 187
O T 0 4 78 78 328 250
T T 0 0 78 78 140 62
T O 0 -4 78 78 110 32
O M -2 2 78 125 171 93
M Space -1 3 125 93 141 16
Space O 3 -5 93 93 187 94
O F -1 5 93 62 390 297
F Space -2 0 62 78 109 47
Space T 3 -1 78 62 125 47
T H -1 -1 62 63 93 31
H E 1 3 63 63 78 15
E Space -3 -1 63 78 78 15
Space M 1 -3 78 78 156 78
M A 1 6 78 78 110 32
A Back 2 -12 78 47 452 374
Back Back 0 0 47 78 109 62
Back Back 0 0 78 78 125 47
Back Space -4 9 78 78 546 468
Space R 3 0 78 78 94 16
R A -1 3 78 78 171 93
A M -1 -6 78 47 125 47
M P 2 -3 47 78 172 125
P OemPeriod -2 1 78 63 249 171
OemPeriod Space -1 5 63 78 94 31
Space E 3 1 78 93 2964 2886
E N -2 -3 93 78 140 47
N D 1 3 78 78 141 63
D E 1 0 78 63 171 93
E D -1 0 63 94 125 62
D LShiftKey -1 3 94 1217 22667 22573
LShiftKey T 2 -5 1217 62 1123 -94
T H -1 -1 62 94 140 78
H E 1 3 94 63 125 31
E R 0 -1 63 63 187 124
R E 0 1 63 93 141 78
E Space -3 -1 93 93 78 -15
Space I 3 -4 93 109 218 125
I S -1 6 109 78 125 16
S Space -2 -2 78 93 125 47
Space A 2 3 93 78 140 47
A Space -2 -3 78 78 109 31
Space Back 4 -9 78 78 4337 4259
Back Back 0 0 78 78 125 47
Back Back 0 0 78 78 140 62
Back Back 0 0 78 78 125 47
Back Back 0 0 78 109 390 312
Back A -2 12 109 94 187 78
A R 1 -3 94 78 266 172
R E 0 1 78 94 140 62
E Space -3 -1 94 78 140 46
Space S 2 2 78 63 125 47
S O 1 -7 63 62 94 31
O M -2 2 62 78 156 94
M E 2 4 78 63 93 15
E Space -3 -1 63 62 110 47
Space P 3 -6 62 62 156 94
P O 0 1 62 63 171 109
O P 0 -1 63 47 156 93
P E 0 7 47 62 16 -31
E L -1 -6 62 78 171 109
L Back 2 -4 78 78 765 687
Back Back 0 0 78 78 156 78
Back Back 0 0 78 78 125 47
Back E -1 10 78 94 374 296
E P 0 -7 94 62 250 156
P L -1 1 62 110 124 62
L E 1 6 110 62 453 343
E Space -3 -1 62 78 125 63
Space W 3 2 78 63 124 46
W H -1 -4 63 62 110 47
H O 1 -3 62 93 156 94
O Space -3 5 93 78 171 78
Space A 2 3 78 78 94 16
A R 1 -3 78 62 156 78
R E 0 1 62 63 93 31
E Space -3 -1 63 47 172 109
Space P 3 -6 47 93 2356 2309
P E 0 7 93 62 156 63
E O 0 -6 62 78 171 109
O P 0 -1 78 63 156 78
P L -1 1 63 93 141 78
L E 1 6 93 94 124 31
E M -2 -4 94 63 4836 4742
M A 1 6 63 78 110 47
A K 0 -7 78 78 78 0
K I 1 0 78 46 156 78
I N -2 2 46 94 124 78
N G 1 1 94 63 125 31
G Space -2 1 63 78 125 62
Space A 2 3 78 78 125 47
A Space -2 -3 78 78 109 31
Space S 2 2 78 78 125 47
S N -1 -4 78 78 93 15
N O 2 -3 78 78 172 94
O W 0 7 78 78 94 16
W Space -3 -2 78 78 171 93
Space A 2 3 78 78 219 141
A N -1 -5 78 93 109 31
N G 1 1 93 62 234 141
G L 0 -4 62 94 187 125
L E 1 6 94 47 109 15
E S -1 1 47 78 141 94
S Back 2 -11 78 78 468 390
Back Space -4 9 78 31 234 156
Space Back 4 -9 31 78 795 764
Back Back 0 0 78 78 141 63
Back Back 0 0 78 78 125 47
Back E -1 10 78 94 280 202
E L -1 -6 94 94 406 312
L Space -2 5 94 78 156 62
Space I 3 -4 78 78 156 78
I N -2 2 78 78 172 94
N Space -1 2 78 94 93 15
Space T 3 -1 94 78 125 31
T H -1 -1 78 78 109 31
H E 1 3 78 78 94 16
E Space -3 -1 78 78 109 31
Space I 3 -4 78 93 1919 1841
I C -2 5 93 94 187 94
C E 2 0 94 78 187 93
E OemPeriod -2 -6 78 62 359 281
OemPeriod Space -1 5 62 94 78 16
Space LShiftKey 1 4 94 827 983 889
LShiftKey T 2 -5 827 78 733 -94
T H -1 -1 78 110 140 62
H E 1 3 110 63 125 15
E R 0 -1 63 62 141 78
R E 0 1 62 78 124 62
E Space -3 -1 78 63 125 47
Space I 3 -4 63 78 172 109
I S -1 6 78 78 109 31
S Space -2 -2 78 78 140 62
Space A 2 3 78 78 125 47
A Space -2 -3 78 63 109 31
Space M 1 -3 63 78 141 78
M A 1 6 78 62 125 47
A N -1 -5 62 109 78 16
N Space -1 2 109 78 156 47
Space T 3 -1 78 78 327 249
T R 0 1 78 93 141 63
R E 0 1 93 78 187 94
E K -1 -5 78 78 171 93
K K 0 0 78 78 141 63
K I 1 0 78 63 171 93
I N -2 2 63 78 156 93
N G 1 1 78 78 110 32
G Space -2 1 78 62 109 31
Space A 2 3 62 78 125 63
A L 0 -8 78 63 93 15
L O 1 0 63 78 141 78
O N -2 3 78 109 171 93
N E 2 3 109 78 125 16
E Space -3 -1 78 78 125 47
Space A 2 3 78 94 811 733
A T 1 -4 94 94 187 93
T Space -3 1 94 78 172 78
Space T 3 -1 78 78 93 15
T H -1 -1 78 62 141 63
H E 1 3 62 62 78 16
E Space -3 -1 62 78 93 31
Space B 1 -1 78 78 156 78
B T 2 0 78 78 141 63
T O 0 -4 78 78 140 62
O O 0 0 78 78 125 47
O T 0 4 78 78 140 62
T M -2 -2 78 93 110 32
M Space -1 3 93 78 109 16
Space Back 4 -9 78 266 639 561
Back Back 0 0 266 78 328 62
Back Back 0 0 78 78 140 62
Back Back 0 0 78 63 156 78
Back Back 0 0 63 47 156 93
Back Back 0 0 47 78 94 47
Back O -1 4 78 78 718 640
O T 0 4 78 31 171 93
T T 0 0 31 63 109 78
T O 0 -4 63 78 94 31
O M -2 2 78 78 203 125
M Space -1 3 78 94 109 31
Space L 2 -5 94 94 1014 920
L E 1 6 94 78 94 0
E F -1 -1 78 78 156 78
F T 1 -1 78 78 124 46
T OemPeriod -2 -4 78 47 640 562
OemPeriod Space -1 5 47 109 94 47
Space LShiftKey 1 4 109 1030 561 452
LShiftKey A 1 -1 1030 110 967 -63
A Space -2 -3 110 62 219 109
Space Back 4 -9 62 78 561 499
Back N -3 7 78 78 344 266
N O 2 -3 78 109 156 78
O T 0 4 109 63 171 62
T H -1 -1 63 78 78 15
H E 1 3 78 78 94 16
E R 0 -1 78 78 140 62
R Space -3 0 78 47 125 47
Space M 1 -3 47 78 905 858
M A 1 6 78 94 93 15
A N -1 -5 94 78 110 16
N Space -1 2 78 78 109 31
Space I 3 -4 78 93 156 78
I S -1 6 93 62 109 16
S Space -2 -2 62 63 109 47
Space T 3 -1 63 78 609 546
T A -1 4 78 47 140 62
A K 0 -7 47 62 94 47
K I 1 0 62 62 156 94
I N -2 2 62 93 156 94
N G 1 1 93 62 140 47
G Space -2 1 62 46 94 32
Space A 2 3 46 78 109 63
A Space -2 -3 78 78 125 47
Space P 3 -6 78 94 530 452
P I 0 2 94 62 250 156
I C -2 5 62 78 234 172
C T 2 -2 78 78 312 234
T U 0 -2 78 62 140 62
U R 0 3 62 78 156 94
R E 0 1 78 78 140 62
E Space -3 -1 78 78 125 47
Space O 3 -5 78 62 203 125
O F -1 5 62 78 359 297
F Space -2 0 78 47 858 780
Space H 2 -2 47 47 265 218
H I 1 -2 47 94 140 93
I S -1 6 94 78 125 31
S Space -2 -2 78 78 94 16
Space F 2 0 78 62 343 265
F I 1 -4 62 63 296 234
I R 0 4 63 78 110 47
R N -2 -2 78 78 140 62
N E 2 3 78 47 125 47
E D -1 0 47 62 156 109
D Space -2 -1 62 47 109 47
Space Back 4 -9 47 46 562 515
Back Back 0 0 46 78 109 63
Back Back 0 0 78 78 156 78
Back Back 0 0 78 125 109 31
Back Back 0 0 125 78 187 62
Back Back 0 0 78 78 406 328
Back R -1 9 78 78 359 281
R I 0 -4 78 78 156 78
I E 0 5 78 63 124 46
E N -2 -3 63 78 110 47
N D 1 3 78 78 124 46
D OemPeriod -1 -6 78 47 375 297
OemPeriod Space -1 5 47 110 93 46
Space LShiftKey 1 4 110 390 9017 8907
LShiftKey T 2 -5 390 78 281 -109
T H -1 -1 78 78 172 94
H E 1 3 78 47 140 62
E R 0 -1 47 63 140 93
R E 0 1 63 78 141 78
E Space -3 -1 78 78 109 31
Space A 2 3 78 62 156 78
A R 1 -3 62 94 78 16
R E 0 1 94 78 172 78
E Space -3 -1 78 78 140 62
Space Back 4 -9 78 265 593 515
Back Back 0 0 265 94 296 31
Back Back 0 0 94 156 125 31
Back Back 0 0 156 62 234 78
Back Back 0 0 62 78 156 94
Back Back 0 0 78 62 156 78
Back E -1 10 62 140 858 796
E Space -3 -1 140 78 359 219
Space I 3 -4 78 109 624 546
I S -1 6 109 78 93 -16
S Space -2 -2 78 78 125 47
Space A 2 3 78 63 109 31
A Space -2 -3 63 62 110 47
Space S 2 2 62 78 436 374
S N -1 -4 78 62 94 16
N O 2 -3 62 78 187 125
O W 0 7 78 62 141 63
W OemMinus 1 -9 62 63 561 499
OemMinus M -3 4 63 78 468 405
M O 2 -2 78 78 187 109
O B -2 4 78 78 250 172
B I 2 -3 78 62 125 47
I L -1 -1 62 93 156 94
L E 1 6 93 78 78 -15
E Space -3 -1 78 78 140 62
Space A 2 3 78 93 141 63
A T 1 -4 93 93 109 16
T Space -3 1 93 62 203 110
Space T 3 -1 62 78 78 16
T H -1 -1 78 46 156 78
H E 1 3 46 63 93 47
E Space -3 -1 63 78 109 46
Space T 3 -1 78 94 1014 936
T O 0 -4 94 46 110 16
O P 0 -1 46 94 124 78
P Space -3 6 94 62 172 78
Space R 3 0 62 94 811 749
R I 0 -4 94 62 125 31
I G -1 3 62 63 187 125
G H 0 -1 63 94 125 62
H T 1 1 94 78 140 46
T Space -3 1 78 46 110 32
Space O 3 -5 46 78 156 110
O F -1 5 78 78 140 62
F Space -2 0 78 63 109 31
Space T 3 -1 63 63 109 46
T H -1 -1 63 93 110 47
H E 1 3 93 62 78 -15
E Space -3 -1 62 93 78 16
Space S 2 2 93 78 140 47
S C -1 -1 78 78 172 94
C R 2 -1 78 47 171 93
R E 0 1 47 78 125 78
E E 0 0 78 78 125 47
E N -2 -3 78 93 125 47
N S 1 4 93 93 109 16
S Space -2 -2 93 93 156 63
Space A 2 3 93 78 2059 1966
A Space -2 -3 78 94 140 62
Space Back 4 -9 94 94 1420 1326
Back Back 0 0 94 78 140 46
Back Back 0 0 78 93 110 32
Back Back 0 0 93 78 1076 983
Back Oemcomma -3 5 78 109 265 187
Oemcomma Space -1 4 109 78 141 32
Space A 2 3 78 78 967 889
A L 0 -8 78 78 171 93
L O 1 0 78 78 125 47
O N -2 3 78 62 172 94
N G 1 1 62 62 281 219
G Space -2 1 62 62 140 78
Space W 3 2 62 78 94 32
W I 0 -6 78 78 93 15
I T 0 3 78 62 141 63
T H -1 -1 62 78 62 0
H Space -2 2 78 47 187 109
Space A 2 3 47 109 94 47
A Space -2 -3 109 62 187 78
Space C 1 1 62 78 250 188
C O 2 -6 78 78 124 46
O U 0 2 78 78 188 110
U P 0 -3 78 78 171 93
P L -1 1 78 93 141 63
L E 1 6 93 62 156 63
E Space -3 -1 62 47 109 47
Space O 3 -5 47 78 156 109
O F -1 5 78 78 140 62
F Space -2 0 78 78 141 63
Space R 3 0 78 78 249 171
R E 0 1 78 62 453 375
E I 0 -5 62 93 109 47
I N -2 2 93 78 203 110
N D 1 3 78 62 296 218
D E 1 0 62 63 140 78
E E 0 0 63 93 453 390
E R 0 -1 93 93 156 63
R S -1 2 93 94 171 78
S Space -2 -2 94 62 141 47
Space S 2 2 62 62 3042 2980
S K 0 -6 62 94 109 47
K I 1 0 94 47 187 93
I I 0 0 47 78 109 62
I N -2 2 78 109 172 94
N G 1 1 109 78 140 31
G Space -2 1 78 78 110 32
Space A 2 3 78 63 124 46
A S 0 -1 63 63 156 93
S Space -2 -2 63 78 110 47
Space W 3 2 78 47 62 -16
W E 0 -1 47 94 109 62
E L -1 -6 94 46 141 47
L L 0 0 46 78 109 63
L OemPeriod -1 0 78 63 171 93
OemPeriod Space -1 5 63 93 110 47
Space S 2 2 93 94 6146 6053
S G 0 -3 94 47 30529 30435
G M -1 -2 47 78 78 31
M A 1 6 78 78 141 63
A I 1 -7 78 78 93 15
I L -1 -1 78 125 156 78
L OemPeriod -1 0 125 109 172 47
OemPeriod C 0 6 109 78 156 47
C O 2 -6 78 94 62 -16
O M -2 2 94 47 125 31
M Return 1 -5 47 78 187 140
Return J 0 5 78 78 3822 3744
J A 0 6 78 78 78 0
A Y 1 -5 78 47 125 47
Y N -2 0 47 78 141 94
N E 2 3 78 62 78 0
E E 0 0 62 93 109 47
E S -1 1 93 63 171 78
S H 0 -4 63 78 94 31
H RShiftKey -1 -5 78 343 1810 1732
RShiftKey D2 3 9 343 78 234 -109
D2 B -3 -3 78 78 436 358
B U 2 -2 78 78 188 110
U F -1 3 78 62 109 31
F F 0 0 62 63 140 78
F A 0 3 63 78 187 124
A L 0 -8 78 62 141 63
L O 1 0 62 78 156 94
O OemPeriod -2 0 78 63 3135 3057
OemPeriod E 2 6 63 78 702 639
E D -1 0 78 62 328 250
D U 1 -4 62 63 140 78
U Return -1 -5 63 78 375 312
Return Back 2 -1 78 94 8283 8205
Back U -1 6 94 78 3308 3214
U B -2 2 78 78 202 124
B C 0 2 78 94 234 156
C O 2 -6 94 62 141 47
O L -1 0 62 47 218 156
L L 0 0 47 93 94 47
L E 1 6 93 78 156 63
E C -2 0 78 78 140 62
C T 2 -2 78 63 234 156
T I 0 -3 63 62 125 62
I O 0 -1 62 78 140 78
O N -2 3 78 78 156 78
N D4 3 2 78 62 1467 1389
D4 RShiftKey -3 -7 62 312 234 172
RShiftKey D2 3 9 312 63 171 -141
D2 G -2 -3 63 63 1061 998
G M -1 -2 63 62 125 62
M A 1 6 62 63 109 47
A I 1 -7 63 47 125 62
I L -1 -1 47 78 156 109
L OemPeriod -1 0 78 47 187 109
OemPeriod C 0 6 47 63 156 109
C O 2 -6 63 94 47 -16
O M -2 2 94 78 109 15
M Return 1 -5 78 78 1326 1248
Return D 0 9 78 78 2592 2514
D A 0 2 78 62 172 94
A T 1 -4 62 78 156 94
T A -1 4 78 78 109 31
A C -1 -2 78 93 281 203
C O 2 -6 93 62 187 94
O L -1 0 62 78 187 125
L L 0 0 78 94 125 47
L E 1 6 94 78 109 15
E C -2 0 78 62 172 94
C T 2 -2 62 63 171 109
T I 0 -3 63 62 94 31
I O 0 -1 62 78 140 78
O N -2 3 78 78 188 110
N Return 1 -6 78 78 171 93
Return J 0 5 78 90 59490 59412
J A 0 6 90 70 112 22
A Y 1 -5 70 60 135 65
Y N -2 0 60 100 155 95
N E 2 3 100 38 110 10
E E 0 0 38 75 118 80
E S -1 1 75 82 155 80
S H 0 -4 82 80 122 40
H RShiftKey -1 -5 80 240 288 208
RShiftKey D2 3 9 240 80 120 -120
D2 B -3 -3 80 90 275 195
B U 2 -2 90 50 165 75
U F -1 3 50 70 395 345
F F 0 0 70 80 140 70
F A 0 3 80 80 200 120
A L 0 -8 80 80 120 40
L O 1 0 80 75 160 80
O Oemcomma -2 1 75 50 470 395
Oemcomma Back 3 -5 50 83 427 377
Back OemPeriod -3 4 83 85 203 120
OemPeriod E 2 6 85 80 115 30
E D -1 0 80 80 175 95
D U 1 -4 80 70 155 75
U J -1 0 70 80 2192 2122
J A 0 6 80 65 120 40
A Y 1 -5 65 70 95 30
Y N -2 0 70 80 160 90
N E 2 3 80 53 100 20
E E 0 0 53 75 103 50
E S -1 1 75 77 145 70
S H 0 -4 77 72 132 55
H RShiftKey -1 -5 72 230 265 193
RShiftKey D2 3 9 230 80 110 -120
D2 B -3 -3 80 80 405 325
B U 2 -2 80 80 195 115
U F -1 3 80 60 125 45
F F 0 0 60 85 120 60
F A 0 3 85 90 200 115
A L 0 -8 90 80 145 55
L O 1 0 80 70 145 65
O OemPeriod -2 0 70 70 485 415
OemPeriod E 2 6 70 75 90 20
E D -1 0 75 70 160 85
D U 1 -4 70 75 100 30
U LShiftKey -2 7 75 603 1744 1669
LShiftKey C 0 -3 603 133 510 -93
C O 2 -6 133 65 523 390
O M -2 2 65 72 175 110
M P 2 -3 72 83 182 110
P U 0 3 83 82 313 230
U T 0 2 82 93 532 450
T E 0 2 93 62 173 80
E R 0 -1 62 83 112 50
R Space -3 0 83 72 143 60
Space S 2 2 72 83 142 70
S E 1 -1 83 72 143 60
E C -2 0 72 93 152 80
C U 2 -4 93 82 163 70
U R 0 3 82 83 232 150
R I 0 -4 83 82 143 60
I T 0 3 82 63 112 30
T Y 0 -1 63 82 333 270
Y Space -3 2 82 53 242 160
Space D5 4 -1 53 102 443 390
D5 D6 0 -1 102 73 232 130
D6 D5 0 1 73 92 303 230
D5 Space -4 1 92 63 217 125
Space Back 4 -9 63 62 803 740
Back Back 0 0 62 55 142 80
Back Back 0 0 55 83 115 60
Back Back 0 0 83 82 593 510
Back D6 0 7 82 75 445 363
D6 Back 0 -7 75 92 475 400
Back D5 0 8 92 75 132 40
D5 D6 0 -1 75 55 175 100
D6 D5 0 1 55 83 135 80
D5 Space -4 1 83 85 643 560
Space OemMinus 4 -7 85 83 347 262
OemMinus Space -4 7 83 82 193 110
Space P 3 -6 82 85 172 90
P R 0 6 85 73 225 140
R O 0 -5 73 82 123 50
O J -1 2 82 63 342 260
J E 1 4 63 72 83 20
E C -2 0 72 83 172 100
C T 2 -2 83 75 93 10
T Space -3 1 75 82 145 70
Space D1 4 3 82 73 662 580
D1 Space -4 -3 73 82 143 70
Space S 2 2 82 85 1115 1033
S E 1 -1 85 67 185 100
E C -2 0 67 65 157 90
C T 2 -2 65 63 175 110
T I 0 -3 63 85 123 60
I O 0 -1 85 65 145 60
O N -2 3 65 112 165 100
N Space -1 2 112 105 162 50
Space D3 4 1 105 88 345 240
D3 Space -4 -1 88 92 138 50
Space LShiftKey 1 4 92 453 1719 1627
LShiftKey H 1 -6 453 75 303 -150
H I 1 -2 75 67 230 155
I Oemcomma -2 0 67 63 372 305
Oemcomma RShiftKey 0 -3 63 322 308 245
RShiftKey Return 1 -1 322 65 125 -197
Return Return 0 0 65 102 145 80
Return LShiftKey -1 12 102 1208 222 120
LShiftKey P 2 -10 1208 60 528 -680
P F -1 6 60 75 392 332
F A 0 3 75 73 115 40
A RShiftKey -1 -10 73 318 1525 1452
RShiftKey Return 1 -1 318 92 123 -195
Return Return 0 0 92 83 142 50
Return LShiftKey -1 12 83 242 103 20
LShiftKey R 2 -4 242 75 212 -30
R E 0 1 75 73 135 60
E G -1 -2 73 82 118 45
G A 0 4 82 55 92 10
A R 1 -3 55 75 105 50
R D -1 1 75 43 85 10
D S 0 1 43 85 113 70
S Oemcomma -1 -6 85 62 345 260
Oemcomma Space -1 4 62 83 102 40
Space RShiftKey 1 -7 83 60 153 70
RShiftKey Return 1 -1 60 78 22 -38
Return J 0 5 78 120 73649 73571
J W 1 5 120 80 6122 6002
W E 0 -1 80 70 180 100
E A -1 2 70 80 190 120
A T 1 -4 80 80 100 20
T H -1 -1 80 100 150 70
H E 1 3 100 50 90 -10
E R 0 -1 50 100 130 80
R Space -3 0 100 80 130 30
Space I 3 -4 80 70 150 70
I N -2 2 70 100 180 110
N Space -1 2 100 70 120 20
Space B 1 -1 70 80 130 60
B U 2 -2 80 80 170 90
U F -1 3 80 50 230 150
F F 0 0 50 90 100 50
F A 0 3 90 80 140 50
A L 0 -8 80 60 140 60
L O 1 0 60 70 150 90
O Return -1 -3 70 80 230 160
Return Space -2 8 80 83 5902 5822
Space I 3 -4 83 82 123 40
I N -2 2 82 105 182 100
N Space -1 2 105 100 298 193
Space C 1 1 100 62 200 100
C E 2 0 62 65 182 120
E L -1 -6 65 80 135 70
L C -1 6 80 50 218 138
C I 2 -5 50 80 220 170
I U 0 1 80 70 150 70
U S -1 5 70 90 90 20
S Return 0 -10 90 65 180 90
Return H 0 6 65 90 133280 133215
H I 1 -2 90 100 180 90
I G -1 3 100 60 240 140
G H 0 -1 60 90 140 80
H E 1 3 90 80 110 20
E S -1 1 80 60 160 80
S T 1 -3 60 80 80 20
T Space -3 1 80 80 170 90
Space T 3 -1 80 100 140 60
T R 0 1 100 80 170 70
R A -1 3 80 100 200 120
A F 0 -3 100 50 170 70
F F 0 0 50 80 120 70
F I 1 -4 80 90 210 130
I X -2 6 90 60 210 120
X Back 3 -11 60 80 370 310
Back C -3 10 80 70 120 40
C Space -1 -1 70 80 110 40
Space I 3 -4 80 80 210 130
I N -2 2 80 130 160 80
N Space -1 2 130 70 160 30
Space T 3 -1 70 60 100 30
T H -1 -1 60 70 100 40
H E 1 3 70 70 80 10
E Space -3 -1 70 80 110 40
Space W 3 2 80 110 180 100
W O 0 -7 110 80 140 30
O R 0 5 80 80 120 40
R L -1 -5 80 80 110 30
L D 0 6 80 80 150 70
D Return 0 -9 80 80 140 60
Return C -1 9 80 120 143289 143209
C A 1 2 120 100 702 582
A L 0 -8 100 100 150 50
L I 1 1 100 80 220 120
I F -1 4 80 70 230 150
F O 1 -5 70 80 120 50
O R 0 5 80 70 110 30
R N -2 -2 70 60 220 150
N I 2 -2 60 80 170 110
I A -1 7 80 60 130 50
A Space -2 -3 60 80 120 60
Space B 1 -1 80 70 200 120
B E 2 2 70 70 90 20
E S -1 1 70 70 160 90
S T 1 -3 70 80 100 30
T Space -3 1 80 80 140 60
Space W 3 2 80 80 110 30
W E 0 -1 80 60 180 100
E A -1 2 60 100 182 122
A T 1 -4 100 50 120 20
T H -1 -1 50 80 140 90
H E 1 3 80 70 50 -30
E R 0 -1 70 60 170 100
R Return -1 -8 60 50 110 50
Return LShiftKey -1 12 50 1650 16535 16485
LShiftKey H 1 -6 1650 90 1405 -245
H O 1 -3 90 80 225 135
O W 0 7 80 90 120 40
W Space -3 -2 90 80 170 80
Space D 2 1 80 71 455 375
D O 1 -6 71 72 182 111
O E 0 6 72 80 92 20
E S -1 1 80 80 160 80
S Space -2 -2 80 83 130 50
Space V 1 0 83 90 368 285
V O 2 -5 90 42 170 80
O L -1 0 42 90 212 170
L K 0 1 90 100 1627 1537
K S 0 6 100 90 162 62
S W 1 0 90 60 3875 3785
W A -1 1 60 80 170 110
A G 0 -4 80 80 153 73
G E 1 2 80 60 110 30
E N -2 -3 60 110 140 80
N Space -1 2 110 80 162 52
Space O 3 -5 80 90 232 152
O W 0 7 90 80 145 55
W N -2 -4 80 90 130 50
N Space -1 2 90 92 140 50
Space A 2 3 92 83 162 70
A L 0 -8 83 60 133 50
L L 0 0 60 110 130 70
L Space -2 5 110 70 160 50
Space T 3 -1 70 80 120 50
T H -1 -1 80 80 130 50
H E 1 3 80 60 120 40
E S -1 1 60 60 180 120
S E 1 -1 60 70 160 100
E Space -3 -1 70 70 150 80
Space C 1 1 70 70 120 50
C O 2 -6 70 60 130 60
O M -2 2 60 70 160 100
M P 2 -3 70 70 160 90
P A -1 9 70 60 100 30
A N -1 -5 60 60 120 60
N I 2 -2 60 90 160 100
I E 0 5 90 80 100 10
E S -1 1 80 60 160 80
S Return 0 -10 60 65 80 20
Return G 0 7 65 100 14962 14897
G M -1 -2 100 80 150 50
M A 1 6 80 110 130 50
A I 1 -7 110 70 130 20
I L -1 -1 70 110 150 80
L OemPeriod -1 0 110 80 210 100
OemPeriod C 0 6 80 70 110 30
C O 2 -6 70 80 100 30
O M -2 2 80 60 110 30
M Return 1 -5 60 92 200 140
Return M -1 5 92 80 2534 2442
M A 1 6 80 70 130 50
A I 1 -7 70 60 100 30
I L -1 -1 60 80 140 80
L M -1 2 80 60 2020 1940
M A 1 6 60 80 80 20
A I 1 -7 80 60 140 60
I L -1 -1 60 90 140 80
L H 0 3 90 70 350 260
H O 1 -3 70 70 230 160
O S -1 7 70 70 100 30
S T 1 -3 70 70 160 90
T I 0 -3 70 80 170 100
I N -2 2 80 80 160 80
N G 1 1 80 60 180 100
G S 0 3 60 90 90 30
S E 1 -1 90 60 200 110
E R 0 -1 60 70 160 100
R V -2 0 70 80 90 20
V E 2 1 80 50 100 20
E R 0 -1 50 90 110 60
R D1 1 3 90 80 3750 3660
D1 D2 0 -1 80 70 160 80
D2 D3 0 -1 70 80 150 80
D3 RShiftKey -3 -8 80 260 200 120
RShiftKey D2 3 9 260 70 170 -90
D2 Q -1 1 70 80 390 320
Q W 0 -1 80 70 170 90
W E 0 -1 70 80 190 120
E D -1 0 80 70 350 270
D S 0 1 70 70 170 100
S A 0 1 70 80 160 90
A Return 0 -11 80 72 200 120
Return Q 1 11 72 90 1552 1480
Q W 0 -1 90 60 190 100
W E 0 -1 60 80 170 110
E D -1 0 80 90 180 100
D S 0 1 90 80 180 90
S A 0 1 80 70 180 100
A RShiftKey -1 -10 70 270 130 60
RShiftKey D2 3 9 270 80 170 -100
D2 D1 0 1 80 70 180 100
D1 D2 0 -1 70 80 180 110
D2 D3 0 -1 80 70 170 90
D3 Return -2 -9 70 60 270 200
Return Q 1 11 60 90 2134 2074
Q W 0 -1 90 80 200 110
W E 0 -1 80 70 180 100
E D -1 0 70 80 190 120
D S 0 1 80 90 160 80
S A 0 1 90 60 220 130
A D1 2 0 60 90 350 290
D1 D2 0 -1 90 70 190 100
D2 D3 0 -1 70 80 160 90
D3 D1 0 2 80 80 2900 2820
D1 D2 0 -1 80 80 180 100
D2 D3 0 -1 80 80 210 130
D3 Q -1 2 80 80 590 510
Q W 0 -1 80 80 200 120
W E 0 -1 80 70 200 120
E D -1 0 70 80 200 130
D S 0 1 80 80 180 100
S A 0 1 80 80 200 120
A Return 0 -11 80 80 460 380
Return Return 0 0 80 32 27672 27592
Return V -1 8 32 90 14112 14080
V O 2 -5 90 80 230 140
O K -1 1 80 80 210 130
K S 0 6 80 80 310 230
S W 1 0 80 80 250 170
W A -1 1 80 100 160 80
A G 0 -4 100 70 200 100
G E 1 2 70 80 120 50
E N -2 -3 80 110 130 50
N Space -1 2 110 90 150 40
Space W 3 2 90 90 320 230
W O 0 -7 90 80 120 30
O N -2 3 80 80 200 120
N S 1 4 80 80 150 70
S Return 0 -10 80 120 1960 1880
