I Space -3 4 93 94 140 47
Space W 3 2 94 156 328 234
W A -1 1 156 202 125 -31
A S 0 -1 202 141 124 -78
S Space -2 -2 141 94 125 -16
Space L 2 -5 94 94 343 249
L U 1 2 94 78 266 172
U C -2 4 78 78 546 468
C K 1 -5 78 62 78 0
K Y 1 2 62 78 249 187
Y Space -3 2 78 109 94 16
Space OemMinus 4 -7 109 78 1591 1482
OemMinus Space -4 7 78 94 312 234
Space LShiftKey 1 4 94 218 250 156
LShiftKey I 2 -8 218 94 124 -94
I Space -3 4 94 109 141 47
Space F 2 0 109 78 296 187
F O 1 -5 78 110 109 31
O U 0 2 110 187 141 31
U N -2 1 187 140 125 -62
N D 1 3 140 78 1216 1076
D Space -2 -1 78 109 94 16
Space W 3 2 109 78 624 515
W H -1 -4 78 78 109 31
H A 0 5 78 125 78 0
A T 1 -4 125 63 234 109
T Space -3 1 63 110 109 46
Space LShiftKey 1 4 110 203 203 93
LShiftKey I 2 -8 203 78 94 -109
I Space -3 4 78 93 125 47
Space L 2 -5 93 78 327 234
L O 1 0 78 78 156 78
O V -2 5 78 78 250 172
V E 2 1 78 78 109 31
E Space -3 -1 78 93 94 16
Space I 3 -4 93 125 171 78
I N -2 2 125 125 94 -31
N Space -1 2 125 125 93 -32
Space Back 4 -9 125 78 1779 1654
Back Back 0 0 78 78 171 93
Back Back 0 0 78 78 156 78
Back Back 0 0 78 78 203 125
Back Back 0 0 78 62 219 141
Back E -1 10 62 63 826 764
E D -1 0 63 94 172 109
D Space -2 -1 94 109 109 15
Space T 3 -1 109 78 156 47
T O 0 -4 78 94 78 0
O Space -3 5 94 94 125 31
Space D 2 1 94 94 421 327
D O 1 -6 94 94 109 15
O Space -3 5 94 125 78 -16
Space I 3 -4 125 78 921 796
I N -2 2 78 125 187 109
N Space -1 2 125 109 109 -16
Space E 3 1 109 63 312 203
E A -1 2 63 109 141 78
A R 1 -3 109 94 202 93
R L -1 -5 94 93 578 484
L Y 1 3 93 62 109 16
Y Space -3 2 62 125 78 16
Space Back 4 -9 125 47 1404 1279
Back Back 0 0 47 62 156 109
Back Back 0 0 62 47 156 94
Back Back 0 0 47 63 140 93
Back Back 0 0 63 63 156 93
Back Back 0 0 63 63 156 93
Back Back 0 0 63 78 156 93
Back Back 0 0 78 78 172 94
Back Back 0 0 78 94 171 93
Back E -1 10 94 46 734 640
E A -1 2 46 93 156 110
A R 1 -3 93 93 187 94
R L -1 -5 93 78 561 468
L Y 1 3 78 78 110 32
Y Space -3 2 78 93 78 0
Space I 3 -4 93 172 124 31
I N -2 2 172 124 110 -62
N Space -1 2 124 78 109 -15
Space L 2 -5 78 78 234 156
L I 1 1 78 78 156 78
I F -1 4 78 156 515 437
F E 1 1 156 172 93 -63
E OemPeriod -2 -6 172 78 1139 967
OemPeriod Space -1 5 78 109 109 31
Space LShiftKey 1 4 109 390 343 234
LShiftKey W 2 -2 390 109 266 -124
W O 0 -7 109 78 1310 1201
O Z -2 8 78 78 187 109
Z Space -1 -3 78 109 687 609
Space A 2 3 109 63 514 405
A N -1 -5 63 78 125 62
N D 1 3 78 78 78 0
D Space -2 -1 78 109 94 16
Space LShiftKey 1 4 109 219 218 109
LShiftKey I 2 -8 219 78 156 -63
I Space -3 4 78 124 63 -15
Space S 2 2 124 94 280 156
S T 1 -3 94 140 266 172
T A -1 4 140 125 93 -47
A R 1 -3 125 94 187 62
R T 0 -1 94 140 297 203
T E 0 2 140 141 93 -47
E D -1 0 141 94 281 140
D Space -2 -1 94 110 265 171
Space LShiftKey 1 4 110 375 593 483
LShiftKey A 1 -1 375 141 234 -141
A P 1 -9 141 63 265 124
P P 0 0 63 62 141 78
P L -1 1 62 125 156 94
L E 1 6 125 63 717 592
E Space -3 -1 63 94 125 62
Space I 3 -4 94 156 359 265
I N -2 2 156 140 94 -62
N M 0 -1 140 94 327 187
M Y 2 1 94 78 312 218
Y Space -3 2 78 93 94 16
Space P 3 -6 93 78 281 188
P A -1 9 78 78 140 62
A R 1 -3 78 94 234 156
R E 0 1 94 110 62 -32
E N -2 -3 110 93 375 265
N T 2 1 93 78 312 219
T Oem7 -1 -6 78 78 749 671
Oem7 S 0 9 78 78 124 46
S Space -2 -2 78 141 78 0
Space G 2 -1 141 78 1592 1451
G A 0 4 78 94 93 15
A R 1 -3 94 93 172 78
R A -1 3 93 125 62 -31
A D 0 -2 125 94 265 140
D G 0 -2 94 141 515 421
G F 0 1 141 94 0 -141
F E 1 1 94 172 78 -16
E Back 1 -10 172 125 1420 1248
Back Back 0 0 125 109 530 405
Back E -1 10 109 172 1825 1716
E W 0 1 172 78 6911 6739
W Back 1 -11 78 94 1279 1201
Back Space -4 9 94 125 156 62
Space W 3 2 125 78 1030 905
W H -1 -4 78 78 109 31
H E 1 3 78 94 78 0
E N -2 -3 94 93 141 47
N Space -1 2 93 109 93 0
Space LShiftKey 1 4 109 171 406 297
LShiftKey I 2 -8 171 78 125 -46
I Space -3 4 78 110 124 46
Space W 3 2 110 109 2138 2028
W A -1 1 109 172 171 62
A S 0 -1 172 124 141 -31
S Space -2 -2 124 125 187 63
Space D2 4 2 125 62 983 858
D2 D0 0 -8 62 78 109 47
D0 OemPeriod -3 1 78 63 483 405
OemPeriod Space -1 5 63 93 188 125
Space LShiftKey 1 4 93 374 546 453
LShiftKey W 2 -2 374 109 327 -47
W E 0 -1 109 62 219 110
E Space -3 -1 62 94 124 62
Space W 3 2 94 78 734 640
W O 0 -7 78 62 140 62
O R 0 5 62 62 172 110
R K -1 -4 62 78 499 437
K E 1 5 78 78 109 31
E D -1 0 78 78 187 109
D Space -2 -1 78 78 125 47
Space H 2 -2 78 93 640 562
H A 0 5 93 78 93 0
A R 1 -3 78 78 343 265
R D -1 1 78 93 188 110
D Space -2 -1 93 94 140 47
Space Back 4 -9 94 93 796 702
Back Oemcomma -3 5 93 93 265 172
Oemcomma Space -1 4 93 93 125 32
Space A 2 3 93 78 421 328
A N -1 -5 78 94 109 31
N D 1 3 94 63 109 15
D Space -2 -1 63 94 78 15
Space I 3 -4 94 141 1560 1466
I N -2 2 141 110 109 -32
N Space -1 2 110 94 78 -32
Space D1 4 3 94 78 609 515
D1 D0 0 -9 78 78 78 0
D0 Space -4 6 78 93 125 47
Space Y 3 -2 93 94 249 156
Y E 0 3 94 125 172 78
E A -1 2 125 109 109 -16
A R 1 -3 109 94 187 78
R S -1 2 94 78 234 140
S Space -2 -2 78 93 141 63
Space LShiftKey 1 4 93 390 1513 1420
LShiftKey A 1 -1 390 109 265 -125
A P 1 -9 109 78 172 63
P P 0 0 78 62 140 62
P L -1 1 62 141 140 78
L E 1 6 141 93 765 624
E Space -3 -1 93 109 156 63
Space H 2 -2 109 109 530 421
H A 0 5 109 46 141 32
A D 0 -2 46 78 187 141
D Space -2 -1 78 94 109 31
Space G 2 -1 94 94 499 405
G R 1 1 94 78 187 93
R O 0 -5 78 110 156 78
O W 0 7 110 63 546 436
W N -2 -4 63 110 78 15
N Space -1 2 110 125 125 15
Space F 2 0 125 78 1420 1295
F R 1 0 78 78 187 109
R O 0 -5 78 140 125 47
O M -2 2 140 109 109 -31
M Space -1 3 109 109 125 16
Space J 2 -3 109 78 2277 2168
J U 1 0 78 109 141 63
U S -1 5 109 109 125 16
S T 1 -3 109 78 280 171
T Space -3 1 78 109 110 32
Space T 3 -1 109 63 2745 2636
T H -1 -1 63 78 94 31
H E 1 3 78 94 109 31
E Space -3 -1 94 109 109 15
Space T 3 -1 109 63 421 312
T W 0 3 63 93 344 281
W O 0 -7 93 78 109 16
O Space -3 5 78 110 93 15
Space O 3 -5 110 94 702 592
O F -1 5 94 62 94 0
F Space -2 0 62 109 94 32
Space U 3 -3 109 78 374 265
U S -1 5 78 62 94 16
S Space -2 -2 62 78 109 47
Space I 3 -4 78 141 1263 1185
I N -2 2 141 125 78 -63
N Space -1 2 125 109 94 -31
Space T 3 -1 109 62 281 172
T H -1 -1 62 78 78 16
H E 1 3 78 78 374 296
E Space -3 -1 78 93 94 16
Space G 2 -1 93 78 452 359
G A 0 4 78 94 125 47
A R 1 -3 94 62 172 78
R A -1 3 62 94 218 156
A D 0 -2 94 78 265 171
D G 0 -2 78 125 484 406
G E 1 2 125 109 62 -63
E Space -3 -1 109 94 156 47
Space I 3 -4 94 109 1560 1466
I N -2 2 109 125 250 141
N T 2 1 125 78 905 780
T O 0 -4 78 78 93 15
O Space -3 5 78 94 109 31
Space A 2 3 94 109 2169 2075
A LShiftKey -1 1 109 2480 811 702
LShiftKey D4 3 -4 2480 109 2231 -249
D4 D2 0 2 109 124 437 328
D2 Space -4 -2 124 93 1201 1077
Space B 1 -1 93 78 218 125
B I 2 -3 78 78 172 94
I L -1 -1 78 62 546 468
L L 0 0 62 78 125 63
L I 1 1 78 141 202 124
I O 0 -1 141 172 94 -47
O N -2 3 172 141 140 -32
N Space -1 2 141 125 203 62
Space C 1 1 125 93 484 359
C O 2 -6 93 109 125 32
O M -2 2 109 93 78 -31
M P 2 -3 93 94 140 47
P A -1 9 94 94 109 15
A N -1 -5 94 78 187 93
N Y 2 0 78 62 266 188
Y Space -3 2 62 109 1575 1513
Space W 3 2 109 78 359 250
W I 0 -6 78 62 125 47
I T 0 3 62 78 140 78
T H -1 -1 78 78 94 16
H Space -2 2 78 125 109 31
Space O 3 -5 125 78 780 655
O V -2 5 78 78 608 530
V E 2 1 78 124 110 32
E R 0 -1 124 110 124 0
R Space -3 0 110 109 141 31
Space D4 4 0 109 78 967 858
D4 Oemcomma -3 -4 78 78 546 468
Oemcomma D0 3 -2 78 63 530 452
D0 D0 0 0 63 78 172 109
D0 D0 0 0 78 94 140 62
D0 Space -4 6 94 109 297 203
Space E 3 1 109 78 483 374
E M -2 -4 78 78 141 63
M P 2 -3 78 62 390 312
P L -1 1 62 78 156 94
L O 1 0 78 78 218 140
O Y 0 3 78 94 312 234
Y E 0 3 94 62 1295 1201
E E 0 0 62 94 140 78
E S -1 1 94 110 234 140
S OemPeriod -1 -7 110 63 515 405
OemPeriod Space -1 5 63 109 110 47
Space LShiftKey 1 4 109 499 764 655
LShiftKey W 2 -2 499 94 421 -78
W E 0 -1 94 109 203 109
E Space -3 -1 109 125 125 16
Space H 2 -2 125 78 452 327
H A 0 5 78 78 63 -15
A D 0 -2 78 31 234 156
D Space -2 -1 31 125 9079 9048
Space J 2 -3 125 62 156 31
J U 1 0 62 93 125 63
U S -1 5 93 109 109 16
S T 1 -3 109 78 234 125
T Space -3 1 78 110 93 15
Space R 3 0 110 62 266 156
R E 0 1 62 78 140 78
E L -1 -6 78 78 156 78
L E 1 6 78 93 94 16
E A -1 2 93 94 202 109
A S 0 -1 94 62 328 234
S E 1 -1 62 47 187 125
E S -1 1 47 78 156 109
S Back 2 -11 78 62 562 484
Back D -2 10 62 78 93 31
D Space -2 -1 78 94 94 16
Space O 3 -5 94 78 2184 2090
O U 0 2 78 78 749 671
U R 0 3 78 94 140 62
R Space -3 0 94 124 63 -31
Space F 2 0 124 110 1450 1326
F I 1 -4 110 109 94 -16
I N -2 2 109 94 78 -31
N E 2 3 94 78 250 156
E S -1 1 78 94 218 140
S T 1 -3 94 78 265 171
T Space -3 1 78 93 94 16
Space C 1 1 93 78 374 281
C R 2 -1 78 94 234 156
R E 0 1 94 94 156 62
E A -1 2 94 78 141 47
A T 1 -4 78 94 218 140
T I 0 -3 94 156 109 15
I O 0 -1 156 172 125 -31
O N -2 3 172 78 140 -32
N Space -1 2 78 140 110 32
Space OemMinus 4 -7 140 94 1575 1435
OemMinus Space -4 7 94 140 141 47
Space LShiftKey 1 4 140 312 1014 874
LShiftKey T 2 -5 312 94 530 218
T H -1 -1 94 78 109 15
H E 1 3 78 78 109 31
E R 0 -1 78 47 0 -78
R Space -3 0 47 94 94 47
Space LShiftKey 1 4 94 234 187 93
LShiftKey M 0 -7 234 78 172 -62
M A 1 6 78 78 171 93
A C -1 -2 78 109 1498 1420
C I 2 -5 109 78 234 125
I N -2 2 78 78 140 62
N T 2 1 78 78 484 406
T O 0 -4 78 94 140 62
O S -1 7 94 78 640 546
S H 0 -4 78 109 109 31
H Space -2 2 109 125 1373 1264
Space OemMinus 4 -7 125 78 140 15
OemMinus Space -4 7 78 63 234 156
Space A 2 3 63 125 515 452
A Space -2 -3 125 93 1545 1420
Space Y 3 -2 93 109 234 141
Y E 0 3 109 172 124 15
E A -1 2 172 94 125 -47
A R 1 -3 94 94 109 15
R Space -3 0 94 109 110 16
Space L 2 -5 109 78 358 249
L A 0 8 78 109 94 16
A T 1 -4 109 125 296 187
T E 0 2 125 156 110 -15
E R 0 -1 156 94 124 -32
R Space -3 0 94 110 156 62
Space Back 4 -9 110 110 2418 2308
Back Back 0 0 110 109 203 93
Back Back 0 0 109 94 187 78
Back Back 0 0 94 78 219 125
Back Back 0 0 78 93 234 156
Back Back 0 0 93 141 249 156
Back E -1 10 141 125 718 577
E A -1 2 125 109 125 0
A R 1 -3 109 109 140 31
R L -1 -5 109 78 421 312
L I 1 1 78 109 141 63
I E 0 5 109 62 312 203
E R 0 -1 62 141 62 0
R Oemcomma -2 -4 141 78 1373 1232
Oemcomma Space -1 4 78 94 109 31
Space A 2 3 94 78 219 125
A N -1 -5 78 93 109 31
N D 1 3 93 78 109 16
D Space -2 -1 78 109 94 16
Space LShiftKey 1 4 109 359 514 405
LShiftKey I 2 -8 359 78 234 -125
I Space -3 4 78 94 156 78
Space H 2 -2 94 78 203 109
H A 0 5 78 93 94 16
A D 0 -2 93 93 203 110
D Space -2 -1 93 78 140 47
Space J 2 -3 78 78 359 281
J U 1 0 78 94 140 62
U S -1 5 94 78 94 0
S T 1 -3 78 110 249 171
T Space -3 1 110 93 110 0
Space T 3 -1 93 93 2262 2169
T U 0 -2 93 78 124 31
U R 0 3 78 109 141 63
R N -2 -2 109 78 296 187
N E 2 3 78 93 94 16
E D -1 0 93 93 203 110
D Space -2 -1 93 93 109 16
Space D3 4 1 93 62 655 562
D3 D0 0 -7 62 78 125 63
D0 OemPeriod -3 1 78 93 671 593
OemPeriod Space -1 5 93 125 124 31
Space LShiftKey 1 4 125 437 219 94
LShiftKey A 1 -1 437 125 312 -125
A N -1 -5 125 78 218 93
N D 1 3 78 62 125 47
D Space -2 -1 62 94 62 0
Space T 3 -1 94 93 1233 1139
T H -1 -1 93 78 156 63
H E 1 3 78 78 374 296
E N -2 -3 78 94 125 47
N Space -1 2 94 125 125 31
Space LShiftKey 1 4 125 234 265 140
LShiftKey I 2 -8 234 78 94 -140
I Space -3 4 78 109 171 93
Space G 2 -1 109 125 390 281
G O 1 -4 125 78 109 -16
O T 0 4 78 78 234 156
T Space -3 1 78 125 94 16
Space F 2 0 125 109 1248 1123
F I 1 -4 109 94 109 0
I R 0 4 94 187 172 78
R E 0 1 187 124 125 -62
E D -1 0 124 125 358 234
D OemPeriod -1 -6 125 109 593 468
OemPeriod Space -1 5 109 109 5788 5679
Space LShiftKey 1 4 109 343 281 172
LShiftKey H 1 -6 343 94 249 -94
H O 1 -3 94 93 219 125
O W 0 7 93 78 218 125
W Space -3 -2 78 94 109 31
Space T 3 -1 94 78 234 140
T Back 1 -8 78 78 780 702
Back D -2 10 78 78 141 63
D O 1 -6 78 62 109 31
O Space -3 5 62 141 93 31
Space Back 4 -9 141 78 749 608
Back Space -4 9 78 124 765 687
Space Y 3 -2 124 94 514 390
Y O 0 -3 94 172 78 -16
O U 0 2 172 140 63 -109
U Space -3 3 140 94 140 0
Space G 2 -1 94 125 499 405
G E 1 2 125 125 94 -31
E T 0 -2 125 94 187 62
T Space -3 1 94 94 156 62
Space F 2 0 94 94 421 327
F I 1 -4 94 78 125 31
I R 0 4 78 125 187 109
R E 0 1 125 140 63 -62
E D -1 0 140 94 265 125
D Space -2 -1 94 93 125 31
Space F 2 0 93 172 577 484
F R 1 0 172 93 125 -47
R O 0 -5 93 140 125 32
O M -2 2 140 94 93 -47
M Space -1 3 94 94 109 15
Space A 2 3 94 94 172 78
A Space -2 -3 94 109 109 15
Space C 1 1 109 78 343 234
C O 2 -6 78 109 94 16
O M -2 2 109 109 47 -62
M P 2 -3 109 110 171 62
P A -1 9 110 78 94 -16
A N -1 -5 78 78 686 608
N Y 2 0 78 62 94 16
Y Space -3 2 62 94 78 16
Space Y 3 -2 94 63 3931 3837
Y O 0 -3 63 156 47 -16
O U 0 2 156 125 62 -94
U Space -3 3 125 109 188 63
Space S 2 2 109 78 436 327
S T 1 -3 78 110 234 156
T A -1 4 110 109 110 0
A R 1 -3 109 93 187 78
R T 0 -1 93 93 515 422
T E 0 2 93 78 187 94
E D -1 0 78 78 203 125
D RShiftKey -1 -8 78 312 873 795
RShiftKey OemQuestion 0 1 312 141 156 -156
OemQuestion Space -1 6 141 141 234 93
Space LShiftKey 1 4 141 250 624 483
LShiftKey W 2 -2 250 109 172 -78
W E 0 -1 109 125 312 203
E L -1 -6 125 63 249 124
L L 0 0 63 62 141 78
L Space -2 5 62 140 109 47
Space Back 4 -9 140 78 874 734
Back Oemcomma -3 5 78 109 249 171
Oemcomma Space -1 4 109 94 156 47
Space A 2 3 94 141 312 218
A S 0 -1 141 125 109 -32
S Space -2 -2 125 109 141 16
Space LShiftKey 1 4 109 140 827 718
LShiftKey LShiftKey 0 0 140 390 234 94
LShiftKey A 1 -1 390 140 218 -172
A P 1 -9 140 78 265 125
P P 0 0 78 63 156 78
P L -1 1 63 62 1763 1700
L E 1 6 62 94 109 47
E Space -3 -1 94 94 78 -16
Space G 2 -1 94 94 359 265
G R 1 1 94 78 172 78
R E 0 1 78 109 327 249
E W 0 1 109 141 187 78
W Space -3 -2 141 125 1342 1201
Space W 3 2 125 94 343 218
W E 0 -1 94 109 141 47
E Space -3 -1 109 109 140 31
Space H 2 -2 109 78 452 343
H I 1 -2 78 109 172 94
I R 0 4 109 140 172 63
R E 0 1 140 140 78 -62
E D -1 0 140 109 249 109
D Space -2 -1 109 110 109 0
Space S 2 2 110 78 1124 1014
S O 1 -7 78 109 93 15
O M -2 2 109 124 63 -46
M E 2 4 124 63 171 47
E O 0 -6 63 78 297 234
O N -2 3 78 94 171 93
N E 2 3 94 110 109 15
E Space -3 -1 110 78 141 31
Space W 3 2 78 93 1482 1404
W H -1 -4 93 125 62 -31
H O 1 -3 125 125 78 -47
O Space -3 5 125 156 141 16
Space LShiftKey 1 4 156 344 1294 1138
LShiftKey I 2 -8 344 93 188 -156
I Space -3 4 93 109 171 78
Space T 3 -1 109 93 219 110
T H -1 -1 93 78 109 16
H O 1 -3 78 109 140 62
O U 0 2 109 94 203 94
U G -1 2 94 109 733 639
G H 0 -1 109 93 94 -15
H T 1 1 93 94 93 0
T Space -3 1 94 94 125 31
Space W 3 2 94 78 1077 983
W A -1 1 78 171 156 78
A S 0 -1 171 109 109 -62
S Space -2 -2 109 78 140 31
Space A 2 3 78 93 94 16
A Space -2 -3 93 93 125 32
Space V 1 0 93 110 280 187
V E 2 1 110 78 188 78
E R 0 -1 78 125 171 93
R Y 0 -2 125 78 343 218
Y Space -3 2 78 109 141 63
Space T 3 -1 109 156 842 733
T A -1 4 156 141 109 -47
A L 0 -8 141 78 219 78
L E 1 6 78 94 187 109
E N -2 -3 94 78 187 93
N T 2 1 78 125 484 406
T E 0 2 125 110 93 -32
E D -1 0 110 94 203 93
D Space -2 -1 94 94 156 62
Space Left 0 -7 94 998 12231 12137
Left Right 0 -2 998 156 1404 406
Right Back 4 0 156 94 686 530
Back Oem5 -1 0 94 94 0 -94
Oem5 Back 1 0 94 171 1108 1014
Back Back 0 0 171 78 1154 983
Back Right -4 0 78 1014 515 437
Right T 3 8 1014 62 1872 858
T O 0 -4 62 78 62 0
O Space -3 5 78 125 94 16
Space R 3 0 125 63 499 374
R U 0 -3 63 47 78 15
U N -2 1 47 93 141 94
N Space -1 2 93 109 93 0
Space T 3 -1 109 94 4992 4883
T H -1 -1 94 78 109 15
H E 1 3 78 78 110 32
E Space -3 -1 78 78 109 31
Space C 1 1 78 93 359 281
C O 2 -6 93 78 109 16
O M -2 2 78 78 62 -16
M P 2 -3 78 94 156 78
P A -1 9 94 78 141 47
A N -1 -5 78 94 140 62
N Y 2 0 94 78 265 171
Y Space -3 2 78 109 5897 5819
Space W 3 2 109 78 390 281
W I 0 -6 78 78 125 47
I T 0 3 78 78 171 93
T H -1 -1 78 62 94 16
H Space -2 2 62 109 94 32
Space M 1 -3 109 63 327 218
M E 2 4 63 78 141 78
E Oemcomma -2 -5 78 78 639 561
Oemcomma Space -1 4 78 109 156 78
Space A 2 3 109 93 4072 3963
A N -1 -5 93 78 125 32
N D 1 3 78 78 109 31
D Space -2 -1 78 109 78 0
Space F 2 0 109 93 2262 2153
F O 1 -5 93 78 125 32
O R 0 5 78 93 78 0
R Space -3 0 93 63 124 31
Space T 3 -1 63 47 156 93
T H -1 -1 47 78 110 63
H E 1 3 78 47 124 46
E Space -3 -1 47 78 110 63
Space F 2 0 78 78 390 312
F I 1 -4 78 78 109 31
I R 0 4 78 78 125 47
R S -1 2 78 93 343 265
S T 1 -3 93 78 187 94
T Space -3 1 78 109 94 16
Space Y 3 -2 109 93 234 125
Y E 0 3 93 140 156 63
E A -1 2 140 110 124 -16
A R 1 -3 110 109 94 -16
R Space -3 0 109 110 140 31
Space O 3 -5 110 78 3230 3120
O R 0 5 78 62 78 0
R Space -3 0 62 94 93 31
Space S 2 2 94 94 187 93
S O 1 -7 94 78 156 62
O Space -3 5 78 141 78 0
Space T 3 -1 141 63 1716 1575
T H -1 -1 63 94 94 31
H I 1 -2 94 63 140 46
I N -2 2 63 94 94 31
N G 1 1 94 78 562 468
G S 0 3 78 78 124 46
S Space -2 -2 78 93 63 -15
Space W 3 2 93 78 4680 4587
W E 0 -1 78 78 203 125
E N -2 -3 78 109 109 31
N T 2 1 109 78 234 125
T Space -3 1 78 109 109 31
Space W 3 2 109 62 515 406
W E 0 -1 62 78 171 109
E L -1 -6 78 63 156 78
L L 0 0 63 63 125 62
L Space -2 5 63 110 109 46
Space OemPeriod 1 -5 110 78 2637 2527
OemPeriod Space -1 5 78 140 125 47
Space LShiftKey 1 4 140 374 156 16
LShiftKey B 0 -5 374 94 171 -203
B U 2 -2 94 78 390 296
U T 0 2 78 62 125 47
T Space -3 1 62 93 94 32
Space T 3 -1 93 63 982 889
T H -1 -1 63 78 94 31
H E 1 3 78 78 125 47
E N -2 -3 78 94 93 15
N Space -1 2 94 109 110 16
Space O 3 -5 109 78 2948 2839
O U 0 2 78 78 218 140
U R 0 3 78 78 312 234
R Space -3 0 78 78 125 47
Space V 1 0 78 78 1279 1201
V I 2 -4 78 63 156 78
I S -1 6 63 63 936 873
S I 1 -6 63 94 78 15
I O 0 -1 94 187 63 -31
O N -2 3 187 125 156 -31
N Space -1 2 125 141 140 15
Space O 3 -5 141 78 4306 4165
O F -1 5 78 78 93 15
F Space -2 0 78 78 94 16
Space T 3 -1 78 78 109 31
T H -1 -1 78 78 94 16
H E 1 3 78 94 93 15
E Space -3 -1 94 94 94 0
Space F 2 0 94 94 499 405
F U 1 -3 94 94 78 -16
U T 0 2 94 62 297 203
T U 0 -2 62 110 124 62
U R 0 3 110 124 266 156
R E 0 1 124 125 62 -62
E Space -3 -1 125 78 156 31
Space B 1 -1 78 93 1685 1607
B E 2 2 93 93 125 32
E G -1 -2 93 124 234 141
G A 0 4 124 141 93 -31
A N -1 -5 141 94 265 124
N Space -1 2 94 156 125 31
Space T 3 -1 156 125 234 78
T Space -3 1 125 141 2761 2636
Space Back 4 -9 141 109 375 234
Back Back 0 0 109 32 171 62
Back O -1 4 32 78 500 468
O Space -3 5 78 94 140 62
Space D 2 1 94 78 624 530
D I 1 -5 78 62 94 16
I V -2 4 62 62 265 203
V C 0 1 62 32 15 -47
C E 2 0 32 78 156 124
E R 0 -1 78 78 141 63
R G -1 -1 78 141 327 249
G E 1 2 141 141 78 -63
E Space -3 -1 141 109 1529 1388
Space A 2 3 109 93 172 63
A N -1 -5 93 78 109 16
N D 1 3 78 78 109 31
D Space -2 -1 78 93 94 16
Space E 3 1 93 78 296 203
E V -2 -1 78 78 219 141
V E 2 1 78 109 93 15
E N -2 -3 109 78 156 47
N T 2 1 78 78 312 234
T U 0 -2 78 78 125 47
U A -1 6 78 109 109 31
A L 0 -8 109 63 234 125
L L 0 0 63 78 125 62
L Y 1 3 78 62 125 47
Y Space -3 2 62 109 78 16
Space W 3 2 109 47 1388 1279
W E 0 -1 47 94 156 109
E Space -3 -1 94 78 125 31
Space H 2 -2 78 62 203 125
H G 0 1 62 47 0 -62
G A 0 4 47 94 31 -16
A Back 2 -12 94 63 920 826
Back Back 0 0 63 93 188 125
Back Back 0 0 93 78 265 172
Back H -2 7 78 78 936 858
H A 0 5 78 78 78 0
A D 0 -2 78 78 218 140
D Space -2 -1 78 78 109 31
Space A 2 3 78 62 94 16
A Space -2 -3 62 94 78 16
Space F 2 0 94 125 905 811
F A 0 3 125 125 62 -63
A L 0 -8 125 62 203 78
L L 0 0 62 78 109 47
L I 1 1 78 171 172 94
I N -2 2 171 109 109 -62
N G 1 1 109 78 94 -15
G Space -2 1 78 110 124 46
Space O 3 -5 110 78 1997 1887
O U 0 2 78 78 156 78
U T 0 2 78 78 187 109
T OemPeriod -2 -4 78 78 375 297
OemPeriod Space -1 5 78 109 6224 6146
Space LShiftKey 1 4 109 483 250 141
LShiftKey W 2 -2 483 109 359 -124
W E 0 -1 109 78 249 140
E Space -3 -1 78 125 109 31
Space Back 4 -9 125 63 1326 1201
Back Back 0 0 63 94 156 93
Back H -2 7 94 62 2949 2855
H E 1 3 62 94 140 78
E N -2 -3 94 78 109 15
N Space -1 2 78 94 94 16
Space W 3 2 94 62 437 343
W E 0 -1 62 78 171 109
E Space -3 -1 78 93 110 32
Space D 2 1 93 62 421 328
D I 1 -5 62 94 93 31
I E 0 5 94 16 94 0
E D -1 0 16 31 0 -16
D Oemcomma -1 -5 31 63 1466 1435
Oemcomma Space -1 4 63 109 125 62
Space O 3 -5 109 78 297 188
O U 0 2 78 78 405 327
U R 0 3 78 78 203 125
R Space -3 0 78 78 125 47
Space V 1 0 78 63 608 530
V B 0 -1 63 15 16 -47
B O 2 -4 15 78 78 63
O A -1 8 78 109 125 47
A R 1 -3 109 94 514 405
R D -1 1 94 94 203 109
D Space -2 -1 94 109 125 31
Space O 3 -5 109 62 983 874
O F -1 5 62 78 62 0
F Space -2 0 78 94 109 31
Space LShiftKey 1 4 94 421 125 31
LShiftKey D 1 -3 421 93 297 -124
D I 1 -5 93 62 187 94
I R 0 4 62 125 187 125
R E 0 1 125 94 109 -16
E C -2 0 94 78 297 203
C T 2 -2 78 78 343 265
T O 0 -4 78 94 140 62
O R 0 5 94 109 312 218
R S -1 2 109 109 219 110
S Space -2 -2 109 94 124 15
Space S 2 2 94 78 1482 1388
S I 1 -6 78 78 125 47
I D -1 5 78 62 172 94
D E 1 0 62 62 156 94
E D -1 0 62 78 140 78
D Space -2 -1 78 93 141 63
Space W 3 2 93 94 1450 1357
W I 0 -6 94 78 125 31
I T 0 3 78 78 109 31
T H -1 -1 78 78 125 47
H Space -2 2 78 125 94 16
Space H 2 -2 125 94 561 436
H I 1 -2 94 78 125 31
I M -2 1 78 94 187 109
M OemPeriod 0 -2 94 78 1155 1061
OemPeriod Space -1 5 78 78 156 78
Space LShiftKey 1 4 78 515 187 109
LShiftKey S 1 -2 515 203 265 -250
S O 1 -7 203 78 702 499
O Space -3 5 78 140 141 63
Space A 2 3 140 94 655 515
A T 1 -4 94 93 203 109
T Space -3 1 93 94 140 47
Space D3 4 1 94 78 889 795
D3 D0 0 -7 78 78 156 78
D0 Space -4 6 78 109 172 94
Space LShiftKey 1 4 109 266 452 343
LShiftKey I 2 -8 266 78 141 -125
I Space -3 4 78 94 171 93
Space W 3 2 94 109 125 31
W A -1 1 109 203 172 63
A S 0 -1 203 125 93 -110
S Space -2 -2 125 109 203 78
Space O 3 -5 109 125 967 858
O U 0 2 125 110 156 31
U T 0 2 110 109 219 109
T OemPeriod -2 -4 109 62 421 312
OemPeriod Space -1 5 62 125 140 78
Space LShiftKey 1 4 125 421 609 484
LShiftKey A 1 -1 421 109 265 -156
A N -1 -5 109 78 624 515
N D 1 3 78 94 78 0
D Space -2 -1 94 109 109 15
Space V 1 0 109 78 811 702
V E 2 1 78 109 141 63
E R 0 -1 109 93 312 203
R Y 0 -2 93 93 312 219
Y Space -3 2 93 156 140 47
Space P 3 -6 156 94 858 702
P U 0 3 94 78 343 249
U B -2 2 78 78 375 297
B L 1 -4 78 94 327 249
L I 1 1 94 109 94 0
I C -2 5 109 125 281 172
C L 1 -6 125 78 2028 1903
L Y 1 3 78 78 78 0
Y Space -3 2 78 109 109 31
Space O 3 -5 109 94 1903 1794
O U 0 2 94 109 156 62
U T 0 2 109 109 219 110
T OemPeriod -2 -4 109 62 842 733
OemPeriod Space -1 5 62 109 109 47
Space LShiftKey 1 4 109 546 281 172
LShiftKey W 2 -2 546 93 484 -62
W H -1 -4 93 94 140 47
H A 0 5 94 78 94 0
A T 1 -4 78 78 156 78
T Space -3 1 78 93 109 31
Space H 2 -2 93 78 1170 1077
H A 0 5 78 63 93 15
A D 0 -2 63 109 188 125
D Space -2 -1 109 78 124 15
Space B 1 -1 78 78 203 125
B E 2 2 78 78 125 47
E E 0 0 78 78 156 78
E N -2 -3 78 78 140 62
N Space -1 2 78 125 250 172
Space T 3 -1 125 78 484 359
T H -1 -1 78 78 109 31
H E 1 3 78 78 93 15
E Space -3 -1 78 78 110 32
Space F 2 0 78 63 327 249
F O 1 -5 63 109 125 62
O C -2 6 109 93 593 484
C U 2 -4 93 78 93 0
U S -1 5 78 63 125 47
S Space -2 -2 63 63 109 46
Space O 3 -5 63 78 1155 1092
O F -1 5 78 78 93 15
F Space -2 0 78 94 94 16
Space M 1 -3 94 94 187 93
M Y 2 1 94 93 297 203
Y Space -3 2 93 125 140 47
Space E 3 1 125 78 406 281
E N -2 -3 78 78 109 31
N T 2 1 78 78 187 109
T I 0 -3 78 94 156 78
I R 0 4 94 187 156 62
R E 0 1 187 125 125 -62
E Space -3 -1 125 93 156 31
Space A 2 3 93 94 1575 1482
A D 0 -2 94 78 266 172
D U 1 -4 78 93 187 109
U L -1 -2 93 78 1185 1092
L T 1 4 78 78 94 16
T Space -3 1 78 94 109 31
Space L 2 -5 94 78 889 795
L I 1 1 78 125 156 78
I F -1 4 125 125 375 250
F E 1 1 125 125 93 -32
E Space -3 -1 125 109 125 0
Space W 3 2 109 93 1077 968
W A -1 1 93 156 202 109
A S 0 -1 156 141 125 -31
S Space -2 -2 141 125 187 46
Space G 2 -1 125 78 1436 1311
G O 1 -4 78 62 140 62
O N -2 3 62 125 156 94
N E 2 3 125 109 203 78
E Oemcomma -2 -5 109 62 827 718
Oemcomma Space -1 4 62 109 109 47
Space A 2 3 109 109 203 94
A N -1 -5 109 78 156 47
N D 1 3 78 109 109 31
D Space -2 -1 109 78 140 31
Space I 3 -4 78 78 1326 1248
I T 0 3 78 62 125 47
T Space -3 1 62 109 78 16
Space W 3 2 109 94 234 125
W A -1 1 94 140 172 78
A S 0 -1 140 125 62 -78
S Space -2 -2 125 110 218 93
Space D 2 1 110 94 3167 3057
D E 1 0 94 109 219 125
E V -2 -1 109 78 1170 1061
V A 1 3 78 93 187 109
A S 0 -1 93 94 171 78
S T 1 -3 94 63 468 374
T A -1 4 63 93 219 156
A T 1 -4 93 78 827 734
T I 0 -3 78 140 156 78
I N -2 2 140 125 109 -31
N G 1 1 125 93 156 31
G OemPeriod -1 -4 93 78 998 905
OemPeriod Return 1 -3 78 78 297 219
Return LShiftKey -1 12 78 359 22682 22604
LShiftKey I 2 -8 359 78 250 -109
I Space -3 4 78 78 171 93
Space R 3 0 78 109 156 78
R E 0 1 109 125 78 -31
E A -1 2 125 93 250 125
A L 0 -8 93 62 624 531
L L 0 0 62 78 140 78
L Y 1 3 78 62 141 63
Y Space -3 2 62 93 78 16
Space D 2 1 93 62 374 281
D I 1 -5 62 78 78 16
I D -1 5 78 62 78 0
D N -1 -3 62 78 1232 1170
N Oem7 1 -5 78 78 656 578
Oem7 T 1 6 78 78 109 31
T Space -3 1 78 78 93 15
Space K 2 -4 78 78 375 297
K N -1 2 78 78 125 47
N O 2 -3 78 78 156 78
O W 0 7 78 78 156 78
W Space -3 -2 78 62 109 31
Space W 3 2 62 125 1014 952
W H -1 -4 125 78 109 -16
H A 0 5 78 78 94 16
A Capital 0 1 78 16 15 -63
Capital Capital 0 0 16 109 1794 1778
Capital T 1 -5 109 78 2699 2590
T Space -3 1 78 125 187 109
Space O 3 -5 125 62 437 312
O T 0 4 62 47 109 47
T Space -3 1 47 94 47 0
Space D 2 1 94 78 484 390
D O 1 -6 78 78 109 31
O Space -3 5 78 140 47 -31
Space F 2 0 140 94 5475 5335
F O 1 -5 94 94 109 15
O R 0 5 94 78 94 0
R Space -3 0 78 63 109 31
Space A 2 3 63 78 63 0
A Space -2 -3 78 93 109 31
Space F 2 0 93 109 218 125
F E 1 1 109 156 141 32
E W 0 1 156 109 234 78
W Space -3 -2 109 141 124 15
Space M 1 -3 141 78 780 639
M O 2 -2 78 93 141 63
O N -2 3 93 78 421 328
N T 2 1 78 62 328 250
T H -1 -1 62 78 78 16
H S 0 4 78 78 202 124
S Space -2 -2 78 94 125 47
Space Back 4 -9 94 94 468 374
Back Oemcomma -3 5 94 47 328 234
Oemcomma Back 3 -5 47 62 1950 1903
Back OemPeriod -3 4 62 141 249 187
OemPeriod Space -1 5 141 94 156 15
Space LShiftKey 1 4 94 312 125 31
LShiftKey I 2 -8 312 62 203 -109
I Space -3 4 62 93 172 110
Space F 2 0 93 140 296 203
F E 1 1 140 124 94 -46
E L -1 -6 124 94 2277 2153
L T 1 4 94 78 234 140
T Space -3 1 78 125 172 94
Space LShiftKey 1 4 125 453 530 405
LShiftKey I 2 -8 453 93 297 -156
I Space -3 4 93 109 187 94
Space H 2 -2 109 78 967 858
H A 0 5 78 78 94 16
A D 0 -2 78 93 187 109
D Space -2 -1 93 94 171 78
Space L 2 -5 94 93 2294 2200
L E 1 6 93 93 109 16
E T 0 -2 93 78 171 78
T Space -3 1 78 125 156 78
Space T 3 -1 125 78 562 437
T H -1 -1 78 62 78 0
H E 1 3 62 78 125 63
E Space -3 -1 78 94 93 15
Space P 3 -6 94 63 624 530
P R 0 6 63 109 141 78
R E 0 1 109 78 156 47
E V -2 -1 78 78 452 374
V I 2 -4 78 93 172 94
I O 0 -1 93 78 171 78
O U 0 2 78 94 156 78
U S -1 5 94 62 141 47
S Space -2 -2 62 78 93 31
Space G 2 -1 78 63 1295 1217
G E 1 2 63 62 141 78
E N -2 -3 62 78 124 62
N B 0 1 78 63 0 -78
B E 2 2 63 93 110 47
E R 0 -1 93 109 218 125
R A -1 3 109 110 140 31
A T 1 -4 110 93 297 187
T I 0 -3 93 141 93 0
I O 0 -1 141 187 125 -16
O N -2 3 187 110 109 -78
N Space -1 2 110 109 110 0
Space O 3 -5 109 78 1513 1404
O F -1 5 78 78 93 15
F Space -2 0 78 93 110 32
Space E 3 1 93 94 358 265
E N -2 -3 94 78 125 31
N T 2 1 78 94 281 203
T E 0 2 94 125 140 46
E R 0 -1 125 94 125 0
R P 0 -6 94 93 1810 1716
P R 0 6 93 109 156 63
R E 0 1 109 125 171 62
E N -2 -3 125 63 2122 1997
N E 2 3 63 125 234 171
E U 0 -4 125 78 343 218
U R 0 3 78 187 2637 2559
R S -1 2 187 156 187 0
S Space -2 -2 156 141 265 109
Space D 2 1 141 94 2340 2199
D E 1 0 94 47 16 -78
E O 0 -6 47 94 109 62
O W 0 7 94 93 359 265
W N -2 -4 93 62 109 16
N Left -1 -5 62 62 11154 11092
Left Left 0 0 62 78 156 94
Left Left 0 0 78 109 156 78
Left Left 0 0 109 93 203 94
Left Right 0 -2 93 124 359 266
Right Back 4 0 124 93 624 500
Back Right -4 0 93 31 577 484
Right Right 0 0 31 78 125 94
Right Right 0 0 78 62 156 78
Right Right 0 0 62 78 140 78
Right Oemcomma 1 5 78 94 1123 1045
Oemcomma Space -1 4 94 109 125 31
Space T 3 -1 109 63 343 234
T H -1 -1 63 78 63 0
H A 0 5 78 125 124 46
A T 1 -4 125 78 110 -15
T Space -3 1 78 94 140 62
Space Back 4 -9 94 78 1326 1232
Back Back 0 0 78 62 172 94
Back Back 0 0 62 62 140 78
Back Back 0 0 62 63 140 78
Back Back 0 0 63 62 141 78
Back Back 0 0 62 62 125 63
Back Back 0 0 62 78 343 281
Back Space -4 9 78 109 811 733
Space OemMinus 4 -7 109 78 78 -31
OemMinus Space -4 7 78 125 109 31
Space T 3 -1 125 62 375 250
T H -1 -1 62 78 78 16
H A 0 5 78 94 93 15
A T 1 -4 94 94 78 -16
T Space -3 1 94 94 125 31
Space I 3 -4 94 78 172 78
I Space -3 4 78 94 171 93
Space H 2 -2 94 78 281 187
H A 0 5 78 94 109 31
A D 0 -2 94 78 437 343
D Space -2 -1 78 109 125 47
Space D 2 1 109 93 1451 1342
D R 1 -1 93 63 249 156
R O 0 -5 63 94 156 93
O P 0 -1 94 63 187 93
P P 0 0 63 78 141 78
P E 0 7 78 78 109 31
E D -1 0 78 78 172 94
D Space -2 -1 78 94 124 46
Space T 3 -1 94 63 1326 1232
T H -1 -1 63 94 78 15
H E 1 3 94 94 172 78
E Space -3 -1 94 110 140 46
Space B 1 -1 110 62 500 390
B A 1 4 62 109 109 47
A T 1 -4 109 109 218 109
T O 0 -4 109 125 1123 1014
O N -2 3 125 156 78 -47
N Space -1 2 156 141 125 -31
Space A 2 3 141 140 1389 1248
A S 0 -1 140 125 124 -16
S Space -2 -2 125 109 125 0
Space I 3 -4 109 63 1014 905
I T 0 3 63 94 125 62
T Space -3 1 94 94 78 -16
Space W 3 2 94 125 203 109
W A -1 1 125 188 93 -32
A S 0 -1 188 94 156 -32
S Space -2 -2 94 109 141 47
Space B 1 -1 109 62 936 827
B E 2 2 62 110 171 109
E I 0 -5 110 156 141 31
I N -2 2 156 156 109 -47
N G 1 1 156 78 203 47
G Space -2 1 78 110 93 15
Space P 3 -6 110 78 359 249
P A -1 9 78 109 94 16
A S 0 -1 109 63 218 109
S S 0 0 63 78 156 93
S E 1 -1 78 16 187 109
E D -1 0 16 125 172 156
D Space -2 -1 125 124 172 47
Space T 3 -1 124 78 780 656
T O 0 -4 78 78 93 15
O Space -3 5 78 125 78 0
Space M 1 -3 125 94 109 -16
M E 2 4 94 109 125 31
E OemPeriod -2 -6 109 78 406 297
OemPeriod Space -1 5 78 109 156 78
Space LShiftKey 1 4 109 421 421 312
LShiftKey I 2 -8 421 78 359 -62
I Space -3 4 78 171 156 78
Space M 1 -3 171 109 156 -15
M E 2 4 109 125 140 31
E T 0 -2 125 94 187 62
T Space -3 1 94 94 125 31
Space W 3 2 94 94 1014 920
W I 0 -6 94 78 125 31
I T 0 3 78 109 94 16
T H -1 -1 109 78 124 15
H Space -2 2 78 93 63 -15
Space LShiftKey 1 4 93 359 577 484
LShiftKey D 1 -3 359 109 234 -125
D A 0 2 109 125 187 78
A V -1 -3 125 109 468 343
V I 2 -4 109 78 109 0
I D -1 5 78 93 188 110
D Space -2 -1 93 110 124 31
Space LShiftKey 1 4 110 265 1155 1045
LShiftKey P 2 -10 265 78 171 -94
P A -1 9 78 109 203 125
A C -1 -2 109 78 1123 1014
C K 1 -5 78 78 172 94
K A 0 7 78 78 172 94
A R 1 -3 78 78 499 421
R D -1 1 78 93 203 125
D Space -2 -1 93 62 577 484
Space A 2 3 62 94 249 187
A N -1 -5 94 93 110 16
N D 1 3 93 62 109 16
D Space -2 -1 62 109 78 16
Space LShiftKey 1 4 109 530 125 16
LShiftKey B 0 -5 530 93 421 -109
B O 2 -4 93 62 234 141
O B -2 4 62 94 140 78
B Space -1 1 94 110 811 717
Space LShiftKey 1 4 110 405 188 78
LShiftKey N 0 -6 405 93 187 -218
N O 2 -3 93 109 2215 2122
O Y 0 3 109 94 374 265
Y C -2 3 94 140 453 359
C E 2 0 140 140 78 -62
E Space -3 -1 140 93 936 796
Space A 2 3 93 94 218 125
A N -1 -5 94 78 78 -16
N D 1 3 78 109 172 94
D Space -2 -1 109 141 140 31
Space T 3 -1 141 93 219 78
T R 0 1 93 94 202 109
R I 0 -4 94 78 266 172
I E 0 5 78 62 218 140
E D -1 0 62 78 218 156
D Space -2 -1 78 109 110 32
Space T 3 -1 109 94 1388 1279
T O 0 -4 94 78 78 -16
O Space -3 5 78 124 94 16
Space A 2 3 124 78 390 266
A P 1 -9 78 78 124 46
P O 0 1 78 78 203 125
O L -1 0 78 78 187 109
L O 1 0 78 93 141 63
O G -1 4 93 62 390 297
G I 1 -3 62 94 109 47
I S -1 6 94 78 359 265
S E 1 -1 78 94 187 109
E Back 1 -10 94 94 1154 1060
Back Back 0 0 94 109 656 562
Back Z -3 12 109 125 187 78
Z E 2 -2 125 94 842 717
E Space -3 -1 94 109 125 31
Space F 2 0 109 78 1326 1217
F O 1 -5 78 78 94 16
O R 0 5 78 47 109 31
R Space -3 0 47 78 78 31
Space S 2 2 78 94 452 374
S C -1 -1 94 94 234 140
C R 2 -1 94 125 250 156
R E 0 1 125 94 93 -32
E W 0 1 94 93 609 515
W I 0 -6 93 125 140 47
I N -2 2 125 125 78 -47
N G 1 1 125 62 141 16
G Space -2 1 62 94 124 62
Space U 3 -3 94 140 609 515
U P 0 -3 140 172 109 -31
P Space -3 6 172 125 187 15
Space S 2 2 125 109 6724 6599
S O 1 -7 109 78 62 -47
O Space -3 5 78 156 109 31
Space B 1 -1 156 78 312 156
B A 1 4 78 94 125 47
A D 0 -2 94 94 281 187
D L 0 -6 94 93 172 78
L Y 1 3 93 78 249 156
Y OemPeriod -2 -3 78 78 1420 1342
OemPeriod Space -1 5 78 94 109 31
Space LShiftKey 1 4 94 156 187 93
LShiftKey I 2 -8 156 78 63 -93
I Space -3 4 78 125 124 46
Space W 3 2 125 125 141 16
W A -1 1 125 156 156 31
A S 0 -1 156 125 93 -63
S Space -2 -2 125 125 141 16
Space A 2 3 125 93 1841 1716
A Space -2 -3 93 140 109 16
Space V 1 0 140 94 296 156
V E 2 1 94 94 125 31
E R 0 -1 94 78 608 514
R Y 0 -2 78 94 94 16
Y Space -3 2 94 125 125 31
Space P 3 -6 125 94 577 452
P U 0 3 94 78 218 124
U B -2 2 78 62 656 578
B L 1 -4 62 125 109 47
L I 1 1 125 140 109 -16
I C -2 5 140 78 312 172
C Space -1 -1 78 109 109 31
Space F 2 0 109 124 1233 1124
F A 0 3 124 124 78 -46
A L 0 -8 124 78 218 94
L I 1 1 78 78 187 109
I U 0 1 78 62 359 281
U R 0 3 62 172 390 328
R E 0 1 172 109 125 -47
E Oemcomma -2 -5 109 78 1529 1420
Oemcomma Space -1 4 78 94 124 46
Space A 2 3 94 110 156 62
A N -1 -5 110 93 110 0
N D 1 3 93 78 140 47
D Space -2 -1 78 125 62 -16
Space LShiftKey 1 4 125 281 936 811
LShiftKey I 2 -8 281 109 141 -140
I Space -3 4 109 140 156 47
Space E 3 1 140 62 1092 952
E V -2 -1 62 78 78 16
V E 2 1 78 94 93 15
E N -2 -3 94 125 125 31
N Space -1 2 125 125 109 -16
Space T 3 -1 125 78 422 297
T H -1 -1 78 78 78 0
H O 1 -3 78 78 171 93
O U 0 2 78 78 203 125
U G -1 2 78 94 499 421
G H 0 -1 94 78 78 -16
H Space -2 2 78 94 281 203
Space Back 4 -9 94 62 624 530
Back T -1 8 62 94 78 16
T Space -3 1 94 78 156 62
Space A 2 3 78 94 1778 1700
A B -1 -4 94 94 94 0
B O 2 -4 94 172 156 62
O U 0 2 172 156 125 -47
U T 0 2 156 78 171 15
T Space -3 1 78 93 110 32
Space R 3 0 93 78 670 577
R U 0 -3 78 62 141 63
U N -2 1 62 62 203 141
N I 2 -2 62 187 187 125
I N -2 2 187 141 140 -47
N Back 3 -7 141 109 671 530
Back Back 0 0 109 140 484 375
Back N -3 7 140 78 592 452
N I 2 -2 78 141 156 78
I N -2 2 141 109 110 -31
N G 1 1 109 62 234 125
G Space -2 1 62 78 124 62
Space A 2 3 78 109 1124 1046
A W 1 -1 109 141 202 93
W A -1 1 141 140 172 31
A Y 1 -5 140 93 281 141
Y Space -3 2 93 140 156 63
Space F 2 0 140 140 1685 1545
F R 1 0 140 156 78 -62
R O 0 -5 156 140 156 0
O M -2 2 140 125 93 -47
M Space -1 3 125 109 78 -47
Space T 3 -1 109 109 156 47
T H -1 -1 109 78 125 16
H E 1 3 78 78 94 16
E Space -3 -1 78 94 93 15
Space V 1 0 94 94 281 187
V A 1 3 94 125 109 15
A L 0 -8 125 78 187 62
L L 0 0 78 94 156 78
L E 1 6 94 140 1108 1014
E Y 0 -3 140 78 125 -15
Y OemPeriod -2 -3 78 62 1794 1716
OemPeriod Space -1 5 62 109 109 47
Space LShiftKey 1 4 109 218 172 63
LShiftKey B 0 -5 218 78 125 -93
B U 2 -2 78 93 109 31
U T 0 2 93 94 140 47
T Space -3 1 94 156 94 0
Space S 2 2 156 125 1170 1014
S O 1 -7 125 94 296 171
O M -2 2 94 94 187 93
M E 2 4 94 78 234 140
E T 0 -2 78 78 266 188
T H -1 -1 78 94 124 46
H I 1 -2 94 203 78 -16
I N -2 2 203 110 156 -47
N G 1 1 110 78 125 15
G Space -2 1 78 109 141 63
Space S 2 2 109 78 1216 1107
S L 0 -7 78 62 110 32
L O 1 0 62 78 140 78
O W 0 7 78 78 203 125
W L -1 -7 78 93 281 203
L Y 1 3 93 109 312 219
Y Space -3 2 109 125 218 109
Space B 1 -1 125 78 1123 998
B E 2 2 78 62 172 94
E G -1 -2 62 141 171 109
G A 0 4 141 140 94 -47
A N -1 -5 140 94 187 47
N T 2 1 94 94 905 811
T O 0 -4 94 62 94 0
O Space -3 5 62 109 109 47
Space D 2 1 109 156 515 406
D A 0 2 156 156 109 -47
A W 1 -1 156 94 1341 1185
W N -2 -4 94 78 78 -16
N Space -1 2 78 141 125 47
Space O 3 -5 141 78 1123 982
O I 0 1 78 47 16 -62
I Back 1 -5 47 78 1170 1123
Back M -3 6 78 78 889 811
M Space -1 3 78 156 125 47
Space Back 4 -9 156 93 562 406
Back Back 0 0 93 94 608 515
Back N -3 7 94 78 686 592
N Space -1 2 78 125 156 78
Space M 1 -3 125 109 110 -15
M E 2 4 109 109 156 47
E Space -3 -1 109 140 1388 1279
Space OemMinus 4 -7 140 63 187 47
OemMinus Space -4 7 63 109 125 62
Space LShiftKey 1 4 109 250 265 156
LShiftKey I 2 -8 250 63 156 -94
I Space -3 4 63 93 141 78
Space S 2 2 93 94 280 187
S T 1 -3 94 78 234 140
T I 0 -3 78 62 172 94
I L -1 -1 62 78 140 78
L L 0 0 78 63 125 47
L Space -2 5 63 140 125 62
Space L 2 -5 140 78 1295 1155
L O 1 0 78 62 156 78
O V -2 5 62 78 265 203
V E 2 1 78 94 109 31
E D -1 0 94 94 203 109
D Space -2 -1 94 93 125 31
Space W 3 2 93 141 1232 1139
W H -1 -4 141 93 94 -47
H A 0 5 93 93 125 32
A T 1 -4 93 94 171 78
T Space -3 1 94 125 125 31
Space LShiftKey 1 4 125 453 296 171
LShiftKey I 2 -8 453 62 344 -109
I Space -3 4 62 78 156 94
Space D 2 1 78 63 358 280
D I 1 -5 63 78 78 15
I D -1 5 78 62 110 32
D OemPeriod -1 -6 62 63 904 842
OemPeriod Space -1 5 63 140 110 47
Space LShiftKey 1 4 140 655 265 125
LShiftKey T 2 -5 655 93 593 -62
T H -1 -1 93 78 109 16
H E 1 3 78 109 109 31
E Space -3 -1 109 140 94 -15
Space T 3 -1 140 94 764 624
T U 0 -2 94 62 94 0
U R 0 3 62 109 234 172
R N -2 -2 109 78 140 31
N Space -1 2 78 109 125 47
Space O 3 -5 109 78 795 686
O F -1 5 78 78 94 16
F Space -2 0 78 109 94 16
Space E 3 1 109 78 499 390
E V -2 -1 78 63 93 15
V E 2 1 63 109 94 31
E N -2 -3 109 78 109 0
N T 2 1 78 125 109 31
T S -1 3 125 109 203 78
S Space -2 -2 109 110 187 78
Space A 2 3 110 109 874 764
A T 1 -4 109 109 187 78
T Space -3 1 109 94 125 16
Space LShiftKey 1 4 94 405 437 343
LShiftKey A 1 -1 405 109 234 -171
A P 1 -9 109 62 234 125
P P 0 0 62 62 156 94
P L -1 1 62 141 140 78
L E 1 6 141 125 811 670
E Space -3 -1 125 109 827 702
Space H 2 -2 109 109 250 141
H A 0 5 109 125 93 -16
A D 0 -2 125 110 234 109
D Space -2 -1 110 94 125 15
Space N 1 -2 94 110 733 639
N O 2 -3 110 141 125 15
O T 0 4 141 78 187 46
T Space -3 1 78 94 125 47
Space C 1 1 94 125 203 109
C H 1 -3 125 78 125 0
H A 0 5 78 93 78 0
A N -1 -5 93 94 452 359
N G 1 1 94 156 343 249
G E 1 2 156 188 78 -78
E D -1 0 188 110 468 280
D Space -2 -1 110 125 141 31
Space T 3 -1 125 78 842 717
T H -1 -1 78 78 109 31
H A 0 5 78 94 78 0
A T 1 -4 94 78 110 16
T Space -3 1 78 94 93 15
Space O 3 -5 94 78 1841 1747
O N -2 3 78 94 156 78
N E 2 3 94 63 1076 982
E Space -3 -1 63 94 125 62
Space B 1 -1 94 93 562 468
B I 2 -3 93 140 78 -15
I T 0 3 140 78 156 16
T OemPeriod -2 -4 78 78 530 452
OemPeriod Space -1 5 78 109 125 47
Space LShiftKey 1 4 109 234 172 63
LShiftKey I 2 -8 234 93 109 -125
I Space -3 4 93 140 109 16
Space H 2 -2 140 93 203 63
H A 0 5 93 109 109 16
A D 0 -2 109 109 234 125
D Space -2 -1 109 78 156 47
Space B 1 -1 78 78 1014 936
B E 2 2 78 62 125 47
E E 0 0 62 78 156 94
E N -2 -3 78 140 109 31
N Space -1 2 140 125 125 -15
Space R 3 0 125 125 218 93
R E 0 1 125 94 109 -16
E J -1 -4 94 78 702 608
J E 1 4 78 94 125 47
E C -2 0 94 110 265 171
C T 2 -2 110 109 250 140
T E 0 2 109 78 234 125
E D -1 0 78 94 187 109
D Space -2 -1 94 109 156 62
Space Back 4 -9 109 94 1373 1264
Back Oemcomma -3 5 94 63 421 327
Oemcomma Space -1 4 63 140 94 31
Space B 1 -1 140 78 218 78
B U 2 -2 78 109 141 63
U T 0 2 109 78 234 125
T Space -3 1 78 94 140 62
Space LShiftKey 1 4 94 265 390 296
LShiftKey I 2 -8 265 78 172 -93
I Space -3 4 78 125 187 109
Space W 3 2 125 78 795 670
W A -1 1 78 171 188 110
A S 0 -1 171 125 124 -47
S Space -2 -2 125 94 172 47
Space S 2 2 94 78 281 187
S T 1 -3 78 78 265 187
T I 0 -3 78 63 140 62
I L -1 -1 63 78 156 93
L L 0 0 78 78 141 63
L Space -2 5 78 140 109 31
Space I 3 -4 140 188 296 156
I N -2 2 188 140 141 -47
N Space -1 2 140 63 140 0
Space L 2 -5 63 62 203 140
L O 1 0 62 78 140 78
O V -2 5 78 78 1826 1748
V E 2 1 78 110 124 46
E Space -3 -1 110 109 94 -16
Space OemPeriod 1 -5 109 78 3198 3089
OemPeriod Space -1 5 78 109 109 31
Space LShiftKey 1 4 109 515 172 63
LShiftKey A 1 -1 515 109 374 -141
A N -1 -5 109 78 250 141
N D 1 3 78 94 93 15
D Space -2 -1 94 94 125 31
Space S 2 2 94 109 172 78
S O 1 -7 109 78 125 16
O Space -3 5 78 109 109 31
Space LShiftKey 1 4 109 234 187 78
LShiftKey I 2 -8 234 78 109 -125
I Space -3 4 78 78 156 78
Space D 2 1 78 78 141 63
D E 1 0 78 94 171 93
E C -2 0 94 62 531 437
C I 2 -5 62 78 124 62
I D -1 5 78 78 219 141
D E 1 0 78 78 156 78
E D -1 0 78 93 156 78
D Space -2 -1 93 109 140 47
Space T 3 -1 109 78 811 702
T O 0 -4 78 78 94 16
O Space -3 5 78 109 109 31
Space S 2 2 109 93 484 375
S T 1 -3 93 78 218 125
T A -1 4 78 125 47 -31
A R 1 -3 125 94 265 140
R T 0 -1 94 78 187 93
T Space -3 1 78 109 141 63
Space O 3 -5 109 93 312 203
O V -2 5 93 156 140 47
V E 2 1 156 266 265 109
E W 0 1 266 109 16 -250
W Back 1 -11 109 78 811 702
Back R -1 9 78 141 1435 1357
R OemPeriod -2 -5 141 94 936 795
OemPeriod Return 1 -3 94 47 375 281
Return Return 0 0 47 78 140 93
Return I 1 4 78 62 3105 3027
I Space -3 4 62 78 156 94
Space D 2 1 78 47 686 608
D I 1 -5 47 63 109 62
I D -1 5 63 62 47 -16
D N -1 -3 62 78 203 141
N Oem7 1 -5 78 78 858 780
Oem7 T 1 6 78 78 78 0
T Space -3 1 78 109 125 47
Space S 2 2 109 93 265 156
S E 1 -1 93 63 218 125
E E 0 0 63 94 156 93
E Space -3 -1 94 109 765 671
Space I 3 -4 109 78 249 140
I T 0 3 78 78 94 16
T Space -3 1 78 78 93 15
Space T 3 -1 78 62 297 219
T H -1 -1 62 63 93 31
H E 1 3 63 93 110 47
E N -2 -3 93 78 202 109
N Oemcomma 0 -2 78 78 858 780
Oemcomma Space -1 4 78 140 141 63
Space B 1 -1 140 124 281 141
B U 2 -2 124 78 140 16
U T 0 2 78 78 140 62
T Space -3 1 78 94 125 47
Space I 3 -4 94 62 1030 936
I T 0 3 62 62 109 47
T Space -3 1 62 110 62 0
Space T 3 -1 110 47 219 109
T U 0 -2 47 78 125 78
U R 0 3 78 94 249 171
R N -2 -2 94 62 250 156
N E 2 3 62 78 93 31
E D -1 0 78 94 203 125
D Space -2 -1 94 109 125 31
Space O 3 -5 109 109 811 702
O U 0 2 109 109 125 16
U T 0 2 109 62 156 47
T Space -3 1 62 78 109 47
Space T 3 -1 78 62 141 63
T H -1 -1 62 78 93 31
H A 0 5 78 140 250 172
A T 1 -4 140 63 530 390
T Space -3 1 63 93 94 31
Space G 2 -1 93 47 343 250
G E 1 2 47 94 156 109
E T 0 -2 94 47 203 109
T T 0 0 47 62 156 109
T I 0 -3 62 125 109 47
I N -2 2 125 109 94 -31
N G 1 1 109 78 93 -16
G Space -2 1 78 109 125 47
Space F 2 0 109 94 1170 1061
F I 1 -4 94 62 250 156
I R 0 4 62 156 171 109
R E 0 1 156 110 109 -47
E D -1 0 110 109 219 109
D Space -2 -1 109 78 140 31
Space F 2 0 78 141 312 234
F R 1 0 141 125 203 62
R O 0 -5 125 156 140 15
O M -2 2 156 109 125 -31
M Space -1 3 109 156 109 0
Space LShiftKey 1 4 156 452 1202 1046
LShiftKey A 1 -1 452 93 312 -140
A P 1 -9 93 62 296 203
P P 0 0 62 63 140 78
P L -1 1 63 109 141 78
L R 1 5 109 78 171 62
R Back 1 -9 78 62 375 297
Back E -1 10 62 78 93 31
E Space -3 -1 78 78 141 63
Space W 3 2 78 78 593 515
W A -1 1 78 187 156 78
A S 0 -1 187 125 124 -63
S Space -2 -2 125 109 110 -15
Space T 3 -1 109 93 187 78
T H -1 -1 93 78 109 16
H E 1 3 78 94 140 62
E Space -3 -1 94 109 125 31
Space B 1 -1 109 78 437 328
B E 2 2 78 93 125 47
E S -1 1 93 110 405 312
S T 1 -3 110 78 203 93
T Space -3 1 78 125 109 31
Space T 3 -1 125 62 172 47
T H -1 -1 62 94 109 47
H I 1 -2 94 94 156 62
I N -2 2 94 93 172 78
N G 1 1 93 93 312 219
G Space -2 1 93 78 109 16
Space T 3 -1 78 63 343 265
T H -1 -1 63 78 94 31
H A 0 5 78 110 93 15
A T 1 -4 110 78 110 0
T Space -3 1 78 109 140 62
Space E 3 1 109 62 640 531
E V -2 -1 62 78 93 31
V E 2 1 78 109 63 -15
E R 0 -1 109 93 156 47
R Space -3 0 93 93 109 16
Space H 2 -2 93 78 343 250
H A 0 5 78 93 94 16
A P 1 -9 93 78 171 78
P P 0 0 78 78 141 63
P E 0 7 78 78 109 31
E N -2 -3 78 109 125 47
N E 2 3 109 78 93 -16
E D -1 0 78 109 203 125
D Space -2 -1 109 94 187 78
Space T 3 -1 94 94 2309 2215
T O 0 -4 94 78 94 0
O Space -3 5 78 125 124 46
Space N 1 -2 125 47 281 156
N M 0 -1 47 31 16 -31
M E 2 4 31 110 93 62
E Back 1 -10 110 78 1139 1029
Back Back 0 0 78 78 156 78
Back Back 0 0 78 109 156 78
Back M -3 6 109 94 827 718
M E 2 4 94 125 109 15
E OemPeriod -2 -6 125 78 250 125
OemPeriod Space -1 5 78 140 156 78
Space LShiftKey 1 4 140 234 2917 2777
LShiftKey T 2 -5 234 94 156 -78
T H -1 -1 94 78 109 15
H E 1 3 78 78 125 47
E Space -3 -1 78 109 94 16
Space H 2 -2 109 78 358 249
H E 1 3 78 125 78 0
E A -1 2 125 125 141 16
A V -1 -3 125 93 312 187
V I 2 -4 93 78 78 -15
I E 0 5 78 94 171 93
E S -1 1 94 156 266 172
S T 1 -3 156 110 202 46
T Space -3 1 110 125 125 15
Space Back 4 -9 125 78 1264 1139
Back Back 0 0 78 94 171 93
Back Back 0 0 94 78 578 484
Back S -2 11 78 63 1653 1575
S S 0 0 63 78 172 109
S Space -2 -2 78 124 2590 2512
Space O 3 -5 124 78 483 359
O F -1 5 78 93 94 16
F Space -2 0 93 109 78 -15
Space B 1 -1 109 94 218 109
B E 2 2 94 93 141 47
E I 0 -5 93 78 202 109
I N -2 2 78 78 422 344
N G 1 1 78 78 93 15
G Space -2 1 78 109 94 16
Space S 2 2 109 94 421 312
S U 1 -5 94 94 62 -32
U C -2 4 94 46 266 172
C C 0 0 46 78 140 94
C E 2 0 78 109 156 78
E S -1 1 109 62 234 125
S S 0 0 62 109 156 94
S F 0 -2 109 63 655 546
F U 1 -3 63 78 125 62
U L -1 -2 78 62 1217 1139
L Space -2 5 62 125 78 16
Space W 3 2 125 110 249 124
W A -1 1 110 172 78 -32
A S 0 -1 172 94 749 577
S Space -2 -2 94 94 125 31
Space R 3 0 94 140 484 390
R E 0 1 140 141 93 -47
E P 0 -7 141 78 234 93
P L -1 1 78 78 172 94
L A 0 8 78 125 109 31
A C -1 -2 125 125 218 93
C E 2 0 125 78 94 -31
E D -1 0 78 124 172 94
D Space -2 -1 124 125 140 16
Space B 1 -1 125 109 1201 1076
B Y 2 -1 109 94 109 0
Y Space -3 2 94 141 156 62
Space T 3 -1 141 78 718 577
T H -1 -1 78 78 94 16
H E 1 3 78 93 109 31
E Space -3 -1 93 94 93 0
Space L 2 -5 94 78 422 328
L I 1 1 78 94 140 62
I G -1 3 94 93 437 343
G H 0 -1 93 78 109 16
H T 1 1 78 62 250 172
T N -2 -1 62 78 187 125
N E 2 3 78 78 2511 2433
E S -1 1 78 78 203 125
S S 0 0 78 109 172 94
S Space -2 -2 109 156 109 0
Space O 3 -5 156 94 2340 2184
O F -1 5 94 93 94 0
F Space -2 0 93 156 93 0
Space B 1 -1 156 93 297 141
B E 2 2 93 78 156 63
E I 0 -5 78 140 218 140
I N -2 2 140 140 94 -46
N G 1 1 140 78 156 16
G Space -2 1 78 109 109 31
Space A 2 3 109 125 1232 1123
A Space -2 -3 125 94 125 0
Space B 1 -1 94 78 702 608
B E 2 2 78 93 250 172
E G -1 -2 93 78 452 359
G I 1 -3 78 62 156 78
I N -2 2 62 93 172 110
N E 2 3 93 62 187 94
E E 0 0 62 78 156 94
E R 0 -1 78 125 171 93
R Back 1 -9 125 94 2824 2699
Back Back 0 0 94 63 218 124
Back Back 0 0 63 94 328 265
Back Back 0 0 94 156 265 171
Back N -3 7 156 31 1092 936
N N 0 0 31 93 94 63
N E 2 3 93 78 109 16
E R 0 -1 78 93 94 16
R Space -3 0 93 94 93 0
Space A 2 3 94 109 281 187
A G 0 -4 109 94 312 203
G A 0 4 94 140 47 -47
A I 1 -7 140 156 140 0
I N -2 2 156 125 94 -62
N Oemcomma 0 -2 125 78 998 873
Oemcomma Space -1 4 78 156 109 31
Space L 2 -5 156 78 422 266
L E 1 6 78 78 93 15
E S -1 1 78 78 219 141
S S 0 0 78 109 171 93
S Space -2 -2 109 94 125 16
Space S 2 2 94 78 655 561
S U 1 -5 78 47 125 47
U R 0 3 47 125 156 109
R E 0 1 125 140 78 -47
E Space -3 -1 140 109 172 32
Space A 2 3 109 93 390 281
A B -1 -4 93 78 124 31
B O 2 -4 78 125 219 141
O U 0 2 125 156 156 31
U T 0 2 156 94 187 31
T Space -3 1 94 110 140 46
Space E 3 1 110 78 1124 1014
E V -2 -1 78 78 109 31
V E 2 1 78 109 78 0
E R 0 -1 109 110 327 218
R Y 0 -2 110 78 375 265
Y T 0 1 78 78 234 156
T H -1 -1 78 109 125 47
H I 1 -2 109 219 124 15
I N -2 2 219 125 156 -63
N G 1 1 125 94 125 0
G OemPeriod -1 -4 94 78 2325 2231
OemPeriod Space -1 5 78 156 140 62
Space LShiftKey 1 4 156 265 780 624
LShiftKey I 2 -8 265 78 265 0
I T 0 3 78 78 437 359
T Space -3 1 78 93 125 47
Space F 2 0 93 93 437 344
F R 1 0 93 62 218 125
R E 0 1 62 62 203 141
E E 0 0 62 63 140 78
E D -1 0 63 78 156 93
D Space -2 -1 78 62 94 16
Space M 1 -3 62 94 218 156
M E 2 4 94 78 47 -47
E Space -3 -1 78 110 140 62
Space T 3 -1 110 109 1061 951
T O 0 -4 109 78 94 -15
O Space -3 5 78 109 109 31
Space E 3 1 109 63 421 312
E N -2 -3 63 78 78 15
N T 2 1 78 110 187 109
T E 0 2 110 109 125 15
E R 0 -1 109 110 109 0
R Space -3 0 110 109 125 15
Space O 3 -5 109 171 1155 1046
O N -2 3 171 156 140 -31
N E 2 3 156 94 234 78
E Space -3 -1 94 124 94 0
Space O 3 -5 124 62 1326 1202
O F -1 5 62 93 109 47
F Space -2 0 93 109 109 16
Space T 3 -1 109 94 109 0
T H -1 -1 94 78 109 15
H E 1 3 78 93 110 32
E Space -3 -1 93 78 93 0
Space M 1 -3 78 93 406 328
M O 2 -2 93 94 140 47
O S -1 7 94 94 109 15
S T 1 -3 94 94 250 156
T Space -3 1 94 93 172 78
Space C 1 1 93 62 1232 1139
C R 2 -1 62 110 218 156
R E 0 1 110 125 141 31
E A -1 2 125 109 140 15
A T 1 -4 109 78 203 94
T U 0 -2 78 94 156 78
U Back 1 -6 94 125 967 873
Back I -1 5 125 93 1389 1264
I V -2 4 93 78 577 484
V E 2 1 78 94 62 -16
E Space -3 -1 94 125 109 15
Space P 3 -6 125 94 1108 983
P E 0 7 94 94 156 62
E R 0 -1 94 78 187 93
R I 0 -4 78 94 234 156
I O 0 -1 94 94 187 93
O D -1 6 94 124 500 406
D S 0 1 124 109 109 -15
S Space -2 -2 109 109 156 47
Space O 3 -5 109 94 811 702
O F -1 5 94 93 94 0
F Space -2 0 93 94 93 0
Space M 1 -3 94 109 156 62
M Y 2 1 109 93 250 141
Y Space -3 2 93 156 125 32
Space L 2 -5 156 78 1045 889
L I 1 1 78 94 187 109
I F -1 4 94 172 343 249
F E 1 1 172 203 109 -63
E OemPeriod -2 -6 203 78 344 141
OemPeriod Return 1 -3 78 78 312 234
Return Return 0 0 78 78 202 124
Return Back 2 -1 78 78 827 749
Back LShiftKey -3 13 78 437 5569 5491
LShiftKey D 1 -3 437 109 328 -109
D U 1 -4 109 78 156 47
U R 0 3 78 31 312 234
R I 0 -4 31 172 62 31
I N -2 2 172 156 94 -78
N F 1 2 156 62 203 47
F Back 2 -9 62 62 624 562
Back G -2 8 62 78 93 31
G T 1 0 78 78 812 734
T H -1 -1 78 94 93 15
H E 1 3 94 109 141 47
E Space -3 -1 109 109 109 0
Space N 1 -2 109 47 1591 1482
N E 2 3 47 94 78 31
E X -2 1 94 93 281 187
X T 2 -3 93 109 234 141
T Space -3 1 109 94 109 0
Space F 2 0 94 78 218 124
F I 1 -4 78 78 141 63
I V -2 4 78 78 281 203
V E 2 1 78 78 109 31
E Space -3 -1 78 63 93 15
Space Y 3 -2 63 62 500 437
Y E 0 3 62 156 93 31
E A -1 2 156 125 125 -31
A R 1 -3 125 110 140 15
R S -1 2 110 125 250 140
S Space -2 -2 125 140 125 0
Space Back 4 -9 140 78 1076 936
Back Oemcomma -3 5 78 109 250 172
Oemcomma Space -1 4 109 93 125 16
Space LShiftKey 1 4 93 249 78 -15
LShiftKey I 2 -8 249 62 156 -93
I Space -3 4 62 94 140 78
Space S 2 2 94 125 234 140
S A 0 1 125 187 265 140
A Back 2 -12 187 109 999 812
Back T -1 8 109 125 530 421
T A -1 4 125 141 140 15
A R 1 -3 141 110 234 93
R T 0 -1 110 141 234 124
T E 0 2 141 125 125 -16
E D -1 0 125 109 234 109
D Space -2 -1 109 109 125 16
Space A 2 3 109 93 1217 1108
A Space -2 -3 93 109 109 16
Space C 1 1 109 78 1139 1030
C O 2 -6 78 141 62 -16
O M -2 2 141 94 109 -32
M P 2 -3 94 93 188 94
P A -1 9 93 93 109 16
A N -1 -5 93 93 203 110
N Y 2 0 93 94 296 203
Y Space -3 2 94 156 140 46
Space N 1 -2 156 78 1014 858
N A 1 5 78 93 110 32
A M -1 -6 93 94 93 0
M E 2 4 94 109 141 47
E D -1 0 109 94 218 109
D Space -2 -1 94 94 109 15
Space LShiftKey 1 4 94 983 156 62
LShiftKey N 0 -6 983 109 624 -359
N E 2 3 109 109 687 578
E LShiftKey -2 3 109 608 218 109
LShiftKey X 0 -2 608 156 374 -234
X LShiftKey 0 2 156 639 843 687
LShiftKey T 2 -5 639 94 265 -374
T Oemcomma -2 -3 94 62 702 608
Oemcomma Space -1 4 62 94 109 47
Space A 2 3 94 93 219 125
A N -1 -5 93 78 109 16
N O 2 -3 78 78 187 109
O T 0 4 78 78 265 187
T H -1 -1 78 78 109 31
H E 1 3 78 93 110 32
E R 0 -1 93 109 78 -15
R Space -3 0 109 78 140 31
Space C 1 1 78 78 764 686
C O 2 -6 78 63 156 78
O M -2 2 63 78 172 109
M P 2 -3 78 78 203 125
P A -1 9 78 63 140 62
A N -1 -5 63 94 125 62
N Y 2 0 94 78 312 218
Y Space -3 2 78 93 1576 1498
Space N 1 -2 93 62 702 609
N A 1 5 62 109 109 47
A M -1 -6 109 78 125 16
M E 2 4 78 78 124 46
E D -1 0 78 94 203 125
D Space -2 -1 94 110 109 15
Space LShiftKey 1 4 110 297 281 171
LShiftKey P 2 -10 297 93 172 -125
P I 0 2 93 78 218 125
I X -2 6 78 124 453 375
X A 1 1 124 203 140 16
A R 1 -3 203 109 359 156
R Oemcomma -2 -4 109 93 1326 1217
Oemcomma Space -1 4 93 109 125 32
Space A 2 3 109 141 171 62
A N -1 -5 141 78 187 46
N D 1 3 78 94 94 16
D Space -2 -1 94 109 125 31
Space LShiftKey 1 4 109 265 468 359
LShiftKey I 2 -8 265 94 140 -125
I Space -3 4 94 125 109 15
Space F 2 0 125 140 266 141
F E 1 1 140 109 109 -31
E L -1 -6 109 63 171 62
L L 0 0 63 78 125 62
L Space -2 5 78 156 125 47
Space I 3 -4 156 156 889 733
I N -2 2 156 125 94 -62
N Space -1 2 125 78 78 -47
Space L 2 -5 78 78 281 203
L O 1 0 78 93 109 31
O V -2 5 93 109 218 125
V E 2 1 109 125 78 -31
E Space -3 -1 125 93 172 47
Space W 3 2 93 94 1466 1373
W I 0 -6 94 93 94 0
I T 0 3 93 110 171 78
T H -1 -1 110 94 94 -16
H Space -2 2 94 124 94 0
Space T 3 -1 124 125 171 47
T H -1 -1 125 109 156 31
H E 1 3 109 94 109 0
E Space -3 -1 94 109 125 31
Space A 2 3 109 78 827 718
A M -1 -6 78 78 109 31
M A 1 6 78 93 63 -15
A Z -1 0 93 125 327 234
Z I 2 -7 125 140 141 16
I N -2 2 140 124 78 -62
N G 1 1 124 78 218 94
G Space -2 1 78 109 125 47
Space W 3 2 109 78 1092 983
W O 0 -7 78 78 125 47
O M -2 2 78 62 468 390
M N 0 1 62 93 234 172
N Back 3 -7 93 156 546 453
Back E -1 10 156 78 1216 1060
E N -2 -3 78 156 94 16
N Space -1 2 156 140 125 -31
Space W 3 2 140 109 1014 874
W H -1 -4 109 140 94 -15
H O 1 -3 140 125 109 -31
O Space -3 5 125 140 156 31
Space W 3 2 140 93 1482 1342
W O 0 -7 93 93 78 -15
O U 0 2 93 93 156 63
U L -1 -2 93 78 608 515
L D 0 6 78 63 109 31
D Space -2 -1 63 109 94 31
Space B 1 -1 109 78 1310 1201
B E 2 2 78 78 110 32
E C -2 0 78 78 265 187
C O 2 -6 78 78 125 47
O M -2 2 78 110 124 46
M E 2 4 110 94 94 -16
E Space -3 -1 94 93 125 31
Space M 1 -3 93 78 312 219
M Y 2 1 78 78 218 140
Y Space -3 2 78 125 109 31
Space W 3 2 125 78 1030 905
W I 0 -6 78 78 109 31
I F -1 4 78 188 265 187
F E 1 1 188 124 110 -78
E OemPeriod -2 -6 124 94 1076 952
OemPeriod Space -1 5 94 140 125 31
Space LShiftKey 1 4 140 280 125 -15
LShiftKey P 2 -10 280 78 156 -124
P I 0 2 78 93 187 109
I X -2 6 93 202 437 344
X A 1 1 202 203 187 -15
A R 1 -3 203 78 312 109
R Space -3 0 78 156 171 93
Space W 3 2 156 93 1046 890
W E 0 -1 93 125 187 94
E N -2 -3 125 109 125 0
N T 2 1 109 109 140 31
T Space -3 1 109 125 109 0
Space O 3 -5 125 140 1373 1248
O N -2 3 140 109 109 -31
N Space -1 2 109 93 94 -15
Space T 3 -1 93 109 203 110
T O 0 -4 109 78 124 15
O Space -3 5 78 125 94 16
Space C 1 1 125 94 312 187
C R 2 -1 94 47 265 171
R E 0 1 47 172 156 109
E A -1 2 172 140 141 -31
A T 1 -4 140 172 202 62
T E 0 2 172 140 110 -62
E Space -3 -1 140 125 187 47
Space T 3 -1 125 93 827 702
T H -1 -1 93 93 78 -15
H A 0 5 93 94 93 0
A T 1 -4 94 62 94 0
T Space -3 1 62 94 62 0
Space W 3 2 94 93 453 359
W O 0 -7 93 94 124 31
O R 0 5 94 94 234 140
R L -1 -5 94 93 422 328
L D 0 6 93 109 608 515
D Oem7 0 -8 109 78 702 593
Oem7 S 0 9 78 94 109 31
S Space -2 -2 94 94 109 15
Space F 2 0 94 78 1389 1295
F I 1 -4 78 78 109 31
I R 0 4 78 94 156 78
R S -1 2 94 125 452 358
S T 1 -3 125 110 156 31
T Space -3 1 110 125 125 15
Space C 1 1 125 78 1295 1170
C O 2 -6 78 93 94 16
O M -2 2 93 93 109 16
M P 2 -3 93 93 281 188
P U 0 3 93 93 312 219
U T 0 2 93 94 374 281
T E 0 2 94 93 125 31
E R 0 -1 93 125 78 -15
R Space -3 0 125 110 171 46
Space A 2 3 110 93 890 780
A N -1 -5 93 93 109 16
N I 2 -2 93 78 187 94
I M -2 1 78 94 156 78
M A 1 6 94 94 140 46
A T 1 -4 94 156 219 125
T E 0 2 156 124 125 -31
E D -1 0 124 93 234 110
D Space -2 -1 93 94 140 47
Space F 2 0 94 63 2137 2043
F E 1 1 63 156 234 171
E D3 1 0 156 31 0 -156
D3 A -2 2 31 171 141 110
A Back 2 -12 171 78 1060 889
Back Back 0 0 78 125 156 78
Back A -2 12 125 78 687 562
A T 1 -4 78 78 437 359
T U 0 -2 78 78 171 93
U R 0 3 78 171 297 219
R E 0 1 171 141 93 -78
E Space -3 -1 141 93 219 78
Space F 2 0 93 110 1450 1357
F I 1 -4 110 156 110 0
I L -1 -1 156 187 140 -16
L M -1 2 187 78 250 63
M Space -1 3 78 156 187 109
Space Back 4 -9 156 172 452 296
Back Oemcomma -3 5 172 78 1685 1513
Oemcomma Space -1 4 78 156 140 62
Space LShiftKey 1 4 156 608 297 141
LShiftKey T 2 -5 608 125 468 -140
T O 0 -4 125 93 312 187
O Y 0 3 93 93 234 141
Y Space -3 2 93 124 125 32
Space LShiftKey 1 4 124 421 171 47
LShiftKey S 1 -2 421 140 297 -124
S T 1 -3 140 94 826 686
T O 0 -4 94 78 125 31
O R 0 5 78 109 1404 1326
R Y 0 -2 109 93 94 -15
Y Oemcomma -2 -2 93 78 905 812
Oemcomma Space -1 4 78 125 109 31
Space A 2 3 125 140 234 109
A N -1 -5 140 93 125 -15
N D 1 3 93 94 140 47
D Space -2 -1 94 125 78 -16
Space I 3 -4 125 110 1310 1185
I S -1 6 110 110 234 124
S Space -2 -2 110 109 94 -16
Space N 1 -2 109 78 234 125
N O 2 -3 78 110 140 62
O W 0 7 110 109 500 390
W Space -3 -2 109 93 109 0
Space T 3 -1 93 94 140 47
T H -1 -1 94 78 109 15
H Space -2 2 78 94 250 172
Space Back 4 -9 94 62 640 546
Back E -1 10 62 93 109 47
E Space -3 -1 93 109 78 -15
Space M 1 -3 109 93 4259 4150
M O 2 -2 93 125 93 0
O S -1 7 125 109 125 0
S T 1 -3 109 110 218 109
T Space -3 1 110 109 94 -16
Space S 2 2 109 78 296 187
S U 1 -5 78 78 94 16
U C -2 4 78 62 437 359
C C 0 0 62 78 140 78
C E 2 0 78 78 156 78
E S -1 1 78 109 203 125
S S 0 0 109 125 187 78
S F 0 -2 125 78 312 187
F I 1 -4 78 78 125 47
I Back 1 -5 78 78 328 250
Back U -1 6 78 47 280 202
U L -1 -2 47 63 156 109
L L 0 0 63 78 141 78
L Space -2 5 78 125 2683 2605
Space Back 4 -9 125 109 749 624
Back Back 0 0 109 109 203 94
Back Space -4 9 109 109 452 343
Space A 2 3 109 94 499 390
A N -1 -5 94 93 718 624
N I 2 -2 93 78 140 47
I K -1 0 78 63 187 109
K M -1 1 63 109 94 31
M A 1 6 109 78 140 31
A T 1 -4 78 156 172 94
T E 0 2 156 125 140 -16
E D -1 0 125 78 297 172
D Space -2 -1 78 94 93 15
Space S 2 2 94 94 390 296
S T 1 -3 94 93 344 250
T U 0 -2 93 78 140 47
U D -1 4 78 78 468 390
D I 1 -5 78 109 47 -31
I O 0 -1 109 109 62 -47
O Space -3 5 109 140 141 32
Space I 3 -4 140 140 3385 3245
I N -2 2 140 141 93 -47
N T 2 1 141 78 172 31
T H -1 -1 78 110 140 62
H E 1 3 110 78 141 31
E Space -3 -1 78 140 125 47
Space Left 0 -7 140 63 2121 1981
Left Left 0 0 63 63 156 93
Left Left 0 0 63 78 141 78
Left Left 0 0 78 94 171 93
Left Space 0 7 94 124 453 359
Space Right 0 -9 124 125 140 16
Right Right 0 0 125 63 187 62
Right Right 0 0 63 93 172 109
Right Right 0 0 93 94 218 125
Right C 1 10 94 78 3635 3541
C O 2 -6 78 78 281 203
O M -2 2 78 78 171 93
M P 2 -3 78 93 188 110
P U 0 3 93 94 249 156
U T 0 2 94 78 390 296
T E 0 2 78 125 125 47
E R 0 -1 125 109 94 -31
R Space -3 0 109 78 140 31
Space A 2 3 78 78 608 530
A N -1 -5 78 78 203 125
N I 2 -2 78 63 343 265
I M -2 1 63 78 188 125
M A 1 6 78 62 140 62
A T 1 -4 62 78 296 234
T I 0 -3 78 125 63 -15
I O 0 -1 125 187 109 -16
O N -2 3 187 93 125 -62
N Space -1 2 93 109 109 16
Space Back 4 -9 109 2043 10343 10234
Back E -1 10 2043 63 3416 1373
E Space -3 -1 63 109 94 31
Space W 3 2 109 78 390 281
W O 0 -7 78 78 125 47
O R 0 5 78 78 124 46
R L -1 -5 78 62 640 562
L D 0 6 62 78 109 47
D OemPeriod -1 -6 78 78 609 531
OemPeriod Space -1 5 78 140 109 31
Space LShiftKey 1 4 140 281 1310 1170
LShiftKey I 2 -8 281 109 125 -156
I N -2 2 109 94 156 47
N Space -1 2 94 78 156 62
Space A 2 3 78 78 125 47
A Space -2 -3 78 93 78 0
Space R 3 0 93 140 234 141
R E 0 1 140 94 109 -31
E M -2 -4 94 47 1747 1653
M A 1 6 47 78 141 94
A R 1 -3 78 78 187 109
R K -1 -4 78 78 483 405
K A 0 7 78 94 125 47
A B -1 -4 94 78 156 62
B L 1 -4 78 62 297 219
L E 1 6 62 93 78 16
E Space -3 -1 93 109 951 858
Space T 3 -1 109 109 453 344
T U 0 -2 109 63 93 -16
U R 0 3 63 109 172 109
R N -2 -2 109 93 125 16
N Space -1 2 93 109 109 16
Space O 3 -5 109 78 405 296
O F -1 5 78 78 110 32
F Space -2 0 78 109 93 15
Space E 3 1 109 63 499 390
E V -2 -1 63 47 203 140
V E 2 1 47 125 109 62
E N -2 -3 125 93 188 63
N T 2 1 93 94 327 234
T S -1 3 94 140 297 203
S Oemcomma -1 -6 140 78 2215 2075
Oemcomma Space -1 4 78 94 93 15
Space LShiftKey 1 4 94 453 312 218
LShiftKey A 1 -1 453 109 297 -156
A P 1 -9 109 63 249 140
P P 0 0 63 78 125 62
P L -1 1 78 93 172 94
L T 1 4 93 63 374 281
T Back 1 -8 63 156 1264 1201
Back E -1 10 156 78 733 577
E Space -3 -1 78 94 109 31
Space B 1 -1 94 93 1186 1092
B O 2 -4 93 140 187 94
O U 0 2 140 109 156 16
U G -1 2 109 109 499 390
G H 0 -1 109 78 125 16
H T 1 1 78 94 78 0
T Space -3 1 94 94 140 46
Space LShiftKey 1 4 94 827 468 374
LShiftKey N 0 -6 827 94 593 -234
N E 2 3 94 78 375 281
E LShiftKey -2 3 78 812 327 249
LShiftKey X 0 -2 812 94 343 -469
X T 2 -3 94 94 156 62
T Oemcomma -2 -3 94 78 1046 952
Oemcomma Space -1 4 78 109 140 62
Space LShiftKey 1 4 109 266 109 0
LShiftKey I 2 -8 266 94 125 -141
I Space -3 4 94 125 1903 1809
Space R 3 0 125 125 297 172
R E 0 1 125 140 78 -47
E T 0 -2 140 110 249 109
T U 0 -2 110 94 172 62
U R 0 3 94 110 296 202
R N -2 -2 110 78 250 140
N E 2 3 78 93 94 16
E D -1 0 93 109 234 141
D Space -2 -1 109 110 124 15
Space T 3 -1 110 78 312 202
T O 0 -4 78 78 94 16
O Space -3 5 78 109 109 31
Space LShiftKey 1 4 109 312 1638 1529
LShiftKey A 1 -1 312 187 234 -78
A P 1 -9 187 78 265 78
P P 0 0 78 78 141 63
P L -1 1 78 125 171 93
L R 1 5 125 62 188 63
R Back 1 -9 62 78 343 281
Back E -1 10 78 94 109 31
E Oemcomma -2 -5 94 78 764 670
Oemcomma Space -1 4 78 94 125 47
Space A 2 3 94 93 219 125
A N -1 -5 93 94 124 31
N D 1 3 94 78 110 16
D Space -2 -1 78 94 93 15
Space T 3 -1 94 62 905 811
T H -1 -1 62 78 140 78
H E 1 3 78 78 156 78
E Space -3 -1 78 94 94 16
Space T 3 -1 94 78 374 280
T E 0 2 78 78 172 94
E C -2 0 78 62 406 328
C H 1 -3 62 63 93 31
H N -1 0 63 78 172 109
N O 2 -3 78 93 156 78
O L -1 0 93 78 171 78
L O 1 0 78 78 141 63
O G -1 4 78 78 639 561
G Y 1 -1 78 78 78 0
Y Space -3 2 78 93 219 141
Space W 3 2 93 62 1513 1420
W E 0 -1 62 94 187 125
E Space -3 -1 94 124 141 47
Space D 2 1 124 78 1684 1560
D E 1 0 78 94 172 94
E V -2 -1 94 62 203 109
V E 2 1 62 110 93 31
E L -1 -6 110 62 406 296
L O 1 0 62 78 156 94
O P 0 -1 78 109 125 47
P E 0 7 109 110 249 140
E D -1 0 110 125 203 93
D Space -2 -1 125 93 141 16
Space A 2 3 93 94 982 889
A T 1 -4 94 94 172 78
T Space -3 1 94 109 125 31
Space LShiftKey 1 4 109 328 421 312
LShiftKey N 0 -6 328 78 156 -172
N E 2 3 78 94 312 234
E LShiftKey -2 3 94 1264 530 436
LShiftKey T 2 -5 1264 109 874 -390
T Back 1 -8 109 141 2012 1903
Back LShiftKey -3 13 141 749 156 15
LShiftKey X 0 -2 749 124 422 -327
X T 2 -3 124 78 156 32
T Space -3 1 78 156 920 842
Space I 3 -4 156 78 671 515
I S -1 6 78 78 109 31
S Space -2 -2 78 78 78 0
Space A 2 3 78 93 203 125
A T 1 -4 93 94 187 94
T Space -3 1 94 94 109 15
Space T 3 -1 94 78 125 31
T H -1 -1 78 93 94 16
H E 1 3 93 63 124 31
E Space -3 -1 63 78 94 31
Space H 2 -2 78 78 421 343
H E 1 3 78 234 109 31
E A -1 2 234 125 141 -93
A R 1 -3 125 172 93 -32
R T 0 -1 172 78 312 140
T Space -3 1 78 125 94 16
Space O 3 -5 125 78 1622 1497
O F -1 5 78 94 94 16
F Space -2 0 94 78 94 0
Space A 2 3 78 93 624 546
A P 1 -9 93 63 124 31
P P 0 0 63 62 141 78
P L -1 1 62 109 156 94
L E 1 6 109 62 343 234
E Oem7 -1 -8 62 78 655 593
Oem7 S 0 9 78 62 125 47
S Space -2 -2 62 109 78 16
Space C 1 1 109 109 3245 3136
C U 2 -4 109 93 78 -31
U R 0 3 93 62 203 110
R R 0 0 62 140 140 78
R E 0 1 140 124 94 -46
E N -2 -3 124 78 140 16
N T 2 1 78 109 94 16
T Space -3 1 109 125 109 0
Space R 3 0 125 140 1092 967
R E 0 1 140 156 93 -47
E N -2 -3 156 78 1872 1716
N A 1 5 78 93 453 375
A I 1 -7 93 109 1388 1295
I S -1 6 109 78 2746 2637
S S 0 0 78 63 171 93
S A 0 1 63 156 172 109
A N -1 -5 156 78 967 811
N C 0 3 78 140 406 328
C E 2 0 140 140 109 -31
E Oemcomma -2 -5 140 78 608 468
Oemcomma Space -1 4 78 94 125 47
Space Back 4 -9 94 93 406 312
Back OemPeriod -3 4 93 78 608 515
OemPeriod Space -1 5 78 141 187 109
Space LShiftKey 1 4 141 250 546 405
LShiftKey Back 3 -13 250 62 562 312
Back Back 0 0 62 78 140 78
Back Back 0 0 78 78 141 63
Back OemQuestion -3 3 78 47 686 608
OemQuestion Back 3 -3 47 94 905 858
Back OemPeriod -3 4 94 94 546 452
OemPeriod Space -1 5 94 125 140 46
Space LShiftKey 1 4 125 562 203 78
LShiftKey A 1 -1 562 172 359 -203
A D 0 -2 172 93 593 421
D N -1 -3 93 125 156 63
N Space -1 2 125 109 234 109
Space LShiftKey 1 4 109 281 1856 1747
LShiftKey L 1 -9 281 78 219 -62
L A 0 8 78 125 171 93
A U 1 -6 125 62 141 16
U R 0 3 62 140 1201 1139
R E 0 1 140 141 93 -47
E N -2 -3 141 78 188 47
N C 0 3 78 140 2090 2012
C E 2 0 140 156 94 -46
E Space -3 -1 156 141 280 124
Space A 2 3 141 109 656 515
A N -1 -5 109 109 93 -16
N D 1 3 109 110 109 0
D Space -2 -1 110 141 78 -32
Space LShiftKey 1 4 141 281 141 0
LShiftKey I 2 -8 281 93 156 -125
I Space -3 4 93 109 140 47
Space H 2 -2 109 78 328 219
H A 0 5 78 110 93 15
A D 0 -2 110 62 297 187
D Space -2 -1 62 94 93 31
Space Back 4 -9 94 62 921 827
Back Back 0 0 62 63 327 265
Back Back 0 0 63 63 156 93
Back Back 0 0 63 94 156 93
Back Back 0 0 94 125 609 515
Back Back 0 0 125 125 218 93
Back I -1 5 125 78 1264 1139
I Space -3 4 78 140 109 31
Space H 2 -2 140 93 250 110
H A 0 5 93 78 156 63
A V -1 -3 78 78 93 15
V E 2 1 78 94 125 47
E Space -3 -1 94 62 78 -16
Space A 2 3 62 94 156 94
A Space -2 -3 94 78 16 -78
Space W 3 2 78 94 1450 1372
W O 0 -7 94 78 78 -16
O N -2 3 78 94 172 94
N D 1 3 94 78 281 187
D E 1 0 78 78 171 93
E R 0 -1 78 109 219 141
R F -1 0 109 62 421 312
F U 1 -3 62 93 94 32
U L -1 -2 93 78 171 78
L K 0 1 78 63 0 -78
K Space -2 4 63 125 109 46
Space F 2 0 125 203 1841 1716
F A 0 3 203 172 109 -94
A M -1 -6 172 109 188 16
M I 2 -1 109 187 78 -31
I L -1 -1 187 156 124 -63
L Y 1 3 156 78 266 110
Y Space -3 2 78 110 124 46
Space T 3 -1 110 94 406 296
T O 0 -4 94 94 109 15
O G -1 4 94 78 421 327
G E 1 2 78 93 110 32
E T 0 -2 93 78 218 125
T H -1 -1 78 78 109 31
H E 1 3 78 94 109 31
E R 0 -1 94 125 63 -31
R OemPeriod -2 -5 125 78 546 421
OemPeriod Return 1 -3 78 94 4555 4477
Return LShiftKey -1 12 94 390 8096 8002
LShiftKey I 2 -8 390 78 281 -109
I Space -3 4 78 78 156 78
Space Back 4 -9 78 78 874 796
Back Oem7 -2 2 78 78 546 468
Oem7 M -1 4 78 125 312 234
M Space -1 3 125 140 109 -16
Space P 3 -6 140 78 499 359
P R 0 6 78 125 125 47
R E 0 1 125 109 109 -16
E T 0 -2 109 46 219 110
T T 0 0 46 78 124 78
T Y 0 -1 78 78 250 172
Y Space -3 2 78 124 94 16
Space S 2 2 124 63 2152 2028
S U 1 -5 63 78 63 0
U R 0 3 78 125 140 62
R E 0 1 125 93 94 -31
E Space -3 -1 93 109 78 -15
Space N 1 -2 109 94 795 686
N O 2 -3 94 110 156 62
O N -2 3 110 94 234 124
N E 2 3 94 62 141 47
E Space -3 -1 62 93 78 16
Space O 3 -5 93 78 1185 1092
O F -1 5 78 78 125 47
F Space -2 0 78 78 78 0
Space T 3 -1 78 109 141 63
T H -1 -1 109 78 93 -16
H E 1 3 78 110 109 31
E Space -3 -1 110 78 125 15
Space Back 4 -9 78 78 858 780
Back I -1 5 78 78 515 437
I S -1 6 78 78 140 62
S Space -2 -2 78 109 63 -15
Space W 3 2 109 62 499 390
W O 0 -7 62 63 109 47
O U 0 2 63 63 234 171
U L -1 -2 63 94 203 140
L D 0 6 94 62 172 78
D Space -2 -1 62 94 62 0
Space H 2 -2 94 78 265 171
H A 0 5 78 94 109 31
A V -1 -3 94 78 156 62
V E 2 1 78 78 78 0
E Space -3 -1 78 93 110 32
Space H 2 -2 93 78 577 484
H A 0 5 78 78 125 47
A P 1 -9 78 47 140 62
P P 0 0 47 78 125 78
P E 0 7 78 78 93 15
E N -2 -3 78 78 156 78
N E 2 3 78 94 78 0
E D -1 0 94 78 375 281
D Space -2 -1 78 93 156 78
Space I 3 -4 93 78 1700 1607
I F -1 4 78 62 125 47
F Space -2 0 62 78 31 -31
Space LShiftKey 1 4 78 234 546 468
LShiftKey I 2 -8 234 94 125 -109
I Space -3 4 94 94 140 46
Space H 2 -2 94 62 344 250
H A 0 5 62 125 140 78
A D 0 -2 125 94 3588 3463
D N -1 -3 94 78 2231 2137
N Oem7 1 -5 78 62 780 702
Oem7 T 1 6 62 94 140 78
T Space -3 1 94 78 94 0
Space B 1 -1 78 94 7488 7410
B E 2 2 94 94 187 93
E E 0 0 94 125 156 62
E N -2 -3 125 125 874 749
N Space -1 2 125 156 109 -16
Space F 2 0 156 125 296 140
F I 1 -4 125 63 125 0
I R 0 4 63 171 172 109
R E 0 1 171 141 93 -78
E D -1 0 141 93 266 125
D Space -2 -1 93 78 93 0
Space F 2 0 78 172 437 359
F R 1 0 172 141 343 171
R O 0 -5 141 156 141 0
O M -2 2 156 140 78 -78
M Space -1 3 140 125 124 -16
Space A 2 3 125 109 328 203
A P 1 -9 109 63 140 31
P P 0 0 63 62 141 78
P L -1 1 62 156 171 109
L E 1 6 156 93 609 453
E OemPeriod -2 -6 93 78 1154 1061
OemPeriod Space -1 5 78 109 94 16
Space LShiftKey 1 4 109 296 187 78
LShiftKey I 2 -8 296 78 187 -109
I T 0 3 78 78 312 234
T Space -3 1 78 109 125 47
Space W 3 2 109 156 718 609
W A -1 1 156 250 124 -32
A S 0 -1 250 109 266 16
S Space -2 -2 109 140 218 109
Space A 2 3 140 78 920 780
A W 1 -1 78 78 156 78
W E 0 -1 78 78 219 141
E F -1 -1 78 109 811 733
F Back 2 -9 109 93 1030 921
Back Back 0 0 93 109 249 156
Back F -2 9 109 78 1669 1560
F U 1 -3 78 141 78 0
U L -1 -2 141 125 141 0
L Space -2 5 125 140 265 140
Space T 3 -1 140 125 2246 2106
T A -1 4 125 141 78 -47
A S 0 -1 141 109 250 109
S T 1 -3 109 78 499 390
T I 0 -3 78 140 94 16
I N -2 2 140 125 93 -47
N F 1 2 125 78 156 31
F Space -2 0 78 63 156 78
Space Back 4 -9 63 78 266 203
Back G -2 8 78 78 62 -16
G Space -2 1 78 93 125 47
Space M 1 -3 93 78 1076 983
M E 2 4 78 78 94 16
E D -1 0 78 78 218 140
D I 1 -5 78 78 109 31
I C -2 5 78 47 281 203
C I 2 -5 47 78 78 31
I N -2 2 78 78 499 421
N Space -1 2 78 94 281 203
Space Back 4 -9 94 62 905 811
Back Oemcomma -3 5 62 94 234 172
Oemcomma Space -1 4 94 124 94 0
Space B 1 -1 124 109 296 172
B U 2 -2 109 93 125 16
U T 0 2 93 78 171 78
T Space -3 1 78 125 94 16
Space LShiftKey 1 4 125 218 156 31
LShiftKey I 2 -8 218 78 125 -93
I Space -3 4 78 109 109 31
Space G 2 -1 109 78 655 546
G U 1 -2 78 78 141 63
U E 0 4 78 94 140 62
E S -1 1 94 78 203 109
S S 0 0 78 78 171 93
S Space -2 -2 78 109 874 796
Space T 3 -1 109 78 234 125
T H -1 -1 78 93 94 16
H E 1 3 93 63 93 0
E Space -3 -1 63 93 94 31
Space P 3 -6 93 78 234 141
P A -1 9 78 93 125 47
A T 1 -4 93 78 280 187
T I 0 -3 78 78 125 47
I E 0 5 78 78 234 156
E N -2 -3 78 78 1233 1155
N T 2 1 78 63 93 15
T Space -3 1 63 110 109 46
Space N 1 -2 110 78 983 873
N E 2 3 78 47 187 109
E E 0 0 47 78 141 94
E D -1 0 78 78 187 109
D E 1 0 78 78 156 78
E D -1 0 78 94 140 62
D Space -2 -1 94 156 78 -16
Space I 3 -4 156 93 843 687
I T 0 3 93 78 125 32
T OemPeriod -2 -4 78 62 546 468
OemPeriod Space -1 5 62 93 78 16
Space LShiftKey 1 4 93 344 202 109
LShiftKey S 1 -2 344 93 219 -125
S O 1 -7 93 78 109 16
O M -2 2 78 94 156 78
M E 2 4 94 78 156 62
E T 0 -2 78 78 328 250
T I 0 -3 78 109 140 62
I N -2 2 109 141 62 -47
N E 2 3 141 187 188 47
E S -1 1 187 109 218 31
S Space -2 -2 109 109 1529 1420
Space L 2 -5 109 78 421 312
L I 1 1 78 156 172 94
I U 0 1 156 31 15 -141
U F -1 3 31 140 453 422
F E 1 1 140 125 93 -47
E Space -3 -1 125 125 125 0
Space H 2 -2 125 125 1373 1248
H I 1 -2 125 125 93 -32
I T 0 3 125 203 156 31
T S -1 3 203 140 141 -62
S Space -2 -2 140 94 171 31
Space Y 3 -2 94 78 406 312
Y O 0 -3 78 187 47 -31
O U 0 2 187 172 93 -94
U Space -3 3 172 109 172 0
Space I 3 -4 109 172 967 858
I N -2 2 172 125 109 -63
N Space -1 2 125 109 94 -31
Space T 3 -1 109 78 125 16
T H -1 -1 78 94 93 15
H E 1 3 94 78 110 16
E Space -3 -1 78 109 93 15
Space H 2 -2 109 93 484 375
H E 1 3 93 171 125 32
E A -1 2 171 172 124 -47
A D 0 -2 172 94 359 187
D Space -2 -1 94 94 1217 1123
Space W 3 2 94 78 328 234
W I 0 -6 78 78 124 46
I T 0 3 78 78 156 78
T H -1 -1 78 62 110 32
H Space -2 2 62 78 78 16
Space A 2 3 78 94 140 62
A Space -2 -3 94 94 140 46
Space B 1 -1 94 63 515 421
B R 2 1 63 78 172 109
R I 0 -4 78 94 140 62
I C -2 5 94 78 468 374
C K 1 -5 78 78 78 0
K OemPeriod -1 -1 78 78 1545 1467
OemPeriod Space -1 5 78 109 109 31
Space LShiftKey 1 4 109 358 203 94
LShiftKey D 1 -3 358 125 265 -93
D O 1 -6 125 78 140 15
O N -2 3 78 93 141 63
N Oem7 1 -5 93 78 717 624
Oem7 T 1 6 78 78 312 234
T Space -3 1 78 94 125 47
Space L 2 -5 94 62 3526 3432
L O 1 0 62 93 156 94
O S -1 7 93 63 514 421
S E 1 -1 63 94 172 109
E Space -3 -1 94 109 125 31
Space F 2 0 109 125 2995 2886
F A 0 3 125 172 62 -63
A U 1 -6 172 63 156 -16
U Back 1 -6 63 109 375 312
Back I -1 5 109 78 234 125
I T 0 3 78 78 390 312
T H -1 -1 78 78 62 -16
H OemPeriod -1 -3 78 62 687 609
OemPeriod Space -1 5 62 125 93 31
Space LShiftKey 1 4 125 421 780 655
LShiftKey I 2 -8 421 78 265 -156
I Oem7 -1 -3 78 78 562 484
Oem7 Oemcomma -1 3 78 94 234 156
Oemcomma Back 3 -5 94 93 406 312
Back M -3 6 93 125 608 515
M Space -1 3 125 171 172 47
Space C 1 1 171 62 967 796
C O 2 -6 62 78 62 0
O N -2 3 78 93 141 63
N V 0 2 93 78 483 390
V I 2 -4 78 109 94 16
I N -2 2 109 93 78 -31
N C 0 3 93 78 312 219
C E 2 0 78 63 327 249
E D -1 0 63 93 141 78
D Space -2 -1 93 93 125 32
Space T 3 -1 93 62 1076 983
T H -1 -1 62 78 78 16
H A 0 5 78 109 78 0
A T 1 -4 109 62 125 16
T Space -3 1 62 93 78 16
Space T 3 -1 93 78 842 749
T H -1 -1 78 78 125 47
H E 1 3 78 62 156 78
E Space -3 -1 62 93 94 32
Space O 3 -5 93 62 1700 1607
O N -2 3 62 94 140 78
N L 1 -3 94 78 968 874
L Y 1 3 78 78 140 62
Y Space -3 2 78 109 94 16
Space T 3 -1 109 78 452 343
T H -1 -1 78 94 109 31
H I 1 -2 94 187 172 78
I N -2 2 187 109 156 -31
N G 1 1 109 78 203 94
G Space -2 1 78 78 124 46
Space T 3 -1 78 63 203 125
T H -1 -1 63 78 109 46
H A 0 5 78 172 156 78
A T 1 -4 172 93 297 125
T Space -3 1 93 94 187 94
Space K 2 -4 94 78 593 499
K E 1 5 78 78 125 47
E P 0 -7 78 62 140 62
P T 0 5 62 63 343 281
T Space -3 1 63 94 125 62
Space M 1 -3 94 78 281 187
M E 2 4 78 62 109 31
E Space -3 -1 62 93 94 32
Space G 2 -1 93 62 468 375
G O 1 -4 62 125 124 62
O I 0 1 125 203 94 -31
I N -2 2 203 141 140 -63
N G 1 1 141 78 297 156
G Space -2 1 78 109 125 47
Space W 3 2 109 109 2823 2714
W A -1 1 109 172 156 47
A Space -2 -3 172 141 156 -16
Space Back 4 -9 141 63 546 405
Back S -2 11 63 78 94 31
S Space -2 -2 78 78 140 62
Space T 3 -1 78 78 234 156
T H -1 -1 78 78 94 16
H A 0 5 78 94 93 15
A T 1 -4 94 94 94 0
T Space -3 1 94 125 78 -16
Space LShiftKey 1 4 125 109 265 140
LShiftKey LShiftKey 0 0 109 374 250 141
LShiftKey I 2 -8 374 78 265 -109
I Space -3 4 78 109 172 94
Space L 2 -5 109 78 421 312
L O 1 0 78 94 140 62
O V -2 5 94 94 265 171
V E 2 1 94 93 110 16
E D -1 0 93 78 218 125
D Space -2 -1 78 156 125 47
Space W 3 2 156 125 2402 2246
W H -1 -4 125 94 109 -16
H A 0 5 94 124 32 -62
A T 1 -4 124 78 218 94
T Space -3 1 78 124 94 16
Space LShiftKey 1 4 124 234 202 78
LShiftKey I 2 -8 234 93 110 -124
I Space -3 4 93 94 140 47
Space D 2 1 94 47 296 202
D I 1 -5 47 78 156 109
I D -1 5 78 78 125 47
D OemPeriod -1 -6 78 78 1576 1498
OemPeriod Space -1 5 78 125 156 78
Space LShiftKey 1 4 125 452 1513 1388
LShiftKey Y 2 -6 452 78 343 -109
Y O 0 -3 78 141 265 187
O U 0 2 141 141 78 -63
U Oem7 -1 -4 141 78 702 561
Oem7 V -1 7 78 78 2091 2013
V E 2 1 78 109 62 -16
E Space -3 -1 109 109 125 16
Space G 2 -1 109 94 1170 1061
G O 1 -4 94 78 125 31
O T 0 4 78 94 109 31
T Space -3 1 94 94 62 -32
Space O 3 -5 94 93 219 125
O Back 1 -4 93 94 1185 1092
Back T -1 8 94 78 1170 1076
T O 0 -4 78 94 78 0
O Space -3 5 94 109 125 31
Space F 2 0 109 78 515 406
F I 1 -4 78 125 109 31
I N -2 2 125 124 63 -62
N D 1 3 124 78 639 515
D Space -2 -1 78 93 94 16
Space W 3 2 93 94 1731 1638
W A -1 1 94 156 141 47
A Back 2 -12 156 93 468 312
Back H -2 7 93 63 296 203
H A 0 5 63 94 78 15
A T 1 -4 94 78 187 93
T Space -3 1 78 93 110 32
Space Y 3 -2 93 78 265 172
Y O 0 -3 78 125 93 15
O U 0 2 125 141 47 -78
U Space -3 3 141 109 125 -16
Space L 2 -5 109 94 1326 1217
L O 1 0 94 110 140 46
O V -2 5 110 94 281 171
V E 2 1 94 94 125 31
E OemPeriod -2 -6 94 63 421 327
OemPeriod Space -1 5 63 78 125 62
Space LShiftKey 1 4 78 405 749 671
LShiftKey A 1 -1 405 109 265 -140
A N -1 -5 109 94 140 31
N D 1 3 94 78 234 140
D Space -2 -1 78 125 94 16
Space T 3 -1 125 62 1170 1045
T H -1 -1 62 78 62 0
H S 0 4 78 110 156 78
S T 1 -3 110 94 172 62
T Space -3 1 94 110 140 46
Space I 3 -4 110 94 1389 1279
I S -1 6 94 47 125 31
S Space -2 -2 47 78 62 15
Space A 2 3 78 93 1654 1576
A S 0 -1 93 94 140 47
S Space -2 -2 94 94 109 15
Space T 3 -1 94 93 375 281
T R 0 1 93 78 187 94
R U 0 -3 78 78 359 281
U E 0 4 78 78 93 15
E Space -3 -1 78 78 94 16
Space F 2 0 78 93 1295 1217
F O 1 -5 93 94 93 0
O R 0 5 94 93 110 16
R Space -3 0 93 109 93 0
Space Y 3 -2 109 94 827 718
Y O 0 -3 94 156 62 -32
O U 0 2 156 156 63 -93
U R 0 3 156 78 359 203
R Space -3 0 78 110 124 46
Space W 3 2 110 63 593 483
W O 0 -7 63 78 141 78
O R 0 5 78 62 218 140
R K -1 -4 62 78 296 234
K Space -2 4 78 94 94 16
Space A 2 3 94 156 1357 1263
A S 0 -1 156 93 141 -15
S Space -2 -2 93 109 109 16
Space I 3 -4 109 94 343 234
I T 0 3 94 63 140 46
T Space -3 1 63 93 63 0
Space I 3 -4 93 78 483 390
I S -1 6 78 63 125 47
S Space -2 -2 63 78 94 31
Space F 2 0 78 78 1435 1357
F O 1 -5 78 78 109 31
O R 0 5 78 78 141 63
R Space -3 0 78 109 78 0
Space Y 3 -2 109 78 998 889
Y O 0 -3 78 141 109 31
O U 0 2 141 156 63 -78
U R 0 3 156 62 265 109
R Space -3 0 62 109 125 63
Space L 2 -5 109 63 483 374
L O 1 0 63 78 141 78
O V -2 5 78 63 280 202
V E 2 1 63 78 172 109
E R 0 -1 78 172 1466 1388
R S -1 2 172 94 172 0
S Space -2 -2 94 78 140 46
Space Back 4 -9 78 109 375 297
Back OemPeriod -3 4 109 62 390 281
OemPeriod Space -1 5 62 78 93 31
Space LShiftKey 1 4 78 358 188 110
LShiftKey Y 2 -6 358 62 312 -46
Y O 0 -3 62 110 124 62
O U 0 2 110 94 78 -32
U R 0 3 94 63 359 265
R Space -3 0 63 94 780 717
Space W 3 2 94 78 375 281
W O 0 -7 78 94 218 140
O R 0 5 94 78 296 202
R K -1 -4 78 78 156 78
K Space -2 4 78 93 110 32
Space I 3 -4 93 93 1045 952
I S -1 6 93 63 218 125
S Space -2 -2 63 94 78 15
Space G 2 -1 94 62 531 437
G O 1 -4 62 63 93 31
O I 0 1 63 156 187 124
I N -2 2 156 140 94 -62
N G 1 1 140 62 203 63
G Space -2 1 62 109 78 16
Space T 3 -1 109 78 1731 1622
T O 0 -4 78 78 63 -15
O Space -3 5 78 109 109 31
Space F 2 0 109 63 5959 5850
F I 1 -4 63 62 63 0
I L -1 -1 62 78 171 109
L L 0 0 78 78 141 63
L Space -2 5 78 125 140 62
Space A 2 3 125 109 749 624
A Space -2 -3 109 109 78 -31
Space L 2 -5 109 78 265 156
L A 0 8 78 93 94 16
A R 1 -3 93 93 187 94
R G -1 -1 93 109 359 266
G E 1 2 109 109 62 -47
E Space -3 -1 109 124 172 63
Space P 3 -6 124 78 1606 1482
P A -1 9 78 94 94 16
A R 1 -3 94 62 203 109
R T 0 -1 62 63 171 109
T Space -3 1 63 109 94 31
Space O 3 -5 109 78 1061 952
O F -1 5 78 62 125 47
F Space -2 0 62 109 62 0
Space Y 3 -2 109 62 983 874
Y O 0 -3 62 140 78 16
O U 0 2 140 125 93 -47
U R 0 3 125 78 156 31
R Space -3 0 78 78 141 63
Space L 2 -5 78 78 343 265
L I 1 1 78 140 78 0
I F -1 4 140 94 343 203
F E 1 1 94 78 125 31
E Oemcomma -2 -5 78 62 1732 1654
Oemcomma Space -1 4 62 125 3151 3089
Space A 2 3 125 93 546 421
A N -1 -5 93 62 125 32
N D 1 3 62 78 93 31
D Space -2 -1 78 140 94 16
Space T 3 -1 140 78 1419 1279
T H -1 -1 78 78 94 16
H E 1 3 78 78 218 140
E Space -3 -1 78 94 125 47
Space O 3 -5 94 63 312 218
O B -2 4 63 78 219 156
B Back 3 -8 78 78 889 811
Back N -3 7 78 78 281 203
N L 1 -3 78 78 561 483
L Y 1 3 78 62 94 16
Y Space -3 2 62 94 109 47
Space W 3 2 94 171 250 156
W A -1 1 171 172 124 -47
A Y 1 -5 172 78 422 250
Y Space -3 2 78 109 109 31
Space T 3 -1 109 63 1232 1123
T O 0 -4 63 78 94 31
O Space -3 5 78 94 93 15
Space B 1 -1 94 78 234 140
B E 2 2 78 78 110 32
E Space -3 -1 78 93 109 31
Space T 3 -1 93 78 265 172
T R 0 1 78 78 187 109
R U 0 -3 78 78 250 172
U L -1 -2 78 78 1482 1404
L Y 1 3 78 63 93 15
Y Space -3 2 63 94 94 31
Space S 2 2 94 156 374 280
S A 0 1 156 125 125 -31
A T 1 -4 125 63 265 140
T Back 1 -8 63 125 905 842
Back I -1 5 125 63 889 764
I S -1 6 63 78 110 47
S F 0 -2 78 63 717 639
F I 1 -4 63 78 125 62
I E 0 5 78 78 187 109
E D -1 0 78 78 172 94
D Space -2 -1 78 94 109 31
Space I 3 -4 94 78 2356 2262
I S -1 6 78 94 62 -16
S Space -2 -2 94 109 109 15
Space T 3 -1 109 78 203 94
T O 0 -4 78 93 94 16
O Space -3 5 93 125 109 16
Space D 2 1 125 78 515 390
D O 1 -6 78 63 93 15
O Space -3 5 63 125 109 46
Space T 3 -1 125 94 1139 1014
T Back 1 -8 94 93 484 390
Back W -1 11 93 109 390 297
W H -1 -4 109 93 125 16
H A 0 5 93 125 62 -31
A T 1 -4 125 110 140 15
T Space -3 1 110 125 141 31
Space Y 3 -2 125 78 749 624
Y O 0 -3 78 140 78 0
O U 0 2 140 125 62 -78
U Space -3 3 125 125 156 31
Space B 1 -1 125 78 811 686
B E 2 2 78 93 94 16
E L -1 -6 93 78 468 375
L I 1 1 78 78 156 78
I E 0 5 78 31 577 499
E V -2 -1 31 94 62 31
V E 2 1 94 78 94 0
E Space -3 -1 78 78 842 764
Space O 3 -5 78 78 266 188
O I 0 1 78 78 655 577
I S -1 6 78 62 156 78
S Space -2 -2 62 78 93 31
Space G 2 -1 78 93 2169 2091
G R 1 1 93 78 171 78
R E 0 1 78 156 172 94
E A -1 2 156 109 125 -31
A T 1 -4 109 94 140 31
T Space -3 1 94 125 125 31
Space W 3 2 125 78 577 452
W O 0 -7 78 78 94 16
O R 0 5 78 109 187 109
R K -1 -4 109 78 187 78
K OemPeriod -1 -1 78 62 827 749
OemPeriod Space -1 5 62 109 156 94
Space LShiftKey 1 4 109 624 468 359
LShiftKey A 1 -1 624 140 515 -109
A N -1 -5 140 78 1154 1014
N D 1 3 78 78 94 16
D Space -2 -1 78 93 125 47
Space T 3 -1 93 78 452 359
T H -1 -1 78 78 109 31
H E 1 3 78 78 78 0
E Space -3 -1 78 93 94 16
Space O 3 -5 93 62 1482 1389
O N -2 3 62 109 140 78
N L 1 -3 109 94 265 156
L Y 1 3 94 62 219 125
Y Space -3 2 62 94 93 31
Space W 3 2 94 156 312 218
W A -1 1 156 187 94 -62
A Y 1 -5 187 78 452 265
Y Space -3 2 78 109 125 47
Space T 3 -1 109 78 1264 1155
T O 0 -4 78 94 93 15
O Space -3 5 94 109 94 0
Space D 2 1 109 94 499 390
D O 1 -6 94 78 94 0
O Space -3 5 78 109 78 0
Space G 2 -1 109 78 842 733
G R 1 1 78 78 187 109
R E 0 1 78 187 203 125
E A -1 2 187 187 156 -31
A T 1 -4 187 109 156 -31
T Space -3 1 109 156 156 47
Space W 3 2 156 94 546 390
W O 0 -7 94 78 109 15
O R 0 5 78 78 344 266
R K -1 -4 78 78 171 93
K Space -2 4 78 93 94 16
Space I 3 -4 93 94 1965 1872
I S -1 6 94 78 78 -16
S Space -2 -2 78 125 94 16
Space T 3 -1 125 93 172 47
T O 0 -4 93 109 93 0
O Space -3 5 109 109 141 32
Space L 2 -5 109 93 265 156
L O 1 0 93 93 125 32
O V -2 5 93 62 296 203
V E 2 1 62 78 109 47
E Space -3 -1 78 109 94 16
Space W 3 2 109 110 1185 1076
W H -1 -4 110 93 110 0
H A 0 5 93 140 62 -31
A T 1 -4 140 110 140 0
T Space -3 1 110 94 156 46
Space Y 3 -2 94 94 156 62
Y O 0 -3 94 141 125 31
O U 0 2 141 124 63 -78
U Space -3 3 124 125 124 0
Space D 2 1 125 78 1108 983
D O 1 -6 78 78 94 16
O OemPeriod -2 0 78 62 296 218
OemPeriod Space -1 5 62 94 109 47
Space LShiftKey 1 4 94 608 3916 3822
LShiftKey I 2 -8 608 63 483 -125
I F -1 4 63 78 188 125
F Space -2 0 78 141 93 15
Space Y 3 -2 141 78 811 670
Y O 0 -3 78 188 390 312
O U 0 2 188 156 125 -63
U Space -3 3 156 124 141 -15
Space H 2 -2 124 78 312 188
H A 0 5 78 78 124 46
A V -1 -3 78 78 125 47
V E 2 1 78 78 141 63
E N -2 -3 78 94 514 436
N Oem7 1 -5 94 78 1092 998
Oem7 T 1 6 78 63 125 47
T Space -3 1 63 94 78 15
Space F 2 0 94 78 2309 2215
F O 1 -5 78 78 78 0
O U 0 2 78 94 187 109
U N -2 1 94 78 780 686
N D 1 3 78 78 63 -15
D Space -2 -1 78 93 109 31
Space I 3 -4 93 78 312 219
I R 0 4 78 78 93 15
R Space -3 0 78 94 78 0
Space Back 4 -9 94 94 437 343
Back T -1 8 94 62 172 78
T Space -3 1 62 94 140 78
Space Y 3 -2 94 62 1498 1404
Y E 0 3 62 93 312 250
E T 0 -2 93 78 187 94
T Back 1 -8 78 110 998 920
Back Back 0 0 110 78 156 46
Back Back 0 0 78 78 141 63
Back Back 0 0 78 78 140 62
Back Back 0 0 78 63 156 78
Back Back 0 0 63 94 125 62
Back Back 0 0 94 63 343 249
Back I -1 5 63 78 1045 982
I T 0 3 78 78 110 32
T Space -3 1 78 94 46 -32
Space Y 3 -2 94 94 234 140
Y E 0 3 94 78 188 94
E T 0 -2 78 78 312 234
T Oemcomma -2 -3 78 78 2075 1997
Oemcomma Space -1 4 78 94 93 15
Space L 2 -5 94 62 141 47
L Back 2 -4 62 94 374 312
Back K -2 5 94 78 281 187
K E 1 5 78 63 140 62
E E 0 0 63 93 141 78
E P 0 -7 93 94 124 31
P Space -3 6 94 140 110 16
Space L 2 -5 140 63 1107 967
L O 1 0 63 62 219 156
O O 0 0 62 78 124 62
O K -1 1 78 63 156 78
K I 1 0 63 93 141 78
I N -2 2 93 109 140 47
N B 0 1 109 78 16 -93
B G 1 0 78 78 109 31
G Space -2 1 78 125 125 47
Space Back 4 -9 125 93 1295 1170
Back Back 0 0 93 62 187 94
Back Back 0 0 62 141 140 78
Back G -2 8 141 78 1342 1201
G OemPeriod -1 -4 78 62 234 156
OemPeriod Space -1 5 62 109 156 94
Space LShiftKey 1 4 109 577 780 671
LShiftKey D 1 -3 577 63 483 -94
D O 1 -6 63 78 188 125
O N -2 3 78 78 171 93
N Oem7 1 -5 78 78 811 733
Oem7 T 1 6 78 62 110 32
T Space -3 1 62 94 93 31
Space S 2 2 94 63 343 249
S E 1 -1 63 78 188 125
E T 0 -2 78 63 202 124
T T 0 0 63 78 141 78
T L -1 -4 78 78 156 78
L E 1 6 78 62 109 31
E Space -3 -1 62 78 125 63
Space D 2 1 78 78 327 249
D O 1 -6 78 78 125 47
O W 0 7 78 78 234 156
W N -2 -4 78 78 109 31
N Space -1 2 78 109 110 32
Space Back 4 -9 109 109 2059 1950
Back Back 0 0 109 124 437 328
Back Back 0 0 124 62 218 94
Back Back 0 0 62 62 156 94
Back Back 0 0 62 62 156 94
Back Back 0 0 62 94 140 78
Back OemPeriod -3 4 94 47 858 764
OemPeriod Space -1 5 47 109 110 63
Space LShiftKey 1 4 109 374 1778 1669
LShiftKey A 1 -1 374 109 281 -93
A S 0 -1 109 125 218 109
S Space -2 -2 125 125 156 31
Space W 3 2 125 78 1747 1622
W I 0 -6 78 78 94 16
I T 0 3 78 78 140 62
T H -1 -1 78 78 94 16
H Space -2 2 78 93 94 16
Space A 2 3 93 94 530 437
A L 0 -8 94 46 172 78
L L 0 0 46 94 140 94
L Space -2 5 94 109 109 15
Space T 3 -1 109 94 203 94
T H -1 -1 94 78 109 15
H E 1 3 78 78 78 0
E Space -3 -1 78 94 125 47
Space M 1 -3 94 78 640 546
M A 1 6 78 78 124 46
A T 1 -4 78 78 250 172
T T 0 0 78 94 156 78
T E 0 2 94 125 125 31
E R 0 -1 125 94 140 15
R S -1 2 94 78 1030 936
S Space -2 -2 78 109 140 62
Space O 3 -5 109 78 312 203
O F -1 5 78 62 94 16
F Space -2 0 62 93 78 16
Space H 2 -2 93 78 296 203
H E 1 3 78 94 109 31
E A -1 2 94 125 125 31
A R 1 -3 125 94 281 156
R T 0 -1 94 62 359 265
T Space -3 1 62 125 109 47
Space Back 4 -9 125 62 1061 936
Back Oemcomma -3 5 62 94 249 187
Oemcomma Space -1 4 94 93 110 16
Space Y 3 -2 93 78 795 702
Y O 0 -3 78 93 141 63
O U 0 2 93 141 46 -47
U Oem7 -1 -4 141 63 827 686
Oem7 L 0 2 63 62 250 187
L L 0 0 62 78 125 63
L Space -2 5 78 94 124 46
Space K 2 -4 94 156 1436 1342
K N -1 2 156 171 109 -47
N O 2 -3 171 94 764 593
O W 0 7 94 78 94 0
W Space -3 -2 78 109 62 -16
Space H 2 -2 109 78 1467 1358
H E 1 3 78 78 639 561
E N -2 -3 78 78 109 31
N Space -1 2 78 93 110 32
Space Y 3 -2 93 78 1435 1342
Y O 0 -3 78 110 93 15
O U 0 2 110 125 63 -47
U Oem7 -1 -4 125 78 483 358
Oem7 L 0 2 78 46 266 188
L L 0 0 46 63 124 78
L Space -2 5 63 94 156 93
Space F 2 0 94 63 1092 998
F I 1 -4 63 156 78 15
I N -2 2 156 141 78 -78
N D 1 3 141 63 593 452
D Space -2 -1 63 125 78 15
Space I 3 -4 125 78 234 109
I T 0 3 78 78 156 78
T OemPeriod -2 -4 78 47 2699 2621
OemPeriod Space -1 5 47 125 140 93
Space LShiftKey 1 4 125 546 328 203
LShiftKey A 1 -1 546 124 406 -140
A N -1 -5 124 93 234 110
N D 1 3 93 94 62 -31
D Space -2 -1 94 47 156 62
Space Back 4 -9 47 78 655 608
Back Oemcomma -3 5 78 78 265 187
Oemcomma Space -1 4 78 141 78 0
Space L 2 -5 141 63 281 140
L I 1 1 63 78 172 109
I K -1 0 78 78 218 140
K E 1 5 78 78 125 47
E Space -3 -1 78 125 109 31
Space A 2 3 125 78 1373 1248
A N -1 -5 78 78 78 0
N Y 2 0 78 78 218 140
Y Space -3 2 78 140 110 32
Space G 2 -1 140 78 421 281
G R 1 1 78 63 171 93
R E 0 1 63 203 141 78
E A -1 2 203 109 156 -47
A T 1 -4 109 94 140 31
T Space -3 1 94 110 109 15
Space R 3 0 110 125 312 202
R E 0 1 125 125 78 -47
E L -1 -6 125 78 219 94
L A 0 8 78 78 109 31
A T 1 -4 78 93 203 125
T I 0 -3 93 140 125 32
I O 0 -1 140 156 140 0
O N -2 3 156 78 156 0
N S 1 4 78 78 515 437
S H 0 -4 78 109 125 47
H I 1 -2 109 187 156 47
I P 0 -2 187 156 156 -31
P Space -3 6 156 171 187 31
Space Back 4 -9 171 94 967 796
Back Oemcomma -3 5 94 78 343 249
Oemcomma Space -1 4 78 141 109 31
Space I 3 -4 141 94 484 343
I T 0 3 94 109 94 0
T Space -3 1 109 141 93 -16
Space J 2 -3 141 63 1092 951
J U 1 0 63 94 125 62
U S -1 5 94 109 109 15
S T 1 -3 109 93 250 141
T Space -3 1 93 124 125 32
Space G 2 -1 124 125 889 765
G E 1 2 125 125 109 -16
E T 0 -2 125 140 234 109
T S -1 3 140 110 218 78
S Space -2 -2 110 156 156 46
Space B 1 -1 156 78 1716 1560
B E 2 2 78 93 110 32
E T 0 -2 93 62 218 125
T T 0 0 62 94 156 94
T E 0 2 94 125 109 15
E R 0 -1 125 93 94 -31
R Space -3 0 93 109 109 16
Space A 2 3 109 78 608 499
A N -1 -5 78 78 110 32
N D 1 3 78 78 109 31
D Space -2 -1 78 93 78 0
Space B 1 -1 93 78 359 266
B E 2 2 78 94 140 62
E T 0 -2 94 47 218 124
T T 0 0 47 94 156 109
T E 0 2 94 125 94 0
E R 0 -1 125 94 109 -16
R Space -3 0 94 110 109 15
Space A 2 3 110 94 983 873
A S 0 -1 94 109 141 47
S Space -2 -2 109 94 124 15
Space T 3 -1 94 63 780 686
T H -1 -1 63 78 78 15
H E 1 3 78 62 110 32
E Space -3 -1 62 93 78 16
Space Y 3 -2 93 78 343 250
Y E 0 3 78 78 125 47
E A -1 2 78 109 171 93
A R 1 -3 109 94 156 47
R S -1 2 94 109 843 749
S Space -2 -2 109 109 156 47
Space R 3 0 109 62 608 499
R O 0 -5 62 78 109 47
O L -1 0 78 63 187 109
L L 0 0 63 62 141 78
L Space -2 5 62 93 78 16
Space O 3 -5 93 203 218 125
O N -2 3 203 109 172 -31
N OemPeriod 0 -3 109 63 842 733
OemPeriod Space -1 5 63 94 78 15
Space LShiftKey 1 4 94 312 172 78
LShiftKey S 1 -2 312 125 187 -125
S O 1 -7 125 78 140 15
O Space -3 5 78 141 125 47
Space K 2 -4 141 78 390 249
K E 1 5 78 62 172 94
E E 0 0 62 78 156 94
E P 0 -7 78 78 93 15
P Space -3 6 78 109 94 16
Space L 2 -5 109 78 1232 1123
L O 1 0 78 47 203 125
O O 0 0 47 78 109 62
O K -1 1 78 78 141 63
K I 1 0 78 187 156 78
I N -2 2 187 109 140 -47
N G 1 1 109 63 109 0
G Space -2 1 63 109 141 78
Space U 3 -3 109 78 1747 1638
U N -2 1 78 94 140 62
N T 2 1 94 78 297 203
T I 0 -3 78 109 109 31
I L -1 -1 109 109 125 16
L Space -2 5 109 109 125 16
Space Y 3 -2 109 78 889 780
Y O 0 -3 78 172 62 -16
O U 0 2 172 124 63 -109
U Space -3 3 124 94 171 47
Space F 2 0 94 78 874 780
F I 1 -4 78 156 109 31
I N -2 2 156 140 78 -78
N D 1 3 140 78 515 375
D Space -2 -1 78 93 125 47
Space I 3 -4 93 93 1513 1420
I T 0 3 93 78 140 47
T OemPeriod -2 -4 78 78 577 499
OemPeriod Space -1 5 78 94 125 47
Space LShiftKey 1 4 94 406 203 109
LShiftKey D 1 -3 406 78 265 -141
D O 1 -6 78 78 265 187
O N -2 3 78 78 999 921
N Oem7 1 -5 78 78 717 639
Oem7 T 1 6 78 62 94 16
T Space -3 1 62 93 94 32
Space S 2 2 93 78 639 546
S E 1 -1 78 78 203 125
E T 0 -2 78 63 265 187
T T 0 0 63 63 156 93
T L -1 -4 63 78 125 62
L E 1 6 78 94 109 31
E OemPeriod -2 -6 94 63 967 873
OemPeriod Back 3 -4 63 63 5070 5007
Back S -2 11 63 109 110 47
S Back 2 -11 109 78 1544 1435
Back O -1 4 78 94 140 62
O Back 1 -4 94 78 2855 2761
Back M -3 6 78 93 94 16
M Back 3 -6 93 78 2667 2574
Back Back 0 0 78 62 6256 6178
Back A -2 12 62 109 109 47
A Back 2 -12 109 63 4087 3978
Back E -1 10 63 78 2699 2636
E Back 1 -10 78 109 4415 4337
Back Right -4 0 109 109 609 500
Right E 3 10 109 141 670 561
E Back 1 -10 141 46 4244 4103
Back Back 0 0 46 63 3525 3479
Back Back 0 0 63 78 2746 2683
Back Right -4 0 78 78 1513 1435
Right D 2 10 78 93 125 47
D Space -2 -1 93 141 2480 2387
Space E 3 1 141 94 9391 9250
E Back 1 -10 94 78 3354 3260
Back Back 0 0 78 78 172 94
Back T -1 8 78 78 874 796
T O 0 -4 78 78 93 15
O Back 1 -4 78 63 7176 7098
Back LShiftKey -3 13 63 187 156 93
LShiftKey LShiftKey 0 0 187 842 281 94
LShiftKey I 2 -8 842 78 515 -327
I E 0 5 78 93 2808 2730
E T 0 -2 93 78 6037 5944
T Back 1 -8 78 78 3853 3775
Back R -1 9 78 94 109 31
R Right -3 -9 94 78 2013 1919
Right Back 4 0 78 78 842 764
Back Back 0 0 78 62 172 94
Back E -1 10 62 109 3869 3807
E Back 1 -10 109 63 2230 2121
Back Back 0 0 63 62 4322 4259
Back Space -4 9 62 156 1638 1576
Space Back 4 -9 156 62 5335 5179
