LShiftKey W 2 -2 483 141 405 -78
W H -1 -4 141 109 141 0
H A 0 5 109 141 171 62
A T 1 -4 141 78 63 -78
T Space -3 1 78 93 187 109
Space LShiftKey 1 4 93 312 218 125
LShiftKey I 2 -8 312 78 109 -203
I Space -3 4 78 63 203 125
Space L 2 -5 63 47 187 124
L I 1 1 47 78 156 109
I K -1 0 78 78 156 78
K E 1 5 78 156 141 63
E Space -3 -1 156 78 125 -31
Space A 2 3 78 171 7254 7176
A B -1 -4 171 62 156 -15
B O 2 -4 62 172 249 187
O U 0 2 172 78 156 -16
U T 0 2 78 109 156 78
T Space -3 1 109 94 125 16
Space LShiftKey 1 4 94 297 296 202
LShiftKey B 0 -5 297 78 78 -219
B U 2 -2 78 62 219 141
U F -1 3 62 47 187 125
F F 0 0 47 62 125 78
F A 0 3 62 156 171 109
A L 0 -8 156 78 110 -46
L O 1 0 78 62 156 78
O Space -3 5 62 78 202 140
Space I 3 -4 78 78 203 125
I S -1 6 78 156 156 78
S Space -2 -2 156 62 125 -31
Space A 2 3 62 188 18548 18486
A B -1 -4 188 78 110 -78
B O 2 -4 78 125 202 124
O U 0 2 125 94 156 31
U T 0 2 94 78 671 577
T Space -3 1 78 78 203 125
Space LShiftKey 1 4 78 296 203 125
LShiftKey B 0 -5 296 63 93 -203
B U 2 -2 63 62 188 125
U F -1 3 62 62 187 125
F F 0 0 62 62 125 63
F A 0 3 62 171 78 16
A L 0 -8 171 47 187 16
L O 1 0 47 78 125 78
O Space -3 5 78 63 202 124
Space I 3 -4 63 78 188 125
I S -1 6 78 172 124 46
S Space -2 -2 172 94 94 -78
Space T 3 -1 94 62 234 140
T H -1 -1 62 94 140 78
H A 0 5 94 171 141 47
A T 1 -4 171 78 109 -62
T Space -3 1 78 94 265 187
Space Back 4 -9 94 890 1045 951
Back Back 0 0 890 94 1014 124
Back Back 0 0 94 47 203 109
Back U -1 6 47 78 796 749
U F -1 3 78 78 390 312
F F 0 0 78 78 125 47
F A 0 3 78 156 140 62
A L 0 -8 156 62 172 16
L O 1 0 62 78 140 78
O Space -3 5 78 62 281 203
Space I 3 -4 62 78 390 328
I S -1 6 78 47 249 171
S Space -2 -2 47 78 32 -15
Space T 3 -1 78 78 249 171
T H -1 -1 78 78 172 94
H A 0 5 78 156 78 0
A T 1 -4 156 78 140 -16
T Space -3 1 78 94 702 624
Space I 3 -4 94 156 33821 33727
I T 0 3 156 140 234 78
T Space -3 1 140 109 156 16
Space H 2 -2 109 93 172 63
H A 0 5 93 234 187 94
A Capital 0 1 234 31 0 -234
Capital S 0 -2 31 171 827 796
S Space -2 -2 171 124 234 63
Space A 2 3 124 172 218 94
A Space -2 -3 172 78 140 -32
Space Back 4 -9 78 78 359 281
Back Back 0 0 78 78 187 109
Back Back 0 0 78 78 156 78
Back Back 0 0 78 31 188 110
Back Capital -2 13 31 156 748 717
Capital S 0 -2 156 125 1155 999
S Space -2 -2 125 109 140 15
Space A 2 3 109 156 125 16
A Space -2 -3 156 94 109 -47
Space I 3 -4 94 125 889 795
I Back 1 -5 125 109 500 375
Back Back 0 0 109 78 218 109
Back Space -4 9 78 141 530 452
Space R 3 0 141 109 219 78
R I 0 -4 109 94 1669 1560
I H -1 2 94 94 312 218
H C -1 3 94 156 156 62
C Back 3 -10 156 62 328 172
Back Back 0 0 62 78 187 125
Back Oem5 -1 0 78 62 0 -78
Oem5 C -2 10 62 140 265 203
C Back 3 -10 140 78 312 172
Back Back 0 0 78 93 172 94
Back C -3 10 93 140 218 125
C H 1 -3 140 110 140 0
H Space -2 2 110 110 312 202
Space C 1 1 110 140 500 390
C O 2 -6 140 93 187 47
O L -1 0 93 78 187 94
L Back 2 -4 78 125 515 437
Back Back 0 0 125 125 218 93
Back Back 0 0 125 172 468 343
Back Back 0 0 172 687 265 93
Back S -2 11 687 156 10718 10031
S O 1 -7 156 93 156 0
O M -2 2 93 141 218 125
M E 2 4 141 140 141 0
E T 0 -2 140 63 202 62
T H -1 -1 63 78 172 109
H I 1 -2 78 78 156 78
I N -2 2 78 63 187 109
N G 1 1 63 140 47 -16
G Space -2 1 140 78 125 -15
Space T 3 -1 78 63 249 171
T H -1 -1 63 78 156 93
H A 0 5 78 140 94 16
A T 1 -4 140 78 109 -31
T Space -3 1 78 78 187 109
Space E 3 1 78 140 141 63
E V -2 -1 140 78 234 94
V R 2 0 78 156 234 156
R Y 0 -2 156 62 187 31
Y O 0 -3 62 78 203 141
O N -2 3 78 78 187 109
N E 2 3 78 141 140 62
E Space -3 -1 141 78 110 -31
Space R 3 0 78 62 343 265
R E 0 1 62 93 125 63
E L -1 -6 93 94 280 187
L A 0 8 94 172 125 31
A T 1 -4 172 63 187 15
T E 0 2 63 93 141 78
E S -1 1 93 156 265 172
S Space -2 -2 156 78 156 0
Space T 3 -1 78 125 374 296
T O 0 -4 125 94 172 47
O OemPeriod -2 0 94 140 1186 1092
OemPeriod Space -1 5 140 78 327 187
Space Back 4 -9 78 1685 437 359
Back Back 0 0 1685 109 2122 437
Back Back 0 0 109 530 655 546
Back Back 0 0 530 78 671 141
Back Back 0 0 78 78 202 124
Back Back 0 0 78 94 203 125
Back Back 0 0 94 78 203 109
Back Back 0 0 78 125 203 125
Back T -1 8 125 78 12745 12620
T H -1 -1 78 78 172 94
H E 1 3 78 156 171 93
E Space -3 -1 156 78 31 -125
Space P 3 -6 78 78 266 188
P E 0 7 78 156 187 109
E O 0 -6 156 78 265 109
O P 0 -1 78 62 172 94
P L -1 1 62 78 156 94
L E 1 6 78 125 109 31
E Space -3 -1 125 78 171 46
Space A 2 3 78 156 203 125
A R 1 -3 156 47 125 -31
R E 0 1 47 78 125 78
E Space -3 -1 78 78 218 140
Space V 1 0 78 78 187 109
V E 2 1 78 125 141 63
E R 0 -1 125 62 109 -16
R Y 0 -2 62 78 156 94
Y Space -3 2 78 47 203 125
Space F 2 0 47 63 171 124
F R 1 0 63 63 156 93
R I 0 -4 63 78 219 156
I N -2 2 78 78 593 515
N D 1 3 78 110 202 124
D L 0 -6 110 78 63 -47
L Y 1 3 78 62 234 156
Y Space -3 2 62 78 187 125
Space A 2 3 78 156 156 78
A N -1 -5 156 63 109 -47
N D 1 3 63 156 219 156
D Space -2 -1 156 94 15 -141
Space P 3 -6 94 78 265 171
P O 0 1 78 78 266 188
O L -1 0 78 78 187 109
L I 1 1 78 78 187 109
I T 0 3 78 78 234 156
T E 0 2 78 172 265 187
E OemPeriod -2 -6 172 109 281 109
OemPeriod Space -1 5 109 110 452 343
Space E 3 1 110 171 3027 2917
E Back 1 -10 171 94 1903 1732
Back Space -4 9 94 93 406 312
Space A 2 3 93 140 140 47
A N -1 -5 140 78 140 0
N D 1 3 78 141 125 47
D Space -2 -1 141 63 109 -32
Space T 3 -1 63 62 219 156
T H -1 -1 62 78 156 94
H E 1 3 78 125 78 0
E Space -3 -1 125 78 109 -16
Space F 2 0 78 109 156 78
F O 1 -5 109 78 250 141
O I 0 1 78 172 1294 1216
I D -1 5 172 140 250 78
D Space -2 -1 140 31 203 63
Space Back 4 -9 31 94 265 234
Back Back 0 0 94 94 187 93
Back Back 0 0 94 141 156 62
Back O -1 4 141 125 515 374
O D -1 6 125 140 234 109
D Space -2 -1 140 63 109 -31
Space E 3 1 63 125 265 202
E R 0 -1 125 63 156 31
R Back 1 -9 63 94 437 374
Back Back 0 0 94 110 187 93
Back H -2 7 110 78 578 468
H E 1 3 78 109 156 78
E R 0 -1 109 78 109 0
R E 0 1 78 78 140 62
E Space -3 -1 78 78 156 78
Space I 3 -4 78 78 250 172
I D -1 5 78 110 171 93
D Back 2 -10 110 94 390 280
Back S -2 11 94 140 141 47
S Space -2 -2 140 78 203 63
Space A 2 3 78 156 343 265
A W 1 -1 156 47 296 140
W E 0 -1 47 78 141 94
E S -1 1 78 156 156 78
S O 1 -7 156 78 234 78
O M -2 2 78 78 187 109
M E 2 4 78 156 156 78
E OemPeriod -2 -6 156 78 156 0
OemPeriod Space -1 5 78 78 218 140
Space LShiftKey 1 4 78 406 2418 2340
LShiftKey W 2 -2 406 93 172 -234
W H -1 -4 93 78 312 219
H A 0 5 78 187 203 125
A T 1 -4 187 78 156 -31
T Space -3 1 78 78 187 109
Space LShiftKey 1 4 78 234 374 296
LShiftKey I 2 -8 234 78 125 -109
I Space -3 4 78 94 187 109
Space D 2 1 94 125 281 187
D I 1 -5 125 78 156 31
I S -1 6 78 156 156 78
S L 0 -7 156 78 109 -47
L O 1 0 78 63 187 109
O Back 1 -4 63 93 422 359
Back I -1 5 93 93 234 141
I K -1 0 93 94 202 109
K E 1 5 94 172 172 78
E Space -3 -1 172 78 187 15
Space A 2 3 78 202 219 141
A B -1 -4 202 63 249 47
B O 2 -4 63 78 265 202
O U 0 2 78 78 172 94
U T 0 2 78 78 187 109
T Space -3 1 78 78 109 31
Space B 1 -1 78 78 203 125
B Back 3 -8 78 93 375 297
Back LShiftKey -3 13 93 203 202 109
LShiftKey B 0 -5 203 78 94 -109
B U 2 -2 78 62 203 125
U F -1 3 62 62 187 125
F F 0 0 62 78 125 63
F A 0 3 78 156 62 -16
A L 0 -8 156 78 203 47
L O 1 0 78 62 172 94
O Space -3 5 62 31 218 156
Space I 3 -4 31 62 172 141
I S -1 6 62 94 140 78
S Space -2 -2 94 94 78 -16
Space T 3 -1 94 62 234 140
T H -1 -1 62 78 156 94
H A 0 5 78 140 125 47
A T 1 -4 140 78 109 -31
T Space -3 1 78 78 218 140
Space T 3 -1 78 63 281 203
T H -1 -1 63 94 156 93
H E 1 3 94 78 187 93
E R 0 -1 78 62 94 16
R E 0 1 62 94 109 47
E Space -3 -1 94 78 141 47
Space A 2 3 78 125 124 46
A R 1 -3 125 63 125 0
R E 0 1 63 78 141 78
E Space -3 -1 78 62 218 140
Space N 1 -2 62 62 172 110
N O 2 -3 62 78 187 125
O T 0 4 78 109 125 47
T Space -3 1 109 78 109 0
Space M 1 -3 78 78 171 93
M N 0 1 78 78 172 94
N A 1 5 78 140 0 -78
A Y 1 -5 140 78 203 63
Y Space -3 2 78 62 203 125
Space P 3 -6 62 62 218 156
P E 0 7 62 125 140 78
E O 0 -6 125 63 78 -47
O P 0 -1 63 78 141 78
P L -1 1 78 78 171 93
L E 1 6 78 110 156 78
E Space -3 -1 110 94 1061 951
Space A 2 3 94 203 265 171
A R 1 -3 203 78 297 94
R O 0 -5 78 187 374 296
O U 0 2 187 78 172 -15
U N -2 1 78 93 234 156
N D 1 3 93 156 140 47
D Space -2 -1 156 93 406 250
Space A 2 3 93 156 281 188
A N -1 -5 156 94 171 15
N D 1 3 94 156 172 78
D Space -2 -1 156 94 218 62
Space Back 4 -9 94 63 2839 2745
Back Back 0 0 63 78 141 78
Back A -2 12 78 171 125 47
A N -1 -5 171 63 171 0
N I 2 -2 63 93 2091 2028
I T 0 3 93 78 202 109
T Space -3 1 78 78 203 125
Space I 3 -4 78 62 203 125
I S -1 6 62 141 140 78
S Back 2 -11 141 94 406 265
Back Back 0 0 94 78 172 78
Back G -2 8 78 78 546 468
G E 1 2 78 110 124 46
E T 0 -2 110 78 110 0
T S -1 3 78 156 202 124
S Space -2 -2 156 78 63 -93
Space K 2 -4 78 78 296 218
K I 1 0 78 78 172 94
I N -2 2 78 78 203 125
N D 1 3 78 140 530 452
D Space -2 -1 140 93 172 32
Space O 3 -5 93 62 218 125
O P 0 -1 62 62 0 -62
P F -1 6 62 109 156 94
F Space -2 0 109 78 187 78
Space D 2 1 78 109 172 94
D U 1 -4 109 78 468 359
U L -1 -2 78 78 234 156
L L 0 0 78 78 156 78
L Back 2 -4 78 1045 764 686
Back E -1 10 1045 110 1981 936
E T 0 -2 110 78 141 31
T S -1 3 78 93 156 78
S Space -2 -2 93 78 109 16
Space D 2 1 78 109 125 47
D U 1 -4 109 78 171 62
U L -1 -2 78 78 203 125
L L 0 0 78 62 141 63
L OemPeriod -1 0 62 78 171 109
OemPeriod Space -1 5 78 63 702 624
Space Left 0 -7 63 93 3261 3198
Left Left 0 0 93 110 358 265
Left Back 4 -2 110 78 515 405
Back LShiftKey -3 13 78 265 3994 3916
LShiftKey T 2 -5 265 94 140 -125
T H -1 -1 94 93 172 78
H E 1 3 93 140 203 110
E Space -3 -1 140 93 31 -109
Space B 1 -1 93 78 203 110
B U 2 -2 78 78 202 124
U L -1 -2 78 47 219 141
L K 0 1 47 31 0 -47
K Back 2 -5 31 109 655 624
Back I -1 5 109 109 265 156
I K -1 0 109 78 250 141
K Back 2 -5 78 78 624 546
Back Back 0 0 78 78 203 125
Back Back 0 0 78 32 748 670
Back I -1 5 32 78 234 202
I L -1 -1 78 78 203 125
L D 0 6 78 125 172 94
D I 1 -5 125 63 140 15
I N -2 2 63 93 219 156
N G 1 1 93 78 234 141
G S 0 3 78 140 156 78
S Back 2 -11 140 655 374 234
Back Back 0 0 655 125 1139 484
Back Back 0 0 125 109 187 62
Back Back 0 0 109 125 187 78
Back Back 0 0 125 94 187 62
Back Back 0 0 94 109 172 78
Back Back 0 0 109 109 187 78
Back Back 0 0 109 125 172 63
Back Back 0 0 125 109 265 140
Back Back 0 0 109 62 234 125
Back OemPeriod -3 4 62 94 1076 1014
OemPeriod Space -1 5 94 78 234 140
Space LShiftKey 1 4 78 265 250 172
LShiftKey Y 2 -6 265 110 140 -125
Y E 0 3 110 78 250 140
E S -1 1 78 156 172 94
S Space -2 -2 156 78 156 0
Space I 3 -4 78 78 218 140
I Space -3 4 78 32 218 140
Space D 2 1 32 156 156 124
D O 1 -6 156 78 546 390
O Space -3 5 78 93 188 110
Space L 2 -5 93 62 234 141
L I 1 1 62 63 171 109
I K -1 0 63 78 156 93
K E 1 5 78 125 109 31
E Space -3 -1 125 62 141 16
Space T 3 -1 62 78 265 203
T H -1 -1 78 78 187 109
H E 1 3 78 140 125 47
E Oemcomma -2 -5 140 172 2714 2574
Oemcomma Space -1 4 172 109 5008 4836
Space B 1 -1 109 78 187 78
B U 2 -2 78 63 234 156
U I 0 -1 63 78 172 109
I L -1 -1 78 78 172 94
L D 0 6 78 140 156 78
D I 1 -5 140 78 109 -31
I N -2 2 78 78 171 93
N G 1 1 78 78 188 110
G S 0 3 78 156 249 171
S Space -2 -2 156 62 203 47
Space A 2 3 62 187 234 172
A N -1 -5 187 78 187 0
N D 1 3 78 156 203 125
D Space -2 -1 156 94 140 -16
Space T 3 -1 94 62 266 172
T H -1 -1 62 93 156 94
H E 1 3 93 156 124 31
E Space -3 -1 156 78 110 -46
Space L 2 -5 78 78 686 608
L E 1 6 78 140 125 47
E C -2 0 140 78 218 78
C T 2 -2 78 62 219 141
T U 0 -2 62 78 171 109
U R 0 3 78 78 203 125
R E 0 1 78 109 156 78
E Space -3 -1 109 78 156 47
Space R 3 0 78 78 359 281
R O 0 -5 78 78 343 265
O O 0 0 78 62 172 94
O M -2 2 62 62 187 125
M S 1 5 62 125 951 889
S OemPeriod -1 -7 125 109 188 63
OemPeriod Space -1 5 109 124 546 437
Space LShiftKey 1 4 124 640 6099 5975
LShiftKey W 2 -2 640 63 468 -172
W E 0 -1 63 63 343 280
E Space -3 -1 63 78 188 125
Space G 2 -1 78 47 218 140
G E 1 2 47 125 78 31
E T 0 -2 125 78 94 -31
T Space -3 1 78 78 202 124
Space A 2 3 78 141 203 125
A L 0 -8 141 62 94 -47
L L 0 0 62 63 140 78
L Space -2 5 63 93 219 156
Space K 2 -4 93 78 1123 1030
K I 1 0 78 78 171 93
I N -2 2 78 78 203 125
N D 1 3 78 94 265 187
D S 0 1 94 140 172 78
S Space -2 -2 140 78 109 -31
Space O 3 -5 78 78 265 187
O F -1 5 78 94 203 125
F Space -2 0 94 94 109 15
Space C 1 1 94 62 250 156
C U 2 -4 62 78 250 188
U I 0 -1 78 78 171 93
I S -1 6 78 141 156 78
S I 1 -6 141 78 109 -32
I N -2 2 78 93 188 110
N E 2 3 93 62 156 63
E S -1 1 62 141 280 218
S Space -2 -2 141 78 156 15
Space A 2 3 78 172 562 484
A N -1 -5 172 78 172 0
N D 1 3 78 140 234 156
D Space -2 -1 140 78 109 -31
Space T 3 -1 78 78 249 171
T H -1 -1 78 78 188 110
H A 0 5 78 187 156 78
A T 1 -4 187 62 187 0
T Space -3 1 62 78 187 125
Space I 3 -4 78 78 203 125
I S -1 6 78 140 109 31
S Space -2 -2 140 78 140 0
Space F 2 0 78 78 203 125
F A 0 3 78 172 109 31
A N -1 -5 172 93 141 -31
N T 2 1 93 78 234 141
T A -1 4 78 125 109 31
A S 0 -1 125 109 250 125
S T 1 -3 109 62 156 47
T I 0 -3 62 63 202 140
I C -2 5 63 125 141 78
C OemPeriod 0 -6 125 125 249 124
OemPeriod Space -1 5 125 78 359 234
Space LShiftKey 1 4 78 453 3666 3588
LShiftKey Y 2 -6 453 94 312 -141
Y E 0 3 94 78 281 187
E S -1 1 78 203 156 78
S Oemcomma -1 -6 203 94 1045 842
Oemcomma Space -1 4 94 78 219 125
Space I 3 -4 78 109 499 421
I Space -3 4 109 78 249 140
Space T 3 -1 78 94 281 203
T Back 1 -8 94 93 328 234
Back Back 0 0 93 94 187 94
Back Back 0 0 94 93 172 78
Back LShiftKey -3 13 93 359 374 281
LShiftKey I 2 -8 359 93 250 -109
I Space -3 4 93 110 202 109
Space T 3 -1 110 141 234 124
T H -1 -1 141 62 63 -78
H I 1 -2 62 78 156 94
I N -2 2 78 62 187 109
N K 1 -2 62 78 140 78
K Space -2 4 78 78 188 110
Space T 3 -1 78 63 249 171
T H -1 -1 63 78 156 93
H E 1 3 78 125 203 125
E Space -3 -1 125 62 125 0
Space S 2 2 62 109 827 765
S C -1 -1 109 125 265 156
C H 1 -3 125 78 140 15
H O 1 -3 78 63 234 156
O O 0 0 63 62 141 78
O L -1 0 62 62 156 94
L Space -2 5 62 63 202 140
Space H 2 -2 63 62 172 109
H A 0 5 62 125 62 0
A S 0 -1 125 93 219 94
S Space -2 -2 93 93 78 -15
Space E 3 1 93 125 156 63
E N -2 -3 125 78 421 296
N O 2 -3 78 62 250 172
O U 0 2 62 94 405 343
U G -1 2 94 203 203 109
G H 0 -1 203 93 281 78
H Space -2 2 93 78 702 609
Space S 2 2 78 171 359 281
S P 1 -8 171 63 249 78
P O 0 1 63 78 172 109
O R 0 5 78 140 234 156
R T 0 -1 140 62 125 -15
T N -2 -1 62 63 358 296
N Back 3 -7 63 109 765 702
Back I -1 5 109 78 717 608
I G -1 3 78 109 172 94
G N -1 -1 109 63 109 0
N Space -1 2 63 94 203 140
Space F 2 0 94 62 203 109
F A 0 3 62 172 109 47
A C -1 -2 172 63 109 -63
C I 2 -5 63 62 250 187
I L -1 -1 62 78 171 109
L I 1 1 78 78 172 94
I T 0 3 78 93 172 94
T I 0 -3 93 63 93 0
I E 0 5 63 125 250 187
E S -1 1 125 156 281 156
S OemPeriod -1 -7 156 125 904 748
OemPeriod Back 3 -4 125 62 3058 2933
Back Back 0 0 62 94 140 78
Back N -3 7 94 94 328 234
N G 1 1 94 78 250 156
G Space -2 1 78 187 4321 4243
Space LShiftKey 1 4 187 1358 5553 5366
LShiftKey I 2 -8 1358 125 1233 -125
I Space -3 4 125 93 312 187
Space T 3 -1 93 125 312 219
T H -1 -1 125 62 109 -16
H I 1 -2 62 78 172 110
I B -2 3 78 63 202 124
B K 1 -3 63 46 188 125
K J 0 1 46 16 15 -31
J Back 2 -6 16 94 671 655
Back Back 0 0 94 78 172 78
Back Back 0 0 78 93 156 78
Back N -3 7 93 62 686 593
N K 1 -2 62 78 172 110
K Space -2 4 78 78 171 93
Space R 3 0 78 109 219 141
R O 0 -5 109 63 124 15
O C -2 6 63 141 234 171
C K 1 -5 141 78 125 -16
K Space -2 4 78 47 234 156
Space C 1 1 47 140 281 234
C L 1 -6 140 78 218 78
L I 1 1 78 78 188 110
I M -2 1 78 93 187 109
M B 0 2 93 78 218 125
B I 2 -3 78 78 203 125
I N -2 2 78 78 187 109
N G 1 1 78 62 219 141
G Space -2 1 62 78 218 156
Space W 3 2 78 171 172 94
W O 0 -7 171 78 156 -15
O T 0 4 78 62 234 156
T Back 1 -8 62 94 327 265
Back U -1 6 94 94 234 140
U L -1 -2 94 93 219 125
L D 0 6 93 125 171 78
D Space -2 -1 125 63 109 -16
Space B 1 -1 63 78 172 109
B E 2 2 78 109 109 31
E Space -3 -1 109 78 125 16
Space S 2 2 78 140 172 94
S M -1 -5 140 78 390 250
M E 2 4 78 140 156 78
E T 0 -2 140 78 171 31
T H -1 -1 78 47 187 109
H G 0 1 47 32 0 -47
G I 1 -3 32 62 172 140
I N -2 2 62 78 187 125
N G 1 1 78 125 172 94
G Space -2 1 125 62 109 -16
Space I 3 -4 62 78 203 141
I Space -3 4 78 94 218 140
Space Back 4 -9 94 78 375 281
Back Back 0 0 78 94 171 93
Back Back 0 0 94 94 203 109
Back Space -4 9 94 94 1045 951
Space LShiftKey 1 4 94 312 156 62
LShiftKey I 2 -8 312 94 156 -156
I Space -3 4 94 78 234 140
Space W 3 2 78 171 531 453
W O 0 -7 171 141 171 0
O U 0 2 141 93 172 31
U L -1 -2 93 94 249 156
L D 0 6 94 110 156 62
D Space -2 -1 110 78 125 15
Space W 3 2 78 94 156 78
W A -1 1 94 156 219 125
A N -1 -5 156 78 124 -32
N T 2 1 78 78 188 110
T Space -3 1 78 94 202 124
Space T 3 -1 94 63 312 218
T O 0 -4 63 93 219 156
O Space -3 5 93 93 203 110
Space D 2 1 93 125 124 31
D Space -2 -1 125 78 328 203
Space Back 4 -9 78 125 1763 1685
Back O -1 4 125 94 265 140
O Space -3 5 94 78 218 124
Space O 3 -5 78 78 203 125
O N -2 3 78 78 172 94
N Space -1 2 78 63 171 93
Space A 2 3 63 125 141 78
A Space -2 -3 125 78 47 -78
Space R 3 0 78 78 2106 2028
R E 0 1 78 62 156 78
E G -1 -2 62 63 405 343
G U 1 -2 63 78 203 140
U L -1 -2 78 78 218 140
L K 0 1 78 47 16 -62
K A 0 7 47 187 125 78
A R 1 -3 187 78 171 -16
R Space -3 0 78 78 203 125
Space B 1 -1 78 78 172 94
B A 1 4 78 141 62 -16
A I 1 -7 141 78 312 171
I S -1 6 78 94 0 -78
S S 0 0 94 93 219 125
S Space -2 -2 93 94 202 109
Space Back 4 -9 94 94 437 343
Back Back 0 0 94 93 172 78
Back Back 0 0 93 109 187 94
Back Back 0 0 109 141 218 109
Back S -2 11 141 156 406 265
S I 1 -6 156 78 265 109
I S -1 6 78 125 125 47
S Back 2 -11 125 94 2246 2121
Back Space -4 9 94 172 2153 2059
Space Back 4 -9 172 171 1155 983
Back OemPeriod -3 4 171 109 733 562
OemPeriod Space -1 5 109 140 5101 4992
Space LShiftKey 1 4 140 327 1139 999
LShiftKey T 2 -5 327 63 249 -78
T H -1 -1 63 78 297 234
H E 1 3 78 125 156 78
E E 0 0 125 140 749 624
E Back 1 -10 140 93 655 515
Back Space -4 9 93 109 374 281
Space E 3 1 109 63 421 312
E D -1 0 63 109 172 109
D U 1 -4 109 78 234 125
U C -2 4 78 78 218 140
C A 1 2 78 156 172 94
A T 1 -4 156 78 125 -31
T O 0 -4 78 78 437 359
O Back 1 -4 78 109 405 327
Back I -1 5 109 94 281 172
I O 0 -1 94 78 203 109
O N -2 3 78 94 218 140
N Space -1 2 94 94 187 93
Space H 2 -2 94 94 437 343
H E 1 3 94 109 141 47
E R 0 -1 109 78 124 15
R E 0 1 78 78 125 47
E Space -3 -1 78 78 141 63
Space I 3 -4 78 78 218 140
I S -1 6 78 125 109 31
S Space -2 -2 125 94 125 0
Space E 3 1 94 109 125 31
E X -2 1 109 63 218 109
X T 2 -3 63 78 203 140
T R 0 1 78 78 156 78
R E 0 1 78 140 172 94
E Oemcomma -2 -5 140 62 218 78
Oemcomma M 0 1 62 47 0 -62
M Back 3 -6 47 109 421 374
Back M -3 6 109 62 297 188
M E 2 4 62 16 218 156
E Back 1 -10 16 93 203 187
Back Back 0 0 93 62 187 94
Back Back 0 0 62 125 140 78
Back M -3 6 125 78 328 203
M E 2 4 78 125 187 109
E L -1 -6 125 63 109 -16
L E 1 6 63 94 156 93
E Back 1 -10 94 63 390 296
Back Back 0 0 63 109 141 78
Back L -2 4 109 78 842 733
L Y 1 3 78 63 390 312
Y Space -3 2 63 78 203 140
Space C 1 1 78 63 452 374
C H 1 -3 63 78 188 125
H A 0 5 78 125 140 62
A L 0 -8 125 63 140 15
L L 0 0 63 78 125 62
L E 1 6 78 78 141 63
E N -2 -3 78 78 93 15
N G 1 1 78 62 593 515
G I 1 -3 62 62 203 141
I N -2 2 62 78 187 125
N G 1 1 78 93 562 484
G Space -2 1 93 94 218 125
Space A 2 3 94 171 141 47
A N -1 -5 171 78 156 -15
N D 1 3 78 141 171 93
D Space -2 -1 141 78 156 15
Space O 3 -5 78 94 1092 1014
O F -1 5 94 94 359 265
F Space -2 0 94 94 218 124
Space H 2 -2 94 109 796 702
H I 1 -2 109 109 187 78
I G -1 3 109 78 219 110
G H 0 -1 78 93 156 78
H Space -2 2 93 94 202 109
Space Q 3 3 94 156 250 156
Q U 0 -6 156 78 203 47
U A -1 6 78 156 171 93
A L 0 -8 156 78 125 -31
L K 0 1 78 47 16 -62
K I 1 0 47 78 156 109
I T 0 3 78 78 234 156
T Y 0 -1 78 78 187 109
Y Back 1 -7 78 93 515 437
Back Back 0 0 93 94 187 94
Back Back 0 0 94 93 172 78
Back Back 0 0 93 110 280 187
Back I -1 5 110 78 734 624
I T 0 3 78 78 234 156
T Y 0 -1 78 78 156 78
Y Oemcomma -2 -2 78 78 670 592
Oemcomma Space -1 4 78 94 234 156
Space I 3 -4 94 94 390 296
I T 0 3 94 78 234 140
T Space -3 1 78 78 219 141
Space P 3 -6 78 78 296 218
P U 0 3 78 78 219 141
U S -1 5 78 109 296 218
S H 0 -4 109 78 140 31
H E 1 3 78 109 110 32
E S -1 1 109 172 249 140
S Space -2 -2 172 78 141 -31
Space Y 3 -2 78 78 249 171
Y P 0 -4 78 78 375 297
P O 0 1 78 78 499 421
O U 0 2 78 78 187 109
U B -2 2 78 94 218 140
B T 2 0 94 63 234 140
T O 0 -4 63 78 234 171
O Space -3 5 78 94 203 125
Space Y 3 -2 94 78 265 171
Y O 0 -3 78 78 203 125
O I 0 1 78 47 203 125
I U 0 1 47 47 0 -47
U R 0 3 47 78 187 140
R Space -3 0 78 78 219 141
Space L 2 -5 78 94 218 140
L I 1 1 94 78 187 93
I M -2 1 78 78 187 109
M I 2 -1 78 62 172 94
I T 0 3 62 78 203 141
T S -1 3 78 171 203 125
S OemPeriod -1 -7 171 94 764 593
OemPeriod Back 3 -4 94 78 6240 6146
Back Back 0 0 78 93 172 94
Back Back 0 0 93 78 171 78
Back Back 0 0 78 63 156 78
Back Back 0 0 63 78 141 78
Back Back 0 0 78 78 156 78
Back O -1 4 78 109 780 702
O U 0 2 109 78 202 93
U Space -3 3 78 78 281 203
Space W 3 2 78 94 187 109
W A -1 1 94 140 219 125
A Y 1 -5 140 62 109 -31
Y Space -3 2 62 94 187 125
Space A 2 3 94 141 156 62
A B -1 -4 141 78 78 -63
B O 2 -4 78 93 250 172
O V -2 5 93 78 515 422
V E 2 1 78 140 234 156
E Space -3 -1 140 94 4773 4633
Space LShiftKey 1 4 94 296 219 125
LShiftKey T 2 -5 296 62 296 0
T H -1 -1 62 93 172 110
H E 1 3 93 156 156 63
E Space -3 -1 156 78 78 -78
Space P 3 -6 78 78 249 171
P R 0 6 78 140 94 16
R O 0 -5 140 63 140 0
O F -1 5 63 78 250 187
F E 1 1 78 62 203 125
E S -1 1 62 109 156 94
S S 0 0 109 109 187 78
S O 1 -7 109 63 140 31
O R 0 5 63 78 219 156
R S -1 2 78 124 156 78
S Space -2 -2 124 78 140 16
Space A 2 3 78 156 281 203
A R 1 -3 156 62 156 0
R E 0 1 62 78 156 94
E Space -3 -1 78 47 234 156
Space E 3 1 47 140 312 265
E R 0 -1 140 62 109 -31
R Y 0 -2 62 63 187 125
Y Space -3 2 63 78 187 124
Space K 2 -4 78 78 203 125
K N -1 2 78 78 156 78
N O 2 -3 78 78 172 94
O W 0 7 78 141 140 62
W L -1 -7 141 78 655 514
L E 1 6 78 109 141 63
E D -1 0 109 93 234 125
D G 0 -2 93 78 140 47
G A 0 4 78 156 187 109
A Back 2 -12 156 156 827 671
Back B -3 8 156 63 1201 1045
B Back 3 -8 63 93 375 312
Back A -2 12 93 187 234 141
A B -1 -4 187 62 811 624
B B 0 0 62 94 187 125
B Back 3 -8 94 94 1295 1201
Back Back 0 0 94 94 187 93
Back Back 0 0 94 94 2231 2137
Back L -2 4 94 78 499 405
L E 1 6 78 110 187 109
E Space -3 -1 110 78 125 15
Space A 2 3 78 156 156 78
A N -1 -5 156 63 109 -47
N D 1 3 63 140 250 187
D Space -2 -1 140 78 125 -15
Space E 3 1 78 156 312 234
E N -2 -3 156 78 187 31
N T 2 1 78 62 250 172
T H -1 -1 62 78 171 109
H U 1 -1 78 63 187 109
U S -1 5 63 141 125 62
S I 1 -6 141 78 187 46
I A -1 7 78 171 110 32
A S 0 -1 171 156 421 250
S T 1 -3 156 78 203 47
T I 0 -3 78 94 218 140
I C -2 5 94 78 234 140
C Space -1 -1 78 78 187 109
Space A 2 3 78 171 141 63
A B -1 -4 171 78 171 0
B O 2 -4 78 78 265 187
O U 0 2 78 78 203 125
U Back 1 -6 78 109 375 297
Back Back 0 0 109 110 202 93
Back O -1 4 110 125 1139 1029
O U 0 2 125 78 172 47
U T 0 2 78 93 203 125
T Space -3 1 93 109 218 125
Space W 3 2 109 94 889 780
W H -1 -4 94 93 94 0
H A 0 5 93 156 187 94
A T 1 -4 156 93 125 -31
T Back 1 -8 93 31 702 609
Back Back 0 0 31 93 125 94
Back Back 0 0 93 94 171 78
Back Back 0 0 94 94 187 93
Back T -1 8 94 78 749 655
T H -1 -1 78 110 187 109
H E 1 3 110 171 141 31
E I 0 -5 171 78 249 78
I R 0 4 78 140 172 94
R Space -3 0 140 93 172 32
Space R 3 0 93 78 483 390
R E 0 1 78 78 156 78
E S -1 1 78 156 156 78
S P 1 -8 156 63 234 78
P E 0 7 63 140 125 62
E C -2 0 140 78 172 32
C T 2 -2 78 78 187 109
T I 0 -3 78 94 218 140
I V -2 4 94 78 281 187
V E 2 1 78 125 140 62
E Space -3 -1 125 62 172 47
Space S 2 2 62 187 265 203
S U 1 -5 187 78 156 -31
U B -2 2 78 94 234 156
B J 1 -2 94 94 281 187
J E 1 4 94 141 187 93
E C -2 0 141 31 172 31
C T 2 -2 31 78 171 140
T S -1 3 78 156 172 94
S OemQuestion -1 -8 156 78 203 47
OemQuestion Back 3 -3 78 109 905 827
Back OemPeriod -3 4 109 78 936 827
OemPeriod V 0 5 78 156 2683 2605
V Space -1 0 156 203 4071 3915
Space LShiftKey 1 4 203 312 3713 3510
LShiftKey I 2 -8 312 94 187 -125
I Space -3 4 94 94 203 109
Space H 2 -2 94 78 203 109
H A 0 5 78 156 78 0
A V -1 -3 156 62 125 -31
V E 2 1 62 171 156 94
E N -2 -3 171 62 234 63
N Oem1 1 -4 62 78 359 297
Oem1 T 1 5 78 93 499 421
T Space -3 1 93 78 421 328
Space Back 4 -9 78 78 359 281
Back Back 0 0 78 78 171 93
Back Back 0 0 78 78 172 94
Back Oem7 -2 2 78 78 671 593
Oem7 T 1 6 78 78 374 296
T Space -3 1 78 78 219 141
Space B 1 -1 78 78 171 93
B E 2 2 78 109 141 63
E E 0 0 109 93 187 78
E N -2 -3 93 78 156 63
N Space -1 2 78 109 203 125
Space T 3 -1 109 78 312 203
T Back 1 -8 78 827 374 296
Back Back 0 0 827 94 967 140
Back Back 0 0 94 62 203 109
Back Back 0 0 62 78 156 94
Back Back 0 0 78 93 172 94
Back Back 0 0 93 93 187 94
Back LShiftKey -3 13 93 390 452 359
LShiftKey T 2 -5 390 78 250 -140
T H -1 -1 78 78 281 203
H E 1 3 78 125 187 109
E Space -3 -1 125 63 140 15
Space C 1 1 63 62 281 218
C L 1 -6 62 63 265 203
L A 0 8 63 125 156 93
A S 0 -1 125 78 234 109
S R 1 -2 78 94 421 343
R O 0 -5 94 78 437 343
O O 0 0 78 78 141 63
O M -2 2 78 94 202 124
M S 1 5 94 156 172 78
S S 0 0 156 203 2387 2231
S Space -2 -2 203 218 967 764
Space Back 4 -9 218 109 2808 2590
Back LShiftKey -3 13 109 328 265 156
LShiftKey T 2 -5 328 62 203 -125
T I 0 -3 62 110 7940 7878
I N -2 2 110 94 250 140
N D 1 3 94 156 452 358
D U 1 -4 156 62 141 -15
U C -2 4 62 93 203 141
C E 2 0 93 156 140 47
E Space -3 -1 156 141 2683 2527
Space A 2 3 141 187 156 15
A Space -2 -3 187 94 156 -31
Space Back 4 -9 94 94 1763 1669
Back M -3 6 94 78 749 655
M Back 3 -6 78 94 343 265
Back N -3 7 94 63 265 171
N Space -1 2 63 94 156 93
Space E 3 1 94 124 141 47
E N -2 -3 124 78 156 32
N V 0 2 78 94 296 218
V I 2 -4 94 78 374 280
I R 0 4 78 94 172 94
R O 0 -5 94 78 78 -16
O N -2 3 78 78 203 125
N M 0 -1 78 78 171 93
M N 0 1 78 78 203 125
N E 2 3 78 140 125 47
E T 0 -2 140 78 172 32
T Space -3 1 78 78 280 202
Space O 3 -5 78 109 1514 1436
O F -1 5 109 93 421 312
F Space -2 0 93 93 125 32
Space E 3 1 93 93 156 63
E U 0 -4 93 93 390 297
U Back 1 -6 93 125 499 406
Back Back 0 0 125 78 218 93
Back L -2 4 78 94 1435 1357
L E 1 6 94 63 359 265
E A -1 2 63 171 172 109
A R 1 -3 171 78 78 -93
R N -2 -2 78 31 811 733
N I 2 -2 31 78 156 125
I N -2 2 78 78 219 141
N G 1 1 78 62 234 156
G Space -2 1 62 172 1372 1310
Space A 2 3 172 125 562 390
A N -1 -5 125 94 218 93
N D 1 3 94 156 125 31
D Space -2 -1 156 62 125 -31
Space T 3 -1 62 78 265 203
T H -1 -1 78 78 156 78
H E 1 3 78 125 125 47
E Space -3 -1 125 62 78 -47
Space L 2 -5 62 78 203 141
L A 0 8 78 187 125 47
A B -1 -4 187 78 218 31
B O 2 -4 78 94 218 140
O R 0 5 94 78 531 437
R A -1 3 78 140 156 78
A T 1 -4 140 62 125 -15
T I 0 -3 62 94 249 187
I Back 1 -5 94 141 702 608
Back O -1 4 141 94 2465 2324
O R 0 5 94 62 281 187
R I 0 -4 62 93 234 172
I E 0 5 93 78 234 141
E S -1 1 78 141 140 62
S Space -2 -2 141 62 141 0
Space V 1 0 62 31 15 -47
V G 1 -1 31 62 172 141
G E 1 2 62 140 78 16
E N -2 -3 140 78 171 31
N E 2 3 78 125 281 203
E R 0 -1 125 62 219 94
R A -1 3 62 140 140 78
A T 1 -4 140 78 109 -31
T Back 1 -8 78 94 437 359
Back Back 0 0 94 717 172 78
Back Space -4 9 717 156 2184 1467
Space I 3 -4 156 78 998 842
I N -2 2 78 94 265 187
N D 1 3 94 109 125 31
D U 1 -4 109 62 156 47
U C -2 4 62 47 234 172
C E 2 0 47 94 156 109
E Space -3 -1 94 62 125 31
Space I 3 -4 62 47 234 172
I N -2 2 47 93 156 109
N T 2 1 93 78 234 141
T E 0 2 78 62 187 109
E R 0 -1 62 78 156 94
R E 0 1 78 78 156 78
E S -1 1 78 156 109 31
S T 1 -3 156 78 125 -31
T Oemcomma -2 -3 78 63 686 608
Oemcomma Back 3 -5 63 93 578 515
Back OemPeriod -3 4 93 94 280 187
OemPeriod LShiftKey 0 9 94 343 48267 48173
LShiftKey M 0 -7 343 93 234 -109
M Y 2 1 93 78 312 219
Y Space -3 2 78 93 203 125
Space F 2 0 93 62 265 172
F A 0 3 62 171 125 63
A V -1 -3 171 78 109 -62
V O 2 -5 78 78 296 218
O U 0 2 78 78 172 94
U R 0 3 78 109 187 109
R I 0 -4 109 78 47 -62
I T 0 3 78 78 218 140
T E 0 2 78 109 125 47
E Space -3 -1 109 78 125 16
Space V 1 0 78 78 374 296
V A 1 3 78 109 141 63
A C -1 -2 109 78 171 62
C A 1 2 78 125 936 858
A T 1 -4 125 78 983 858
T I 0 -3 78 78 250 172
I O 0 -1 78 78 156 78
O N -2 3 78 78 187 109
N Space -1 2 78 78 171 93
Space S 2 2 78 125 172 94
S P 1 -8 125 78 437 312
P O 0 1 78 93 156 78
O T 0 4 93 78 249 156
T Space -3 1 78 78 281 203
Space I 3 -4 78 93 1233 1155
I S -1 6 93 124 156 63
S Space -2 -2 124 78 140 16
Space I 3 -4 78 78 749 671
I N -2 2 78 78 203 125
N Space -1 2 78 78 171 93
Space LShiftKey 1 4 78 328 125 47
LShiftKey I 2 -8 328 62 156 -172
I N -2 2 62 78 172 110
N I 2 -2 78 78 218 140
I D -1 5 78 125 78 0
D Back 2 -10 125 531 764 639
Back Back 0 0 531 78 687 156
Back Back 0 0 78 94 171 93
Back Back 0 0 94 109 656 562
Back Back 0 0 109 109 187 78
Back Back 0 0 109 109 187 78
Back LShiftKey -3 13 109 327 983 874
LShiftKey K 1 -8 327 63 140 -187
K O 1 -1 63 78 156 93
O D -1 6 78 93 250 172
D A 0 2 93 156 109 16
A C -1 -2 156 78 140 -16
C H 1 -3 78 78 188 110
H A 0 5 78 156 93 15
A D 0 -2 156 78 281 125
D R 1 -1 78 78 172 94
R I 0 -4 78 78 296 218
I W 0 6 78 141 608 530
W H -1 -4 141 63 125 -16
H I 1 -2 63 78 187 124
I C -2 5 78 156 219 141
C H 1 -3 156 62 125 -31
H Space -2 2 62 62 187 125
Space I 3 -4 62 78 234 172
I S -1 6 78 156 171 93
S Space -2 -2 156 94 94 -62
Space I 3 -4 94 62 234 140
I N -2 2 62 31 203 141
N Space -1 2 31 93 125 94
Space LShiftKey 1 4 93 327 156 63
LShiftKey I 2 -8 327 78 156 -171
I N -2 2 78 78 265 187
N D 1 3 78 125 218 140
D I 1 -5 125 78 94 -31
I A -1 7 78 187 203 125
A OemPeriod -1 -8 187 94 920 733
OemPeriod Space -1 5 94 94 343 249
Space Back 4 -9 94 93 3105 3011
Back O -1 4 93 78 343 250
O Right -3 -4 78 125 2340 2262
Right Oemcomma 1 5 125 94 405 280
Oemcomma Space -1 4 94 141 234 140
Space LShiftKey 1 4 141 328 8003 7862
LShiftKey I 2 -8 328 125 187 -141
I T 0 3 125 78 375 250
T Oem7 -1 -6 78 93 671 593
Oem7 S 0 9 93 140 140 47
S Space -2 -2 140 62 156 16
Space L 2 -5 62 62 203 141
L O 1 0 62 78 156 94
O C -2 6 78 62 234 156
C A 1 2 62 140 125 63
A T 1 -4 140 47 124 -16
T E 0 2 47 63 156 109
E D -1 0 63 78 156 93
D Space -2 -1 78 78 188 110
Space I 3 -4 78 78 234 156
I N -2 2 78 78 171 93
N Space -1 2 78 78 172 94
Space A 2 3 78 156 421 343
A Space -2 -3 156 78 140 -16
Space S 2 2 78 125 172 94
S T 1 -3 125 78 172 47
T A -1 4 78 141 124 46
A T 1 -4 141 78 172 31
T Back 1 -8 78 94 390 312
Back Back 0 0 94 93 172 78
Back Back 0 0 93 93 156 63
Back Back 0 0 93 78 171 78
Back LShiftKey -3 13 78 390 390 312
LShiftKey K 1 -8 390 94 281 -109
K A 0 7 94 156 265 171
A R 1 -3 156 62 125 -31
R N -2 -2 62 93 250 188
N A 1 5 93 140 140 47
A T 1 -4 140 63 140 0
T K -1 -3 63 78 234 171
K A 0 7 78 141 156 78
A Space -2 -3 141 94 406 265
Space Back 4 -9 94 78 562 468
Back Back 0 0 78 110 358 280
Back Back 0 0 110 94 172 62
Back Back 0 0 94 78 187 93
Back T -1 8 78 78 1201 1123
T A -1 4 78 140 110 32
A K 0 -7 140 62 156 16
K A 0 7 62 125 109 47
A Back 2 -12 125 78 1841 1716
Back T -1 8 78 78 374 296
T H -1 -1 78 78 172 94
H E 1 3 78 125 62 -16
E Space -3 -1 125 78 141 16
Space T 3 -1 78 62 234 156
T S -1 3 62 156 436 374
S Back 2 -11 156 62 952 796
Back Back 0 0 62 94 140 78
Back S -2 11 94 140 266 172
S T 1 -3 140 78 468 328
T A -1 4 78 187 218 140
A T 1 -4 187 94 998 811
T E 0 2 94 156 188 94
E Space -3 -1 156 109 889 733
Space O 3 -5 109 94 296 187
O F -1 5 94 156 187 93
F OemPeriod -1 -5 156 171 7832 7676
OemPeriod Space -1 5 171 203 436 265
Space LShiftKey 1 4 203 343 1607 1404
LShiftKey I 2 -8 343 93 219 -124
I T 0 3 93 63 280 187
T Space -3 1 63 94 203 140
Space I 3 -4 94 78 406 312
I S -1 6 78 140 109 31
S Space -2 -2 140 78 156 16
Space A 2 3 78 156 156 78
A Space -2 -3 156 94 62 -94
Space S 2 2 94 156 266 172
S M -1 -5 156 78 218 62
M A 1 6 78 156 140 62
A Back 2 -12 156 47 437 281
Back Back 0 0 47 93 141 94
Back Back 0 0 93 141 483 390
Back H -2 7 141 78 1139 998
H I 1 -2 78 78 234 156
I L -1 -1 78 78 203 125
L L 0 0 78 63 171 93
L Space -2 5 63 94 234 171
Space W 3 2 94 141 1248 1154
W H -1 -4 141 78 141 0
H I 1 -2 78 109 156 78
I C -2 5 109 109 218 109
C H 1 -3 109 62 125 16
H Space -2 2 62 78 172 110
Space I 3 -4 78 78 187 109
I S -1 6 78 156 140 62
S Space -2 -2 156 78 125 -31
Space M 1 -3 78 78 1264 1186
M A 1 6 78 172 140 62
A I 1 -7 172 47 156 -16
I N -2 2 47 93 172 125
N T 2 1 93 62 234 141
T A -1 4 62 156 140 78
A I 1 -7 156 63 140 -16
I N -2 2 63 94 172 109
N E 2 3 94 141 140 46
E D -1 0 141 141 234 93
D Space -2 -1 141 94 78 -63
Space Back 4 -9 94 843 749 655
Back Back 0 0 843 94 1045 202
Back Back 0 0 94 156 203 109
Back Back 0 0 156 312 187 31
Back Back 0 0 312 93 453 141
Back Back 0 0 93 109 218 125
Back Back 0 0 109 531 187 78
Back Space -4 9 531 109 1576 1045
Space I 3 -4 109 109 187 78
I S -1 6 109 124 141 32
S Space -2 -2 124 93 156 32
Space S 2 2 93 124 78 -15
S T 1 -3 124 46 234 110
T I 0 -3 46 93 187 141
I L -1 -1 93 78 187 94
L L 0 0 78 78 140 62
L Space -2 5 78 109 219 141
Space U 3 -3 109 63 483 374
U N -2 1 63 94 172 109
N T 2 1 94 78 265 171
T O 0 -4 78 94 265 187
O U 0 2 94 78 188 94
U C -2 4 78 140 156 78
C H 1 -3 140 78 109 -31
H E 1 3 78 110 171 93
E D -1 0 110 250 250 140
D Space -2 -1 250 78 250 0
Space B 1 -1 78 62 218 140
B Y 2 -1 62 63 187 125
Y Space -3 2 63 187 843 780
Space H 2 -2 187 78 1638 1451
H U 1 -1 78 78 202 124
U M -2 0 78 109 219 141
M A 1 6 109 187 156 47
A N -1 -5 187 78 140 -47
N S 1 4 78 172 593 515
S Back 2 -11 172 687 499 327
Back Back 0 0 687 78 827 140
Back Space -4 9 78 109 562 484
Space T 3 -1 109 78 296 187
T H -1 -1 78 94 156 78
H E 1 3 94 156 125 31
E Space -3 -1 156 63 140 -16
Space Back 4 -9 63 2527 8128 8065
Back Back 0 0 2527 109 2730 203
Back Back 0 0 109 62 343 234
Back Back 0 0 62 140 234 172
Back L -2 4 140 78 718 578
L O 1 0 78 62 187 109
O O 0 0 62 62 125 63
O K -1 1 62 63 171 109
K S 0 6 63 140 172 109
S Space -2 -2 140 62 125 -15
Space L 2 -5 62 78 234 172
L I 1 1 78 62 187 109
I K -1 0 62 62 156 94
K E 1 5 62 156 187 125
E Space -3 -1 156 78 109 -47
Space A 2 3 78 156 1248 1170
A Space -2 -3 156 93 219 63
Space H 2 -2 93 78 436 343
H I 1 -2 78 78 203 125
I L -1 -1 78 78 172 94
L L 0 0 78 47 156 78
L Space -2 5 47 78 156 109
Space P 3 -6 78 62 203 125
P A -1 9 62 156 124 62
A I 1 -7 156 63 125 -31
I N -2 2 63 78 172 109
N T 2 1 78 63 218 140
T E 0 2 63 125 94 31
E D -1 0 125 109 234 109
D Space -2 -1 109 78 31 -78
Space G 2 -1 78 63 187 109
G R 1 1 63 62 172 109
R E 0 1 62 78 156 94
E E 0 0 78 171 593 515
E N -2 -3 171 62 218 47
N Space -1 2 62 93 172 110
Space W 3 2 93 156 748 655
W I 0 -6 156 93 188 32
I T 0 3 93 94 218 125
T H -1 -1 94 78 187 93
H Space -2 2 78 78 172 94
Space B 1 -1 78 78 343 265
B Back 3 -8 78 94 421 343
Back M -3 6 94 94 1607 1513
M A 1 6 94 156 187 93
A R 1 -3 156 62 203 47
R O 0 -5 62 62 406 344
O O 0 0 62 62 140 78
O N -2 3 62 63 187 125
N Space -1 2 63 78 156 93
Space M 1 -3 78 94 156 78
M U 2 0 94 93 375 281
U D -1 4 93 125 343 250
D Space -2 -1 125 78 125 0
Space P 3 -6 78 78 249 171
P A -1 9 78 140 141 63
A T 1 -4 140 62 187 47
T H -1 -1 62 78 171 109
H S 0 4 78 125 172 94
S OemPeriod -1 -7 125 93 203 78
OemPeriod Space -1 5 93 93 312 219
Space LShiftKey 1 4 93 296 3588 3495
LShiftKey I 2 -8 296 93 203 -93
I T 0 3 93 78 280 187
T Space -3 1 78 78 203 125
Space I 3 -4 78 78 468 390
I S -1 6 78 93 141 63
S Space -2 -2 93 78 124 31
Space A 2 3 78 156 125 47
A Space -2 -3 156 78 125 -31
Space F 2 0 78 47 203 125
F A 0 3 47 140 78 31
A I 1 -7 140 62 203 63
I R 0 4 62 125 171 109
R L -1 -5 125 62 94 -31
L Y 1 3 62 94 218 156
Y Space -3 2 94 78 203 109
Space N 1 -2 78 78 172 94
N R 2 2 78 62 265 187
R Back 1 -9 62 94 421 359
Back E -1 10 94 109 312 218
E W 0 1 109 156 187 78
W Space -3 -2 156 94 203 47
Space L 2 -5 94 93 640 546
L A 0 8 93 156 124 31
A C -1 -2 156 78 234 78
C E 2 0 78 156 110 32
E Space -3 -1 156 62 140 -16
Space A 2 3 62 156 359 297
A N -1 -5 156 78 140 -16
N D 1 3 78 125 187 109
D Space -2 -1 125 78 63 -62
Space H 2 -2 78 78 187 109
H E 1 3 78 141 140 62
E N -2 -3 141 78 110 -31
N C 0 3 78 78 234 156
C E 2 0 78 141 124 46
E Space -3 -1 141 62 172 31
Space I 3 -4 62 62 250 188
I S -1 6 62 141 171 109
S N -1 -4 141 78 156 15
N Oem7 1 -5 78 78 811 733
Oem7 T 1 6 78 78 281 203
T Space -3 1 78 78 219 141
Space C 1 1 78 125 171 93
C R 2 -1 125 125 281 156
R O 0 -5 125 78 218 93
O W 0 7 78 109 172 94
W D -1 -1 109 78 328 219
D E 1 0 78 93 187 109
E D -1 0 93 94 187 94
D Space -2 -1 94 78 187 93
Space T 3 -1 78 62 250 172
T H -1 -1 62 93 156 94
H A 0 5 93 124 125 32
A T 1 -4 124 62 109 -15
T Space -3 1 62 78 187 125
Space M 1 -3 78 78 187 109
M U 2 0 78 63 187 109
U C -2 4 63 125 172 109
C H 1 -3 125 62 156 31
H OemPeriod -1 -3 62 78 343 281
OemPeriod Space -1 5 78 78 343 265
Space LShiftKey 1 4 78 281 5507 5429
LShiftKey I 2 -8 281 93 172 -109
I Space -3 4 93 93 203 110
Space H 2 -2 93 62 187 94
H A 0 5 62 156 47 -15
A V -1 -3 156 78 140 -16
V E 2 1 78 156 156 78
E Space -3 -1 156 78 78 -78
Space B 1 -1 78 63 187 109
B E 2 2 63 94 78 15
E E 0 0 94 125 156 62
E N -2 -3 125 62 125 0
N Space -1 2 62 78 156 94
Space T 3 -1 78 140 172 94
T O 0 -4 140 78 93 -47
O Space -3 5 78 78 219 141
Space K 2 -4 78 94 358 280
K Back 2 -5 94 109 375 281
Back LShiftKey -3 13 109 312 203 94
LShiftKey K 1 -8 312 62 187 -125
K O 1 -1 62 63 171 109
O D -1 6 63 78 281 218
D A 0 2 78 140 141 63
A C -1 -2 140 78 124 -16
C H 1 -3 78 78 188 110
H A 0 5 78 140 78 0
A D 0 -2 140 62 265 125
D R 1 -1 62 78 156 94
R I 0 -4 78 78 234 156
I Space -3 4 78 78 203 125
Space T 3 -1 78 62 296 218
T W 0 3 62 156 218 156
W I 0 -6 156 78 203 47
I C -2 5 78 78 281 203
C E 2 0 78 171 203 125
E OemPeriod -2 -6 171 94 249 78
OemPeriod Back 3 -4 94 94 1529 1435
Back Space -4 9 94 78 375 281
Space I 3 -4 78 62 234 156
I N -2 2 62 63 171 109
N Space -1 2 63 63 156 93
Space A 2 3 63 156 109 46
A Space -2 -3 156 94 47 -109
Space Y 3 -2 94 78 234 140
Y E 0 3 78 78 187 109
E Back 1 -10 78 94 390 312
Back Back 0 0 94 93 188 94
Back Back 0 0 93 109 218 125
Back Back 0 0 109 94 265 156
Back T -1 8 94 62 515 421
T H -1 -1 62 62 172 110
H E 1 3 62 109 109 47
E Space -3 -1 109 62 78 -31
Space P 3 -6 62 47 234 172
P A -1 9 47 140 31 -16
A S 0 -1 140 125 234 94
S T 1 -3 125 62 125 0
T Space -3 1 62 78 187 125
Space Y 3 -2 78 63 187 109
Y E 0 3 63 78 187 124
E A -1 2 78 140 110 32
A R 1 -3 140 62 140 0
R Oemcomma -2 -4 62 63 764 702
Oemcomma Space -1 4 63 234 2325 2262
Space Back 4 -9 234 93 8986 8752
Back Back 0 0 93 78 187 94
Back Back 0 0 78 78 156 78
Back Back 0 0 78 639 156 78
Back Back 0 0 639 109 749 110
Back Back 0 0 109 63 202 93
Back V -3 9 63 78 2684 2621
V E 2 1 78 109 218 140
E R 0 -1 109 47 203 94
R Y 0 -2 47 78 203 156
Y Space -3 2 78 94 327 249
Space LShiftKey 1 4 94 312 6365 6271
LShiftKey Capital 1 0 312 202 16 -296
Capital T 1 -5 202 62 265 63
T H -1 -1 62 78 171 109
H E 1 3 78 125 141 63
E Space -3 -1 125 78 109 -16
Space R 3 0 78 62 203 125
R E 0 1 62 78 140 78
E G -1 -2 78 78 375 297
G I 1 -3 78 62 265 187
I O 0 -1 62 78 140 78
O N -2 3 78 63 187 109
N Space -1 2 63 78 141 78
Space S 2 2 78 140 125 47
S U 1 -5 140 62 187 47
U R 0 3 62 63 218 156
R R 0 0 63 78 109 46
R O 0 -5 78 93 266 188
O U 0 2 93 63 202 109
U N -2 1 63 78 172 109
N D 1 3 78 156 343 265
D I 1 -5 156 62 219 63
I N -2 2 62 109 171 109
N G 1 1 109 78 203 94
G Space -2 1 78 63 187 109
Space I 3 -4 63 63 265 202
I T 0 3 63 78 188 125
T Space -3 1 78 78 218 140
Space I 3 -4 78 78 203 125
I S -1 6 78 156 327 249
S Space -2 -2 156 78 156 0
Space A 2 3 78 171 141 63
A Space -2 -3 171 78 125 -46
Space D 2 1 78 94 717 639
D E 1 0 94 78 203 109
E N -2 -3 78 78 109 31
N S 1 4 78 125 125 47
S E 1 -1 125 109 203 78
E Space -3 -1 109 78 125 16
Space R 3 0 78 62 234 156
R A -1 3 62 156 93 31
A I 1 -7 156 62 172 16
I N -2 2 62 78 187 125
N F 1 2 78 109 172 94
F O 1 -5 109 62 156 47
O R 0 5 62 78 249 187
R E 0 1 78 124 141 63
E S -1 1 124 156 249 125
S T 1 -3 156 78 141 -15
T Capital -1 5 78 187 7815 7737
Capital LShiftKey -1 0 187 390 936 749
LShiftKey T 2 -5 390 62 297 -93
T H -1 -1 62 78 234 172
H E 1 3 78 171 265 187
E Space -3 -1 171 78 203 32
Space R 3 0 78 63 483 405
R E 0 1 63 78 141 78
E G -1 -2 78 62 234 156
G I 1 -3 62 78 234 172
I O 0 -1 78 78 156 78
O N -2 3 78 47 187 109
N Space -1 2 47 63 140 93
Space S 2 2 63 140 172 109
S U 1 -5 140 63 171 31
U R 0 3 63 47 219 156
R R 0 0 47 78 109 62
R O 0 -5 78 78 281 203
O U 0 2 78 62 187 109
U N -2 1 62 62 172 110
N D 1 3 62 140 109 47
D I 1 -5 140 47 140 0
I N -2 2 47 78 156 109
N G 1 1 78 62 172 94
G Space -2 1 62 78 171 109
Space I 3 -4 78 63 203 125
I T 0 3 63 109 141 78
T Space -3 1 109 78 93 -16
Space I 3 -4 78 62 203 125
I S -1 6 62 94 109 47
S Space -2 -2 94 62 141 47
Space A 2 3 62 109 187 125
A Space -2 -3 109 63 93 -16
Space D 2 1 63 63 281 218
D E 1 0 63 110 499 436
E N -2 -3 110 78 188 78
N S 1 4 78 109 140 62
S E 1 -1 109 94 218 109
E Space -3 -1 94 78 125 31
Space R 3 0 78 62 250 172
R A -1 3 62 156 140 78
A I 1 -7 156 78 141 -15
I N -2 2 78 78 187 109
N F 1 2 78 109 546 468
F O 1 -5 109 93 156 47
O R 0 5 93 63 249 156
R E 0 1 63 109 125 62
E S -1 1 109 141 234 125
S T 1 -3 141 78 125 -16
T OemPeriod -2 -4 78 125 1778 1700
OemPeriod Space -1 5 125 125 484 359
Space LShiftKey 1 4 125 234 421 296
LShiftKey I 2 -8 234 78 141 -93
I LShiftKey -2 8 78 405 8143 8065
LShiftKey I 2 -8 405 109 265 -140
I Space -3 4 109 94 234 125
Space W 3 2 94 156 234 140
W O 0 -7 156 109 187 31
O U 0 2 109 94 125 16
U L -1 -2 94 78 250 156
L D 0 6 78 156 218 140
D Space -2 -1 156 63 140 -16
Space L 2 -5 63 78 203 140
L I 1 1 78 62 172 94
I K -1 0 62 78 156 94
K E 1 5 78 156 171 93
E Space -3 -1 156 78 78 -78
Space T 3 -1 78 62 219 141
T O 0 -4 62 78 234 172
O Space -3 5 78 62 234 156
Space V 1 0 62 78 702 640
V I 2 -4 78 62 234 156
I S -1 6 62 141 93 31
S I 1 -6 141 93 110 -31
I T 0 3 93 62 218 125
T Space -3 1 62 63 218 156
Space LShiftKey 1 4 63 187 203 140
LShiftKey LShiftKey 0 0 187 281 406 219
LShiftKey I 2 -8 281 93 125 -156
I T 0 3 93 62 218 125
T A -1 4 62 171 125 63
A L 0 -8 171 78 187 16
L Y 1 3 78 94 218 140
Y Space -3 2 94 78 250 156
Space A 2 3 78 203 125 47
A N -1 -5 203 93 125 -78
N D 1 3 93 78 265 172
D Space -2 -1 78 93 281 203
Space LShiftKey 1 4 93 421 343 250
LShiftKey I 2 -8 421 110 171 -250
I R 0 4 110 78 344 234
R E 0 1 78 78 171 93
E L -1 -6 78 94 343 265
L A 0 8 94 172 281 187
A N -1 -5 172 93 141 -31
N F 1 2 93 62 312 219
F Back 2 -9 62 156 452 390
Back D -2 10 156 203 296 140
D OemPeriod -1 -6 203 62 2793 2590
OemPeriod Space -1 5 62 63 296 234
Space LShiftKey 1 4 63 406 343 280
LShiftKey I 2 -8 406 94 281 -125
I T 0 3 94 62 203 109
T A -1 4 62 171 125 63
A K 0 -7 171 78 156 -15
K Y 1 2 78 62 234 156
Y Space -3 2 62 78 234 172
Space I 3 -4 78 62 281 203
I S -1 6 62 156 140 78
S Space -2 -2 156 78 140 -16
Space R 3 0 78 63 390 312
R I 0 -4 63 47 250 187
I C -2 5 47 125 218 171
C H 1 -3 125 63 125 0
H Space -2 2 63 78 172 109
Space I 3 -4 78 78 187 109
I N -2 2 78 78 172 94
N Space -1 2 78 78 156 78
Space C 1 1 78 156 280 202
C U 2 -4 156 78 188 32
U L -1 -2 78 94 202 124
L T 1 4 94 78 266 172
T U 0 -2 78 62 187 109
U R 0 3 62 62 187 125
R E 0 1 62 78 140 78
E Space -3 -1 78 78 234 156
Space A 2 3 78 141 125 47
A N -1 -5 141 62 141 0
N D 1 3 62 124 156 94
D Space -2 -1 124 62 109 -15
Space T 3 -1 62 62 2621 2559
T O 0 -4 62 94 202 140
O Space -3 5 94 62 266 172
Space S 2 2 62 140 577 515
S E 1 -1 140 63 171 31
E E 0 0 63 78 125 62
E Space -3 -1 78 93 250 172
Space T 3 -1 93 78 265 172
T H -1 -1 78 63 187 109
H E 1 3 63 187 156 93
E Space -3 -1 187 63 187 0
Space B 1 -1 63 63 780 717
B U 2 -2 63 63 234 171
U I 0 -1 63 78 156 93
I D -1 5 78 140 344 266
D Back 2 -10 140 156 405 265
Back L -2 4 156 94 1092 936
L D 0 6 94 140 125 31
D I 1 -5 140 78 172 32
I N -2 2 78 93 187 109
N G 1 1 93 78 187 94
G S 0 3 78 124 172 94
S Space -2 -2 124 94 124 0
Space T 3 -1 94 62 453 359
T H -1 -1 62 93 156 94
H A 0 5 93 141 140 47
A T 1 -4 141 78 94 -47
T Space -3 1 78 78 203 125
Space R 3 0 78 62 265 187
R E 0 1 62 78 156 94
E Space -3 -1 78 78 265 187
Space Back 4 -9 78 78 374 296
Back Back 0 0 78 733 172 94
Back Back 0 0 733 94 2605 1872
Back L -2 4 94 63 234 140
L Back 2 -4 63 1232 2122 2059
Back T -1 8 1232 94 2589 1357
T O 0 -4 94 109 531 437
O Space -3 5 109 94 296 187
Space S 2 2 94 141 156 62
S E 1 -1 141 78 250 109
E E 0 0 78 109 140 62
E Space -3 -1 109 94 109 0
Space T 3 -1 94 62 250 156
T H -1 -1 62 78 140 78
H E 1 3 78 94 94 16
E Space -3 -1 94 78 109 15
Space LShiftKey 1 4 78 343 484 406
LShiftKey R 2 -4 343 62 234 -109
R E 0 1 62 62 156 94
E N -2 -3 62 62 359 297
N A 1 5 62 156 124 62
A I 1 -7 156 62 172 16
I S -1 6 62 94 140 78
S S 0 0 94 31 188 94
S A 0 1 31 172 140 109
A N -1 -5 172 78 140 -32
N C 0 3 78 62 266 188
C E 2 0 62 140 109 47
E Space -3 -1 140 63 171 31
Space U 3 -3 63 78 344 281
U N -2 1 78 78 187 109
N F 1 2 78 110 327 249
F O 1 -5 110 78 453 343
O L -1 0 78 94 187 109
L D 0 6 94 156 94 0
D I 1 -5 156 62 140 -16
I N -2 2 62 78 187 125
N G 1 1 78 78 203 125
G Space -2 1 78 78 203 125
Space I 3 -4 78 78 499 421
I N -2 2 78 62 234 156
N Space -1 2 62 78 156 94
Space F 2 0 78 93 125 47
F R 1 0 93 109 187 94
R O 0 -5 109 94 140 31
O N -2 3 94 78 234 140
N T 2 1 78 109 188 110
T Space -3 1 109 62 109 0
Space O 3 -5 62 78 249 187
O F -1 5 78 109 328 250
F Space -2 0 109 94 78 -31
Space Y 3 -2 94 62 281 187
Y O 0 -3 62 94 187 125
O U 0 2 94 78 187 93
U Space -3 3 78 93 219 141
Space I 3 -4 93 94 873 780
I S -1 6 94 125 265 171
S Space -2 -2 125 78 141 16
Space A 2 3 78 156 125 47
A Space -2 -3 156 93 109 -47
Space J 2 -3 93 78 265 172
J O 1 -2 78 94 187 109
O Y 0 3 94 94 234 140
Y Space -3 2 94 93 219 125
Space I 3 -4 93 78 218 125
I N -2 2 78 78 187 109
N Space -1 2 78 78 156 78
Space T 3 -1 78 78 437 359
T Back 1 -8 78 109 406 328
Back I -1 5 109 78 1404 1295
I T 0 3 78 78 218 140
T S -1 3 78 125 156 78
S E 1 -1 125 109 234 109
E K -1 -5 109 78 140 31
K Back 2 -5 78 93 422 344
Back L -2 4 93 78 234 141
L F 0 5 78 172 124 46
F OemPeriod -1 -5 172 78 172 0
OemPeriod Space -1 5 78 78 343 265
Space LShiftKey 1 4 78 250 4087 4009
LShiftKey I 2 -8 250 78 219 -31
I R 0 4 78 78 265 187
R E 0 1 78 78 140 62
E L -1 -6 78 93 266 188
L A 0 8 93 156 124 31
A N -1 -5 156 62 141 -15
N D 1 3 62 124 203 141
D Space -2 -1 124 62 109 -15
Space I 3 -4 62 63 218 156
I S -1 6 63 125 125 62
S Space -2 -2 125 63 140 15
Space A 2 3 63 187 125 62
A Space -2 -3 187 62 141 -46
Space F 2 0 62 78 1544 1482
F A 0 3 78 171 141 63
A I 1 -7 171 78 171 0
I R 0 4 78 124 219 141
R L -1 -5 124 94 62 -62
L Y 1 3 94 78 265 171
Y Space -3 2 78 93 219 141
Space S 2 2 93 140 156 63
S M -1 -5 140 78 171 31
M A 1 6 78 188 109 31
A L 0 -8 188 62 141 -47
L L 0 0 62 78 156 94
L Space -2 5 78 78 249 171
Space C 1 1 78 156 375 297
C O 2 -6 156 78 171 15
O U 0 2 78 78 203 125
U N -2 1 78 94 187 109
N T 2 1 94 47 250 156
T R 0 1 47 78 125 78
R Y 0 -2 78 78 187 109
Y Space -3 2 78 78 328 250
Space B 1 -1 78 78 624 546
B U 2 -2 78 78 249 171
U R 0 3 78 172 265 187
R Back 1 -9 172 94 437 265
Back T -1 8 94 125 203 109
T Space -3 1 125 94 140 15
Space I 3 -4 94 78 266 172
I S -1 6 78 203 327 249
S Space -2 -2 203 78 390 187
Space K 2 -4 78 62 281 203
K N -1 2 62 78 172 110
N O 2 -3 78 78 202 124
O W 0 7 78 156 110 32
W N -2 -4 156 62 156 0
N Space -1 2 62 78 171 109
Space F 2 0 78 62 484 406
F O 1 -5 62 62 234 172
O R 0 5 62 125 249 187
R Space -3 0 125 62 110 -15
Space I 3 -4 62 94 327 265
I T 0 3 94 78 203 109
T S -1 3 78 125 156 78
S Back 2 -11 125 140 749 624
Back Oem7 -2 2 140 94 951 811
Oem7 S 0 9 94 125 172 78
S Space -2 -2 125 94 156 31
Space B 1 -1 94 78 250 156
B E 2 2 78 78 390 312
E A -1 2 78 171 156 78
A Y 1 -5 171 78 187 16
Y R 0 2 78 78 187 109
R T 0 -1 78 78 172 94
T Back 1 -8 78 93 421 343
Back Back 0 0 93 78 187 94
Back Back 0 0 78 94 187 109
Back U -1 6 94 78 749 655
U T 0 2 78 63 218 140
T Y 0 -1 63 78 172 109
Y Space -3 2 78 94 967 889
Space A 2 3 94 156 172 78
A N -1 -5 156 63 171 15
N D 1 3 63 125 141 78
D Space -2 -1 125 63 171 46
Space S 2 2 63 156 297 234
S I 1 -6 156 78 234 78
I M -2 1 78 94 171 93
M P 2 -3 94 78 219 125
P L -1 1 78 78 156 78
L I 1 1 78 78 187 109
I C -2 5 78 94 218 140
C I 2 -5 94 78 406 312
I T 0 3 78 125 156 78
T Y 0 -1 125 47 109 -16
Y OemPeriod -2 -3 47 78 312 265
OemPeriod LShiftKey 0 9 78 374 21310 21232
LShiftKey T 2 -5 374 78 296 -78
T H -1 -1 78 78 203 125
H E 1 3 78 125 140 62
E Space -3 -1 125 78 110 -15
Space S 2 2 78 124 156 78
S C -1 -1 124 47 109 -15
C E 2 0 47 109 140 93
E E 0 0 109 94 234 125
E Back 1 -10 94 874 780 686
Back Back 0 0 874 234 1061 187
Back LShiftKey -3 13 234 234 1966 1732
LShiftKey T 2 -5 234 78 109 -125
T H -1 -1 78 93 234 156
H E 1 3 93 171 312 219
E Space -3 -1 171 63 140 -31
Space S 2 2 63 156 265 202
S C -1 -1 156 31 484 328
C N 0 -3 31 78 281 250
N E 2 3 78 109 140 62
E D -1 0 109 94 234 125
D Back 2 -10 94 78 718 624
Back Back 0 0 78 94 171 93
Back Back 0 0 94 94 172 78
Back Back 0 0 94 78 203 109
Back E -1 10 78 124 203 125
E Back 1 -10 124 109 468 344
Back C -3 10 109 78 452 343
C E 2 0 78 125 125 47
E N -2 -3 125 78 203 78
N E 2 3 78 109 639 561
E Space -3 -1 109 94 187 78
Space L 2 -5 94 78 422 328
L O 1 0 78 63 202 124
O O 0 0 63 78 125 62
O K -1 1 78 93 172 94
K S 0 6 93 141 171 78
S Space -2 -2 141 78 156 15
Space L 2 -5 78 62 250 172
L I 1 1 62 78 203 141
I K -1 0 78 94 171 93
K E 1 5 94 156 234 140
E Space -3 -1 156 62 141 -15
Space A 2 3 62 172 249 187
A Space -2 -3 172 62 63 -109
Space C 1 1 62 78 702 640
C A 1 2 78 187 156 78
A M -1 -6 187 78 203 16
M P 2 -3 78 78 265 187
P I 0 2 78 78 795 717
I N -2 2 78 78 203 125
N G 1 1 78 94 187 109
G Space -2 1 94 78 94 0
Space T 3 -1 78 62 281 203
T R 0 1 62 78 156 94
R I 0 -4 78 63 327 249
I P 0 -2 63 94 172 109
P Space -3 6 94 94 218 124
Space W 3 2 94 125 780 686
W H -1 -4 125 78 125 0
H W 1 4 78 62 125 47
W E 0 -1 62 63 296 234
E Back 1 -10 63 78 484 421
Back Back 0 0 78 93 172 94
Back E -1 10 93 124 156 63
E R 0 -1 124 94 140 16
R E 0 1 94 109 109 15
E Space -3 -1 109 78 265 156
Space P 3 -6 78 78 531 453
P E 0 7 78 140 156 78
E O 0 -6 140 47 156 16
O P 0 -1 47 93 125 78
P L -1 1 93 78 187 94
L E 1 6 78 124 437 359
E Space -3 -1 124 78 187 63
Space A 2 3 78 203 171 93
A Back 2 -12 203 78 1295 1092
Back Back 0 0 78 78 234 156
Back Back 0 0 78 94 187 109
Back Back 0 0 94 78 203 109
Back Back 0 0 78 78 172 94
Back Back 0 0 78 63 171 93
Back Back 0 0 63 62 172 109
Back Back 0 0 62 110 218 156
Back F -2 9 110 62 718 608
F A 0 3 62 187 109 47
A M -1 -6 187 94 577 390
M I 2 -1 94 63 234 140
I L -1 -1 63 78 172 109
L I 1 1 78 78 187 109
I E 0 5 78 78 281 203
E S -1 1 78 140 172 94
S Space -2 -2 140 78 124 -16
Space H 2 -2 78 63 203 125
H A 0 5 63 156 47 -16
A V -1 -3 156 62 172 16
V E 2 1 62 140 140 78
E Space -3 -1 140 78 94 -46
Space C 1 1 78 156 1060 982
C O 2 -6 156 78 188 32
O M -2 2 78 78 187 109
M E 2 4 78 156 109 31
E Space -3 -1 156 78 62 -94
Space I 3 -4 78 78 219 141
I N -2 2 78 62 187 109
N Space -1 2 62 78 140 78
Space T 3 -1 78 62 266 188
T H -1 -1 62 78 156 94
H E 1 3 78 140 78 0
E I 0 -5 140 62 156 16
I R 0 4 62 110 124 62
R Space -3 0 110 78 141 31
Space LShiftKey 1 4 78 734 405 327
LShiftKey R 2 -4 734 78 234 -500
R V -2 0 78 125 281 203
V S 1 2 125 219 858 733
S Space -2 -2 219 78 297 78
Space A 2 3 78 188 202 124
A N -1 -5 188 78 219 31
N D 1 3 78 156 171 93
D Space -2 -1 156 78 141 -15
Space A 2 3 78 187 203 125
A R 1 -3 187 62 156 -31
R E 0 1 62 94 124 62
E Space -3 -1 94 78 219 125
Space C 1 1 78 62 156 78
C A 1 2 62 187 125 63
A M -1 -6 187 78 171 -16
M P 2 -3 78 78 234 156
P I 0 2 78 94 187 109
I N -2 2 94 94 203 109
N G 1 1 94 78 203 109
G Space -2 1 78 78 203 125
Space O 3 -5 78 94 265 187
O N -2 3 94 109 234 140
N Space -1 2 109 94 234 125
Space T 3 -1 94 140 390 296
T H -1 -1 140 109 250 110
H E 1 3 109 171 156 47
E Space -3 -1 171 109 156 -15
Space B 1 -1 109 78 1372 1263
B A 1 4 78 171 141 63
A N -1 -5 171 78 125 -46
N K 1 -2 78 78 296 218
K S 0 6 78 141 109 31
S Space -2 -2 141 78 125 -16
Space O 3 -5 78 78 234 156
O F -1 5 78 78 312 234
F Space -2 0 78 78 203 125
Space A 2 3 78 218 109 31
A Space -2 -3 218 78 156 -62
Space R 3 0 78 140 3791 3713
R I 0 -4 140 109 203 63
I V -2 4 109 78 265 156
V U 2 -3 78 94 374 296
U L -1 -2 94 94 203 109
L E 1 6 94 140 156 62
E T 0 -2 140 78 140 0
T OemPeriod -2 -4 78 78 344 266
OemPeriod Space -1 5 78 93 17425 17347
Space LShiftKey 1 4 93 343 187 94
LShiftKey T 2 -5 343 62 250 -93
T H -1 -1 62 93 156 94
H E 1 3 93 46 234 141
E R 0 -1 46 78 140 94
R E 0 1 78 62 156 78
E Space -3 -1 62 63 218 156
Space A 2 3 63 172 125 62
A E 1 -2 172 63 312 140
E Space -3 -1 63 78 234 171
Space Back 4 -9 78 62 453 375
Back Back 0 0 62 94 171 109
Back R -1 9 94 47 749 655
R E 0 1 47 78 125 78
E Space -3 -1 78 93 203 125
Space S 2 2 93 172 171 78
S O 1 -7 172 78 109 -63
O M -2 2 78 47 203 125
M E 2 4 47 125 172 125
E Space -3 -1 125 78 0 -125
Space P 3 -6 78 62 281 203
P E 0 7 62 125 343 281
E O 0 -6 125 62 109 -16
O P 0 -1 62 63 140 78
P L -1 1 63 62 172 109
L E 1 6 62 109 406 344
E Space -3 -1 109 78 140 31
Space F 2 0 78 125 156 78
F I 1 -4 125 78 156 31
I S -1 6 78 140 624 546
S H 0 -4 140 78 125 -15
H I 1 -2 78 94 218 140
I N -2 2 94 109 312 218
N G 1 1 109 62 1295 1186
G Space -2 1 62 93 203 141
Space S 2 2 93 156 437 344
S O 1 -7 156 78 140 -16
O M -2 2 78 78 203 125
M E 2 4 78 124 125 47
E Space -3 -1 124 78 109 -15
Space P 3 -6 78 63 249 171
P A -1 9 63 172 47 -16
A R 1 -3 172 62 266 94
R T 0 -1 62 63 171 109
T Y 0 -1 63 78 219 156
Y N -2 0 78 93 390 312
N Back 3 -7 93 156 561 468
Back Back 0 0 156 843 234 78
Back Back 0 0 843 78 983 140
Back Back 0 0 78 78 187 109
Back Oemcomma -3 5 78 78 1108 1030
Oemcomma Space -1 4 78 109 499 421
Space S 2 2 109 140 640 531
S O 1 -7 140 94 218 78
O M -2 2 94 78 203 109
M E 2 4 78 125 140 62
E Space -3 -1 125 78 63 -62
Space P 3 -6 78 78 265 187
P A -1 9 78 187 31 -47
A R 1 -3 187 78 312 125
R T 0 -1 78 78 172 94
T Y 0 -1 78 62 187 109
Y I 0 -2 62 78 218 156
I N -2 2 78 94 203 125
N G 1 1 94 62 203 109
G Oemcomma -1 -3 62 78 405 343
Oemcomma Space -1 4 78 78 188 110
Space S 2 2 78 171 109 31
S O 1 -7 171 78 156 -15
O M -2 2 78 78 187 109
M E 2 4 78 171 125 47
E Space -3 -1 171 78 203 32
Space A 2 3 78 187 3510 3432
A R 1 -3 187 94 202 15
R E 0 1 94 93 110 16
E Space -3 -1 93 94 249 156
Space H 2 -2 94 63 1716 1622
H I 1 -2 63 63 187 124
I K -1 0 63 78 156 93
K I 1 0 78 62 188 110
I N -2 2 62 78 234 172
N G 1 1 78 93 234 156
G Oemcomma -1 -3 93 78 436 343
Oemcomma Space -1 4 78 141 624 546
Space S 2 2 141 171 6381 6240
S O 1 -7 171 78 312 141
O M -2 2 78 94 187 109
M E 2 4 94 141 140 46
E Space -3 -1 141 93 110 -31
Space A 2 3 93 171 187 94
A E 1 -2 171 78 234 63
E Space -3 -1 78 94 218 140
Space J 2 -3 94 78 219 125
J U 1 0 78 63 171 93
U S -1 5 63 141 109 46
S T 1 -3 141 63 125 -16
T Space -3 1 63 94 187 124
Space R 3 0 94 78 234 140
R E 0 1 78 78 141 63
E L -1 -6 78 78 281 203
L A 0 8 78 156 171 93
A X -1 -1 156 156 515 359
X N 0 -4 156 93 359 203
N Back 3 -7 93 109 437 344
Back I -1 5 109 94 218 109
I N -2 2 94 93 203 109
N G 1 1 93 93 203 110
G OemPeriod -1 -4 93 93 1326 1233
OemPeriod Space -1 5 93 94 249 156
Space LShiftKey 1 4 94 234 7067 6973
LShiftKey T 2 -5 234 78 125 -109
T H -1 -1 78 93 156 78
H E 1 3 93 63 218 125
E R 0 -1 63 78 141 78
R E 0 1 78 62 156 78
E Space -3 -1 62 62 187 125
Space A 2 3 62 188 93 31
A R 1 -3 188 78 125 -63
R E 0 1 78 62 141 63
E Space -3 -1 62 31 218 156
Space F 2 0 31 62 156 125
F A 0 3 62 171 125 63
A Back 2 -12 171 93 437 266
Back Back 0 0 93 78 202 109
Back F -2 9 78 78 843 765
F A 0 3 78 203 171 93
A M -1 -6 203 78 531 328
M I 2 -1 78 63 218 140
I L -1 -1 63 78 172 109
L I 1 1 78 78 171 93
I E 0 5 78 78 281 203
E S -1 1 78 78 187 109
S Space -2 -2 78 93 219 141
Space D 2 1 93 172 187 94
D O 1 -6 172 78 140 -32
O I 0 1 78 78 141 63
I N -2 2 78 94 187 109
N G 1 1 94 62 203 109
G Space -2 1 62 78 187 125
Space A 2 3 78 156 125 47
A C -1 -2 156 62 156 0
C T 2 -2 62 63 218 156
T I 0 -3 63 94 203 140
I C -2 5 94 124 172 78
C I 2 -5 124 63 93 -31
I Back 1 -5 63 93 328 265
Back Back 0 0 93 140 390 297
Back V -3 9 140 140 359 219
V I 2 -4 140 94 436 296
I T 0 3 94 31 266 172
T I 0 -3 31 94 249 218
I E 0 5 94 93 297 203
E S -1 1 93 156 171 78
S Space -2 -2 156 78 125 -31
Space T 3 -1 78 62 234 156
T O 0 -4 62 78 250 188
O G -1 4 78 78 265 187
G E 1 2 78 125 140 62
E T 0 -2 125 63 156 31
T H -1 -1 63 94 203 140
H E 1 3 94 140 94 0
E R 0 -1 140 125 249 109
R Space -3 0 125 140 2715 2590
Space Back 4 -9 140 109 11840 11700
Back Oemcomma -3 5 109 93 359 250
Oemcomma Space -1 4 93 94 171 78
Space T 3 -1 94 63 281 187
T H -1 -1 63 93 141 78
H R 1 2 93 78 374 281
R E 0 1 78 78 140 62
E Space -3 -1 78 78 234 156
Space A 2 3 78 188 78 0
A R 1 -3 188 62 172 -16
R E 0 1 62 78 125 63
E Space -3 -1 78 78 218 140
Space P 3 -6 78 78 281 203
P E 0 7 78 141 187 109
E O 0 -6 141 62 47 -94
O P 0 -1 62 78 125 63
P L -1 1 78 78 171 93
L E 1 6 78 125 328 250
E Space -3 -1 125 63 109 -16
Space T 3 -1 63 62 250 187
T A -1 4 62 171 125 63
A K 0 -7 171 78 156 -15
K I 1 0 78 78 187 109
I N -2 2 78 109 203 125
N G 1 1 109 78 218 109
G Space -2 1 78 94 187 109
Space P 3 -6 94 78 297 203
P H -1 4 78 78 358 280
H O 1 -3 78 62 219 141
O T 0 4 62 78 265 203
T O 0 -4 78 94 234 156
O F -1 5 94 78 296 202
F Back 2 -9 78 93 453 375
Back G -2 8 93 78 265 172
G R 1 1 78 63 187 109
R A -1 3 63 156 125 62
A P 1 -9 156 78 187 31
P H -1 4 78 78 312 234
H S 0 4 78 156 187 109
S Oemcomma -1 -6 156 94 250 94
Oemcomma Space -1 4 94 94 265 171
Space A 2 3 94 171 1623 1529
A N -1 -5 171 109 187 16
N D 1 3 109 140 203 94
D Space -2 -1 140 78 124 -16
Space P 3 -6 78 94 390 312
P E 0 7 94 172 250 156
E O 0 -6 172 78 94 -78
O P 0 -1 78 78 156 78
P L -1 1 78 78 171 93
L E 1 6 78 141 265 187
E Space -3 -1 141 78 156 15
Space E 3 1 78 156 562 484
E N -2 -3 156 78 156 0
N J 1 -1 78 62 234 156
J O 1 -2 62 78 390 328
O Y 0 3 78 78 218 140
Y I 0 -2 78 78 203 125
I N -2 2 78 94 187 109
N G 1 1 94 78 203 109
G Space -2 1 78 62 203 125
Space S 2 2 62 171 125 63
S O 1 -7 171 78 125 -46
O M -2 2 78 78 202 124
M E 2 4 78 140 94 16
E Space -3 -1 140 78 109 -31
Space M 1 -3 78 109 375 297
M U 2 0 109 78 296 187
U S -1 5 78 156 172 94
S I 1 -6 156 78 78 -78
I C -2 5 78 78 249 171
C Space -1 -1 78 62 203 125
Space A 2 3 62 156 125 63
A L 0 -8 156 78 171 15
L S 0 7 78 125 125 47
S O 1 -7 125 63 109 -16
O OemPeriod -2 0 63 93 219 156
OemPeriod Space -1 5 93 78 1029 936
Space E 3 1 78 93 3183 3105
E LShiftKey -2 3 93 234 21949 21856
LShiftKey T 2 -5 234 62 156 -78
T H -1 -1 62 94 156 94
H E 1 3 94 62 234 140
E R 0 -1 62 78 140 78
R E 0 1 78 62 141 63
E Space -3 -1 62 78 218 156
Space A 2 3 78 156 47 -31
A R 1 -3 156 47 203 47
R E 0 1 47 78 125 78
E Space -3 -1 78 94 218 140
Space S 2 2 94 187 499 405
S O 1 -7 187 203 265 78
O U 0 2 203 78 172 -31
U T 0 2 78 94 374 296
T S -1 3 94 141 156 62
S Space -2 -2 141 93 219 78
Space Right 0 -9 93 140 4212 4119
Right C 1 10 140 125 249 109
C W 2 1 125 187 1436 1311
W H -1 -4 187 124 281 94
H O 1 -3 124 110 202 78
O Space -3 5 110 94 203 93
Space H 2 -2 94 62 219 125
H A 0 5 62 141 124 62
A V -1 -3 141 78 110 -31
V E 2 1 78 125 171 93
E Space -3 -1 125 78 63 -62
Space A 2 3 78 140 234 156
A L 0 -8 140 94 124 -16
L S 0 7 94 109 172 78
S O 1 -7 109 78 47 -62
O Space -3 5 78 78 218 140
Space C 1 1 78 156 172 94
C O 2 -6 156 78 156 0
O M -2 2 78 78 171 93
M E 2 4 78 141 156 78
E Space -3 -1 141 62 32 -109
Space O 3 -5 62 62 234 172
O N -2 3 62 78 171 109
N Space -1 2 78 78 156 78
Space A 2 3 78 187 94 16
A Space -2 -3 187 94 109 -78
Space C 1 1 94 94 1872 1778
C A 1 2 94 172 265 171
A M -1 -6 172 109 125 -47
M P 2 -3 109 156 250 141
P I 0 2 156 94 171 15
I N -2 2 94 94 203 109
N G 1 1 94 78 218 124
G Space -2 1 78 78 188 110
Space T 3 -1 78 15 265 187
T R 0 1 15 62 109 94
R I 0 -4 62 63 296 234
I P 0 -2 63 78 219 156
P OemPeriod -2 1 78 109 203 125
OemPeriod S 1 7 109 437 6302 6193
S S 0 0 437 203 780 343
S S 0 0 203 219 343 140
S Back 2 -11 219 109 32807 32588
Back G -2 8 109 78 624 515
G M -1 -2 78 93 281 203
M A 1 6 93 219 140 47
A I 1 -7 219 78 141 -78
I L -1 -1 78 78 1762 1684
L Return 0 -3 78 171 531 453
Return Back 2 -1 171 1263 51648 51477
Back G -2 8 1263 140 4009 2746
G M -1 -2 140 93 203 63
M A 1 6 93 249 203 110
A I 1 -7 249 110 124 -125
I L -1 -1 110 94 203 93
L Return 0 -3 94 222 609 515
Return P 1 2 222 78 23126 22904
P R 0 6 78 109 297 219
R I 0 -4 109 78 187 78
I Y 0 2 78 78 203 125
Y A -1 5 78 141 140 62
A N -1 -5 141 63 109 -32
N K 1 -2 63 78 156 93
K A 0 7 78 140 110 32
A OemPeriod -1 -8 140 78 156 16
OemPeriod D1 3 8 78 203 218 140
D1 D0 0 -9 203 94 234 31
D0 G -2 5 94 78 359 265
G O 1 -4 78 78 281 203
O W 0 7 78 141 202 124
W R 0 -2 141 78 141 0
R I 0 -4 78 78 249 171
I LShiftKey -2 8 78 359 125 47
LShiftKey D2 3 -2 359 62 281 -78
D2 G -2 -3 62 78 484 422
G M -1 -2 78 78 234 156
M A 1 6 78 156 124 46
A Back 2 -12 156 78 437 281
Back Back 0 0 78 78 187 109
Back Back 0 0 78 62 172 94
Back Back 0 0 62 78 156 94
Back Back 0 0 78 1264 4976 4898
Back U -1 6 1264 93 2762 1498
U B -2 2 93 93 390 297
B C 0 2 93 63 249 156
C O 2 -6 63 78 297 234
O L -1 0 78 78 187 109
L L 0 0 78 62 125 47
L E 1 6 62 93 312 250
E C -2 0 93 94 218 125
C T 2 -2 94 62 250 156
T I 0 -3 62 78 234 172
I O 0 -1 78 78 156 78
O N -2 3 78 78 218 140
N D1 3 5 78 78 1264 1186
D1 LShiftKey -3 1 78 546 234 156
LShiftKey U 2 -7 546 94 17859 17313
U B -2 2 94 93 250 156
B C 0 2 93 78 312 219
C O 2 -6 78 94 327 249
O L -1 0 94 78 203 109
L L 0 0 78 47 156 78
L E 1 6 47 93 297 250
E C -2 0 93 94 202 109
C T 2 -2 94 78 234 140
T I 0 -3 78 78 281 203
I O 0 -1 78 78 156 78
O N -2 3 78 94 203 125
N D1 3 5 94 78 406 312
D1 LShiftKey -3 1 78 390 265 187
LShiftKey D2 3 -2 390 156 265 -125
D2 Y -1 -4 156 93 1217 1061
Y A -1 5 93 78 281 188
A H 0 -5 78 78 358 280
H O 1 -3 78 62 250 172
O O 0 0 62 78 140 78
O OemPeriod -2 0 78 94 234 156
OemPeriod C 0 6 94 62 328 234
C O 2 -6 62 93 281 219
O M -2 2 93 109 234 141
M V 0 3 109 78 27068 26959
V I 2 -4 78 63 265 187
I K -1 0 63 78 156 93
K A 0 7 78 125 94 16
A S 0 -1 125 125 234 109
S P 1 -8 125 78 858 733
P R 0 6 78 78 499 421
R A -1 3 78 156 203 125
A S 0 -1 156 63 140 -16
S S 0 0 63 62 141 78
S Back 2 -11 62 78 639 577
Back A -2 12 78 140 266 188
A N -1 -5 140 62 702 562
N N 0 0 62 78 140 78
N A 1 5 78 124 141 63
A LShiftKey -1 1 124 515 296 172
LShiftKey D2 3 -2 515 78 421 -94
D2 G -2 -3 78 94 624 546
G M -1 -2 94 93 219 125
M A 1 6 93 156 187 94
A I 1 -7 156 62 109 -47
I L -1 -1 62 78 156 94
L OemPeriod -1 0 78 93 172 94
OemPeriod C 0 6 93 140 187 94
C O 2 -6 140 78 109 -31
O M -2 2 78 78 187 109
M Back 3 -6 78 904 109753 109675
Back A -2 12 904 171 1451 547
A M -1 -6 171 125 249 78
M A 1 6 125 125 172 47
A Z -1 0 125 141 249 124
Z O 2 -8 141 110 78 -63
O N -2 3 110 109 219 109
N Return 1 -6 109 191 1061 952
Return B -1 7 191 156 23837 23646
B E 2 2 156 94 249 93
E L -1 -6 94 94 359 265
L T 1 4 94 78 297 203
T S -1 3 78 110 202 124
S D 0 -1 110 94 101753 101643
D R 1 -1 94 78 203 109
R E 0 1 78 78 156 78
E S -1 1 78 78 187 109
S S 0 0 78 78 125 47
S Space -2 -2 78 109 328 250
Space Return 2 -8 109 254 655 546
Return E 1 9 254 140 377036 376782
