D0 D5 0 5 78 78 422 344
D5 D5 0 0 78 78 124 46
D5 D1 0 4 78 63 156 78
D1 Return -2 -11 63 63 4602 4539
Return LShiftKey -1 12 63 187 58485 58422
LShiftKey I 2 -8 187 109 125 -62
I Space -3 4 109 125 296 187
Space W 3 2 125 63 265 140
W A -1 1 63 94 172 109
A S 0 -1 94 63 187 93
S Space -2 -2 63 78 109 46
Space L 2 -5 78 109 500 422
L U 1 2 109 109 187 78
U C -2 4 109 78 390 281
C J 1 -4 78 78 171 93
J Back 2 -6 78 93 531 453
Back K -2 5 93 78 312 219
K Y 1 2 78 78 405 327
Y Space -3 2 78 47 94 16
Space I 3 -4 47 94 374 327
I Space -3 4 94 62 94 0
Space Back 4 -9 62 78 1498 1436
Back Back 0 0 78 47 171 93
Back Back 0 0 47 78 827 780
Back Space -4 9 78 156 608 530
Space OemMinus 4 -7 156 140 94 -62
OemMinus Space -4 7 140 93 125 -15
Space I 3 -4 93 110 1419 1326
I Space -3 4 110 62 94 -16
Space F 2 0 62 93 515 453
F O 1 -5 93 140 156 63
O U 0 2 140 78 109 -31
U N -2 1 78 94 234 156
N D 1 3 94 94 343 249
D Space -2 -1 94 47 109 15
Space W 3 2 47 62 1467 1420
W H -1 -4 62 78 125 63
H A 0 5 78 109 78 0
A T 1 -4 109 78 140 31
T Space -3 1 78 63 62 -16
Space I 3 -4 63 125 281 218
I Space -3 4 125 63 109 -16
Space L 2 -5 63 109 453 390
L O 1 0 109 94 93 -16
O V -2 5 94 78 281 187
V E 2 1 78 94 125 47
E D -1 0 94 94 187 93
D Space -2 -1 94 47 156 62
Space T 3 -1 47 63 1092 1045
T O 0 -4 63 78 109 46
O Space -3 5 78 78 63 -15
Space D 2 1 78 78 249 171
D O 1 -6 78 94 94 16
O Space -3 5 94 62 78 -16
Space E 3 1 62 78 764 702
E A -1 2 78 125 219 141
A R 1 -3 125 78 281 156
R L -1 -5 78 110 202 124
L Y 1 3 110 94 234 124
Y Space -3 2 94 62 94 0
Space I 3 -4 62 110 452 390
I N -2 2 110 93 110 0
N Space -1 2 93 78 93 0
Space L 2 -5 78 141 577 499
L I 1 1 141 93 110 -31
I F -1 4 93 78 296 203
F E 1 1 78 62 94 16
E OemPeriod -2 -6 62 78 2574 2512
OemPeriod Space -1 5 78 63 327 249
Space Left 0 -7 63 1311 2215 2152
Left Left 0 0 1311 62 1514 203
Left Left 0 0 62 62 156 94
Left Left 0 0 62 78 156 94
Left Left 0 0 78 62 156 78
Left Back 4 -2 62 63 795 733
Back LShiftKey -3 13 63 421 156 93
LShiftKey I 2 -8 421 62 328 -93
I Left -3 -3 62 62 749 687
Left Left 0 0 62 63 171 109
Left Left 0 0 63 78 141 78
Left Left 0 0 78 78 156 78
Left Left 0 0 78 94 140 62
Left Left 0 0 94 78 156 62
Left Left 0 0 78 63 140 62
Left Left 0 0 63 109 125 62
Left Left 0 0 109 94 156 47
Left Left 0 0 94 78 156 62
Left Left 0 0 78 93 141 63
Left Left 0 0 93 78 156 63
Left Left 0 0 78 94 140 62
Left Back 4 -2 94 78 796 702
Back LShiftKey -3 13 78 1497 156 78
LShiftKey I 2 -8 1497 63 1372 -125
I Right -3 -5 63 1498 1061 998
Right Right 0 0 1498 983 1732 234
Right LShiftKey 1 13 983 421 1685 702
LShiftKey W 2 -2 421 78 390 -31
W O 0 -7 78 62 187 109
O Z -2 8 62 94 889 827
Z Space -1 -3 94 47 140 46
Space A 2 3 47 93 531 484
A N -1 -5 93 109 359 266
N D 1 3 109 62 140 31
D Space -2 -1 62 78 78 16
Space I 3 -4 78 125 312 234
I Space -3 4 125 78 94 -31
Space Back 4 -9 78 109 1622 1544
Back Back 0 0 109 62 203 94
Back LShiftKey -3 13 62 593 1107 1045
LShiftKey I 2 -8 593 93 500 -93
I Space -3 4 93 47 93 0
Space S 2 2 47 78 2153 2106
S A 0 1 78 125 187 109
A Back 2 -12 125 94 624 499
Back T -1 8 94 78 343 249
T A -1 4 78 125 328 250
A R 1 -3 125 78 998 873
R T 0 -1 78 93 266 188
T E 0 2 93 63 124 31
E D -1 0 63 78 156 93
D S 0 1 78 47 16 -62
S Space -2 -2 47 78 62 15
Space LShiftKey 1 4 78 219 1685 1607
LShiftKey A 1 -1 219 109 172 -47
A P 1 -9 109 94 249 140
P P 0 0 94 156 156 62
P L -1 1 156 94 125 -31
L E 1 6 94 78 203 109
E Space -3 -1 78 62 172 94
Space Back 4 -9 62 47 3135 3073
Back Right -4 0 47 93 952 905
Right Right 0 0 93 94 171 78
Right Right 0 0 94 78 578 484
Right Right 0 0 78 94 140 62
Right Right 0 0 94 94 156 62
Right Right 0 0 94 78 172 78
Right Space 0 9 78 125 1029 951
Space I 3 -4 125 156 141 16
I N -2 2 156 109 140 -16
N Space -1 2 109 94 78 -31
Space M 1 -3 94 109 203 109
M Y 2 1 109 93 234 125
Y Space -3 2 93 110 93 0
Space P 3 -6 110 124 500 390
P A -1 9 124 109 452 328
A R 1 -3 109 63 530 421
R E 0 1 63 78 172 109
E N -2 -3 78 78 156 78
N T 2 1 78 94 187 109
T S -1 3 94 94 156 62
S Space -2 -2 94 47 125 31
Space Back 4 -9 47 94 1934 1887
Back Oem7 -2 2 94 93 1358 1264
Oem7 Space -2 7 93 141 218 125
Space G 2 -1 141 93 1732 1591
G A 0 4 93 93 437 344
A R 1 -3 93 78 312 219
R A -1 3 78 94 218 140
A G 0 -4 94 93 125 31
G E 1 2 93 62 125 32
E Space -3 -1 62 63 124 62
Space W 3 2 63 62 1108 1045
W H -1 -4 62 78 125 63
H A 0 5 78 94 109 31
A E 1 -2 94 78 390 296
E Back 1 -10 78 94 655 577
Back Back 0 0 94 78 172 78
Back E -1 10 78 78 1170 1092
E N -2 -3 78 78 109 31
N Space -1 2 78 78 78 0
Space I 3 -4 78 94 1466 1388
I Space -3 4 94 47 94 0
Space W 3 2 47 62 312 265
W A -1 1 62 109 187 125
A S 0 -1 109 78 141 32
S Space -2 -2 78 94 140 62
Space D2 4 2 94 62 234 140
D2 D0 0 -8 62 93 172 110
D0 OemPeriod -3 1 93 109 1248 1155
OemPeriod Space -1 5 109 125 124 15
Space LShiftKey 1 4 125 343 718 593
LShiftKey W 2 -2 343 94 296 -47
W E 0 -1 94 93 219 125
E Space -3 -1 93 78 156 63
Space W 3 2 78 94 717 639
W O 0 -7 94 78 312 218
O R 0 5 78 78 203 125
R K -1 -4 78 62 250 172
K E 1 5 62 78 156 94
E D -1 0 78 78 187 109
D Space -2 -1 78 62 94 16
Space H 2 -2 62 78 1357 1295
H A 0 5 78 109 125 47
A R 1 -3 109 78 218 109
R D -1 1 78 62 125 47
D Oemcomma -1 -5 62 109 530 468
Oemcomma Space -1 4 109 109 94 -15
Space A 2 3 109 93 1404 1295
A N -1 -5 93 94 140 47
N D 1 3 94 78 187 93
D Space -2 -1 78 78 110 32
Space I 3 -4 78 94 374 296
I N -2 2 94 109 172 78
N Space -1 2 109 93 109 0
Space D1 4 3 93 78 686 593
D1 D0 0 -9 78 93 141 63
D0 Space -4 6 93 94 327 234
Space Y 3 -2 94 78 640 546
Y E 0 3 78 62 281 203
E A -1 2 62 78 171 109
A R 1 -3 78 78 63 -15
R S -1 2 78 62 156 78
S Space -2 -2 62 63 93 31
Space LShiftKey 1 4 63 280 687 624
LShiftKey A 1 -1 280 94 249 -31
A P 1 -9 94 78 250 156
P P 0 0 78 62 156 78
P L -1 1 62 94 187 125
L E 1 6 94 78 94 0
E Space -3 -1 78 109 93 15
Space H 2 -2 109 78 1155 1046
H A 0 5 78 94 124 46
A Space -2 -3 94 78 297 203
Space Back 4 -9 78 110 483 405
Back D -2 10 110 78 188 78
D Space -2 -1 78 62 218 140
Space G 2 -1 62 78 952 890
G R 1 1 78 62 140 62
R O 0 -5 62 78 281 219
O W 0 7 78 94 327 249
W N -2 -4 94 47 125 31
N Space -1 2 47 62 63 16
Space F 2 0 62 63 1341 1279
F R 1 0 63 63 187 124
R O 0 -5 63 125 94 31
O M -2 2 125 109 109 -16
M Space -1 3 109 109 94 -15
Space J 2 -3 109 78 1466 1357
J U 1 0 78 78 219 141
U S -1 5 78 78 140 62
S T 1 -3 78 78 109 31
T Space -3 1 78 78 63 -15
Space T 3 -1 78 109 1014 936
T H -1 -1 109 109 93 -16
H E 1 3 109 78 94 -15
E Space -3 -1 78 78 93 15
Space T 3 -1 78 63 983 905
T W 0 3 63 94 109 46
W O 0 -7 94 94 328 234
O Space -3 5 94 94 78 -16
Space O 3 -5 94 93 172 78
O F -1 5 93 78 234 141
F Space -2 0 78 78 124 46
Space U 3 -3 78 78 1311 1233
U S -1 5 78 78 234 156
S Space -2 -2 78 93 125 47
Space I 3 -4 93 109 171 78
I N -2 2 109 109 172 63
N Space -1 2 109 109 109 0
Space A 2 3 109 93 172 63
A Space -2 -3 93 93 78 -15
Space G 2 -1 93 78 1622 1529
G A 0 4 78 78 187 109
A R 1 -3 78 94 187 109
R A -1 3 94 78 141 47
A G 0 -4 78 93 125 47
G E 1 2 93 78 109 16
E Space -3 -1 78 78 109 31
Space I 3 -4 78 140 1014 936
I N -2 2 140 94 109 -31
N T 2 1 94 62 297 203
T O 0 -4 62 125 124 62
O Space -3 5 125 93 110 -15
Space A 2 3 93 125 218 125
A Space -2 -3 125 93 125 0
Space LShiftKey 1 4 93 531 1185 1092
LShiftKey D4 3 -4 531 63 468 -63
D4 D2 0 2 63 78 780 717
D2 Space -4 -2 78 78 999 921
Space B 1 -1 78 78 390 312
B I 2 -3 78 78 296 218
I L -1 -1 78 94 203 125
L L 0 0 94 93 172 78
L I 1 1 93 110 124 31
I O 0 -1 110 93 734 624
O N -2 3 93 94 249 156
N Space -1 2 94 78 78 -16
Space C 1 1 78 78 624 546
C O 2 -6 78 156 94 16
O M -2 2 156 156 125 -31
M P 2 -3 156 125 202 46
P A -1 9 125 110 156 31
A N -1 -5 110 63 203 93
N Y 2 0 63 109 328 265
Y Space -3 2 109 93 78 -31
Space W 3 2 93 78 1544 1451
W I 0 -6 78 94 78 0
I T 0 3 94 78 250 156
T H -1 -1 78 125 78 0
H Space -2 2 125 78 109 -16
Space O 3 -5 78 62 952 874
O V -2 5 62 62 265 203
V E 2 1 62 62 125 63
E R 0 -1 62 47 202 140
R Space -3 0 47 78 110 63
Space D4 4 0 78 62 1248 1170
D4 Oemcomma -3 -4 62 78 967 905
Oemcomma D0 3 -2 78 62 499 421
D0 D0 0 0 62 62 156 94
D0 D9 0 1 62 47 0 -62
D9 Back 0 -4 47 93 1342 1295
Back D0 0 3 93 125 670 577
D0 Space -4 6 125 94 125 0
Space E 3 1 94 63 1123 1029
E M -2 -4 63 93 219 156
M P 2 -3 93 125 452 359
P L -1 1 125 78 172 47
L O 1 0 78 78 171 93
O Y 0 3 78 78 546 468
Y E 0 3 78 63 203 125
E E 0 0 63 94 125 62
E S -1 1 94 62 234 140
S D 0 -1 62 47 0 -62
D Back 2 -10 47 93 983 936
Back S -2 11 93 78 203 110
S Back 2 -11 78 94 358 280
Back Back 0 0 94 78 172 78
Back S -2 11 78 63 1076 998
S OemPeriod -1 -7 63 125 484 421
OemPeriod Space -1 5 125 140 125 0
Space LShiftKey 1 4 140 265 733 593
LShiftKey W 2 -2 265 110 218 -47
W E 0 -1 110 94 234 124
E R 0 -1 94 47 16 -78
R Space -3 0 47 78 172 125
Space Back 4 -9 78 78 1123 1045
Back Back 0 0 78 78 140 62
Back Space -4 9 78 93 297 219
Space H 2 -2 93 78 546 453
H A 0 5 78 109 78 0
A D 0 -2 109 78 202 93
D Space -2 -1 78 62 94 16
Space J 2 -3 62 78 1498 1436
J U 1 0 78 125 93 15
U S -1 5 125 78 172 47
S T 1 -3 78 125 93 15
T Space -3 1 125 125 63 -62
Space R 3 0 125 78 468 343
R L -1 -5 78 94 374 296
L Back 2 -4 94 110 967 873
Back E -1 10 110 78 375 265
E L -1 -6 78 78 1029 951
L E 1 6 78 78 156 78
E A -1 2 78 78 297 219
A S 0 -1 78 46 281 203
S E 1 -1 46 63 171 125
E D -1 0 63 78 172 109
D Space -2 -1 78 78 156 78
Space O 3 -5 78 109 1841 1763
O U 0 2 109 94 124 15
U R 0 3 94 78 219 125
R Space -3 0 78 78 125 47
Space F 2 0 78 78 1653 1575
F I 1 -4 78 94 156 78
I N -2 2 94 93 328 234
N E 2 3 93 62 156 63
E S -1 1 62 78 203 141
S T 1 -3 78 78 109 31
T Space -3 1 78 78 62 -16
Space C 1 1 78 109 624 546
C R 2 -1 109 172 78 -31
R E 0 1 172 78 156 -16
E A -1 2 78 93 141 63
A T 1 -4 93 62 109 16
T I 0 -3 62 140 468 406
I O 0 -1 140 172 93 -47
O N -2 3 172 141 125 -47
N Space -1 2 141 78 141 0
Space Back 4 -9 78 94 1060 982
Back OemMinus 0 2 94 109 562 468
OemMinus Space -4 7 109 78 109 0
Space T 3 -1 78 78 577 499
T E 0 2 78 78 219 141
E Space -3 -1 78 78 78 0
Space M 1 -3 78 78 702 624
M A 1 6 78 94 109 31
A C -1 -2 94 62 593 499
C N 0 -3 62 78 265 203
N Back 3 -7 78 109 437 359
Back I -1 5 109 78 296 187
I N -2 2 78 78 141 63
N T 2 1 78 78 452 374
T O 0 -4 78 78 109 31
O S -1 7 78 78 375 297
S H 0 -4 78 110 124 46
H Space -2 2 110 78 125 15
Space Left 0 -7 78 764 2044 1966
Left Left 0 0 764 78 920 156
Left Left 0 0 78 94 156 78
Left Left 0 0 94 93 141 47
Left Left 0 0 93 78 156 63
Left H 2 5 78 62 1014 936
H Right -2 -7 62 62 967 905
Right Right 0 0 62 78 156 94
Right Right 0 0 78 93 156 78
Right Back 4 0 93 62 827 734
Back LShiftKey -3 13 62 577 234 172
LShiftKey M 0 -7 577 78 452 -125
M LShiftKey 0 7 78 452 3791 3713
LShiftKey I 2 -8 452 62 390 -62
I OemMinus 1 -3 62 125 9906 9844
OemMinus Space -4 7 125 94 109 -16
Space A 2 3 94 94 842 748
A Space -2 -3 94 78 78 -16
Space Y 3 -2 78 78 2169 2091
Y E 0 3 78 63 218 140
E A -1 2 63 94 156 93
A R 1 -3 94 125 78 -16
R Space -3 0 125 62 141 16
Space E 3 1 62 63 452 390
E R 0 -1 63 78 733 670
R L -1 -5 78 141 234 156
L I 1 1 141 109 110 -31
I E 0 5 109 93 343 234
E R 0 -1 93 110 93 0
R Space -3 0 110 62 110 0
Space Back 4 -9 62 78 1684 1622
Back Left -4 2 78 62 1857 1779
Left Left 0 0 62 93 156 94
Left Left 0 0 93 78 156 63
Left Left 0 0 78 78 390 312
Left Left 0 0 78 125 374 296
Left A 2 10 125 62 1030 905
A Right -2 -12 62 94 327 265
Right Right 0 0 94 78 188 94
Right Right 0 0 78 78 156 78
Right Right 0 0 78 78 140 62
Right Right 0 0 78 94 218 140
Right Oemcomma 1 5 94 156 749 655
Oemcomma Space -1 4 156 93 141 -15
Space Capital 2 4 93 109 2168 2075
Capital N -1 -6 109 94 234 125
N D 1 3 94 78 109 15
D Space -2 -1 78 78 94 16
Space I 3 -4 78 109 2215 2137
I Space -3 4 109 94 78 -31
Space H 2 -2 94 78 437 343
H Capital 0 6 78 62 156 78
Capital A 0 -1 62 47 15 -47
A Back 2 -12 47 94 1014 967
Back Back 0 0 94 93 188 94
Back Back 0 0 93 94 608 515
Back Back 0 0 94 94 156 62
Back Back 0 0 94 110 140 46
Back Back 0 0 110 109 125 15
Back Back 0 0 109 110 187 78
Back Capital -2 13 110 78 936 826
Capital LShiftKey -1 0 78 265 1295 1217
LShiftKey I 2 -8 265 93 219 -46
I Space -3 4 93 78 93 0
Space H 2 -2 78 78 655 577
H A 0 5 78 93 110 32
A D 0 -2 93 94 249 156
D Space -2 -1 94 94 125 31
Space J 2 -3 94 78 686 592
J U 1 0 78 78 156 78
U S -1 5 78 62 141 63
S T 1 -3 62 94 93 31
T Space -3 1 94 78 78 -16
Space Back 4 -9 78 78 1841 1763
Back Back 0 0 78 78 219 141
Back Back 0 0 78 93 156 78
Back Back 0 0 93 78 156 63
Back Back 0 0 78 78 140 62
Back Back 0 0 78 78 140 62
Back Back 0 0 78 63 156 78
Back Back 0 0 63 94 125 62
Back Back 0 0 94 110 109 15
Back Back 0 0 110 94 172 62
Back Back 0 0 94 78 406 312
Back Capital -2 13 78 110 280 202
Capital LShiftKey -1 0 110 296 999 889
LShiftKey I 2 -8 296 93 234 -62
I Space -3 4 93 94 93 0
Space H 2 -2 94 63 624 530
H A 0 5 63 109 94 31
A D 0 -2 109 62 468 359
D Space -2 -1 62 93 94 32
Space H 2 -2 93 94 452 359
H A 0 5 94 94 109 15
A D 0 -2 94 94 234 140
D Space -2 -1 94 78 125 31
Space J 2 -3 78 140 671 593
J U 1 0 140 140 109 -31
U S -1 5 140 93 203 63
S T 1 -3 93 94 109 16
T Space -3 1 94 78 78 -16
Space T 3 -1 78 94 858 780
T U 0 -2 94 78 125 31
U R 0 3 78 62 359 281
R N -2 -2 62 93 156 94
N E 2 3 93 78 1794 1701
E D -1 0 78 78 202 124
D Space -2 -1 78 78 125 47
Space D3 4 1 78 78 3994 3916
D3 D0 0 -7 78 78 93 15
D0 OemPeriod -3 1 78 93 453 375
OemPeriod Space -1 5 93 78 234 141
Space LShiftKey 1 4 78 187 2293 2215
LShiftKey A 1 -1 187 109 156 -31
A N -1 -5 109 94 312 203
N E 2 3 94 78 234 140
E D -1 0 78 63 187 109
D Back 2 -10 63 124 297 234
Back Back 0 0 124 94 218 94
Back D -2 10 94 78 624 530
D Space -2 -1 78 94 187 109
Space T 3 -1 94 109 546 452
T H -1 -1 109 78 78 -31
H E 1 3 78 78 94 16
E N -2 -3 78 93 359 281
N Space -1 2 93 78 78 -15
Space I 3 -4 78 109 5257 5179
I Space -3 4 109 78 78 -31
Space G 2 -1 78 94 452 374
G O 1 -4 94 78 125 31
O T 0 4 78 109 187 109
T Space -3 1 109 78 94 -15
Space F 2 0 78 63 483 405
F I 1 -4 63 78 141 78
I R 0 4 78 94 187 109
R E 0 1 94 78 203 109
E D -1 0 78 78 203 125
D Space -2 -1 78 62 140 62
Space F 2 0 62 62 1529 1467
F R 1 0 62 78 171 109
R O 0 -5 78 109 94 16
O M -2 2 109 125 203 94
M Space -1 3 125 109 109 -16
Space A 2 3 109 109 328 219
A Space -2 -3 109 94 140 31
Space C 1 1 94 78 265 171
C O 2 -6 78 125 109 31
O M -2 2 125 110 156 31
M P 2 -3 110 125 203 93
P A -1 9 125 93 141 16
A N -1 -5 93 78 249 156
N Y 2 0 78 93 375 297
Y Space -3 2 93 94 62 -31
Space Left 0 -7 94 94 9360 9266
Left OemPeriod 1 2 94 78 1248 1154
OemPeriod Space -1 5 78 78 1997 1919
Space LShiftKey 1 4 78 234 234 156
LShiftKey H 1 -6 234 78 171 -63
H O 1 -3 78 78 297 219
O W 0 7 78 78 374 296
W Space -3 -2 78 78 141 63
Space C 1 1 78 78 374 296
C X 0 1 78 46 16 -62
X A 1 1 46 78 140 94
A N -1 -5 78 94 265 187
N Space -1 2 94 63 234 140
Space Back 4 -9 63 249 1030 967
Back Back 0 0 249 78 312 63
Back Back 0 0 78 93 125 47
Back Back 0 0 93 47 202 109
Back A -2 12 47 78 1108 1061
A N -1 -5 78 94 109 31
N Space -1 2 94 78 94 0
Space Y 3 -2 78 156 281 203
Y O 0 -3 156 171 109 -47
O U 0 2 171 125 109 -62
U Space -3 3 125 78 94 -31
Space G 2 -1 78 78 1528 1450
G E 1 2 78 78 94 16
E T 0 -2 78 78 125 47
T Space -3 1 78 78 764 686
Space F 2 0 78 93 297 219
F I 1 -4 93 93 2574 2481
I R 0 4 93 93 499 406
R E 0 1 93 94 171 78
E D -1 0 94 93 219 125
D Space -2 -1 93 62 156 63
Space Back 4 -9 62 94 3541 3479
Back Right -4 0 94 265 7145 7051
Right Right 0 0 265 78 390 125
Right Right 0 0 78 78 171 93
Right Right 0 0 78 78 156 78
Right Right 0 0 78 63 156 78
Right Right 0 0 63 63 156 93
Right Right 0 0 63 63 156 93
Right Right 0 0 63 78 156 93
Right Right 0 0 78 63 156 78
Right Right 0 0 63 63 156 93
Right Right 0 0 63 94 406 343
Right Right 0 0 94 78 187 93
Right Right 0 0 78 47 203 125
Right Right 0 0 47 47 3260 3213
Right Right 0 0 47 140 422 375
Right Right 0 0 140 93 234 94
Right Right 0 0 93 62 187 94
Right Y 3 7 62 140 936 874
Y O 0 -3 140 187 78 -62
O U 0 2 187 156 93 -94
U Space -3 3 156 93 110 -46
Space S 2 2 93 78 436 343
S R 1 -2 78 109 172 94
R A -1 3 109 94 187 78
A Back 2 -12 94 109 593 499
Back Back 0 0 109 78 187 78
Back T -1 8 78 78 827 749
T A -1 4 78 125 156 78
A R 1 -3 125 109 156 31
R T 0 -1 109 93 172 63
T E 0 2 93 78 234 141
E D -1 0 78 62 234 156
D Space -2 -1 62 93 187 125
Space Back 4 -9 93 78 3276 3183
Back RShiftKey -3 2 78 156 608 530
RShiftKey OemQuestion 0 1 156 109 78 -78
OemQuestion Space -1 6 109 78 499 390
Space LShiftKey 1 4 78 281 624 546
LShiftKey W 2 -2 281 93 219 -62
W E 0 -1 93 78 249 156
E L -1 -6 78 78 344 266
L L 0 0 78 78 140 62
L Oemcomma -1 1 78 109 406 328
Oemcomma Space -1 4 109 109 156 47
Space A 2 3 109 78 1341 1232
A S 0 -1 78 78 156 78
S Space -2 -2 78 94 109 31
Space A 2 3 94 109 203 109
A P 1 -9 109 94 156 47
P P 0 0 94 94 156 62
P L -1 1 94 109 156 62
L E 1 6 109 78 203 94
E Space -3 -1 78 78 125 47
Space G 2 -1 78 94 1357 1279
G R 1 1 94 78 172 78
R E 0 1 78 62 203 125
E Space -3 -1 62 78 343 281
Space Back 4 -9 78 172 1419 1341
Back W -1 11 172 78 312 140
W Space -3 -2 78 93 219 141
Space W 3 2 93 156 2184 2091
W E 0 -1 156 125 140 -16
E Space -3 -1 125 93 141 16
Space H 2 -2 93 78 421 328
H I 1 -2 78 94 249 171
I R 0 4 94 78 188 94
R E 0 1 78 94 171 93
E D -1 0 94 78 187 93
D Space -2 -1 78 78 94 16
Space S 2 2 78 78 1295 1217
S O 1 -7 78 125 109 31
O M -2 2 125 110 140 15
M E 2 4 110 94 234 124
E O 0 -6 94 124 188 94
O N -2 3 124 94 280 156
N E 2 3 94 94 172 78
E Space -3 -1 94 78 140 46
Space W 3 2 78 63 1841 1763
W H -1 -4 63 110 109 46
H O 1 -3 110 140 172 62
O Space -3 5 140 125 109 -31
Space I 3 -4 125 141 156 31
I Space -3 4 141 94 125 -16
Space T 3 -1 94 78 733 639
T H -1 -1 78 78 125 47
H O 1 -3 78 187 234 156
O U 0 2 187 78 156 -31
U G -1 2 78 187 234 156
G H 0 -1 187 125 140 -47
H T 1 1 125 78 78 -47
T Space -3 1 78 78 94 16
Space W 3 2 78 78 1654 1576
W A -1 1 78 93 187 109
A S 0 -1 93 78 187 94
S Space -2 -2 78 78 78 0
Space V 1 0 78 78 1030 952
V E 2 1 78 94 93 15
E R 0 -1 94 109 234 140
R Y 0 -2 109 94 156 47
Y Space -3 2 94 94 78 -16
Space T 3 -1 94 110 655 561
T A -1 4 110 78 749 639
A L 0 -8 78 94 593 515
L E 1 6 94 62 234 140
E N -2 -3 62 62 156 94
N T 2 1 62 78 250 188
T E 0 2 78 78 109 31
E D -1 0 78 78 203 125
D Space -2 -1 78 78 109 31
Space T 3 -1 78 78 1357 1279
T O 0 -4 78 109 94 16
O Space -3 5 109 78 93 -16
Space R 3 0 78 78 375 297
R U 0 -3 78 93 187 109
U N -2 1 93 125 171 78
N Space -1 2 125 78 110 -15
Space T 3 -1 78 141 1762 1684
T H -1 -1 141 124 110 -31
H E 1 3 124 93 78 -46
E Space -3 -1 93 109 78 -15
Space C 1 1 109 93 624 515
C O 2 -6 93 156 187 94
O M -2 2 156 94 140 -16
M P 2 -3 94 93 328 234
P A -1 9 93 93 156 63
A N -1 -5 93 62 156 63
N Y 2 0 62 109 281 219
Y Space -3 2 109 63 93 -16
Space W 3 2 63 62 1607 1544
W I 0 -6 62 94 140 78
I T 0 3 94 141 359 265
T H -1 -1 141 125 109 -32
H Space -2 2 125 94 125 0
Space M 1 -3 94 109 328 234
M E 2 4 109 78 125 16
E Oemcomma -2 -5 78 109 1232 1154
Oemcomma Space -1 4 109 78 109 0
Space A 2 3 78 78 1045 967
A N -1 -5 78 78 110 32
N D 1 3 78 78 140 62
D Space -2 -1 78 78 78 0
Space F 2 0 78 78 562 484
F O 1 -5 78 94 124 46
O R 0 5 94 78 110 16
R Space -3 0 78 78 78 0
Space T 3 -1 78 94 1778 1700
T H -1 -1 94 141 62 -32
H E 1 3 141 78 125 -16
E Space -3 -1 78 78 63 -15
Space F 2 0 78 78 686 608
F I 1 -4 78 93 172 94
I R 0 4 93 94 202 109
R S -1 2 94 93 344 250
S T 1 -3 93 109 140 47
T Space -3 1 109 62 78 -31
Space Y 3 -2 62 78 1466 1404
Y E 0 3 78 78 375 297
E A -1 2 78 94 296 218
A R 1 -3 94 93 141 47
R Space -3 0 93 78 62 -31
Space O 3 -5 78 93 1810 1732
O R 0 5 93 78 218 125
R Space -3 0 78 78 125 47
Space S 2 2 78 78 359 281
S O 1 -7 78 94 93 15
O Space -3 5 94 78 109 15
Space T 3 -1 78 125 1077 999
T H -1 -1 125 109 78 -47
H I 1 -2 109 110 405 296
I N -2 2 110 125 125 15
N G 1 1 125 78 312 187
G S 0 3 78 94 187 109
S Space -2 -2 94 78 94 0
Space W 3 2 78 78 1108 1030
W E 0 -1 78 78 202 124
E N -2 -3 78 93 141 63
N T 2 1 93 93 203 110
T Space -3 1 93 78 93 0
Space W 3 2 78 78 359 281
W E 0 -1 78 63 218 140
E L -1 -6 63 78 141 78
L L 0 0 78 93 156 78
L Space -2 5 93 78 93 0
Space Back 4 -9 78 93 578 500
Back OemPeriod -3 4 93 78 592 499
OemPeriod Space -1 5 78 94 156 78
Space LShiftKey 1 4 94 327 188 94
LShiftKey B 0 -5 327 62 265 -62
B U 2 -2 62 63 327 265
U T 0 2 63 78 172 109
T Space -3 1 78 63 62 -16
Space T 3 -1 63 94 1420 1357
T H -1 -1 94 94 78 -16
H E 1 3 94 78 125 31
E N -2 -3 78 78 296 218
N Space -1 2 78 93 63 -15
Space O 3 -5 93 140 780 687
O U 0 2 140 93 109 -31
U R 0 3 93 78 203 110
R Space -3 0 78 63 93 15
Space V 1 0 63 78 655 592
V I 2 -4 78 93 141 63
I S -1 6 93 78 561 468
S I 1 -6 78 172 156 78
I O 0 -1 172 125 125 -47
O N -2 3 125 78 437 312
N S 1 4 78 78 265 187
S Space -2 -2 78 78 109 31
Space O 3 -5 78 94 1560 1482
O F -1 5 94 78 219 125
F Space -2 0 78 94 93 15
Space T 3 -1 94 109 203 109
T H -1 -1 109 110 109 0
H E 1 3 110 47 94 -16
E Space -3 -1 47 78 78 31
Space F 2 0 78 94 1482 1404
F U 1 -3 94 94 343 249
U T 0 2 94 94 234 140
T U 0 -2 94 94 78 -16
U R 0 3 94 93 328 234
R E 0 1 93 109 156 63
E Space -3 -1 109 62 858 749
Space B 1 -1 62 93 624 562
B E 2 2 93 78 156 63
E G -1 -2 78 62 468 390
G A 0 4 62 78 125 63
A N -1 -5 78 125 124 46
N Space -1 2 125 78 110 -15
Space T 3 -1 78 78 390 312
T O 0 -4 78 94 93 15
O Space -3 5 94 94 78 -16
Space D 2 1 94 94 1217 1123
D I 1 -5 94 78 125 31
I V -2 4 78 78 312 234
V E 2 1 78 47 140 62
E R 0 -1 47 78 172 125
R G -1 -1 78 94 249 171
G E 1 2 94 93 110 16
E Space -3 -1 93 94 124 31
Space A 2 3 94 94 1607 1513
A N -1 -5 94 109 125 31
N D 1 3 109 78 140 31
D Space -2 -1 78 94 94 16
Space E 3 1 94 78 920 826
E V -2 -1 78 94 172 94
V E 2 1 94 78 187 93
E N -2 -3 78 63 343 265
N T 2 1 63 78 453 390
T U 0 -2 78 78 203 125
U A -1 6 78 94 218 140
A L 0 -8 94 94 234 140
L L 0 0 94 125 187 93
L Y 1 3 125 109 156 31
Y Space -3 2 109 78 94 -15
Space W 3 2 78 78 1092 1014
W E 0 -1 78 78 187 109
E Space -3 -1 78 94 109 31
Space H 2 -2 94 78 2808 2714
H A 0 5 78 78 172 94
A D 0 -2 78 78 249 171
D Space -2 -1 78 78 156 78
Space A 2 3 78 110 1326 1248
A Space -2 -3 110 94 94 -16
Space F 2 0 94 63 374 280
F A 0 3 63 78 125 62
A L 0 -8 78 124 453 375
L L 0 0 124 171 187 63
L I 1 1 171 156 156 -15
I N -2 2 156 109 156 0
N G 1 1 109 109 234 125
G Space -2 1 109 93 78 -31
Space O 3 -5 93 125 655 562
O U 0 2 125 94 78 -47
U T 0 2 94 93 281 187
T OemPeriod -2 -4 93 94 1201 1108
OemPeriod Space -1 5 94 62 437 343
Space LShiftKey 1 4 62 578 171 109
LShiftKey W 2 -2 578 78 546 -32
W H -1 -4 78 94 172 94
H E 1 3 94 94 187 93
E N -2 -3 94 78 281 187
N Space -1 2 78 78 78 0
Space W 3 2 78 93 983 905
W E 0 -1 93 62 203 110
E Space -3 -1 62 78 296 234
Space D 2 1 78 78 452 374
D I 1 -5 78 94 94 16
I D -1 5 94 78 94 0
D Oemcomma -1 -5 78 109 1357 1279
Oemcomma Space -1 4 109 94 109 0
Space O 3 -5 94 140 780 686
O U 0 2 140 78 140 0
U R 0 3 78 62 250 172
R Space -3 0 62 62 94 32
Space LShiftKey 1 4 62 515 1388 1326
LShiftKey B 0 -5 515 78 421 -94
B O 2 -4 78 78 421 343
O A -1 8 78 109 531 453
A R 1 -3 109 78 296 187
R D -1 1 78 78 234 156
D Space -2 -1 78 78 203 125
Space O 3 -5 78 78 1357 1279
O F -1 5 78 78 234 156
F Space -2 0 78 78 172 94
Space LShiftKey 1 4 78 1731 312 234
LShiftKey D 1 -3 1731 78 1716 -15
D I 1 -5 78 93 312 234
I R 0 4 93 78 499 406
R E 0 1 78 78 218 140
E C -2 0 78 125 203 125
C T 2 -2 125 78 203 78
T I 0 -3 78 63 265 187
I O 0 -1 63 47 0 -63
O Back 1 -4 47 140 359 312
Back Back 0 0 140 78 811 671
Back O -1 4 78 93 1311 1233
O R 0 5 93 78 202 109
R S -1 2 78 93 297 219
S Space -2 -2 93 109 1591 1498
Space S 2 2 109 93 593 484
S I 1 -6 93 78 140 47
I D -1 5 78 62 250 172
D E 1 0 62 63 171 109
E D -1 0 63 63 203 140
D Space -2 -1 63 78 141 78
Space W 3 2 78 78 1887 1809
W I 0 -6 78 93 172 94
I T 0 3 93 78 312 219
T H -1 -1 78 140 109 31
H Space -2 2 140 94 296 156
Space H 2 -2 94 140 562 468
H I 1 -2 140 94 187 47
I M -2 1 94 78 312 218
M OemPeriod 0 -2 78 94 546 468
OemPeriod Space -1 5 94 78 172 78
Space LShiftKey 1 4 78 905 249 171
LShiftKey S 1 -2 905 78 874 -31
S O 1 -7 78 109 203 125
O Space -3 5 109 62 109 0
Space A 2 3 62 109 234 172
A T 1 -4 109 94 390 281
T Space -3 1 94 62 78 -16
Space D3 4 1 62 78 484 422
D3 D0 0 -7 78 78 202 124
D0 Space -4 6 78 78 515 437
Space LShiftKey 1 4 78 406 437 359
LShiftKey LShiftKey 0 0 406 218 827 421
LShiftKey I 2 -8 218 109 125 -93
I Space -3 4 109 78 171 62
Space W 3 2 78 78 250 172
W A -1 1 78 78 187 109
A S 0 -1 78 94 156 78
S Space -2 -2 94 78 109 15
Space O 3 -5 78 109 1420 1342
O U 0 2 109 94 78 -31
U T 0 2 94 47 281 187
T OemPeriod -2 -4 47 94 577 530
OemPeriod Space -1 5 94 78 203 109
Space LShiftKey 1 4 78 452 203 125
LShiftKey A 1 -1 452 109 405 -47
A N -1 -5 109 63 421 312
N D 1 3 63 78 203 140
D Space -2 -1 78 78 94 16
Space V 1 0 78 94 1419 1341
V E 2 1 94 62 141 47
E R 0 -1 62 93 203 141
R Y 0 -2 93 109 93 0
Y Space -3 2 109 78 94 -15
Space P 3 -6 78 94 561 483
P U 0 3 94 78 172 78
U B -2 2 78 62 406 328
B L 1 -4 62 140 421 359
L I 1 1 140 94 109 -31
I C -2 5 94 78 250 156
C L 1 -6 78 141 514 436
L Y 1 3 141 109 125 -16
Y Space -3 2 109 78 94 -15
Space O 3 -5 78 172 1076 998
O U 0 2 172 78 172 0
U T 0 2 78 78 468 390
T OemPeriod -2 -4 78 94 764 686
OemPeriod Space -1 5 94 62 250 156
Space LShiftKey 1 4 62 733 187 125
LShiftKey W 2 -2 733 109 640 -93
W H -1 -4 109 78 140 31
H A 0 5 78 78 203 125
A T 1 -4 78 94 62 -16
T Space -3 1 94 62 94 0
Space H 2 -2 62 94 998 936
H A 0 5 94 78 125 31
A D 0 -2 78 94 234 156
D Space -2 -1 94 93 94 0
Space B 1 -1 93 78 218 125
B E 2 2 78 78 125 47
E E 0 0 78 78 187 109
E N -2 -3 78 93 125 47
N Space -1 2 93 78 93 0
Space T 3 -1 78 109 1124 1046
T H -1 -1 109 109 78 -31
H E 1 3 109 94 93 -16
E Space -3 -1 94 78 78 -16
Space F 2 0 78 78 359 281
F O 1 -5 78 78 156 78
O C -2 6 78 78 359 281
C U 2 -4 78 78 187 109
U S -1 5 78 109 281 203
S Space -2 -2 109 78 125 16
Space O 3 -5 78 94 1076 998
O F -1 5 94 78 156 62
F Space -2 0 78 78 109 31
Space M 1 -3 78 93 375 297
M Y 2 1 93 110 202 109
Y Space -3 2 110 78 94 -16
Space E 3 1 78 94 780 702
E N -2 -3 94 78 281 187
N T 2 1 78 93 359 281
T I 0 -3 93 78 171 78
I R 0 4 78 78 593 515
R E 0 1 78 78 125 47
E Space -3 -1 78 78 125 47
Space A 2 3 78 94 1918 1840
A D 0 -2 94 78 437 343
D U 1 -4 78 94 234 156
U L -1 -2 94 140 172 78
L T 1 4 140 94 218 78
T Space -3 1 94 94 78 -16
Space L 2 -5 94 125 515 421
L I 1 1 125 93 94 -31
I F -1 4 93 78 280 187
F E 1 1 78 78 110 32
E Space -3 -1 78 78 78 0
Space W 3 2 78 78 1482 1404
W A -1 1 78 78 187 109
A S 0 -1 78 63 171 93
S Space -2 -2 63 78 78 15
Space G 2 -1 78 140 843 765
G O 1 -4 140 93 156 16
O N -2 3 93 94 265 172
N E 2 3 94 78 234 140
E Oemcomma -2 -5 78 109 1201 1123
Oemcomma Space -1 4 109 109 78 -31
Space A 2 3 109 124 297 188
A N -1 -5 124 78 249 125
N D 1 3 78 94 187 109
D Space -2 -1 94 78 78 -16
Space I 3 -4 78 93 968 890
I T 0 3 93 78 187 94
T Space -3 1 78 78 125 47
Space W 3 2 78 78 686 608
W A -1 1 78 78 187 109
A S 0 -1 78 78 187 109
S Space -2 -2 78 62 141 63
Space D 2 1 62 78 764 702
D E 1 0 78 62 125 47
E V -2 -1 62 62 671 609
V A 1 3 62 94 109 47
A S 0 -1 94 62 203 109
S T 1 -3 62 94 249 187
T A -1 4 94 94 125 31
A T 1 -4 94 78 125 31
T I 0 -3 78 125 468 390
I O 0 -1 125 171 125 0
O N -2 3 171 125 109 -62
N G 1 1 125 78 234 109
G OemPeriod -1 -4 78 78 952 874
OemPeriod Return 1 -3 78 62 1747 1669
Return LShiftKey -1 12 62 328 6661 6599
LShiftKey I 2 -8 328 94 234 -94
I Space -3 4 94 78 78 -16
Space R 3 0 78 62 437 359
R E 0 1 62 78 140 78
E A -1 2 78 109 125 47
A L 0 -8 109 94 468 359
L L 0 0 94 78 140 46
L Y 1 3 78 109 172 94
Y Space -3 2 109 78 94 -15
Space D 2 1 78 78 873 795
D I 1 -5 78 78 109 31
I D -1 5 78 78 47 -31
D N -1 -3 78 62 515 437
N Oem7 1 -5 62 62 437 375
Oem7 T 1 6 62 94 483 421
T Space -3 1 94 78 125 31
Space K 2 -4 78 141 390 312
K N -1 2 141 125 94 -47
N O 2 -3 125 125 156 31
O W 0 7 125 78 187 62
W Space -3 -2 78 62 94 16
Space W 3 2 62 62 1045 983
W H -1 -4 62 78 249 187
H A 0 5 78 94 94 16
A T 1 -4 94 78 94 0
T Space -3 1 78 62 78 0
Space T 3 -1 62 78 1294 1232
T O 0 -4 78 78 156 78
O Space -3 5 78 93 63 -15
Space D 2 1 93 62 312 219
D O 1 -6 62 78 78 16
O Space -3 5 78 78 93 15
Space F 2 0 78 63 624 546
F O 1 -5 63 78 156 93
O R 0 5 78 78 110 32
R Space -3 0 78 62 140 62
Space A 2 3 62 94 733 671
A Space -2 -3 94 94 109 15
Space F 2 0 94 78 453 359
F E 1 1 78 78 140 62
E W 0 1 78 78 187 109
W Space -3 -2 78 78 125 47
Space M 1 -3 78 125 780 702
M O 2 -2 125 94 109 -16
O N -2 3 94 78 203 109
N T 2 1 78 124 375 297
T H -1 -1 124 109 93 -31
H S 0 4 109 93 141 32
S OemPeriod -1 -7 93 63 873 780
OemPeriod Space -1 5 63 63 187 124
Space LShiftKey 1 4 63 296 531 468
LShiftKey I 2 -8 296 78 187 -109
I Space -3 4 78 63 2059 1981
Space F 2 0 63 78 156 93
F E 1 1 78 63 234 156
E L -1 -6 63 78 406 343
L T 1 4 78 94 249 171
T Space -3 1 94 62 94 0
Space T 3 -1 62 109 1061 999
T H -1 -1 109 110 93 -16
H A 0 5 110 78 63 -47
A T 1 -4 78 78 93 15
T Space -3 1 78 62 94 16
Space I 3 -4 62 94 608 546
I Space -3 4 94 78 63 -31
Space H 2 -2 78 78 546 468
H A 0 5 78 94 62 -16
A D 0 -2 94 78 203 109
D Space -2 -1 78 78 78 0
Space L 2 -5 78 93 1451 1373
L E 1 6 93 62 265 172
E T 0 -2 62 78 78 16
T Space -3 1 78 62 78 0
Space T 3 -1 62 46 406 344
T H -1 -1 46 109 31 -15
H E 1 3 109 78 187 78
E Space -3 -1 78 62 94 16
Space P 3 -6 62 94 764 702
P R 0 6 94 78 343 249
R E 0 1 78 63 187 109
E V -2 -1 63 62 297 234
V I 2 -4 62 141 171 109
I O 0 -1 141 156 94 -47
O U 0 2 156 62 172 16
U Y 0 1 62 46 0 -62
Y S -1 4 46 78 218 172
S Space -2 -2 78 63 140 62
Space G 2 -1 63 78 1919 1856
G E 1 2 78 78 156 78
E N -2 -3 78 78 265 187
N E 2 3 78 78 110 32
E R 0 -1 78 62 608 530
R A -1 3 62 109 125 63
A T 1 -4 109 62 125 16
T I 0 -3 62 140 343 281
I O 0 -1 140 171 78 -62
O N -2 3 171 94 140 -31
N S 1 4 94 78 297 203
S Space -2 -2 78 62 109 31
Space O 3 -5 62 78 343 281
O F -1 5 78 62 234 156
F Space -2 0 62 78 109 47
Space E 3 1 78 94 10998 10920
E N -2 -3 94 109 390 296
N T 2 1 109 109 406 297
T R 0 1 109 63 3057 2948
R E 0 1 63 78 141 78
E P 0 -7 78 93 1716 1638
P R 0 6 93 78 312 219
R E 0 1 78 78 203 125
E N -2 -3 78 125 2792 2714
N E 2 3 125 78 250 125
E U 0 -4 78 78 2090 2012
U R 0 3 78 78 265 187
R S -1 2 78 78 156 78
S Space -2 -2 78 78 125 47
Space D 2 1 78 78 936 858
D O 1 -6 78 78 140 62
O W 0 7 78 78 375 297
W N -2 -4 78 78 140 62
N OemMinus 3 -5 78 125 796 718
OemMinus Space -4 7 125 110 93 -32
Space T 3 -1 110 110 1014 904
T H -1 -1 110 109 63 -47
H A 0 5 109 94 109 0
A T 1 -4 94 93 47 -47
T Space -3 1 93 62 109 16
Space I 3 -4 62 109 733 671
I Space -3 4 109 47 125 16
Space H 2 -2 47 78 406 359
H A 0 5 78 93 109 31
A D 0 -2 93 78 203 110
D Space -2 -1 78 94 124 46
Space D 2 1 94 78 1233 1139
D R 1 -1 78 78 187 109
R O 0 -5 78 94 234 156
O P 0 -1 94 110 140 46
P P 0 0 110 62 188 78
P E 0 7 62 62 62 0
E D -1 0 62 62 172 110
D Space -2 -1 62 78 124 62
Space T 3 -1 78 109 843 765
T H -1 -1 109 109 78 -31
H E 1 3 109 63 93 -16
E Space -3 -1 63 78 94 31
Space B 1 -1 78 78 905 827
B A 1 4 78 94 93 15
A T 1 -4 94 47 141 47
T O 0 -4 47 78 281 234
O N -2 3 78 110 202 124
N Space -1 2 110 78 94 -16
Space A 2 3 78 109 1716 1638
A S 0 -1 109 63 218 109
S Space -2 -2 63 94 94 31
Space I 3 -4 94 94 296 202
I T 0 3 94 93 219 125
T Space -3 1 93 78 78 -15
Space W 3 2 78 78 952 874
W A -1 1 78 78 202 124
A S 0 -1 78 94 156 78
S Space -2 -2 94 78 172 78
Space B 1 -1 78 94 1123 1045
B E 2 2 94 78 265 171
E I 0 -5 78 94 125 47
I N -2 2 94 78 156 62
N G 1 1 78 94 203 125
G Space -2 1 94 63 109 15
Space P 3 -6 63 94 437 374
P A -1 9 94 94 109 15
A S 0 -1 94 78 265 171
S S 0 0 78 94 156 78
S E 1 -1 94 63 203 109
E D -1 0 63 78 156 93
D Space -2 -1 78 63 156 78
Space T 3 -1 63 78 640 577
T O 0 -4 78 78 156 78
O Space -3 5 78 109 31 -47
Space M 1 -3 109 109 187 78
M E 2 4 109 94 125 16
E Space -3 -1 94 78 78 -16
Space Back 4 -9 78 94 3229 3151
Back OemPeriod -3 4 94 93 687 593
OemPeriod Space -1 5 93 94 249 156
Space LShiftKey 1 4 94 1170 515 421
LShiftKey I 2 -8 1170 78 1154 -16
I Space -3 4 78 78 63 -15
Space M 1 -3 78 78 546 468
M E 2 4 78 78 125 47
E T 0 -2 78 94 140 62
T Space -3 1 94 63 109 15
Space W 3 2 63 78 1264 1201
W I 0 -6 78 78 140 62
I T 0 3 78 94 265 187
T H -1 -1 94 125 78 -16
H Space -2 2 125 78 110 -15
Space LShiftKey 1 4 78 905 748 670
LShiftKey LShiftKey 0 0 905 717 1467 562
LShiftKey D 1 -3 717 78 686 -31
D A 0 2 78 78 234 156
A V -1 -3 78 62 172 94
V I 2 -4 62 93 359 297
I D -1 5 93 78 202 109
D Space -2 -1 78 78 110 32
Space LShiftKey 1 4 78 593 842 764
LShiftKey P 2 -10 593 78 530 -63
P A -1 9 78 78 312 234
A C -1 -2 78 62 3573 3495
C K 1 -5 62 93 312 250
K A 0 7 93 94 187 94
A R 1 -3 94 78 250 156
R D -1 1 78 63 124 46
D Space -2 -1 63 78 94 31
Space A 2 3 78 141 608 530
A N -1 -5 141 78 312 171
N D 1 3 78 78 141 63
D Space -2 -1 78 78 93 15
Space LShiftKey 1 4 78 203 515 437
LShiftKey B 0 -5 203 78 141 -62
B O 2 -4 78 94 327 249
O B -2 4 94 109 172 78
B Space -1 1 109 78 140 31
Space LShiftKey 1 4 78 733 234 156
LShiftKey N 0 -6 733 94 624 -109
N O 2 -3 94 94 624 530
O Y 0 3 94 78 406 312
Y C -2 3 78 156 515 437
C E 2 0 156 94 202 46
E Space -3 -1 94 93 609 515
Space A 2 3 93 94 343 250
A N -1 -5 94 94 140 46
N D 1 3 94 78 156 62
D Space -2 -1 78 78 94 16
Space T 3 -1 78 78 1279 1201
T R 0 1 78 78 172 94
R I 0 -4 78 93 1373 1295
I E 0 5 93 78 296 203
E D -1 0 78 78 203 125
D Space -2 -1 78 78 125 47
Space T 3 -1 78 93 468 390
T O 0 -4 93 110 124 31
O Space -3 5 110 94 94 -16
Space A 2 3 94 110 1154 1060
A P 1 -9 110 109 219 109
P O 0 1 109 94 171 62
O L -1 0 94 140 266 172
L O 1 0 140 78 140 0
O G -1 4 78 93 1763 1685
G I 1 -3 93 78 140 47
I Z -2 7 78 124 1779 1701
Z E 2 -2 124 94 140 16
E Space -3 -1 94 109 796 702
Space F 2 0 109 62 452 343
F O 1 -5 62 62 172 110
O I 0 1 62 47 15 -47
I R 0 4 47 78 63 16
R Space -3 0 78 62 187 109
Space S 2 2 62 78 717 655
S C -1 -1 78 78 203 125
C R 2 -1 78 47 187 109
R E 0 1 47 63 125 78
E W 0 1 63 94 312 249
W I 0 -6 94 78 187 93
I N -2 2 78 78 156 78
N G 1 1 78 78 219 141
G Space -2 1 78 62 109 31
Space U 3 -3 62 171 983 921
U P 0 -3 171 171 203 32
P Space -3 6 171 93 156 -15
Space S 2 2 93 109 655 562
S O 1 -7 109 94 109 0
O Space -3 5 94 94 62 -32
Space B 1 -1 94 93 344 250
B A 1 4 93 125 421 328
A D 0 -2 125 93 702 577
D L 0 -6 93 94 187 94
L Y 1 3 94 78 250 156
Y OemPeriod -2 -3 78 78 1279 1201
OemPeriod Space -1 5 78 78 312 234
Space LShiftKey 1 4 78 1514 405 327
LShiftKey LShiftKey 0 0 1514 499 4634 3120
LShiftKey I 2 -8 499 94 483 -16
I Space -3 4 94 94 109 15
Space W 3 2 94 93 297 203
W A -1 1 93 78 234 141
A S 0 -1 78 78 171 93
S Space -2 -2 78 94 125 47
Space A 2 3 94 94 780 686
A Space -2 -3 94 94 125 31
Space V 1 0 94 78 749 655
V E 2 1 78 78 78 0
E R 0 -1 78 78 187 109
R Y 0 -2 78 78 250 172
Y Space -3 2 78 78 62 -16
Space P 3 -6 78 125 655 577
P U 0 3 125 94 78 -47
U B -2 2 94 78 359 265
B L 1 -4 78 140 203 125
L I 1 1 140 109 109 -31
I C -2 5 109 93 281 172
C Space -1 -1 93 62 109 16
Space F 2 0 62 78 874 812
F A 0 3 78 78 124 46
A I 1 -7 78 94 2231 2153
I L -1 -1 94 109 172 78
L U 1 2 109 78 359 250
U R 0 3 78 156 327 249
R E 0 1 156 93 172 16
E Oemcomma -2 -5 93 109 1061 968
Oemcomma Space -1 4 109 94 124 15
Space A 2 3 94 109 188 94
A N -1 -5 109 78 156 47
N D 1 3 78 78 156 78
D Space -2 -1 78 78 78 0
Space LShiftKey 1 4 78 358 1326 1248
LShiftKey I 2 -8 358 110 280 -78
I Space -3 4 110 94 78 -32
Space E 3 1 94 78 640 546
E V -2 -1 78 78 109 31
V E 2 1 78 78 94 16
E N -2 -3 78 93 312 234
N Space -1 2 93 78 62 -31
Space T 3 -1 78 78 2215 2137
T H -1 -1 78 94 94 16
H O 1 -3 94 156 218 124
O U 0 2 156 94 125 -31
U G -1 2 94 78 297 203
G H 0 -1 78 109 93 15
H T 1 1 109 94 125 16
T Space -3 1 94 78 125 31
Space A 2 3 78 109 3962 3884
A B -1 -4 109 93 172 63
B O 2 -4 93 187 234 141
O U 0 2 187 109 156 -31
U T 0 2 109 78 187 78
T Space -3 1 78 78 78 0
Space R 3 0 78 94 624 546
R U 0 -3 94 93 172 78
U N -2 1 93 62 218 125
N N 0 0 62 141 140 78
N I 2 -2 141 140 110 -31
I N -2 2 140 93 109 -31
N G 1 1 93 109 218 125
G Space -2 1 109 62 125 16
Space A 2 3 62 78 983 921
A W 1 -1 78 63 218 140
W A -1 1 63 78 172 109
A Y 1 -5 78 94 249 171
Y Space -3 2 94 31 125 31
Space F 2 0 31 78 577 546
F R 1 0 78 94 172 94
R O 0 -5 94 94 109 15
O M -2 2 94 110 109 15
M Space -1 3 110 93 110 0
Space H 2 -2 93 109 343 250
H E 1 3 109 93 203 94
E Space -3 -1 93 62 62 -31
Space V 1 0 62 62 1654 1592
V A 1 3 62 94 140 78
A L 0 -8 94 78 296 202
L L 0 0 78 93 141 63
L E 1 6 93 78 140 47
E Y 0 -3 78 62 250 172
Y Oemcomma -2 -2 62 31 936 874
Oemcomma Back 3 -5 31 63 998 967
Back OemPeriod -3 4 63 62 640 577
OemPeriod Space -1 5 62 78 234 172
Space LShiftKey 1 4 78 312 140 62
LShiftKey B 0 -5 312 78 172 -140
B U 2 -2 78 62 265 187
U T 0 2 62 63 187 125
T Space -3 1 63 62 63 0
Space S 2 2 62 110 5584 5522
S O 1 -7 110 78 110 0
O M -2 2 78 110 124 46
M E 2 4 110 94 250 140
E T 0 -2 94 78 187 93
T H -1 -1 78 109 172 94
H I 1 -2 109 109 140 31
I N -2 2 109 109 141 32
N G 1 1 109 94 296 187
G Space -2 1 94 78 109 15
Space S 2 2 78 62 3479 3401
S L 0 -7 62 78 78 16
L O 1 0 78 94 156 78
O W 0 7 94 78 390 296
W L -1 -7 78 94 312 234
L Y 1 3 94 94 218 124
Y Space -3 2 94 62 94 0
Space B 1 -1 62 62 983 921
B E 2 2 62 78 125 63
E G -1 -2 78 78 202 124
G A 0 4 78 94 172 94
A M -1 -6 94 63 296 202
M N 0 1 63 47 0 -63
N Back 3 -7 47 78 827 780
Back Back 0 0 78 94 749 671
Back N -3 7 94 93 359 265
N Space -1 2 93 47 93 0
Space T 3 -1 47 78 437 390
T O 0 -4 78 94 78 0
O Space -3 5 94 78 78 -16
Space D 2 1 78 78 733 655
D A 0 2 78 78 141 63
A W 1 -1 78 62 203 125
W N -2 -4 62 78 327 265
N Space -1 2 78 93 63 -15
Space O 3 -5 93 109 764 671
O N -2 3 109 109 78 -31
N M 0 -1 109 125 218 109
M E 2 4 125 78 203 78
E OemMinus 1 -8 78 109 1794 1716
OemMinus Space -4 7 109 94 125 16
Space LShiftKey 1 4 94 202 874 780
LShiftKey I 2 -8 202 109 93 -109
I Space -3 4 109 63 109 0
Space S 2 2 63 93 609 546
S T 1 -3 93 78 187 94
T I 0 -3 78 141 187 109
I L -1 -1 141 78 156 15
L L 0 0 78 109 156 78
L Space -2 5 109 78 125 16
Space L 2 -5 78 109 1170 1092
L O 1 0 109 109 78 -31
O V -2 5 109 62 297 188
V E 2 1 62 62 156 94
E D -1 0 62 62 187 125
D Space -2 -1 62 78 109 47
Space W 3 2 78 78 484 406
W H -1 -4 78 78 109 31
H A 0 5 78 78 156 78
A T 1 -4 78 94 109 31
T Space -3 1 94 62 78 -16
Space I 3 -4 62 93 437 375
I Space -3 4 93 78 62 -31
Space D 2 1 78 62 297 219
D I 1 -5 62 94 93 31
I D -1 5 94 63 109 15
D OemPeriod -1 -6 63 78 1202 1139
OemPeriod LShiftKey 0 9 78 249 187 109
LShiftKey Space -1 -4 249 94 31 -218
Space T 3 -1 94 109 250 156
T H -1 -1 109 109 109 0
H E 1 3 109 78 140 31
E Space -3 -1 78 62 141 63
Space T 3 -1 62 78 998 936
T U 0 -2 78 78 296 218
U R 0 3 78 78 234 156
R N -2 -2 78 94 2730 2652
N Space -1 2 94 78 94 0
Space Back 4 -9 78 63 9001 8923
Back LShiftKey -3 13 63 296 172 109
LShiftKey T 2 -5 296 46 281 -15
T O 0 -4 46 94 3868 3822
O F -1 5 94 63 156 62
F Space -2 0 63 62 94 31
Space E 3 1 62 78 484 422
E V -2 -1 78 62 140 62
V E 2 1 62 78 78 16
E N -2 -3 78 78 312 234
N T 2 1 78 78 218 140
T S -1 3 78 109 141 63
S Space -2 -2 109 62 109 0
Space A 2 3 62 78 1217 1155
A T 1 -4 78 94 140 62
T Space -3 1 94 78 78 -16
Space LShiftKey 1 4 78 281 718 640
LShiftKey A 1 -1 281 109 187 -94
A P 1 -9 109 78 437 328
P P 0 0 78 63 140 62
P L -1 1 63 78 172 109
L E 1 6 78 78 140 62
E Space -3 -1 78 62 640 562
Space H 2 -2 62 78 452 390
H A 0 5 78 94 109 31
A D 0 -2 94 78 203 109
D Space -2 -1 78 94 109 31
Space N 1 -2 94 125 375 281
N O 2 -3 125 109 109 -16
O T 0 4 109 94 234 125
T Space -3 1 94 62 94 0
Space C 1 1 62 94 842 780
C H 1 -3 94 78 187 93
H A 0 5 78 94 156 78
A N -1 -5 94 78 141 47
N G 1 1 78 78 280 202
G E 1 2 78 78 141 63
E D -1 0 78 78 203 125
D Space -2 -1 78 62 187 109
Space T 3 -1 62 94 951 889
T H -1 -1 94 94 78 -16
H A 0 5 94 110 156 62
A T 1 -4 110 110 78 -32
T Space -3 1 110 78 266 156
Space O 3 -5 78 78 1123 1045
O N -2 3 78 78 187 109
N E 2 3 78 78 172 94
E Space -3 -1 78 78 93 15
Space B 1 -1 78 125 749 671
B I 2 -3 125 141 62 -63
I T 0 3 141 78 203 62
T OemPeriod -2 -4 78 93 874 796
OemPeriod Space -1 5 93 78 312 219
Space LShiftKey 1 4 78 546 265 187
LShiftKey I 2 -8 546 78 515 -31
I Space -3 4 78 109 31 -47
Space H 2 -2 109 93 406 297
H A 0 5 93 109 93 0
A D 0 -2 109 78 406 297
D Space -2 -1 78 78 125 47
Space B 1 -1 78 78 1326 1248
B E 2 2 78 78 156 78
E E 0 0 78 78 187 109
E N -2 -3 78 110 93 15
N Space -1 2 110 78 94 -16
Space R 3 0 78 78 515 437
R E 0 1 78 78 187 109
E J -1 -4 78 94 187 109
J E 1 4 94 78 94 0
E C -2 0 78 78 561 483
C T 2 -2 78 78 156 78
T E 0 2 78 93 219 141
E D -1 0 93 62 203 110
D Oemcomma -1 -5 62 109 1232 1170
Oemcomma Space -1 4 109 94 109 0
Space B 1 -1 94 93 562 468
B U 2 -2 93 109 47 -46
U T 0 2 109 94 202 93
T Space -3 1 94 78 63 -31
Space LShiftKey 1 4 78 250 1123 1045
LShiftKey I 2 -8 250 110 140 -110
I Space -3 4 110 78 94 -16
Space S 2 2 78 78 437 359
S T 1 -3 78 63 218 140
T I 0 -3 63 94 1061 998
I Back 1 -5 94 78 577 483
Back Back 0 0 78 78 187 109
Back Back 0 0 78 110 780 702
Back W -1 11 110 78 765 655
W A -1 1 78 78 171 93
A S 0 -1 78 63 203 125
S Space -2 -2 63 94 47 -16
Space S 2 2 94 93 1186 1092
S T 1 -3 93 94 358 265
T I 0 -3 94 109 125 31
I L -1 -1 109 234 78 -31
L L 0 0 234 63 343 109
L Space -2 5 63 109 2200 2137
Space I 3 -4 109 140 484 375
I N -2 2 140 109 109 -31
N Space -1 2 109 78 125 16
Space L 2 -5 78 109 327 249
L O 1 0 109 125 78 -31
O V -2 5 125 78 312 187
V E 2 1 78 78 109 31
E OemPeriod -2 -6 78 47 1155 1077
OemPeriod Space -1 5 47 94 296 249
Space LShiftKey 1 4 94 359 172 78
LShiftKey A 1 -1 359 140 312 -47
A N -1 -5 140 94 140 0
N D 1 3 94 94 811 717
D Space -2 -1 94 78 110 16
Space D 2 1 78 63 795 717
D O 1 -6 63 109 125 62
O Space -3 5 109 94 109 0
Space Back 4 -9 94 109 453 359
Back Back 0 0 109 93 187 78
Back Back 0 0 93 78 218 125
Back S -2 11 78 94 811 733
S O 1 -7 94 125 125 31
O Space -3 5 125 94 265 140
Space I 3 -4 94 109 250 156
I Space -3 4 109 93 94 -15
Space D 2 1 93 93 343 250
D E 1 0 93 62 187 94
E C -2 0 62 78 218 156
C I 2 -5 78 94 172 94
I D -1 5 94 78 234 140
D E 1 0 78 62 172 94
E D -1 0 62 62 187 125
D Space -2 -1 62 94 171 109
Space T 3 -1 94 94 858 764
T O 0 -4 94 109 125 31
O Space -3 5 109 93 94 -15
Space S 2 2 93 78 452 359
S T 1 -3 78 94 125 47
T A -1 4 94 94 140 46
A R 1 -3 94 140 110 16
R T 0 -1 140 110 124 -16
T Space -3 1 110 78 125 15
Space O 3 -5 78 78 593 515
O V -2 5 78 78 234 156
V E 2 1 78 63 109 31
E R 0 -1 63 63 187 124
R OemPeriod -2 -5 63 78 1358 1295
OemPeriod Return 1 -3 78 78 889 811
Return LShiftKey -1 12 78 312 1263 1185
LShiftKey I 2 -8 312 109 250 -62
I Space -3 4 109 94 78 -31
Space D 2 1 94 78 328 234
D I 1 -5 78 94 124 46
I D -1 5 94 78 63 -31
D N -1 -3 78 78 171 93
N Oem7 1 -5 78 93 578 500
Oem7 T 1 6 93 78 249 156
T Space -3 1 78 78 125 47
Space S 2 2 78 62 780 702
S E 1 -1 62 62 250 188
E E 0 0 62 78 156 94
E Space -3 -1 78 94 124 46
Space I 3 -4 94 93 266 172
I T 0 3 93 94 124 31
T Space -3 1 94 93 110 16
Space T 3 -1 93 109 312 219
T H -1 -1 109 94 93 -16
H E 1 3 94 110 109 15
E N -2 -3 110 109 406 296
N Space -1 2 109 94 78 -31
Space Back 4 -9 94 78 1217 1123
Back Oemcomma -3 5 78 94 405 327
Oemcomma Space -1 4 94 94 78 -16
Space B 1 -1 94 125 515 421
B U 2 -2 125 125 78 -47
U T 0 2 125 109 172 47
T Space -3 1 109 94 93 -16
Space I 3 -4 94 78 905 811
I T 0 3 78 78 250 172
T Space -3 1 78 94 62 -16
Space T 3 -1 94 109 531 437
T U 0 -2 109 63 202 93
U R 0 3 63 78 266 203
R N -2 -2 78 78 249 171
N E 2 3 78 94 234 156
E D -1 0 94 78 203 109
D Space -2 -1 78 94 156 78
Space O 3 -5 94 124 640 546
O U 0 2 124 94 93 -31
U T 0 2 94 78 234 140
T Space -3 1 78 62 94 16
Space T 3 -1 62 109 998 936
T H -1 -1 109 109 94 -15
H A 0 5 109 93 78 -31
A T 1 -4 93 78 78 -15
T Space -3 1 78 78 93 15
Space G 2 -1 78 94 640 562
G E 1 2 94 94 140 46
E T 0 -2 94 62 141 47
T T 0 0 62 63 140 78
T I 0 -3 63 93 250 187
I N -2 2 93 78 171 78
N G 1 1 78 93 297 219
G Space -2 1 93 94 93 0
Space F 2 0 94 78 375 281
F I 1 -4 78 78 374 296
I R 0 4 78 78 156 78
R E 0 1 78 110 187 109
E D -1 0 110 110 234 124
D Space -2 -1 110 78 203 93
Space F 2 0 78 93 640 562
F R 1 0 93 110 171 78
R O 0 -5 110 124 110 0
O M -2 2 124 125 93 -31
M Space -1 3 125 109 125 0
Space LShiftKey 1 4 109 375 577 468
LShiftKey A 1 -1 375 125 265 -110
A P 1 -9 125 78 297 172
P P 0 0 78 93 156 78
P L -1 1 93 172 31 -62
L E 1 6 172 124 484 312
E Space -3 -1 124 78 234 110
Space W 3 2 78 78 483 405
W A -1 1 78 78 187 109
A S 0 -1 78 78 188 110
S Space -2 -2 78 78 109 31
Space T 3 -1 78 78 327 249
T H -1 -1 78 94 125 47
H E 1 3 94 78 187 93
E Space -3 -1 78 62 94 16
Space B 1 -1 62 78 655 593
B I 2 -3 78 78 109 31
I G -1 3 78 93 375 297
G G 0 0 93 78 171 78
G Back 2 -8 78 109 1217 1139
Back Back 0 0 109 94 187 78
Back Back 0 0 94 93 500 406
Back E -1 10 93 78 733 640
E S -1 1 78 78 203 125
S T 1 -3 78 93 78 0
T Space -3 1 93 78 78 -15
Space T 3 -1 78 93 1045 967
T H -1 -1 93 109 62 -31
H I 1 -2 109 94 343 234
I N -2 2 94 94 156 62
N G 1 1 94 78 266 172
G Space -2 1 78 63 93 15
Space T 3 -1 63 109 1233 1170
T H -1 -1 109 94 93 -16
H A 0 5 94 93 94 0
A T 1 -4 93 93 47 -46
T Space -3 1 93 78 93 0
Space C 1 1 78 94 780 702
C O 2 -6 94 141 234 140
O U 0 2 141 110 109 -32
U L -1 -2 110 125 172 62
L D 0 6 125 93 125 0
D Space -2 -1 93 78 109 16
Space H 2 -2 78 78 1232 1154
H A 0 5 78 94 125 47
A B -1 -4 94 62 203 109
B Back 3 -8 62 78 437 375
Back Oemplus 0 1 78 47 15 -63
Oemplus Back 0 -1 47 94 983 936
Back Back 0 0 94 93 172 78
Back A -2 12 93 109 811 718
A V -1 -3 109 78 156 47
V E 2 1 78 93 94 16
E Space -3 -1 93 78 124 31
Space E 3 1 78 78 484 406
E V -2 -1 78 78 109 31
V E 2 1 78 78 94 16
E R 0 -1 78 62 203 125
R Space -3 0 62 78 78 16
Space H 2 -2 78 78 1404 1326
H A 0 5 78 94 124 46
A P 1 -9 94 78 266 172
P P 0 0 78 93 156 78
P E 0 7 93 62 140 47
E N -2 -3 62 78 140 78
N E 2 3 78 78 94 16
E D -1 0 78 78 265 187
D Space -2 -1 78 78 125 47
Space T 3 -1 78 78 406 328
T O 0 -4 78 94 93 15
O Space -3 5 94 78 78 -16
Space M 1 -3 78 109 156 78
M E 2 4 109 109 375 266
E Space -3 -1 109 94 171 62
Space Back 4 -9 94 110 499 405
Back OemPeriod -3 4 110 109 437 327
OemPeriod Space -1 5 109 93 172 63
Space LShiftKey 1 4 93 624 702 609
LShiftKey T 2 -5 624 78 608 -16
T H -1 -1 78 94 125 47
H E 1 3 94 78 141 47
E Space -3 -1 78 62 62 -16
Space H 2 -2 62 94 780 718
H E 1 3 94 93 827 733
E A -1 2 93 109 1045 952
A V -1 -3 109 78 7332 7223
V O 2 -5 78 78 218 140
O Back 1 -4 78 109 578 500
Back I -1 5 109 94 327 218
I N -2 2 94 78 343 249
N E 2 3 78 78 156 78
E S -1 1 78 78 219 141
S S 0 0 78 109 156 78
S Space -2 -2 109 63 171 62
Space O 3 -5 63 93 843 780
O F -1 5 93 62 187 94
F Space -2 0 62 63 109 47
Space B 1 -1 63 62 671 608
B E 2 2 62 78 125 63
E I 0 -5 78 93 281 203
I N -2 2 93 93 109 16
N G 1 1 93 78 265 172
G Space -2 1 78 62 94 16
Space S 2 2 62 94 1372 1310
S U 1 -5 94 94 281 187
U C -2 4 94 78 219 125
C C 0 0 78 78 171 93
C E 2 0 78 78 172 94
E S -1 1 78 78 249 171
S S 0 0 78 78 172 94
S F 0 -2 78 78 718 640
F U 1 -3 78 93 109 31
U L -1 -2 93 62 312 219
L Space -2 5 62 94 1123 1061
Space W 3 2 94 78 296 202
W A -1 1 78 63 203 125
A S 0 -1 63 78 187 124
S Space -2 -2 78 78 110 32
Space R 3 0 78 94 530 452
R E 0 1 94 94 218 124
E P 0 -7 94 78 219 125
P L -1 1 78 94 62 -16
L A 0 8 94 109 250 156
A C -1 -2 109 78 281 172
C E 2 0 78 63 93 15
E D -1 0 63 78 172 109
D Space -2 -1 78 31 156 78
Space B 1 -1 31 125 1326 1295
B Y 2 -1 125 125 78 -47
Y Space -3 2 125 110 93 -32
Space T 3 -1 110 140 172 62
T H -1 -1 140 109 125 -15
H E 1 3 109 78 93 -16
E Space -3 -1 78 62 110 32
Space L 2 -5 62 125 686 624
L I 1 1 125 93 94 -31
I G -1 3 93 110 280 187
G H 0 -1 110 156 78 -32
H T 1 1 156 78 125 -31
T Space -3 1 78 62 94 16
Space Oemplus 4 -8 62 78 624 562
Oemplus Back 0 -1 78 78 1014 936
Back Back 0 0 78 78 156 78
Back N -3 7 78 78 686 608
N E 2 3 78 94 109 31
E S -1 1 94 78 219 125
S S 0 0 78 78 171 93
S Space -2 -2 78 109 4072 3994
Space O 3 -5 109 109 312 203
O F -1 5 109 63 218 109
F Space -2 0 63 93 110 47
Space B 1 -1 93 78 390 297
B E 2 2 78 78 374 296
E I 0 -5 78 110 140 62
I N -2 2 110 94 156 46
N G 1 1 94 93 219 125
G Space -2 1 93 62 125 32
Space A 2 3 62 94 1138 1076
A Space -2 -3 94 78 125 31
Space B 1 -1 78 78 546 468
B E 2 2 78 78 172 94
E G -1 -2 78 94 764 686
G Back 2 -8 94 141 499 405
Back I -1 5 141 94 406 265
I N -2 2 94 78 250 156
N N 0 0 78 78 156 78
N E 2 3 78 94 93 15
E R 0 -1 94 78 265 171
R Space -3 0 78 78 359 281
Space A 2 3 78 110 343 265
A G 0 -4 110 62 188 78
G A 0 4 62 78 93 31
A I 1 -7 78 78 219 141
I N -2 2 78 93 109 31
N Oemcomma 0 -2 93 78 1653 1560
Oemcomma Space -1 4 78 78 7566 7488
Space L 2 -5 78 78 515 437
L E 1 6 78 78 125 47
E S -1 1 78 63 218 140
S S 0 0 63 78 156 93
S Space -2 -2 78 78 141 63
Space S 2 2 78 78 359 281
S U 1 -5 78 78 483 405
U R 0 3 78 62 125 47
R E 0 1 62 94 156 94
E Space -3 -1 94 78 187 93
Space A 2 3 78 94 811 733
A B -1 -4 94 78 156 62
B O 2 -4 78 172 312 234
O U 0 2 172 94 125 -47
U T 0 2 94 78 219 125
T Space -3 1 78 78 78 0
Space E 3 1 78 94 717 639
E V -2 -1 94 78 156 62
V E 2 1 78 78 94 16
E R 0 -1 78 78 249 171
R Y 0 -2 78 78 188 110
Y T 0 1 78 93 265 187
T H -1 -1 93 109 140 47
H I 1 -2 109 93 250 141
I N -2 2 93 94 109 16
N G 1 1 94 94 187 93
G Space -2 1 94 78 125 31
Space Back 4 -9 78 93 562 484
Back OemPeriod -3 4 93 78 499 406
OemPeriod Space -1 5 78 94 171 93
Space LShiftKey 1 4 94 234 156 62
LShiftKey I 2 -8 234 78 125 -109
I Space -3 4 78 78 78 0
Space Back 4 -9 78 93 640 562
Back T -1 8 93 94 140 47
T Space -3 1 94 94 203 109
Space F 2 0 94 62 624 530
F R 1 0 62 78 172 110
R E 0 1 78 63 202 124
E E 0 0 63 47 156 93
E D -1 0 47 78 422 375
D Space -2 -1 78 94 202 124
Space M 1 -3 94 94 858 764
M E 2 4 94 78 125 31
E Space -3 -1 78 78 109 31
Space T 3 -1 78 78 858 780
T O 0 -4 78 93 110 32
O Space -3 5 93 78 93 0
Space E 3 1 78 78 499 421
E N -2 -3 78 78 250 172
N T 2 1 78 63 218 140
T E 0 2 63 78 141 78
E R 0 -1 78 78 78 0
R Space -3 0 78 78 78 0
Space O 3 -5 78 78 1045 967
O N -2 3 78 78 203 125
N E 2 3 78 78 187 109
E Space -3 -1 78 78 109 31
Space O 3 -5 78 78 1404 1326
O F -1 5 78 78 125 47
F Space -2 0 78 78 140 62
Space T 3 -1 78 109 531 453
T H -1 -1 109 109 62 -47
H E 1 3 109 78 125 16
E Space -3 -1 78 78 62 -16
Space M 1 -3 78 109 531 453
M O 2 -2 109 109 62 -47
O D -1 6 109 78 219 110
D Back 2 -10 78 109 390 312
Back S -2 11 109 78 140 31
S T 1 -3 78 93 562 484
T Space -3 1 93 78 78 -15
Space C 1 1 78 93 889 811
C R 2 -1 93 156 109 16
R E 0 1 156 78 140 -16
E A -1 2 78 94 156 78
A T 1 -4 94 63 156 62
T I 0 -3 63 78 344 281
I V -2 4 78 62 312 234
V E 2 1 62 94 93 31
E Space -3 -1 94 78 109 15
Space P 3 -6 78 78 858 780
P E 0 7 78 94 94 16
E R 0 -1 94 62 234 140
R I 0 -4 62 140 156 94
I O 0 -1 140 109 109 -31
O D -1 6 109 78 453 344
D S 0 1 78 94 171 93
S Space -2 -2 94 93 141 47
Space O 3 -5 93 94 327 234
O F -1 5 94 78 219 125
F Space -2 0 78 94 93 15
Space M 1 -3 94 93 999 905
M Y 2 1 93 93 312 219
Y Space -3 2 93 94 62 -31
Space L 2 -5 94 93 640 546
L I 1 1 93 78 109 16
I F -1 4 78 78 359 281
F E 1 1 78 94 124 46
E Space -3 -1 94 93 63 -31
Space Back 4 -9 93 109 452 359
Back OemPeriod -3 4 109 63 936 827
OemPeriod Return 1 -3 63 93 250 187
Return LShiftKey -1 12 93 359 1653 1560
LShiftKey D 1 -3 359 62 297 -62
D U 1 -4 62 62 390 328
U R 0 3 62 78 249 187
R I 0 -4 78 93 188 110
I N -2 2 93 94 93 0
N G 1 1 94 93 219 125
G Space -2 1 93 78 93 0
Space T 3 -1 78 94 234 156
T H -1 -1 94 78 94 0
H E 1 3 78 78 125 47
E Space -3 -1 78 78 62 -16
Space N 1 -2 78 63 577 499
N E 2 3 63 78 78 15
E X -2 1 78 94 265 187
X T 2 -3 94 78 78 -16
T Space -3 1 78 63 78 0
Space F 2 0 63 78 1560 1497
F I 1 -4 78 78 172 94
I V -2 4 78 63 343 265
V E 2 1 63 78 156 93
E Space -3 -1 78 78 109 31
Space Y 3 -2 78 78 827 749
Y E 0 3 78 78 172 94
E A -1 2 78 109 265 187
A R 1 -3 109 78 125 16
R S -1 2 78 78 125 47
S Space -2 -2 78 63 93 15
Space Back 4 -9 63 110 1825 1762
Back Oemcomma -3 5 110 93 687 577
Oemcomma Space -1 4 93 94 109 16
Space LShiftKey 1 4 94 187 499 405
LShiftKey I 2 -8 187 125 109 -78
I Space -3 4 125 94 125 0
Space S 2 2 94 78 484 390
S T 1 -3 78 78 140 62
T A -1 4 78 94 125 47
A R 1 -3 94 125 125 31
R T 0 -1 125 93 125 0
T E 0 2 93 78 156 63
E D -1 0 78 78 171 93
D Space -2 -1 78 62 125 47
Space A 2 3 62 110 842 780
A Space -2 -3 110 63 125 15
Space C 1 1 63 78 718 655
C O 2 -6 78 94 171 93
O M -2 2 94 109 141 47
M P 2 -3 109 78 203 94
P A -1 9 78 94 124 46
A N -1 -5 94 78 188 94
N Y 2 0 78 78 249 171
Y Space -3 2 78 94 858 780
Space N 1 -2 94 78 515 421
N A 1 5 78 63 109 31
A M -1 -6 63 78 125 62
M E 2 4 78 94 156 78
E D -1 0 94 93 203 109
D Space -2 -1 93 78 125 32
Space LShiftKey 1 4 78 655 265 187
LShiftKey N 0 -6 655 78 624 -31
N E 2 3 78 78 343 265
E LShiftKey -2 3 78 421 624 546
LShiftKey X 0 -2 421 187 156 -265
X LShiftKey 0 2 187 593 686 499
LShiftKey T 2 -5 593 62 406 -187
T Oemcomma -2 -3 62 94 2090 2028
Oemcomma Space -1 4 94 109 94 0
Space A 2 3 109 109 1451 1342
A N -1 -5 109 78 203 94
N O 2 -3 78 78 343 265
O T 0 4 78 124 281 203
T H -1 -1 124 94 93 -31
H E 1 3 94 78 109 15
E R 0 -1 78 78 1701 1623
R Space -3 0 78 78 93 15
Space N 1 -2 78 78 1155 1077
N A 1 5 78 94 140 62
A M -1 -6 94 94 109 15
M E 2 4 94 109 203 109
E D -1 0 109 78 203 94
D Space -2 -1 78 78 140 62
Space LShiftKey 1 4 78 374 375 297
LShiftKey P 2 -10 374 94 327 -47
P I 0 2 94 78 188 94
I X -2 6 78 93 936 858
X A 1 1 93 93 234 141
A R 1 -3 93 78 1232 1139
R Oemcomma -2 -4 78 93 1545 1467
Oemcomma Space -1 4 93 94 93 0
Space A 2 3 94 93 952 858
A N -1 -5 93 78 93 0
N D 1 3 78 78 188 110
D Space -2 -1 78 63 93 15
Space F 2 0 63 63 1560 1497
F E 1 1 63 94 156 93
E L -1 -6 94 109 250 156
L L 0 0 109 125 171 62
L Space -2 5 125 78 125 0
Space I 3 -4 78 94 234 156
I N -2 2 94 110 109 15
N Space -1 2 110 94 125 15
Space L 2 -5 94 94 437 343
L O 1 0 94 94 343 249
O V -2 5 94 78 312 218
V E 2 1 78 94 125 47
E Space -3 -1 94 78 140 46
Space W 3 2 78 93 1202 1124
W I 0 -6 93 78 124 31
I T 0 3 78 94 250 172
T H -1 -1 94 94 78 -16
H Space -2 2 94 63 109 15
Space A 2 3 63 93 328 265
A N -1 -5 93 94 109 16
N Space -1 2 94 78 78 -16
Space A 2 3 78 78 640 562
A M -1 -6 78 78 140 62
M A 1 6 78 62 125 47
A Z -1 0 62 94 811 749
Z I 2 -7 94 125 203 109
I N -2 2 125 94 109 -16
N G 1 1 94 93 281 187
G Space -2 1 93 93 156 63
Space W 3 2 93 78 936 843
W O 0 -7 78 78 140 62
O M -2 2 78 78 749 671
M A 1 6 78 78 94 16
A N -1 -5 78 78 109 31
N Space -1 2 78 78 1061 983
Space W 3 2 78 78 374 296
W H -1 -4 78 109 187 109
H O 1 -3 109 124 141 32
O Space -3 5 124 78 124 0
Space W 3 2 78 94 562 484
W O 0 -7 94 172 156 62
O U 0 2 172 125 140 -32
U L -1 -2 125 140 141 16
L D 0 6 140 78 140 0
D Space -2 -1 78 62 94 16
Space B 1 -1 62 78 1622 1560
B E 2 2 78 78 125 47
E C -2 0 78 78 468 390
C O 2 -6 78 93 94 16
O M -2 2 93 94 124 31
M R 2 3 94 78 281 187
R Back 1 -9 78 94 359 281
Back E -1 10 94 93 172 78
E Space -3 -1 93 78 171 78
Space M 1 -3 78 93 1233 1155
M Y 2 1 93 94 202 109
Y Space -3 2 94 78 78 -16
Space W 3 2 78 78 578 500
W I 0 -6 78 78 265 187
I F -1 4 78 62 421 343
F E 1 1 62 78 94 32
E OemPeriod -2 -6 78 78 1513 1435
OemPeriod Space -1 5 78 78 483 405
Space LShiftKey 1 4 78 359 250 172
LShiftKey P 2 -10 359 93 250 -109
P I 0 2 93 78 452 359
I X -2 6 78 78 640 562
X A 1 1 78 78 93 15
A R 1 -3 78 78 94 16
R Space -3 0 78 94 1029 951
Space W 3 2 94 78 390 296
W E 0 -1 78 125 234 156
E N -2 -3 125 78 110 -15
N T 2 1 78 94 202 124
T Space -3 1 94 78 94 0
Space O 3 -5 78 78 3026 2948
O N -2 3 78 93 188 110
N Space -1 2 93 63 93 0
Space T 3 -1 63 93 921 858
T O 0 -4 93 93 109 16
O Space -3 5 93 93 78 -15
Space C 1 1 93 125 1076 983
C R 2 -1 125 125 109 -16
R E 0 1 125 78 172 47
E A -1 2 78 94 187 109
A T 1 -4 94 78 219 125
T E 0 2 78 78 982 904
E Space -3 -1 78 109 827 749
Space T 3 -1 109 109 359 250
T H -1 -1 109 109 78 -31
H E 1 3 109 62 125 16
E Space -3 -1 62 78 47 -15
Space W 3 2 78 93 312 234
W O 0 -7 93 140 156 63
O R 0 5 140 63 436 296
R L -1 -5 63 109 141 78
L D 0 6 109 47 343 234
D S 0 1 47 94 187 140
S Space -2 -2 94 94 156 62
Space Back 4 -9 94 78 4399 4305
Back Back 0 0 78 78 156 78
Back Oem7 -2 2 78 78 734 656
Oem7 S 0 9 78 78 296 218
S Space -2 -2 78 78 109 31
Space F 2 0 78 78 375 297
F I 1 -4 78 94 452 374
I R 0 4 94 78 484 390
R S -1 2 78 78 280 202
S T 1 -3 78 78 125 47
T Space -3 1 78 78 63 -15
Space C 1 1 78 94 3556 3478
C O 2 -6 94 93 1545 1451
O M -2 2 93 140 203 110
M P 2 -3 140 109 296 156
P U 0 3 109 78 218 109
U T 0 2 78 78 422 344
T E 0 2 78 78 124 46
E R 0 -1 78 62 188 110
R Space -3 0 62 78 109 47
Space A 2 3 78 78 483 405
A N -1 -5 78 124 110 32
N I 2 -2 124 109 171 47
I M -2 1 109 93 531 422
M A 1 6 93 78 124 31
A T 1 -4 78 78 250 172
T E 0 2 78 78 140 62
E D -1 0 78 63 203 125
D Space -2 -1 63 78 141 78
Space F 2 0 78 78 2184 2106
F E 1 1 78 93 312 234
E A -1 2 93 78 998 905
A T 1 -4 78 78 484 406
T U 0 -2 78 78 124 46
U R 0 3 78 78 219 141
R E 0 1 78 62 187 109
E Space -3 -1 62 78 1076 1014
Space F 2 0 78 78 500 422
F I 1 -4 78 125 62 -16
I L -1 -1 125 94 109 -16
L M -1 2 94 63 936 842
M Oemcomma 0 -1 63 94 671 608
Oemcomma Space -1 4 94 78 109 15
Space LShiftKey 1 4 78 343 1248 1170
LShiftKey T 2 -5 343 62 297 -46
T O 0 -4 62 78 390 328
O Y 0 3 78 63 327 249
Y Space -3 2 63 78 219 156
Space LShiftKey 1 4 78 328 171 93
LShiftKey S 1 -2 328 110 265 -63
S T 1 -3 110 62 188 78
T O 0 -4 62 78 265 203
O R 0 5 78 78 717 639
R Y 0 -2 78 63 203 125
Y Oemcomma -2 -2 63 125 593 530
Oemcomma Space -1 4 125 94 109 -16
Space A 2 3 94 109 1794 1700
A N -1 -5 109 93 94 -15
N D 1 3 93 94 140 47
D Space -2 -1 94 78 94 0
Space I 3 -4 78 93 936 858
I S -1 6 93 62 156 63
S Space -2 -2 62 78 78 16
Space N 1 -2 78 124 1451 1373
N O 2 -3 124 125 62 -62
O W 0 7 125 78 452 327
W Space -3 -2 78 94 125 47
Space T 3 -1 94 125 733 639
T H -1 -1 125 94 94 -31
H E 1 3 94 94 140 46
E Space -3 -1 94 62 94 0
Space M 1 -3 62 124 1966 1904
M O 2 -2 124 109 78 -46
O S -1 7 109 78 390 281
S T 1 -3 78 63 93 15
T Space -3 1 63 78 47 -16
Space S 2 2 78 63 889 811
S U 1 -5 63 78 328 265
U C -2 4 78 78 312 234
C C 0 0 78 93 156 78
C E 2 0 93 93 203 110
E S -1 1 93 62 343 250
S S 0 0 62 78 140 78
S F 0 -2 78 78 999 921
F U 1 -3 78 78 171 93
U L -1 -2 78 109 219 141
L Space -2 5 109 94 171 62
Space A 2 3 94 94 1326 1232
A N -1 -5 94 93 172 78
N I 2 -2 93 109 140 47
I M -2 1 109 109 156 47
M A 1 6 109 94 187 78
A T 1 -4 94 62 219 125
T I 0 -3 62 156 187 125
I O 0 -1 156 156 125 -31
O N -2 3 156 109 125 -31
N Space -1 2 109 93 936 827
Space S 2 2 93 94 483 390
S T 1 -3 94 78 234 140
T U 0 -2 78 78 219 141
U D -1 4 78 78 1357 1279
D I 1 -5 78 140 78 0
I O 0 -1 140 125 109 -31
O Space -3 5 125 78 140 15
Space I 3 -4 78 124 1826 1748
I N -2 2 124 109 93 -31
N Space -1 2 109 125 94 -15
Space T 3 -1 125 125 187 62
T H -1 -1 125 109 109 -16
H E 1 3 109 78 47 -62
E Space -3 -1 78 78 109 31
Space W 3 2 78 93 1467 1389
W O 0 -7 93 94 296 203
O R 0 5 94 78 515 421
R L -1 -5 78 78 187 109
L D 0 6 78 78 281 203
D OemPeriod -1 -6 78 62 1279 1201
OemPeriod Space -1 5 62 93 172 110
Space LShiftKey 1 4 93 499 93 0
LShiftKey I 2 -8 499 124 375 -124
I N -2 2 124 125 93 -31
N Space -1 2 125 94 265 140
Space A 2 3 94 78 734 640
A Space -2 -3 78 78 93 15
Space R 3 0 78 31 406 328
R E 0 1 31 78 125 94
E M -2 -4 78 94 202 124
M A 1 6 94 94 125 31
A R 1 -3 94 78 655 561
R K -1 -4 78 94 359 281
K A 0 7 94 94 109 15
A B -1 -4 94 78 453 359
B L 1 -4 78 78 374 296
L E 1 6 78 78 109 31
E Space -3 -1 78 78 1436 1358
Space T 3 -1 78 94 608 530
T U 0 -2 94 62 203 109
U R 0 3 62 78 109 47
R N -2 -2 78 125 265 187
N Space -1 2 125 94 733 608
Space O 3 -5 94 109 406 312
O F -1 5 109 62 281 172
F Space -2 0 62 94 93 31
Space E 3 1 94 78 484 390
E V -2 -1 78 78 125 47
V E 2 1 78 78 78 0
E N -2 -3 78 78 281 203
N T 2 1 78 78 374 296
T S -1 3 78 63 109 31
S Space -2 -2 63 46 141 78
Space Back 4 -9 46 125 514 468
Back Oemcomma -3 5 125 78 546 421
Oemcomma Space -1 4 78 94 78 0
Space LShiftKey 1 4 94 421 172 78
LShiftKey A 1 -1 421 125 359 -62
A P 1 -9 125 78 296 171
P P 0 0 78 63 187 109
P L -1 1 63 78 172 109
L E 1 6 78 78 686 608
E Space -3 -1 78 78 125 47
Space B 1 -1 78 93 874 796
B O 2 -4 93 93 281 188
O U 0 2 93 78 1123 1030
U G -1 2 78 125 468 390
G H 0 -1 125 171 78 -47
H T 1 1 171 94 140 -31
T Space -3 1 94 78 78 -16
Space LShiftKey 1 4 78 359 499 421
LShiftKey N 0 -6 359 78 281 -78
N E 2 3 78 78 312 234
E X -2 1 78 78 343 265
X T 2 -3 78 110 156 78
T Back 1 -8 110 94 1092 982
Back Back 0 0 94 78 172 78
Back LShiftKey -3 13 78 749 593 515
LShiftKey X 0 -2 749 62 640 -109
X T 2 -3 62 47 218 156
T Back 1 -8 47 109 499 452
Back LShiftKey -3 13 109 765 187 78
LShiftKey T 2 -5 765 62 640 -125
T Oemcomma -2 -3 62 78 1154 1092
Oemcomma Space -1 4 78 94 78 0
Space LShiftKey 1 4 94 281 234 140
LShiftKey I 2 -8 281 94 172 -109
I Space -3 4 94 94 265 171
Space R 3 0 94 78 905 811
R E 0 1 78 78 172 94
E T 0 -2 78 78 280 202
T U 0 -2 78 63 156 78
U R 0 3 63 78 266 203
R N -2 -2 78 78 140 62
N E 2 3 78 63 343 265
E D -1 0 63 78 172 109
D Space -2 -1 78 63 140 62
Space T 3 -1 63 93 999 936
T O 0 -4 93 94 171 78
O Space -3 5 94 78 78 -16
Space LShiftKey 1 4 78 375 577 499
LShiftKey A 1 -1 375 109 328 -47
A P 1 -9 109 94 218 109
P P 0 0 94 140 172 78
P L -1 1 140 109 109 -31
L E 1 6 109 78 172 63
E Oemcomma -2 -5 78 94 998 920
Oemcomma Space -1 4 94 78 78 -16
Space A 2 3 78 109 219 141
A N -1 -5 109 78 171 62
N D 1 3 78 78 203 125
D Space -2 -1 78 78 109 31
Space T 3 -1 78 125 1373 1295
T H -1 -1 125 109 78 -47
H E 1 3 109 93 94 -15
E Space -3 -1 93 62 109 16
Space T 3 -1 62 78 795 733
T E 0 2 78 78 125 47
E C -2 0 78 78 375 297
C H 1 -3 78 62 156 78
H N -1 0 62 125 265 203
N O 2 -3 125 94 171 46
O L -1 0 94 62 578 484
L O 1 0 62 78 156 94
O G -1 4 78 188 436 358
G Y 1 -1 188 140 141 -47
Y Space -3 2 140 47 156 16
Space W 3 2 47 78 983 936
W E 0 -1 78 78 171 93
E Space -3 -1 78 62 141 63
Space D 2 1 62 78 1216 1154
D A 0 2 78 78 110 32
A Back 2 -12 78 94 514 436
Back E -1 10 94 93 453 359
E V -2 -1 93 93 593 500
V E 2 1 93 78 124 31
E L -1 -6 78 78 515 437
L O 1 0 78 78 172 94
O P 0 -1 78 109 203 125
P E 0 7 109 78 202 93
E D -1 0 78 78 172 94
D Space -2 -1 78 78 624 546
Space A 2 3 78 109 281 203
A T 1 -4 109 78 203 94
T Space -3 1 78 94 62 -16
Space LShiftKey 1 4 94 671 203 109
LShiftKey N 0 -6 671 78 608 -63
N E 2 3 78 93 609 531
E LShiftKey -2 3 93 500 358 265
LShiftKey X 0 -2 500 109 266 -234
X T 2 -3 109 93 78 -31
T Space -3 1 93 78 655 562
Space I 3 -4 78 78 608 530
I S -1 6 78 78 203 125
S Space -2 -2 78 93 94 16
Space A 2 3 93 93 187 94
A T 1 -4 93 93 125 32
T Space -3 1 93 93 78 -15
Space T 3 -1 93 125 826 733
T H -1 -1 125 109 110 -15
H E 1 3 109 93 78 -31
E Space -3 -1 93 47 109 16
Space H 2 -2 47 78 515 468
H E 1 3 78 62 187 109
E A -1 2 62 78 218 156
A R 1 -3 78 156 125 47
R T 0 -1 156 94 140 -16
T Space -3 1 94 62 172 78
Space O 3 -5 62 78 2324 2262
O F -1 5 78 78 578 500
F Space -2 0 78 78 140 62
Space LShiftKey 1 4 78 280 250 172
LShiftKey A 1 -1 280 109 234 -46
A P 1 -9 109 78 312 203
P P 0 0 78 124 156 78
P L -1 1 124 93 109 -15
L E 1 6 93 141 249 156
E Oem7 -1 -8 141 78 500 359
Oem7 S 0 9 78 78 187 109
S Space -2 -2 78 63 140 62
Space C 1 1 63 93 1623 1560
C U 2 -4 93 94 280 187
U R 0 3 94 63 312 218
R R 0 0 63 62 141 78
R E 0 1 62 78 187 125
E N -2 -3 78 78 468 390
N T 2 1 78 93 203 125
T Space -3 1 93 62 109 16
Space R 3 0 62 78 686 624
R E 0 1 78 78 172 94
E N -2 -3 78 78 1154 1076
N A 1 5 78 94 172 94
A I 1 -7 94 78 234 140
I S -1 6 78 93 515 437
S S 0 0 93 94 187 94
S A 0 1 94 110 374 280
A N -1 -5 110 93 500 390
N C 0 3 93 125 296 203
C E 2 0 125 141 109 -16
E OemPeriod -2 -6 141 94 936 795
OemPeriod Space -1 5 94 62 437 343
Space LShiftKey 1 4 62 702 655 593
LShiftKey A 1 -1 702 93 640 -62
A N -1 -5 93 78 296 203
N D 1 3 78 78 172 94
D Space -2 -1 78 63 93 15
Space LShiftKey 1 4 63 515 562 499
LShiftKey L 1 -9 515 94 468 -47
L A 0 8 94 94 296 202
A U 1 -6 94 78 999 905
U R 0 3 78 63 483 405
R E 0 1 63 93 188 125
E N -2 -3 93 78 249 156
N E 2 3 78 78 94 16
E Space -3 -1 78 78 452 374
Space A 2 3 78 109 359 281
A N -1 -5 109 78 281 172
N D 1 3 78 78 171 93
D Space -2 -1 78 94 125 47
Space LShiftKey 1 4 94 1186 437 343
LShiftKey I 2 -8 1186 141 265 -921
I LShiftKey -2 8 141 468 1357 1216
LShiftKey Space -1 -4 468 78 671 203
Space H 2 -2 78 78 343 265
H A 0 5 78 93 110 32
A V -1 -3 93 78 109 16
V E 2 1 78 94 140 62
E Space -3 -1 94 63 109 15
Space A 2 3 63 110 1170 1107
A Space -2 -3 110 78 203 93
Space W 3 2 78 78 515 437
W O 0 -7 78 78 187 109
O N -2 3 78 93 219 141
N D 1 3 93 78 312 219
D E 1 0 78 78 171 93
E R 0 -1 78 62 203 125
R F -1 0 62 78 187 125
F U 1 -3 78 125 125 47
U K -1 -1 125 78 156 31
K L 0 -1 78 78 0 -78
L Back 2 -4 78 78 1950 1872
Back Back 0 0 78 78 172 94
Back L -2 4 78 140 936 858
L Space -2 5 140 78 327 187
Space F 2 0 78 62 5507 5429
F A 0 3 62 78 187 125
A M -1 -6 78 94 421 343
M I 2 -1 94 125 203 109
I O 0 -1 125 62 16 -109
O L -1 0 62 140 125 63
L Y 1 3 140 109 171 31
Y Space -3 2 109 63 109 0
Space Back 4 -9 63 94 749 686
Back Back 0 0 94 78 172 78
Back Back 0 0 78 78 140 62
Back Back 0 0 78 78 125 47
Back L -2 4 78 94 780 702
L Y 1 3 94 94 265 171
Y Space -3 2 94 78 94 0
Space T 3 -1 78 94 483 405
T O 0 -4 94 63 125 31
O G -1 4 63 78 515 452
G E 1 2 78 78 468 390
E A -1 2 78 78 156 78
A T 1 -4 78 78 359 281
T H -1 -1 78 110 171 93
H E 1 3 110 78 156 46
E R 0 -1 78 94 125 47
R Space -3 0 94 78 125 31
Space Back 4 -9 78 94 468 390
Back Back 0 0 94 62 203 109
Back R -1 9 62 62 1045 983
R OemPeriod -2 -5 62 63 296 234
OemPeriod Right -1 -4 63 172 4025 3962
Right Return 2 1 172 47 1888 1716
Return Capital 0 12 47 827 764 717
Capital Capital 0 0 827 78 1701 874
Capital LShiftKey -1 0 78 639 468 390
LShiftKey I 2 -8 639 78 468 -171
I Space -3 4 78 110 1372 1294
Space A 2 3 110 156 578 468
A M -1 -6 156 94 1934 1778
M Space -1 3 94 62 78 -16
Space P 3 -6 62 78 530 468
P R 0 6 78 78 219 141
R E 0 1 78 94 171 93
E T 0 -2 94 78 188 94
T T 0 0 78 109 140 62
T Y 0 -1 109 109 94 -15
Y Space -3 2 109 47 109 0
Space S 2 2 47 78 967 920
S U 1 -5 78 78 218 140
U R 0 3 78 78 266 188
R E 0 1 78 63 124 46
E Space -3 -1 63 63 78 15
Space N 1 -2 63 141 936 873
N O 2 -3 141 140 110 -31
O N -2 3 140 78 124 -16
N E 2 3 78 78 297 219
E Space -3 -1 78 78 93 15
Space O 3 -5 78 93 765 687
O F -1 5 93 78 187 94
F Space -2 0 78 78 78 0
Space T 3 -1 78 124 328 250
T H -1 -1 124 94 93 -31
H I 1 -2 94 93 219 125
I S -1 6 93 78 140 47
S Space -2 -2 78 78 109 31
Space W 3 2 78 93 1077 999
W O 0 -7 93 141 124 31
O U 0 2 141 140 110 -31
U L -1 -2 140 124 156 16
L D 0 6 124 78 93 -31
D Space -2 -1 78 94 78 0
Space H 2 -2 94 78 999 905
H A 0 5 78 93 109 31
A V -1 -3 93 62 265 172
V E 2 1 62 78 109 47
E Space -3 -1 78 63 109 31
Space H 2 -2 63 62 1748 1685
H A 0 5 62 78 156 94
A P 1 -9 78 78 780 702
P P 0 0 78 78 171 93
P E 0 7 78 78 156 78
E N -2 -3 78 78 172 94
N E 2 3 78 78 109 31
E D -1 0 78 94 265 187
D Space -2 -1 94 78 281 187
Space I 3 -4 78 78 1950 1872
I F -1 4 78 78 250 172
F Space -2 0 78 78 78 0
Space I 3 -4 78 125 171 93
I Space -3 4 125 94 109 -16
Space H 2 -2 94 93 812 718
H A 0 5 93 125 109 16
A D 0 -2 125 109 187 62
D N -1 -3 109 78 312 203
N Oem7 1 -5 78 62 468 390
Oem7 T 1 6 62 94 312 250
T Space -3 1 94 78 62 -32
Space B 1 -1 78 63 1451 1373
B E 2 2 63 94 125 62
E E 0 0 94 78 187 93
E N -2 -3 78 94 125 47
N Space -1 2 94 78 78 -16
Space F 2 0 78 78 624 546
F I 1 -4 78 62 203 125
I R 0 4 62 78 78 16
R E 0 1 78 94 218 140
E D -1 0 94 78 531 437
D Space -2 -1 78 78 93 15
Space F 2 0 78 78 375 297
F R 1 0 78 78 171 93
R O 0 -5 78 125 47 -31
O M -2 2 125 125 109 -16
M Space -1 3 125 78 219 94
Space LShiftKey 1 4 78 297 982 904
LShiftKey A 1 -1 297 141 203 -94
A P 1 -9 141 78 297 156
P P 0 0 78 109 156 78
P L -1 1 109 109 93 -16
L E 1 6 109 93 172 63
E OemPeriod -2 -6 93 78 405 312
OemPeriod Space -1 5 78 78 250 172
Space LShiftKey 1 4 78 858 297 219
LShiftKey I 2 -8 858 63 826 -32
I T 0 3 63 93 500 437
T Space -3 1 93 78 109 16
Space W 3 2 78 78 234 156
W A -1 1 78 94 187 109
A S 0 -1 94 78 172 78
S Space -2 -2 78 63 93 15
Space A 2 3 63 125 1061 998
A W 1 -1 125 94 265 140
W F -1 -2 94 94 577 483
F U 1 -3 94 109 266 172
U L -1 -2 109 109 156 47
L Space -2 5 109 110 124 15
Space T 3 -1 110 93 453 343
T A -1 4 93 78 125 32
A S 0 -1 78 78 421 343
S T 1 -3 78 78 218 140
T I 0 -3 78 94 265 187
I N -2 2 94 78 188 94
N G 1 1 78 78 202 124
G Space -2 1 78 62 141 63
Space M 1 -3 62 93 1373 1311
M E 2 4 93 93 109 16
E D -1 0 93 94 1497 1404
D I 1 -5 94 94 125 31
I C -2 5 94 78 250 156
C I 2 -5 78 141 93 15
I M -2 1 141 94 234 93
M Back 3 -6 94 109 406 312
Back N -3 7 109 63 296 187
N M 0 -1 63 47 16 -47
M E 2 4 47 63 218 171
E Space -3 -1 63 78 765 702
Space Left 0 -7 78 1482 6536 6458
Left Right 0 -2 1482 1357 3214 1732
Right Right 0 0 1357 203 1435 78
Right Right 0 0 203 78 406 203
Right Right 0 0 78 62 156 78
Right Right 0 0 62 78 140 78
Right Right 0 0 78 63 140 62
Right Right 0 0 63 78 125 62
Right Back 4 0 78 78 3635 3557
Back Oemcomma -3 5 78 94 889 811
Oemcomma Space -1 4 94 94 109 15
Space B 1 -1 94 93 656 562
B U 2 -2 93 203 46 -47
U T 0 2 203 94 172 -31
T Space -3 1 94 94 78 -16
Space LShiftKey 1 4 94 437 2137 2043
LShiftKey I 2 -8 437 109 390 -47
I Space -3 4 109 93 94 -15
Space G 2 -1 93 78 390 297
G U 1 -2 78 94 327 249
U E 0 4 94 63 234 140
E S -1 1 63 62 219 156
S S 0 0 62 78 140 78
S Space -2 -2 78 63 156 78
Space T 3 -1 63 109 1014 951
T H -1 -1 109 109 78 -31
H E 1 3 109 62 94 -15
E Space -3 -1 62 78 62 0
Space P 3 -6 78 63 1248 1170
P A -1 9 63 78 156 93
A T 1 -4 78 140 437 359
T I 0 -3 140 94 140 0
I E 0 5 94 78 359 265
E N -2 -3 78 93 94 16
N T 2 1 93 93 281 188
T Y 0 -1 93 31 15 -78
Y Space -3 2 31 94 203 172
Space N 1 -2 94 94 1310 1216
N E 2 3 94 78 500 406
E E 0 0 78 78 124 46
E D -1 0 78 94 203 125
D E 1 0 94 78 203 109
E D -1 0 78 62 250 172
D Space -2 -1 62 93 234 172
Space I 3 -4 93 94 452 359
I T 0 3 94 63 140 46
T OemPeriod -2 -4 63 78 1124 1061
OemPeriod Space -1 5 78 78 156 78
Space LShiftKey 1 4 78 640 140 62
LShiftKey S 1 -2 640 156 374 -266
S O 1 -7 156 140 344 188
O M -2 2 140 110 124 -16
M E 2 4 110 78 188 78
E T 0 -2 78 93 312 234
T I 0 -3 93 94 140 47
I M -2 1 94 125 140 46
M E 2 4 125 93 219 94
E S -1 1 93 78 203 110
S Space -2 -2 78 78 546 468
Space L 2 -5 78 125 748 670
L I 1 1 125 125 63 -62
I F -1 4 125 62 343 218
F E 1 1 62 93 94 32
E Space -3 -1 93 47 124 31
Space H 2 -2 47 94 1716 1669
H I 1 -2 94 109 47 -47
I T 0 3 109 78 250 141
T S -1 3 78 109 140 62
S Space -2 -2 109 78 109 0
Space Y 3 -2 78 125 1389 1311
Y O 0 -3 125 156 78 -47
O U 0 2 156 109 109 -47
U Space -3 3 109 94 78 -31
Space I 3 -4 94 140 515 421
I N -2 2 140 156 93 -47
N Space -1 2 156 125 141 -15
Space T 3 -1 125 93 359 234
T H -1 -1 93 109 62 -31
H E 1 3 109 78 140 31
E Space -3 -1 78 78 47 -31
Space H 2 -2 78 78 499 421
H E 1 3 78 78 110 32
E A -1 2 78 140 452 374
A D 0 -2 140 78 234 94
D Space -2 -1 78 93 203 125
Space W 3 2 93 78 967 874
W I 0 -6 78 93 94 16
I T 0 3 93 78 312 219
T H -1 -1 78 94 93 15
H Space -2 2 94 94 78 -16
Space A 2 3 94 93 250 156
A Space -2 -3 93 78 109 16
Space B 1 -1 78 93 640 562
B R 2 1 93 94 140 47
R I 0 -4 94 93 172 78
I C -2 5 93 78 343 250
C K 1 -5 78 125 405 327
K Space -2 4 125 78 110 -15
Space Back 4 -9 78 109 858 780
Back OemPeriod -3 4 109 94 436 327
OemPeriod Space -1 5 94 109 172 78
Space LShiftKey 1 4 109 562 421 312
LShiftKey D 1 -3 562 125 437 -125
D O 1 -6 125 62 156 31
O N -2 3 62 47 1170 1108
N Oem7 1 -5 47 78 718 671
Oem7 T 1 6 78 93 546 468
T Space -3 1 93 93 109 16
Space L 2 -5 93 124 1763 1670
L O 1 0 124 78 93 -31
O S -1 7 78 78 250 172
S E 1 -1 78 78 187 109
E Space -3 -1 78 94 140 62
Space F 2 0 94 78 1342 1248
F A 0 3 78 78 125 47
A I 1 -7 78 110 249 171
I T 0 3 110 93 422 312
T H -1 -1 93 93 78 -15
H OemPeriod -1 -3 93 62 1544 1451
OemPeriod Space -1 5 62 94 468 406
Space LShiftKey 1 4 94 406 468 374
LShiftKey I 2 -8 406 62 281 -125
I Oem7 -1 -3 62 78 546 484
Oem7 M -1 4 78 94 764 686
M Space -1 3 94 63 78 -16
Space C 1 1 63 124 375 312
C O 2 -6 124 78 156 32
O N -2 3 78 94 202 124
N V 0 2 94 109 406 312
V I 2 -4 109 78 218 109
I N -2 2 78 78 344 266
N C 0 3 78 78 390 312
C E 2 0 78 94 62 -16
E D -1 0 94 78 203 109
D Space -2 -1 78 78 140 62
Space T 3 -1 78 109 1373 1295
T H -1 -1 109 78 140 31
H A 0 5 78 78 16 -62
A T 1 -4 78 93 94 16
T Space -3 1 93 62 109 16
Space O 3 -5 62 140 1716 1654
O N -2 3 140 125 93 -47
N L 1 -3 125 219 203 78
L Y 1 3 219 109 250 31
Y Space -3 2 109 94 93 -16
Space Left 0 -7 94 62 2044 1950
Left Left 0 0 62 62 156 94
Left Left 0 0 62 46 172 110
Left Left 0 0 46 47 140 94
Left Left 0 0 47 32 140 93
Left T 3 6 32 109 1030 998
T H -1 -1 109 109 94 -15
H E 1 3 109 78 109 0
E Space -3 -1 78 78 62 -16
Space Right 0 -9 78 63 889 811
Right Right 0 0 63 78 156 93
Right Right 0 0 78 63 156 78
Right Right 0 0 63 78 156 93
Right Right 0 0 78 78 172 94
Right Right 0 0 78 94 187 109
Right T 3 8 94 94 2808 2714
T H -1 -1 94 93 63 -31
H I 1 -2 93 140 421 328
I N -2 2 140 93 125 -15
N G 1 1 93 62 234 141
G Space -2 1 62 78 78 16
Space T 3 -1 78 94 296 218
T H -1 -1 94 94 78 -16
H A 0 5 94 109 78 -16
A T 1 -4 109 78 94 -15
T Space -3 1 78 62 78 0
Space K 2 -4 62 94 904 842
K E 1 5 94 78 156 62
E P 0 -7 78 78 266 188
P T 0 5 78 78 530 452
T Space -3 1 78 94 109 31
Space M 1 -3 94 94 203 109
M E 2 4 94 78 203 109
E Space -3 -1 78 63 93 15
Space G 2 -1 63 109 453 390
G O 1 -4 109 156 109 0
O I 0 1 156 156 109 -47
I N -2 2 156 125 125 -31
N G 1 1 125 78 140 15
G Space -2 1 78 94 94 16
Space W 3 2 94 78 686 592
W A -1 1 78 78 203 125
A S 0 -1 78 78 172 94
S Space -2 -2 78 78 109 31
Space T 3 -1 78 110 374 296
T H -1 -1 110 110 78 -32
H A 0 5 110 78 78 -32
A T 1 -4 78 62 94 16
T Space -3 1 62 78 62 0
Space I 3 -4 78 94 390 312
I Space -3 4 94 78 78 -16
Space L 2 -5 78 109 531 453
L O 1 0 109 109 78 -31
O V -2 5 109 62 359 250
V E 2 1 62 94 140 78
E Space -3 -1 94 78 312 218
Space D 2 1 78 109 109 31
D Back 2 -10 109 93 1108 999
Back Back 0 0 93 78 140 47
Back D -2 10 78 93 297 219
D Space -2 -1 93 78 218 125
Space W 3 2 78 78 967 889
W H -1 -4 78 78 141 63
H A 0 5 78 93 109 31
A T 1 -4 93 78 140 47
T Space -3 1 78 78 78 0
Space I 3 -4 78 94 5257 5179
I Space -3 4 94 78 78 -16
Space D 2 1 78 94 406 328
D I 1 -5 94 78 109 15
I D -1 5 78 78 63 -15
D OemPeriod -1 -6 78 78 873 795
OemPeriod Space -1 5 78 78 2449 2371
Space LShiftKey 1 4 78 343 999 921
LShiftKey Y 2 -6 343 78 265 -78
Y O 0 -3 78 140 359 281
O U 0 2 140 78 218 78
U Oem7 -1 -4 78 63 1357 1279
Oem7 V -1 7 63 78 812 749
V E 2 1 78 78 124 46
E Space -3 -1 78 62 94 16
Space G 2 -1 62 125 858 796
G O 1 -4 125 93 94 -31
O T 0 4 93 78 46 -47
T Space -3 1 78 78 266 188
Space G 2 -1 78 93 4337 4259
G O 1 -4 93 94 124 31
O T 0 4 94 78 94 0
T Space -3 1 78 93 125 47
Space Back 4 -9 93 46 827 734
Back Back 0 0 46 94 124 78
Back Back 0 0 94 62 172 78
Back Back 0 0 62 94 140 78
Back Back 0 0 94 78 281 187
Back Space -4 9 78 78 468 390
Space T 3 -1 78 94 312 234
T O 0 -4 94 94 125 31
O Space -3 5 94 62 94 0
Space F 2 0 62 63 7581 7519
F I 1 -4 63 156 203 140
I N -2 2 156 94 140 -16
N Space -1 2 94 78 484 390
Space Back 4 -9 78 125 421 343
Back D -2 10 125 78 187 62
D Space -2 -1 78 63 312 234
Space W 3 2 63 78 578 515
W H -1 -4 78 94 140 62
H A 0 5 94 109 94 0
A T 1 -4 109 78 140 31
T Space -3 1 78 78 62 -16
Space Y 3 -2 78 156 266 188
Y O 0 -3 156 171 109 -47
O U 0 2 171 125 109 -62
U Space -3 3 125 78 94 -31
Space L 2 -5 78 125 436 358
L O 1 0 125 110 78 -47
O V -2 5 110 94 250 140
V E 2 1 94 93 125 31
E OemPeriod -2 -6 93 93 2496 2403
OemPeriod Space -1 5 93 78 281 188
Space LShiftKey 1 4 78 811 187 109
LShiftKey A 1 -1 811 125 655 -156
A N -1 -5 125 46 172 47
N D 1 3 46 93 265 219
D Space -2 -1 93 78 187 94
Space T 3 -1 78 124 874 796
T H -1 -1 124 109 93 -31
H A 0 5 109 93 63 -46
A T 1 -4 93 93 78 -15
T Space -3 1 93 47 109 16
Space I 3 -4 47 94 421 374
I S -1 6 94 93 94 0
S Space -2 -2 93 78 124 31
Space A 2 3 78 109 2309 2231
A S 0 -1 109 94 156 47
S Space -2 -2 94 78 125 31
Space T 3 -1 78 78 343 265
T R 0 1 78 94 125 47
R U 0 -3 94 109 156 62
U E 0 4 109 63 265 156
E Space -3 -1 63 94 1248 1185
Space F 2 0 94 78 702 608
F O 1 -5 78 94 156 78
O R 0 5 94 63 109 15
R Space -3 0 63 78 94 31
Space Y 3 -2 78 125 234 156
Y O 0 -3 125 140 94 -31
O U 0 2 140 125 93 -47
U R 0 3 125 94 265 140
R Space -3 0 94 78 94 0
Space W 3 2 78 78 1217 1139
W O 0 -7 78 94 109 31
O R 0 5 94 93 437 343
R K -1 -4 93 110 93 0
K Space -2 4 110 78 94 -16
Space A 2 3 78 110 2012 1934
A S 0 -1 110 93 141 31
S Space -2 -2 93 93 125 32
Space I 3 -4 93 109 218 125
I T 0 3 109 94 218 109
T Space -3 1 94 94 94 0
Space I 3 -4 94 109 203 109
I S -1 6 109 78 140 31
S Space -2 -2 78 47 109 31
Space F 2 0 47 94 546 499
F O 1 -5 94 78 141 47
O R 0 5 78 93 78 0
R Space -3 0 93 78 93 0
Space Y 3 -2 78 109 1046 968
Y O 0 -3 109 125 62 -47
O U 0 2 125 109 78 -47
U R 0 3 109 78 250 141
R Space -3 0 78 94 93 15
Space L 2 -5 94 140 359 265
L O 1 0 140 94 109 -31
O V -2 5 94 78 281 187
V E 2 1 78 78 125 47
E R 0 -1 78 78 203 125
R S -1 2 78 78 202 124
S Space -2 -2 78 94 234 156
Space Back 4 -9 94 109 422 328
Back OemPeriod -3 4 109 93 499 390
OemPeriod Space -1 5 93 78 218 125
Space LShiftKey 1 4 78 312 390 312
LShiftKey Y 2 -6 312 125 203 -109
Y O 0 -3 125 171 94 -31
O U 0 2 171 94 124 -47
U R 0 3 94 94 234 140
R Space -3 0 94 78 110 16
Space Back 4 -9 78 109 5709 5631
Back Back 0 0 109 93 141 32
Back Back 0 0 93 78 156 63
Back Back 0 0 78 78 140 62
Back Back 0 0 78 62 156 78
Back LShiftKey -3 13 62 359 749 687
LShiftKey Y 2 -6 359 62 312 -47
Y O 0 -3 62 125 312 250
O U 0 2 125 109 78 -47
U R 0 3 109 94 499 390
R Space -3 0 94 78 109 15
Space W 3 2 78 78 3120 3042
W O 0 -7 78 78 125 47
O R 0 5 78 93 281 203
R K -1 -4 93 110 171 78
K Space -2 4 110 93 110 0
Space I 3 -4 93 78 156 63
I S -1 6 78 78 249 171
S Space -2 -2 78 78 94 16
Space G 2 -1 78 124 2387 2309
G O 1 -4 124 156 78 -46
O I 0 1 156 172 124 -32
I N -2 2 172 125 141 -31
N G 1 1 125 94 483 358
G Space -2 1 94 93 110 16
Space T 3 -1 93 140 764 671
T O 0 -4 140 109 172 32
O Space -3 5 109 93 78 -31
Space F 2 0 93 93 1903 1810
F I 1 -4 93 109 140 47
I L -1 -1 109 62 125 16
L L 0 0 62 109 125 63
L Space -2 5 109 93 125 16
Space L 2 -5 93 93 811 718
L A 0 8 93 93 156 63
A R 1 -3 93 93 390 297
R Back 1 -9 93 94 1497 1404
Back Back 0 0 94 94 172 78
Back Back 0 0 94 78 172 78
Back A -2 12 78 94 483 405
A Space -2 -3 94 109 141 47
Space L 2 -5 109 94 436 327
L A 0 8 94 109 125 31
A R 1 -3 109 63 499 390
R G -1 -1 63 94 172 109
G E 1 2 94 78 109 15
E Space -3 -1 78 78 141 63
Space P 3 -6 78 93 2137 2059
P A -1 9 93 109 109 16
A R 1 -3 109 110 218 109
R T 0 -1 110 156 94 -16
T Space -3 1 156 78 109 -47
Space O 3 -5 78 78 499 421
O F -1 5 78 94 156 78
F Space -2 0 94 78 94 0
Space Y 3 -2 78 125 187 109
Y O 0 -3 125 140 94 -31
O U 0 2 140 125 78 -62
U R 0 3 125 109 140 15
R Space -3 0 109 93 94 -15
Space L 2 -5 93 110 1107 1014
L I 1 1 110 94 78 -32
I F -1 4 94 78 297 203
F E 1 1 78 78 93 15
E Oemcomma -2 -5 78 94 1576 1498
Oemcomma Space -1 4 94 94 78 -16
Space A 2 3 94 109 187 93
A N -1 -5 109 94 312 203
N D 1 3 94 109 141 47
D Space -2 -1 109 62 109 0
Space O 3 -5 62 141 1341 1279
O N -2 3 141 125 125 -16
N L 1 -3 125 234 141 16
L Y 1 3 234 94 202 -32
Y Space -3 2 94 94 78 -16
Space W 3 2 94 78 1202 1108
W A -1 1 78 94 218 140
A Y 1 -5 94 78 374 280
Y Space -3 2 78 63 78 0
Space T 3 -1 63 78 281 218
T O 0 -4 78 109 203 125
O Space -3 5 109 78 125 16
Space B 1 -1 78 109 2792 2714
B E 2 2 109 94 109 0
E Space -3 -1 94 78 78 -16
Space T 3 -1 78 94 234 156
T R 0 1 94 78 125 31
R U 0 -3 78 78 421 343
U E 0 4 78 78 125 47
E L -1 -6 78 109 281 203
L Y 1 3 109 78 234 125
Y Space -3 2 78 62 78 0
Space S 2 2 62 94 530 468
S A 0 1 94 93 219 125
A T 1 -4 93 78 140 47
T I 0 -3 78 94 515 437
I S -1 6 94 78 265 171
S F 0 -2 78 78 640 562
F I 1 -4 78 93 156 78
I E 0 5 93 94 187 94
E D -1 0 94 63 218 124
D Space -2 -1 63 125 2122 2059
Space I 3 -4 125 94 312 187
I S -1 6 94 109 312 218
S Space -2 -2 109 78 140 31
Space T 3 -1 78 93 297 219
T O 0 -4 93 124 125 32
O Space -3 5 124 94 93 -31
Space D 2 1 94 94 312 218
D O 1 -6 94 141 109 15
O Space -3 5 141 140 250 109
Space W 3 2 140 78 874 734
W A -1 1 78 78 218 140
A H 0 -5 78 78 406 328
H T 1 1 78 94 202 124
T Space -3 1 94 78 94 0
Space Y 3 -2 78 94 468 390
Y O 0 -3 94 172 31 -63
O U 0 2 172 141 109 -63
U Space -3 3 141 94 125 -16
Space B 1 -1 94 94 1981 1887
B E 2 2 94 93 219 125
E L -1 -6 93 94 296 203
L I 1 1 94 140 63 -31
I E 0 5 140 94 249 109
E V -2 -1 94 63 343 249
V E 2 1 63 78 94 31
E Space -3 -1 78 109 5819 5741
Space I 3 -4 109 93 390 281
I S -1 6 93 78 218 125
S Space -2 -2 78 93 94 16
Space G 2 -1 93 62 499 406
G R 1 1 62 125 218 156
R E 0 1 125 78 156 31
E A -1 2 78 109 125 47
A T 1 -4 109 125 78 -31
T Space -3 1 125 78 125 0
Space W 3 2 78 78 624 546
W O 0 -7 78 78 359 281
O R 0 5 78 94 93 15
R K -1 -4 94 125 94 0
K OemPeriod -1 -1 125 109 5351 5226
OemPeriod Space -1 5 109 109 109 0
Space Space 0 0 109 15 19407 19298
Space Space 0 0 15 62 109 94
Space Back 4 -9 62 109 811 749
Back Back 0 0 109 109 702 593
Back LShiftKey -3 13 109 312 889 780
LShiftKey A 1 -1 312 94 281 -31
A N -1 -5 94 78 296 202
N D 1 3 78 78 312 234
D Space -2 -1 78 63 125 47
Space T 3 -1 63 109 281 218
T H -1 -1 109 109 78 -31
H E 1 3 109 78 172 63
E W 0 1 78 62 0 -78
W Space -3 -2 62 62 234 172
Space Back 4 -9 62 78 717 655
Back Back 0 0 78 78 141 63
Back Space -4 9 78 110 2386 2308
Space O 3 -5 110 109 687 577
O N -2 3 109 203 78 -31
N L 1 -3 203 234 171 -32
L Y 1 3 234 140 172 -62
Y Space -3 2 140 93 125 -15
Space W 3 2 93 78 483 390
W A -1 1 78 125 203 125
A Y 1 -5 125 78 125 0
Y Space -3 2 78 78 62 -16
Space T 3 -1 78 94 1763 1685
T O 0 -4 94 93 141 47
O Space -3 5 93 93 78 -15
Space D 2 1 93 110 202 109
D O 1 -6 110 109 110 0
O Space -3 5 109 78 93 -16
Space G 2 -1 78 78 1248 1170
G R 1 1 78 78 250 172
R E 0 1 78 62 187 109
E A -1 2 62 125 47 -15
A T 1 -4 125 94 140 15
T Space -3 1 94 63 109 15
Space W 3 2 63 94 546 483
W O 0 -7 94 94 125 31
O R 0 5 94 94 187 93
R K -1 -4 94 110 234 140
K Space -2 4 110 78 110 0
Space I 3 -4 78 93 1357 1279
I S -1 6 93 78 109 16
S Space -2 -2 78 78 78 0
Space T 3 -1 78 94 296 218
T O 0 -4 94 78 125 31
O Space -3 5 78 93 63 -15
Space L 2 -5 93 141 280 187
L O 1 0 141 94 125 -16
O V -2 5 94 62 281 187
V E 2 1 62 94 78 16
E Space -3 -1 94 78 156 62
Space W 3 2 78 78 1248 1170
W H -1 -4 78 78 187 109
H A 0 5 78 78 109 31
A T 1 -4 78 63 125 47
T Space -3 1 63 63 78 15
Space Y 3 -2 63 125 1264 1201
Y O 0 -3 125 156 62 -63
O U 0 2 156 125 94 -62
U Space -3 3 125 94 93 -32
Space D 2 1 94 94 359 265
D O 1 -6 94 78 94 0
O OemPeriod -2 0 78 93 468 390
OemPeriod Space -1 5 93 94 795 702
Space LShiftKey 1 4 94 530 266 172
LShiftKey I 2 -8 530 63 483 -47
I F -1 4 63 78 390 327
F Space -2 0 78 78 94 16
Space Y 3 -2 78 140 312 234
Y O 0 -3 140 171 78 -62
O U 0 2 171 140 109 -62
U Space -3 3 140 94 109 -31
Space H 2 -2 94 78 1357 1263
H A 0 5 78 94 94 16
A V -1 -3 94 78 172 78
V E 2 1 78 78 218 140
E N -2 -3 78 78 265 187
N Oem7 1 -5 78 109 515 437
Oem7 T 1 6 109 78 265 156
T Space -3 1 78 94 125 47
Space F 2 0 94 78 1170 1076
F O 1 -5 78 140 156 78
O U 0 2 140 78 125 -15
U N -2 1 78 78 265 187
N D 1 3 78 78 328 250
D Space -2 -1 78 78 109 31
Space I 3 -4 78 94 1809 1731
I T 0 3 94 93 219 125
T Space -3 1 93 94 109 16
Space Y 3 -2 94 78 296 202
Y E 0 3 78 93 297 219
E T 0 -2 93 78 125 32
T Space -3 1 78 78 62 -16
Space Back 4 -9 78 78 562 484
Back Oemcomma -3 5 78 78 421 343
Oemcomma Space -1 4 78 94 93 15
Space K 2 -4 94 78 687 593
K E 1 5 78 78 140 62
E E 0 0 78 78 187 109
E P 0 -7 78 109 125 47
P Space -3 6 109 78 109 0
Space L 2 -5 78 125 1092 1014
L O 1 0 125 78 203 78
O O 0 0 78 78 156 78
O K -1 1 78 78 203 125
K I 1 0 78 109 156 78
I N -2 2 109 93 125 16
N G 1 1 93 94 249 156
G OemPeriod -1 -4 94 63 1014 920
OemPeriod LShiftKey 0 9 63 250 390 327
LShiftKey Space -1 -4 250 93 453 203
Space LShiftKey 1 4 93 375 171 78
LShiftKey D 1 -3 375 125 297 -78
D O 1 -6 125 62 187 62
O N -2 3 62 93 172 110
N Oem7 1 -5 93 94 530 437
Oem7 T 1 6 94 93 172 78
T Space -3 1 93 78 124 31
Space S 2 2 78 78 780 702
S E 1 -1 78 62 219 141
E T 0 -2 62 78 577 515
T T 0 0 78 78 156 78
T L -1 -4 78 94 858 780
L E 1 6 94 94 109 15
E OemPeriod -2 -6 94 78 297 203
OemPeriod Space -1 5 78 93 3151 3073
Space LShiftKey 1 4 93 484 171 78
LShiftKey A 1 -1 484 109 453 -31
A S 0 -1 109 93 203 94
S Space -2 -2 93 94 140 47
Space W 3 2 94 78 1669 1575
W I 0 -6 78 78 141 63
I T 0 3 78 93 265 187
T H -1 -1 93 93 78 -15
H Space -2 2 93 93 78 -15
Space A 2 3 93 78 296 203
A L 0 -8 78 78 187 109
L L 0 0 78 94 156 78
L Space -2 5 94 94 94 0
Space M 1 -3 94 78 234 140
M A 1 6 78 93 125 47
A T 1 -4 93 78 265 172
T T 0 0 78 63 140 62
T E 0 2 63 78 78 15
E R 0 -1 78 78 110 32
R S -1 2 78 78 171 93
S Space -2 -2 78 78 63 -15
Space O 3 -5 78 94 1544 1466
O F -1 5 94 62 125 31
F Space -2 0 62 78 78 16
Space T 3 -1 78 109 187 109
T H -1 -1 109 109 94 -15
H E 1 3 109 78 78 -31
E Space -3 -1 78 93 78 0
Space H 2 -2 93 78 468 375
H E 1 3 78 78 156 78
E A -1 2 78 110 202 124
A R 1 -3 110 78 156 46
R T 0 -1 78 94 359 281
T Space -3 1 94 62 141 47
Space Back 4 -9 62 78 2184 2122
Back Oemcomma -3 5 78 78 686 608
Oemcomma Space -1 4 78 109 94 16
Space Y 3 -2 109 125 202 93
Y O 0 -3 125 172 94 -31
O U 0 2 172 125 109 -63
U Oem7 -1 -4 125 62 2013 1888
Oem7 L 0 2 62 94 296 234
L L 0 0 94 109 156 62
L Space -2 5 109 93 94 -15
Space K 2 -4 93 203 655 562
K N -1 2 203 156 62 -141
N O 2 -3 156 110 109 -47
O W 0 7 110 94 203 93
W Space -3 -2 94 78 109 15
Space W 3 2 78 78 1311 1233
W H -1 -4 78 78 109 31
H E 1 3 78 62 156 78
E N -2 -3 62 109 109 47
N Space -1 2 109 63 109 0
Space Y 3 -2 63 140 1280 1217
Y O 0 -3 140 156 93 -47
O U 0 2 156 125 94 -62
U Space -3 3 125 78 93 -32
Space F 2 0 78 93 609 531
F I 1 -4 93 109 109 16
I N -2 2 109 78 203 94
N D 1 3 78 78 343 265
D Space -2 -1 78 78 94 16
Space I 3 -4 78 93 156 78
I T 0 3 93 78 218 125
T OemPeriod -2 -4 78 78 1326 1248
OemPeriod Space -1 5 78 94 187 109
Space LShiftKey 1 4 94 515 250 156
LShiftKey A 1 -1 515 125 312 -203
A N -1 -5 125 63 218 93
N D 1 3 63 62 983 920
D Oemcomma -1 -5 62 78 2293 2231
Oemcomma Space -1 4 78 63 78 0
Space I 3 -4 63 125 468 405
I Back 1 -5 125 110 499 374
Back L -2 4 110 125 780 670
L I 1 1 125 110 78 -47
I E 0 5 110 78 250 140
E Back 1 -10 78 78 515 437
Back K -2 5 78 94 920 842
K E 1 5 94 94 125 31
E Space -3 -1 94 78 94 0
Space A 2 3 78 109 2324 2246
A N -1 -5 109 78 94 -15
N Y 2 0 78 94 202 124
Y Space -3 2 94 78 110 16
Space G 2 -1 78 78 670 592
G R 1 1 78 94 203 125
R E 0 1 94 62 297 203
E A -1 2 62 94 374 312
A T 1 -4 94 93 125 31
T Space -3 1 93 78 109 16
Space R 3 0 78 78 1825 1747
R E 0 1 78 93 172 94
E L -1 -6 93 94 187 94
L A 0 8 94 94 156 62
A T 1 -4 94 31 437 343
T I 0 -3 31 140 156 125
I O 0 -1 140 125 109 -31
O N -2 3 125 109 125 0
N S 1 4 109 109 468 359
S H 0 -4 109 109 156 47
H I 1 -2 109 94 171 62
I P 0 -2 94 78 359 265
P Oemcomma -2 2 78 110 1435 1357
Oemcomma Space -1 4 110 94 78 -32
Space I 3 -4 94 78 390 296
I T 0 3 78 94 203 125
T Space -3 1 94 63 109 15
Space J 2 -3 63 93 1233 1170
J U 1 0 93 78 171 78
U S -1 5 78 62 141 63
S T 1 -3 62 94 93 31
T Space -3 1 94 63 78 -16
Space G 2 -1 63 78 1264 1201
G E 1 2 78 78 125 47
E T 0 -2 78 94 62 -16
T S -1 3 94 110 187 93
S Space -2 -2 110 78 125 15
Space B 1 -1 78 78 1295 1217
B E 2 2 78 78 140 62
E T 0 -2 78 62 172 94
T T 0 0 62 62 156 94
T E 0 2 62 78 109 47
E R 0 -1 78 93 94 16
R Space -3 0 93 78 93 0
Space A 2 3 78 78 858 780
A N -1 -5 78 93 110 32
N D 1 3 93 78 171 78
D Space -2 -1 78 78 94 16
Space B 1 -1 78 78 468 390
B E 2 2 78 78 125 47
E T 0 -2 78 78 124 46
T T 0 0 78 78 156 78
T E 0 2 78 78 110 32
E R 0 -1 78 78 93 15
R Space -3 0 78 62 94 16
Space A 2 3 62 109 936 874
A S 0 -1 109 78 265 156
S Space -2 -2 78 93 94 16
Space T 3 -1 93 125 187 94
T H -1 -1 125 94 109 -16
H E 1 3 94 94 187 93
E Space -3 -1 94 78 453 359
Space Y 3 -2 78 94 452 374
Y E 0 3 94 94 109 15
E A -1 2 94 125 250 156
A R 1 -3 125 62 234 109
R S -1 2 62 78 172 110
S Space -2 -2 78 63 93 15
Space R 3 0 63 78 1529 1466
R O 0 -5 78 78 125 47
O L -1 0 78 78 546 468
L L 0 0 78 94 140 62
L Space -2 5 94 109 94 0
Space O 3 -5 109 78 374 265
O N -2 3 78 78 281 203
N OemPeriod 0 -3 78 93 827 749
OemPeriod Space -1 5 93 93 234 141
Space LShiftKey 1 4 93 375 171 78
LShiftKey S 1 -2 375 125 281 -94
S O 1 -7 125 93 141 16
O Space -3 5 93 93 156 63
Space K 2 -4 93 93 390 297
K E 1 5 93 94 358 265
E E 0 0 94 78 188 94
E P 0 -7 78 125 93 15
P Space -3 6 125 93 172 47
Space L 2 -5 93 110 717 624
L O 1 0 110 94 125 15
O O 0 0 94 78 141 47
O K -1 1 78 63 202 124
K I 1 0 63 94 156 93
I N -2 2 94 94 125 31
N G 1 1 94 110 265 171
G Space -2 1 110 78 94 -16
Space U 3 -3 78 78 1139 1061
U N -2 1 78 93 515 437
N T 2 1 93 78 842 749
T I 0 -3 78 94 140 62
I L -1 -1 94 156 250 156
L Space -2 5 156 109 827 671
Space Y 3 -2 109 109 1544 1435
Y O 0 -3 109 156 78 -31
O U 0 2 156 109 94 -62
U Space -3 3 109 47 109 0
Space F 2 0 47 94 468 421
F I 1 -4 94 94 140 46
I N -2 2 94 94 172 78
N D 1 3 94 78 265 171
D Space -2 -1 78 78 156 78
Space I 3 -4 78 109 1217 1139
I T 0 3 109 93 172 63
T OemPeriod -2 -4 93 78 826 733
OemPeriod Space -1 5 78 78 250 172
Space LShiftKey 1 4 78 546 156 78
LShiftKey D 1 -3 546 110 452 -94
D O 1 -6 110 78 234 124
O N -2 3 78 63 234 156
N Oem7 1 -5 63 78 546 483
Oem7 T 1 6 78 78 375 297
T Space -3 1 78 109 31 -47
Space S 2 2 109 78 889 780
S E 1 -1 78 63 234 156
E T 0 -2 63 109 531 468
T T 0 0 109 78 187 78
T L -1 -4 78 78 671 593
L E 1 6 78 62 140 62
E OemPeriod -2 -6 62 78 343 281
OemPeriod S 1 7 78 156 1794 1716
S S 0 0 156 171 1467 1311
