D3 D1 0 2 94 93 297 203
D1 D1 0 0 93 93 156 63
D1 D8 0 -7 93 109 499 406
D8 Return -2 -4 109 78 1778 1669
Return M -1 5 78 78 31637 31559
M Y 2 1 78 62 203 125
Y Space -3 2 62 93 172 110
Space S 2 2 93 94 920 827
S E 1 -1 94 78 187 93
E C -2 0 78 63 234 156
C O 2 -6 63 94 187 124
O N -2 3 94 78 188 94
N D 1 3 78 78 265 187
D Space -2 -1 78 63 140 62
Space S 2 2 63 47 343 280
S T 1 -3 47 62 266 219
T O 0 -4 62 78 780 718
O R 0 5 78 78 124 46
R Y 0 -2 78 78 110 32
Y LShiftKey -2 6 78 296 1747 1669
LShiftKey M 0 -7 296 78 187 -109
M Space -1 3 78 78 2293 2215
Space I 3 -4 78 62 921 843
I S -1 6 62 63 93 31
S Space -2 -2 63 78 78 15
Space A 2 3 78 78 125 47
A B -1 -4 78 93 125 47
B O 2 -4 93 156 203 110
O U 0 2 156 78 202 46
U T 0 2 78 63 125 47
T Space -3 1 63 94 78 15
Space L 2 -5 94 62 1685 1591
L O 1 0 62 46 172 110
O V -2 5 46 93 234 188
V E 2 1 93 93 78 -15
E Space -3 -1 93 78 156 63
Space A 2 3 78 78 109 31
A N -1 -5 78 78 78 0
N D 1 3 78 109 156 78
D Space -2 -1 109 78 187 78
Space L 2 -5 78 109 250 172
L S 0 7 109 63 327 218
S Back 2 -11 63 78 889 826
Back O -1 4 78 63 359 281
O S -1 7 63 47 125 62
S S 0 0 47 63 140 93
S OemPeriod -1 -7 63 78 328 265
OemPeriod Return 1 -3 78 78 218 140
Return LShiftKey -1 12 78 281 2340 2262
LShiftKey I 2 -8 281 78 188 -93
I Space -3 4 78 78 171 93
Space W 3 2 78 140 203 125
W A -1 1 140 140 156 16
A S 0 -1 140 124 94 -46
S Space -2 -2 124 78 140 16
Space L 2 -5 78 78 577 499
L U 1 2 78 109 234 156
U C -2 4 109 47 468 359
C K 1 -5 47 78 78 31
K Y 1 2 78 78 312 234
Y OemMinus 1 -5 78 63 1326 1248
OemMinus Space -4 7 63 31 359 296
Space LShiftKey 1 4 31 312 499 468
LShiftKey I 2 -8 312 78 187 -125
I F -1 4 78 62 297 219
F O 1 -5 62 63 140 78
O U 0 2 63 109 234 171
U N -2 1 109 78 203 94
N D 1 3 78 62 250 172
D Space -2 -1 62 78 93 31
Space W 3 2 78 109 1685 1607
W H -1 -4 109 109 203 94
H A 0 5 109 94 171 62
A T 1 -4 94 78 94 0
T Space -3 1 78 94 218 140
Space LShiftKey 1 4 94 234 1077 983
LShiftKey I 2 -8 234 62 156 -78
I Space -3 4 62 78 171 109
Space L 2 -5 78 63 203 125
L O 1 0 63 62 172 109
O V -2 5 62 78 265 203
V E 2 1 78 62 172 94
E D -1 0 62 78 187 125
D Space -2 -1 78 78 156 78
Space Space 0 0 78 141 4383 4305
Space T 3 -1 141 63 2262 2121
T O 0 -4 63 78 141 78
O Space -3 5 78 78 171 93
Space D 2 1 78 63 203 125
D O 1 -6 63 78 109 46
O Space -3 5 78 94 172 94
Space E 3 1 94 109 1685 1591
E A -1 2 109 125 62 -47
A R 1 -3 125 78 515 390
R L -1 -5 78 94 218 140
L Y 1 3 94 63 156 62
Y Space -3 2 63 125 94 31
Space I 3 -4 125 94 187 62
I N -2 2 94 78 141 47
N Space -1 2 78 78 171 93
Space L 2 -5 78 94 187 109
L I 1 1 94 31 250 156
I F -1 4 31 94 265 234
F E 1 1 94 93 63 -31
E OemPeriod -2 -6 93 78 390 297
OemPeriod LShiftKey 0 9 78 375 1575 1497
LShiftKey W 2 -2 375 140 219 -156
W O 0 -7 140 78 249 109
O Z -2 8 78 93 250 172
Z Space -1 -3 93 62 187 94
Space A 2 3 62 93 94 32
A N -1 -5 93 62 109 16
N D 1 3 62 78 125 63
D Space -2 -1 78 78 140 62
Space LShiftKey 1 4 78 203 265 187
LShiftKey I 2 -8 203 78 141 -62
I Space -3 4 78 78 171 93
Space S 2 2 78 93 640 562
S T 1 -3 93 63 249 156
T A -1 4 63 78 94 31
A R 1 -3 78 63 109 31
R T 0 -1 63 78 172 109
T E 0 2 78 78 140 62
E D -1 0 78 78 172 94
D Space -2 -1 78 78 109 31
Space LShiftKey 1 4 78 375 234 156
LShiftKey A 1 -1 375 156 187 -188
A P 1 -9 156 141 390 234
P L -1 1 141 124 110 -31
L L 0 0 124 62 312 188
L E 1 6 62 78 218 156
E Back 1 -10 78 63 1778 1700
Back Back 0 0 63 63 156 93
Back Back 0 0 63 78 359 296
Back P -1 3 78 124 531 453
P L -1 1 124 109 78 -46
L E 1 6 109 78 140 31
E Space -3 -1 78 78 156 78
Space I 3 -4 78 93 3292 3214
I N -2 2 93 94 171 78
N Space -1 2 94 78 780 686
Space M 1 -3 78 109 297 219
M Y 2 1 109 78 249 140
Y Space -3 2 78 93 141 63
Space P 3 -6 93 78 202 109
P A -1 9 78 78 94 16
A R 1 -3 78 125 218 140
R E 0 1 125 94 78 -47
E N -2 -3 94 78 141 47
N T 2 1 78 62 156 78
T Oem7 -1 -6 62 62 671 609
Oem7 S 0 9 62 62 109 47
S Space -2 -2 62 94 1357 1295
Space G 2 -1 94 78 468 374
G A 0 4 78 78 94 16
A R 1 -3 78 62 156 78
R A -1 3 62 94 93 31
A G 0 -4 94 78 94 0
G E 1 2 78 63 140 62
E Space -3 -1 63 109 141 78
Space W 3 2 109 156 2028 1919
W H -1 -4 156 78 218 62
H E 1 3 78 32 218 140
E N -2 -3 32 93 63 31
N Space -1 2 93 78 203 110
Space LShiftKey 1 4 78 218 811 733
LShiftKey I 2 -8 218 78 140 -78
I Space -3 4 78 109 156 78
Space A 2 3 109 203 187 78
A S 0 -1 203 109 188 -15
S Space -2 -2 109 109 93 -16
Space Back 4 -9 109 94 655 546
Back Back 0 0 94 62 172 78
Back Back 0 0 62 78 140 78
Back W -1 11 78 140 141 63
W A -1 1 140 203 93 -47
A S 0 -1 203 140 500 297
S Space -2 -2 140 94 280 140
Space D2 4 2 94 93 531 437
D2 D0 0 -8 93 78 374 281
D0 OemPeriod -3 1 78 109 843 765
OemPeriod LShiftKey 0 9 109 312 1263 1154
LShiftKey W 2 -2 312 124 219 -93
W E 0 -1 124 78 234 110
E Space -3 -1 78 78 109 31
Space W 3 2 78 94 140 62
W O 0 -7 94 78 156 62
O R 0 5 78 94 546 468
R K -1 -4 94 109 297 203
K E 1 5 109 63 124 15
E D -1 0 63 94 156 93
D Space -2 -1 94 109 188 94
Space H 2 -2 109 109 530 421
H A 0 5 109 125 62 -47
A R 1 -3 125 78 188 63
Space A 2 3 140 125 249 109
A N -1 -5 125 62 219 94
N D 1 3 62 78 140 78
D Space -2 -1 78 93 94 16
Space I 3 -4 93 78 203 110
I N -2 2 78 62 140 62
N Space -1 2 62 94 156 94
Space D1 4 3 94 94 343 249
D1 D0 0 -9 94 78 219 125
D0 Space -4 6 78 78 218 140
Space Y 3 -2 78 78 390 312
Y E 0 3 78 125 62 -16
E A -1 2 125 156 141 16
A R 1 -3 156 109 187 31
R S -1 2 109 156 187 78
S Space -2 -2 156 109 250 94
Space LShiftKey 1 4 109 312 655 546
LShiftKey A 1 -1 312 172 156 -156
A P 1 -9 172 78 328 156
P P 0 0 78 109 156 78
P L -1 1 109 140 78 -31
L E 1 6 140 93 187 47
E Space -3 -1 93 93 125 32
Space H 2 -2 93 78 202 109
H A 0 5 78 141 125 47
A D 0 -2 141 78 141 0
D Space -2 -1 78 110 124 46
Space G 2 -1 110 172 468 358
G R 1 1 172 94 125 -47
R O 0 -5 94 63 234 140
O W 0 7 63 109 78 15
W N -2 -4 109 62 172 63
N Space -1 2 62 94 171 109
Space F 2 0 94 141 1248 1154
F R 1 0 141 78 94 -47
R O 0 -5 78 109 156 78
O M -2 2 109 125 203 94
M Space -1 3 125 94 249 124
Space J 2 -3 94 93 188 94
J U 1 0 93 78 171 78
U S -1 5 78 47 172 94
S T 1 -3 47 94 109 62
T Space -3 1 94 109 187 93
Space T 3 -1 109 78 265 156
T W 0 3 78 94 125 47
W O 0 -7 94 93 172 78
O Space -3 5 93 110 249 156
Space Back 4 -9 110 78 3058 2948
Back Back 0 0 78 63 187 109
Back Back 0 0 63 62 172 109
Back Back 0 0 62 63 171 109
Back Back 0 0 63 63 156 93
Back Space -4 9 63 93 531 468
Space T 3 -1 93 78 234 141
T H -1 -1 78 62 187 109
H E 1 3 62 47 125 63
E Space -3 -1 47 94 62 15
Space T 3 -1 94 47 265 171
T W 0 3 47 78 188 141
W O 0 -7 78 141 436 358
O Space -3 5 141 93 297 156
Space O 3 -5 93 93 1482 1389
O F -1 5 93 78 203 110
F Space -2 0 78 94 140 62
Space U 3 -3 94 94 234 140
U Space -3 3 94 125 187 93
Space I 3 -4 125 109 219 94
I N -2 2 109 94 140 31
N Space -1 2 94 94 187 93
Space Back 4 -9 94 94 889 795
Back Back 0 0 94 62 188 94
Back Back 0 0 62 62 156 94
Back Back 0 0 62 46 156 94
Back S -2 11 46 62 546 500
S Space -2 -2 62 125 140 78
Space I 3 -4 125 94 218 93
I N -2 2 94 78 141 47
N Space -1 2 78 93 156 78
Space A 2 3 93 63 171 78
A Space -2 -3 63 94 78 15
Space G 2 -1 94 94 780 686
G A 0 4 94 94 78 -16
A R 1 -3 94 78 156 62
R G -1 -1 78 62 219 141
G A 0 4 62 110 15 -47
A E 1 -2 110 78 234 124
E Back 1 -10 78 93 656 578
Back Back 0 0 93 62 187 94
Back Back 0 0 62 62 156 94
Back Back 0 0 62 47 140 78
Back R -1 9 47 78 889 842
R A -1 3 78 78 141 63
A G 0 -4 78 78 109 31
G E 1 2 78 62 125 47
E Space -3 -1 62 63 140 78
Space I 3 -4 63 93 2715 2652
I N -2 2 93 109 156 63
N Space -1 2 109 109 187 78
Space Back 4 -9 109 94 499 390
Back T -1 8 94 78 140 46
T O 0 -4 78 93 812 734
O Space -3 5 93 109 171 78
Space A 2 3 109 109 156 47
A Space -2 -3 109 93 141 32
Space D2 4 2 93 109 390 297
D2 LShiftKey -3 2 109 375 405 296
LShiftKey D4 3 -4 375 62 281 -94
D4 Space -4 0 62 109 203 141
Space B 1 -1 109 78 374 265
B I 2 -3 78 78 187 109
I L -1 -1 78 78 234 156
L L 0 0 78 109 125 47
L I 1 1 109 125 250 141
I O 0 -1 125 109 78 -47
O N -2 3 109 93 234 125
N Space -1 2 93 93 203 110
Space Left 0 -7 93 811 1029 936
Left Right 0 -2 811 47 1061 250
Right Back 4 0 47 140 671 624
Back Left -4 2 140 109 764 624
Left LShiftKey 1 11 109 1747 219 110
LShiftKey D4 3 -4 1747 62 1591 -156
D4 Right -4 -9 62 62 702 640
Right Right 0 0 62 62 156 94
Right Right 0 0 62 78 140 78
Right O 3 4 78 94 5585 5507
O M -2 2 94 94 140 46
M P 2 -3 94 109 172 78
P A -1 9 109 78 156 47
A N -1 -5 78 125 78 0
N Back 3 -7 125 670 1030 905
Back Back 0 0 670 94 842 172
Back Space -4 9 94 125 655 561
Space C 1 1 125 78 281 156
C O 2 -6 78 78 468 390
O M -2 2 78 94 140 62
M P 2 -3 94 78 203 109
P A -1 9 78 78 141 63
A N -1 -5 78 94 93 15
N Y 2 0 94 78 187 93
Y Space -3 2 78 78 203 125
Space W 3 2 78 109 546 468
W I 0 -6 109 94 125 16
I T 0 3 94 93 203 109
T H -1 -1 93 78 109 16
H Space -2 2 78 109 187 109
Space O 3 -5 109 78 1529 1420
O V -2 5 78 78 359 281
V E 2 1 78 78 140 62
E R 0 -1 78 63 187 109
R Space -3 0 63 78 125 62
Space D4 4 0 78 109 1888 1810
D4 Oemcomma -3 -4 109 94 374 265
Oemcomma D0 3 -2 94 78 343 249
D0 D0 0 0 78 78 156 78
D0 D0 0 0 78 63 156 78
D0 Space -4 6 63 125 468 405
Space E 3 1 125 109 1061 936
E M -2 -4 109 94 265 156
M P 2 -3 94 156 281 187
P L -1 1 156 125 109 -47
L O 1 0 125 78 234 109
O Y 0 3 78 62 640 562
Y E 0 3 62 78 140 78
E E 0 0 78 78 344 266
E S -1 1 78 94 218 140
S OemPeriod -1 -7 94 62 1482 1388
OemPeriod Space -1 5 62 62 250 188
Space LShiftKey 1 4 62 327 234 172
LShiftKey W 2 -2 327 140 218 -109
W E 0 -1 140 109 234 94
E Space -3 -1 109 78 140 31
Space H 2 -2 78 78 172 94
H A 0 5 78 141 109 31
A D 0 -2 141 94 125 -16
D Space -2 -1 94 93 172 78
Space H 2 -2 93 78 982 889
H Back 2 -7 78 78 656 578
Back J -2 6 78 109 327 249
J U 1 0 109 93 141 32
U S -1 5 93 62 187 94
S T 1 -3 62 78 47 -15
T Space -3 1 78 94 218 140
Space R 3 0 94 125 156 62
R E 0 1 125 125 47 -78
E L -1 -6 125 93 281 156
L E 1 6 93 140 140 47
E A -1 2 140 219 109 -31
A S 0 -1 219 140 172 -47
S E 1 -1 140 109 156 16
E D -1 0 109 156 187 78
D Space -2 -1 156 93 281 125
Space O 3 -5 93 78 2153 2060
O U 0 2 78 94 218 140
U R 0 3 94 78 234 140
R Space -3 0 78 94 156 78
Space F 2 0 94 94 218 124
F I 1 -4 94 109 422 328
I N -2 2 109 109 156 47
N E 2 3 109 63 171 62
E S -1 1 63 109 827 764
S T 1 -3 109 78 140 31
T Space -3 1 78 124 266 188
Space C 1 1 124 110 1450 1326
C R 2 -1 110 156 172 62
R E 0 1 156 110 218 62
E A -1 2 110 125 141 31
A T 1 -4 125 78 281 156
T I 0 -3 78 93 265 187
I I 0 0 93 140 203 110
I O 0 -1 140 140 62 -78
O N -2 3 140 109 250 110
N Back 3 -7 109 78 514 405
Back Back 0 0 78 78 141 63
Back Back 0 0 78 62 156 78
Back O -1 4 62 78 749 687
O N -2 3 78 78 171 93
N Space -1 2 78 94 2262 2184
Space OemMinus 4 -7 94 62 125 31
OemMinus Space -4 7 62 94 109 47
Space T 3 -1 94 63 312 218
T H -1 -1 63 63 187 124
H E 1 3 63 78 125 62
E Space -3 -1 78 78 78 0
Space LShiftKey 1 4 78 609 234 156
LShiftKey M 0 -7 609 78 515 -94
M A 1 6 78 125 203 125
A C -1 -2 125 109 312 187
C I 2 -5 109 78 234 125
I N -2 2 78 78 156 78
N T 2 1 78 94 140 62
T O 0 -4 94 94 109 15
O S -1 7 94 93 219 125
S H 0 -4 93 78 156 63
H Space -2 2 78 109 2075 1997
Space OemMinus 4 -7 109 78 312 203
OemMinus Space -4 7 78 78 124 46
Space Space 0 0 78 78 172 94
Space A 2 3 78 125 125 47
A Space -2 -3 125 109 343 218
Space Y 3 -2 109 109 1950 1841
Y E 0 3 109 172 47 -62
E A -1 2 172 156 125 -47
A R 1 -3 156 125 156 0
R Space -3 0 125 93 234 109
Space E 3 1 93 171 593 500
E A -1 2 171 188 124 -47
A R 1 -3 188 125 203 15
R L -1 -5 125 124 297 172
L I 1 1 124 78 249 125
I E 0 5 78 94 125 47
E R 0 -1 94 78 156 62
R Oemcomma -2 -4 78 63 2995 2917
Oemcomma Space -1 4 63 109 94 31
Space A 2 3 109 93 203 94
A N -1 -5 93 78 124 31
N D 1 3 78 109 110 32
D Space -2 -1 109 78 140 31
Space LShiftKey 1 4 78 203 265 187
LShiftKey I 2 -8 203 78 125 -78
I Space -3 4 78 93 172 94
Space H 2 -2 93 125 655 562
H A 0 5 125 156 218 93
A D 0 -2 156 109 141 -15
D Space -2 -1 109 124 156 47
Space J 2 -3 124 93 1794 1670
J U 1 0 93 93 156 63
U S -1 5 93 63 171 78
S T 1 -3 63 78 63 0
T Space -3 1 78 93 265 187
Space T 3 -1 93 78 499 406
T Y 0 -1 78 46 250 172
Y Back 1 -7 46 109 811 765
Back U -1 6 109 63 296 187
U R 0 3 63 78 125 62
R N -2 -2 78 63 140 62
N E 2 3 63 63 156 93
E D -1 0 63 78 172 109
D Space -2 -1 78 63 140 62
Space D2 4 2 63 78 1794 1731
D2 Back 0 -11 78 141 593 515
Back D3 0 10 141 109 172 31
D3 D0 0 -7 109 78 156 47
D0 OemPeriod -3 1 78 63 483 405
OemPeriod Space -1 5 63 63 234 171
Space LShiftKey 1 4 63 515 640 577
LShiftKey A 1 -1 515 203 296 -219
A N -1 -5 203 78 718 515
N D 1 3 78 78 109 31
D Space -2 -1 78 93 94 16
Space T 3 -1 93 78 421 328
T H -1 -1 78 78 172 94
H E 1 3 78 78 109 31
E M -2 -4 78 78 93 15
M N 0 1 78 47 16 -62
N Back 3 -7 47 78 1232 1185
Back Back 0 0 78 78 172 94
Back N -3 7 78 78 515 437
N Space -1 2 78 109 156 78
Space LShiftKey 1 4 109 234 624 515
LShiftKey I 2 -8 234 78 140 -94
I Space -3 4 78 78 172 94
Space G 2 -1 78 78 203 125
G O 1 -4 78 109 187 109
O T 0 4 109 78 234 125
T Space -3 1 78 78 125 47
Space F 2 0 78 78 624 546
F I 1 -4 78 78 187 109
I R 0 4 78 140 156 78
R E 0 1 140 109 78 -62
E D -1 0 109 124 203 94
D Oemcomma -1 -5 124 62 3307 3183
Oemcomma Back 3 -5 62 78 452 390
Back OemPeriod -3 4 78 78 297 219
OemPeriod Space -1 5 78 94 296 218
Space LShiftKey 1 4 94 203 203 109
LShiftKey H 1 -6 203 62 125 -78
H O 1 -3 62 78 156 94
O W 0 7 78 78 156 78
W Space -3 -2 78 78 124 46
Space C 1 1 78 141 156 78
C A 1 2 141 93 110 -31
A N -1 -5 93 62 140 47
N Space -1 2 62 94 140 78
Space Y 3 -2 94 124 266 172
Y O 0 -3 124 141 93 -31
O U 0 2 141 110 109 -32
U Space -3 3 110 93 219 109
Space G 2 -1 93 78 249 156
G E 1 2 78 110 156 78
E T 0 -2 110 62 63 -47
T Space -3 1 62 78 218 156
Space F 2 0 78 93 141 63
F I 1 -4 93 78 156 63
I R 0 4 78 93 156 78
R E 0 1 93 63 249 156
E D -1 0 63 78 141 78
D Space -2 -1 78 78 140 62
Space F 2 0 78 94 78 0
F R 1 0 94 94 109 15
R O 0 -5 94 94 125 31
O P 0 -1 94 31 16 -78
P M -2 3 31 62 140 109
M K 1 -1 62 31 16 -46
K Space -2 4 31 109 296 265
Space Back 4 -9 109 78 390 281
Back Back 0 0 78 62 156 78
Back Back 0 0 62 62 156 94
Back Back 0 0 62 78 140 78
Back Back 0 0 78 78 141 63
Back O -1 4 78 93 827 749
O M -2 2 93 78 140 47
M Space -1 3 78 78 156 78
Space A 2 3 78 94 140 62
A Space -2 -3 94 78 94 0
Space C 1 1 78 93 172 94
C O 2 -6 93 31 218 125
O M -2 2 31 78 94 63
M P 2 -3 78 63 171 93
P A -1 9 63 78 125 62
A N -1 -5 78 125 62 -16
N Y 2 0 125 93 188 63
Y Y 0 0 93 109 2886 2793
Y O 0 -3 109 125 124 15
O U 0 2 125 109 94 -31
U Space -3 3 109 94 234 125
Space S 2 2 94 94 140 46
S T 1 -3 94 78 640 546
T A -1 4 78 93 125 47
A R 1 -3 93 78 140 47
R T 0 -1 78 78 187 109
T E 0 2 78 78 125 47
E D -1 0 78 93 172 94
D Space -2 -1 93 156 671 578
Space RShiftKey 1 -7 156 171 187 31
RShiftKey OemQuestion 0 1 171 141 62 -109
OemQuestion Space -1 6 141 125 2496 2355
Space Back 4 -9 125 94 1747 1622
Back Left -4 2 94 124 2840 2746
Left Back 4 -2 124 78 327 203
Back Right -4 0 78 140 453 375
Right Space 0 9 140 31 2636 2496
Space LShiftKey 1 4 31 343 109 78
LShiftKey W 2 -2 343 125 265 -78
W E 0 -1 125 94 203 78
E L -1 -6 94 62 203 109
L L 0 0 62 93 125 63
L Space -2 5 93 78 234 141
Space Oemcomma 1 -4 78 109 905 827
Oemcomma Space -1 4 109 78 327 218
Space A 2 3 78 125 265 187
A S 0 -1 125 141 78 -47
S Space -2 -2 141 78 188 47
Space LShiftKey 1 4 78 250 358 280
LShiftKey A 1 -1 250 156 125 -125
A P 1 -9 156 78 265 109
P P 0 0 78 93 141 63
P L -1 1 93 78 140 47
L E 1 6 78 109 796 718
E Space -3 -1 109 78 187 78
Space G 2 -1 78 62 702 624
G R 1 1 62 109 94 32
R E 0 1 109 78 78 -31
E W 0 1 78 125 202 124
W Space -3 -2 125 78 219 94
Space W 3 2 78 94 187 109
W E 0 -1 94 62 172 78
E Space -3 -1 62 78 140 78
Space H 2 -2 78 94 452 374
H I 1 -2 94 94 468 374
I R 0 4 94 78 125 31
R E 0 1 78 94 187 109
E D -1 0 94 94 172 78
D Space -2 -1 94 78 187 93
Space S 2 2 78 109 4259 4181
S P 1 -8 109 94 234 125
P Back 1 -3 94 109 421 327
Back O -1 4 109 78 328 219
O M -2 2 78 62 156 78
M E 2 4 62 78 156 94
E O 0 -6 78 62 187 109
O N -2 3 62 109 156 94
N E 2 3 109 63 218 109
E Space -3 -1 63 78 125 62
Space W 3 2 78 188 655 577
W E 0 -1 188 125 156 -32
E Space -3 -1 125 109 219 94
Space Back 4 -9 109 94 842 733
Back Back 0 0 94 78 187 93
Back H -2 7 78 78 671 593
H O 1 -3 78 94 187 109
O Space -3 5 94 109 437 343
Space LShiftKey 1 4 109 234 265 156
LShiftKey I 2 -8 234 78 156 -78
I Space -3 4 78 109 172 94
Space T 3 -1 109 94 390 281
T H -1 -1 94 172 140 46
H O 1 -3 172 187 266 94
O G -1 4 187 78 452 265
G Back 2 -8 78 125 452 374
Back U -1 6 125 78 500 375
U G -1 2 78 78 187 109
G H 0 -1 78 78 156 78
H T 1 1 78 78 140 62
T Space -3 1 78 93 94 16
Space W 3 2 93 202 281 188
W A -1 1 202 203 171 -31
A S 0 -1 203 141 156 -47
S Space -2 -2 141 109 141 0
Space V 1 0 109 78 920 811
V E 2 1 78 78 156 78
E R 0 -1 78 78 172 94
R Y 0 -2 78 94 140 62
Y Space -3 2 94 78 187 93
Space T 3 -1 78 78 172 94
T A -1 4 78 94 109 31
A L 0 -8 94 63 187 93
L E 1 6 63 93 94 31
E N -2 -3 93 78 171 78
N T 2 1 78 109 266 188
T E 0 2 109 109 187 78
E D -1 0 109 78 203 94
D Space -2 -1 78 93 156 78
Space T 3 -1 93 78 2776 2683
T O 0 -4 78 125 484 406
O Space -3 5 125 93 203 78
Space R 3 0 93 63 140 47
R U 0 -3 63 109 78 15
U N -2 1 109 93 141 32
N Space -1 2 93 94 171 78
Space T 3 -1 94 94 125 31
T H -1 -1 94 78 109 15
H E 1 3 78 94 125 47
E Space -3 -1 94 94 109 15
Space C 1 1 94 78 203 109
C O 2 -6 78 78 218 140
O M -2 2 78 109 1077 999
M P 2 -3 109 94 265 156
P A -1 9 94 94 156 62
A N -1 -5 94 32 140 46
N M 0 -1 32 16 0 -32
M Back 3 -6 16 78 1217 1201
Back Y -1 7 78 78 624 546
Y Space -3 2 78 109 172 94
Space W 3 2 109 78 749 640
W I 0 -6 78 93 156 78
I T 0 3 93 62 156 63
T H -1 -1 62 78 93 31
H Space -2 2 78 78 172 94
Space M 1 -3 78 78 187 109
M E 2 4 78 63 109 31
E Oemcomma -2 -5 63 78 3276 3213
Oemcomma Space -1 4 78 78 203 125
Space A 2 3 78 109 156 78
A N -1 -5 109 63 140 31
N D 1 3 63 94 125 62
D Space -2 -1 94 94 125 31
Space F 2 0 94 78 187 93
F O 1 -5 78 94 156 78
O R 0 5 94 93 250 156
R Space -3 0 93 78 156 63
Space T 3 -1 78 78 125 47
T H -1 -1 78 63 124 46
H E 1 3 63 94 94 31
E Space -3 -1 94 78 156 62
Space F 2 0 78 78 140 62
F R 1 0 78 78 234 156
R Back 1 -9 78 140 453 375
Back I -1 5 140 63 296 156
I R 0 4 63 78 187 124
R D -1 1 78 78 219 141
D T 1 -2 78 93 125 47
T Space -3 1 93 93 234 141
Space Back 4 -9 93 78 390 297
Back Back 0 0 78 78 140 62
Back Back 0 0 78 78 156 78
Back Back 0 0 78 94 468 390
Back S -2 11 94 78 203 109
S T 1 -3 78 78 390 312
T Space -3 1 78 47 312 234
Space Back 4 -9 47 94 343 296
Back Back 0 0 94 78 156 62
Back Back 0 0 78 78 156 78
Back R -1 9 78 78 749 671
R S -1 2 78 109 203 125
S T 1 -3 109 78 171 62
T Space -3 1 78 93 172 94
Space Y 3 -2 93 93 359 266
Y E 0 3 93 140 78 -15
E A -1 2 140 156 124 -16
A R 1 -3 156 94 156 0
R Space -3 0 94 109 4649 4555
Space O 3 -5 109 125 359 250
O R 0 5 125 62 250 125
R Space -3 0 62 94 93 31
Space S 2 2 94 78 141 47
S O 1 -7 78 94 124 46
O Space -3 5 94 93 188 94
Space T 3 -1 93 78 124 31
T H -1 -1 78 125 156 78
H I 1 -2 125 125 63 -62
I N -2 2 125 94 187 62
N G 1 1 94 78 156 62
G S 0 3 78 110 218 140
S Space -2 -2 110 109 172 62
Space W 3 2 109 140 1061 952
W E 0 -1 140 93 156 16
E N -2 -3 93 78 234 141
N T 2 1 78 78 93 15
T Space -3 1 78 94 125 47
Space W 3 2 94 141 156 62
W E 0 -1 141 78 141 0
E L -1 -6 78 203 374 296
L L 0 0 203 78 1404 1201
L OemPeriod -1 0 78 94 156 78
OemPeriod Space -1 5 94 93 328 234
Space LShiftKey 1 4 93 531 3057 2964
LShiftKey B 0 -5 531 78 422 -109
B U 2 -2 78 78 187 109
U T 0 2 78 78 187 109
T Space -3 1 78 93 94 16
Space T 3 -1 93 78 140 47
T H -1 -1 78 78 109 31
H E 1 3 78 62 141 63
E W 0 1 62 31 15 -47
W N -2 -4 31 78 78 47
N Space -1 2 78 63 187 109
Space Back 4 -9 63 62 422 359
Back Back 0 0 62 78 124 62
Back Back 0 0 78 78 156 78
Back Back 0 0 78 62 328 250
Back N -3 7 62 62 874 812
N Back 3 -7 62 93 858 796
Back E -1 10 93 78 156 63
E N -2 -3 78 109 249 171
N Space -1 2 109 78 203 94
Space O 3 -5 78 172 187 109
O U 0 2 172 94 156 -16
U R 0 3 94 78 156 62
R Space -3 0 78 78 141 63
Space V 1 0 78 94 327 249
V I 2 -4 94 78 234 140
I S -1 6 78 78 141 63
S I 1 -6 78 125 124 46
I O 0 -1 125 110 78 -47
O N -2 3 110 78 203 93
N S 1 4 78 78 125 47
S Space -2 -2 78 62 94 16
Space F 2 0 62 94 452 390
F O 1 -5 94 78 172 78
O R 0 5 78 93 156 78
R Space -3 0 93 94 124 31
Space T 3 -1 94 94 156 62
T H -1 -1 94 78 141 47
H E 1 3 78 78 140 62
E Space -3 -1 78 78 156 78
Space Back 4 -9 78 78 1513 1435
Back Back 0 0 78 78 188 110
Back Back 0 0 78 94 171 93
Back Back 0 0 94 63 187 93
Back Back 0 0 63 62 172 109
Back Back 0 0 62 78 156 94
Back Back 0 0 78 93 172 94
Back Back 0 0 93 78 468 375
Back O -1 4 78 93 421 343
O F -1 5 93 94 218 125
F Space -2 0 94 93 94 0
Space T 3 -1 93 94 296 203
T H -1 -1 94 78 187 93
H E 1 3 78 78 125 47
E Space -3 -1 78 78 94 16
Space F 2 0 78 93 749 671
F U 1 -3 93 78 780 687
U T 0 2 78 94 202 124
T U 0 -2 94 78 110 16
U E 0 4 78 47 202 124
E Back 1 -10 47 78 406 359
Back R -1 9 78 109 78 0
R E 0 1 109 94 62 -47
E Space -3 -1 94 109 203 109
Space B 1 -1 109 78 1701 1592
B E 2 2 78 125 358 280
E G -1 -2 125 63 234 109
G A 0 4 63 124 110 47
A B -1 -4 124 109 405 281
B Space -1 1 109 94 234 125
Space Back 4 -9 94 62 437 343
Back Back 0 0 62 63 140 78
Back N -3 7 63 93 968 905
N Space -1 2 93 94 327 234
Space T 3 -1 94 93 297 203
T O 0 -4 93 78 202 109
O Space -3 5 78 78 188 110
Space D 2 1 78 78 218 140
D I 1 -5 78 78 203 125
I V -2 4 78 109 390 312
V E 2 1 109 125 218 109
E R 0 -1 125 109 94 -31
R G -1 -1 109 109 218 109
G E 1 2 109 109 156 47
E Space -3 -1 109 93 1623 1514
Space A 2 3 93 156 889 796
A N -1 -5 156 94 327 171
N D 1 3 94 93 110 16
D Space -2 -1 93 94 124 31
Space E 3 1 94 94 172 78
E V -2 -1 94 109 265 171
V E 2 1 109 78 125 16
E N -2 -3 78 78 172 94
N T 2 1 78 78 265 187
T U 0 -2 78 78 218 140
U A -1 6 78 93 141 63
A L 0 -8 93 78 873 780
L L 0 0 78 78 156 78
L Y 1 3 78 78 250 172
Y Space -3 2 78 94 171 93
Space E 3 1 94 156 234 140
E R 0 -1 156 93 110 -46
R Back 1 -9 93 78 436 343
Back Back 0 0 78 78 141 63
Back E -1 10 78 172 140 62
E W 0 1 172 109 94 -78
W Space -3 -2 109 93 125 16
Space Back 4 -9 93 125 826 733
Back Back 0 0 125 78 203 78
Back Back 0 0 78 78 156 78
Back W -1 11 78 187 640 562
W E 0 -1 187 109 140 -47
E Space -3 -1 109 94 125 16
Space H 2 -2 94 78 172 78
H A 0 5 78 125 109 31
A D 0 -2 125 93 125 0
D Space -2 -1 93 62 140 47
Space A 2 3 62 93 94 32
A Space -2 -3 93 63 124 31
Space F 2 0 63 78 500 437
F A 0 3 78 78 93 15
A L 0 -8 78 62 203 125
L L 0 0 62 78 140 78
L I 1 1 78 94 203 125
I N -2 2 94 93 141 47
N G 1 1 93 78 171 78
G Space -2 1 78 156 94 16
Space O 3 -5 156 156 343 187
O U 0 2 156 78 187 31
U T 0 2 78 78 125 47
T OemPeriod -2 -4 78 78 1778 1700
OemPeriod Space -1 5 78 78 172 94
Space LShiftKey 1 4 78 468 312 234
LShiftKey W 2 -2 468 62 312 -156
W H -1 -4 62 94 452 390
H A 0 5 94 93 141 47
A T 1 -4 93 78 78 -15
T Space -3 1 78 93 234 156
Space W 3 2 93 140 437 344
W E 0 -1 140 141 93 -47
E Space -3 -1 141 94 187 46
Space D 2 1 94 78 765 671
D I 1 -5 78 78 156 78
I D -1 5 78 78 109 31
D Oemcomma -1 -5 78 78 811 733
Oemcomma Space -1 4 78 78 219 141
Space O 3 -5 78 125 1513 1435
O U 0 2 125 94 218 93
U R 0 3 94 109 312 218
R Space -3 0 109 93 219 110
Space LShiftKey 1 4 93 218 234 141
LShiftKey B 0 -5 218 94 124 -94
B O 2 -4 94 78 234 140
O A -1 8 78 172 406 328
A R 1 -3 172 94 187 15
R D -1 1 94 110 187 93
D Space -2 -1 110 78 203 93
Space O 3 -5 78 140 375 297
O F -1 5 140 78 265 125
F Space -2 0 78 94 140 62
Space LShiftKey 1 4 94 234 187 93
LShiftKey D 1 -3 234 110 156 -78
D I 1 -5 110 63 203 93
I R 0 4 63 109 141 78
R E 0 1 109 94 62 -47
E C -2 0 94 93 203 109
C T 2 -2 93 93 203 110
T O 0 -4 93 63 171 78
O E 0 6 63 93 94 31
E S -1 1 93 78 203 110
S Space -2 -2 78 78 156 78
Space Back 4 -9 78 78 468 390
Back Back 0 0 78 62 156 78
Back Back 0 0 62 78 140 78
Back R -1 9 78 78 686 608
R S -1 2 78 78 110 32
S Space -2 -2 78 109 156 78
Space S 2 2 109 140 1076 967
S I 1 -6 140 63 218 78
I D -1 5 63 140 94 31
D E 1 0 140 109 78 -62
E D -1 0 109 109 156 47
D Space -2 -1 109 63 187 78
Space W 3 2 63 156 219 156
W I 0 -6 156 109 218 62
I T 0 3 109 109 187 78
T H -1 -1 109 109 141 32
H Space -2 2 109 94 218 109
Space H 2 -2 94 125 234 140
H I 1 -2 125 125 78 -47
I M -2 1 125 62 234 109
M OemPeriod 0 -2 62 62 1264 1202
OemPeriod Space -1 5 62 63 202 140
Space LShiftKey 1 4 63 328 156 93
LShiftKey S 1 -2 328 94 203 -125
S O 1 -7 94 78 125 31
O Space -3 5 78 78 203 125
Space A 2 3 78 125 702 624
A R 1 -3 125 94 343 218
R Back 1 -9 94 110 452 358
Back T -1 8 110 110 156 46
T Space -3 1 110 93 188 78
Space D3 4 1 93 78 514 421
D3 D0 0 -7 78 93 219 141
D0 Space -4 6 93 78 234 141
Space LShiftKey 1 4 78 312 47 -31
LShiftKey LShiftKey 0 0 312 374 624 312
LShiftKey I 2 -8 374 78 218 -156
I Space -3 4 78 78 234 156
Space A 2 3 78 250 686 608
A W 1 -1 250 78 0 -250
W S -1 0 78 140 188 110
S Space -2 -2 140 94 140 0
Space O 3 -5 94 125 655 561
O U 0 2 125 78 172 47
U T 0 2 78 78 125 47
T OemPeriod -2 -4 78 78 202 124
OemPeriod Back 3 -4 78 78 3198 3120
Back Back 0 0 78 78 156 78
Back Back 0 0 78 78 141 63
Back W -1 11 78 125 93 15
W A -1 1 125 187 94 -31
A S 0 -1 187 156 125 -62
S LShiftKey -1 2 156 359 3728 3572
LShiftKey A 1 -1 359 203 172 -187
A N -1 -5 203 109 296 93
N D 1 3 109 94 187 78
D Space -2 -1 94 94 125 31
Space V 1 0 94 62 297 203
V E 2 1 62 78 109 47
E R 0 -1 78 78 156 78
R Y 0 -2 78 78 171 93
Y Space -3 2 78 94 172 94
Space P 3 -6 94 78 889 795
P U 0 3 78 93 406 328
U B -2 2 93 62 187 94
B L 1 -4 62 78 218 156
L I 1 1 78 47 203 125
I C -2 5 47 78 156 109
C L 1 -6 78 62 219 141
L Y 1 3 62 78 202 140
Y Space -3 2 78 78 141 63
Space O 3 -5 78 94 639 561
O U 0 2 94 78 188 94
U T 0 2 78 62 140 62
T OemPeriod -2 -4 62 62 4415 4353
OemPeriod LShiftKey 0 9 62 811 156 94
LShiftKey W 2 -2 811 188 639 -172
W H -1 -4 188 78 219 31
H A 0 5 78 125 109 31
A T 1 -4 125 78 109 -16
T Space -3 1 78 93 172 94
Space H 2 -2 93 62 546 453
H A 0 5 62 125 93 31
A D 0 -2 125 94 172 47
D Space -2 -1 94 78 187 93
Space B 1 -1 78 62 172 94
B E 2 2 62 78 109 47
E E 0 0 78 109 343 265
E N -2 -3 109 78 125 16
N Space -1 2 78 78 156 78
Space T 3 -1 78 93 203 125
T H -1 -1 93 78 140 47
H E 1 3 78 78 125 47
E Space -3 -1 78 78 125 47
Space F 2 0 78 94 499 421
F O 1 -5 94 78 234 140
O C -2 6 78 93 406 328
C U 2 -4 93 78 390 297
U S -1 5 78 78 124 46
S Space -2 -2 78 78 110 32
Space O 3 -5 78 63 405 327
O F -1 5 63 62 125 62
F Space -2 0 62 78 109 47
Space M 1 -3 78 94 187 109
M Y 2 1 94 78 203 109
Y Space -3 2 78 78 172 94
Space E 3 1 78 78 171 93
E N -2 -3 78 78 141 63
N T 2 1 78 94 187 109
T I 0 -3 94 62 172 78
I R 0 4 62 125 93 31
R E 0 1 125 94 78 -47
E Space -3 -1 94 78 141 47
Space A 2 3 78 156 343 265
A D 0 -2 156 110 171 15
D U 1 -4 110 78 250 140
U L -1 -2 78 94 218 140
L T 1 4 94 78 141 47
T Space -3 1 78 47 140 62
Space Space 0 0 47 125 577 530
Space Back 4 -9 125 93 531 406
Back L -2 4 93 63 249 156
L I 1 1 63 62 188 125
I F -1 4 62 110 202 140
F E 1 1 110 110 78 -32
E Space -3 -1 110 62 609 499
Space W 3 2 62 187 1825 1763
W A -1 1 187 203 125 -62
A S 0 -1 203 172 140 -63
S Space -2 -2 172 125 172 0
Space G 2 -1 125 78 249 124
G O 1 -4 78 140 172 94
O N -2 3 140 93 203 63
N E 2 3 93 78 140 47
E Oemcomma -2 -5 78 78 1435 1357
Oemcomma Space -1 4 78 78 203 125
Space A 2 3 78 109 172 94
A N -1 -5 109 62 125 16
N D 1 3 62 78 109 47
D Space -2 -1 78 78 109 31
Space I 3 -4 78 94 296 218
I T 0 3 94 78 156 62
T Space -3 1 78 78 125 47
Space W 3 2 78 171 141 63
W A -1 1 171 187 109 -62
A S 0 -1 187 125 140 -47
S Space -2 -2 125 78 172 47
Space D 2 1 78 140 1014 936
D E 1 0 140 140 78 -62
E V -2 -1 140 93 203 63
V A 1 3 93 124 234 141
A S 0 -1 124 140 156 32
S T 1 -3 140 94 327 187
T A -1 4 94 109 359 265
A T 1 -4 109 93 203 94
T I 0 -3 93 94 218 125
I N -2 2 94 78 156 62
N G 1 1 78 94 125 47
G OemPeriod -1 -4 94 63 967 873
OemPeriod Return 1 -3 63 47 234 171
Return RShiftKey -1 1 47 31 16 -31
RShiftKey LShiftKey 0 11 31 1232 1716 1685
LShiftKey I 2 -8 1232 78 1107 -125
I Space -3 4 78 78 172 94
Space R 3 0 78 156 296 218
R E 0 1 156 125 78 -78
E A -1 2 125 109 203 78
A L 0 -8 109 47 203 94
L L 0 0 47 78 125 78
L Y 1 3 78 62 156 78
Y Space -3 2 62 94 93 31
Space D 2 1 94 78 749 655
D I 1 -5 78 78 219 141
I D -1 5 78 78 93 15
D Oem7 0 -8 78 63 936 858
Oem7 T 1 6 63 78 562 499
T Back 1 -8 78 94 1310 1232
Back N -3 7 94 63 312 218
N T 2 1 63 62 125 62
T Space -3 1 62 78 94 32
Space K 2 -4 78 140 265 187
K N -1 2 140 109 140 0
N O 2 -3 109 78 172 63
O W 0 7 78 78 140 62
W Space -3 -2 78 62 94 16
Space W 3 2 62 93 593 531
W H -1 -4 93 78 171 78
H A 0 5 78 93 94 16
A T 1 -4 93 78 109 16
T Space -3 1 78 78 156 78
Space T 3 -1 78 78 125 47
T O 0 -4 78 78 125 47
O Space -3 5 78 78 140 62
Space D 2 1 78 78 140 62
D O 1 -6 78 78 94 16
O Space -3 5 78 78 156 78
Space F 2 0 78 93 359 281
F O 1 -5 93 78 125 32
O R 0 5 78 63 124 46
R Space -3 0 63 78 94 31
Space A 2 3 78 94 156 78
A Space -2 -3 94 78 156 62
Space F 2 0 78 125 499 421
F E 1 1 125 140 94 -31
E W 0 1 140 109 234 94
W Space -3 -2 109 78 187 78
Space M 1 -3 78 93 515 437
M O 2 -2 93 78 156 63
O N -2 3 78 78 156 78
N T 2 1 78 78 140 62
T H -1 -1 78 63 125 47
H S 0 4 63 94 78 15
S OemPeriod -1 -7 94 62 2153 2059
OemPeriod LShiftKey 0 9 62 359 2496 2434
LShiftKey I 2 -8 359 78 250 -109
I Space -3 4 78 93 156 78
Space F 2 0 93 78 234 141
F E 1 1 78 94 124 46
E L -1 -6 94 78 188 94
L T 1 4 78 78 187 109
T Space -3 1 78 78 125 47
Space LShiftKey 1 4 78 250 436 358
LShiftKey I 2 -8 250 78 125 -125
I Space -3 4 78 78 172 94
Space H 2 -2 78 78 140 62
H A 0 5 78 109 94 16
A D 0 -2 109 93 125 16
D Space -2 -1 93 78 140 47
Space L 2 -5 78 78 655 577
L E 1 6 78 94 156 78
E T 0 -2 94 78 203 109
T Space -3 1 78 78 156 78
Space T 3 -1 78 93 125 47
T H -1 -1 93 63 140 47
H E 1 3 63 94 109 46
E Space -3 -1 94 78 172 78
Space P 3 -6 78 93 952 874
P R 0 6 93 93 187 94
R E 0 1 93 93 47 -46
E V -2 -1 93 94 218 125
V I 2 -4 94 110 218 124
I O 0 -1 110 125 63 -47
O S -1 7 125 78 171 46
S Back 2 -11 78 93 500 422
Back I -1 5 93 62 296 203
I S -1 6 62 78 125 63
S Space -2 -2 78 63 140 62
Space Back 4 -9 63 78 390 327
Back Back 0 0 78 78 141 63
Back Back 0 0 78 62 156 78
Back U -1 6 62 62 608 546
U S -1 5 62 78 109 47
S Space -2 -2 78 78 78 0
Space G 2 -1 78 124 453 375
G E 1 2 124 125 93 -31
E N -2 -3 125 78 234 109
N E 2 3 78 125 172 94
E R 0 -1 125 125 234 109
R A -1 3 125 124 125 0
A T 1 -4 124 78 218 94
T I 0 -3 78 125 187 109
I O 0 -1 125 94 78 -47
O N -2 3 94 78 203 109
N Space -1 2 78 78 1529 1451
Space O 3 -5 78 109 1466 1388
O F -1 5 109 94 203 94
F Space -2 0 94 78 156 62
Space E 3 1 78 109 156 78
E N -2 -3 109 94 374 265
N T 2 1 94 94 234 140
T R 0 1 94 94 250 156
R E 0 1 94 94 218 124
E P 0 -7 94 93 344 250
P R 0 6 93 125 218 125
R E 0 1 125 109 78 -47
E N -2 -3 109 93 2621 2512
N E 2 3 93 109 218 125
E U 0 -4 109 78 281 172
U R 0 3 78 78 749 671
R S -1 2 78 94 187 109
S Space -2 -2 94 78 203 109
Space D 2 1 78 94 499 421
D O 1 -6 94 63 187 93
O W 0 7 63 78 94 31
W N -2 -4 78 62 125 47
N OemPeriod 0 -3 62 93 499 437
OemPeriod Back 3 -4 93 110 1731 1638
Back Space -4 9 110 156 500 390
Space OemMinus 4 -7 156 63 202 46
OemMinus Space -4 7 63 94 94 31
Space H 2 -2 94 46 562 468
H Back 2 -7 46 124 546 500
Back T -1 8 124 78 327 203
T H -1 -1 78 78 156 78
H A 0 5 78 93 94 16
A T 1 -4 93 78 93 0
T Space -3 1 78 94 203 125
Space LShiftKey 1 4 94 249 219 125
LShiftKey I 2 -8 249 63 171 -78
I Space -3 4 63 78 156 93
Space H 2 -2 78 94 281 203
H A 0 5 94 141 109 15
A D 0 -2 141 109 125 -16
D Space -2 -1 109 93 250 141
Space D 2 1 93 109 1310 1217
D R 1 -1 109 78 187 78
R O 0 -5 78 109 156 78
O P 0 -1 109 93 63 -46
P P 0 0 93 171 187 94
P E 0 7 171 78 203 32
E D -1 0 78 94 140 62
D Space -2 -1 94 93 125 31
Space T 3 -1 93 63 1575 1482
T H -1 -1 63 78 156 93
H E 1 3 78 78 125 47
E Space -3 -1 78 78 94 16
Space B 1 -1 78 78 203 125
B A 1 4 78 94 124 46
A T 1 -4 94 63 203 109
T O 0 -4 63 78 125 62
O N -2 3 78 78 187 109
N Space -1 2 78 78 172 94
Space A 2 3 78 156 171 93
A S 0 -1 156 109 125 -31
S Space -2 -2 109 78 156 47
Space I 3 -4 78 78 250 172
I T 0 3 78 78 125 47
T Space -3 1 78 109 93 15
Space W 3 2 109 187 219 110
W A -1 1 187 188 124 -63
A Capital 0 1 188 78 47 -141
Capital S 0 -2 78 156 94 16
S Space -2 -2 156 110 171 15
Space Back 4 -9 110 78 1607 1497
Back Back 0 0 78 62 141 63
Back Capital -2 13 62 125 1591 1529
Capital S 0 -2 125 140 343 218
S Space -2 -2 140 93 281 141
Space B 1 -1 93 78 608 515
B E 2 2 78 62 141 63
E I 0 -5 62 94 202 140
I N -2 2 94 94 156 62
N G 1 1 94 78 141 47
G Space -2 1 78 109 62 -16
Space P 3 -6 109 62 609 500
P A -1 9 62 109 109 47
A S 0 -1 109 31 218 109
S A 0 1 31 62 141 110
A Back 2 -12 62 78 686 624
Back A -2 12 78 141 499 421
A Back 2 -12 141 93 406 265
Back S -2 11 93 93 125 32
S E 1 -1 93 94 608 515
E D -1 0 94 109 187 93
D Space -2 -1 109 94 203 94
Space T 3 -1 94 94 187 93
T O 0 -4 94 109 172 78
O Space -3 5 109 94 187 78
Space M 1 -3 94 78 187 93
M E 2 4 78 62 125 47
E LShiftKey -2 3 62 452 1061 999
LShiftKey OemPeriod 0 -9 452 62 234 -218
OemPeriod Space -1 5 62 93 749 687
Space Back 4 -9 93 78 452 359
Back Back 0 0 78 78 140 62
Back OemPeriod -3 4 78 62 656 578
OemPeriod Space -1 5 62 78 218 156
Space LShiftKey 1 4 78 265 172 94
LShiftKey I 2 -8 265 62 140 -125
I Space -3 4 62 78 172 110
Space M 1 -3 78 78 171 93
M E 2 4 78 78 94 16
E T 0 -2 78 78 171 93
T Space -3 1 78 78 125 47
Space W 3 2 78 110 109 31
W I 0 -6 110 94 172 62
I T 0 3 94 156 187 93
T H -1 -1 156 78 484 328
H Space -2 2 78 78 203 125
Space LShiftKey 1 4 78 218 608 530
LShiftKey D 1 -3 218 124 172 -46
D A 0 2 124 94 171 47
A V -1 -3 94 94 203 109
V I 2 -4 94 109 187 93
I D -1 5 109 78 156 47
D Space -2 -1 78 78 125 47
Space Space 0 0 78 78 2621 2543
Space LShiftKey 1 4 78 172 171 93
LShiftKey P 2 -10 172 78 110 -62
P A -1 9 78 125 187 109
A C -1 -2 125 93 203 78
C K 1 -5 93 78 327 234
K A 0 7 78 125 78 0
A R 1 -3 125 78 203 78
R D -1 1 78 78 187 109
D Space -2 -1 78 63 156 78
Space A 2 3 63 109 156 93
A N -1 -5 109 94 109 0
N D 1 3 94 78 141 47
D Space -2 -1 78 78 93 15
Space LShiftKey 1 4 78 765 1217 1139
LShiftKey B 0 -5 765 78 624 -141
B O 2 -4 78 94 187 109
O B -2 4 94 78 234 140
B Space -1 1 78 109 250 172
Space LShiftKey 1 4 109 359 312 203
LShiftKey N 0 -6 359 78 250 -109
N O 2 -3 78 78 202 124
O Y 0 3 78 78 437 359
Y C -2 3 78 172 468 390
C E 2 0 172 93 141 -31
E Space -3 -1 93 62 140 47
Space A 2 3 62 141 2995 2933
A N -1 -5 141 78 203 62
N D 1 3 78 78 94 16
D Space -2 -1 78 94 93 15
Space T 3 -1 94 124 297 203
T R 0 1 124 109 78 -46
R I 0 -4 109 62 218 109
I E 0 5 62 109 187 125
E D -1 0 109 78 203 94
D Space -2 -1 78 94 109 31
Space T 3 -1 94 78 141 47
T O 0 -4 78 93 109 31
O Space -3 5 93 78 187 94
Space A 2 3 78 78 359 281
A P 1 -9 78 78 156 78
P O 0 1 78 63 218 140
O L -1 0 63 62 172 109
L O 1 0 62 63 171 109
O G -1 4 63 78 500 437
G I 1 -3 78 78 499 421
I Z -2 7 78 78 93 15
Z E 2 -2 78 78 203 125
E Space -3 -1 78 78 141 63
Space F 2 0 78 78 514 436
F R 1 0 78 78 250 172
R Back 1 -9 78 94 374 296
Back O -1 4 94 78 359 265
O R 0 5 78 62 125 47
R Space -3 0 62 78 109 47
Space S 2 2 78 124 453 375
S C -1 -1 124 78 296 172
C R 2 -1 78 140 250 172
R E 0 1 140 109 78 -62
E W 0 1 109 109 218 109
W I 0 -6 109 78 203 94
I N -2 2 78 78 156 78
N G 1 1 78 94 140 62
G Space -2 1 94 94 78 -16
Space U 3 -3 94 93 1857 1763
U P 0 -3 93 63 249 156
P Space -3 6 63 78 172 109
Space S 2 2 78 63 140 62
S O 1 -7 63 78 63 0
O Space -3 5 78 62 156 78
Space B 1 -1 62 78 218 156
B A 1 4 78 109 125 47
A D 0 -2 109 78 125 16
D L 0 -6 78 63 202 124
L Y 1 3 63 78 172 109
Y OemPeriod -2 -3 78 94 296 218
OemPeriod Space -1 5 94 78 1685 1591
Space LShiftKey 1 4 78 920 359 281
LShiftKey I 2 -8 920 78 827 -93
I Space -3 4 78 109 156 78
Space W 3 2 109 156 156 47
W A -1 1 156 203 109 -47
A S 0 -1 203 109 156 -47
S Space -2 -2 109 78 109 0
Space A 2 3 78 94 125 47
A Space -2 -3 94 63 109 15
Space V 1 0 63 63 733 670
V E 2 1 63 78 78 15
E R 0 -1 78 78 156 78
R Y 0 -2 78 94 156 78
Y Space -3 2 94 93 188 94
Space P 3 -6 93 62 452 359
P U 0 3 62 78 218 156
U B -2 2 78 78 188 110
B L 1 -4 78 63 280 202
L I 1 1 63 62 188 125
I C -2 5 62 62 156 94
C Space -1 -1 62 78 93 31
Space F 2 0 78 125 562 484
F A 0 3 125 110 93 -32
A I 1 -7 110 78 531 421
I L -1 -1 78 78 187 109
L U 1 2 78 63 218 140
U R 0 3 63 141 234 171
R E 0 1 141 93 110 -31
E Oemcomma -2 -5 93 62 1622 1529
Oemcomma Space -1 4 62 109 156 94
Space A 2 3 109 93 125 16
A N -1 -5 93 93 125 32
N D 1 3 93 78 140 47
D Space -2 -1 78 93 94 16
Space LShiftKey 1 4 93 202 312 219
LShiftKey I 2 -8 202 93 109 -93
I Space -3 4 93 110 171 78
Space E 3 1 110 109 1935 1825
E V -2 -1 109 78 359 250
V E 2 1 78 78 124 46
E N -2 -3 78 78 94 16
N Space -1 2 78 94 156 78
Space T 3 -1 94 78 218 124
T H -1 -1 78 93 110 32
H O 1 -3 93 109 187 94
O P 0 -1 109 32 15 -94
P U 0 3 32 94 172 140
U G -1 2 94 62 203 109
G H 0 -1 62 62 156 94
H T 1 1 62 63 171 109
T Back 1 -8 63 93 609 546
Back Back 0 0 93 78 156 63
Back Back 0 0 78 78 140 62
Back Back 0 0 78 63 156 78
Back Back 0 0 63 47 156 93
Back U -1 6 47 78 702 655
U G -1 2 78 62 250 172
G H 0 -1 62 78 234 172
H T 1 1 78 109 265 187
T Space -3 1 109 78 250 141
Space A 2 3 78 125 608 530
A B -1 -4 125 94 218 93
B O 2 -4 94 156 312 218
O U 0 2 156 94 203 47
U T 0 2 94 78 187 93
T Space -3 1 78 78 125 47
Space R 3 0 78 62 4103 4025
R U 0 -3 62 78 187 125
U N -2 1 78 62 359 281
N N 0 0 62 78 140 78
N I 2 -2 78 94 172 94
I N -2 2 94 62 156 62
N G 1 1 62 78 109 47
G Space -2 1 78 63 78 0
Space W 3 2 63 188 421 358
W Back 1 -11 188 93 453 265
Back A -2 12 93 187 140 47
A W 1 -1 187 187 141 -46
W A -1 1 187 125 171 -16
A Y 1 -5 125 62 250 125
Y Space -3 2 62 78 171 109
Space F 2 0 78 125 141 63
F R 1 0 125 109 78 -47
R O 0 -5 109 124 125 16
O M -2 2 124 63 202 78
M Space -1 3 63 78 156 93
Space T 3 -1 78 78 110 32
T H -1 -1 78 78 109 31
H E 1 3 78 94 93 15
E Space -3 -1 94 78 141 47
Space V 1 0 78 125 327 249
V A 1 3 125 109 94 -31
A L 0 -8 109 62 172 63
L L 0 0 62 78 124 62
L E 1 6 78 93 375 297
E Y 0 -3 93 78 140 47
Y OemPeriod -2 -3 78 62 2231 2153
OemPeriod Space -1 5 62 94 234 172
Space LShiftKey 1 4 94 249 203 109
LShiftKey B 0 -5 249 78 140 -109
B U 2 -2 78 78 141 63
U T 0 2 78 109 234 156
T Space -3 1 109 94 218 109
Space S 2 2 94 63 374 280
S O 1 -7 63 78 531 468
O M -2 2 78 62 156 78
M E 2 4 62 63 140 78
E T 0 -2 63 78 187 124
T H -1 -1 78 125 94 16
H I 1 -2 125 109 78 -47
I N -2 2 109 78 172 63
N G 1 1 78 78 109 31
G Space -2 1 78 109 78 0
Space S 2 2 109 124 328 219
S L 0 -7 124 78 811 687
L O 1 0 78 78 171 93
O W 0 7 78 78 156 78
W L -1 -7 78 78 1264 1186
L Y 1 3 78 78 109 31
Y Space -3 2 78 78 109 31
Space B 1 -1 78 94 1529 1451
B E 2 2 94 124 141 47
E A -1 2 124 93 109 -15
A G 0 -4 93 78 78 -15
G N -1 -1 78 62 546 468
N Space -1 2 62 94 218 156
Space T 3 -1 94 63 156 62
T O 0 -4 63 78 109 46
O Space -3 5 78 78 172 94
Space D 2 1 78 140 172 94
D A 0 2 140 140 109 -31
A W 1 -1 140 78 140 0
W N -2 -4 78 78 343 265
N Space -1 2 78 94 172 94
Space O 3 -5 94 172 764 670
O N -2 3 172 78 266 94
N Space -1 2 78 78 171 93
Space Back 4 -9 78 63 2137 2059
Back Right -4 0 63 109 422 359
Right A 2 12 109 94 249 140
A M -1 -6 94 93 1810 1716
M E 2 4 93 78 109 16
E Space -3 -1 78 78 78 0
Space OemMinus 4 -7 78 124 1810 1732
OemMinus Space -4 7 124 94 249 125
Space LShiftKey 1 4 94 188 265 171
LShiftKey I 2 -8 188 78 125 -63
I Space -3 4 78 78 172 94
Space S 2 2 78 78 109 31
S T 1 -3 78 63 343 265
T I 0 -3 63 78 219 156
I L -1 -1 78 78 218 140
L L 0 0 78 63 140 62
L Space -2 5 63 93 188 125
Space L 2 -5 93 78 1560 1467
L O 1 0 78 78 171 93
O V -2 5 78 156 250 172
V E 2 1 156 109 125 -31
E D -1 0 109 94 202 93
D Space -2 -1 94 78 141 47
Space W 3 2 78 141 140 62
W H -1 -4 141 78 156 15
H A 0 5 78 125 94 16
A T 1 -4 125 78 125 0
T Space -3 1 78 78 202 124
Space LShiftKey 1 4 78 390 172 94
LShiftKey I 2 -8 390 63 296 -94
I Space -3 4 63 78 156 93
Space D 2 1 78 62 172 94
D I 1 -5 62 62 94 32
I D -1 5 62 78 109 47
D OemPeriod -1 -6 78 62 936 858
OemPeriod Space -1 5 62 62 234 172
Space LShiftKey 1 4 62 874 608 546
LShiftKey T 2 -5 874 78 733 -141
T H -1 -1 78 62 188 110
H E 1 3 62 78 124 62
E Space -3 -1 78 62 94 16
Space T 3 -1 62 62 234 172
T U 0 -2 62 62 156 94
U R 0 3 62 78 109 47
R N -2 -2 78 78 109 31
N Space -1 2 78 78 172 94
Space O 3 -5 78 78 187 109
O F -1 5 78 78 187 109
F Space -2 0 78 62 141 63
Space E 3 1 62 78 140 78
E V -2 -1 78 124 219 141
V E 2 1 124 109 109 -15
E N -2 -3 109 63 171 62
N E 2 3 63 78 47 -16
E T 0 -2 78 78 203 125
T S -1 3 78 78 140 62
S Space -2 -2 78 78 141 63
Space A 2 3 78 156 156 78
A Back 2 -12 156 78 593 437
Back Back 0 0 78 62 187 109
Back Back 0 0 62 63 140 78
Back Back 0 0 63 63 156 93
Back Back 0 0 63 78 156 93
Back T -1 8 78 63 858 780
T S -1 3 63 47 125 62
S Space -2 -2 47 78 94 47
Space A 2 3 78 78 124 46
A T 1 -4 78 78 141 63
T Space -3 1 78 78 187 109
Space LShiftKey 1 4 78 250 140 62
LShiftKey A 1 -1 250 156 125 -125
A P 1 -9 156 78 203 47
P P 0 0 78 141 140 62
P L -1 1 141 125 125 -16
L E 1 6 125 94 156 31
E Space -3 -1 94 62 141 47
Space H 2 -2 62 78 1872 1810
H A 0 5 78 172 124 46
A D 0 -2 172 110 156 -16
D Space -2 -1 110 109 188 78
Space N 1 -2 109 94 405 296
N O 2 -3 94 93 562 468
O T 0 4 93 94 218 125
T Space -3 1 94 94 125 31
Space C 1 1 94 109 281 187
C H 1 -3 109 78 140 31
H A 0 5 78 110 187 109
A N -1 -5 110 94 234 124
N G 1 1 94 78 203 109
G E 1 2 78 93 94 16
E D -1 0 93 78 187 94
D Space -2 -1 78 63 109 31
Space T 3 -1 63 78 1014 951
T H -1 -1 78 78 156 78
H A 0 5 78 94 109 31
A T 1 -4 94 78 94 0
T Space -3 1 78 109 172 94
Space O 3 -5 109 78 234 125
O N -2 3 78 78 171 93
N E 2 3 78 78 187 109
E Space -3 -1 78 94 94 16
Space B 1 -1 94 78 546 452
B I 2 -3 78 94 156 78
I T 0 3 94 62 156 62
T OemPeriod -2 -4 62 78 1778 1716
OemPeriod LShiftKey 0 9 78 281 203 125
LShiftKey I 2 -8 281 78 187 -94
I Space -3 4 78 78 172 94
Space H 2 -2 78 63 140 62
H A 0 5 63 140 94 31
A D 0 -2 140 109 125 -15
D Space -2 -1 109 78 187 78
Space B 1 -1 78 62 172 94
B E 2 2 62 78 124 62
E E 0 0 78 78 156 78
E N -2 -3 78 63 125 47
N Space -1 2 63 93 141 78
Space R 3 0 93 109 187 94
R E 0 1 109 125 78 -31
E J -1 -4 125 78 374 249
J E 1 4 78 78 141 63
E C -2 0 78 78 202 124
C T 2 -2 78 93 141 63
T E 0 2 93 78 140 47
E D -1 0 78 78 172 94
D Space -2 -1 78 78 156 78
Space Oemcomma 1 -4 78 62 827 749
Oemcomma Space -1 4 62 78 156 94
Space B 1 -1 78 109 546 468
B U 2 -2 109 94 140 31
U Space -3 3 94 94 187 93
Space T 3 -1 94 93 172 78
T Back 1 -8 93 93 390 297
Back Back 0 0 93 78 920 827
Back T -1 8 78 78 141 63
T Space -3 1 78 93 109 31
Space I 3 -4 93 47 187 94
I LShiftKey -2 8 47 172 140 93
LShiftKey Space -1 -4 172 109 266 94
Space S 2 2 109 78 234 125
S T 1 -3 78 78 109 31
T I 0 -3 78 78 234 156
I I 0 0 78 63 171 93
I Back 1 -5 63 78 780 717
Back L -2 4 78 63 203 125
L L 0 0 63 78 125 62
L Space -2 5 78 63 218 140
Space Back 4 -9 63 93 4743 4680
Back Back 0 0 93 78 624 531
Back Back 0 0 78 78 187 109
Back Back 0 0 78 78 187 109
Back Back 0 0 78 78 172 94
Back Back 0 0 78 124 203 125
Back Back 0 0 124 78 218 94
Back Back 0 0 78 62 172 94
Back LShiftKey -3 13 62 125 327 265
LShiftKey LShiftKey 0 0 125 343 749 624
LShiftKey I 2 -8 343 78 234 -109
I Space -3 4 78 62 172 94
Space W 3 2 62 94 124 62
W A -1 1 94 171 63 -31
A S 0 -1 171 109 140 -31
S Space -2 -2 109 78 109 0
Space S 2 2 78 125 2122 2044
S T 1 -3 125 93 2231 2106
T I 0 -3 93 62 203 110
I L -1 -1 62 78 234 172
L L 0 0 78 78 140 62
L Space -2 5 78 63 499 421
Space I 3 -4 63 78 297 234
I N -2 2 78 62 140 62
N Space -1 2 62 78 140 78
Space L 2 -5 78 78 188 110
L O 1 0 78 62 156 78
O V -2 5 62 94 171 109
V E 2 1 94 93 63 -31
E OemPeriod -2 -6 93 63 1575 1482
OemPeriod Space -1 5 63 94 234 171
Space LShiftKey 1 4 94 234 187 93
LShiftKey A 1 -1 234 187 94 -140
A N -1 -5 187 78 140 -47
N D 1 3 78 94 172 94
D Space -2 -1 94 110 62 -32
Space S 2 2 110 93 188 78
S O 1 -7 93 78 140 47
O Space -3 5 78 94 218 140
Space LShiftKey 1 4 94 249 500 406
LShiftKey I 2 -8 249 63 171 -78
I Space -3 4 63 78 141 78
Space D 2 1 78 94 124 46
D E 1 0 94 124 32 -62
E C -2 0 124 93 187 63
C I 2 -5 93 62 156 63
I D -1 5 62 109 125 63
D E 1 0 109 141 46 -63
E D -1 0 141 93 141 0
D D 0 0 93 78 140 47
D Space -2 -1 78 93 172 94
Space Back 4 -9 93 78 452 359
Back Back 0 0 78 62 172 94
Back Space -4 9 62 110 639 577
Space T 3 -1 110 93 141 31
T O 0 -4 93 78 624 531
O Space -3 5 78 94 171 93
Space S 2 2 94 78 156 62
S T 1 -3 78 78 125 47
T A -1 4 78 78 94 16
A R 1 -3 78 63 93 15
R T 0 -1 63 78 125 62
T Space -3 1 78 124 219 141
Space O 3 -5 124 63 405 281
O V -2 5 63 110 265 202
V E 2 1 110 172 125 15
E R 0 -1 172 109 125 -47
R OemPeriod -2 -5 109 78 296 187
OemPeriod Return 1 -3 78 47 281 203
Return LShiftKey -1 12 47 421 1919 1872
LShiftKey I 2 -8 421 93 328 -93
I Space -3 4 93 94 171 78
Space D 2 1 94 78 187 93
D I 1 -5 78 78 94 16
I D -1 5 78 93 125 47
D Oem7 0 -8 93 63 1419 1326
Oem7 N -1 5 63 78 468 405
N T 2 1 78 78 156 78
T Space -3 1 78 78 110 32
Space S 2 2 78 125 483 405
S E 1 -1 125 63 234 109
E E 0 0 63 63 156 93
E Space -3 -1 63 94 156 93
Space I 3 -4 94 93 250 156
I T 0 3 93 78 156 63
T Space -3 1 78 78 593 515
Space T 3 -1 78 93 312 234
T H -1 -1 93 78 124 31
H E 1 3 78 94 94 16
E N -2 -3 94 94 109 15
N Left -1 -5 94 1029 1576 1482
Left Right 0 -2 1029 78 1295 266
Right Right 0 0 78 47 171 93
Right Back 4 0 47 78 453 406
Back Right -4 0 78 93 468 390
Right Oem7 2 2 93 62 764 671
Oem7 OemPeriod -1 2 62 94 2106 2044
OemPeriod Back 3 -4 94 94 2106 2012
Back Oemcomma -3 5 94 62 936 842
Oemcomma Space -1 4 62 78 172 110
Space B 1 -1 78 94 249 171
B U 2 -2 94 78 156 62
U Space -3 3 78 62 172 94
Space T 3 -1 62 109 109 47
T I 0 -3 109 78 187 78
I Back 1 -5 78 62 437 359
Back Back 0 0 62 78 156 94
Back Back 0 0 78 78 920 842
Back T -1 8 78 62 141 63
T Space -3 1 62 94 109 47
Space I 3 -4 94 78 359 265
I T 0 3 78 78 125 47
T Space -3 1 78 78 109 31
Space T 3 -1 78 62 156 78
T U 0 -2 62 78 187 125
U R 0 3 78 63 296 218
R E 0 1 63 78 281 218
E Back 1 -10 78 63 546 468
Back N -3 7 63 78 219 156
N E 2 3 78 78 156 78
E D -1 0 78 78 171 93
D Space -2 -1 78 62 125 47
Space O 3 -5 62 93 437 375
O U 0 2 93 78 187 94
U T 0 2 78 78 156 78
T Space -3 1 78 94 109 31
Space T 3 -1 94 78 1311 1217
T H -1 -1 78 78 171 93
H A 0 5 78 78 94 16
A T 1 -4 78 63 93 15
T Space -3 1 63 78 172 109
Space G 2 -1 78 63 296 218
G E 1 2 63 62 110 47
E T 0 -2 62 78 187 125
T T 0 0 78 78 156 78
T I 0 -3 78 78 125 47
I N -2 2 78 62 140 62
N G 1 1 62 78 140 78
G Space -2 1 78 78 94 16
Space F 2 0 78 78 406 328
F I 1 -4 78 78 546 468
I R 0 4 78 109 156 78
R E 0 1 109 78 78 -31
E D -1 0 78 109 171 93
D Space -2 -1 109 78 141 32
Space F 2 0 78 156 93 15
F R 1 0 156 109 125 -31
R O 0 -5 109 141 109 0
O M -2 2 141 203 187 46
M Space -1 3 203 78 328 125
Space LShiftKey 1 4 78 312 187 109
LShiftKey A 1 -1 312 218 172 -140
A P 1 -9 218 78 249 31
P P 0 0 78 172 172 94
P L -1 1 172 125 156 -16
L E 1 6 125 78 187 62
E Space -3 -1 78 93 1654 1576
Space W 3 2 93 187 156 63
W A -1 1 187 187 140 -47
A S 0 -1 187 124 141 -46
S Space -2 -2 124 94 140 16
Space T 3 -1 94 94 218 124
T H -1 -1 94 93 141 47
H E 1 3 93 110 93 0
E Space -3 -1 110 78 156 46
Space B 1 -1 78 94 484 406
B E 2 2 94 78 125 31
E S -1 1 78 109 187 109
S T 1 -3 109 93 203 94
T Space -3 1 93 94 187 94
Space T 3 -1 94 78 187 93
T H -1 -1 78 125 109 31
H I 1 -2 125 110 78 -47
I N -2 2 110 94 172 62
N G 1 1 94 63 140 46
G Space -2 1 63 93 110 47
Space T 3 -1 93 62 1778 1685
T H -1 -1 62 78 172 110
H A 0 5 78 78 78 0
A T 1 -4 78 62 109 31
T Space -3 1 62 94 171 109
Space C 1 1 94 93 500 406
C O 2 -6 93 78 187 94
O U 0 2 78 63 218 140
U L -1 -2 63 63 187 124
L D 0 6 63 63 156 93
D Space -2 -1 63 78 110 47
Space H 2 -2 78 63 202 124
H A 0 5 63 109 110 47
A V -1 -3 109 94 218 109
V E 2 1 94 141 31 -63
E Space -3 -1 141 78 172 31
Space E 3 1 78 125 156 78
E V -2 -1 125 110 218 93
V E 2 1 110 140 110 0
E R 0 -1 140 94 124 -16
R Space -3 0 94 78 203 109
Space H 2 -2 78 78 234 156
H A 0 5 78 93 141 63
A P 1 -9 93 62 234 141
P P 0 0 62 78 124 62
P E 0 7 78 93 141 63
E N -2 -3 93 78 983 890
N E 2 3 78 62 156 78
E D -1 0 62 78 156 94
D Space -2 -1 78 62 156 78
Space T 3 -1 62 93 265 203
T O 0 -4 93 93 125 32
O Space -3 5 93 78 187 94
Space M 1 -3 78 78 187 109
M E 2 4 78 78 125 47
E Space -3 -1 78 78 156 78
Space Back 4 -9 78 78 1123 1045
Back OemPeriod -3 4 78 62 780 702
OemPeriod Space -1 5 62 78 187 125
Space LShiftKey 1 4 78 188 187 109
LShiftKey T 2 -5 188 78 125 -63
T H -1 -1 78 78 156 78
H E 1 3 78 93 172 94
E Space -3 -1 93 125 78 -15
Space H 2 -2 125 78 390 265
H E 1 3 78 125 171 93
E A -1 2 125 218 94 -31
A V -1 -3 218 78 624 406
V I 2 -4 78 93 203 125
I N -2 2 93 78 187 94
N E 2 3 78 94 390 312
E S -1 1 94 62 250 156
S S 0 0 62 62 140 78
S Space -2 -2 62 62 328 266
Space O 3 -5 62 94 2246 2184
O F -1 5 94 94 468 374
F Space -2 0 94 94 140 46
Space B 1 -1 94 78 266 172
B E 2 2 78 78 93 15
E I 0 -5 78 78 187 109
I N -2 2 78 78 172 94
N G 1 1 78 78 140 62
G Space -2 1 78 93 110 32
Space S 2 2 93 93 390 297
S U 1 -5 93 78 187 94
U C -2 4 78 78 561 483
C C 0 0 78 78 156 78
C E 2 0 78 93 219 141
E S -1 1 93 78 249 156
S S 0 0 78 78 156 78
S F 0 -2 78 93 188 110
F U 1 -3 93 63 202 109
U L -1 -2 63 78 250 187
L L 0 0 78 78 109 31
L Space -2 5 78 93 219 141
Space W 3 2 93 203 1263 1170
W A -1 1 203 78 203 0
A Back 2 -12 78 78 437 359
Back Back 0 0 78 63 171 93
Back Back 0 0 63 93 141 78
Back Back 0 0 93 78 171 78
Back Space -4 9 78 78 422 344
Space W 3 2 78 156 171 93
W A -1 1 156 187 125 -31
A S 0 -1 187 94 156 -31
S Space -2 -2 94 78 109 15
Space R 3 0 78 125 1732 1654
R E 0 1 125 125 78 -47
E P 0 -7 125 109 187 62
P L -1 1 109 125 78 -31
L A 0 8 125 141 140 15
A C -1 -2 141 156 156 15
C E 2 0 156 124 110 -46
E D -1 0 124 93 234 110
D Space -2 -1 93 109 171 78
Space B 1 -1 109 109 453 344
B Y 2 -1 109 78 187 78
Y Space -3 2 78 125 156 78
Space T 3 -1 125 141 249 124
T E 0 2 141 93 297 156
E Back 1 -10 93 94 452 359
Back H -2 7 94 47 562 468
H E 1 3 47 78 93 46
E Space -3 -1 78 94 94 16
Space L 2 -5 94 93 328 234
L I 1 1 93 78 234 141
I G -1 3 78 125 280 202
G H 0 -1 125 110 78 -47
H T 1 1 110 94 172 62
T N -2 -1 94 93 406 312
N E 2 3 93 109 951 858
E S -1 1 109 63 265 156
S S 0 0 63 31 172 109
S Space -2 -2 31 110 998 967
Space F 2 0 110 78 1170 1060
F Space -2 0 78 93 110 32
Space Back 4 -9 93 218 390 297
Back Back 0 0 218 94 514 296
Back O -1 4 94 78 375 281
O F -1 5 78 78 187 109
F Space -2 0 78 109 109 31
Space B 1 -1 109 78 219 110
B E 2 2 78 94 93 15
E I 0 -5 94 94 125 31
I N -2 2 94 78 172 78
N G 1 1 78 78 124 46
G Space -2 1 78 78 94 16
Space A 2 3 78 125 156 78
A Space -2 -3 125 78 140 15
Space B 1 -1 78 78 1748 1670
B E 2 2 78 94 280 202
E G -1 -2 94 109 375 281
G I 1 -3 109 94 561 452
I N -2 2 94 78 188 94
N N 0 0 78 94 171 93
N E 2 3 94 93 172 78
E R 0 -1 93 94 171 78
R Space -3 0 94 124 812 718
Space A 2 3 124 109 577 453
A G 0 -4 109 94 327 218
G A 0 4 94 78 188 94
A I 1 -7 78 94 140 62
I N -2 2 94 109 156 62
N Oemcomma 0 -2 109 78 920 811
Oemcomma Space -1 4 78 94 250 172
Space L 2 -5 94 109 1451 1357
L E 1 6 109 156 78 -31
E S -1 1 156 93 312 156
S S 0 0 93 63 171 78
S Space -2 -2 63 94 172 109
Space S 2 2 94 93 250 156
S U 1 -5 93 62 156 63
U R 0 3 62 140 109 47
R E 0 1 140 94 93 -47
E Space -3 -1 94 93 110 16
Space A 2 3 93 124 234 141
A B -1 -4 124 63 124 0
B O 2 -4 63 78 203 140
O U 0 2 78 78 172 94
U T 0 2 78 78 140 62
T Space -3 1 78 78 109 31
Space E 3 1 78 140 344 266
E V -2 -1 140 125 280 140
V E 2 1 125 156 156 31
E R 0 -1 156 124 110 -46
R Y 0 -2 124 62 312 188
Y T 0 1 62 78 171 109
T H -1 -1 78 109 94 16
H I 1 -2 109 94 62 -47
I N -2 2 94 94 156 62
N G 1 1 94 78 94 0
G OemPeriod -1 -4 78 62 1981 1903
OemPeriod Space -1 5 62 78 218 156
Space LShiftKey 1 4 78 250 234 156
LShiftKey I 2 -8 250 94 156 -94
I T 0 3 94 78 250 156
T Space -3 1 78 78 125 47
Space F 2 0 78 109 546 468
F R 1 0 109 93 156 47
R E 0 1 93 62 234 141
E E 0 0 62 78 125 63
E Space -3 -1 78 94 171 93
Space M 1 -3 94 63 265 171
M N 0 1 63 63 0 -63
N Back 3 -7 63 63 468 405
Back Back 0 0 63 78 141 78
Back Back 0 0 78 62 156 78
Back D -2 10 62 93 780 718
D Space -2 -1 93 78 140 47
Space E 3 1 78 78 281 203
E Back 1 -10 78 62 468 390
Back Back 0 0 62 78 733 671
Back Space -4 9 78 93 484 406
Space M 1 -3 93 78 234 141
M E 2 4 78 62 109 31
E Space -3 -1 62 62 94 32
Space T 3 -1 62 78 124 62
T O 0 -4 78 78 125 47
O Space -3 5 78 78 156 78
Space E 3 1 78 94 109 31
E N -2 -3 94 78 141 47
N T 2 1 78 109 156 78
T E 0 2 109 156 93 -16
E R 0 -1 156 109 125 -31
R Space -3 0 109 78 141 32
Space O 3 -5 78 94 1497 1419
O N -2 3 94 62 172 78
N E 2 3 62 62 187 125
E Space -3 -1 62 93 125 63
Space O 3 -5 93 78 858 765
O F -1 5 78 94 171 93
F Space -2 0 94 94 125 31
Space T 3 -1 94 94 156 62
T H -1 -1 94 78 141 47
H E 1 3 78 78 78 0
E Space -3 -1 78 93 109 31
Space M 1 -3 93 140 234 141
M O 2 -2 140 94 187 47
O S -1 7 94 94 140 46
S T 1 -3 94 94 172 78
T Space -3 1 94 78 203 109
Space V 1 0 78 62 468 390
V Back 3 -9 62 93 390 328
Back C -3 10 93 78 78 -15
C R 2 -1 78 124 203 125
R E 0 1 124 93 109 -15
E A -1 2 93 124 125 32
A T 1 -4 124 78 218 94
T I 0 -3 78 78 172 94
I V -2 4 78 109 171 93
V E 2 1 109 156 47 -62
E Space -3 -1 156 78 234 78
Space P 3 -6 78 62 2278 2200
P E 0 7 62 94 296 234
E R 0 -1 94 78 203 109
R I 0 -4 78 109 187 109
I O 0 -1 109 110 62 -47
O D -1 6 110 109 562 452
D S 0 1 109 78 78 -31
S Space -2 -2 78 94 109 31
Space O 3 -5 94 94 187 93
O F -1 5 94 78 266 172
F Space -2 0 78 78 109 31
Space M 1 -3 78 62 187 109
M Y 2 1 62 78 312 250
Y Space -3 2 78 62 172 94
Space L 2 -5 62 78 187 125
L F 0 5 78 78 327 249
F E 1 1 78 93 32 -46
E Back 1 -10 93 93 858 765
Back Back 0 0 93 93 156 63
Back I -1 5 93 93 624 531
I F -1 4 93 109 140 47
F E 1 1 109 110 62 -47
E OemPeriod -2 -6 110 78 328 218
OemPeriod Return 1 -3 78 63 218 140
Return Return 0 0 63 78 156 93
Return Back 2 -1 78 78 687 609
Back LShiftKey -3 13 78 530 1950 1872
LShiftKey D 1 -3 530 124 359 -171
D Y 1 -3 124 63 280 156
Y U 0 -1 63 78 219 156
U Back 1 -6 78 63 405 327
Back Back 0 0 63 62 141 78
Back U -1 6 62 62 749 687
U R 0 3 62 78 171 109
R I 0 -4 78 93 94 16
I N -2 2 93 93 156 63
N G 1 1 93 94 873 780
G Space -2 1 94 110 156 62
Space T 3 -1 110 63 125 15
T H -1 -1 63 78 94 31
H E 1 3 78 78 109 31
E Space -3 -1 78 94 109 31
Space N 1 -2 94 109 297 203
N E 2 3 109 78 202 93
E X -2 1 78 109 250 172
X T 2 -3 109 62 156 47
T Space -3 1 62 94 156 94
Space F 2 0 94 78 125 31
F I 1 -4 78 78 125 47
I V -2 4 78 94 140 62
V E 2 1 94 94 62 -32
E Space -3 -1 94 78 125 31
Space Y 3 -2 78 78 484 406
Y E 0 3 78 141 62 -16
E A -1 2 141 172 109 -32
A R 1 -3 172 109 281 109
R S -1 2 109 156 141 32
S Oemcomma -1 -6 156 63 795 639
Oemcomma Space -1 4 63 94 203 140
Space LShiftKey 1 4 94 234 452 358
LShiftKey I 2 -8 234 94 172 -62
I Space -3 4 94 62 203 109
Space D 2 1 62 78 125 63
D Back 2 -10 78 78 436 358
Back S -2 11 78 93 110 32
S T 1 -3 93 47 280 187
T A -1 4 47 78 63 16
A R 1 -3 78 63 140 62
R T 0 -1 63 63 156 93
T E 0 2 63 78 125 62
E D -1 0 78 94 156 78
D Space -2 -1 94 78 125 31
Space A 2 3 78 78 156 78
A Capital 0 1 78 62 0 -78
Capital Space -2 -4 62 78 93 31
Space C 1 1 78 78 562 484
C O 2 -6 78 94 530 452
O M -2 2 94 93 141 47
M P 2 -3 93 93 234 141
P N -2 4 93 140 421 328
N A 1 5 140 109 156 16
A Y 1 -5 109 94 140 31
Y Space -3 2 94 78 188 94
Space Back 4 -9 78 702 343 265
Back Back 0 0 702 78 889 187
Back Back 0 0 78 78 156 78
Back Back 0 0 78 62 172 94
Back Capital -2 13 62 109 452 390
Capital C -1 -3 109 110 452 343
C O 2 -6 110 94 156 46
O M -2 2 94 78 172 78
M P 2 -3 78 109 562 484
P A -1 9 109 94 171 62
A N -1 -5 94 93 172 78
N Y 2 0 93 94 187 94
Y Space -3 2 94 63 218 124
Space N 1 -2 63 78 2216 2153
N A 1 5 78 62 140 62
A M -1 -6 62 94 109 47
M E 2 4 94 109 531 437
E D -1 0 109 94 202 93
D Space -2 -1 94 109 188 94
Space LShiftKey 1 4 109 312 249 140
LShiftKey N 0 -6 312 78 187 -125
N E 2 3 78 124 1046 968
E LShiftKey -2 3 124 795 499 375
LShiftKey X 0 -2 795 109 374 -421
X T 2 -3 109 93 250 141
T Space -3 1 93 78 296 203
Space Back 4 -9 78 78 1030 952
Back Oemcomma -3 5 78 62 281 203
Oemcomma Space -1 4 62 62 187 125
Space A 2 3 62 94 187 125
A N -1 -5 94 62 94 0
N O 2 -3 62 78 156 94
O T 0 4 78 78 202 124
T H -1 -1 78 62 110 32
H E 1 3 62 78 109 47
E R 0 -1 78 78 156 78
R Space -3 0 78 78 125 47
Space C 1 1 78 110 1138 1060
C O 2 -6 110 78 234 124
O M -2 2 78 78 188 110
M P 2 -3 78 94 296 218
P A -1 9 94 109 234 140
A N -1 -5 109 109 172 63
N Y 2 0 109 78 187 78
Y Space -3 2 78 78 203 125
Space N 1 -2 78 78 405 327
N A 1 5 78 63 109 31
A M -1 -6 63 78 94 31
M E 2 4 78 94 140 62
E D -1 0 94 78 188 94
D Space -2 -1 78 78 140 62
Space LShiftKey 1 4 78 1420 187 109
LShiftKey P 2 -10 1420 62 203 -1217
P I 0 2 62 63 187 125
I X -2 6 63 125 265 202
X A 1 1 125 125 312 187
A R 1 -3 125 78 203 78
R Oemcomma -2 -4 78 78 1295 1217
Oemcomma Space -1 4 78 63 187 109
Space A 2 3 63 93 172 109
A N -1 -5 93 78 78 -15
N D 1 3 78 94 140 62
D Space -2 -1 94 78 172 78
Space F 2 0 78 109 187 109
F E 1 1 109 109 109 0
E L -1 -6 109 62 203 94
L L 0 0 62 78 125 63
L Space -2 5 78 94 187 109
Space I 3 -4 94 110 218 124
I N -2 2 110 78 188 78
N Space -1 2 78 78 171 93
Space L 2 -5 78 94 702 624
L O 1 0 94 63 187 93
O V -2 5 63 110 234 171
V E 2 1 110 62 110 0
E W 0 1 62 31 15 -47
W Space -3 -2 31 62 125 94
Space W 3 2 62 125 156 94
W I 0 -6 125 78 203 78
I T 0 3 78 78 156 78
T Back 1 -8 78 63 405 327
Back Back 0 0 63 78 141 78
Back Back 0 0 78 62 156 78
Back Back 0 0 62 78 140 78
Back Back 0 0 78 78 156 78
Back Space -4 9 78 125 437 359
Space W 3 2 125 140 328 203
W I 0 -6 140 78 265 125
I T 0 3 78 78 156 78
T H -1 -1 78 78 93 15
H Space -2 2 78 78 172 94
Space A 2 3 78 109 109 31
A N -1 -5 109 94 125 16
N Space -1 2 94 78 187 93
Space A 2 3 78 125 328 250
A M -1 -6 125 78 171 46
M A 1 6 78 78 141 63
A Z -1 0 78 125 234 156
Z I 2 -7 125 78 203 78
I N -2 2 78 78 156 78
N G 1 1 78 78 124 46
G Space -2 1 78 78 94 16
Space W 3 2 78 125 2044 1966
W M -2 -5 125 62 390 265
M Back 3 -6 62 93 936 874
Back O -1 4 93 63 249 156
O A -1 8 63 93 110 47
A M -1 -6 93 93 780 687
M A 1 6 93 109 187 94
A N -1 -5 109 62 187 78
N Space -1 2 62 94 156 94
Space W 3 2 94 140 702 608
W H -1 -4 140 234 343 203
H O 1 -3 234 109 203 -31
O Space -3 5 109 94 265 156
Space W 3 2 94 78 141 47
W O 0 -7 78 78 156 78
O U 0 2 78 63 171 93
U L -1 -2 63 78 187 124
L D 0 6 78 78 141 63
D Space -2 -1 78 94 109 31
Space B 1 -1 94 78 281 187
B E 2 2 78 78 140 62
E C -2 0 78 78 312 234
C O 2 -6 78 94 109 31
O M -2 2 94 94 156 62
M E 2 4 94 78 156 62
E Space -3 -1 78 93 188 110
Space M 1 -3 93 93 234 141
M Y 2 1 93 93 234 141
Y Space -3 2 93 109 171 78
Space W 3 2 109 109 468 359
W I 0 -6 109 62 609 500
I F -1 4 62 124 78 16
F E 1 1 124 125 62 -62
E OemPeriod -2 -6 125 93 1030 905
OemPeriod Space -1 5 93 78 390 297
Space LShiftKey 1 4 78 343 234 156
LShiftKey LShiftKey 0 0 343 421 655 312
LShiftKey P 2 -10 421 78 249 -172
P I 0 2 78 62 188 110
I X -2 6 62 140 764 702
X A 1 1 140 125 187 47
A R 1 -3 125 109 609 484
R Space -3 0 109 94 280 171
Space W 3 2 94 124 188 94
W E 0 -1 124 110 124 0
E N -2 -3 110 78 188 78
N T 2 1 78 78 140 62
T Space -3 1 78 109 109 31
Space O 3 -5 109 47 1435 1326
O N -2 3 47 94 1607 1560
N Space -1 2 94 93 219 125
Space T 3 -1 93 78 140 47
T O 0 -4 78 78 172 94
O Space -3 5 78 93 187 109
Space C 1 1 93 93 234 141
C R 2 -1 93 156 218 125
R E 0 1 156 109 94 -62
E A -1 2 109 125 171 62
A T 1 -4 125 78 188 63
T E 0 2 78 93 109 31
E Space -3 -1 93 94 140 47
Space T 3 -1 94 94 1045 951
T H -1 -1 94 78 203 109
H E 1 3 78 62 125 47
E Space -3 -1 62 78 109 47
Space W 3 2 78 109 141 63
W O 0 -7 109 78 187 78
O R 0 5 78 78 140 62
R L -1 -5 78 78 531 453
L Oem7 0 -2 78 62 702 624
Oem7 S 0 9 62 78 93 31
S Space -2 -2 78 78 172 94
Space F 2 0 78 125 655 577
F I 1 -4 125 203 281 156
I R 0 4 203 94 265 62
R S -1 2 94 78 234 140
S T 1 -3 78 78 140 62
T Space -3 1 78 109 219 141
Space C 1 1 109 78 1981 1872
C O 2 -6 78 93 172 94
O M -2 2 93 93 156 63
M P 2 -3 93 94 171 78
P U 0 3 94 63 234 140
U T 0 2 63 93 250 187
T E 0 2 93 140 109 16
E R 0 -1 140 109 125 -15
R Space -3 0 109 78 156 47
Space A 2 3 78 109 125 47
A N -1 -5 109 94 140 31
N I 2 -2 94 32 218 124
I M -2 1 32 93 141 109
M A 1 6 93 109 140 47
A T 1 -4 109 94 187 78
T E 0 2 94 78 125 31
E D -1 0 78 78 172 94
D Space -2 -1 78 78 171 93
Space F 2 0 78 125 359 281
F E 1 1 125 110 187 62
E A -1 2 110 125 141 31
A T 1 -4 125 63 218 93
T U 0 -2 63 78 203 140
U R 0 3 78 93 125 47
R E 0 1 93 94 62 -31
E Space -3 -1 94 94 109 15
Space F 2 0 94 78 188 94
F I 1 -4 78 78 202 124
I L -1 -1 78 78 203 125
L M -1 2 78 93 219 141
M Oemcomma 0 -1 93 78 249 156
Oemcomma Space -1 4 78 78 203 125
Space LShiftKey 1 4 78 453 1591 1513
LShiftKey T 2 -5 453 109 281 -172
T O 0 -4 109 62 312 203
O R 0 5 62 63 187 125
R Space -3 0 63 78 125 62
Space LShiftKey 1 4 78 312 172 94
LShiftKey S 1 -2 312 156 140 -172
S T 1 -3 156 93 328 172
T O 0 -4 93 63 171 78
O R 0 5 63 93 94 31
R Y 0 -2 93 78 171 78
Y Oemcomma -2 -2 78 78 1701 1623
Oemcomma Space -1 4 78 94 171 93
Space A 2 3 94 78 141 47
A N -1 -5 78 156 109 31
N D 1 3 156 78 218 62
D Space -2 -1 78 94 156 78
Space I 3 -4 94 78 203 109
I S -1 6 78 63 156 78
S Space -2 -2 63 94 78 15
Space N 1 -2 94 78 219 125
N O 2 -3 78 94 202 124
O W 0 7 94 78 172 78
W Space -3 -2 78 78 203 125
Space T 3 -1 78 78 1575 1497
T H -1 -1 78 78 188 110
H E 1 3 78 62 140 62
E Space -3 -1 62 78 94 32
Space M 1 -3 78 140 234 156
M O 2 -2 140 125 109 -31
O S -1 7 125 78 218 93
S T 1 -3 78 62 141 63
T Space -3 1 62 78 202 140
Space S 2 2 78 78 156 78
S U 1 -5 78 78 156 78
U C -2 4 78 94 203 125
C C 0 0 94 78 187 93
C E 2 0 78 78 172 94
E S -1 1 78 78 203 125
S S 0 0 78 78 156 78
S F 0 -2 78 93 234 156
F U 1 -3 93 63 249 156
U L -1 -2 63 78 203 140
L Space -2 5 78 94 203 125
Space A 2 3 94 94 109 15
A N -1 -5 94 78 125 31
N I 2 -2 78 78 125 47
I M -2 1 78 94 140 62
M A 1 6 94 78 141 47
A T 1 -4 78 62 218 140
T I 0 -3 62 124 94 32
I O 0 -1 124 140 62 -62
O N -2 3 140 93 250 110
N Space -1 2 93 78 202 109
Space S 2 2 78 78 983 905
S T 1 -3 78 78 219 141
T U 0 -2 78 78 202 124
U D -1 4 78 125 141 63
D E 1 0 125 140 78 -47
E Back 1 -10 140 78 515 375
Back I -1 5 78 109 546 468
I O 0 -1 109 109 62 -47
O Space -3 5 109 93 203 94
Space I 3 -4 93 109 1560 1467
I N -2 2 109 78 171 62
N Space -1 2 78 110 156 78
Space T 3 -1 110 78 234 124
T E 0 2 78 62 266 188
E Back 1 -10 62 31 468 406
Back H -2 7 31 78 1060 1029
H E 1 3 78 78 110 32
E Space -3 -1 78 78 93 15
Space W 3 2 78 94 156 78
W O 0 -7 94 78 141 47
O R 0 5 78 78 312 234
R L -1 -5 78 94 124 46
L D 0 6 94 94 156 62
D OemPeriod -1 -6 94 63 437 343
OemPeriod Space -1 5 63 78 187 124
Space LShiftKey 1 4 78 593 468 390
LShiftKey I 2 -8 593 94 484 -109
I N -2 2 94 62 172 78
N Space -1 2 62 62 156 94
Space A 2 3 62 124 78 16
A Space -2 -3 124 62 140 16
Space R 3 0 62 110 218 156
R E 0 1 110 94 78 -32
E M -2 -4 94 78 234 140
M A 1 6 78 94 125 47
A R 1 -3 94 78 203 109
R K -1 -4 78 78 468 390
K A 0 7 78 93 125 47
A B -1 -4 93 109 577 484
B L 1 -4 109 78 328 219
L E 1 6 78 78 202 124
E Space -3 -1 78 78 156 78
Space T 3 -1 78 78 1685 1607
T U 0 -2 78 78 219 141
U R 0 3 78 47 140 62
R N -2 -2 47 46 94 47
N Space -1 2 46 78 156 110
Space O 3 -5 78 78 187 109
O F -1 5 78 93 125 47
F Space -2 0 93 93 109 16
Space E 3 1 93 109 140 47
E V -2 -1 109 125 203 94
V E 2 1 125 109 109 -16
E N -2 -3 109 78 156 47
N T 2 1 78 78 172 94
T S -1 3 78 93 203 125
S Space -2 -2 93 78 171 78
Space A 2 3 78 141 187 109
A Back 2 -12 141 109 1139 998
Back Oemcomma -3 5 109 62 484 375
Oemcomma Space -1 4 62 78 171 109
Space LShiftKey 1 4 78 296 188 110
LShiftKey A 1 -1 296 125 171 -125
A P 1 -9 125 47 234 109
P P 0 0 47 156 172 125
P L -1 1 156 94 187 31
L R 1 5 94 78 172 78
R Space -3 0 78 94 124 46
Space Back 4 -9 94 94 858 764
Back E -1 10 94 78 141 47
E Space -3 -1 78 94 171 93
Space C 1 1 94 109 203 109
C O 2 -6 109 141 156 47
O U 0 2 141 78 172 31
U G -1 2 78 125 390 312
G H 0 -1 125 110 93 -32
H T 1 1 110 93 188 78
T Space -3 1 93 78 156 63
Space LShiftKey 1 4 78 375 202 124
LShiftKey N 0 -6 375 78 234 -141
N E 2 3 78 78 266 188
E X -2 1 78 124 312 234
X T 2 -3 124 78 1107 983
T Space -3 1 78 62 687 609
Space Back 4 -9 62 78 1716 1654
Back Back 0 0 78 78 171 93
Back Back 0 0 78 63 156 78
Back LShiftKey -3 13 63 811 406 343
LShiftKey X 0 -2 811 109 452 -359
X T 2 -3 109 78 187 78
T Space -3 1 78 78 250 172
Space Oemcomma 1 -4 78 78 2340 2262
Oemcomma Space -1 4 78 78 187 109
Space LShiftKey 1 4 78 250 125 47
LShiftKey I 2 -8 250 62 156 -94
I Space -3 4 62 93 172 110
Space R 3 0 93 94 171 78
R E 0 1 94 109 47 -47
E T 0 -2 109 93 172 63
T U 0 -2 93 63 171 78
U R 0 3 63 78 109 46
R N -2 -2 78 78 94 16
N E 2 3 78 94 140 62
E D -1 0 94 78 172 78
D Space -2 -1 78 78 125 47
Space T 3 -1 78 93 780 702
T O 0 -4 93 78 515 422
O Space -3 5 78 78 202 124
Space LShiftKey 1 4 78 297 203 125
LShiftKey A 1 -1 297 156 141 -156
A P 1 -9 156 94 249 93
P P 0 0 94 94 187 93
P L -1 1 94 109 110 16
L E 1 6 109 78 218 109
E Oemcomma -2 -5 78 78 156 78
Oemcomma Space -1 4 78 78 218 140
Space A 2 3 78 141 780 702
A N -1 -5 141 93 219 78
N D 1 3 93 109 140 47
D Space -2 -1 109 110 109 0
Space T 3 -1 110 94 312 202
T H -1 -1 94 78 188 94
H E 1 3 78 140 218 140
E Space -3 -1 140 125 452 312
Space T 3 -1 125 94 671 546
T E 0 2 94 94 187 93
E C -2 0 94 94 203 109
C H 1 -3 94 78 203 109
H N -1 0 78 78 234 156
N O 2 -3 78 62 203 125
O L -1 0 62 78 187 125
L O 1 0 78 63 187 109
O G -1 4 63 141 499 436
G Y 1 -1 141 156 47 -94
Y Space -3 2 156 94 265 109
Space W 3 2 94 203 671 577
W E 0 -1 203 110 187 -16
E Space -3 -1 110 93 188 78
Space D 2 1 93 141 1450 1357
D E 1 0 141 125 78 -63
E V -2 -1 125 125 219 94
V E 2 1 125 125 109 -16
E L -1 -6 125 109 328 203
L O 1 0 109 124 234 125
O P 0 -1 124 109 78 -46
P E 0 7 109 78 93 -16
E D -1 0 78 78 187 109
D Space -2 -1 78 78 110 32
Space A 2 3 78 109 140 62
A T 1 -4 109 78 265 156
T Space -3 1 78 94 187 109
Space LShiftKey 1 4 94 250 172 78
LShiftKey N 0 -6 250 62 172 -78
N E 2 3 62 94 202 140
E LShiftKey -2 3 94 562 593 499
LShiftKey X 0 -2 562 109 172 -390
X T 2 -3 109 62 187 78
T Space -3 1 62 78 250 188
Space I 3 -4 78 93 1170 1092
I S -1 6 93 62 218 125
S Space -2 -2 62 94 187 125
Space A 2 3 94 93 172 78
A T 1 -4 93 78 109 16
T Space -3 1 78 109 702 624
Space T 3 -1 109 94 312 203
T H -1 -1 94 78 203 109
H E 1 3 78 78 140 62
E Space -3 -1 78 47 172 94
Space H 2 -2 47 78 1279 1232
H E 1 3 78 109 109 31
E A -1 2 109 187 78 -31
A R 1 -3 187 140 484 297
R T 0 -1 140 78 93 -47
T Space -3 1 78 78 203 125
Space O 3 -5 78 78 234 156
O F -1 5 78 78 141 63
F Space -2 0 78 78 124 46
Space LShiftKey 1 4 78 343 515 437
LShiftKey A 1 -1 343 156 203 -140
A P 1 -9 156 62 203 47
P P 0 0 62 78 156 94
P L -1 1 78 93 125 47
L E 1 6 93 78 171 78
E Oem7 -1 -8 78 62 453 375
Oem7 S 0 9 62 78 140 78
S Space -2 -2 78 78 125 47
Space C 1 1 78 63 530 452
C U 2 -4 63 78 172 109
U R 0 3 78 47 234 156
R R 0 0 47 109 156 109
R E 0 1 109 94 93 -16
E N -2 -3 94 63 125 31
N T 2 1 63 78 109 46
T Space -3 1 78 78 94 16
Space R 3 0 78 140 546 468
R E 0 1 140 124 94 -46
E N -2 -3 124 93 702 578
N A 1 5 93 109 109 16
A I 1 -7 109 62 187 78
I S -1 6 62 94 187 125
S S 0 0 94 141 187 93
S A 0 1 141 140 94 -47
A N -1 -5 140 94 234 94
N C 0 3 94 109 234 140
C E 2 0 109 171 16 -93
E OemPeriod -2 -6 171 78 1092 921
OemPeriod Space -1 5 78 78 249 171
Space LShiftKey 1 4 78 359 156 78
LShiftKey A 1 -1 359 203 156 -203
A N -1 -5 203 78 187 -16
N Space -1 2 78 78 188 110
Space D 2 1 78 125 124 46
D LShiftKey -1 3 125 249 375 250
LShiftKey L 1 -9 249 78 171 -78
L A 0 8 78 109 172 94
A U 1 -6 109 78 172 63
U R 0 3 78 93 312 234
R E 0 1 93 125 31 -62
E N -2 -3 125 62 234 109
N C 0 3 62 156 109 47
C E 2 0 156 125 109 -47
E Space -3 -1 125 78 203 78
Space A 2 3 78 124 640 562
A N -1 -5 124 47 187 63
N D 1 3 47 156 140 93
D Space -2 -1 156 94 265 109
Space LShiftKey 1 4 94 297 203 109
LShiftKey I 2 -8 297 78 187 -110
I Space -3 4 78 78 188 110
Space H 2 -2 78 62 156 78
H A 0 5 62 140 78 16
A V -1 -3 140 109 265 125
V E 2 1 109 109 78 -31
E Space -3 -1 109 78 187 78
Space A 2 3 78 141 967 889
A Space -2 -3 141 93 687 546
Space W 3 2 93 109 1076 983
W O 0 -7 109 78 281 172
O N -2 3 78 78 998 920
N D 1 3 78 125 219 141
D E 1 0 125 156 78 -47
E R 0 -1 156 93 156 0
R F -1 0 93 110 249 156
F U 1 -3 110 78 203 93
U L -1 -2 78 78 203 125
L Space -2 5 78 78 234 156
Space F 2 0 78 78 296 218
F A 0 3 78 93 110 32
A M -1 -6 93 94 202 109
M I 2 -1 94 78 188 94
I L -1 -1 78 63 202 124
L Y 1 3 63 78 141 78
Y Space -3 2 78 78 125 47
Space T 3 -1 78 62 468 390
T O 0 -4 62 78 171 109
O E 0 6 78 156 390 312
E T 0 -2 156 109 125 -31
T H -1 -1 109 78 203 94
H E 1 3 78 125 109 31
E R 0 -1 125 78 187 62
R OemPeriod -2 -5 78 78 1529 1451
OemPeriod Return 1 -3 78 78 4883 4805
Return LShiftKey -1 12 78 359 1482 1404
LShiftKey I 2 -8 359 78 234 -125
I Space -3 4 78 110 483 405
Space Back 4 -9 110 93 1826 1716
Back Oem7 -2 2 93 62 390 297
Oem7 M -1 4 62 62 468 406
M Space -1 3 62 78 156 94
Space P 3 -6 78 78 421 343
P R 0 6 78 47 265 187
R E 0 1 47 94 468 421
E T 0 -2 94 78 234 140
T T 0 0 78 62 156 78
T Y 0 -1 62 78 156 94
Y Space -3 2 78 78 187 109
Space S 2 2 78 125 624 546
S U 1 -5 125 62 297 172
U R 0 3 62 124 156 94
R E 0 1 124 78 78 -46
E Space -3 -1 78 78 124 46
Space N 1 -2 78 94 234 156
N O 2 -3 94 78 203 109
O N -2 3 78 94 156 78
N E 2 3 94 62 141 47
E Space -3 -1 62 94 62 0
Space O 3 -5 94 94 858 764
O F -1 5 94 109 187 93
F Space -2 0 109 109 125 16
Space T 3 -1 109 62 156 47
T H -1 -1 62 125 125 63
H I 1 -2 125 125 62 -63
I S -1 6 125 78 187 62
S Space -2 -2 78 109 94 16
Space W 3 2 109 125 218 109
W O 0 -7 125 94 203 78
O U 0 2 94 63 187 93
U L -1 -2 63 32 234 171
L D 0 6 32 78 125 93
D Space -2 -1 78 156 562 484
Space H 2 -2 156 78 374 218
H A 0 5 78 78 94 16
A V -1 -3 78 109 218 140
V E 2 1 109 125 78 -31
E Space -3 -1 125 94 187 62
Space H 2 -2 94 94 749 655
H A 0 5 94 78 141 47
A P 1 -9 78 78 234 156
P P 0 0 78 62 156 78
P E 0 7 62 94 140 78
E N -2 -3 94 32 374 280
N E 2 3 32 62 110 78
E D -1 0 62 78 171 109
D Space -2 -1 78 94 125 47
Space LShiftKey 1 4 94 249 562 468
LShiftKey I 2 -8 249 62 577 328
I F -1 4 62 78 140 78
F Space -2 0 78 94 31 -47
Space I 3 -4 94 94 203 109
I LShiftKey -2 8 94 452 172 78
LShiftKey Back 3 -13 452 78 593 141
Back LShiftKey -3 13 78 718 249 171
LShiftKey I 2 -8 718 78 546 -172
I Space -3 4 78 78 219 141
Space H 2 -2 78 78 1310 1232
H A 0 5 78 124 94 16
A D 0 -2 124 109 140 16
D Oem7 0 -8 109 78 796 687
Oem7 M -1 4 78 47 296 218
M Back 3 -6 47 93 406 359
Back N -3 7 93 93 312 219
N T 2 1 93 94 171 78
T Back 1 -8 94 78 406 312
Back Back 0 0 78 62 156 78
Back Back 0 0 62 78 140 78
Back N -3 7 78 62 952 874
N Oem7 1 -5 62 78 671 609
Oem7 T 1 6 78 109 468 390
T Space -3 1 109 94 171 62
Space B 1 -1 94 78 375 281
B E 2 2 78 78 140 62
E E 0 0 78 62 172 94
E N -2 -3 62 63 124 62
N Space -1 2 63 78 156 93
Space F 2 0 78 125 905 827
F I 1 -4 125 78 141 16
I R 0 4 78 141 249 171
R E 0 1 141 93 141 0
E D -1 0 93 109 140 47
D Space -2 -1 109 78 156 47
Space F 2 0 78 125 109 31
F R 1 0 125 110 109 -16
R O 0 -5 110 109 141 31
O M -2 2 109 78 187 78
M Space -1 3 78 78 156 78
Space LShiftKey 1 4 78 312 374 296
LShiftKey A 1 -1 312 141 156 -156
A P 1 -9 141 78 188 47
P P 0 0 78 343 187 109
P L -1 1 343 109 936 593
L E 1 6 109 78 109 0
E OemPeriod -2 -6 78 62 468 390
OemPeriod Space -1 5 62 78 234 172
Space I 3 -4 78 93 1108 1030
I Back 1 -5 93 78 483 390
Back LShiftKey -3 13 78 343 219 141
LShiftKey I 2 -8 343 94 202 -141
I T 0 3 94 63 234 140
T Space -3 1 63 78 203 140
Space W 3 2 78 125 109 31
W A -1 1 125 172 78 -47
A S 0 -1 172 109 141 -31
S Space -2 -2 109 78 140 31
Space A 2 3 78 125 640 562
A W 1 -1 125 94 499 374
W F -1 -2 94 78 359 265
F U 1 -3 78 78 249 171
U L -1 -2 78 78 219 141
L Space -2 5 78 78 187 109
Space T 3 -1 78 62 359 281
T A -1 4 62 109 109 47
A S 0 -1 109 110 218 109
S T 1 -3 110 78 266 156
T I 0 -3 78 109 171 93
I N -2 2 109 78 187 78
N G 1 1 78 93 110 32
G Space -2 1 93 93 624 531
Space M 1 -3 93 78 592 499
M E 2 4 78 78 141 63
E D -1 0 78 78 187 109
D I 1 -5 78 63 140 62
I C -2 5 63 78 172 109
C I 2 -5 78 78 94 16
I N -2 2 78 78 171 93
N E 2 3 78 94 109 31
E Oemcomma -2 -5 94 94 406 312
Oemcomma Space -1 4 94 94 187 93
Space LShiftKey 1 4 94 93 1077 983
LShiftKey B 0 -5 93 63 405 312
B U 2 -2 63 62 172 109
U T 0 2 62 94 140 78
T Space -3 1 94 63 234 140
Space LShiftKey 1 4 63 437 234 171
LShiftKey I 2 -8 437 62 281 -156
I Space -3 4 62 62 234 172
Space G 2 -1 62 156 296 234
G U 1 -2 156 109 110 -46
U E 0 4 109 94 140 31
E S -1 1 94 62 234 140
S S 0 0 62 62 156 94
S Space -2 -2 62 78 156 94
Space T 3 -1 78 78 515 437
T H -1 -1 78 62 203 125
H E 1 3 62 78 140 78
E Space -3 -1 78 93 94 16
Space P 3 -6 93 62 265 172
P A -1 9 62 110 93 31
A T 1 -4 110 109 344 234
T E 0 2 109 141 795 686
E Back 1 -10 141 78 421 280
Back I -1 5 78 78 219 141
I E 0 5 78 78 93 15
E N -2 -3 78 78 125 47
N T 2 1 78 94 125 47
T Space -3 1 94 78 94 0
Space B 1 -1 78 78 717 639
B Back 3 -8 78 94 437 359
Back N -3 7 94 62 250 156
N E 2 3 62 62 156 94
E E 0 0 62 62 156 94
E D -1 0 62 156 187 125
D E 1 0 156 124 125 -31
E D -1 0 124 110 124 0
D Space -2 -1 110 109 188 78
Space I 3 -4 109 78 234 125
I T 0 3 78 93 109 31
T OemPeriod -2 -4 93 62 437 344
OemPeriod Space -1 5 62 78 202 140
Space LShiftKey 1 4 78 843 203 125
LShiftKey S 1 -2 843 125 702 -141
S O 1 -7 125 93 172 47
O M -2 2 93 109 156 63
M E 2 4 109 78 140 31
E T 0 -2 78 62 219 141
T I 0 -3 62 125 109 47
I M -2 1 125 125 171 46
M E 2 4 125 78 141 16
E S -1 1 78 93 203 125
S Space -2 -2 93 78 140 47
Space L 2 -5 78 63 1076 998
L K 0 1 63 16 16 -47
K I 1 0 16 78 187 171
I F -1 4 78 93 219 141
F E 1 1 93 110 46 -47
E Space -3 -1 110 78 172 62
Space H 2 -2 78 140 1638 1560
H I 1 -2 140 93 94 -46
I T 0 3 93 78 156 63
T S -1 3 78 94 202 124
S Space -2 -2 94 78 172 78
Space Y 3 -2 78 94 998 920
Y O 0 -3 94 125 78 -16
O U 0 2 125 93 110 -15
U Space -3 3 93 78 202 109
Space I 3 -4 78 62 188 110
I N -2 2 62 63 124 62
N Space -1 2 63 63 156 93
Space T 3 -1 63 78 141 78
T H -1 -1 78 62 109 31
H E 1 3 62 78 140 78
E Space -3 -1 78 94 125 47
Space H 2 -2 94 78 250 156
H E 1 3 78 110 93 15
E A -1 2 110 156 78 -32
A D 0 -2 156 94 125 -31
D Space -2 -1 94 78 172 78
Space W 3 2 78 78 1154 1076
W I 0 -6 78 78 156 78
I T 0 3 78 78 172 94
T H -1 -1 78 78 140 62
H Space -2 2 78 78 187 109
Space A 2 3 78 109 141 63
A Space -2 -3 109 93 125 16
Space B 1 -1 93 62 218 125
B R 2 1 62 78 250 188
R I 0 -4 78 78 171 93
I C -2 5 78 94 187 109
C K 1 -5 94 94 172 78
K OemPeriod -1 -1 94 62 546 452
OemPeriod Space -1 5 62 78 203 141
Space LShiftKey 1 4 78 593 577 499
LShiftKey D 1 -3 593 110 452 -141
D O 1 -6 110 78 203 93
O N -2 3 78 63 187 109
N Oem7 1 -5 63 62 640 577
Oem7 T 1 6 62 93 515 453
T Space -3 1 93 110 171 78
Space L 2 -5 110 62 219 109
L O 1 0 62 63 171 109
O S -1 7 63 78 141 78
S E 1 -1 78 93 156 78
E Space -3 -1 93 63 140 47
Space F 2 0 63 125 1217 1154
F A 0 3 125 93 94 -31
A I 1 -7 93 93 156 63
I T 0 3 93 94 171 78
T H -1 -1 94 78 125 31
H OemPeriod -1 -3 78 62 1217 1139
OemPeriod Space -1 5 62 78 187 125
Space LShiftKey 1 4 78 312 218 140
LShiftKey I 2 -8 312 47 203 -109
I Oem7 -1 -3 47 46 765 718
Oem7 M -1 4 46 78 686 640
M Space -1 3 78 78 156 78
Space C 1 1 78 94 343 265
C O 2 -6 94 94 109 15
O N -2 3 94 63 203 109
N V 0 2 63 78 297 234
V I 2 -4 78 78 124 46
I N -2 2 78 78 156 78
N C 0 3 78 125 125 47
C E 2 0 125 78 390 265
E D -1 0 78 93 172 94
D Space -2 -1 93 63 140 47
Space R 3 0 63 62 1295 1232
R Back 1 -9 62 78 437 375
Back T -1 8 78 62 265 187
T H -1 -1 62 62 156 94
H A 0 5 62 78 109 47
A T 1 -4 78 78 63 -15
T Space -3 1 78 62 187 109
Space T 3 -1 62 63 171 109
T H -1 -1 63 62 141 78
H E 1 3 62 63 140 78
E Space -3 -1 63 94 47 -16
Space O 3 -5 94 94 296 202
O N -2 3 94 78 172 78
N L 1 -3 78 62 172 94
L Oem1 0 -1 62 31 15 -47
Oem1 Y 1 4 31 78 172 141
Y Space -3 2 78 93 234 156
Space T 3 -1 93 78 234 141
T H -1 -1 78 93 78 0
H I 1 -2 93 109 62 -31
I N -2 2 109 78 156 47
N G 1 1 78 62 125 47
G Space -2 1 62 62 78 16
Space T 3 -1 62 78 1732 1670
T H -1 -1 78 78 171 93
H A 0 5 78 78 125 47
A T 1 -4 78 62 47 -31
T Space -3 1 62 94 171 109
Space K 2 -4 94 78 344 250
K E 1 5 78 62 140 62
E P 0 -7 62 63 109 47
P T 0 5 63 78 187 124
T Space -3 1 78 78 141 63
Space M 1 -3 78 94 249 171
M E 2 4 94 93 110 16
E Space -3 -1 93 78 124 31
Space G 2 -1 78 78 266 188
G O 1 -4 78 78 109 31
O I 0 1 78 78 187 109
I N -2 2 78 62 156 78
N G 1 1 62 78 109 47
G Space -2 1 78 78 94 16
Space W 3 2 78 156 1154 1076
W A -1 1 156 202 141 -15
A S 0 -1 202 125 171 -31
S Space -2 -2 125 94 203 78
Space T 3 -1 94 78 187 93
T H -1 -1 78 78 109 31
H E 1 3 78 94 125 47
E Back 1 -10 94 93 609 515
Back A -2 12 93 109 109 16
A T 1 -4 109 78 203 94
T Space -3 1 78 78 202 124
Space LShiftKey 1 4 78 250 172 94
LShiftKey I 2 -8 250 62 156 -94
I Space -3 4 62 78 140 78
Space L 2 -5 78 78 172 94
L O 1 0 78 62 156 78
O V -2 5 62 109 125 63
V E 2 1 109 93 78 -31
E D -1 0 93 109 218 125
D Space -2 -1 109 78 156 47
Space W 3 2 78 94 983 905
W H -1 -4 94 94 156 62
H A 0 5 94 94 109 15
A T 1 -4 94 62 125 31
T Space -3 1 62 63 187 125
Space LShiftKey 1 4 63 281 125 62
LShiftKey I 2 -8 281 78 140 -141
I Space -3 4 78 62 172 94
Space D 2 1 62 93 125 63
D I 1 -5 93 47 218 125
I D -1 5 47 94 125 78
D OemPeriod -1 -6 94 62 671 577
OemPeriod Space -1 5 62 93 2106 2044
Space LShiftKey 1 4 93 249 515 422
LShiftKey Y 2 -6 249 78 202 -47
Y O 0 -3 78 125 172 94
O U 0 2 125 78 140 15
U Oem7 -1 -4 78 62 640 562
Oem7 V -1 7 62 140 437 375
V E 2 1 140 110 93 -47
E Space -3 -1 110 78 172 62
Space G 2 -1 78 78 265 187
G O 1 -4 78 94 187 109
O T 0 4 94 78 172 78
T Space -3 1 78 93 94 16
Space T 3 -1 93 109 967 874
T O 0 -4 109 109 1045 936
O Space -3 5 109 93 203 94
Space F 2 0 93 78 171 78
F I 1 -4 78 94 94 16
I N -2 2 94 110 140 46
N D 1 3 110 110 312 202
D Space -2 -1 110 78 172 62
Space W 3 2 78 109 2730 2652
W H -1 -4 109 78 141 32
H A 0 5 78 93 109 31
A T 1 -4 93 62 109 16
T Space -3 1 62 78 156 94
Space Y 3 -2 78 109 328 250
Y O 0 -3 109 140 78 -31
O U 0 2 140 93 109 -31
U Space -3 3 93 78 218 125
Space L 2 -5 78 31 250 172
L O 1 0 31 63 1622 1591
O V -2 5 63 109 141 78
V E 2 1 109 109 78 -31
E OemPeriod -2 -6 109 62 608 499
OemPeriod Space -1 5 62 125 343 281
Space LShiftKey 1 4 125 359 827 702
LShiftKey A 1 -1 359 156 203 -156
A N -1 -5 156 62 281 125
N D 1 3 62 109 93 31
D Space -2 -1 109 78 141 32
Space T 3 -1 78 63 202 124
T H -1 -1 63 78 172 109
H A 0 5 78 93 125 47
A T 1 -4 93 109 62 -31
T Space -3 1 109 93 219 110
Space I 3 -4 93 78 1372 1279
I S -1 6 78 62 141 63
S Space -2 -2 62 140 78 16
Space A 2 3 140 171 156 16
A S 0 -1 171 156 156 -15
S Space -2 -2 156 109 187 31
Space T 3 -1 109 171 172 63
T R 0 1 171 109 140 -31
R U 0 -3 109 78 187 78
U E 0 4 78 140 125 47
E Space -3 -1 140 78 1342 1202
Space F 2 0 78 78 187 109
F O 1 -5 78 63 171 93
O R 0 5 63 78 94 31
R Space -3 0 78 78 109 31
Space Y 3 -2 78 109 234 156
Y O 0 -3 109 110 109 0
O U 0 2 110 94 78 -32
U R 0 3 94 78 156 62
R Space -3 0 78 63 125 47
Space W 3 2 63 78 125 62
W O 0 -7 78 171 250 172
O R 0 5 171 94 249 78
R K -1 -4 94 94 109 15
K Space -2 4 94 94 1498 1404
Space A 2 3 94 140 156 62
A S 0 -1 140 156 62 -78
S Space -2 -2 156 93 188 32
Space I 3 -4 93 78 561 468
I T 0 3 78 94 125 47
T Space -3 1 94 125 109 15
Space I 3 -4 125 63 234 109
I S -1 6 63 94 109 46
S Space -2 -2 94 78 110 16
Space F 2 0 78 93 577 499
F O 1 -5 93 78 156 63
O R 0 5 78 78 140 62
R Space -3 0 78 109 125 47
Space Y 3 -2 109 93 2512 2403
Y O 0 -3 93 124 78 -15
O U 0 2 124 78 124 0
U R 0 3 78 78 156 78
R Space -3 0 78 78 110 32
Space L 2 -5 78 78 218 140
L O 1 0 78 62 172 94
O V -2 5 62 109 140 78
V E 2 1 109 140 94 -15
E R 0 -1 140 93 234 94
R S -1 2 93 110 202 109
S OemPeriod -1 -7 110 78 468 358
OemPeriod Space -1 5 78 78 2808 2730
Space LShiftKey 1 4 78 188 156 78
LShiftKey Y 2 -6 188 78 141 -47
Y O 0 -3 78 93 125 47
O U 0 2 93 109 62 -31
U R 0 3 109 78 187 78
R Space -3 0 78 78 141 63
Space W 3 2 78 109 858 780
W O 0 -7 109 125 171 62
O R 0 5 125 94 265 140
R K -1 -4 94 78 188 94
K Space -2 4 78 78 202 124
Space I 3 -4 78 78 188 110
I S -1 6 78 78 124 46
S Space -2 -2 78 93 63 -15
Space G 2 -1 93 62 203 110
G O 1 -4 62 78 93 31
O I 0 1 78 94 187 109
I N -2 2 94 94 203 109
N G 1 1 94 78 187 93
G Space -2 1 78 94 94 16
Space T 3 -1 94 78 655 561
T O 0 -4 78 78 172 94
O Space -3 5 78 94 171 93
Space F 2 0 94 78 312 218
F I 1 -4 78 78 156 78
I L -1 -1 78 78 219 141
L L 0 0 78 78 140 62
L Space -2 5 78 78 203 125
Space A 2 3 78 109 109 31
A Space -2 -3 109 62 125 16
Space L 2 -5 62 125 374 312
L A 0 8 125 109 203 78
A R 1 -3 109 78 702 593
R G -1 -1 78 109 234 156
G E 1 2 109 93 94 -15
E Space -3 -1 93 78 156 63
Space P 3 -6 78 78 171 93
P A -1 9 78 109 63 -15
A R 1 -3 109 78 156 47
R T 0 -1 78 78 171 93
T Space -3 1 78 78 141 63
Space O 3 -5 78 78 187 109
O F -1 5 78 78 140 62
F Space -2 0 78 93 141 63
Space Y 3 -2 93 187 265 172
Y O 0 -3 187 125 140 -47
O U 0 2 125 93 141 16
U R 0 3 93 63 218 125
R Space -3 0 63 78 125 62
Space L 2 -5 78 94 265 187
L I 1 1 94 62 219 125
I F -1 4 62 94 124 62
F E 1 1 94 125 63 -31
E Oemcomma -2 -5 125 62 421 296
Oemcomma Space -1 4 62 78 203 141
Space A 2 3 78 78 951 873
A N -1 -5 78 109 125 47
N D 1 3 109 93 141 32
D Space -2 -1 93 109 109 16
Space T 3 -1 109 62 234 125
T H -1 -1 62 78 109 47
H E 1 3 78 78 109 31
E Space -3 -1 78 78 125 47
Space O 3 -5 78 62 250 172
O N -2 3 62 63 171 109
N L 1 -3 63 94 156 93
L Y 1 3 94 78 141 47
Y Space -3 2 78 109 109 31
Space W 3 2 109 203 499 390
W A -1 1 203 156 140 -63
A Y 1 -5 156 62 172 16
Y Space -3 2 62 109 234 172
Space T 3 -1 109 109 1045 936
T O 0 -4 109 62 203 94
O Space -3 5 62 62 203 141
Space B 1 -1 62 109 359 297
B E 2 2 109 94 202 93
E Space -3 -1 94 62 172 78
Space T 3 -1 62 124 94 32
T R 0 1 124 125 93 -31
R U 0 -3 125 94 203 78
U L -1 -2 94 78 234 140
L Y 1 3 78 78 140 62
Y Space -3 2 78 78 125 47
Space S 2 2 78 156 265 187
S A 0 1 156 125 125 -31
A T 1 -4 125 78 265 140
T I 0 -3 78 62 172 94
I S -1 6 62 94 140 78
S F 0 -2 94 93 375 281
F I 1 -4 93 94 171 78
I E 0 5 94 110 156 62
E D -1 0 110 94 203 93
D Space -2 -1 94 93 172 78
Space I 3 -4 93 94 1497 1404
I S -1 6 94 94 125 31
S Space -2 -2 94 109 141 47
Space T 3 -1 109 94 171 62
T O 0 -4 94 94 187 93
O Space -3 5 94 93 188 94
Space D 2 1 93 78 140 47
D O 1 -6 78 63 140 62
O Space -3 5 63 109 203 140
Space W 3 2 109 109 203 94
W H -1 -4 109 16 187 78
H A 0 5 16 109 437 421
A T 1 -4 109 78 140 31
T Space -3 1 78 93 219 141
Space Y 3 -2 93 125 312 219
Y O 0 -3 125 109 109 -16
O U 0 2 109 63 109 0
U Space -3 3 63 78 1233 1170
Space B 1 -1 78 78 561 483
B E 2 2 78 62 203 125
E L -1 -6 62 63 140 78
L I 1 1 63 62 172 109
I E 0 5 62 94 109 47
E V -2 -1 94 125 250 156
V E 2 1 125 110 93 -32
E Space -3 -1 110 78 172 62
Space I 3 -4 78 78 1685 1607
I S -1 6 78 62 156 78
S Space -2 -2 62 109 47 -15
Space G 2 -1 109 140 218 109
G R 1 1 140 78 94 -46
R E 0 1 78 156 202 124
E A -1 2 156 156 125 -31
A T 1 -4 156 94 125 -31
T Space -3 1 94 109 156 62
Space W 3 2 109 93 125 16
W O 0 -7 93 109 140 47
O R 0 5 109 93 141 32
R K -1 -4 93 78 156 63
K OemPeriod -1 -1 78 63 436 358
OemPeriod Space -1 5 63 94 203 140
Space LShiftKey 1 4 94 249 718 624
LShiftKey A 1 -1 249 140 125 -124
A N -1 -5 140 78 873 733
N D 1 3 78 94 125 47
D Space -2 -1 94 78 78 -16
Space T 3 -1 78 93 203 125
T H -1 -1 93 94 171 78
H Space -2 2 94 62 250 156
Space E 3 1 62 140 78 16
E Space -3 -1 140 94 655 515
Space O 3 -5 94 78 2387 2293
O N -2 3 78 62 156 78
N L 1 -3 62 78 172 110
L Y 1 3 78 62 187 109
Y Space -3 2 62 78 93 31
Space W 3 2 78 250 172 94
W A -1 1 250 234 125 -125
A Y 1 -5 234 94 249 15
Y Space -3 2 94 94 172 78
Space T 3 -1 94 93 125 31
T O 0 -4 93 78 140 47
O Space -3 5 78 62 172 94
Space D 2 1 62 78 125 63
D O 1 -6 78 78 109 31
O Space -3 5 78 78 156 78
Space G 2 -1 78 140 156 78
G R 1 1 140 125 78 -62
R E 0 1 125 203 234 109
E A -1 2 203 172 140 -63
A T 1 -4 172 78 141 -31
T Space -3 1 78 93 156 78
Space W 3 2 93 109 140 47
W O 0 -7 109 93 172 63
O R 0 5 93 94 124 31
R K -1 -4 94 78 156 62
K Space -2 4 78 78 188 110
Space I 3 -4 78 78 1154 1076
I S -1 6 78 62 203 125
S Space -2 -2 62 109 125 63
Space T 3 -1 109 78 171 62
T O 0 -4 78 62 141 63
O Space -3 5 62 63 171 109
Space D 2 1 63 78 172 109
D O 1 -6 78 78 125 47
O Space -3 5 78 78 171 93
Space W 3 2 78 125 312 234
W H -1 -4 125 78 219 94
H A 0 5 78 78 156 78
A T 1 -4 78 93 109 31
T Space -3 1 93 78 249 156
Space Back 4 -9 78 78 2231 2153
Back Back 0 0 78 93 172 94
Back Back 0 0 93 78 171 78
Back Back 0 0 78 78 156 78
Back Back 0 0 78 62 172 94
Back Back 0 0 62 62 156 94
Back Back 0 0 62 62 156 94
Back Back 0 0 62 78 156 94
Back L -2 4 78 78 780 702
L O 1 0 78 63 187 109
O V -2 5 63 94 156 93
V E 2 1 94 93 63 -31
E Space -3 -1 93 62 156 63
Space W 3 2 62 124 156 94
W H -1 -4 124 63 171 47
H A 0 5 63 94 109 46
A T 1 -4 94 78 110 16
T Space -3 1 78 78 234 156
Space Y 3 -2 78 140 2184 2106
Y O 0 -3 140 140 109 -31
O U 0 2 140 62 125 -15
U Space -3 3 62 78 187 125
Space D 2 1 78 78 125 47
D O 1 -6 78 63 171 93
O OemPeriod -2 0 63 62 515 452
OemPeriod Space -1 5 62 78 250 188
Space LShiftKey 1 4 78 530 421 343
LShiftKey I 2 -8 530 78 437 -93
I Space -3 4 78 46 234 156
Space Back 4 -9 46 78 499 453
Back F -2 9 78 62 125 47
F Space -2 0 62 78 124 62
Space Y 3 -2 78 94 250 172
Y O 0 -3 94 109 109 15
O U 0 2 109 93 94 -15
U Space -3 3 93 78 312 219
Space H 2 -2 78 63 405 327
H A 0 5 63 109 110 47
A D 0 -2 109 93 156 47
D N -1 -3 93 78 1310 1217
N Oem7 1 -5 78 63 499 421
Oem7 T 1 6 63 109 780 717
T Space -3 1 109 78 172 63
Space F 2 0 78 78 1466 1388
F O 1 -5 78 109 203 125
O U 0 2 109 94 218 109
U N -2 1 94 62 188 94
N D 1 3 62 62 140 78
D Space -2 -1 62 78 94 32
Space I 3 -4 78 78 202 124
I T 0 3 78 63 125 47
T Space -3 1 63 94 78 15
Space Y 3 -2 94 47 234 140
Y E 0 3 47 110 109 62
E T 0 -2 110 78 125 15
T Space -3 1 78 94 203 125
Space Oemcomma 1 -4 94 78 1295 1201
Oemcomma Space -1 4 78 78 187 109
Space K 2 -4 78 78 218 140
K E 1 5 78 62 172 94
E E 0 0 62 78 140 78
E P 0 -7 78 78 141 63
P Space -3 6 78 78 171 93
Space L 2 -5 78 62 188 110
L O 1 0 62 31 187 125
O O 0 0 31 62 156 125
O K -1 1 62 125 156 94
K I 1 0 125 78 171 46
I N -2 2 78 63 156 78
N G 1 1 63 78 125 62
G OemPeriod -1 -4 78 63 1248 1170
OemPeriod Space -1 5 63 63 234 171
Space LShiftKey 1 4 63 359 234 171
LShiftKey S 1 -2 359 125 187 -172
S O 1 -7 125 62 94 -31
O Back 1 -4 62 78 328 266
Back Back 0 0 78 62 218 140
Back LShiftKey -3 13 62 499 265 203
LShiftKey D 1 -3 499 156 281 -218
D O 1 -6 156 62 484 328
O N -2 3 62 62 156 94
N T 2 1 62 78 109 47
T Space -3 1 78 62 125 47
Space Back 4 -9 62 62 733 671
Back Back 0 0 62 47 998 936
Back Oem7 -2 2 47 78 453 406
Oem7 S 0 9 78 63 171 93
S Back 2 -11 63 78 375 312
Back T -1 8 78 78 280 202
T Space -3 1 78 93 188 110
Space LShiftKey 1 4 93 187 171 78
LShiftKey S 1 -2 187 93 63 -124
S Back 2 -11 93 63 514 421
Back S -2 11 63 78 125 62
S E 1 -1 78 93 609 531
E T 0 -2 93 78 265 172
T T 0 0 78 62 156 78
T L -1 -4 62 47 156 94
L Y 1 3 47 78 93 46
Y Back 1 -7 78 94 515 437
Back E -1 10 94 78 343 249
E Space -3 -1 78 63 203 125
Space Back 4 -9 63 78 1638 1575
Back OemPeriod -3 4 78 62 515 437
OemPeriod Space -1 5 62 63 218 156
Space LShiftKey 1 4 63 203 156 93
LShiftKey A 1 -1 203 187 94 -109
A S 0 -1 187 109 203 16
S Space -2 -2 109 78 171 62
Space W 3 2 78 94 94 16
W I 0 -6 94 78 187 93
I T 0 3 78 62 141 63
T H -1 -1 62 78 93 31
H Space -2 2 78 93 172 94
Space A 2 3 93 125 1560 1467
A L 0 -8 125 62 265 140
L L 0 0 62 62 125 63
L Space -2 5 62 62 156 94
Space M 1 -3 62 78 156 94
M A 1 6 78 125 78 0
A T 1 -4 125 78 281 156
T T 0 0 78 62 140 62
T E 0 2 62 94 62 0
E R 0 -1 94 94 172 78
R S -1 2 94 94 187 93
S Space -2 -2 94 78 156 62
Space O 3 -5 78 94 827 749
O F -1 5 94 78 140 46
F Space -2 0 78 78 78 0
Space T 3 -1 78 93 141 63
T H -1 -1 93 78 125 32
H E 1 3 78 93 109 31
E Space -3 -1 93 94 93 0
Space H 2 -2 94 63 234 140
H E 1 3 63 140 94 31
E A -1 2 140 156 109 -31
A R 1 -3 156 93 172 16
R T 0 -1 93 94 140 47
T Space -3 1 94 109 234 140
Space Back 4 -9 109 78 546 437
Back OemPeriod -3 4 78 63 312 234
OemPeriod Back 3 -4 63 62 453 390
Back Oemcomma -3 5 62 78 218 156
Oemcomma Space -1 4 78 78 187 109
Space Y 3 -2 78 93 297 219
Y O 0 -3 93 109 156 63
O U 0 2 109 93 78 -31
U Oem7 -1 -4 93 62 780 687
Oem7 L 0 2 62 63 561 499
L L 0 0 63 62 141 78
L Space -2 5 62 93 203 141
Space K 2 -4 93 94 1076 983
K N -1 2 94 78 140 46
N O 2 -3 78 94 156 78
O W 0 7 94 62 188 94
W Space -3 -2 62 78 93 31
Space W 3 2 78 78 811 733
W H -1 -4 78 78 156 78
H E 1 3 78 62 141 63
E N -2 -3 62 78 125 63
N Space -1 2 78 78 156 78
Space Y 3 -2 78 94 249 171
Y O 0 -3 94 109 94 0
O U 0 2 109 94 93 -16
U Space -3 3 94 78 219 125
Space F 2 0 78 78 218 140
F I 1 -4 78 94 733 655
I N -2 2 94 78 156 62
N D 1 3 78 78 141 63
D Space -2 -1 78 78 125 47
Space I 3 -4 78 109 265 187
I T 0 3 109 78 156 47
T OemPeriod -2 -4 78 63 1497 1419
OemPeriod Space -1 5 63 31 266 203
Space Space 0 0 31 46 78 47
Space LShiftKey 1 4 46 281 249 203
LShiftKey A 1 -1 281 156 141 -140
A N -1 -5 156 63 171 15
N D 1 3 63 78 281 218
D Space -2 -1 78 46 172 94
Space Oemcomma 1 -4 46 47 592 546
Oemcomma Space -1 4 47 78 188 141
Space L 2 -5 78 78 1154 1076
L I 1 1 78 63 187 109
I K -1 0 63 94 156 93
K E 1 5 94 78 156 62
E Space -3 -1 78 78 109 31
Space A 2 3 78 93 141 63
A N -1 -5 93 78 93 0
N Y 2 0 78 78 188 110
Y Space -3 2 78 94 171 93
Space G 2 -1 94 156 156 62
G R 1 1 156 125 125 -31
R E 0 1 125 187 234 109
E A -1 2 187 125 156 -31
A T 1 -4 125 93 125 0
T Space -3 1 93 94 187 94
Space R 3 0 94 109 328 234
R E 0 1 109 93 78 -31
E L -1 -6 93 78 140 47
L A 0 8 78 109 109 31
A T 1 -4 109 78 203 94
T I 0 -3 78 93 125 47
I O 0 -1 93 94 62 -31
O N -2 3 94 78 172 78
N S 1 4 78 78 140 62
S H 0 -4 78 62 141 63
H I 1 -2 62 156 234 172
I P 0 -2 156 125 124 -32
P Space -3 6 125 78 234 109
Space Oemcomma 1 -4 78 62 952 874
Oemcomma Space -1 4 62 62 172 110
Space I 3 -4 62 47 202 140
I T 0 3 47 63 125 78
T Space -3 1 63 78 328 265
Space J 2 -3 78 78 156 78
J U 1 0 78 62 156 78
U S -1 5 62 62 156 94
S T 1 -3 62 78 62 0
T Space -3 1 78 62 203 125
Space G 2 -1 62 78 858 796
G E 1 2 78 78 125 47
E T 0 -2 78 94 93 15
T S -1 3 94 78 188 94
S Space -2 -2 78 78 218 140
Space B 1 -1 78 63 920 842
B E 2 2 63 78 110 47
E T 0 -2 78 63 124 46
T T 0 0 63 63 156 93
T E 0 2 63 125 219 156
E R 0 -1 125 94 218 93
R Space -3 0 94 63 187 93
Space A 2 3 63 78 110 47
A N -1 -5 78 78 109 31
N D 1 3 78 94 93 15
D Space -2 -1 94 94 125 31
Space B 1 -1 94 78 234 140
B E 2 2 78 78 156 78
E T 0 -2 78 62 437 359
T T 0 0 62 62 125 63
T E 0 2 62 78 93 31
E R 0 -1 78 63 156 78
R Space -3 0 63 78 110 47
Space A 2 3 78 140 920 842
A S 0 -1 140 156 125 -15
S Space -2 -2 156 94 187 31
Space T 3 -1 94 78 406 312
T H -1 -1 78 78 156 78
H E 1 3 78 78 93 15
E Space -3 -1 78 78 125 47
Space Y 3 -2 78 94 296 218
Y A -1 5 94 218 250 156
A Back 2 -12 218 78 499 281
Back E -1 10 78 125 78 0
E A -1 2 125 172 109 -16
A R 1 -3 172 109 125 -47
R S -1 2 109 172 203 94
S Space -2 -2 172 93 250 78
Space R 3 0 93 78 452 359
R O 0 -5 78 47 374 296
O L -1 0 47 62 1186 1139
L L 0 0 62 62 125 63
L Space -2 5 62 110 171 109
Space O 3 -5 110 78 219 109
O N -2 3 78 110 171 93
N OemPeriod 0 -3 110 62 1030 920
OemPeriod Space -1 5 62 94 296 234
Space LShiftKey 1 4 94 265 203 109
LShiftKey S 1 -2 265 125 125 -140
S O 1 -7 125 78 125 0
O Space -3 5 78 93 203 125
Space K 2 -4 93 63 202 109
K E 1 5 63 78 156 93
E E 0 0 78 78 188 110
E P 0 -7 78 78 156 78
P Space -3 6 78 93 234 156
Space L 2 -5 93 78 1263 1170
L O 1 0 78 62 219 141
O O 0 0 62 78 140 78
O K -1 1 78 93 125 47
K I 1 0 93 63 171 78
I N -2 2 63 63 156 93
N G 1 1 63 78 125 62
G Space -2 1 78 93 94 16
Space U 3 -3 93 78 655 562
U N -2 1 78 78 156 78
N T 2 1 78 78 140 62
T I 0 -3 78 31 125 47
I L -1 -1 31 94 156 125
L Space -2 5 94 94 203 109
Space Y 3 -2 94 109 1014 920
Y O 0 -3 109 109 78 -31
O U 0 2 109 78 125 16
U Space -3 3 78 93 203 125
Space F 2 0 93 78 702 609
F I 1 -4 78 62 140 62
I N -2 2 62 109 125 63
N D 1 3 109 94 327 218
D Space -2 -1 94 78 125 31
Space T 3 -1 78 62 172 94
T Back 1 -8 62 94 608 546
Back I -1 5 94 78 718 624
I T 0 3 78 78 109 31
T Space -3 1 78 78 109 31
Space OemPeriod 1 -5 78 78 624 546
OemPeriod Space -1 5 78 94 655 577
Space LShiftKey 1 4 94 281 141 47
LShiftKey D 1 -3 281 109 140 -141
D O 1 -6 109 78 172 63
O N -2 3 78 62 187 109
N T 2 1 62 31 187 125
T Back 1 -8 31 78 406 375
Back Oem7 -2 2 78 78 265 187
Oem7 T 1 6 78 78 109 31
T Space -3 1 78 93 141 63
Space S 2 2 93 140 421 328
S E 1 -1 140 93 234 94
E T 0 -2 93 78 234 141
T T 0 0 78 62 156 78
T L -1 -4 62 78 140 78
L E 1 6 78 62 125 47
E OemPeriod -2 -6 62 78 452 390
OemPeriod Back 3 -4 78 78 3526 3448
Back O -1 4 78 62 328 250
O Back 1 -4 62 110 2308 2246
Back Back 0 0 110 109 1389 1279
Back Back 0 0 109 93 1529 1420
Back Back 0 0 93 93 1404 1311
Back Back 0 0 93 94 1185 1092
Back Back 0 0 94 78 2325 2231
Back Back 0 0 78 94 982 904
Back G -2 8 94 94 3713 3619
G Back 2 -8 94 109 2262 2168
Back Back 0 0 109 62 219 110
Back Back 0 0 62 62 468 406
Back N -3 7 62 141 1138 1076
N D 1 3 141 124 266 125
D Space -2 -1 124 109 468 344
Space Back 4 -9 109 109 4149 4040
Back B -3 8 109 78 141 32
B Back 3 -8 78 140 5694 5616
Back Back 0 0 140 94 2324 2184
Back Back 0 0 94 109 1014 920
Back D -2 10 109 93 3167 3058
D Back 2 -10 93 124 3635 3542
Back Back 0 0 124 109 1326 1202
Back Back 0 0 109 110 1216 1107
Back Space -4 9 110 172 2387 2277
Space Oem7 2 -7 172 94 2465 2293
Oem7 Back 2 -2 94 109 1513 1419
Back Space -4 9 109 125 1888 1779
Space Space 0 0 125 94 1669 1544
Space Space 0 0 94 109 2777 2683
Space Back 4 -9 109 93 1841 1732
Back S -2 11 93 234 8673 8580
