LShiftKey T 2 -5 4103 140 3931 -172
T H -1 -1 140 110 296 156
H Space -2 2 110 140 172 62
Space Back 4 -9 140 78 452 312
Back Back 0 0 78 62 172 94
Back Back 0 0 62 78 140 78
Back Back 0 0 78 94 203 125
Back LShiftKey -3 13 94 281 671 577
LShiftKey T 2 -5 281 141 109 -172
T H -1 -1 141 93 375 234
H E 1 3 93 124 78 -15
E Space -3 -1 124 156 93 -31
Space C 1 1 156 156 468 312
C I 2 -5 156 141 78 -78
I T 0 3 141 140 219 78
T Y 0 -1 140 78 93 -47
Y Space -3 2 78 125 172 94
Space O 3 -5 125 94 249 124
O F -1 5 94 124 110 16
F Space -2 0 124 156 62 -62
Space LShiftKey 1 4 156 250 312 156
LShiftKey B 0 -5 250 140 125 -125
B U 2 -2 140 94 218 78
U F -1 3 94 78 94 0
F F 0 0 78 93 156 78
F A 0 3 93 156 140 47
A L 0 -8 156 78 141 -15
L O 1 0 78 63 171 93
O Space -3 5 63 203 203 140
Space H 2 -2 203 109 3167 2964
H A 0 5 109 94 62 -47
A S 0 -1 94 156 156 62
S Space -2 -2 156 171 63 -93
Space M 1 -3 171 109 546 375
M A 1 6 109 140 140 31
A N -1 -5 140 78 94 -46
N Y 2 0 78 78 187 109
Y Space -3 2 78 110 171 93
Space B 1 -1 110 62 921 811
B E 2 2 62 109 187 125
E A -1 2 109 109 359 250
A U 1 -6 109 78 468 359
U T 0 2 78 94 530 452
T I 0 -3 94 109 593 499
I F -1 4 109 125 281 172
F U 1 -3 125 78 78 -47
U L -1 -2 78 78 686 608
L Space -2 5 78 171 328 250
Space P 3 -6 171 63 483 312
P L -1 1 63 94 156 93
L A 0 8 94 109 141 47
A C -1 -2 109 109 187 78
C E 2 0 109 78 218 109
E D3 1 0 78 47 16 -62
D3 S -2 1 47 140 172 125
S Space -2 -2 140 125 124 -16
Space T 3 -1 125 141 156 31
T O 0 -4 141 109 94 -47
O Back 1 -4 109 78 296 187
Back Back 0 0 78 63 156 78
Back Back 0 0 63 78 125 62
Back Back 0 0 78 140 141 63
Back Back 0 0 140 94 514 374
Back E -1 10 94 125 156 62
E Space -3 -1 125 156 94 -31
Space Back 4 -9 156 63 499 343
Back Back 0 0 63 78 141 78
Back S -2 11 78 141 93 15
S Space -2 -2 141 156 125 -16
Space T 3 -1 156 141 3962 3806
T O 0 -4 141 141 78 -63
O Space -3 5 141 156 63 -78
Space V 1 0 156 109 312 156
V I 2 -4 109 78 93 -16
I S -1 6 78 109 765 687
S I 1 -6 109 109 62 -47
I T 0 3 109 140 125 16
T Oemcomma -2 -3 140 63 374 234
Oemcomma Space -1 4 63 125 172 109
Space L 2 -5 125 140 172 47
L I 1 1 140 47 93 -47
I K -1 0 47 78 141 94
K E 1 5 78 156 93 15
E Space -3 -1 156 141 78 -78
Space T 3 -1 141 125 203 62
T H -1 -1 125 109 78 -47
H E 1 3 109 109 156 47
E Space -3 -1 109 109 47 -62
Space N 1 -2 109 109 234 125
N I 2 -2 109 109 140 31
I A -1 7 109 125 156 47
A G 0 -4 125 109 250 125
G A 0 4 109 125 296 187
A R 1 -3 125 125 343 218
R A -1 3 125 125 874 749
A Space -2 -3 125 203 265 140
Space Back 4 -9 203 63 811 608
Back Back 0 0 63 78 141 78
Back Back 0 0 78 63 140 62
Back Back 0 0 63 62 141 78
Back Back 0 0 62 94 140 78
Back G -2 8 94 93 172 78
G A 0 4 93 141 124 31
A R 1 -3 141 110 312 171
R A -1 3 110 125 156 46
A Space -2 -3 125 156 156 31
Space LShiftKey 1 4 156 281 437 281
LShiftKey F 1 -4 281 125 172 -109
F A 0 3 125 125 249 124
A L 0 -8 125 46 110 -15
L L 0 0 46 78 124 78
L S 0 7 78 141 47 -31
S Left -2 -9 141 109 546 405
Left Left 0 0 109 63 187 78
Left Left 0 0 63 62 141 78
Left Left 0 0 62 62 125 63
Left Left 0 0 62 31 140 78
Left Left 0 0 31 63 109 78
Left Left 0 0 63 31 141 78
Left Oemcomma 1 3 31 62 4352 4321
Oemcomma Space -1 4 62 156 156 94
Space T 3 -1 156 110 842 686
T H -1 -1 110 94 125 15
H E 1 3 94 156 78 -16
E Space -3 -1 156 141 109 -47
Space LShiftKey 1 4 141 1653 7364 7223
LShiftKey F 1 -4 1653 156 1466 -187
F O 1 -5 156 110 296 140
O R 0 5 110 125 94 -16
R T 0 -1 125 125 203 78
T Space -3 1 125 156 936 811
Space LShiftKey 1 4 156 998 265 109
LShiftKey N 0 -6 998 156 827 -171
N I 2 -2 156 93 312 156
I A -1 7 93 94 140 47
A G 0 -4 94 109 234 140
G A 0 4 109 140 250 141
A R 1 -3 140 94 265 125
R A -1 3 94 125 187 93
A Space -2 -3 125 172 1248 1123
Space A 2 3 172 109 297 125
A N -1 -5 109 124 47 -62
N D 1 3 124 141 124 0
D Space -2 -1 141 140 63 -78
Space S 2 2 140 156 343 203
S O 1 -7 156 78 94 -62
O Space -3 5 78 140 390 312
Space O 3 -5 140 125 249 109
O N -2 3 125 93 63 -62
N OemPeriod 0 -3 93 62 218 125
OemPeriod Space -1 5 62 78 1544 1482
Space LShiftKey 1 4 78 2294 624 546
LShiftKey I 2 -8 2294 187 1982 -312
I Space -3 4 187 171 499 312
Space D 2 1 171 94 405 234
D I 1 -5 94 94 858 764
I S -1 6 94 125 172 78
S L 0 -7 125 156 1139 1014
L I 1 1 156 62 109 -47
I K -1 0 62 78 172 110
K E 1 5 78 124 78 0
E Space -3 -1 124 109 93 -31
Space T 3 -1 109 93 141 32
T H -1 -1 93 78 62 -31
H E 1 3 78 124 94 16
E Space -3 -1 124 140 78 -46
Space W 3 2 140 78 1029 889
W E 0 -1 78 140 375 297
E A -1 2 140 124 312 172
A T 1 -4 124 109 265 141
T H -1 -1 109 94 109 0
H E 1 3 94 140 125 31
E R 0 -1 140 125 78 -62
R Space -3 0 125 140 47 -78
Space I 3 -4 140 125 1513 1373
I N -2 2 125 109 62 -63
N Space -1 2 109 125 203 94
Space B 1 -1 125 109 172 47
B U 2 -2 109 94 62 -47
U F -1 3 94 78 187 93
F F 0 0 78 93 172 94
F A 0 3 93 125 889 796
A L 0 -8 125 78 172 47
L O 1 0 78 78 187 109
O Space -3 5 78 172 171 93
Space A 2 3 172 110 390 218
A S 0 -1 110 109 188 78
S Space -2 -2 109 141 46 -63
Space I 3 -4 141 125 219 78
I T 0 3 125 124 125 0
T Space -3 1 124 140 109 -15
Space I 3 -4 140 93 234 94
I S -1 6 93 124 125 32
S Space -2 -2 124 125 62 -62
Space T 3 -1 125 94 265 140
T O 0 -4 94 62 63 -31
O O 0 0 62 78 140 78
O Space -3 5 78 140 172 94
Space C 1 1 140 156 249 109
C O 2 -6 156 62 47 -109
O L -1 0 62 94 156 94
L D 0 6 94 125 156 62
D Space -2 -1 125 187 78 -47
Space I 3 -4 187 125 359 172
I N -2 2 125 109 78 -47
N Space -1 2 109 156 187 78
Space W 3 2 156 125 468 312
W I 0 -6 125 62 78 -47
I N -2 2 62 94 156 94
N T 2 1 94 94 156 62
T E 0 2 94 140 172 78
E R 0 -1 140 125 93 -47
R OemPeriod -2 -5 125 125 203 78
OemPeriod Space -1 5 125 188 374 249
Space LShiftKey 1 4 188 343 14930 14742
LShiftKey S 1 -2 343 187 187 -156
S O 1 -7 187 109 281 94
O M -2 2 109 109 109 0
M E 2 4 109 140 125 16
E Space -3 -1 140 172 140 0
Space B 1 -1 172 141 374 202
B U 2 -2 141 78 78 -63
U I 0 -1 78 63 156 78
I L -1 -1 63 93 141 78
L D 0 6 93 156 93 0
D Space -2 -1 156 171 110 -46
Space Back 4 -9 171 78 561 390
Back S -2 11 78 125 78 0
S Space -2 -2 125 124 141 16
Space I 3 -4 124 141 171 47
I N -2 2 141 141 78 -63
N Space -1 2 141 109 141 0
Space T 3 -1 109 125 62 -47
T H -1 -1 125 93 94 -31
H E 1 3 93 94 140 47
E Space -3 -1 94 140 16 -78
Space C 1 1 140 141 1060 920
C Back 3 -10 141 62 500 359
Back Back 0 0 62 62 140 78
Back Back 0 0 62 47 140 78
Back Back 0 0 47 78 141 94
Back Back 0 0 78 62 203 125
Back Back 0 0 62 62 156 94
Back Back 0 0 62 94 140 78
Back Back 0 0 94 62 250 156
Back A -2 12 62 125 265 203
A R 1 -3 125 125 171 46
R E 0 1 125 172 94 -31
E Space -3 -1 172 172 62 -110
Space G 2 -1 172 94 359 187
G R 1 1 94 203 234 140
R E 0 1 203 125 328 125
E A -1 2 125 110 171 46
A T 1 -4 110 140 110 0
T Space -3 1 140 188 280 140
Space L 2 -5 188 156 328 140
L I 1 1 156 78 78 -78
I K -1 0 78 78 187 109
K E 1 5 78 140 47 -31
E Space -3 -1 140 219 187 47
Space Back 4 -9 219 15 796 577
Back Back 0 0 15 63 171 156
Back Back 0 0 63 78 141 78
Back Back 0 0 78 78 140 62
Back Back 0 0 78 62 172 94
Back Left -4 2 62 78 2215 2153
Left Left 0 0 78 62 156 78
Left Left 0 0 62 63 109 47
Left Left 0 0 63 62 125 62
Left Left 0 0 62 62 125 63
Left Left 0 0 62 62 125 63
Left Left 0 0 62 47 124 62
Left Left 0 0 47 63 125 78
Left Left 0 0 63 62 125 62
Left Left 0 0 62 94 140 78
Left L 2 2 94 156 765 671
L I 1 1 156 78 78 -78
I K -1 0 78 94 171 93
K E 1 5 94 141 125 31
E Space -3 -1 141 187 47 -94
Space LShiftKey 1 4 187 687 764 577
LShiftKey N 0 -6 687 109 125 -562
N S 1 4 109 78 141 32
S C -1 -1 78 93 234 156
C Oemcomma 0 -5 93 94 452 359
Oemcomma Space -1 4 94 171 203 109
Space LShiftKey 1 4 171 1841 639 468
LShiftKey D 1 -3 1841 156 1654 -187
D A 0 2 156 125 343 187
A V -1 -3 125 93 219 94
V I 2 -4 93 110 124 31
I S -1 6 110 140 141 31
S Space -2 -2 140 156 515 375
Space Right 0 -9 156 920 1435 1279
Right Left 0 2 920 94 1232 312
Left Left 0 0 94 94 187 93
Left Back 4 -2 94 93 1592 1498
Back Oemcomma -3 5 93 78 1341 1248
Oemcomma Space -1 4 78 93 250 172
Space B 1 -1 93 78 281 188
B U 2 -2 78 94 46 -32
U T 0 2 94 140 188 94
T Space -3 1 140 156 109 -31
Space S 2 2 156 125 4976 4820
S O 1 -7 125 63 78 -47
O M -2 2 63 93 141 78
M E 2 4 93 125 93 0
E Space -3 -1 125 93 1233 1108
Space O 3 -5 93 93 187 94
O T 0 4 93 109 109 16
T H -1 -1 109 109 125 16
H E 1 3 109 141 93 -16
E R 0 -1 141 78 94 -47
R S -1 2 78 124 172 94
S Space -2 -2 124 187 78 -46
Space L 2 -5 187 141 514 327
L I 1 1 141 93 63 -78
I K -1 0 93 62 203 110
K E 1 5 62 156 46 -16
E Space -3 -1 156 172 125 -31
Space LShiftKey 1 4 172 280 219 47
LShiftKey C 0 -3 280 78 171 -109
C O 2 -6 78 62 203 125
O O 0 0 62 78 140 78
O K -1 1 78 62 188 110
K I 1 0 62 78 202 140
I E 0 5 78 125 141 63
E Space -3 -1 125 172 140 15
Space LShiftKey 1 4 172 187 983 811
LShiftKey H 1 -6 187 109 94 -93
H A 0 5 109 125 187 78
A L 0 -8 125 78 203 78
L L 0 0 78 78 156 78
L Space -2 5 78 125 265 187
Space I 3 -4 125 78 187 62
I S -1 6 78 156 125 47
S Space -2 -2 156 109 62 -94
Space N 1 -2 109 140 172 63
N O 2 -3 140 93 78 -62
O T 0 4 93 125 62 -31
T Space -3 1 125 171 94 -31
Space S 2 2 171 124 281 110
S O 1 -7 124 78 62 -62
O Space -3 5 78 156 125 47
Space G 2 -1 156 140 468 312
G O 1 -4 140 46 125 -15
O O 0 0 46 110 124 78
O D -1 6 110 125 125 15
D OemPeriod -1 -6 125 78 141 16
OemPeriod Space -1 5 78 172 218 140
Space LShiftKey 1 4 172 359 4493 4321
LShiftKey I 2 -8 359 140 125 -234
I Space -3 4 140 171 234 94
Space U 3 -3 171 94 514 343
U S -1 5 94 78 78 -16
S U 1 -5 78 140 219 141
U A -1 6 140 140 234 94
A L 0 -8 140 62 234 94
L L 0 0 62 109 125 63
L Y 1 3 109 110 202 93
Y Space -3 2 110 125 141 31
Space E 3 1 125 109 265 140
E A -1 2 109 141 140 31
A T 1 -4 141 125 156 15
T Space -3 1 125 125 78 -47
Space I 3 -4 125 140 219 94
I N -2 2 140 109 78 -62
N Space -1 2 109 125 187 78
Space T 3 -1 125 109 343 218
T H -1 -1 109 93 94 -15
H E 1 3 93 125 93 0
E Space -3 -1 125 156 78 -47
Space LShiftKey 1 4 156 280 1280 1124
LShiftKey S 1 -2 280 156 124 -156
S T 1 -3 156 109 297 141
T U 0 -2 109 125 156 47
U D -1 4 125 78 234 109
D E 1 0 78 156 171 93
E N -2 -3 156 141 78 -78
N T 2 1 141 125 78 -63
T Space -3 1 125 124 266 141
Space LShiftKey 1 4 124 203 171 47
LShiftKey U 2 -7 203 78 78 -125
U N -2 1 78 63 187 109
N I 2 -2 63 62 172 109
I O 0 -1 62 109 343 281
O N -2 3 109 93 250 141
N OemPeriod 0 -3 93 63 249 156
OemPeriod Space -1 5 63 156 250 187
Space LShiftKey 1 4 156 296 6209 6053
LShiftKey Y 2 -6 296 109 156 -140
Y E 0 3 109 78 218 109
E S -1 1 78 141 156 78
S Oemcomma -1 -6 141 78 265 124
Oemcomma Space -1 4 78 94 156 78
Space T 3 -1 94 125 78 -16
T H -1 -1 125 109 110 -15
H E 1 3 109 124 78 -31
E Space -3 -1 124 124 78 -46
Space S 2 2 124 94 218 94
S C -1 -1 94 140 827 733
C H 1 -3 140 94 93 -47
H O 1 -3 94 78 219 125
O O 0 0 78 78 156 78
O L -1 0 78 94 171 93
L Space -2 5 94 109 172 78
Space H 2 -2 109 110 140 31
H A 0 5 110 93 110 0
A S 0 -1 93 156 156 63
S Space -2 -2 156 140 78 -78
Space E 3 1 140 125 561 421
E N -2 -3 125 110 109 -16
N O 2 -3 110 156 234 124
O U 0 2 156 125 94 -62
U G -1 2 125 109 172 47
G H 0 -1 109 125 93 -16
H T 1 1 125 125 125 0
T Space -3 1 125 172 109 -16
Space Back 4 -9 172 78 1045 873
Back Back 0 0 78 63 156 78
Back Back 0 0 63 47 141 78
Back Back 0 0 47 78 125 78
Back G -2 8 78 140 764 686
G H 0 -1 140 109 78 -62
H Space -2 2 109 156 250 141
Space S 2 2 156 109 608 452
S P 1 -8 109 78 62 -47
P O 0 1 78 94 203 125
O R 0 5 94 109 141 47
R I 0 -4 109 141 171 62
I N -2 2 141 141 78 -63
N T 2 1 141 109 0 -141
T Space -3 1 109 172 265 156
Space F 2 0 172 124 266 94
F Back 2 -9 124 47 358 234
Back Back 0 0 47 63 125 78
Back Back 0 0 63 46 141 78
Back Back 0 0 46 78 124 78
Back Back 0 0 78 78 999 921
Back T -1 8 78 78 561 483
T I 0 -3 78 94 328 250
I N -2 2 94 109 31 -63
N G 1 1 109 125 94 -15
G Space -2 1 125 187 109 -16
Space F 2 0 187 125 858 671
F A 0 3 125 78 140 15
A C -1 -2 78 110 234 156
C I 2 -5 110 124 110 0
I L -1 -1 124 109 390 266
L I 1 1 109 124 156 47
I T 0 3 124 125 265 141
T I 0 -3 125 156 249 124
I E 0 5 156 78 250 94
E S -1 1 78 109 172 94
S OemPeriod -1 -7 109 172 140 31
OemPeriod Space -1 5 172 187 936 764
Space LShiftKey 1 4 187 1809 10078 9891
LShiftKey LShiftKey 0 0 1809 484 2121 312
LShiftKey T 2 -5 484 140 297 -187
T H -1 -1 140 94 343 203
H E 1 3 94 125 109 15
E Space -3 -1 125 156 63 -62
Space P 3 -6 156 94 592 436
P R 0 6 94 109 94 0
R O 0 -5 109 93 94 -15
O F -1 5 93 93 156 63
F E 1 1 93 109 171 78
E S -1 1 109 94 156 47
S S 0 0 94 109 172 78
S O 1 -7 109 93 125 16
O R 0 5 93 125 109 16
R Space -3 0 125 187 109 -16
Space I 3 -4 187 125 515 328
I N -2 2 125 125 62 -63
N Space -1 2 125 93 141 16
Space T 3 -1 93 109 93 0
T H -1 -1 109 109 78 -31
H E 1 3 109 110 109 0
E Space -3 -1 110 110 78 -32
Space LShiftKey 1 4 110 1513 203 93
LShiftKey C 0 -3 1513 109 125 -1388
C E 2 0 109 78 437 328
E S -1 1 78 125 639 561
S Back 2 -11 125 63 437 312
Back Back 0 0 63 109 141 78
Back LShiftKey -3 13 109 514 156 47
LShiftKey S 1 -2 514 125 31 -483
S E 1 -1 125 125 234 109
E Space -3 -1 125 202 203 78
Space D 2 1 202 78 436 234
D E 1 0 78 109 141 63
E P 0 -7 109 124 203 94
P A -1 9 124 125 109 -15
A R 1 -3 125 140 109 -16
R T 0 -1 140 140 281 141
T M -2 -2 140 78 764 624
M E 2 4 78 171 63 -15
E N -2 -3 171 93 109 -62
N T 2 1 93 156 31 -62
T Space -3 1 156 172 140 -16
Space A 2 3 172 172 874 702
A R 1 -3 172 93 359 187
R E 0 1 93 156 109 16
E Space -3 -1 156 140 125 -31
Space Left 0 -7 140 312 764 624
Left Left 0 0 312 78 1139 827
Left Left 0 0 78 62 156 78
Left Left 0 0 62 78 140 78
Left Left 0 0 78 32 156 78
Left Left 0 0 32 109 422 390
Left Left 0 0 109 94 514 405
Left S 2 9 94 109 359 265
S Right -2 -11 109 47 562 453
Right Right 0 0 47 63 140 93
Right Right 0 0 63 78 141 78
Right Right 0 0 78 78 171 93
Right Right 0 0 78 78 172 94
Right Right 0 0 78 78 171 93
Right V 1 9 78 78 874 796
V E 2 1 78 140 156 78
E R 0 -1 140 156 94 -46
R Y 0 -2 156 110 46 -110
Y Space -3 2 110 140 172 62
Space G 2 -1 140 125 203 63
G O 1 -4 125 47 109 -16
O O 0 0 47 93 125 78
O D -1 6 93 125 109 16
D OemPeriod -1 -6 125 141 452 327
OemPeriod Space -1 5 141 125 3105 2964
Space LShiftKey 1 4 125 609 5210 5085
LShiftKey C 0 -3 609 125 406 -203
C L 1 -6 125 125 390 265
L A 0 8 125 94 109 -16
A S 0 -1 94 63 187 93
S S 0 0 63 94 156 93
S R 1 -2 94 124 1077 983
R O 0 -5 124 63 124 0
O O 0 0 63 125 593 530
O M -2 2 125 109 250 125
M S 1 5 109 141 140 31
S Space -2 -2 141 172 125 -16
Space I 3 -4 172 125 343 171
I N -2 2 125 94 47 -78
N Space -1 2 94 156 218 124
Space Back 4 -9 156 63 1685 1529
Back Back 0 0 63 140 141 78
Back Back 0 0 140 94 561 421
Back A -2 12 94 156 1045 951
A N -1 -5 156 124 110 -46
N D 1 3 124 141 93 -31
D Space -2 -1 141 141 78 -63
Space L 2 -5 141 93 250 109
L A 0 8 93 124 125 32
A B -1 -4 124 140 156 32
B O 2 -4 140 94 873 733
O R 0 5 94 125 109 15
R T 0 -1 125 94 281 156
T Back 1 -8 94 94 421 327
Back A -2 12 94 141 78 -16
A T 1 -4 141 125 125 -16
T O 0 -4 125 93 172 47
O R 0 5 93 156 140 47
R I 0 -4 156 140 141 -15
I E 0 5 140 94 280 140
E S -1 1 94 140 141 47
S Space -2 -2 140 124 125 -15
Space I 3 -4 124 140 187 63
I N -2 2 140 93 78 -62
N Space -1 2 93 156 156 63
Space LShiftKey 1 4 156 312 312 156
LShiftKey D 1 -3 312 141 171 -141
D A 0 2 141 124 344 203
A I 1 -7 124 110 358 234
I Back 1 -5 110 94 437 327
Back V -3 9 94 125 94 0
V I 2 -4 125 93 156 31
I S -1 6 93 171 125 32
S Space -2 -2 171 156 156 -15
Space LShiftKey 1 4 156 234 405 249
LShiftKey H 1 -6 234 141 78 -156
H A 0 5 141 125 281 140
A L 0 -8 125 62 94 -31
L L 0 0 62 94 124 62
L Space -2 5 94 141 156 62
Space A 2 3 141 109 110 -31
A R 1 -3 109 140 156 47
R E 0 1 140 141 124 -16
E Space -3 -1 141 187 47 -94
Space E 3 1 187 94 1357 1170
E X -2 1 94 125 234 140
X C 0 -1 125 109 219 94
C E 2 0 109 109 203 94
E L -1 -6 109 47 202 93
L L 0 0 47 124 110 63
L E 1 6 124 156 140 16
E N -2 -3 156 140 156 0
N T 2 1 140 125 109 -31
T OemPeriod -2 -4 125 63 187 62
OemPeriod LShiftKey 0 9 63 453 19079 19016
LShiftKey M 0 -7 453 140 172 -281
M Y 2 1 140 109 296 156
Y Space -3 2 109 156 187 78
Space F 2 0 156 125 312 156
F A 0 3 125 141 156 31
A V -1 -3 141 140 250 109
V O 2 -5 140 202 484 344
O U 0 2 202 125 140 -62
U R 0 3 125 141 374 249
R Back 1 -9 141 78 468 327
Back Back 0 0 78 78 156 78
Back Back 0 0 78 63 156 78
Back R -1 9 63 140 110 47
R Back 1 -9 140 94 561 421
Back O -1 4 94 94 265 171
O R 0 5 94 125 141 47
R I 0 -4 125 109 218 93
I T 0 3 109 109 141 32
T E 0 2 109 109 218 109
E Space -3 -1 109 187 156 47
Space V 1 0 187 109 858 671
V A 1 3 109 156 359 250
A C -1 -2 156 109 546 390
C A 1 2 109 124 203 94
A T 1 -4 124 125 187 63
T I 0 -3 125 78 78 -47
I O 0 -1 78 78 156 78
O N -2 3 78 141 140 62
N Space -1 2 141 125 94 -47
Space S 2 2 125 124 125 0
S P 1 -8 124 62 78 -46
P O 0 1 62 78 156 94
O T 0 4 78 125 124 46
T Space -3 1 125 125 78 -47
Space I 3 -4 125 78 188 63
I S -1 6 78 141 93 15
S Space -2 -2 141 156 63 -78
Space T 3 -1 156 125 1700 1544
T H -1 -1 125 94 109 -16
H E 1 3 94 125 109 15
E Space -3 -1 125 156 78 -47
Space LShiftKey 1 4 156 437 1108 952
LShiftKey Y 2 -6 437 93 328 -109
Y E 0 3 93 109 171 78
E L -1 -6 109 47 187 78
L L 0 0 47 78 110 63
L O 1 0 78 62 156 78
O W 0 7 62 156 109 47
W Space -3 -2 156 171 78 -78
Space Back 4 -9 171 93 827 656
Back LShiftKey -3 13 93 234 109 16
LShiftKey S 1 -2 234 156 93 -141
S Back 2 -11 156 93 531 375
Back S -2 11 93 125 140 47
S T 1 -3 125 125 187 62
T O 0 -4 125 140 110 -15
O N -2 3 140 109 93 -47
N E 2 3 109 156 78 -31
E Space -3 -1 156 156 109 -47
Space LShiftKey 1 4 156 203 234 78
LShiftKey N 0 -6 203 140 94 -109
N A 1 5 140 109 250 110
A T 1 -4 109 141 171 62
T I 0 -3 141 78 78 -63
I O 0 -1 78 63 156 78
O N -2 3 63 125 125 62
N A 1 5 125 141 577 452
A L 0 -8 141 94 78 -63
L Space -2 5 94 141 156 62
Space LShiftKey 1 4 141 203 343 202
LShiftKey P 2 -10 203 109 94 -109
P A -1 9 109 125 218 109
A R 1 -3 125 140 172 47
R K -1 -4 140 109 94 -46
K OemPeriod -1 -1 109 78 265 156
OemPeriod Space -1 5 78 203 187 109
Space LShiftKey 1 4 203 296 4025 3822
LShiftKey I 2 -8 296 109 140 -156
I T 0 3 109 140 250 141
T Space -3 1 140 156 125 -15
Space I 3 -4 156 109 733 577
I S -1 6 109 156 78 -31
S Space -2 -2 156 140 125 -31
Space L 2 -5 140 78 249 109
L O 1 0 78 62 172 94
O C -2 6 62 125 62 0
C A 1 2 125 156 125 0
A T 1 -4 156 78 218 62
T G -1 0 78 78 0 -78
G E 1 2 78 93 110 32
E D -1 0 93 141 202 109
D Space -2 -1 141 171 63 -78
Space Back 4 -9 171 78 483 312
Back Back 0 0 78 78 141 63
Back Back 0 0 78 78 125 47
Back Back 0 0 78 94 140 62
Back T -1 8 94 78 359 265
T Back 1 -8 78 93 359 281
Back E -1 10 93 94 124 31
E D -1 0 94 156 188 94
D Space -2 -1 156 234 78 -78
Space I 3 -4 234 125 670 436
I N -2 2 125 93 63 -62
N Space -1 2 93 109 125 32
Space T 3 -1 109 110 124 15
T H -1 -1 110 94 47 -63
H E 1 3 94 125 125 31
E Space -3 -1 125 94 62 -63
Space N 1 -2 94 124 344 250
N O 2 -3 124 94 218 94
O R 0 5 94 110 140 46
R T 0 -1 110 125 234 124
T H -1 -1 125 109 63 -62
H W 1 4 109 156 983 874
W E 0 -1 156 140 140 -16
E S -1 1 140 109 281 141
S T 1 -3 109 156 281 172
T Space -3 1 156 125 561 405
Space O 3 -5 125 109 203 78
O F -1 5 109 156 78 -31
F Space -2 0 156 156 156 0
Space T 3 -1 156 109 234 78
T H -1 -1 109 109 78 -31
H E 1 3 109 109 187 78
E Space -3 -1 109 141 31 -78
Space W 3 2 141 141 1529 1388
W O 0 -7 141 78 78 -63
O Y 0 3 78 93 219 141
Y Y 0 0 93 109 8970 8877
Y E 0 3 109 109 140 31
E L -1 -6 109 78 375 266
L L 0 0 78 78 156 78
L O 1 0 78 78 171 93
O W 0 7 78 125 125 47
W Space -3 -2 125 141 1232 1107
Space Back 4 -9 141 78 453 312
Back Back 0 0 78 63 171 93
Back Back 0 0 63 78 141 78
Back Back 0 0 78 78 140 62
Back Back 0 0 78 16 187 109
Back Back 0 0 16 93 110 94
Back Back 0 0 93 63 202 109
Back Y -1 7 63 109 281 218
Y E 0 3 109 110 109 0
E L -1 -6 110 63 203 93
L L 0 0 63 62 141 78
L O 1 0 62 78 156 94
O W 0 7 78 94 124 46
W S -1 0 94 78 734 640
S T 1 -3 78 94 171 93
T O 0 -4 94 124 141 47
O N -2 3 124 109 78 -46
N E 2 3 109 109 93 -16
E Space -3 -1 109 140 125 16
Space Return 2 -8 140 62 1295 1155
Return Back 2 -1 62 62 7491 7429
Back Back 0 0 62 47 156 94
Back Y -1 7 47 78 1061 1014
Y O 0 -3 78 94 171 93
O M -2 2 94 140 266 172
M I 2 -1 140 125 218 78
I N -2 2 125 78 78 -47
N G 1 1 78 109 47 -31
G Space -2 1 109 156 546 437
Space S 2 2 156 125 405 249
S T 1 -3 125 141 156 31
T A -1 4 141 140 110 -31
A T 1 -4 140 110 124 -16
T E 0 2 110 140 110 0
E OemPeriod -2 -6 140 93 2215 2075
OemPeriod Space -1 5 93 141 4461 4368
Space P 3 -6 141 124 344 203
P A -1 9 124 141 93 -31
A R 1 -3 141 124 141 0
R T 0 -1 124 125 187 63
T Space -3 1 125 187 3635 3510
Space LShiftKey 1 4 187 452 2184 1997
LShiftKey T 2 -5 452 140 265 -187
T H -1 -1 140 109 265 125
H E 1 3 109 125 78 -31
E Space -3 -1 125 140 94 -31
Space P 3 -6 140 110 2776 2636
P A -1 9 110 109 94 -16
A R 1 -3 109 172 140 31
R K -1 -4 172 94 94 -78
K Space -2 4 94 109 172 78
Space I 3 -4 109 78 171 62
I S -1 6 78 125 125 47
S Space -2 -2 125 140 47 -78
Space S 2 2 140 172 1154 1014
S O 1 -7 172 141 109 -63
O Space -3 5 141 203 172 31
Space L 2 -5 203 110 452 249
L A 0 8 110 172 78 -32
A R 1 -3 172 140 141 -31
R G -1 -1 140 94 249 109
G E 1 2 94 125 141 47
E Space -3 -1 125 219 249 124
Space Back 4 -9 219 46 1358 1139
Back Back 0 0 46 62 140 94
Back Back 0 0 62 78 140 78
Back Back 0 0 78 78 125 47
Back Back 0 0 78 62 141 63
Back Back 0 0 62 62 140 78
Back Back 0 0 62 63 140 78
Back Back 0 0 63 78 141 78
Back Back 0 0 78 125 156 78
Back V -3 9 125 141 171 46
V E 2 1 141 125 234 93
E R 0 -1 125 172 78 -47
R Y 0 -2 172 93 110 -62
Y Space -3 2 93 140 187 94
Space L 2 -5 140 109 359 219
L A 0 8 109 156 78 -31
A R 1 -3 156 125 140 -16
R G -1 -1 125 94 218 93
G E 1 2 94 140 141 47
E Space -3 -1 140 172 140 0
Space A 2 3 172 125 577 405
A N -1 -5 125 93 110 -15
N D 1 3 93 140 62 -31
D Space -2 -1 140 94 78 -62
Space Y 3 -2 94 78 156 62
Y O 0 -3 78 187 125 47
O U 0 2 187 125 62 -125
U Space -3 3 125 109 78 -47
Space H 2 -2 109 109 172 63
H A 0 5 109 125 78 -31
A V -1 -3 125 94 93 -32
V E 2 1 94 125 125 31
E Space -3 -1 125 124 63 -62
Space T 3 -1 124 109 171 47
T O 0 -4 109 140 47 -62
O Space -3 5 140 109 78 -62
Space D 2 1 109 125 140 31
D R 1 -1 125 141 156 31
R I 0 -4 141 125 125 -16
I V -2 4 125 94 187 62
V E 2 1 94 156 156 62
E Space -3 -1 156 156 141 -15
Space T 3 -1 156 125 249 93
T O 0 -4 125 140 63 -62
O Space -3 5 140 110 93 -47
Space V 1 0 110 110 234 124
V I 2 -4 110 62 110 0
I S -1 6 62 94 124 62
S I 1 -6 94 109 172 78
I T 0 3 109 140 125 16
T Space -3 1 140 109 156 16
Space T 3 -1 109 109 125 16
T H -1 -1 109 94 93 -16
H E 1 3 94 110 109 15
E Space -3 -1 110 93 63 -47
Space P 3 -6 93 94 171 78
P A -1 9 94 141 0 -94
A R 1 -3 141 171 219 78
R K -1 -4 171 140 125 -46
K OemPeriod -1 -1 140 78 780 640
OemPeriod Space -1 5 78 188 202 124
Space LShiftKey 1 4 188 406 1997 1809
LShiftKey I 2 -8 406 109 203 -203
I T 0 3 109 109 702 593
T Space -3 1 109 156 94 -15
Space H 2 -2 156 109 327 171
H A 0 5 109 32 109 0
A S 0 -1 32 32 156 124
S Back 2 -11 32 62 687 655
Back S -2 11 62 109 608 546
S Space -2 -2 109 156 141 32
Space A 2 3 156 141 327 171
A Space -2 -3 141 109 63 -78
Space L 2 -5 109 78 171 62
L O 1 0 78 78 172 94
O T 0 4 78 125 109 31
T Space -3 1 125 140 94 -31
Space O 3 -5 140 125 1201 1061
O F -1 5 125 140 109 -16
F Space -2 0 140 156 125 -15
Space A 2 3 156 140 3697 3541
A N -1 -5 140 109 78 -62
N I 2 -2 109 78 187 78
I M -2 1 78 125 265 187
M A 1 6 125 140 188 63
A L 0 -8 140 109 109 -31
L S 0 7 109 156 171 62
S Space -2 -2 156 203 172 16
Space A 2 3 203 125 468 265
A N -1 -5 125 110 62 -63
N D 1 3 110 110 156 46
D Space -2 -1 110 172 16 -94
Space W 3 2 172 125 10280 10108
W I 0 -6 125 78 234 109
I L -1 -1 78 94 156 78
L D 0 6 94 109 110 16
D L 0 -6 109 125 374 265
L I 1 1 125 141 62 -63
I F -1 4 141 125 172 31
F E 1 1 125 125 109 -16
E G -1 -2 125 109 43049 42924
G E 1 2 109 140 234 125
E Y 0 -3 140 94 374 234
Y S -1 4 94 140 266 172
S E 1 -1 140 172 3634 3494
E R 0 -1 172 109 141 -31
R S -1 2 109 125 187 78
S OemPeriod -1 -7 125 172 858 733
OemPeriod Space -1 5 172 187 3167 2995
Space LShiftKey 1 4 187 796 327 140
LShiftKey D 1 -3 796 124 656 -140
D U 1 -4 124 94 249 125
U R 0 3 94 125 94 0
R I 0 -4 125 156 171 46
I N -2 2 156 78 94 -62
N G 1 1 78 124 16 -62
G Space -2 1 124 109 140 16
Space T 3 -1 109 93 125 16
T H -1 -1 93 109 62 -31
H E 1 3 109 125 109 0
E Space -3 -1 125 141 78 -47
Space S 2 2 141 156 266 125
S U 1 -5 156 78 109 -47
U M -2 0 78 62 203 125
M M 0 0 62 93 109 47
M E 2 4 93 203 78 -15
E R 0 -1 203 140 109 -94
R Space -3 0 140 172 62 -78
Space S 2 2 172 78 422 250
S M -1 -5 78 78 109 31
M Back 3 -6 78 47 312 234
Back Back 0 0 47 78 140 93
Back M -3 6 78 109 312 234
M O 2 -2 109 156 187 78
O N -2 3 156 93 531 375
N T 2 1 93 125 156 63
T H -1 -1 125 94 93 -32
H E 1 3 94 109 281 187
E Back 1 -10 109 94 515 406
Back S -2 11 94 125 125 31
S Oemcomma -1 -6 125 78 421 296
Oemcomma Space -1 4 78 172 187 109
Space I 3 -4 172 109 468 296
I T 0 3 109 94 125 16
T Space -3 1 94 125 78 -16
Space I 3 -4 125 78 172 47
I S -1 6 78 141 93 15
S Space -2 -2 141 156 63 -78
Space Q 3 3 156 141 795 639
Q U 0 -6 141 93 63 -78
U I 0 -1 93 94 202 109
I T 0 3 94 78 110 16
T E 0 2 78 156 140 62
E Space -3 -1 156 187 94 -62
Space C 1 1 187 156 826 639
C O 2 -6 156 93 141 -15
O R 0 5 93 125 218 125
R Back 1 -9 125 62 1311 1186
Back Back 0 0 62 94 171 109
Back R -1 9 94 125 125 31
R O 0 -5 125 94 187 62
O W 0 7 94 125 250 156
W W 0 0 125 63 1310 1185
W Back 1 -11 63 125 967 904
Back D -2 10 125 78 1248 1123
D E 1 0 78 78 203 125
E D -1 0 78 94 187 109
D Space -2 -1 94 172 1170 1076
Space B 1 -1 172 78 1358 1186
B A 1 4 78 109 140 62
A Back 2 -12 109 125 452 343
Back E -1 10 125 109 141 16
E C -2 0 109 78 249 140
C A 1 2 78 124 110 32
A U 1 -6 124 94 124 0
U S -1 5 94 78 78 -16
S E 1 -1 78 140 110 32
E Space -3 -1 140 156 62 -78
Space A 2 3 156 140 250 94
A Space -2 -3 140 140 109 -31
Space L 2 -5 140 78 234 94
L O 1 0 78 78 187 109
O F -1 5 78 140 156 78
F Space -2 0 140 156 78 -62
Space T 3 -1 156 94 218 62
T Back 1 -8 94 93 375 281
Back Back 0 0 93 78 171 78
Back Back 0 0 78 78 188 110
Back T -1 8 78 93 265 187
T Space -3 1 93 141 62 -31
Space O 3 -5 141 78 250 109
O F -1 5 78 140 78 0
F Space -2 0 140 140 78 -62
Space T 3 -1 140 109 515 375
T R 0 1 109 125 202 93
R A -1 3 125 109 203 78
A V -1 -3 109 78 343 234
V E 2 1 78 109 172 94
E L -1 -6 109 63 140 31
L L 0 0 63 109 141 78
L E 1 6 109 187 218 109
E R 0 -1 187 124 141 -46
R S -1 2 124 109 249 125
S Space -2 -2 109 203 109 0
Space Back 4 -9 203 63 936 733
Back Back 0 0 63 62 141 78
Back Back 0 0 62 78 140 78
Back Back 0 0 78 94 281 203
Back Back 0 0 94 93 515 421
Back E -1 10 93 172 920 827
E R 0 -1 172 125 109 -63
R S -1 2 125 109 266 141
S Space -2 -2 109 187 171 62
Space F 2 0 187 109 1529 1342
F Back 2 -9 109 94 468 359
Back A -2 12 94 141 140 46
A L 0 -8 141 78 125 -16
L L 0 0 78 93 141 63
L Space -2 5 93 125 140 47
Space O 3 -5 125 78 203 78
O V -2 5 78 94 93 15
V E 2 1 94 172 156 62
E R 0 -1 172 140 94 -78
R Space -3 0 140 125 62 -78
Space T 3 -1 125 109 172 47
T H -1 -1 109 109 78 -31
H E 1 3 109 140 94 -15
E Space -3 -1 140 140 62 -78
Space W 3 2 140 124 328 188
W O 0 -7 124 93 78 -46
O R 0 5 93 94 124 31
R L -1 -5 94 93 110 16
L D 0 6 93 156 171 78
D Space -2 -1 156 156 63 -93
Space C 1 1 156 109 265 109
C O 2 -6 109 125 78 -31
O M -2 2 125 125 78 -47
M E 2 4 125 125 156 31
E Space -3 -1 125 125 140 15
Space Back 4 -9 125 47 484 359
Back Space -4 9 47 171 515 468
Space T 3 -1 171 124 234 63
T O 0 -4 124 124 78 -46
O Space -3 5 124 125 62 -62
Space V 1 0 125 109 328 203
V I 2 -4 109 78 78 -31
I S -1 6 78 109 171 93
S T 1 -3 109 141 187 78
T Space -3 1 141 156 156 15
Space Back 4 -9 156 63 1997 1841
Back Back 0 0 63 78 156 93
Back I -1 5 78 93 250 172
I T 0 3 93 125 78 -15
T Space -3 1 125 141 93 -32
Space I 3 -4 141 109 250 109
I T 0 3 109 125 156 47
T OemPeriod -2 -4 125 140 203 78
OemPeriod LShiftKey 0 9 140 3494 2231 2091
LShiftKey Space -1 -4 3494 140 4664 1170
Space LShiftKey 1 4 140 375 265 125
LShiftKey I 2 -8 375 141 156 -219
I Space -3 4 141 141 234 93
Space H 2 -2 141 110 967 826
H A 0 5 110 125 63 -47
A V -1 -3 125 140 109 -16
V E 2 1 140 141 140 0
E Space -3 -1 141 156 47 -94
Space Back 4 -9 156 47 1591 1435
Back Back 0 0 47 63 125 78
Back Back 0 0 63 62 125 62
Back Back 0 0 62 62 125 63
Back Back 0 0 62 62 125 63
Back Back 0 0 62 62 140 78
Back Back 0 0 62 93 406 344
Back LShiftKey -3 13 93 265 187 94
LShiftKey I 2 -8 265 94 109 -156
I Space -3 4 94 171 250 156
Space Back 4 -9 171 78 405 234
Back F -2 9 78 140 125 47
F Space -2 0 140 94 78 -62
Space H 2 -2 94 125 187 93
H Back 2 -7 125 78 1373 1248
Back LShiftKey -3 13 78 250 218 140
LShiftKey I 2 -8 250 78 63 -187
I Space -3 4 78 93 156 78
Space H 2 -2 93 78 171 78
H A 0 5 78 125 63 -15
A D 0 -2 125 141 171 46
D Space -2 -1 141 125 94 -47
Space A 2 3 125 156 203 78
A Space -2 -3 156 125 93 -63
Space C 1 1 125 94 250 125
C H 1 -3 94 93 47 -47
H A 0 5 93 156 125 32
A N -1 -5 156 125 62 -94
N G 1 1 125 109 94 -31
G Back 2 -8 109 78 904 795
Back C -3 10 78 63 203 125
C E 2 0 63 125 172 109
E Space -3 -1 125 172 62 -63
Space T 3 -1 172 140 281 109
T O 0 -4 140 140 78 -62
O Space -3 5 140 124 94 -46
Space G 2 -1 124 156 1450 1326
G O 1 -4 156 141 78 -78
O Space -3 5 141 187 110 -31
Space A 2 3 187 125 358 171
A B -1 -4 125 125 328 203
B R 2 1 125 140 952 827
R O 0 -5 140 109 156 16
O A -1 8 109 109 140 31
A D 0 -2 109 125 203 94
D Space -2 -1 125 187 140 15
Space F 2 0 187 94 1201 1014
F O 1 -5 94 78 125 31
O R 0 5 78 156 78 0
R Space -3 0 156 156 109 -47
Space T 3 -1 156 109 344 188
T H -1 -1 109 125 93 -16
H R 1 2 125 125 187 62
R E 0 1 125 78 234 109
E E 0 0 78 125 156 78
E Space -3 -1 125 78 141 16
Space M 1 -3 78 78 187 109
M O 2 -2 78 140 156 78
O N -2 3 140 109 94 -46
N T 2 1 109 109 156 47
T H -1 -1 109 109 62 -47
H S 0 4 109 124 250 141
S Space -2 -2 124 172 124 0
Space LShiftKey 1 4 172 297 749 577
LShiftKey I 2 -8 297 125 109 -188
I Space -3 4 125 140 188 63
Space L 2 -5 140 140 187 47
L I 1 1 140 78 78 -62
I Back 1 -5 78 47 421 343
Back Back 0 0 47 78 125 78
Back Back 0 0 78 62 156 78
Back Oem7 -2 2 62 109 359 297
Oem7 L 0 2 109 62 234 125
L D 0 6 62 109 171 109
D Back 2 -10 109 78 359 250
Back Back 0 0 78 94 156 78
Back D -2 10 94 172 109 15
D Space -2 -1 172 140 141 -31
Space L 2 -5 140 141 249 109
L I 1 1 141 78 94 -47
I K -1 0 78 94 171 93
K E 1 5 94 172 125 31
E Space -3 -1 172 125 109 -63
Space T 3 -1 125 141 156 31
T O 0 -4 141 109 110 -31
O Space -3 5 109 109 78 -31
Space V 1 0 109 124 390 281
V I 2 -4 124 78 78 -46
I S -1 6 78 125 171 93
S I 1 -6 125 109 78 -47
I T 0 3 109 140 172 63
T Space -3 1 140 187 109 -31
Space LShiftKey 1 4 187 296 1966 1779
LShiftKey J 1 -7 296 140 140 -156
J P 1 -3 140 110 296 156
P A -1 9 110 156 156 46
A N -1 -5 156 140 110 -46
N Back 3 -7 140 46 702 562
Back Back 0 0 46 47 140 94
Back Back 0 0 47 62 125 78
Back A -2 12 62 125 249 187
A P 1 -9 125 94 281 156
P A -1 9 94 156 250 156
A N -1 -5 156 125 62 -94
N Oemcomma 0 -2 125 93 17114 16989
Oemcomma Space -1 4 93 156 249 156
Space B 1 -1 156 94 468 312
B E 2 2 94 62 172 78
E C -2 0 62 78 203 141
C A 1 2 78 140 109 31
A U 1 -6 140 109 125 -15
U S -1 5 109 109 78 -31
S E 1 -1 109 140 140 31
E Space -3 -1 140 156 78 -62
Space LShiftKey 1 4 156 296 468 312
LShiftKey I 2 -8 296 94 78 -218
I Space -3 4 94 125 203 109
Space H 2 -2 125 110 171 46
H A 0 5 110 125 47 -63
A V -1 -3 125 110 109 -16
V E 2 1 110 140 110 0
E Space -3 -1 140 141 46 -94
Space A 2 3 141 140 344 203
A Space -2 -3 140 187 31 -109
Space F 2 0 187 109 1326 1139
F R 1 0 109 93 234 125
R I 0 -4 93 93 234 141
I E 0 5 93 125 234 141
E N -2 -3 125 125 187 62
N D 1 3 125 93 125 0
D S 0 1 93 94 327 234
S Back 2 -11 94 47 999 905
Back Back 0 0 47 47 624 577
Back Back 0 0 47 63 140 93
Back Back 0 0 63 62 125 62
Back Back 0 0 62 63 140 78
Back Back 0 0 63 63 156 93
Back Back 0 0 63 109 188 125
Back V -3 9 109 78 280 171
V E 2 1 78 171 188 110
E R 0 -1 171 171 78 -93
R Y 0 -2 171 93 109 -62
Y Space -3 2 93 141 249 156
Space G 2 -1 141 93 297 156
G O 1 -4 93 47 78 -15
O O 0 0 47 93 125 78
O D -1 6 93 125 93 0
D Space -2 -1 125 125 78 -47
Space F 2 0 125 94 109 -16
F R 1 0 94 109 188 94
R I 0 -4 109 78 78 -31
I E 0 5 78 125 187 109
E N -2 -3 125 109 125 0
N D 1 3 109 93 109 0
D Space -2 -1 93 187 374 281
Space T 3 -1 187 93 484 297
T H -1 -1 93 109 47 -46
H E 1 3 109 125 140 31
E R 0 -1 125 141 62 -63
R E 0 1 141 171 141 0
E Space -3 -1 171 172 171 0
Space A 2 3 172 124 266 94
A N -1 -5 124 109 62 -62
N D 1 3 109 125 125 16
D Space -2 -1 125 140 47 -78
Space LShiftKey 1 4 140 218 967 827
LShiftKey I 2 -8 218 172 93 -125
I Space -3 4 172 140 110 -62
Space L 2 -5 140 125 218 78
L I 1 1 125 94 62 -63
I K -1 0 94 94 172 78
K E 1 5 94 140 78 -16
E Space -3 -1 140 109 94 -46
Space T 3 -1 109 125 109 0
T H -1 -1 125 93 78 -47
H E 1 3 93 94 140 47
E Space -3 -1 94 125 31 -63
Space C 1 1 125 125 546 421
C U 2 -4 125 94 94 -31
U L -1 -2 94 94 265 171
L T 1 4 94 125 265 171
T U 0 -2 125 78 110 -15
U E 0 4 78 78 140 62
E R 0 -1 78 140 47 -31
R E 0 1 140 187 109 -31
E Space -3 -1 187 172 390 203
Space Back 4 -9 172 16 624 452
Back Back 0 0 16 63 109 93
Back Back 0 0 63 78 141 78
Back Back 0 0 78 62 156 78
Back Back 0 0 62 78 889 827
Back Back 0 0 78 78 156 78
Back Back 0 0 78 93 156 78
Back Back 0 0 93 78 156 63
Back Back 0 0 78 93 281 203
Back C -3 10 93 141 280 187
C U 2 -4 141 63 78 -63
U L -1 -2 63 78 203 140
L T 1 4 78 109 359 281
T U 0 -2 109 63 109 0
U R 0 3 63 93 172 109
R E 0 1 93 141 62 -31
E Space -3 -1 141 171 94 -47
Space O 3 -5 171 94 639 468
O F -1 5 94 141 78 -16
F Space -2 0 141 171 110 -31
Space LShiftKey 1 4 171 234 826 655
LShiftKey J 1 -7 234 125 125 -109
J P 1 -3 125 125 343 218
P Back 1 -3 125 78 593 468
Back A -2 12 78 141 187 109
A P 1 -9 141 78 172 31
P A -1 9 78 156 172 94
A N -1 -5 156 109 62 -94
N OemPeriod 0 -3 109 93 250 141
OemPeriod Left -1 -2 93 125 4648 4555
Left E 3 8 125 63 125 0
E S -1 1 63 93 141 78
S E 1 -1 93 78 156 63
E LShiftKey -2 3 78 3931 26192 26114
LShiftKey I 2 -8 3931 187 3588 -343
I T 0 3 187 125 499 312
T Space -3 1 125 188 265 140
Space S 2 2 188 94 484 296
S E 1 -1 94 78 187 93
E E 0 0 78 109 156 78
E M -2 -4 109 109 156 47
M S 1 5 109 156 109 0
S Space -2 -2 156 187 125 -31
Space A 2 3 187 141 546 359
A Back 2 -12 141 78 375 234
Back T -1 8 78 109 156 78
T H -1 -1 109 94 93 -16
H A 0 5 94 125 47 -47
A T 1 -4 125 125 109 -16
T Space -3 1 125 141 109 -16
Space A 2 3 141 141 203 62
A Space -2 -3 141 109 63 -78
Space L 2 -5 109 78 156 47
L O 1 0 78 63 171 93
O T 0 4 63 110 187 124
T Space -3 1 110 125 671 561
Space O 3 -5 125 63 655 530
O F -1 5 63 125 78 15
F Space -2 0 125 141 78 -47
Space P 3 -6 141 93 344 203
P E 0 7 93 125 109 16
E O 0 -6 125 78 109 -16
O P 0 -1 78 63 374 296
P L -1 1 63 78 203 140
L E 1 6 78 140 94 16
E Space -3 -1 140 172 93 -47
Space A 2 3 172 140 328 156
A R 1 -3 140 140 250 110
R E 0 1 140 156 109 -31
E Space -3 -1 156 187 78 -78
Space C 1 1 187 141 296 109
C O 2 -6 141 78 94 -47
O M -2 2 78 47 187 109
M Back 3 -6 47 62 312 265
Back Back 0 0 62 94 140 78
Back A -2 12 94 156 156 62
A M -1 -6 156 109 125 -31
M P 2 -3 109 125 281 172
P I 0 2 125 125 281 156
I N -2 2 125 110 93 -32
N G 1 1 110 140 63 -47
G Space -2 1 140 156 125 -15
Space A 2 3 156 109 390 234
A T 1 -4 109 140 140 31
T Space -3 1 140 171 94 -46
Space Back 4 -9 171 47 2199 2028
Back Back 0 0 47 109 156 109
Back Back 0 0 109 62 437 328
Back I -1 5 62 141 265 203
I N -2 2 141 94 78 -63
N Space -1 2 94 140 141 47
Space A 2 3 140 125 202 62
A Space -2 -3 125 125 63 -62
Space P 3 -6 125 93 234 109
P A -1 9 93 109 78 -15
A R 1 -3 109 156 140 31
R K -1 -4 156 94 109 -47
K OemPeriod -1 -1 94 78 234 140
OemPeriod Space -1 5 78 187 203 125
Space LShiftKey 1 4 187 281 827 640
LShiftKey T 2 -5 281 124 172 -109
T H -1 -1 124 109 218 94
H E 1 3 109 110 62 -47
E R 0 -1 110 125 94 -16
R E 0 1 125 140 94 -31
E Space -3 -1 140 124 78 -62
Space I 3 -4 124 125 187 63
I S -1 6 125 125 78 -47
S Space -2 -2 125 172 218 93
Space A 2 3 172 124 297 125
A Space -2 -3 124 172 62 -62
Space C 1 1 172 94 421 249
C Back 3 -10 94 156 1123 1029
Back C -3 10 156 140 1342 1186
C R 2 -1 140 125 281 141
R E 0 1 125 78 234 109
E E 0 0 78 156 156 78
E K -1 -5 156 124 125 -31
K Space -2 4 124 202 312 188
Space Back 4 -9 202 78 8236 8034
Back Oemcomma -3 5 78 140 531 453
Oemcomma Space -1 4 140 125 265 125
Space A 2 3 125 156 125 0
A N -1 -5 156 94 109 -47
N D 1 3 94 156 62 -32
D Space -2 -1 156 109 110 -46
Space S 2 2 109 156 187 78
S O 1 -7 156 78 62 -94
O M -2 2 78 93 141 63
M E 2 4 93 140 78 -15
E Space -3 -1 140 172 124 -16
Space P 3 -6 172 78 437 265
P E 0 7 78 141 109 31
E O 0 -6 141 78 94 -47
O P 0 -1 78 93 250 172
P L -1 1 93 93 234 141
L E 1 6 93 156 124 31
E Space -3 -1 156 187 94 -62
Space T 3 -1 187 93 5554 5367
T Back 1 -8 93 15 546 453
Back A -2 12 15 109 15 0
A R 1 -3 109 125 125 16
R E 0 1 125 156 94 -31
E Space -3 -1 156 203 109 -47
Space B 1 -1 203 109 499 296
B O 2 -4 109 78 62 -47
O A -1 8 78 140 219 141
A T 1 -4 140 125 140 0
T I 0 -3 125 109 219 94
I N -2 2 109 110 46 -63
N G 1 1 110 125 63 -47
G Space -2 1 125 171 125 0
Space O 3 -5 171 140 1638 1467
O N -2 3 140 125 62 -78
N Space -1 2 125 125 156 31
Space I 3 -4 125 78 172 47
I T 0 3 78 124 78 0
T Oemcomma -2 -3 124 78 826 702
Oemcomma Space -1 4 78 141 203 125
Space O 3 -5 141 94 343 202
O T 0 4 94 109 141 47
T H -1 -1 109 125 93 -16
H E 1 3 125 171 110 -15
E R 0 -1 171 125 93 -78
R Space -3 0 125 156 63 -62
Space Back 4 -9 156 78 826 670
Back S -2 11 78 125 125 47
S Space -2 -2 125 172 125 0
Space Back 4 -9 172 94 5647 5475
Back Back 0 0 94 78 172 78
Back Back 0 0 78 78 156 78
Back Back 0 0 78 62 156 78
Back Back 0 0 62 78 156 94
Back Back 0 0 78 78 218 140
Back Back 0 0 78 94 281 203
Back Back 0 0 94 125 8518 8424
Back Back 0 0 125 78 218 93
Back Back 0 0 78 62 172 94
Back Back 0 0 62 47 156 94
Back Back 0 0 47 78 156 109
Back Back 0 0 78 62 156 78
Back Back 0 0 62 63 171 109
Back Back 0 0 63 93 188 125
Back Oemcomma -3 5 93 78 858 765
Oemcomma Space -1 4 78 125 93 15
Space S 2 2 125 93 375 250
S W 1 0 93 125 202 109
W I 0 -6 125 78 203 78
I M -2 1 78 125 234 156
M I 2 -1 125 125 265 140
I N -2 2 125 94 78 -47
N G 1 1 94 125 78 -16
G Space -2 1 125 203 156 31
Space Back 4 -9 203 63 1217 1014
Back Back 0 0 63 46 141 78
Back Back 0 0 46 63 124 78
Back Back 0 0 63 125 125 62
Back M -3 6 125 94 702 577
M I 2 -1 94 110 187 93
I N -2 2 110 93 63 -47
N G 1 1 93 124 47 -46
G Space -2 1 124 156 93 -31
Space O 3 -5 156 94 1357 1201
O R 0 5 94 140 94 0
R Space -3 0 140 156 94 -46
Space F 2 0 156 125 795 639
F I 1 -4 125 110 109 -16
I S -1 6 110 125 219 109
S H 0 -4 125 93 78 -47
H I 1 -2 93 156 203 110
I N -2 2 156 109 93 -63
N G 1 1 109 109 78 -31
G Space -2 1 109 156 265 156
Space N 1 -2 156 109 2247 2091
N E 2 3 109 94 93 -16
E R 0 -1 94 124 266 172
R Back 1 -9 124 47 483 359
Back Back 0 0 47 46 141 94
Back Back 0 0 46 63 124 78
Back I -1 5 63 125 1170 1107
I N -2 2 125 125 63 -62
N Space -1 2 125 125 140 15
Space T 3 -1 125 109 141 16
T H -1 -1 109 93 78 -31
H E 1 3 93 109 140 47
E Space -3 -1 109 125 31 -78
Space C 1 1 125 109 375 250
C R 2 -1 109 109 249 140
R E 0 1 109 63 234 125
E E 0 0 63 141 156 93
E K -1 -5 141 125 156 15
K OemPeriod -1 -1 125 140 250 125
OemPeriod Space -1 5 140 188 483 343
Space LShiftKey 1 4 188 421 42698 42510
LShiftKey O 2 -9 421 109 265 -156
O T 0 4 109 109 296 187
T H -1 -1 109 110 109 0
H E 1 3 110 140 110 0
E R 0 -1 140 78 109 -31
R Space -3 0 78 202 125 47
Space P 3 -6 202 140 764 562
P Back 1 -3 140 62 546 406
Back Back 0 0 62 78 172 110
Back Back 0 0 78 141 171 93
Back Back 0 0 141 124 297 156
Back E -1 10 124 140 1154 1030
E R 0 -1 140 140 94 -46
R Space -3 0 140 140 140 0
Space P 3 -6 140 110 218 78
P E 0 7 110 140 172 62
E O 0 -6 140 78 94 -46
O P 0 -1 78 78 218 140
P L -1 1 78 78 187 109
L E 1 6 78 156 63 -15
E Space -3 -1 156 187 109 -47
Space A 2 3 187 140 593 406
A R 1 -3 140 109 218 78
R E 0 1 109 171 94 -15
E Space -3 -1 171 218 78 -93
Space C 1 1 218 125 3151 2933
C H 1 -3 125 109 62 -63
H A 0 5 109 141 187 78
A T 1 -4 141 125 390 249
T I 0 -3 125 110 234 109
I N -2 2 110 93 63 -47
N G 1 1 93 124 47 -46
G Space -2 1 124 203 140 16
Space Back 4 -9 203 94 780 577
Back Back 0 0 94 94 140 46
Back Back 0 0 94 78 141 47
Back Back 0 0 78 93 125 47
Back Back 0 0 93 78 156 63
Back Back 0 0 78 78 124 46
Back Back 0 0 78 109 141 63
Back Back 0 0 109 94 218 109
Back C -3 10 94 140 172 78
C H 1 -3 140 78 125 -15
H A 0 5 78 141 124 46
A T 1 -4 141 93 219 78
T T 0 0 93 110 171 78
T I 0 -3 110 109 203 93
I N -2 2 109 78 78 -31
N G 1 1 78 125 31 -47
G Space -2 1 125 141 125 0
Space Back 4 -9 141 109 515 374
Back Oemcomma -3 5 109 93 281 172
Oemcomma Space -1 4 93 124 125 32
Space C 1 1 124 93 265 141
C O 2 -6 93 63 15 -78
O O 0 0 63 78 141 78
O K -1 1 78 63 171 93
K I 1 0 63 124 188 125
I N -2 2 124 93 78 -46
N G 1 1 93 125 62 -31
G Space -2 1 125 203 749 624
Space O 3 -5 203 125 312 109
O R 0 5 125 125 140 15
R Space -3 0 125 203 94 -31
Space Back 4 -9 203 78 3198 2995
Back Back 0 0 78 140 109 31
Back Back 0 0 140 78 203 63
Back N -3 7 78 109 1217 1139
N E 2 3 109 109 156 47
E A -1 2 109 110 202 93
A R 1 -3 110 125 141 31
R Space -3 0 125 187 187 62
Space T 3 -1 187 109 1139 952
T H -1 -1 109 93 125 16
H E 1 3 93 203 218 125
E I 0 -5 203 124 172 -31
I R 0 4 124 203 124 0
R Space -3 0 203 156 203 0
Space C 1 1 156 63 546 390
C A 1 2 63 141 156 93
A M -1 -6 141 93 94 -47
M P 2 -3 93 109 125 32
P OemPeriod -2 1 109 94 374 265
OemPeriod Space -1 5 94 203 234 140
Space LShiftKey 1 4 203 671 14945 14742
LShiftKey S 1 -2 671 188 483 -188
S O 1 -7 188 62 328 140
O M -2 2 62 110 140 78
M E 2 4 110 110 78 -32
E Back 1 -10 110 47 1295 1185
Back Back 0 0 47 62 141 94
Back Back 0 0 62 47 140 78
Back Back 0 0 47 47 140 93
Back Back 0 0 47 15 141 94
Back Space -4 9 15 109 44320 44305
Space O 3 -5 109 110 358 249
O R 0 5 110 140 94 -16
R Space -3 0 140 125 78 -62
Space H 2 -2 125 109 187 62
H A 0 5 109 125 94 -15
A V -1 -3 125 125 109 -16
V I 2 -4 125 109 203 78
I N -2 2 109 93 47 -62
N G 1 1 93 125 62 -31
G Space -2 1 125 109 125 0
Space D 2 1 109 109 218 109
D I 1 -5 109 94 78 -31
I N -2 2 94 156 375 281
N N 0 0 156 125 265 109
N E 2 3 125 125 187 62
E R 0 -1 125 140 78 -47
R Space -3 0 140 125 25428 25288
Space LShiftKey 1 4 125 3432 328 203
LShiftKey LShiftKey 0 0 3432 639 8377 4945
LShiftKey T 2 -5 639 125 530 -109
T H -1 -1 125 109 281 156
H E 1 3 109 125 31 -78
E R 0 -1 125 141 109 -16
R E 0 1 141 156 94 -47
E Space -3 -1 156 187 94 -62
Space A 2 3 187 125 327 140
A R 1 -3 125 141 156 31
R E 0 1 141 125 94 -47
E Space -3 -1 125 187 31 -94
Space A 2 3 187 125 390 203
A L 0 -8 125 94 78 -47
L O 1 0 94 125 203 109
O Back 1 -4 125 62 1014 889
Back Back 0 0 62 78 156 94
Back S -2 11 78 93 203 125
S Back 2 -11 93 62 624 531
Back L -2 4 62 78 249 187
L S 0 7 78 140 141 63
S O 1 -7 140 78 93 -47
O Space -3 5 78 171 141 63
Space S 2 2 171 125 343 172
S O 1 -7 125 62 47 -78
O M -2 2 62 94 140 78
M E 2 4 94 125 62 -32
E Space -3 -1 125 109 110 -15
Space P 3 -6 109 93 234 125
P E 0 7 93 109 171 78
E O 0 -6 109 78 63 -46
O P 0 -1 78 94 374 296
P L -1 1 94 62 203 109
L E 1 6 62 125 109 47
E Space -3 -1 125 156 62 -63
Space D 2 1 156 109 328 172
D O 1 -6 109 78 31 -78
O I 0 1 78 109 640 562
I N -2 2 109 109 47 -62
N G 1 1 109 109 78 -31
G Space -2 1 109 140 109 0
Space E 3 1 140 78 733 593
E X -2 1 78 109 187 109
X E 2 -1 109 187 250 141
E R 0 -1 187 156 156 -31
R C -2 1 156 125 327 171
C I 2 -5 125 109 125 0
I S -1 6 109 109 125 16
S E 1 -1 109 140 156 47
E Space -3 -1 140 187 94 -46
Space I 3 -4 187 125 514 327
I N -2 2 125 141 47 -78
N Space -1 2 141 94 109 -32
Space T 3 -1 94 125 78 -16
T H -1 -1 125 109 94 -31
H E 1 3 109 109 94 -15
E Space -3 -1 109 94 93 -16
Space P 3 -6 94 94 187 93
P A -1 9 94 110 78 -16
A R 1 -3 110 156 110 0
R K -1 -4 156 94 93 -63
K Oemcomma -1 0 94 78 640 546
Oemcomma Space -1 4 78 125 171 93
Space L 2 -5 125 156 141 16
L I 1 1 156 109 78 -78
I K -1 0 109 94 187 78
K E 1 5 94 140 94 0
E Space -3 -1 140 156 78 -62
Space R 3 0 156 125 1045 889
R I 0 -4 125 78 655 530
I D -1 5 78 125 218 140
D I 1 -5 125 109 110 -15
I N -2 2 109 94 46 -63
N G 1 1 94 141 78 -16
G Space -2 1 141 156 110 -31
Space A 2 3 156 140 1248 1092
A Space -2 -3 140 171 78 -62
Space B 1 -1 171 109 265 94
B I 2 -3 109 78 733 624
I C -2 5 78 156 156 78
C Y 2 -3 156 78 109 -47
Y C -2 3 78 125 172 94
C L 1 -6 125 94 93 -32
L E 1 6 94 62 219 125
E Space -3 -1 62 187 359 297
Space O 3 -5 187 78 1185 998
O R 0 5 78 125 125 47
R Space -3 0 125 172 62 -63
Space R 3 0 172 140 266 94
R U 0 -3 140 63 93 -47
U N -2 1 63 63 187 124
N N 0 0 63 94 156 93
N I 2 -2 94 141 203 109
I N -2 2 141 141 78 -63
N G 1 1 141 125 109 -32
G OemPeriod -1 -4 125 93 188 63
OemPeriod A 1 8 93 94 4305 4212
A N -1 -5 94 109 312 218
N D 1 3 109 141 109 0
D G 0 -2 141 140 66176 66035
G M -1 -2 140 94 920 780
M A 1 6 94 141 109 15
A I 1 -7 141 62 63 -78
I L -1 -1 62 93 156 94
L Return 0 -3 93 63 249 156
Return U 1 5 63 110 3432 3369
U B -2 2 110 109 125 15
B C 0 2 109 125 281 172
C O 2 -6 125 63 62 -63
O L -1 0 63 62 188 125
L L 0 0 62 94 140 78
L E 1 6 94 78 125 31
E C -2 0 78 94 218 140
C T 2 -2 94 124 219 125
T I 0 -3 124 78 78 -46
I O 0 -1 78 62 187 109
O N -2 3 62 109 140 78
N D0 3 -4 109 109 531 422
D0 Back 0 -3 109 62 2792 2683
Back D0 0 3 62 93 640 578
D0 Return -2 -2 93 78 327 234
Return D 0 9 78 124 2858 2780
D A 0 2 124 125 171 47
A T 1 -4 125 125 203 78
T A -1 4 125 140 156 31
A C -1 -2 140 140 328 188
C O 2 -6 140 78 78 -62
O L -1 0 78 63 202 124
L L 0 0 63 109 110 47
L E 1 6 109 109 109 0
E C -2 0 109 125 249 140
C T 2 -2 125 140 219 94
T I 0 -3 140 62 109 -31
I O 0 -1 62 94 140 78
O N -2 3 94 78 188 94
N Return 1 -6 78 63 202 124
Return G 0 7 63 124 21869 21806
G M -1 -2 124 109 187 63
M A 1 6 109 156 125 16
A I 1 -7 156 78 46 -110
I L -1 -1 78 94 156 78
L Return 0 -3 94 63 203 109
Return J 0 5 63 138 34130 34067
J Z -1 6 138 90 167 29
Z H 1 -5 90 80 60 -30
H A 0 5 80 148 120 40
A N -1 -5 148 78 60 -88
N G 1 1 78 115 58 -20
G Return 0 -7 115 90 575 460
Return LShiftKey -1 12 90 710 1144 1054
LShiftKey C 0 -3 710 92 120 -590
C S 1 1 92 165 222 130
S E 1 -1 165 133 195 30
E Space -3 -1 133 92 293 160
Space D5 4 -1 92 73 182 90
D5 D6 0 -1 73 85 73 0
D6 D5 0 1 85 137 125 40
D5 Space -4 1 137 125 117 -20
Space LShiftKey 1 4 125 253 685 560
LShiftKey P 2 -10 253 103 120 -133
P O 0 1 103 102 393 290
O Back 1 -4 102 73 337 235
Back R -1 9 73 102 153 80
R O 0 -5 102 83 92 -10
O J -1 2 83 112 183 100
J E 1 4 112 73 112 0
E C -2 0 73 92 213 140
C T 2 -2 92 123 242 150
T Space -3 1 123 182 123 0
Space D1 4 3 182 133 1032 850
D1 Space -4 -3 133 192 213 80
Space LShiftKey 1 4 192 325 352 160
LShiftKey S 1 -2 325 135 180 -145
S E 1 -1 135 105 225 90
E S -1 1 105 63 205 100
S S 0 0 63 112 143 80
S I 1 -6 112 65 142 30
I O 0 -1 65 73 155 90
O N -2 3 73 112 153 80
N D2 3 4 112 98 202 90
D2 W -1 0 98 90 78542 78444
W W 0 0 90 60 200 110
W W 0 0 60 90 160 100
W OemPeriod -2 -7 90 110 700 610
OemPeriod M 0 2 110 70 190 80
M Y 2 1 70 70 200 130
Y D -1 3 70 150 170 100
D R 1 -1 150 130 210 60
R I 0 -4 130 140 140 10
I V -2 4 140 60 210 70
V E 2 1 60 150 150 90
E R 0 -1 150 120 70 -80
R OemPeriod -2 -5 120 130 360 240
OemPeriod Back 3 -4 130 70 530 400
Back Back 0 0 70 60 140 70
Back Back 0 0 60 60 120 60
Back Back 0 0 60 70 130 70
Back Back 0 0 70 70 130 60
Back Back 0 0 70 70 130 60
Back Back 0 0 70 60 150 80
Back Back 0 0 60 100 140 80
Back Back 0 0 100 80 340 240
Back D1 0 12 80 130 440 360
D1 D6 0 -5 130 90 190 60
D6 D3 0 3 90 110 150 60
D3 OemPeriod -3 -6 110 90 320 210
OemPeriod C 0 6 90 110 180 90
C O 2 -6 110 100 120 10
O M -2 2 100 90 50 -50
M Return 1 -5 90 60 210 120
