RShiftKey B 0 6 156 78 94 -62
B U 2 -2 78 94 358 280
U F -1 3 94 31 406 312
F F 0 0 31 93 125 94
F A 0 3 93 94 374 281
A L 0 -8 94 78 109 15
L O 1 0 78 78 188 110
O Space -3 5 78 78 249 171
Space I 3 -4 78 109 1841 1763
I S -1 6 109 78 156 47
S Space -2 -2 78 94 187 109
Space Q 3 3 94 94 1357 1263
Q U 0 -6 94 156 78 -16
U I 0 -1 156 141 78 -78
I T 0 3 141 93 500 359
T E 0 2 93 93 312 219
E Space -3 -1 93 110 2074 1981
Space A 2 3 110 93 188 78
A N -1 -5 93 109 93 0
N D 1 3 109 94 156 47
D Space -2 -1 94 78 78 -16
Space P 3 -6 78 156 437 359
P L -1 1 156 141 62 -94
L E 1 6 141 78 141 0
E A -1 2 78 78 249 171
A S 0 -1 78 47 203 125
S A 0 1 47 78 187 140
A N -1 -5 78 93 141 63
N T 2 1 93 109 234 141
T OemPeriod -2 -4 109 78 1170 1061
OemPeriod Space -1 5 78 63 218 140
Space RShiftKey 1 -7 63 140 9267 9204
RShiftKey RShiftKey 0 0 140 234 312 172
RShiftKey T 2 6 234 78 156 -78
T H -1 -1 78 94 561 483
H E 1 3 94 78 109 15
E Space -3 -1 78 78 110 32
Space Back 4 -9 78 93 733 655
Back Back 0 0 93 63 171 78
Back Back 0 0 63 78 141 78
Back Back 0 0 78 78 249 171
Back RShiftKey -3 2 78 202 890 812
RShiftKey T 2 6 202 93 109 -93
T H -1 -1 93 125 327 234
H W 1 4 125 78 219 94
W Back 1 -11 78 140 437 359
Back E -1 10 140 78 124 -16
E Space -3 -1 78 78 188 110
Space W 3 2 78 78 265 187
W I 0 -6 78 141 296 218
I N -2 2 141 94 78 -63
N T 2 1 94 78 297 203
T W 0 3 78 78 124 46
W E 0 -1 78 47 16 -62
E Back 1 -10 47 78 671 624
Back Back 0 0 78 78 156 78
Back E -1 10 78 62 655 577
E R 0 -1 62 93 203 141
R S -1 2 93 78 93 0
S Space -2 -2 78 78 172 94
Space A 2 3 78 78 312 234
A R 1 -3 78 94 109 31
R E 0 1 94 78 187 93
E Space -3 -1 78 78 203 125
Space T 3 -1 78 63 343 265
T E 0 2 63 94 78 15
E R 0 -1 94 63 234 140
R R 0 0 63 94 125 62
R I 0 -4 94 93 172 78
I B -2 3 93 78 218 125
B L 1 -4 78 109 484 406
L E 1 6 109 78 93 -16
E Space -3 -1 78 62 172 94
Space T 3 -1 62 94 218 156
T H -1 -1 94 78 94 0
H O 1 -3 78 110 218 140
O U 0 2 110 78 219 109
U G -1 2 78 78 140 62
G H 0 -1 78 47 94 16
H OemPeriod -1 -3 47 62 421 374
OemPeriod Space -1 5 62 78 265 203
Space RShiftKey 1 -7 78 203 7176 7098
RShiftKey B 0 6 203 94 109 -94
B U 2 -2 94 78 344 250
U I 0 -1 78 110 202 124
I L -1 -1 110 110 234 124
L D 0 6 110 78 344 234
D I 1 -5 78 110 202 124
I N -2 2 110 125 297 187
N G 1 1 125 93 156 31
G S 0 3 93 78 359 266
S Space -2 -2 78 109 140 62
Space A 2 3 109 94 187 78
A R 1 -3 94 94 281 187
R E 0 1 94 93 203 109
E Space -3 -1 93 94 140 47
Space G 2 -1 94 110 8767 8673
G R 1 1 110 78 78 -32
R E 0 1 78 93 188 110
E A -1 2 93 78 265 172
A T 1 -4 78 78 93 15
T Space -3 1 78 78 234 156
Space I 3 -4 78 172 796 718
I N -2 2 172 140 78 -94
N Space -1 2 140 94 234 94
Space D 2 1 94 78 499 405
D O 1 -6 78 109 94 16
O W 0 7 109 93 281 172
W N -2 -4 93 78 109 16
N T 2 1 78 78 624 546
T O 0 -4 78 125 93 15
O W 0 7 125 78 453 328
W N -2 -4 78 94 93 15
N OemPeriod 0 -3 94 94 437 343
OemPeriod Space -1 5 94 78 250 156
Space RShiftKey 1 -7 78 219 5522 5444
RShiftKey U 2 4 219 78 109 -110
U N -2 1 78 78 468 390
N I 2 -2 78 94 125 47
I V -2 4 94 94 437 343
V E 2 1 94 125 437 343
E R 0 -1 125 93 203 78
R S -1 2 93 78 468 375
S I 1 -6 78 109 156 78
I T 0 3 109 63 249 140
T Y 0 -1 63 94 47 -16
Y Space -3 2 94 93 250 156
Space H 2 -2 93 110 405 312
H A 0 5 110 78 94 -16
A S 0 -1 78 62 203 125
S Space -2 -2 62 78 109 47
Space Q 3 3 78 94 764 686
Q U 0 -6 94 171 297 203
U I 0 -1 171 110 93 -78
I T 0 3 110 94 281 171
T E 0 2 94 78 94 0
E Space -3 -1 78 94 218 140
Space A 2 3 94 62 921 827
A Space -2 -3 62 93 78 16
Space O 3 -5 93 109 655 562
O T 0 4 109 32 171 62
T Back 1 -8 32 78 1030 998
Back Back 0 0 78 78 156 78
Back L -2 4 78 109 265 187
L O 1 0 109 78 219 110
O T 0 4 78 62 234 156
T Space -3 1 62 78 124 62
Space O 3 -5 78 125 281 203
O F -1 5 125 78 172 47
F Space -2 0 78 78 125 47
Space S 2 2 78 94 639 561
S P 1 -8 94 78 234 140
P O 0 1 78 110 187 109
O R 0 5 110 94 203 93
R T 0 -1 94 109 297 203
T I 0 -3 109 203 2043 1934
I N -2 2 203 156 94 -109
N G 1 1 156 109 468 312
G Space -2 1 109 109 140 31
Space F 2 0 109 110 577 468
F A 0 3 110 78 156 46
A C -1 -2 78 93 110 32
C I 2 -5 93 93 468 375
I L -1 -1 93 94 218 125
L I 1 1 94 110 218 124
I T 0 3 110 93 297 187
T I 0 -3 93 109 109 16
I E 0 5 109 109 187 78
E S -1 1 109 78 234 125
S OemPeriod -1 -7 78 94 1903 1825
OemPeriod Space -1 5 94 62 250 156
Space RShiftKey 1 -7 62 390 608 546
RShiftKey I 2 3 390 94 281 -109
I Space -3 4 94 78 312 218
Space L 2 -5 78 94 1919 1841
L I 1 1 94 140 250 156
I K -1 0 140 109 265 125
K E 1 5 109 78 125 16
E Space -3 -1 78 94 124 46
Space T 3 -1 94 93 578 484
T O 0 -4 93 109 78 -15
O Space -3 5 109 109 218 109
Space P 3 -6 109 156 655 546
P L -1 1 156 125 94 -62
L A 0 8 125 94 171 46
A Y 1 -5 94 93 141 47
Y Space -3 2 93 109 281 188
Space B 1 -1 109 110 280 171
B A 1 4 110 78 16 -94
A D 0 -2 78 94 218 140
D M -1 -4 94 93 141 47
M I 2 -1 93 110 171 78
I N -2 2 110 93 188 78
N T 2 1 93 93 187 94
T O 0 -4 93 110 249 156
O N -2 3 110 93 188 78
N Oemcomma 0 -2 93 78 1216 1123
Oemcomma Space -1 4 78 94 203 125
Space G 2 -1 94 94 2964 2870
G O 1 -4 94 78 125 31
O Space -3 5 78 78 265 187
Space K 2 -4 78 124 297 219
K A 0 7 124 78 218 94
A Y 1 -5 78 78 140 62
Y A -1 5 78 94 125 47
A K 0 -7 94 109 141 47
K I 1 0 109 109 218 109
I N -2 2 109 93 250 141
N G 1 1 93 78 124 31
G Space -2 1 78 62 94 16
Space I 3 -4 62 124 328 266
I N -2 2 124 109 62 -62
N Space -1 2 109 94 187 78
Space T 3 -1 94 109 172 78
T H -1 -1 109 140 109 0
H E 1 3 140 110 218 78
E Space -3 -1 110 94 94 -16
Space L 2 -5 94 94 374 280
L A 0 8 94 94 125 31
A K 0 -7 94 94 109 15
K E 1 5 94 78 188 94
E OemPeriod -2 -6 78 93 3198 3120
OemPeriod Space -1 5 93 94 1918 1825
Space RShiftKey 1 -7 94 249 2247 2153
RShiftKey E 2 8 249 94 93 -156
E D -1 0 94 78 390 296
D U 1 -4 78 109 63 -15
U C -2 4 109 63 218 109
C A 1 2 63 78 343 280
A T 1 -4 78 78 94 16
T I 0 -3 78 172 546 468
I O 0 -1 172 171 94 -78
O N -2 3 171 93 390 219
N Space -1 2 93 94 218 125
Space A 2 3 94 93 437 343
A N -1 -5 93 125 93 0
N D 1 3 125 62 219 94
D Space -2 -1 62 94 109 47
Space P 3 -6 94 125 499 405
P R 0 6 125 93 94 -31
R O 0 -5 93 93 125 32
O F -1 5 93 62 187 94
F E 1 1 62 109 218 156
E S -1 1 109 78 281 172
S S 0 0 78 63 140 62
S O 1 -7 63 109 172 109
O R 0 5 109 110 140 31
R S -1 2 110 47 328 218
S Space -2 -2 47 94 109 62
Space A 2 3 94 94 187 93
A R 1 -3 94 93 297 203
R E 0 1 93 78 203 110
E Space -3 -1 78 94 140 62
Space G 2 -1 94 63 499 405
G O 1 -4 63 94 156 93
O O 0 0 94 78 172 78
O D -1 6 78 94 93 15
D OemPeriod -1 -6 94 125 5273 5179
OemPeriod Space -1 5 125 94 421 296
Space RShiftKey 1 -7 94 140 4275 4181
RShiftKey C 0 8 140 78 31 -109
C L 1 -6 78 124 250 172
L A 0 8 124 78 156 32
A S 0 -1 78 46 312 234
S S 0 0 46 93 109 63
S Space -2 -2 93 78 265 172
Space Back 4 -9 78 109 484 406
Back R -1 9 109 110 124 15
R O 0 -5 110 94 156 46
O O 0 0 94 94 203 109
O M -2 2 94 94 312 218
M S 1 5 94 78 141 47
S Space -2 -2 78 109 156 78
Space A 2 3 109 63 670 561
A R 1 -3 63 62 328 265
R E 0 1 62 94 187 125
E Space -3 -1 94 94 187 93
Space S 2 2 94 94 2200 2106
S P 1 -8 94 109 187 93
P A -1 9 109 78 94 -15
A C -1 -2 78 78 327 249
C I 2 -5 78 94 172 94
I O 0 -1 94 78 187 93
O U 0 2 78 125 234 156
U S -1 5 125 78 172 47
S Space -2 -2 78 94 171 93
Space A 2 3 94 94 1014 920
A N -1 -5 94 110 156 62
N D 1 3 110 62 141 31
D Space -2 -1 62 94 109 47
Space C 1 1 94 47 686 592
C O 2 -6 47 203 172 125
O M -2 2 203 187 78 -125
M F 1 3 187 78 390 203
F O 1 -5 78 125 78 0
O R 0 5 125 94 156 31
R T 0 -1 94 93 515 421
T A -1 4 93 78 265 172
A B -1 -4 78 94 62 -16
B L 1 -4 94 93 422 328
L E 1 6 93 78 93 0
E OemPeriod -2 -6 78 62 172 94
OemPeriod RShiftKey 0 -2 62 156 17238 17176
RShiftKey F 1 7 156 62 47 -109
F A 0 3 62 94 405 343
A V -1 -3 94 94 109 15
V O 2 -5 94 78 422 328
O I 0 1 78 47 15 -63
I Back 1 -5 47 110 733 686
Back R -1 9 110 109 1919 1809
R I 0 -4 109 109 78 -31
I T 0 3 109 78 359 250
T E 0 2 78 78 125 47
E Space -3 -1 78 93 156 78
Space V 1 0 93 78 234 141
V A 1 3 78 78 47 -31
A C -1 -2 78 78 156 78
C A 1 2 78 78 93 15
A T 1 -4 78 78 141 63
T I 0 -3 78 171 421 343
I O 0 -1 171 125 109 -62
O N -2 3 125 109 250 125
N Space -1 2 109 94 218 109
Space S 2 2 94 94 265 171
S P 1 -8 94 156 343 249
P O 0 1 156 140 63 -93
O T 0 4 140 93 359 219
T Space -3 1 93 110 124 31
Space I 3 -4 110 109 344 234
I S -1 6 109 78 124 15
S Space -2 -2 78 93 110 32
Space RShiftKey 1 -7 93 156 343 250
RShiftKey G 1 6 156 78 62 -94
G O 1 -4 78 109 234 156
O A -1 8 109 62 203 94
A Oemcomma -1 -7 62 109 2668 2606
Oemcomma Space -1 4 109 93 234 125
Space I 3 -4 93 140 218 125
I N -2 2 140 109 78 -62
N Space -1 2 109 93 172 63
Space RShiftKey 1 -7 93 344 358 265
RShiftKey I 2 3 344 125 250 -94
I N -2 2 125 94 265 140
N D 1 3 94 78 156 62
D I 1 -5 78 78 94 16
I A -1 7 78 78 156 78
A Oemcomma -1 -7 78 78 218 140
Oemcomma Back 3 -5 78 94 1045 967
Back OemPeriod -3 4 94 93 422 328
OemPeriod Space -1 5 93 63 249 156
Space RShiftKey 1 -7 63 344 3307 3244
RShiftKey I 2 3 344 109 266 -78
I T 0 3 109 94 405 296
T S -1 3 94 78 156 62
S Space -2 -2 78 78 156 78
Space Back 4 -9 78 110 5023 4945
Back Back 0 0 110 94 281 171
Back Space -4 9 94 94 780 686
Space H 2 -2 94 125 234 140
H A 0 5 125 78 110 -15
A S 0 -1 78 78 171 93
S Space -2 -2 78 78 94 16
Space M 1 -3 78 109 1856 1778
M A 1 6 109 109 94 -15
A N -1 -5 109 93 125 16
N Y 2 0 93 93 265 172
Y Space -3 2 93 78 249 156
Space P 3 -6 78 140 1124 1046
P I 0 2 140 140 78 -62
I C -2 5 140 78 171 31
C T 2 -2 78 62 827 749
T U 0 -2 62 125 109 47
U R 0 3 125 78 187 62
R E 0 1 78 109 281 203
E S -1 1 109 78 484 375
S Q 1 1 78 94 327 249
Q U 0 -6 94 109 281 187
U E 0 4 109 93 94 -15
E Space -3 -1 93 93 203 110
Space B 1 -1 93 124 624 531
B E 2 2 124 94 62 -62
E A -1 2 94 93 359 265
A C -1 -2 93 94 405 312
C H 1 -3 94 109 125 31
H E 1 3 109 94 203 94
E S -1 1 94 62 281 187
S Oemcomma -1 -6 62 124 5819 5757
Oemcomma Space -1 4 124 78 280 156
Space A 2 3 78 78 110 32
A N -1 -5 78 78 124 46
N D 1 3 78 47 141 63
D Space -2 -1 47 78 93 46
Space K 2 -4 78 172 2964 2886
K N -1 2 172 141 78 -94
N O 2 -3 141 124 266 125
O W 0 7 124 78 265 141
W N -2 -4 78 93 47 -31
N Space -1 2 93 78 202 109
Space F 2 0 78 78 593 515
F O 1 -5 78 78 109 31
O R 0 5 78 93 188 110
R Space -3 0 93 94 62 -31
Space I 3 -4 94 62 250 156
I T 0 3 62 93 312 250
T S -1 3 93 78 93 0
S Space -2 -2 78 63 156 78
Space N 1 -2 63 93 219 156
N I 2 -2 93 94 202 109
I G -1 3 94 78 219 125
G H 0 -1 78 94 93 15
H T 1 1 94 62 141 47
T Space -3 1 62 62 125 63
Space L 2 -5 62 93 265 203
L I 1 1 93 78 218 125
I F -1 4 78 93 172 94
F E 1 1 93 78 265 172
E OemPeriod -2 -6 78 94 234 156
OemPeriod Space -1 5 94 78 250 156
Space RShiftKey 1 -7 78 452 1357 1279
RShiftKey I 2 3 452 125 327 -125
I T 0 3 125 78 328 203
T Space -3 1 78 109 125 47
Space C 1 1 109 62 343 234
C V 0 -1 62 31 16 -46
V A 1 3 31 109 234 203
A N -1 -5 109 63 124 15
N M 0 -1 63 31 16 -47
M Back 3 -6 31 78 718 687
Back Back 0 0 78 78 140 62
Back Back 0 0 78 62 172 94
Back Back 0 0 62 62 140 78
Back A -2 12 62 94 702 640
A N -1 -5 94 110 62 -32
N Space -1 2 110 78 219 109
Space B 1 -1 78 93 234 156
B E 2 2 93 94 109 16
E Space -3 -1 94 78 125 31
Space V 1 0 78 78 234 156
V E 2 1 78 78 62 -16
E Y 0 -3 78 93 328 250
Y Back 1 -7 93 94 655 562
Back R -1 9 94 94 702 608
R Y 0 -2 94 94 62 -32
Y Space -3 2 94 109 250 156
Space C 1 1 109 93 94 -15
C R 2 -1 93 93 312 219
R O 0 -5 93 125 187 94
O W 0 7 125 63 374 249
W D -1 -1 63 94 343 280
D E 1 0 94 110 312 218
E D -1 0 110 125 203 93
D Space -2 -1 125 62 250 125
Space D 2 1 62 78 1139 1077
D U 1 -4 78 78 93 15
U R 0 3 78 110 265 187
R I 0 -4 110 156 281 171
I N -2 2 156 140 94 -62
N G 1 1 140 109 203 63
G Space -2 1 109 109 140 31
Space P 3 -6 109 124 1030 921
P E 0 7 124 78 93 -31
E A -1 2 78 63 265 187
A K 0 -7 63 94 94 31
K Space -2 4 94 109 203 109
Space Back 4 -9 109 93 4805 4696
Back Back 0 0 93 47 187 94
Back Back 0 0 47 47 156 109
Back Back 0 0 47 78 140 93
Back Back 0 0 78 62 172 94
Back E -1 10 62 78 5663 5601
E N -2 -3 78 110 124 46
N D 1 3 110 78 156 46
D Space -2 -1 78 62 110 32
Space O 3 -5 62 109 327 265
O F -1 5 109 93 141 32
F Space -2 0 93 78 124 31
Space T 3 -1 78 94 172 94
T H -1 -1 94 93 94 0
H E 1 3 93 93 156 63
E Space -3 -1 93 78 109 16
Space Y 3 -2 78 109 515 437
Y E 0 3 109 93 109 0
E A -1 2 93 78 281 188
A R 1 -3 78 93 78 0
R OemPeriod -2 -5 93 94 2152 2059
OemPeriod Space -1 5 94 78 437 343
Space RShiftKey 1 -7 78 234 4087 4009
RShiftKey I 2 3 234 156 110 -124
I Space -3 4 156 93 343 187
Space T 3 -1 93 78 889 796
T R 0 1 78 109 172 94
R Y 0 -2 109 93 109 0
Y Space -3 2 93 94 218 125
Space T 3 -1 94 78 203 109
T O 0 -4 78 94 62 -16
O Space -3 5 94 109 266 172
Space V 1 0 109 93 577 468
V I 2 -4 93 109 109 16
I S -1 6 109 63 187 78
S I 1 -6 63 93 63 0
I T 0 3 93 109 218 125
T Space -3 1 109 78 187 78
Space A 2 3 78 94 811 733
A T 1 -4 94 94 94 0
T L -1 -4 94 109 390 296
L E 1 6 109 62 78 -31
E A -1 2 62 78 265 203
A S 0 -1 78 78 187 109
S T 1 -3 78 93 110 32
T Space -3 1 93 78 234 141
Space O 3 -5 78 171 655 577
O N -2 3 171 140 78 -93
N C 0 3 140 93 624 484
C E 2 0 93 78 405 312
E Space -3 -1 78 110 156 78
Space A 2 3 110 78 390 280
A Space -2 -3 78 109 188 110
Space E 3 1 109 78 733 624
E Y 0 -3 78 110 93 15
Y Back 1 -7 110 78 687 577
Back Back 0 0 78 78 140 62
Back Y -1 7 78 109 593 515
Y E 0 3 109 78 109 0
E A -1 2 78 62 219 141
A R 1 -3 62 62 78 16
R Space -3 0 62 93 2293 2231
Space OemPeriod 1 -5 93 93 1404 1311
OemPeriod Space -1 5 93 62 281 188
Space RShiftKey 1 -7 62 375 8704 8642
RShiftKey I 2 3 375 124 266 -109
I Space -3 4 124 94 327 203
Space W 3 2 94 125 780 686
W O 0 -7 125 78 94 -31
O U 0 2 78 93 234 156
U L -1 -2 93 125 234 141
L D 0 6 125 78 140 15
D Space -2 -1 78 94 125 47
Space L 2 -5 94 94 421 327
L I 1 1 94 78 234 140
I K -1 0 78 94 203 125
K E 1 5 94 78 140 46
E Space -3 -1 78 93 110 32
Space T 3 -1 93 94 280 187
T O 0 -4 94 93 110 16
O Space -3 5 93 93 421 328
Space V 1 0 93 78 218 125
V I 2 -4 78 78 156 78
I S -1 6 78 78 187 109
S I 1 -6 78 78 94 16
I T 0 3 78 94 218 140
T Space -3 1 94 78 983 889
Space RShiftKey 1 -7 78 249 2871 2793
RShiftKey S 1 9 249 94 124 -125
S O 1 -7 94 78 234 140
O U 0 2 78 93 266 188
U T 0 2 93 78 171 78
T H -1 -1 78 78 78 0
H Space -2 2 78 78 203 125
Space RShiftKey 1 -7 78 140 359 281
RShiftKey A 1 10 140 94 93 -47
A M -1 -6 94 93 188 94
M E 2 4 93 78 156 63
E R 0 -1 78 93 187 109
R I 0 -4 93 94 171 78
I C -2 5 94 94 328 234
C A 1 2 94 93 328 234
A N -1 -5 93 93 109 16
N Space -1 2 93 62 203 110
Space C 1 1 62 94 639 577
C O 2 -6 94 187 219 125
O U 0 2 187 125 93 -94
U N -2 1 125 141 265 140
N T 2 1 141 94 203 62
T R 0 1 94 93 219 125
R I 0 -4 93 109 156 63
I E 0 5 109 47 171 62
E S -1 1 47 94 203 156
S Oemcomma -1 -6 94 110 3182 3088
Oemcomma Space -1 4 110 78 172 62
Space L 2 -5 78 93 484 406
L I 1 1 93 109 249 156
I K -1 0 109 109 234 125
K E 1 5 109 78 109 0
E Space -3 -1 78 78 125 47
Space RShiftKey 1 -7 78 312 328 250
RShiftKey P 2 1 312 125 234 -78
P E 0 7 125 78 265 140
E R 0 -1 78 109 203 125
R U 0 -3 109 94 109 0
U Oemcomma -2 -1 94 94 546 452
Oemcomma Space -1 4 94 94 234 140
Space RShiftKey 1 -7 94 187 8159 8065
RShiftKey A 1 10 187 125 31 -156
A Back 2 -12 125 124 1810 1685
Back RShiftKey -3 2 124 172 998 874
RShiftKey B 0 6 172 94 62 -110
B R 2 1 94 78 344 250
R A -1 3 78 94 561 483
A Z -1 0 94 78 312 218
Z I 2 -7 78 109 110 32
I L -1 -1 109 78 249 140
L OemPeriod -1 0 78 94 1248 1170
OemPeriod Space -1 5 94 78 1014 920
Space RShiftKey 1 -7 78 172 5382 5304
RShiftKey T 2 6 172 93 94 -78
T H -1 -1 93 110 483 390
H E 1 3 110 78 125 15
E Space -3 -1 78 78 141 63
Space N 1 -2 78 93 499 421
N A 1 5 93 62 125 32
A T 1 -4 62 93 468 406
T U 0 -2 93 125 171 78
U R 0 3 125 78 109 -16
R E 0 1 78 94 172 94
E Space -3 -1 94 93 125 31
Space T 3 -1 93 78 156 63
T H -1 -1 78 94 93 15
H E 1 3 94 125 484 390
E R 0 -1 125 62 250 125
R E 0 1 62 78 171 109
E Space -3 -1 78 78 172 94
Space I 3 -4 78 110 249 171
I S -1 6 110 78 78 -32
S Space -2 -2 78 78 188 110
Space E 3 1 78 78 249 171
E X -2 1 78 93 328 250
X C 0 -1 93 94 998 905
C Back 3 -10 94 62 718 624
Back Back 0 0 62 78 156 94
Back Back 0 0 78 78 156 78
Back B -3 8 78 125 5241 5163
B E 2 2 125 78 32 -93
E A -1 2 78 31 265 187
A U 1 -6 31 125 1248 1217
U T 0 2 125 78 421 296
T I 0 -3 78 125 62 -16
I F -1 4 125 109 1124 999
F U 1 -3 109 78 109 0
U L -1 -2 78 109 218 140
L OemPeriod -1 0 109 110 421 312
OemPeriod Space -1 5 110 109 796 686
Space RShiftKey 1 -7 109 171 952 843
RShiftKey A 1 10 171 110 46 -125
A L 0 -8 110 110 234 124
L S 0 7 110 78 94 -16
S O 1 -7 78 93 125 47
O Space -3 5 93 78 234 141
Space W 3 2 78 78 671 593
W I 0 -6 78 125 62 -16
I S -1 6 125 94 312 187
S H 0 -4 94 110 140 46
H Space -2 2 110 63 234 124
Space T 3 -1 63 109 266 203
T O 0 -4 109 93 109 0
O Space -3 5 93 94 249 156
Space S 2 2 94 78 219 125
S E 1 -1 78 78 249 171
E E 0 0 78 78 141 63
E Space -3 -1 78 94 140 62
Space RShiftKey 1 -7 94 483 406 312
RShiftKey M 0 4 483 140 343 -140
M A 1 6 140 109 343 203
A C -1 -2 109 109 297 188
C H 1 -3 109 94 93 -16
H U 1 -1 94 78 187 93
U Space -3 3 78 78 219 141
Space Return 2 -8 78 109 359 281
Return RShiftKey -1 1 109 312 15 -94
RShiftKey P 2 1 312 109 234 -78
P I 0 2 109 93 250 141
I C -2 5 93 78 530 437
C H 1 -3 78 78 109 31
H H 0 0 78 78 156 78
H U 1 -1 78 94 203 125
U I 0 -1 94 78 0 -94
I Back 1 -5 78 110 1903 1825
Back Space -4 9 110 63 3432 3322
Space I 3 -4 63 140 921 858
I N -2 2 140 94 62 -78
N Space -1 2 94 93 172 78
Space RShiftKey 1 -7 93 250 374 281
RShiftKey P 2 1 250 140 141 -109
P E 0 7 140 109 468 328
E R 0 -1 109 78 218 109
R U 0 -3 78 78 31 -47
U OemPeriod -2 -2 78 78 437 359
OemPeriod RShiftKey 0 -2 78 140 19625 19547
RShiftKey T 2 6 140 109 31 -109
T H -1 -1 109 94 889 780
H E 1 3 94 31 78 -16
E Space -3 -1 31 109 141 110
Space S 2 2 109 93 78 -31
S C -1 -1 93 78 218 125
C E 2 0 78 109 156 78
E N -2 -3 109 93 250 141
N E 2 3 93 78 93 0
E Space -3 -1 78 62 141 63
Space L 2 -5 62 93 312 250
L O 1 0 93 62 218 125
O O 0 0 62 93 125 63
O K -1 1 93 109 156 63
K S 0 6 109 93 156 47
S Space -2 -2 93 78 109 16
Space L 2 -5 78 78 296 218
L I 1 1 78 93 219 141
I K -1 0 93 93 203 110
K E 1 5 93 78 93 0
E Space -3 -1 78 78 141 63
Space A 2 3 78 94 1965 1887
A Space -2 -3 94 78 78 -16
Space P 3 -6 78 172 468 390
P I 0 2 172 140 94 -78
I C -2 5 140 93 156 16
C N 0 -3 93 78 405 312
N I 2 -2 78 125 234 156
I C -2 5 125 78 156 31
C Space -1 -1 78 78 172 94
Space S 2 2 78 109 468 390
S P 1 -8 109 140 250 141
P O 0 1 140 124 78 -62
O T 0 4 124 78 327 203
T Left -3 -6 78 47 4696 4618
Left Right 0 -2 47 93 515 468
Right Oemcomma 1 5 93 109 936 843
Oemcomma Space -1 4 109 78 218 109
Space W 3 2 78 93 1420 1342
W H -1 -4 93 140 140 47
H E 1 3 140 94 296 156
E R 0 -1 94 78 219 125
R E 0 1 78 78 187 109
E Space -3 -1 78 78 203 125
Space P 3 -6 78 125 3307 3229
P E 0 7 125 93 250 125
E O 0 -6 93 125 93 0
O P 0 -1 125 125 94 -31
P L -1 1 125 109 281 156
L E 1 6 109 94 124 15
E Space -3 -1 94 78 172 78
Space Back 4 -9 78 109 5569 5491
Back Back 0 0 109 1045 156 47
Back Back 0 0 1045 78 1186 141
Back Back 0 0 78 47 187 109
Back OemPeriod -3 4 47 93 749 702
OemPeriod Space -1 5 93 62 234 141
Space RShiftKey 1 -7 62 328 7269 7207
RShiftKey I 2 3 328 125 219 -109
I T 0 3 125 94 218 93
T S -1 3 94 78 484 390
S Space -2 -2 78 94 109 31
Space V 1 0 94 109 468 374
V E 2 1 109 78 125 16
E R 0 -1 78 63 218 140
R Y 0 -2 63 93 94 31
Y Space -3 2 93 94 249 156
Space C 1 1 94 62 531 437
C R 2 -1 62 109 234 172
R O 0 -5 109 125 249 140
O W 0 7 125 125 312 187
W D -1 -1 125 78 250 125
D E 1 0 78 78 187 109
E D -1 0 78 94 156 78
D Oemcomma -1 -5 94 78 359 265
Oemcomma Space -1 4 78 78 187 109
Space I 3 -4 78 140 375 297
I N -2 2 140 141 46 -94
N D 1 3 141 93 188 47
D I 1 -5 93 124 78 -15
I C -2 5 124 78 405 281
C A 1 2 78 93 94 16
A T 1 -4 93 94 405 312
T I 0 -3 94 172 250 156
I N -2 2 172 124 94 -78
N G 1 1 124 109 109 -15
G Space -2 1 109 94 140 31
Space H 2 -2 94 78 1872 1778
H O 1 -3 78 125 47 -31
O L -1 0 125 78 234 109
L I 1 1 78 93 203 125
I D -1 5 93 78 140 47
D A 0 2 78 63 343 265
A Y 1 -5 63 94 78 15
Y Space -3 2 94 94 234 140
Space Left 0 -7 94 109 3292 3198
Left OemPeriod 1 2 109 94 858 749
OemPeriod Left -1 -2 94 78 14836 14742
Left Right 0 -2 78 93 437 359
Right Left 0 2 93 109 312 219
Left Right 0 -2 109 141 249 140
Right Right 0 0 141 141 265 124
Right Left 0 2 141 78 546 405
Left Left 0 0 78 94 172 94
Left Left 0 0 94 78 468 374
Left Left 0 0 78 702 858 780
Left Right 0 -2 702 156 12823 12121
Right Left 0 2 156 47 718 562
Left Left 0 0 47 78 265 218
Left Right 0 -2 78 16 499 421
Right Right 0 0 16 1077 2184 2168
Right Left 0 2 1077 93 1342 265
Left Left 0 0 93 63 374 281
Left RShiftKey 1 0 63 343 3198 3135
RShiftKey P 2 1 343 125 265 -78
P R 0 6 125 110 234 109
R Back 1 -9 110 109 515 405
Back E -1 10 109 94 125 16
E O 0 -6 94 125 109 15
O P 0 -1 125 109 203 78
P L -1 1 109 94 234 125
L E 1 6 94 109 156 62
E Space -3 -1 109 78 109 0
Space A 2 3 78 94 421 343
A R 1 -3 94 94 328 234
R E 0 1 94 94 187 93
E Space -3 -1 94 94 125 31
Space E 3 1 94 109 562 468
E N -2 -3 109 94 62 -47
N G 1 1 94 93 281 187
G A 0 4 93 62 109 16
A G 0 -4 62 78 78 16
G I 1 -3 78 172 499 421
I N -2 2 172 125 78 -94
N G 1 1 125 94 109 -16
G Space -2 1 94 78 125 31
Space I 3 -4 78 125 265 187
I N -2 2 125 109 47 -78
N Space -1 2 109 94 187 78
Space V 1 0 94 109 2013 1919
V A 1 3 109 78 62 -47
A R 1 -3 78 124 375 297
R I 0 -4 124 93 187 63
I O 0 -1 93 94 187 94
O U 0 2 94 78 234 140
U S -1 5 78 78 156 78
S Space -2 -2 78 109 125 47
Space A 2 3 109 63 405 296
A C -1 -2 63 110 234 171
C T 2 -2 110 94 359 249
T I 0 -3 94 109 94 0
I V -2 4 109 78 203 94
V I 2 -4 78 94 93 15
I T 0 3 94 94 187 93
T I 0 -3 94 109 63 -31
I E 0 5 109 94 265 156
E S -1 1 94 94 234 140
S Oemcomma -1 -6 94 94 624 530
Oemcomma Space -1 4 94 78 187 93
Space I 3 -4 78 125 499 421
I K -1 0 125 78 250 125
K E 1 5 78 78 62 -16
E Space -3 -1 78 62 172 94
Space Left 0 -7 62 78 998 936
Left Left 0 0 78 78 156 78
Left Left 0 0 78 109 141 63
Left Left 0 0 109 78 468 359
Left L 2 2 78 78 842 764
L S 0 7 78 78 3697 3619
S W 1 0 78 93 266 188
W I 0 -6 93 63 171 78
I M -2 1 63 94 343 280
M M 0 0 94 78 156 62
M I 2 -1 78 110 546 468
I N -2 2 110 94 1248 1138
N G 1 1 94 78 94 0
G Oemcomma -1 -3 78 94 1170 1092
Oemcomma Space -1 4 94 94 374 280
Space F 2 0 94 94 312 218
F I 1 -4 94 140 94 0
I S -1 6 140 109 406 266
S H 0 -4 109 94 140 31
H I 1 -2 94 93 250 156
I N -2 2 93 93 265 172
N G 1 1 93 93 78 -15
G Oemcomma -1 -3 93 156 2964 2871
Oemcomma Space -1 4 156 94 608 452
Space H 2 -2 94 93 843 749
H I 1 -2 93 109 265 172
I K -1 0 109 93 234 125
K I 1 0 93 93 203 110
I N -2 2 93 109 296 203
N G 1 1 109 93 203 94
G Oemcomma -1 -3 93 109 8658 8565
Oemcomma Space -1 4 109 94 374 265
Space E 3 1 94 94 78 -16
E T 0 -2 94 109 250 156
T C -2 2 109 78 405 296
C OemPeriod 0 -6 78 109 141 63
OemPeriod Space -1 5 109 93 312 203
Space RShiftKey 1 -7 93 140 12589 12496
RShiftKey S 1 9 140 78 47 -93
S O 1 -7 78 109 312 234
O M -2 2 109 109 234 125
M E 2 4 109 47 140 31
E Space -3 -1 47 78 78 31
Space P 3 -6 78 110 265 187
P E 0 7 110 78 110 0
E O 0 -6 78 93 109 31
O P 0 -1 93 94 187 94
P L -1 1 94 94 218 124
L E 1 6 94 94 78 -16
E Space -3 -1 94 93 141 47
Space A 2 3 93 93 281 188
A R 1 -3 93 78 265 172
R E 0 1 78 94 187 109
E Space -3 -1 94 94 109 15
Space A 2 3 94 78 468 374
A L 0 -8 78 125 109 31
L S 0 7 125 78 141 16
S O 1 -7 78 93 125 47
O Space -3 5 93 62 234 141
Space I 3 -4 62 141 405 343
I N -2 2 141 140 63 -78
N D 1 3 140 110 670 530
D U 1 -4 110 109 203 93
U L -1 -2 109 93 453 344
L G 0 4 93 125 280 187
G I 1 -3 125 171 219 94
I N -2 2 171 140 78 -93
N G 1 1 140 93 156 16
G Space -2 1 93 78 109 16
Space I 3 -4 78 140 312 234
I N -2 2 140 125 62 -78
N Space -1 2 125 93 219 94
Space P 3 -6 93 94 717 624
P H -1 4 94 78 125 31
H O 1 -3 78 109 125 47
O T 0 4 109 93 328 219
T O 0 -4 93 109 93 0
O G -1 4 109 94 421 312
G R 1 1 94 78 47 -47
R A -1 3 78 78 390 312
A P 1 -9 78 110 187 109
P H -1 4 110 78 344 234
H Y 1 0 78 63 202 124
Y OemPeriod -2 -3 63 78 5445 5382
OemPeriod Space -1 5 78 78 249 171
Space RShiftKey 1 -7 78 327 765 687
RShiftKey T 2 6 327 78 187 -140
T H -1 -1 78 109 484 406
H E 1 3 109 78 140 31
E Space -3 -1 78 93 125 47
Space S 2 2 93 93 905 812
S C -1 -1 93 94 717 624
C E 2 0 94 93 297 203
E N -2 -3 93 109 156 63
N E 2 3 109 94 93 -16
E Space -3 -1 94 78 156 62
Space L 2 -5 78 109 1623 1545
L O 1 0 109 78 905 796
O O 0 0 78 78 140 62
O K -1 1 78 124 250 172
K S 0 6 124 94 374 250
S Space -2 -2 94 94 156 62
Space P 3 -6 94 110 764 670
P R 0 6 110 78 47 -63
R E 0 1 78 93 172 94
E D -1 0 93 62 437 344
D O 1 -6 62 110 124 62
O M -2 2 110 94 250 140
M I 2 -1 94 125 203 109
I N -2 2 125 125 265 140
N A 1 5 125 156 265 140
A N -1 -5 156 109 172 16
N T 2 1 109 94 421 312
T L -1 -4 94 47 156 62
L Y 1 3 47 94 265 218
Y Space -3 2 94 110 187 93
Space F 2 0 110 78 1014 904
F I 1 -4 78 110 78 0
I L -1 -1 110 78 250 140
L L 0 0 78 94 140 62
L E 1 6 94 78 94 0
E D -1 0 78 62 203 125
D Space -2 -1 62 78 140 78
Space W 3 2 78 63 780 702
W I 0 -6 63 93 141 78
I T 0 3 93 93 234 141
T H -1 -1 93 109 78 -15
H Space -2 2 109 109 218 109
Space Y 3 -2 109 124 796 687
Y O 0 -3 124 156 343 219
O U 0 2 156 140 78 -78
U N -2 1 140 125 405 265
N G 1 1 125 94 328 203
G S 0 3 94 78 390 296
S T 1 -3 78 109 156 78
T E 0 2 109 140 125 16
E R 0 -1 140 78 281 141
R S -1 2 78 93 234 156
S OemPeriod -1 -7 93 94 8470 8377
OemPeriod D 1 6 94 94 58828 58734
D A 0 2 94 78 203 109
A T 1 -4 78 78 109 31
T A -1 4 78 93 94 16
A C -1 -2 93 109 1497 1404
C O 2 -6 109 94 109 0
O L -1 0 94 94 234 140
L L 0 0 94 93 141 47
L E 1 6 93 94 109 16
E C -2 0 94 94 265 171
C T 2 -2 94 93 531 437
T I 0 -3 93 172 202 109
I O 0 -1 172 172 94 -78
O N -2 3 172 94 187 15
N P 2 -4 94 157 44337 44243
P H -1 4 157 100 7267 7110
H Back 2 -7 100 95 1857 1757
Back A -2 12 95 110 61884 61789
A M -1 -6 110 100 230 120
M A 1 6 100 80 110 10
A Z -1 0 80 100 300 220
Z O 2 -8 100 140 450 350
O N -2 3 140 110 60 -80
N Return 1 -6 110 80 1460 1350
Return G 0 7 80 75 16302 16222
G A 0 4 75 85 115 40
A L 0 -8 85 92 275 190
L A 0 8 92 83 47 -45
A X -1 -1 83 90 553 470
X Y 2 -4 90 105 65 -25
Y Space -3 2 105 95 255 150
Space S 2 2 95 92 245 150
S D6 2 -4 92 115 542 450
D6 G -2 1 115 70 66235 66120
G O 1 -4 70 120 120 50
O A -1 8 120 120 345 225
A L 0 -8 120 100 30 -90
L Return 0 -3 100 262 2823 2723
