Return Return 0 0 78 140 1326 1248
Return LShiftKey -1 12 140 234 48906 48766
LShiftKey M 0 -7 234 93 78 -156
M Y 2 1 93 140 296 203
Y Space -3 2 140 93 94 -46
Space S 2 2 93 94 202 109
S E 1 -1 94 78 203 109
E C -2 0 78 62 843 765
C O 2 -6 62 63 124 62
O N -2 3 63 62 219 156
N D 1 3 62 62 156 94
D Space -2 -1 62 78 140 78
Space T 3 -1 78 93 609 531
T O 0 -4 93 62 156 63
O R 0 5 62 63 202 140
R Y 0 -2 63 156 141 78
Y Space -3 2 156 110 93 -63
Space I 3 -4 110 78 234 124
I S -1 6 78 94 172 94
S Space -2 -2 94 94 156 62
Space A 2 3 94 109 109 15
A B -1 -4 109 62 203 94
B O 2 -4 62 78 140 78
O U 0 2 78 78 203 125
U T 0 2 78 63 187 109
T Space -3 1 63 63 125 62
Space L 2 -5 63 78 187 124
L O 1 0 78 78 172 94
O V -2 5 78 110 140 62
V E 2 1 110 63 156 46
E W 0 1 63 47 0 -63
W Space -3 -2 47 62 141 94
Space A 2 3 62 109 125 63
A N -1 -5 109 62 109 0
N D 1 3 62 78 156 94
D Space -2 -1 78 110 93 15
Space L 2 -5 110 109 125 15
L O 1 0 109 78 187 78
O S -1 7 78 78 203 125
S S 0 0 78 78 187 109
S S 0 0 78 94 3588 3510
S Back 2 -11 94 62 2512 2418
Back Right -4 0 62 46 1186 1124
Right Right 0 0 46 78 156 110
Right Right 0 0 78 62 156 78
Right Right 0 0 62 62 156 94
Right Right 0 0 62 62 140 78
Right Right 0 0 62 62 125 63
Right Right 0 0 62 62 125 63
Right Right 0 0 62 62 140 78
Right Right 0 0 62 62 125 63
Right OemPeriod 1 4 62 94 1965 1903
OemPeriod Return 1 -3 94 78 203 109
Return Return 0 0 78 62 219 141
Return LShiftKey -1 12 62 203 1123 1061
LShiftKey I 2 -8 203 94 93 -110
I Space -3 4 94 125 172 78
Space W 3 2 125 109 172 47
W A -1 1 109 125 187 78
A S 0 -1 125 109 78 -47
S Space -2 -2 109 110 140 31
Space L 2 -5 110 93 141 31
L U 1 2 93 78 265 172
U C -2 4 78 62 250 172
C K 1 -5 62 62 140 78
K Y 1 2 62 62 328 266
Y Space -3 2 62 78 764 702
Space OemMinus 4 -7 78 78 281 203
OemMinus Space -4 7 78 62 156 78
Space LShiftKey 1 4 62 390 203 141
LShiftKey I 2 -8 390 109 265 -125
I Space -3 4 109 78 234 125
Space F 2 0 78 63 171 93
F O 1 -5 63 63 156 93
O U 0 2 63 93 188 125
U N -2 1 93 78 296 203
N D 1 3 78 78 203 125
D Space -2 -1 78 62 671 593
Space W 3 2 62 78 546 484
W H -1 -4 78 62 156 78
H A 0 5 62 78 156 94
A T 1 -4 78 78 171 93
T Space -3 1 78 93 172 94
Space LShiftKey 1 4 93 265 203 110
LShiftKey I 2 -8 265 156 156 -109
I Space -3 4 156 94 93 -63
Space L 2 -5 94 93 219 125
L O 1 0 93 78 187 94
O V -2 5 78 109 187 109
V E 2 1 109 93 94 -15
E D -1 0 93 78 265 172
D Space -2 -1 78 78 561 483
Space T 3 -1 78 62 500 422
T O 0 -4 62 109 156 94
O Space -3 5 109 109 62 -47
Space D 2 1 109 63 265 156
D O 1 -6 63 125 125 62
O Space -3 5 125 110 62 -63
Space E 3 1 110 94 203 93
E A -1 2 94 93 219 125
A R 1 -3 93 78 171 78
R L -1 -5 78 94 187 109
L Y 1 3 94 78 671 577
Y Space -3 2 78 94 234 156
Space I 3 -4 94 78 390 296
I N -2 2 78 78 203 125
N Space -1 2 78 62 203 125
Space L 2 -5 62 78 265 203
L I 1 1 78 78 203 125
I F -1 4 78 94 218 140
F E 1 1 94 78 187 93
E OemPeriod -2 -6 78 78 905 827
OemPeriod Space -1 5 78 62 250 172
Space LShiftKey 1 4 62 390 125 63
LShiftKey W 2 -2 390 124 234 -156
W O 0 -7 124 78 592 468
O Z -2 8 78 94 156 78
Z Space -1 -3 94 94 328 234
Space A 2 3 94 78 250 156
A N -1 -5 78 63 171 93
N D 1 3 63 78 141 78
D Space -2 -1 78 109 187 109
Space LShiftKey 1 4 109 297 140 31
LShiftKey I 2 -8 297 125 156 -141
I Space -3 4 125 109 78 -47
Space S 2 2 109 63 234 125
S T 1 -3 63 63 109 46
T A -1 4 63 109 141 78
A R 1 -3 109 78 93 -16
R T 0 -1 78 62 188 110
T E 0 2 62 78 124 62
E D -1 0 78 94 203 125
D Space -2 -1 94 93 562 468
Space LShiftKey 1 4 93 624 281 188
LShiftKey A 1 -1 624 172 436 -188
A P 1 -9 172 63 468 296
P P 0 0 63 78 141 78
P L -1 1 78 62 203 125
L E 1 6 62 78 202 140
E Space -3 -1 78 78 562 484
Space I 3 -4 78 78 312 234
I N -2 2 78 94 187 109
N Space -1 2 94 78 187 93
Space M 1 -3 78 78 188 110
M Y 2 1 78 156 296 218
Y Space -3 2 156 109 78 -78
Space P 3 -6 109 63 374 265
P A -1 9 63 94 172 109
A R 1 -3 94 94 265 171
R E 0 1 94 63 187 93
E N -2 -3 63 78 453 390
N T 2 1 78 62 234 156
T S -1 3 62 78 1061 999
S Oem7 0 -9 78 63 171 93
Oem7 Space -2 7 63 94 359 296
Space G 2 -1 94 78 218 124
G A 0 4 78 47 141 63
A R 1 -3 47 140 187 140
R A -1 3 140 78 140 0
A G 0 -4 78 62 141 63
G E 1 2 62 78 171 109
E Space -3 -1 78 78 718 640
Space W 3 2 78 94 733 655
W H -1 -4 94 62 141 47
H E 1 3 62 78 187 125
E N -2 -3 78 156 171 93
N Space -1 2 156 125 94 -62
Space LShiftKey 1 4 125 296 172 47
LShiftKey I 2 -8 296 141 171 -125
I Space -3 4 141 125 78 -63
Space W 3 2 125 109 219 94
W A -1 1 109 125 218 109
A S 0 -1 125 140 78 -47
S Space -2 -2 140 94 218 78
Space D2 4 2 94 109 1779 1685
D2 D0 0 -8 109 94 171 62
D0 OemPeriod -3 1 94 78 624 530
OemPeriod Space -1 5 78 78 234 156
Space LShiftKey 1 4 78 265 141 63
LShiftKey W 2 -2 265 125 171 -94
W E 0 -1 125 78 234 109
E Space -3 -1 78 78 156 78
Space W 3 2 78 78 172 94
W O 0 -7 78 78 187 109
O R 0 5 78 94 203 125
R K -1 -4 94 63 187 93
K E 1 5 63 94 125 62
E D -1 0 94 94 218 124
D Space -2 -1 94 78 687 593
Space H 2 -2 78 94 265 187
H A 0 5 94 78 156 62
A R 1 -3 78 78 234 156
R D -1 1 78 93 749 671
D Oemcomma -1 -5 93 78 359 266
Oemcomma Space -1 4 78 93 187 109
Space A 2 3 93 93 156 63
A N -1 -5 93 78 171 78
N D 1 3 78 46 188 110
D Space -2 -1 46 93 187 141
Space I 3 -4 93 78 171 78
I N -2 2 78 172 203 125
N Space -1 2 172 125 109 -63
Space D1 4 3 125 94 1576 1451
D1 D0 0 -9 94 94 140 46
D0 Space -4 6 94 94 250 156
Space Y 3 -2 94 78 203 109
Y E 0 3 78 94 218 140
E A -1 2 94 156 172 78
A R 1 -3 156 62 109 -47
R S -1 2 62 78 156 94
S Space -2 -2 78 94 1201 1123
Space LShiftKey 1 4 94 390 156 62
LShiftKey A 1 -1 390 140 297 -93
A P 1 -9 140 62 296 156
P P 0 0 62 78 156 94
P L -1 1 78 47 218 140
L E 1 6 47 94 78 31
E Space -3 -1 94 78 219 125
Space H 2 -2 78 62 733 655
H A 0 5 62 125 140 78
A D 0 -2 125 93 188 63
D Space -2 -1 93 78 124 31
Space G 2 -1 78 78 219 141
G R 1 1 78 93 234 156
R O 0 -5 93 63 171 78
O W 0 7 63 109 188 125
W N -2 -4 109 78 202 93
N Space -1 2 78 78 203 125
Space F 2 0 78 62 671 593
F R 1 0 62 62 250 188
R O 0 -5 62 78 109 47
O M -2 2 78 188 249 171
M Space -1 3 188 109 125 -63
Space J 2 -3 109 78 811 702
J U 1 0 78 62 172 94
U S -1 5 62 94 187 125
S T 1 -3 94 187 219 125
T Space -3 1 187 110 124 -63
Space T 3 -1 110 78 172 62
T H -1 -1 78 63 577 499
H E 1 3 63 94 187 124
E Space -3 -1 94 93 188 94
Space T 3 -1 93 78 156 63
T W 0 3 78 78 249 171
W O 0 -7 78 47 203 125
O Space -3 5 47 93 172 125
Space O 3 -5 93 63 202 109
O F -1 5 63 63 203 140
F Space -2 0 63 93 141 78
Space U 3 -3 93 62 234 141
U S -1 5 62 63 202 140
S Space -2 -2 63 109 1451 1388
Space I 3 -4 109 63 468 359
I N -2 2 63 156 203 140
N Space -1 2 156 109 109 -47
Space A 2 3 109 94 187 78
A Space -2 -3 94 78 188 94
Space G 2 -1 78 63 358 280
G A 0 4 63 78 141 78
A R 1 -3 78 110 171 93
R A -1 3 110 78 141 31
A G 0 -4 78 63 171 93
G E 1 2 63 78 219 156
E Space -3 -1 78 78 218 140
Space I 3 -4 78 62 359 281
I N -2 2 62 94 187 125
N T 2 1 94 94 234 140
T O 0 -4 94 156 141 47
O Space -3 5 156 109 93 -63
Space A 2 3 109 94 187 78
A Space -2 -3 94 93 266 172
Space LShiftKey 1 4 93 2372 982 889
LShiftKey D4 3 -4 2372 140 2091 -281
D4 D2 0 2 140 125 811 671
D2 Space -4 -2 125 78 2168 2043
Space B 1 -1 78 78 359 281
B I 2 -3 78 63 187 109
I L -1 -1 63 63 203 140
L L 0 0 63 78 156 93
L I 1 1 78 62 203 125
I O 0 -1 62 46 172 110
O N -2 3 46 47 280 234
N Space -1 2 47 47 203 156
Space C 1 1 47 62 843 796
C O 2 -6 62 78 109 47
O M -2 2 78 78 203 125
M P 2 -3 78 78 171 93
P A -1 9 78 93 172 94
A N -1 -5 93 78 171 78
N Y 2 0 78 172 250 172
Y Space -3 2 172 124 94 -78
Space W 3 2 124 78 202 78
W I 0 -6 78 78 141 63
I T 0 3 78 78 187 109
T H -1 -1 78 47 203 125
H Space -2 2 47 62 203 156
Space Space 0 0 62 16 218 156
Space Back 4 -9 16 94 733 717
Back O -1 4 94 78 733 639
O V -2 5 78 78 344 266
V E 2 1 78 93 156 78
E R 0 -1 93 94 218 125
R Space -3 0 94 93 172 78
Space D4 4 0 93 78 951 858
D4 Oemcomma -3 -4 78 63 187 109
Oemcomma D0 3 -2 63 78 344 281
D0 D0 0 0 78 62 187 109
D0 D0 0 0 62 78 171 109
D0 Space -4 6 78 78 203 125
Space E 3 1 78 78 187 109
E M -2 -4 78 78 188 110
M P 2 -3 78 93 187 109
P L -1 1 93 47 249 156
L O 1 0 47 78 156 109
O Y 0 3 78 78 281 203
Y E 0 3 78 94 156 78
E E 0 0 94 94 187 93
E S -1 1 94 109 203 109
S OemPeriod -1 -7 109 78 999 890
OemPeriod Space -1 5 78 94 218 140
Space LShiftKey 1 4 94 249 125 31
LShiftKey W 2 -2 249 109 187 -62
W E 0 -1 109 78 234 125
E Space -3 -1 78 78 234 156
Space H 2 -2 78 110 140 62
H A 0 5 110 141 203 93
A D 0 -2 141 125 109 -32
D Space -2 -1 125 109 328 203
Space J 2 -3 109 78 796 687
J U 1 0 78 62 187 109
U S -1 5 62 93 125 63
S T 1 -3 93 156 171 78
T Space -3 1 156 109 94 -62
Space R 3 0 109 46 203 94
R E 0 1 46 109 187 141
E L -1 -6 109 78 265 156
L E 1 6 78 63 265 187
E A -1 2 63 172 187 124
A S 0 -1 172 109 125 -47
S E 1 -1 109 78 219 110
E D -1 0 78 78 218 140
D Space -2 -1 78 93 281 203
Space O 3 -5 93 93 515 422
O U 0 2 93 63 358 265
U R 0 3 63 78 172 109
R Space -3 0 78 78 156 78
Space F 2 0 78 78 125 47
F I 1 -4 78 62 125 47
I N -2 2 62 78 202 140
N E 2 3 78 78 125 47
E S -1 1 78 78 219 141
S T 1 -3 78 78 187 109
T Space -3 1 78 93 702 624
Space C 1 1 93 63 405 312
C R 2 -1 63 78 219 156
R E 0 1 78 109 187 109
E A -1 2 109 156 140 31
A T 1 -4 156 94 172 16
T I 0 -3 94 109 172 78
I O 0 -1 109 109 187 78
O N -2 3 109 47 265 156
N Space -1 2 47 109 967 920
Space OemMinus 4 -7 109 94 156 47
OemMinus Space -4 7 94 109 94 0
Space T 3 -1 109 78 452 343
T H -1 -1 78 62 203 125
H E 1 3 62 109 109 47
E Space -3 -1 109 78 141 32
Space LShiftKey 1 4 78 234 608 530
LShiftKey M 0 -7 234 78 125 -109
M A 1 6 78 109 218 140
A C -1 -2 109 93 141 32
C I 2 -5 93 78 171 78
I N -2 2 78 94 187 109
N T 2 1 94 78 172 78
T O 0 -4 78 63 187 109
O S -1 7 63 94 156 93
S H 0 -4 94 78 156 62
H Space -2 2 78 141 1045 967
Space OemMinus 4 -7 141 78 141 0
OemMinus Space -4 7 78 140 109 31
Space A 2 3 140 125 296 156
A Space -2 -3 125 78 266 141
Space Y 3 -2 78 62 1404 1326
Y E 0 3 62 94 140 78
E A -1 2 94 141 218 124
A R 1 -3 141 94 94 -47
R Space -3 0 94 109 156 62
Space E 3 1 109 62 156 47
E A -1 2 62 125 468 406
A R 1 -3 125 94 140 15
R L -1 -5 94 78 172 78
L I 1 1 78 47 312 234
I E 0 5 47 62 484 437
E R 0 -1 62 94 202 140
R Oemcomma -2 -4 94 140 1124 1030
Oemcomma Space -1 4 140 93 109 -31
Space A 2 3 93 110 171 78
A N -1 -5 110 62 141 31
N D 1 3 62 78 156 94
D Space -2 -1 78 94 171 93
Space LShiftKey 1 4 94 297 702 608
LShiftKey I 2 -8 297 94 156 -141
I Space -3 4 94 93 188 94
Space H 2 -2 93 78 234 141
H A 0 5 78 109 234 156
A D 0 -2 109 125 93 -16
D Space -2 -1 125 93 141 16
Space J 2 -3 93 78 171 78
J U 1 0 78 78 172 94
U S -1 5 78 94 187 109
S T 1 -3 94 140 156 62
T Space -3 1 140 93 94 -46
Space T 3 -1 93 94 140 47
T U 0 -2 94 78 328 234
U R 0 3 78 78 202 124
R N -2 -2 78 78 188 110
N E 2 3 78 109 140 62
E D -1 0 109 94 218 109
D Space -2 -1 94 125 78 -16
Space D3 4 1 125 94 468 343
D3 D0 0 -7 94 78 94 0
D0 OemPeriod -3 1 78 63 3026 2948
OemPeriod Space -1 5 63 109 203 140
Space LShiftKey 1 4 109 249 141 32
LShiftKey A 1 -1 249 140 140 -109
A N -1 -5 140 63 187 47
N D 1 3 63 78 187 124
D Space -2 -1 78 78 141 63
Space T 3 -1 78 94 171 93
T H -1 -1 94 62 141 47
H E 1 3 62 94 140 78
E N -2 -3 94 187 172 78
N Space -1 2 187 140 125 -62
Space LShiftKey 1 4 140 234 1591 1451
LShiftKey I 2 -8 234 171 125 -109
I Space -3 4 171 109 109 -62
Space G 2 -1 109 78 249 140
G O 1 -4 78 78 188 110
O T 0 4 78 109 187 109
T Space -3 1 109 94 171 62
Space F 2 0 94 63 234 140
F I 1 -4 63 78 125 62
I R 0 4 78 63 156 78
R E 0 1 63 93 172 109
E D -1 0 93 93 203 110
D OemPeriod -1 -6 93 62 1404 1311
OemPeriod Space -1 5 62 93 234 172
Space LShiftKey 1 4 93 296 140 47
LShiftKey H 1 -6 296 78 172 -124
H O 1 -3 78 78 202 124
O W 0 7 78 109 219 141
W Space -3 -2 109 78 203 94
Space C 1 1 78 171 2496 2418
C A 1 2 171 141 124 -47
A N -1 -5 141 188 156 15
N Space -1 2 188 109 172 -16
Space Y 3 -2 109 78 655 546
Y O 0 -3 78 234 172 94
O U 0 2 234 156 94 -140
U Space -3 3 156 109 78 -78
Space G 2 -1 109 94 202 93
G E 1 2 94 93 141 47
E T 0 -2 93 140 187 94
T Space -3 1 140 110 62 -78
Space F 2 0 110 78 203 93
F I 1 -4 78 78 125 47
I R 0 4 78 78 172 94
R E 0 1 78 94 202 124
E D -1 0 94 94 234 140
D Space -2 -1 94 94 172 78
Space F 2 0 94 78 998 904
F R 1 0 78 94 203 125
R O 0 -5 94 62 141 47
O M -2 2 62 141 202 140
M Space -1 3 141 125 78 -63
Space A 2 3 125 124 110 -15
A Space -2 -3 124 78 156 32
Space C 1 1 78 94 124 46
C O 2 -6 94 78 125 31
O M -2 2 78 94 203 125
M P 2 -3 94 110 140 46
P A -1 9 110 93 188 78
A N -1 -5 93 78 124 31
N Y 2 0 78 62 250 172
Y Space -3 2 62 93 172 110
Space Y 3 -2 93 78 2371 2278
Y O 0 -3 78 234 171 93
O U 0 2 234 187 110 -124
U Space -3 3 187 62 140 -47
Space S 2 2 62 93 515 453
S T 1 -3 93 78 109 16
T A -1 4 78 109 109 31
A R 1 -3 109 62 94 -15
R T 0 -1 62 78 156 94
T E 0 2 78 94 109 31
E D -1 0 94 110 218 124
D LShiftKey -1 3 110 453 390 280
LShiftKey OemQuestion 0 -10 453 78 297 -156
OemQuestion Space -1 6 78 125 312 234
Space LShiftKey 1 4 125 281 93 -32
LShiftKey W 2 -2 281 109 188 -93
W E 0 -1 109 93 234 125
E L -1 -6 93 31 187 94
L L 0 0 31 63 140 109
L Oemcomma -1 1 63 62 593 530
Oemcomma Space -1 4 62 63 187 125
Space A 2 3 63 156 141 78
A S 0 -1 156 125 93 -63
S Space -2 -2 125 93 141 16
Space LShiftKey 1 4 93 359 171 78
LShiftKey A 1 -1 359 125 250 -109
A P 1 -9 125 62 187 62
P P 0 0 62 78 125 63
P L -1 1 78 78 187 109
L E 1 6 78 78 125 47
E Space -3 -1 78 78 125 47
Space G 2 -1 78 62 312 234
G R 1 1 62 78 312 250
R E 0 1 78 78 156 78
E W 0 1 78 94 202 124
W Space -3 -2 94 110 1404 1310
Space W 3 2 110 78 188 78
W E 0 -1 78 94 171 93
E Space -3 -1 94 78 125 31
Space H 2 -2 78 78 203 125
H R 1 2 78 78 405 327
R Back 1 -9 78 93 609 531
Back I -1 5 93 78 639 546
I R 0 4 78 94 125 47
R E 0 1 94 110 187 93
E D -1 0 110 93 219 109
D Space -2 -1 93 93 858 765
Space S 2 2 93 63 3182 3089
S O 1 -7 63 78 125 62
O M -2 2 78 94 218 140
M E 2 4 94 62 188 94
E O 0 -6 62 62 156 94
O N -2 3 62 94 202 140
N E 2 3 94 78 156 62
E Space -3 -1 78 78 3152 3074
Space W 3 2 78 78 312 234
W H -1 -4 78 94 140 62
H O 1 -3 94 93 172 78
O Space -3 5 93 109 156 63
Space LShiftKey 1 4 109 312 140 31
LShiftKey I 2 -8 312 140 156 -156
I Space -3 4 140 94 78 -62
Space T 3 -1 94 78 530 436
T H -1 -1 78 78 94 16
H O 1 -3 78 78 187 109
O U 0 2 78 78 172 94
U G -1 2 78 63 171 93
G H 0 -1 63 62 141 78
H T 1 1 62 78 140 78
T Space -3 1 78 62 406 328
Space W 3 2 62 78 421 359
W A -1 1 78 141 265 187
A S 0 -1 141 109 78 -63
S Space -2 -2 109 94 156 47
Space V 1 0 94 94 203 109
V E 2 1 94 78 156 62
E R 0 -1 78 94 187 109
R Y 0 -2 94 124 141 47
Y Space -3 2 124 93 78 -46
Space T 3 -1 93 78 156 63
T A -1 4 78 109 187 109
A L 0 -8 109 78 203 94
L E 1 6 78 63 171 93
E N -2 -3 63 109 172 109
N T 2 1 109 93 281 172
T E 0 2 93 94 202 109
E D -1 0 94 109 250 156
D Space -2 -1 109 94 234 125
Space T 3 -1 94 94 1045 951
T O 0 -4 94 156 109 15
O Space -3 5 156 109 94 -62
Space R 3 0 109 109 406 297
R U 0 -3 109 62 140 31
U N -2 1 62 187 203 141
N Space -1 2 187 125 109 -78
Space T 3 -1 125 94 140 15
T H -1 -1 94 94 78 -16
H E 1 3 94 78 141 47
E Space -3 -1 78 93 125 47
Space C 1 1 93 94 218 125
C O 2 -6 94 78 109 15
O M -2 2 78 93 219 141
M P 2 -3 93 109 140 47
P A -1 9 109 78 203 94
A N -1 -5 78 78 109 31
N Y 2 0 78 78 234 156
Y Space -3 2 78 125 1045 967
Space W 3 2 125 125 343 218
W I 0 -6 125 78 141 16
I T 0 3 78 94 218 140
T H -1 -1 94 171 94 0
H Space -2 2 171 125 109 -62
Space E 3 1 125 93 515 390
E Oemcomma -2 -5 93 62 1794 1701
Oemcomma Space -1 4 62 78 171 109
Space A 2 3 78 93 188 110
A N -1 -5 93 78 156 63
N D 1 3 78 62 156 78
D Space -2 -1 62 110 124 62
Space F 2 0 110 78 141 31
F O 1 -5 78 78 109 31
O R 0 5 78 93 172 94
R Space -3 0 93 93 156 63
Space T 3 -1 93 94 296 203
T H -1 -1 94 78 187 93
H E 1 3 78 94 156 78
E Space -3 -1 94 93 172 78
Space F 2 0 93 62 343 250
F I 1 -4 62 63 140 78
I R 0 4 63 78 125 62
R S -1 2 78 109 281 203
S T 1 -3 109 156 140 31
T Space -3 1 156 125 94 -62
Space Y 3 -2 125 78 187 62
Y E 0 3 78 125 125 47
E A -1 2 125 188 140 15
A R 1 -3 188 109 141 -47
R Space -3 0 109 94 187 78
Space O 3 -5 94 78 593 499
O R 0 5 78 78 265 187
R Space -3 0 78 110 140 62
Space S 2 2 110 125 203 93
S O 1 -7 125 140 141 16
O Space -3 5 140 109 78 -62
Space T 3 -1 109 140 920 811
T H -1 -1 140 125 374 234
H I 1 -2 125 156 671 546
I N -2 2 156 125 109 -47
N G 1 1 125 125 172 47
G S 0 3 125 141 218 93
S Space -2 -2 141 94 156 15
Space W 3 2 94 188 156 62
W E 0 -1 188 110 156 -32
E N -2 -3 110 94 125 15
N T 2 1 94 109 156 62
T Space -3 1 109 94 109 0
Space W 3 2 94 141 156 62
W E 0 -1 141 124 110 -31
E L -1 -6 124 47 1029 905
L L 0 0 47 62 141 94
L OemPeriod -1 0 62 78 1060 998
OemPeriod Space -1 5 78 78 234 156
Space LShiftKey 1 4 78 234 156 78
LShiftKey B 0 -5 234 78 125 -109
B U 2 -2 78 94 390 312
U T 0 2 94 78 172 78
T Space -3 1 78 109 156 78
Space T 3 -1 109 78 156 47
T H -1 -1 78 78 140 62
H E 1 3 78 109 156 78
E N -2 -3 109 187 219 110
N Space -1 2 187 94 140 -47
Space O 3 -5 94 46 640 546
O U 0 2 46 63 202 156
U R 0 3 63 78 156 93
R Space -3 0 78 78 156 78
Space V 1 0 78 62 188 110
V I 2 -4 62 78 140 78
I S -1 6 78 47 156 78
S I 1 -6 47 141 187 140
I O 0 -1 141 109 94 -47
O N -2 3 109 94 249 140
N S 1 4 94 78 188 94
S Space -2 -2 78 63 171 93
Space O 3 -5 63 78 921 858
O F -1 5 78 93 156 78
F Space -2 0 93 110 124 31
Space T 3 -1 110 63 156 46
T H -1 -1 63 93 63 0
H E 1 3 93 109 187 94
E Space -3 -1 109 78 203 94
Space F 2 0 78 78 156 78
F U 1 -3 78 31 203 125
U T 0 2 31 93 967 936
T U 0 -2 93 62 156 63
U R 0 3 62 62 281 219
R E 0 1 62 125 265 203
E Space -3 -1 125 94 639 514
Space B 1 -1 94 78 2122 2028
B E 2 2 78 110 140 62
E G -1 -2 110 94 234 124
G A 0 4 94 94 94 0
A N -1 -5 94 141 140 46
N Space -1 2 141 93 188 47
Space T 3 -1 93 78 405 312
T O 0 -4 78 78 203 125
O Space -3 5 78 78 187 109
Space D 2 1 78 78 1045 967
D I 1 -5 78 93 188 110
I V -2 4 93 109 171 78
V E 2 1 109 93 141 32
E R 0 -1 93 78 234 141
R G -1 -1 78 62 343 265
G E 1 2 62 94 171 109
E Space -3 -1 94 78 749 655
Space A 2 3 78 94 125 47
A N -1 -5 94 78 109 15
N D 1 3 78 94 125 47
D Space -2 -1 94 109 94 0
Space E 3 1 109 78 171 62
E V -2 -1 78 124 141 63
V E 2 1 124 78 140 16
E N -2 -3 78 78 140 62
N T 2 1 78 110 234 156
T U 0 -2 110 78 141 31
U A -1 6 78 109 140 62
A L 0 -8 109 62 484 375
L L 0 0 62 78 156 94
L Y 1 3 78 141 530 452
Y Space -3 2 141 109 94 -47
Space W 3 2 109 156 171 62
W E 0 -1 156 125 125 -31
E Space -3 -1 125 125 250 125
Space H 2 -2 125 63 873 748
H A 0 5 63 109 125 62
A D 0 -2 109 109 125 16
D Space -2 -1 109 78 156 47
Space A 2 3 78 78 109 31
A Space -2 -3 78 94 109 31
Space F 2 0 94 93 297 203
F A 0 3 93 78 140 47
A L 0 -8 78 63 156 78
L L 0 0 63 78 141 78
L I 1 1 78 63 202 124
I N -2 2 63 93 188 125
N G 1 1 93 110 124 31
G Space -2 1 110 78 141 31
Space O 3 -5 78 94 140 62
O U 0 2 94 93 250 156
U T 0 2 93 94 140 47
T OemPeriod -2 -4 94 78 889 795
OemPeriod Space -1 5 78 109 219 141
Space LShiftKey 1 4 109 561 125 16
LShiftKey W 2 -2 561 187 374 -187
W H -1 -4 187 62 359 172
H E 1 3 62 78 156 94
E N -2 -3 78 171 156 78
N Space -1 2 171 124 125 -46
Space W 3 2 124 109 171 47
W E 0 -1 109 93 219 110
E Space -3 -1 93 93 187 94
Space D 2 1 93 93 515 422
D I 1 -5 93 93 109 16
I D -1 5 93 78 93 0
D Oemcomma -1 -5 78 171 609 531
Oemcomma Space -1 4 171 109 125 -46
Space O 3 -5 109 94 218 109
O U 0 2 94 94 265 171
U R 0 3 94 94 156 62
R Space -3 0 94 109 141 47
Space LShiftKey 1 4 109 359 171 62
LShiftKey B 0 -5 359 125 172 -187
B O 2 -4 125 94 171 46
O A -1 8 94 141 281 187
A R 1 -3 141 109 250 109
R D -1 1 109 93 234 125
D Space -2 -1 93 78 187 94
Space O 3 -5 78 62 562 484
O F -1 5 62 109 171 109
F Space -2 0 109 109 172 63
Space LShiftKey 1 4 109 281 62 -47
LShiftKey D 1 -3 281 125 172 -109
D I 1 -5 125 94 140 15
I R 0 4 94 125 172 78
R E 0 1 125 140 203 78
E C -2 0 140 109 171 31
C T 2 -2 109 109 328 219
T O 0 -4 109 124 125 16
O R 0 5 124 78 156 32
R S -1 2 78 125 249 171
S Space -2 -2 125 93 874 749
Space S 2 2 93 94 187 94
S I 1 -6 94 78 156 62
I D -1 5 78 125 125 47
D E 1 0 125 156 156 31
E D -1 0 156 109 109 -47
D Space -2 -1 109 78 234 125
Space W 3 2 78 109 437 359
W I 0 -6 109 78 125 16
I T 0 3 78 124 156 78
T H -1 -1 124 140 109 -15
H Space -2 2 140 109 109 -31
Space H 2 -2 109 172 140 31
H I 1 -2 172 109 125 -47
I M -2 1 109 140 1919 1810
M OemPeriod 0 -2 140 109 889 749
OemPeriod Space -1 5 109 141 1201 1092
Space Back 4 -9 141 78 2450 2309
Back O -1 4 78 78 327 249
O LShiftKey -2 9 78 328 5585 5507
LShiftKey S 1 -2 328 125 187 -141
S O 1 -7 125 62 250 125
O Space -3 5 62 93 780 718
Space A 2 3 93 94 218 125
A T 1 -4 94 140 125 31
T Space -3 1 140 109 94 -46
Space D3 4 1 109 94 748 639
D3 D0 0 -7 94 78 203 109
D0 Space -4 6 78 109 749 671
Space LShiftKey 1 4 109 234 187 78
LShiftKey I 2 -8 234 124 141 -93
I Space -3 4 124 109 78 -46
Space W 3 2 109 125 218 109
W A -1 1 125 172 187 62
A S 0 -1 172 109 125 -47
S Space -2 -2 109 78 218 109
Space O 3 -5 78 47 921 843
O U 0 2 47 78 249 202
U T 0 2 78 78 188 110
T OemPeriod -2 -4 78 78 686 608
OemPeriod Space -1 5 78 110 218 140
Space LShiftKey 1 4 110 343 94 -16
LShiftKey A 1 -1 343 156 203 -140
A N -1 -5 156 62 265 109
N D 1 3 62 78 140 78
D Space -2 -1 78 94 125 47
Space V 1 0 94 78 312 218
V E 2 1 78 110 187 109
E R 0 -1 110 78 234 124
R Y 0 -2 78 78 172 94
Y Space -3 2 78 94 842 764
Space P 3 -6 94 78 734 640
P U 0 3 78 47 343 265
U B -2 2 47 78 281 234
B L 1 -4 78 46 156 78
L I 1 1 46 47 187 141
I C -2 5 47 78 171 124
C L 1 -6 78 78 1295 1217
L Y 1 3 78 156 312 234
Y Space -3 2 156 109 94 -62
Space O 3 -5 109 63 249 140
O U 0 2 63 63 203 140
U T 0 2 63 93 141 78
T OemPeriod -2 -4 93 62 827 734
OemPeriod Space -1 5 62 109 187 125
Space LShiftKey 1 4 109 297 140 31
LShiftKey W 2 -2 297 141 187 -110
W H -1 -4 141 78 141 0
H A 0 5 78 109 156 78
A T 1 -4 109 141 93 -16
T Space -3 1 141 93 110 -31
Space H 2 -2 93 62 577 484
H A 0 5 62 109 140 78
A D 0 -2 109 78 109 0
D Space -2 -1 78 78 125 47
Space B 1 -1 78 78 156 78
B E 2 2 78 94 125 47
E E 0 0 94 109 187 93
E N -2 -3 109 125 125 16
N Space -1 2 125 93 94 -31
Space T 3 -1 93 78 374 281
T H -1 -1 78 47 125 47
H E 1 3 47 93 125 78
E Space -3 -1 93 78 124 31
Space F 2 0 78 78 156 78
F O 1 -5 78 78 156 78
O C -2 6 78 94 250 172
C U 2 -4 94 62 172 78
U S -1 5 62 94 171 109
S Space -2 -2 94 78 203 109
Space O 3 -5 78 62 936 858
O F -1 5 62 78 140 78
F Space -2 0 78 93 141 63
Space M 1 -3 93 78 171 78
M Y 2 1 78 140 328 250
Y Space -3 2 140 109 94 -46
Space E 3 1 109 78 920 811
E N -2 -3 78 78 140 62
N T 2 1 78 109 219 141
T I 0 -3 109 78 171 62
I R 0 4 78 94 94 16
R E 0 1 94 93 203 109
E Space -3 -1 93 94 140 47
Space A 2 3 94 109 250 156
A D 0 -2 109 94 171 62
D U 1 -4 94 78 156 62
U L -1 -2 78 78 234 156
L T 1 4 78 78 172 94
T Space -3 1 78 78 140 62
Space L 2 -5 78 78 156 78
L I 1 1 78 78 203 125
I F -1 4 78 125 156 78
F E 1 1 125 109 172 47
E Space -3 -1 109 125 889 780
Space W 3 2 125 78 265 140
W A -1 1 78 171 172 94
A S 0 -1 171 141 93 -78
S Space -2 -2 141 78 156 15
Space G 2 -1 78 78 203 125
G O 1 -4 78 78 109 31
O N -2 3 78 78 234 156
N E 2 3 78 78 156 78
E Oemcomma -2 -5 78 63 1061 983
Oemcomma Space -1 4 63 47 203 140
Space A 2 3 47 109 156 109
A N -1 -5 109 62 156 47
N D 1 3 62 63 140 78
D Space -2 -1 63 94 125 62
Space I 3 -4 94 78 172 78
I T 0 3 78 94 171 93
T Space -3 1 94 125 156 62
Space W 3 2 125 125 172 47
W A -1 1 125 218 203 78
A S 0 -1 218 140 156 -62
S Space -2 -2 140 78 156 16
Space D 2 1 78 141 140 62
D E 1 0 141 110 109 -32
E V -2 -1 110 110 234 124
V A 1 3 110 141 125 15
A S 0 -1 141 62 281 140
S T 1 -3 62 63 218 156
T A -1 4 63 94 94 31
A T 1 -4 94 63 109 15
T I 0 -3 63 78 234 171
I N -2 2 78 62 250 172
N G 1 1 62 78 140 78
G OemPeriod -1 -4 78 62 250 172
OemPeriod Return 1 -3 62 94 795 733
Return Return 0 0 94 109 515 421
Return LShiftKey -1 12 109 359 312 203
LShiftKey I 2 -8 359 78 234 -125
I Space -3 4 78 94 187 109
Space R 3 0 94 78 234 140
R E 0 1 78 94 172 94
E A -1 2 94 94 218 124
A L 0 -8 94 47 172 78
L L 0 0 47 78 125 78
L Y 1 3 78 156 359 281
Y Space -3 2 156 78 124 -32
Space D 2 1 78 94 562 484
D I 1 -5 94 78 140 46
I D -1 5 78 78 110 32
D N -1 -3 78 46 156 78
N Oem7 1 -5 46 62 530 484
Oem7 T 1 6 62 62 156 94
T Space -3 1 62 94 140 78
Space K 2 -4 94 78 203 109
K N -1 2 78 78 187 109
N O 2 -3 78 78 156 78
O W 0 7 78 94 172 94
W Space -3 -2 94 94 1326 1232
Space W 3 2 94 141 343 249
W H -1 -4 141 78 203 62
H A 0 5 78 109 109 31
A T 1 -4 109 140 125 16
T Space -3 1 140 109 94 -46
Space T 3 -1 109 62 655 546
T O 0 -4 62 109 109 47
O Space -3 5 109 110 62 -47
Space D 2 1 110 78 234 124
D O 1 -6 78 93 141 63
O Space -3 5 93 93 47 -46
Space F 2 0 93 78 109 16
F O 1 -5 78 78 156 78
O R 0 5 78 109 140 62
R Space -3 0 109 93 609 500
Space A 2 3 93 94 124 31
A Space -2 -3 94 94 125 31
Space F 2 0 94 109 172 78
F E 1 1 109 94 140 31
E W 0 1 94 93 219 125
W Space -3 -2 93 94 171 78
Space M 1 -3 94 125 250 156
M O 2 -2 125 93 156 31
O N -2 3 93 94 187 94
N T 2 1 94 94 234 140
T H -1 -1 94 78 140 46
H S 0 4 78 78 234 156
S OemPeriod -1 -7 78 78 765 687
OemPeriod Space -1 5 78 124 203 125
Space LShiftKey 1 4 124 281 93 -31
LShiftKey I 2 -8 281 156 141 -140
I Space -3 4 156 93 109 -47
Space F 2 0 93 109 203 110
F E 1 1 109 109 171 62
E L -1 -6 109 78 250 141
L T 1 4 78 62 203 125
T Space -3 1 62 94 764 702
Space T 3 -1 94 93 281 187
T H -1 -1 93 78 156 63
H A 0 5 78 125 62 -16
A T 1 -4 125 140 94 -31
T Space -3 1 140 94 171 31
Space LShiftKey 1 4 94 437 156 62
LShiftKey I 2 -8 437 141 281 -156
I Space -3 4 141 109 78 -63
Space H 2 -2 109 94 265 156
H A 0 5 94 156 203 109
A D 0 -2 156 156 156 0
D Space -2 -1 156 78 328 172
Space L 2 -5 78 78 405 327
L E 1 6 78 109 110 32
E T 0 -2 109 94 218 109
T Space -3 1 94 94 109 15
Space T 3 -1 94 78 172 78
T H -1 -1 78 78 93 15
H E 1 3 78 93 141 63
E Space -3 -1 93 94 109 16
Space P 3 -6 94 94 187 93
P R 0 6 94 78 125 31
R E 0 1 78 78 187 109
E V -2 -1 78 93 219 141
V I 2 -4 93 109 171 78
I O 0 -1 109 156 47 -62
O U 0 2 156 78 187 31
U S -1 5 78 62 219 141
S Space -2 -2 62 93 1326 1264
Space G 2 -1 93 78 546 453
G F 0 1 78 47 15 -63
F Back 2 -9 47 94 702 655
Back Back 0 0 94 78 187 93
Back G -2 8 78 109 843 765
G E 1 2 109 93 156 47
E N -2 -3 93 78 156 63
N E 2 3 78 109 62 -16
E R 0 -1 109 124 219 110
R A -1 3 124 156 93 -31
A T 1 -4 156 93 172 16
T I 0 -3 93 156 171 78
I O 0 -1 156 109 110 -46
O N -2 3 109 188 202 93
N Space -1 2 188 125 125 -63
Space O 3 -5 125 78 687 562
O F -1 5 78 78 187 109
F Space -2 0 78 62 156 78
Space E 3 1 62 125 1404 1342
E N -2 -3 125 63 218 93
N T 2 1 63 78 141 78
T R 0 1 78 93 234 156
R E 0 1 93 93 1950 1857
E P 0 -7 93 94 686 593
P R 0 6 94 78 265 171
R E 0 1 78 78 265 187
E N -2 -3 78 63 1092 1014
N E 2 3 63 78 546 483
E U 0 -4 78 63 125 47
U R 0 3 63 78 141 78
R S -1 2 78 94 280 202
S Space -2 -2 94 94 156 62
Space D 2 1 94 78 203 109
D O 1 -6 78 62 141 63
O E 0 6 62 63 249 187
E Back 1 -10 63 94 421 358
Back W -1 11 94 94 78 -16
W N -2 -4 94 78 297 203
N Space -1 2 78 110 1575 1497
Space OemMinus 4 -7 110 62 110 0
OemMinus Space -4 7 62 109 93 31
Space T 3 -1 109 78 250 141
T H -1 -1 78 62 203 125
H A 0 5 62 109 93 31
A T 1 -4 109 156 109 0
T Space -3 1 156 109 110 -46
Space LShiftKey 1 4 109 421 171 62
LShiftKey I 2 -8 421 156 281 -140
I Space -3 4 156 94 109 -47
Space H 2 -2 94 94 187 93
H A 0 5 94 125 141 47
A D 0 -2 125 78 140 15
D Space -2 -1 78 62 125 47
Space D 2 1 62 78 125 63
D R 1 -1 78 94 218 140
R O 0 -5 94 94 125 31
O P 0 -1 94 62 203 109
P P 0 0 62 62 156 94
P E 0 7 62 94 140 78
E D -1 0 94 94 234 140
D Space -2 -1 94 94 187 93
Space T 3 -1 94 93 266 172
T H -1 -1 93 78 140 47
H E 1 3 78 125 140 62
E Space -3 -1 125 62 110 -15
Space B 1 -1 62 94 171 109
B A 1 4 94 94 109 15
A T 1 -4 94 93 219 125
T O 0 -4 93 47 156 63
O N -2 3 47 78 515 468
N Space -1 2 78 93 234 156
Space A 2 3 93 140 140 47
A S 0 -1 140 109 94 -46
S Space -2 -2 109 93 187 78
Space I 3 -4 93 78 733 640
I T 0 3 78 109 265 187
T Space -3 1 109 94 187 78
Space W 3 2 94 109 172 78
W A -1 1 109 219 218 109
A S 0 -1 219 140 172 -47
S Space -2 -2 140 62 250 110
Space B 1 -1 62 94 483 421
B E 2 2 94 93 172 78
E I 0 -5 93 171 203 110
I N -2 2 171 125 93 -78
N G 1 1 125 78 187 62
G Space -2 1 78 78 141 63
Space P 3 -6 78 78 733 655
P A -1 9 78 94 234 156
A S 0 -1 94 78 218 124
S S 0 0 78 93 141 63
S E 1 -1 93 78 203 110
E D -1 0 78 94 171 93
D Space -2 -1 94 124 141 47
Space T 3 -1 124 94 218 94
T O 0 -4 94 156 109 15
O Space -3 5 156 141 78 -78
Space M 1 -3 141 93 219 78
M E 2 4 93 93 109 16
E OemPeriod -2 -6 93 93 234 141
OemPeriod Space -1 5 93 94 499 406
Space LShiftKey 1 4 94 281 156 62
LShiftKey I 2 -8 281 140 156 -125
I Space -3 4 140 109 94 -46
Space M 1 -3 109 110 202 93
M E 2 4 110 78 125 15
E T 0 -2 78 63 234 156
T Space -3 1 63 78 141 78
Space W 3 2 78 94 140 62
W I 0 -6 94 78 156 62
I T 0 3 78 78 187 109
T H -1 -1 78 156 125 47
H Space -2 2 156 109 94 -62
Space LShiftKey 1 4 109 374 452 343
LShiftKey D 1 -3 374 140 250 -124
D A 0 2 140 78 296 156
A V -1 -3 78 63 187 109
V I 2 -4 63 62 125 62
I D -1 5 62 78 156 94
D Space -2 -1 78 93 827 749
Space LShiftKey 1 4 93 234 203 110
LShiftKey P 2 -10 234 78 140 -94
P A -1 9 78 110 218 140
A C -1 -2 110 63 156 46
C K 1 -5 63 63 125 62
K A 0 7 63 94 109 46
A R 1 -3 94 78 203 109
R D -1 1 78 109 203 125
D Space -2 -1 109 78 811 702
Space A 2 3 78 78 219 141
A N -1 -5 78 63 124 46
N D 1 3 63 93 141 78
D Space -2 -1 93 93 125 32
Space LShiftKey 1 4 93 265 140 47
LShiftKey B 0 -5 265 109 109 -156
B O 2 -4 109 78 219 110
O B -2 4 78 93 187 109
B Space -1 1 93 94 265 172
Space LShiftKey 1 4 94 312 187 93
LShiftKey N 0 -6 312 62 172 -140
N O 2 -3 62 93 281 219
O Y 0 3 93 63 327 234
Y C -2 3 63 140 219 156
C E 2 0 140 125 93 -47
E Space -3 -1 125 94 733 608
Space A 2 3 94 109 188 94
A N -1 -5 109 47 140 31
N D 1 3 47 78 94 47
D Space -2 -1 78 93 156 78
Space T 3 -1 93 93 187 94
T R 0 1 93 78 203 110
R I 0 -4 78 78 124 46
I E 0 5 78 78 141 63
E D -1 0 78 94 187 109
D Space -2 -1 94 125 140 46
Space T 3 -1 125 109 188 63
T O 0 -4 109 156 202 93
O Space -3 5 156 124 110 -46
Space A 2 3 124 62 936 812
A P 1 -9 62 78 124 62
P O 0 1 78 78 172 94
O L -1 0 78 78 390 312
L O 1 0 78 78 187 109
O G -1 4 78 78 468 390
G I 1 -3 78 47 125 47
I Z -2 7 47 93 328 281
Z E 2 -2 93 78 358 265
E Space -3 -1 78 63 203 125
Space F 2 0 63 62 952 889
F O 1 -5 62 78 109 47
O R 0 5 78 94 156 78
R Space -3 0 94 94 140 46
Space S 2 2 94 78 375 281
S C -1 -1 78 78 187 109
C R 2 -1 78 78 250 172
R E 0 1 78 94 280 202
E W 0 1 94 94 203 109
W I 0 -6 94 62 203 109
I N -2 2 62 78 203 141
N G 1 1 78 93 125 47
G Space -2 1 93 78 124 31
Space U 3 -3 78 78 203 125
U P 0 -3 78 172 187 109
P Space -3 6 172 125 94 -78
Space S 2 2 125 94 218 93
S O 1 -7 94 140 110 16
O Space -3 5 140 94 93 -47
Space B 1 -1 94 93 250 156
B A 1 4 93 125 156 63
A D 0 -2 125 94 140 15
D L 0 -6 94 63 109 15
L Y 1 3 63 62 328 265
Y OemPeriod -2 -3 62 78 1778 1716
OemPeriod Space -1 5 78 93 219 141
Space LShiftKey 1 4 93 234 109 16
LShiftKey I 2 -8 234 141 109 -125
I Space -3 4 141 93 94 -47
Space W 3 2 93 110 1185 1092
W A -1 1 110 203 219 109
A S 0 -1 203 125 140 -63
S Space -2 -2 125 78 172 47
Space A 2 3 78 78 109 31
A Space -2 -3 78 78 109 31
Space V 1 0 78 109 156 78
V E 2 1 109 125 156 47
E R 0 -1 125 94 203 78
R Y 0 -2 94 125 109 15
Y Space -3 2 125 109 78 -47
Space P 3 -6 109 63 312 203
P U 0 3 63 62 359 296
U B -2 2 62 63 296 234
B L 1 -4 63 63 156 93
L I 1 1 63 63 203 140
I C -2 5 63 78 156 93
C Space -1 -1 78 62 141 63
Space F 2 0 62 93 156 94
F A 0 3 93 78 171 78
A I 1 -7 78 78 125 47
I L -1 -1 78 78 250 172
L I 1 1 78 78 343 265
I U 0 1 78 78 187 109
U R 0 3 78 78 218 140
R E 0 1 78 109 188 110
E Oemcomma -2 -5 109 124 1092 983
Oemcomma Space -1 4 124 93 156 32
Space A 2 3 93 94 140 47
A N -1 -5 94 46 172 78
N D 1 3 46 93 109 63
D Space -2 -1 93 94 140 47
Space LShiftKey 1 4 94 265 125 31
LShiftKey I 2 -8 265 141 140 -125
I Space -3 4 141 78 94 -47
Space E 3 1 78 78 1045 967
E V -2 -1 78 62 141 63
V E 2 1 62 78 124 62
E N -2 -3 78 125 172 94
N Space -1 2 125 78 94 -31
Space T 3 -1 78 78 202 124
T H -1 -1 78 63 125 47
H O 1 -3 63 94 187 124
O U 0 2 94 78 188 94
U G -1 2 78 78 124 46
G H 0 -1 78 63 156 78
H T 1 1 63 78 110 47
T Space -3 1 78 62 140 62
Space A 2 3 62 78 733 671
A B -1 -4 78 78 187 109
B O 2 -4 78 62 172 94
O U 0 2 62 78 234 172
U T 0 2 78 109 203 125
T Space -3 1 109 94 171 62
Space R 3 0 94 93 1077 983
R U 0 -3 93 78 156 63
U N -2 1 78 78 218 140
N N 0 0 78 78 172 94
N I 2 -2 78 109 140 62
I N -2 2 109 109 47 -62
N G 1 1 109 93 172 63
G Space -2 1 93 78 140 47
Space A 2 3 78 109 109 31
A W 1 -1 109 94 359 250
W A -1 1 94 94 187 93
A Y 1 -5 94 171 141 47
Y Space -3 2 171 109 109 -62
Space F 2 0 109 62 234 125
F R 1 0 62 78 218 156
R O 0 -5 78 78 109 31
O M -2 2 78 172 234 156
M Space -1 3 172 78 125 -47
Space T 3 -1 78 93 765 687
T H -1 -1 93 78 140 47
H E 1 3 78 94 140 62
E Space -3 -1 94 78 141 47
Space V 1 0 78 94 171 93
V A 1 3 94 78 110 16
A L 0 -8 78 62 140 62
L L 0 0 62 63 140 78
L E 1 6 63 109 359 296
E Y 0 -3 109 62 125 16
Y OemPeriod -2 -3 62 62 1248 1186
OemPeriod Space -1 5 62 78 218 156
Space LShiftKey 1 4 78 249 141 63
LShiftKey B 0 -5 249 94 140 -109
B U 2 -2 94 78 187 93
U T 0 2 78 93 188 110
T Space -3 1 93 78 249 156
Space S 2 2 78 109 156 78
S O 1 -7 109 62 141 32
O M -2 2 62 78 202 140
M E 2 4 78 125 94 16
E T 0 -2 125 78 187 62
T H -1 -1 78 110 109 31
H I 1 -2 110 125 125 15
I N -2 2 125 94 156 31
N G 1 1 94 78 172 78
G Space -2 1 78 78 156 78
Space S 2 2 78 62 2278 2200
S L 0 -7 62 78 124 62
L O 1 0 78 63 203 125
O W 0 7 63 78 203 140
W L -1 -7 78 78 156 78
L Y 1 3 78 78 390 312
Y Space -3 2 78 78 250 172
Space B 1 -1 78 78 2418 2340
B E 2 2 78 78 171 93
E G -1 -2 78 78 203 125
G A 0 4 78 94 140 62
A N -1 -5 94 125 172 78
N Space -1 2 125 109 78 -47
Space T 3 -1 109 78 203 94
T O 0 -4 78 124 125 47
O Space -3 5 124 109 62 -62
Space D 2 1 109 94 296 187
D A 0 2 94 156 172 78
A W 1 -1 156 109 156 0
W N -2 -4 109 156 140 31
N Space -1 2 156 109 94 -62
Space N 1 -2 109 219 374 265
N O 2 -3 219 47 16 -203
O Space -3 5 47 94 156 109
Space M 1 -3 94 78 983 889
M E 2 4 78 93 125 47
E Right -3 -10 93 125 8205 8112
Right Back 4 0 125 78 406 281
Back Back 0 0 78 47 5085 5007
Back Back 0 0 47 62 172 125
Back Back 0 0 62 78 733 671
Back O -1 4 78 140 921 843
O N -2 3 140 93 78 -62
N Space -1 2 93 47 265 172
Space Right 0 -9 47 63 1419 1372
Right Right 0 0 63 62 172 109
Right Space 0 9 62 93 4415 4353
Space OemMinus 4 -7 93 63 171 78
OemMinus Space -4 7 63 78 110 47
Space LShiftKey 1 4 78 234 280 202
LShiftKey I 2 -8 234 16 203 -31
I Space -3 4 16 78 905 889
Space S 2 2 78 63 140 62
S T 1 -3 63 78 422 359
T I 0 -3 78 62 140 62
I L -1 -1 62 62 250 188
L L 0 0 62 62 156 94
L Space -2 5 62 63 1185 1123
Space L 2 -5 63 78 609 546
L O 1 0 78 78 171 93
O V -2 5 78 125 156 78
V E 2 1 125 109 94 -31
E D -1 0 109 94 249 140
D Space -2 -1 94 78 188 94
Space W 3 2 78 94 171 93
W H -1 -4 94 62 172 78
H A 0 5 62 125 234 172
A T 1 -4 125 156 203 78
T Space -3 1 156 94 93 -63
Space LShiftKey 1 4 94 499 172 78
LShiftKey I 2 -8 499 156 327 -172
I Space -3 4 156 109 110 -46
Space D 2 1 109 78 249 140
D I 1 -5 78 63 109 31
I D -1 5 63 78 94 31
D OemPeriod -1 -6 78 47 296 218
OemPeriod Space -1 5 47 16 13151 13104
Space LShiftKey 1 4 16 203 5772 5756
LShiftKey T 2 -5 203 78 125 -78
T H -1 -1 78 78 218 140
H E 1 3 78 62 141 63
E Space -3 -1 62 78 140 78
Space T 3 -1 78 78 203 125
T U 0 -2 78 63 140 62
U R 0 3 63 110 156 93
R N -2 -2 110 109 266 156
N Space -1 2 109 125 15 -94
Space O 3 -5 125 46 1155 1030
O F -1 5 46 93 109 63
F Space -2 0 93 78 140 47
Space E 3 1 78 94 109 31
E V -2 -1 94 93 219 125
V E 2 1 93 78 93 0
E N -2 -3 78 78 141 63
N T 2 1 78 94 265 187
T S -1 3 94 94 156 62
S Space -2 -2 94 78 250 156
Space A 2 3 78 109 858 780
A T 1 -4 109 125 93 -16
T Space -3 1 125 125 94 -31
Space LShiftKey 1 4 125 390 109 -16
LShiftKey A 1 -1 390 156 218 -172
A P 1 -9 156 46 344 188
P P 0 0 46 62 140 94
P L -1 1 62 78 203 141
L E 1 6 78 78 203 125
E Space -3 -1 78 78 218 140
Space H 2 -2 78 62 671 593
H A 0 5 62 125 140 78
A D 0 -2 125 94 125 0
D Space -2 -1 94 78 109 15
Space N 1 -2 78 94 203 125
N O 2 -3 94 78 203 109
O T 0 4 78 93 312 234
T Space -3 1 93 78 156 63
Space C 1 1 78 78 187 109
C H 1 -3 78 93 47 -31
H A 0 5 93 109 156 63
A N -1 -5 109 109 109 0
N G 1 1 109 125 156 47
G E 1 2 125 109 94 -31
E D -1 0 109 78 265 156
D Space -2 -1 78 93 1326 1248
Space T 3 -1 93 124 281 188
T H -1 -1 124 93 109 -15
H A 0 5 93 125 109 16
A T 1 -4 125 124 94 -31
T Space -3 1 124 78 156 32
Space O 3 -5 78 63 358 280
O N -2 3 63 78 266 203
N E 2 3 78 78 187 109
E Space -3 -1 78 63 140 62
Space B 1 -1 63 62 141 78
B I 2 -3 62 78 109 47
I T 0 3 78 78 249 171
T OemPeriod -2 -4 78 78 640 562
OemPeriod Space -1 5 78 110 218 140
Space LShiftKey 1 4 110 296 141 31
LShiftKey I 2 -8 296 171 125 -171
I Space -3 4 171 109 109 -62
Space H 2 -2 109 78 764 655
H A 0 5 78 125 156 78
A D 0 -2 125 125 109 -16
D Space -2 -1 125 78 125 0
Space B 1 -1 78 78 172 94
B E 2 2 78 78 93 15
E E 0 0 78 109 172 94
E N -2 -3 109 156 125 16
N Space -1 2 156 109 109 -47
Space R 3 0 109 110 218 109
R E 0 1 110 94 125 15
E J -1 -4 94 62 515 421
J E 1 4 62 93 125 63
E C -2 0 93 110 249 156
C T 2 -2 110 94 125 15
T E 0 2 94 94 187 93
E D -1 0 94 94 172 78
D Space -2 -1 94 78 172 78
Space Back 4 -9 78 94 608 530
Back Oemcomma -3 5 94 171 796 702
Oemcomma Space -1 4 171 94 124 -47
Space B 1 -1 94 62 219 125
B U 2 -2 62 63 171 109
U T 0 2 63 78 219 156
T Space -3 1 78 78 218 140
Space LShiftKey 1 4 78 359 671 593
LShiftKey I 2 -8 359 78 218 -141
I Space -3 4 78 93 188 110
Space W 3 2 93 78 171 78
W A -1 1 78 172 187 109
A S 0 -1 172 93 110 -62
S Space -2 -2 93 78 218 125
Space S 2 2 78 109 156 78
S T 1 -3 109 94 390 281
T I 0 -3 94 63 140 46
I L -1 -1 63 63 203 140
L L 0 0 63 140 125 62
L Space -2 5 140 78 94 -46
Space I 3 -4 78 94 171 93
I N -2 2 94 156 203 109
N Space -1 2 156 109 94 -62
Space L 2 -5 109 78 608 499
L O 1 0 78 78 187 109
O V -2 5 78 172 811 733
V E 2 1 172 124 110 -62
E OemPeriod -2 -6 124 62 218 94
OemPeriod Space -1 5 62 63 265 203
Space LShiftKey 1 4 63 328 156 93
LShiftKey A 1 -1 328 141 234 -94
A N -1 -5 141 78 250 109
N D 1 3 78 78 156 78
D Space -2 -1 78 78 156 78
Space S 2 2 78 109 530 452
S O 1 -7 109 219 187 78
O Space -3 5 219 125 125 -94
Space LShiftKey 1 4 125 281 733 608
LShiftKey I 2 -8 281 140 172 -109
I Space -3 4 140 109 94 -46
Space D 2 1 109 109 249 140
D E 1 0 109 78 156 47
E C -2 0 78 78 187 109
C I 2 -5 78 47 156 78
I D -1 5 47 110 156 109
D E 1 0 110 109 125 15
E D -1 0 109 78 125 16
D Space -2 -1 78 109 172 94
Space T 3 -1 109 78 436 327
T O 0 -4 78 156 141 63
O Space -3 5 156 109 78 -78
Space S 2 2 109 78 437 328
S T 1 -3 78 78 109 31
T A -1 4 78 94 109 31
A R 1 -3 94 94 78 -16
R T 0 -1 94 141 187 93
T Space -3 1 141 94 109 -32
Space O 3 -5 94 62 562 468
O V -2 5 62 109 203 141
V E 2 1 109 94 93 -16
E R 0 -1 94 78 203 109
R OemPeriod -2 -5 78 93 141 63
OemPeriod Return 1 -3 93 62 920 827
Return Return 0 0 62 62 172 110
Return LShiftKey -1 12 62 266 514 452
LShiftKey I 2 -8 266 141 156 -110
I Space -3 4 141 109 94 -47
Space D 2 1 109 78 218 109
D I 1 -5 78 94 125 47
I D -1 5 94 63 109 15
D N -1 -3 63 78 515 452
N Oem7 1 -5 78 62 671 593
Oem7 T 1 6 62 94 218 156
T Space -3 1 94 62 188 94
Space S 2 2 62 78 468 406
S E 1 -1 78 94 202 124
E E 0 0 94 94 203 109
E Space -3 -1 94 94 234 140
Space I 3 -4 94 78 687 593
I T 0 3 78 78 124 46
T Space -3 1 78 78 125 47
Space T 3 -1 78 62 125 47
T H -1 -1 62 63 109 47
H E 1 3 63 109 125 62
E N -2 -3 109 78 203 94
N Oemcomma 0 -2 78 78 749 671
Oemcomma Space -1 4 78 78 171 93
Space B 1 -1 78 78 187 109
B U 2 -2 78 78 141 63
U T 0 2 78 78 171 93
T Space -3 1 78 62 141 63
Space I 3 -4 62 62 125 63
I T 0 3 62 78 140 78
T Space -3 1 78 62 125 47
Space T 3 -1 62 94 249 187
T U 0 -2 94 47 156 62
U R 0 3 47 94 172 125
R N -2 -2 94 62 203 109
N E 2 3 62 78 109 47
E D -1 0 78 94 187 109
D Space -2 -1 94 62 172 78
Space O 3 -5 62 78 811 749
O U 0 2 78 93 203 125
U T 0 2 93 93 156 63
T Space -3 1 93 94 109 16
Space T 3 -1 94 125 140 46
T H -1 -1 125 78 110 -15
H A 0 5 78 156 109 31
A T 1 -4 156 93 125 -31
T Space -3 1 93 62 218 125
Space G 2 -1 62 78 562 500
G E 1 2 78 94 171 93
E T 0 -2 94 78 234 140
T T 0 0 78 78 172 94
T I 0 -3 78 156 125 47
I N -2 2 156 109 78 -78
N G 1 1 109 78 156 47
G Space -2 1 78 62 187 109
Space F 2 0 62 78 671 609
F I 1 -4 78 94 124 46
I R 0 4 94 78 125 31
R E 0 1 78 78 172 94
E D -1 0 78 109 187 109
D Space -2 -1 109 78 140 31
Space F 2 0 78 63 125 47
F R 1 0 63 78 172 109
R O 0 -5 78 63 93 15
O M -2 2 63 141 203 140
M Space -1 3 141 109 94 -47
Space LShiftKey 1 4 109 375 93 -16
LShiftKey A 1 -1 375 109 219 -156
A P 1 -9 109 63 171 62
P P 0 0 63 62 172 109
P L -1 1 62 63 187 125
L E 1 6 63 78 125 62
E Space -3 -1 78 47 187 109
Space W 3 2 47 109 609 562
W A -1 1 109 171 156 47
A S 0 -1 171 125 140 -31
S Space -2 -2 125 78 250 125
Space T 3 -1 78 78 124 46
T H -1 -1 78 94 94 16
H E 1 3 94 94 140 46
E Space -3 -1 94 78 94 0
Space B 1 -1 78 109 125 47
B E 2 2 109 78 125 16
E S -1 1 78 94 202 124
S Space -2 -2 94 78 297 203
Space T 3 -1 78 62 577 499
T H -1 -1 62 125 156 94
H I 1 -2 125 109 109 -16
I N -2 2 109 78 172 63
N G 1 1 78 78 125 47
G Space -2 1 78 109 468 390
Space T 3 -1 109 78 187 78
T H -1 -1 78 62 109 31
H A 0 5 62 124 94 32
A T 1 -4 124 109 78 -46
T Space -3 1 109 78 171 62
Space C 1 1 78 78 328 250
C O 2 -6 78 78 109 31
O U 0 2 78 78 172 94
U L -1 -2 78 94 218 140
L S 0 7 94 63 187 93
S Back 2 -11 63 109 390 327
Back D -2 10 109 78 125 16
D Space -2 -1 78 63 187 109
Space T 3 -1 63 94 5070 5007
T H -1 -1 94 63 2652 2558
H A 0 5 63 78 141 78
A V -1 -3 78 62 156 78
V E 2 1 62 78 125 63
E Space -3 -1 78 62 156 78
Space H 2 -2 62 78 124 62
H A 0 5 78 78 156 78
A P 1 -9 78 63 203 125
P P 0 0 63 63 156 93
P E 0 7 63 93 141 78
E N -2 -3 93 78 187 94
N E 2 3 78 63 608 530
E D -1 0 63 78 187 124
D Space -2 -1 78 93 1389 1311
Space Left 0 -7 93 63 2745 2652
Left Left 0 0 63 63 156 93
Left Left 0 0 63 63 156 93
Left Left 0 0 63 47 156 93
Left Left 0 0 47 78 141 94
Left Left 0 0 78 63 140 62
Left Left 0 0 63 62 141 78
Left Left 0 0 62 78 93 31
Left Left 0 0 78 78 203 125
Left E 3 8 78 63 733 655
E V -2 -1 63 78 94 31
V E 2 1 78 63 93 15
E R 0 -1 63 63 156 93
R Space -3 0 63 62 94 31
Space T 3 -1 62 78 1997 1935
T O 0 -4 78 171 78 0
O Space -3 5 171 124 125 -46
Space M 1 -3 124 78 218 94
M E 2 4 78 78 140 62
E OemPeriod -2 -6 78 78 2668 2590
OemPeriod Space -1 5 78 94 312 234
Space LShiftKey 1 4 94 312 172 78
LShiftKey T 2 -5 312 78 202 -110
T H -1 -1 78 63 203 125
H E 1 3 63 78 141 78
E Space -3 -1 78 78 109 31
Space H 2 -2 78 94 109 31
H E 1 3 94 94 156 62
E A -1 2 94 124 172 78
A V -1 -3 124 78 124 0
V I 2 -4 78 63 125 47
I N -2 2 63 78 187 124
N E 2 3 78 93 141 63
E S -1 1 93 93 234 141
S S 0 0 93 78 203 110
S Space -2 -2 78 78 1435 1357
Space O 3 -5 78 78 530 452
O F -1 5 78 78 141 63
F Space -2 0 78 62 156 78
Space B 1 -1 62 78 265 203
B E 2 2 78 78 203 125
E I 0 -5 78 141 171 93
I N -2 2 141 125 78 -63
N G 1 1 125 63 156 31
G Space -2 1 63 62 141 78
Space S 2 2 62 93 1591 1529
S U 1 -5 93 63 140 47
U C -2 4 63 62 640 577
C C 0 0 62 110 171 109
C E 2 0 110 78 110 0
E S -1 1 78 63 249 171
S S 0 0 63 109 156 93
S F 0 -2 109 78 234 125
F U 1 -3 78 94 125 47
U L -1 -2 94 62 905 811
L Space -2 5 62 94 218 156
Space W 3 2 94 109 172 78
W A -1 1 109 140 203 94
A S 0 -1 140 140 62 -78
S Space -2 -2 140 78 234 94
Space R 3 0 78 94 343 265
R E 0 1 94 78 203 109
E P 0 -7 78 78 484 406
P L -1 1 78 93 187 109
L A 0 8 93 125 140 47
A C -1 -2 125 172 125 0
C E 2 0 172 109 125 -47
E D -1 0 109 94 249 140
D Space -2 -1 94 63 593 499
Space B 1 -1 63 78 359 296
B Y 2 -1 78 156 203 125
Y Space -3 2 156 110 93 -63
Space T 3 -1 110 62 172 62
T H -1 -1 62 63 187 125
H E 1 3 63 78 125 62
E Space -3 -1 78 78 109 31
Space L 2 -5 78 78 187 109
L I 1 1 78 78 203 125
I G -1 3 78 62 141 63
G H 0 -1 62 63 124 62
H T 1 1 63 78 125 62
T N -2 -1 78 78 141 63
N E 2 3 78 94 124 46
E S -1 1 94 94 234 140
S S 0 0 94 63 203 109
S Space -2 -2 63 78 141 78
Space O 3 -5 78 62 421 343
O F -1 5 62 94 171 109
F Space -2 0 94 62 141 47
Space B 1 -1 62 94 187 125
B E 2 2 94 78 156 62
E I 0 -5 78 187 203 125
I N -2 2 187 94 109 -78
N G 1 1 94 78 140 46
G Space -2 1 78 78 156 78
Space A 2 3 78 78 141 63
A Space -2 -3 78 94 218 140
Space B 1 -1 94 62 453 359
B E 2 2 62 93 156 94
E G -1 -2 93 78 202 109
G I 1 -3 78 78 203 125
I N -2 2 78 78 172 94
N N 0 0 78 78 171 93
N E 2 3 78 94 156 78
E R 0 -1 94 124 188 94
R Space -3 0 124 93 156 32
Space A 2 3 93 63 124 31
A G 0 -4 63 125 172 109
G A 0 4 125 93 94 -31
A I 1 -7 93 156 156 63
I N -2 2 156 94 93 -63
N Oemcomma 0 -2 94 62 1576 1482
Oemcomma Space -1 4 62 62 156 94
Space L 2 -5 62 46 203 141
L E 1 6 46 94 140 94
E S -1 1 94 78 250 156
S S 0 0 78 109 171 93
S Space -2 -2 109 93 219 110
Space S 2 2 93 94 405 312
S U 1 -5 94 94 125 31
U R 0 3 94 172 343 249
R E 0 1 172 140 94 -78
E Space -3 -1 140 78 218 78
Space A 2 3 78 78 312 234
A B -1 -4 78 93 172 94
B O 2 -4 93 62 156 63
O U 0 2 62 78 187 125
U T 0 2 78 94 187 109
T Space -3 1 94 78 312 218
Space E 3 1 78 78 562 484
E V -2 -1 78 78 109 31
V E 2 1 78 78 94 16
E R 0 -1 78 94 202 124
R Y 0 -2 94 78 125 31
Y T 0 1 78 78 250 172
T H -1 -1 78 78 93 15
H I 1 -2 78 109 172 94
I N -2 2 109 78 172 63
N G 1 1 78 78 156 78
G OemPeriod -1 -4 78 62 764 686
OemPeriod Space -1 5 62 93 203 141
Space LShiftKey 1 4 93 250 140 47
LShiftKey I 2 -8 250 78 109 -141
I T 0 3 78 156 297 219
T Space -3 1 156 110 93 -63
Space F 2 0 110 78 188 78
F R 1 0 78 78 171 93
R E 0 1 78 62 125 47
E E 0 0 62 78 156 94
E D -1 0 78 78 187 109
D Space -2 -1 78 63 156 78
Space M 1 -3 63 78 312 249
M E 2 4 78 78 125 47
E Space -3 -1 78 93 172 94
Space T 3 -1 93 93 187 94
T O 0 -4 93 124 125 32
O Space -3 5 124 93 78 -46
Space E 3 1 93 109 468 375
E N -2 -3 109 78 140 31
N T 2 1 78 140 250 172
T E 0 2 140 141 171 31
E R 0 -1 141 109 125 -16
R Space -3 0 109 78 250 141
Space O 3 -5 78 78 514 436
O N -2 3 78 93 219 141
N E 2 3 93 78 125 32
E Space -3 -1 78 63 171 93
Space O 3 -5 63 93 94 31
O F -1 5 93 78 171 78
F Space -2 0 78 78 125 47
Space T 3 -1 78 78 156 78
T H -1 -1 78 78 78 0
H E 1 3 78 109 156 78
E Space -3 -1 109 78 187 78
Space M 1 -3 78 140 172 94
M O 2 -2 140 124 94 -46
O S -1 7 124 110 202 78
S T 1 -3 110 78 203 93
T Space -3 1 78 78 187 109
Space C 1 1 78 78 812 734
C R 2 -1 78 78 218 140
R E 0 1 78 156 125 47
E A -1 2 156 125 109 -47
A T 1 -4 125 63 140 15
T I 0 -3 63 78 328 265
I V -2 4 78 141 421 343
V E 2 1 141 125 78 -63
E Space -3 -1 125 63 343 218
Space P 3 -6 63 78 796 733
P E 0 7 78 78 140 62
E R 0 -1 78 78 188 110
R I 0 -4 78 62 109 31
I O 0 -1 62 62 156 94
O D -1 6 62 78 156 94
D S 0 1 78 109 187 109
S Space -2 -2 109 78 172 63
Space O 3 -5 78 62 156 78
O F -1 5 62 78 109 47
F Space -2 0 78 93 125 47
Space M 1 -3 93 93 156 63
M Y 2 1 93 93 234 141
Y Space -3 2 93 125 171 78
Space L 2 -5 125 78 219 94
L I 1 1 78 62 187 109
I F -1 4 62 125 140 78
F E 1 1 125 93 94 -31
E OemPeriod -2 -6 93 63 171 78
OemPeriod Return 1 -3 63 62 1202 1139
Return Return 0 0 62 78 171 109
Return LShiftKey -1 12 78 515 702 624
LShiftKey D 1 -3 515 110 421 -94
D U 1 -4 110 63 234 124
U R 0 3 63 78 156 93
R I 0 -4 78 78 125 47
I N -2 2 78 93 219 141
N G 1 1 93 78 109 16
G Space -2 1 78 62 156 78
Space T 3 -1 62 125 187 125
T H -1 -1 125 62 203 78
H E 1 3 62 109 109 47
E Space -3 -1 109 78 156 47
Space N 1 -2 78 78 296 218
N E 2 3 78 78 125 47
E X -2 1 78 109 531 453
X T 2 -3 109 171 78 -31
T Space -3 1 171 110 124 -47
Space F 2 0 110 63 234 124
F I 1 -4 63 62 188 125
I V -2 4 62 156 202 140
V E 2 1 156 78 141 -15
E Space -3 -1 78 78 140 62
Space Y 3 -2 78 63 187 109
Y E 0 3 63 156 156 93
E A -1 2 156 156 141 -15
A R 1 -3 156 63 140 -16
R S -1 2 63 78 156 93
S Oemcomma -1 -6 78 93 874 796
Oemcomma Space -1 4 93 94 140 47
Space LShiftKey 1 4 94 234 141 47
LShiftKey I 2 -8 234 140 109 -125
I Space -3 4 140 78 109 -31
Space S 2 2 78 94 156 78
S T 1 -3 94 78 156 62
T A -1 4 78 78 125 47
A R 1 -3 78 78 62 -16
R T 0 -1 78 78 156 78
T E 0 2 78 78 109 31
E D -1 0 78 78 172 94
D Space -2 -1 78 94 156 78
Space A 2 3 94 94 218 124
A Space -2 -3 94 110 156 62
Space C 1 1 110 94 250 140
C O 2 -6 94 62 156 62
O M -2 2 62 78 187 125
M P 2 -3 78 78 156 78
P A -1 9 78 78 156 78
A N -1 -5 78 78 109 31
N Y 2 0 78 62 266 188
Y Space -3 2 62 78 842 780
Space N 1 -2 78 93 172 94
N A 1 5 93 109 530 437
A M -1 -6 109 78 140 31
M E 2 4 78 94 125 47
E D -1 0 94 78 250 156
D Space -2 -1 78 46 203 125
Space LShiftKey 1 4 46 375 873 827
LShiftKey N 0 -6 375 78 203 -172
N E 2 3 78 93 671 593
E LShiftKey -2 3 93 780 265 172
LShiftKey X 0 -2 780 125 499 -281
X T 2 -3 125 78 141 16
T Oemcomma -2 -3 78 172 608 530
Oemcomma Space -1 4 172 93 125 -47
Space A 2 3 93 78 140 47
A N -1 -5 78 94 109 31
N O 2 -3 94 93 141 47
O T 0 4 93 78 218 125
T H -1 -1 78 62 125 47
H E 1 3 62 125 109 47
E R 0 -1 125 78 234 109
R Space -3 0 78 63 156 78
Space C 1 1 63 78 577 514
C O 2 -6 78 78 281 203
O M -2 2 78 62 203 125
M P 2 -3 62 78 156 94
P A -1 9 78 94 156 78
A N -1 -5 94 78 140 46
N Y 2 0 78 172 203 125
Y Space -3 2 172 125 94 -78
Space N 1 -2 125 93 203 78
N A 1 5 93 110 124 31
A M -1 -6 110 78 94 -16
M E 2 4 78 78 140 62
E D -1 0 78 109 203 125
D Space -2 -1 109 78 187 78
Space LShiftKey 1 4 78 484 156 78
LShiftKey P 2 -10 484 94 281 -203
P I 0 2 94 78 484 390
I X -2 6 78 109 218 140
X A 1 1 109 109 94 -15
A R 1 -3 109 62 655 546
R Oemcomma -2 -4 62 156 593 531
Oemcomma Space -1 4 156 63 171 15
Space A 2 3 63 94 172 109
A N -1 -5 94 78 125 31
N D 1 3 78 94 171 93
D Space -2 -1 94 94 172 78
Space W 3 2 94 110 218 124
W E 0 -1 110 94 250 140
E Back 1 -10 94 62 1217 1123
Back Back 0 0 62 94 140 78
Back F -2 9 94 125 936 842
F E 1 1 125 109 94 -31
E L -1 -6 109 62 187 78
L L 0 0 62 156 156 94
L Space -2 5 156 94 109 -47
Space I 3 -4 94 78 312 218
I N -2 2 78 172 203 125
N Space -1 2 172 109 109 -63
Space L 2 -5 109 93 250 141
L O 1 0 93 62 203 110
O V -2 5 62 109 187 125
V E 2 1 109 93 78 -31
E Space -3 -1 93 63 452 359
Space W 3 2 63 94 343 280
W I 0 -6 94 63 125 31
I T 0 3 63 94 234 171
T H -1 -1 94 172 234 140
H Space -2 2 172 94 125 -47
Space A 2 3 94 78 187 93
A N -1 -5 78 187 156 78
N Space -1 2 187 94 156 -31
Space A 2 3 94 94 281 187
A M -1 -6 94 63 140 46
M A 1 6 63 94 125 62
A Z -1 0 94 110 343 249
Z I 2 -7 110 62 172 62
I N -2 2 62 78 187 125
N G 1 1 78 63 109 31
G Space -2 1 63 93 110 47
Space W 3 2 93 78 405 312
W O 0 -7 78 78 141 63
O M -2 2 78 78 218 140
M A 1 6 78 63 187 109
A N -1 -5 63 78 234 171
N Space -1 2 78 62 531 453
Space W 3 2 62 47 249 187
W H -1 -4 47 47 187 140
H O 1 -3 47 78 156 109
O Space -3 5 78 78 156 78
Space W 3 2 78 78 1061 983
W O 0 -7 78 62 141 63
O U 0 2 62 63 171 109
U L -1 -2 63 62 219 156
L D 0 6 62 78 171 109
D Space -2 -1 78 62 141 63
Space B 1 -1 62 78 312 250
B E 2 2 78 110 124 46
E C -2 0 110 78 141 31
C O 2 -6 78 94 171 93
O M -2 2 94 141 47 -47
M E 2 4 141 94 234 93
E Space -3 -1 94 78 141 47
Space M 1 -3 78 78 374 296
M Y 2 1 78 140 250 172
Y Space -3 2 140 124 78 -62
Space W 3 2 124 93 421 297
W I 0 -6 93 62 125 32
I F -1 4 62 141 202 140
F E 1 1 141 124 110 -31
E OemPeriod -2 -6 124 78 296 172
OemPeriod Space -1 5 78 78 1856 1778
Space LShiftKey 1 4 78 281 281 203
LShiftKey P 2 -10 281 63 156 -125
P I 0 2 63 62 250 187
I X -2 6 62 94 327 265
X A 1 1 94 93 297 203
A R 1 -3 93 110 249 156
R Space -3 0 110 63 203 93
Space W 3 2 63 94 858 795
W E 0 -1 94 94 437 343
E N -2 -3 94 78 234 140
N T 2 1 78 78 156 78
T Space -3 1 78 93 203 125
Space O 3 -5 93 78 1076 983
O N -2 3 78 171 250 172
N Space -1 2 171 109 109 -62
Space T 3 -1 109 63 187 78
T O 0 -4 63 140 94 31
O Space -3 5 140 94 93 -47
Space C 1 1 94 63 312 218
C R 2 -1 63 78 203 140
R E 0 1 78 172 109 31
E A -1 2 172 156 94 -78
A T 1 -4 156 78 187 31
T E 0 2 78 93 141 63
E Space -3 -1 93 63 327 234
Space T 3 -1 63 78 328 265
T H -1 -1 78 63 140 62
H E 1 3 63 109 125 62
E Space -3 -1 109 78 125 16
Space W 3 2 78 78 437 359
W O 0 -7 78 62 109 31
O R 0 5 62 93 156 94
R L -1 -5 93 63 171 78
L D 0 6 63 94 250 187
D Oem7 0 -8 94 78 343 249
Oem7 S 0 9 78 93 141 63
S Space -2 -2 93 62 187 94
Space F 2 0 62 78 483 421
F I 1 -4 78 62 94 16
I R 0 4 62 94 156 94
R S -1 2 94 125 234 140
S T 1 -3 125 78 125 0
T C -2 2 78 94 1638 1560
C O 2 -6 94 63 140 46
O M -2 2 63 78 203 140
M Back 3 -6 78 78 359 281
Back Back 0 0 78 78 156 78
Back Back 0 0 78 78 156 78
Back Space -4 9 78 78 406 328
Space C 1 1 78 62 624 546
C O 2 -6 62 78 109 47
O M -2 2 78 78 187 109
M P 2 -3 78 109 109 31
P U 0 3 109 78 250 141
U T 0 2 78 78 234 156
T E 0 2 78 94 140 62
E R 0 -1 94 78 203 109
R Space -3 0 78 78 172 94
Space A 2 3 78 78 873 795
A N -1 -5 78 78 125 47
N I 2 -2 78 78 187 109
I M -2 1 78 62 203 125
M A 1 6 62 93 125 63
A T 1 -4 93 78 171 78
T E 0 2 78 93 141 63
E D -1 0 93 78 203 110
D Space -2 -1 78 78 156 78
Space F 2 0 78 78 390 312
F E 1 1 78 110 202 124
E A -1 2 110 93 188 78
A T 1 -4 93 63 124 31
T U 0 -2 63 78 219 156
U R 0 3 78 78 140 62
R E 0 1 78 78 187 109
E Space -3 -1 78 46 110 32
Space F 2 0 46 93 109 63
F I 1 -4 93 62 125 32
I L -1 -1 62 62 187 125
L M -1 2 62 62 203 141
M Oemcomma 0 -1 62 63 1419 1357
Oemcomma Space -1 4 63 62 172 109
Space LShiftKey 1 4 62 406 171 109
LShiftKey T 2 -5 406 109 281 -125
T O 0 -4 109 63 187 78
O Y 0 3 63 62 219 156
Y LShiftKey -2 6 62 640 187 125
LShiftKey Space -1 -4 640 94 811 171
Space LShiftKey 1 4 94 219 78 -16
LShiftKey S 1 -2 219 156 94 -125
S T 1 -3 156 62 359 203
T O 0 -4 62 63 904 842
O R 0 5 63 94 437 374
R Y 0 -2 94 62 141 47
Y Oemcomma -2 -2 62 62 842 780
Oemcomma Space -1 4 62 63 187 125
Space A 2 3 63 78 125 62
A N -1 -5 78 47 140 62
N D 1 3 47 94 125 78
D Space -2 -1 94 62 141 47
Space I 3 -4 62 62 421 359
I S -1 6 62 94 1825 1763
S Space -2 -2 94 47 156 62
Space H 2 -2 47 63 140 93
H O 1 -3 63 78 188 125
O W 0 7 78 93 234 156
W Back 1 -11 93 63 1575 1482
Back Back 0 0 63 63 156 93
Back Back 0 0 63 63 156 93
Back N -3 7 63 124 843 780
N O 2 -3 124 140 78 -46
O W 0 7 140 109 156 16
W Space -3 -2 109 78 156 47
Space T 3 -1 78 62 187 109
T H -1 -1 62 78 171 109
H E 1 3 78 78 141 63
E Space -3 -1 78 78 109 31
Space M 1 -3 78 78 172 94
M S 1 5 78 62 390 312
S Back 2 -11 62 78 951 889
Back O -1 4 78 62 484 406
O T 0 4 62 62 421 359
T Back 1 -8 62 62 515 453
Back S -2 11 62 78 374 312
S T 1 -3 78 47 796 718
T Space -3 1 47 62 187 140
Space S 2 2 62 78 281 219
S U 1 -5 78 63 140 62
U C -2 4 63 78 328 265
C C 0 0 78 78 234 156
C E 2 0 78 94 249 171
E S -1 1 94 62 344 250
S S 0 0 62 110 280 218
S F 0 -2 110 78 546 436
F I 1 -4 78 78 172 94
I Back 1 -5 78 109 499 421
Back U -1 6 109 63 343 234
U L -1 -2 63 78 281 218
L Space -2 5 78 93 609 531
Space A 2 3 93 93 3229 3136
A N -1 -5 93 94 93 0
N I 2 -2 94 62 172 78
I M -2 1 62 125 203 141
M A 1 6 125 94 171 46
A T 1 -4 94 94 281 187
T I 0 -3 94 93 94 0
I O 0 -1 93 109 47 -46
O N -2 3 109 172 202 93
N Space -1 2 172 109 110 -62
Space S 2 2 109 110 202 93
S T 1 -3 110 78 219 109
T U 0 -2 78 63 249 171
U D -1 4 63 63 234 171
D I 1 -5 63 63 125 62
I O 0 -1 63 62 172 109
O Space -3 5 62 78 920 858
Space I 3 -4 78 78 343 265
I N -2 2 78 172 203 125
N Space -1 2 172 110 109 -63
Space T 3 -1 110 62 172 62
T H -1 -1 62 78 78 16
H E 1 3 78 78 156 78
E Space -3 -1 78 78 94 16
Space W 3 2 78 78 187 109
W O 0 -7 78 63 171 93
O R 0 5 63 78 172 109
R L -1 -5 78 78 156 78
L D 0 6 78 109 187 109
D OemPeriod -1 -6 109 62 1186 1077
OemPeriod Space -1 5 62 78 218 156
Space LShiftKey 1 4 78 249 141 63
LShiftKey I 2 -8 249 78 109 -140
I N -2 2 78 93 281 203
N Space -1 2 93 62 218 125
Space A 2 3 62 78 172 110
A Space -2 -3 78 78 218 140
Space R 3 0 78 78 593 515
R E 0 1 78 94 187 109
E M -2 -4 94 78 187 93
M A 1 6 78 109 156 78
A R 1 -3 109 78 187 78
R K -1 -4 78 78 219 141
K A 0 7 78 78 265 187
A B -1 -4 78 63 140 62
B L 1 -4 63 109 281 218
L E 1 6 109 125 187 78
E Space -3 -1 125 94 1404 1279
Space T 3 -1 94 93 344 250
T U 0 -2 93 63 93 0
U R 0 3 63 78 187 124
R N -2 -2 78 140 141 63
N Space -1 2 140 125 78 -62
Space O 3 -5 125 62 281 156
O F -1 5 62 78 156 94
F Space -2 0 78 94 124 46
Space E 3 1 94 93 188 94
E V -2 -1 93 109 187 94
V E 2 1 109 93 156 47
E N -2 -3 93 78 171 78
N T 2 1 78 94 250 172
T S -1 3 94 78 203 109
S Oemcomma -1 -6 78 78 764 686
Oemcomma Space -1 4 78 125 172 94
Space LShiftKey 1 4 125 405 78 -47
LShiftKey A 1 -1 405 156 234 -171
A P 1 -9 156 78 327 171
P P 0 0 78 78 156 78
P L -1 1 78 78 203 125
L E 1 6 78 94 187 109
E Space -3 -1 94 94 172 78
Space B 1 -1 94 62 1498 1404
B O 2 -4 62 63 93 31
O U 0 2 63 47 187 124
U G -1 2 47 62 141 94
G H 0 -1 62 46 125 63
H T 1 1 46 78 140 94
T Space -3 1 78 78 655 577
Space LShiftKey 1 4 78 312 172 94
LShiftKey N 0 -6 312 78 187 -125
N E 2 3 78 78 265 187
E LShiftKey -2 3 78 764 1030 952
LShiftKey X 0 -2 764 125 296 -468
X T 2 -3 125 78 265 140
T Oemcomma -2 -3 78 62 1436 1358
Oemcomma Space -1 4 62 94 171 109
Space LShiftKey 1 4 94 250 187 93
LShiftKey I 2 -8 250 156 156 -94
I Space -3 4 156 109 110 -46
Space R 3 0 109 78 218 109
R E 0 1 78 78 187 109
E T 0 -2 78 94 265 187
T U 0 -2 94 78 125 31
U R 0 3 78 78 141 63
R N -2 -2 78 62 218 140
N E 2 3 62 62 172 110
E D -1 0 62 94 171 109
D Space -2 -1 94 93 141 47
Space T 3 -1 93 109 249 156
T O 0 -4 109 109 141 32
O Space -3 5 109 125 62 -47
Space LShiftKey 1 4 125 358 172 47
LShiftKey A 1 -1 358 141 249 -109
A P 1 -9 141 78 219 78
P P 0 0 78 63 171 93
P L -1 1 63 94 203 140
L E 1 6 94 78 156 62
E Oemcomma -2 -5 78 63 920 842
Oemcomma Space -1 4 63 62 188 125
Space A 2 3 62 78 124 62
A N -1 -5 78 78 141 63
N D 1 3 78 62 125 47
D Space -2 -1 62 78 171 109
Space T 3 -1 78 78 156 78
T H -1 -1 78 47 156 78
H E 1 3 47 94 109 62
E Space -3 -1 94 78 156 62
Space T 3 -1 78 63 312 234
T E 0 2 63 93 188 125
E C -2 0 93 93 343 250
C H 1 -3 93 62 125 32
H N -1 0 62 63 202 140
N O 2 -3 63 78 172 109
O L -1 0 78 62 203 125
L O 1 0 62 63 171 109
O G -1 4 63 78 234 171
G Y 1 -1 78 94 172 94
Y Space -3 2 94 110 686 592
Space W 3 2 110 156 297 187
W E 0 -1 156 109 109 -47
E Space -3 -1 109 94 140 31
Space D 2 1 94 94 406 312
D E 1 0 94 78 187 93
E V -2 -1 78 125 156 78
V E 2 1 125 62 125 0
E L -1 -6 62 93 94 32
L O 1 0 93 62 187 94
O P 0 -1 62 93 156 94
P E 0 7 93 94 140 47
E D -1 0 94 94 203 109
D Space -2 -1 94 94 499 405
Space A 2 3 94 78 406 312
A T 1 -4 78 141 93 15
T Space -3 1 141 93 110 -31
Space LShiftKey 1 4 93 375 124 31
LShiftKey N 0 -6 375 63 234 -141
N E 2 3 63 93 266 203
E LShiftKey -2 3 93 671 265 172
LShiftKey X 0 -2 671 156 203 -468
X T 2 -3 156 78 187 31
T Space -3 1 78 78 702 624
Space I 3 -4 78 62 203 125
I S -1 6 62 78 156 94
S Space -2 -2 78 94 93 15
Space A 2 3 94 78 203 109
A T 1 -4 78 156 140 62
T Space -3 1 156 109 110 -46
Space T 3 -1 109 110 124 15
T H -1 -1 110 94 234 124
H E 1 3 94 78 188 94
E Space -3 -1 78 94 140 62
Space H 2 -2 94 78 1295 1201
H E 1 3 78 140 156 78
E A -1 2 140 109 156 16
A R 1 -3 109 93 125 16
R T 0 -1 93 78 218 125
T Space -3 1 78 78 156 78
Space O 3 -5 78 62 468 390
O F -1 5 62 78 172 110
F Space -2 0 78 93 156 78
Space LShiftKey 1 4 93 639 78 -15
LShiftKey A 1 -1 639 219 405 -234
A P 1 -9 219 63 499 280
P P 0 0 63 63 156 93
P L -1 1 63 78 188 125
L E 1 6 78 93 187 109
E Oem7 -1 -8 93 62 468 375
Oem7 S 0 9 62 125 171 109
S Space -2 -2 125 94 234 109
Space C 1 1 94 94 546 452
C U 2 -4 94 63 234 140
U R 0 3 63 63 234 171
R R 0 0 63 63 156 93
R E 0 1 63 93 188 125
E N -2 -3 93 78 171 78
N T 2 1 78 94 156 78
T Space -3 1 94 78 203 109
Space R 3 0 78 94 702 624
R E 0 1 94 109 187 93
E N -2 -3 109 78 234 125
N A 1 5 78 94 156 78
A I 1 -7 94 94 234 140
I S -1 6 94 78 219 125
S A 0 1 78 78 202 124
A A 0 0 78 78 188 110
A Back 2 -12 78 124 546 468
Back Back 0 0 124 109 296 172
Back S -2 11 109 125 296 187
S A 0 1 125 109 188 63
A N -1 -5 109 93 234 125
N C 0 3 93 187 156 63
C E 2 0 187 110 124 -63
E OemPeriod -2 -6 110 62 1654 1544
OemPeriod Space -1 5 62 109 187 125
Space LShiftKey 1 4 109 390 109 0
LShiftKey A 1 -1 390 172 203 -187
A N -1 -5 172 63 265 93
N D 1 3 63 62 141 78
D Space -2 -1 62 62 156 94
Space LShiftKey 1 4 62 312 140 78
LShiftKey L 1 -9 312 78 172 -140
L A 0 8 78 93 546 468
A U 1 -6 93 47 171 78
U R 0 3 47 78 234 187
R E 0 1 78 78 843 765
E N -2 -3 78 78 93 15
N E 2 3 78 78 110 32
E Space -3 -1 78 78 920 842
Space A 2 3 78 93 406 328
A N -1 -5 93 78 124 31
N D 1 3 78 78 125 47
D Space -2 -1 78 94 125 47
Space LShiftKey 1 4 94 250 109 15
LShiftKey I 2 -8 250 140 125 -125
I Space -3 4 140 109 78 -62
Space H 2 -2 109 78 406 297
H A 0 5 78 156 124 46
A V -1 -3 156 78 203 47
V E 2 1 78 109 47 -31
E Space -3 -1 109 94 187 78
Space A 2 3 94 109 125 31
A Space -2 -3 109 94 109 0
Space W 3 2 94 94 655 561
W O 0 -7 94 78 125 31
O N -2 3 78 78 219 141
N D 1 3 78 78 140 62
D E 1 0 78 78 203 125
E F -1 -1 78 31 218 140
F U 1 -3 31 93 172 141
U L -1 -2 93 78 1014 921
L Space -2 5 78 94 187 109
Space G 2 -1 94 93 640 546
G Back 2 -8 93 94 374 281
Back F -2 9 94 125 156 62
F A 0 3 125 94 109 -16
A M -1 -6 94 63 156 62
M I 2 -1 63 62 172 109
I L -1 -1 62 62 187 125
L Y 1 3 62 188 218 156
Y Space -3 2 188 125 94 -94
Space T 3 -1 125 62 234 109
T O 0 -4 62 62 94 32
O G -1 4 62 125 218 156
G E 1 2 125 109 125 0
E T 0 -2 109 78 218 109
T H -1 -1 78 78 109 31
H E 1 3 78 93 141 63
E R 0 -1 93 78 187 94
R OemPeriod -2 -5 78 47 218 140
OemPeriod Left -1 -2 47 1154 1155 1108
Left R 3 7 1154 93 2153 999
R Right -3 -9 93 1357 140 47
Right Return 2 1 1357 78 5569 4212
Return Return 0 0 78 63 187 109
Return LShiftKey -1 12 63 1014 1560 1497
LShiftKey I 2 -8 1014 78 874 -140
I Space -3 4 78 93 281 203
Space Back 4 -9 93 93 827 734
Back Oem7 -2 2 93 78 358 265
Oem7 M -1 4 78 78 312 234
M Space -1 3 78 62 172 94
Space P 3 -6 62 62 234 172
P R 0 6 62 78 203 141
R E 0 1 78 78 187 109
E T 0 -2 78 63 140 62
T T 0 0 63 78 125 62
T Y 0 -1 78 78 187 109
Y Space -3 2 78 78 219 141
Space S 2 2 78 78 593 515
S U 1 -5 78 78 124 46
U R 0 3 78 171 219 141
R E 0 1 171 109 156 -15
E Space -3 -1 109 78 140 31
Space N 1 -2 78 94 172 94
N O 2 -3 94 156 218 124
O N -2 3 156 78 125 -31
N E 2 3 78 94 156 78
E Space -3 -1 94 62 297 203
Space O 3 -5 62 62 452 390
O F -1 5 62 62 156 94
F Space -2 0 62 47 125 63
Space T 3 -1 47 110 171 124
T H -1 -1 110 62 94 -16
H I 1 -2 62 78 156 94
I S -1 6 78 62 203 125
S Space -2 -2 62 93 156 94
Space W 3 2 93 93 234 141
W O 0 -7 93 47 218 125
O U 0 2 47 63 702 655
U L -1 -2 63 78 609 546
L D 0 6 78 62 234 156
D Space -2 -1 62 78 156 94
Space H 2 -2 78 78 1372 1294
H A 0 5 78 125 125 47
A V -1 -3 125 78 219 94
V E 2 1 78 125 31 -47
E Space -3 -1 125 62 156 31
Space H 2 -2 62 62 156 94
H A 0 5 62 93 125 63
A P 1 -9 93 47 187 94
P P 0 0 47 63 140 93
P E 0 7 63 47 187 124
E N -2 -3 47 78 156 109
N E 2 3 78 78 94 16
E D -1 0 78 78 187 109
D Space -2 -1 78 62 905 827
Space I 3 -4 62 78 671 609
I F -1 4 78 78 156 78
F Space -2 0 78 78 140 62
Space LShiftKey 1 4 78 234 109 31
LShiftKey I 2 -8 234 141 125 -109
I Space -3 4 141 78 94 -47
Space H 2 -2 78 78 203 125
H A 0 5 78 94 171 93
A D 0 -2 94 78 156 62
D N -1 -3 78 78 141 63
N Oem7 1 -5 78 62 499 421
Oem7 T 1 6 62 78 156 94
T Space -3 1 78 78 187 109
Space B 1 -1 78 93 172 94
B E 2 2 93 78 171 78
E E 0 0 78 110 187 109
E N -2 -3 110 78 156 46
N Space -1 2 78 94 437 359
Space F 2 0 94 78 546 452
F I 1 -4 78 78 125 47
I R 0 4 78 63 109 31
R E 0 1 63 93 172 109
E D -1 0 93 78 203 110
D Space -2 -1 78 94 124 46
Space F 2 0 94 62 141 47
F R 1 0 62 78 171 109
R O 0 -5 78 109 94 16
O M -2 2 109 140 234 125
M Space -1 3 140 125 78 -62
Space LShiftKey 1 4 125 406 109 -16
LShiftKey A 1 -1 406 156 250 -156
A P 1 -9 156 78 327 171
P P 0 0 78 78 141 63
P L -1 1 78 78 203 125
L E 1 6 78 78 109 31
E OemPeriod -2 -6 78 63 686 608
OemPeriod Space -1 5 63 62 375 312
Space LShiftKey 1 4 62 531 405 343
LShiftKey I 2 -8 531 62 406 -125
I T 0 3 62 78 312 250
T Space -3 1 78 140 109 31
Space W 3 2 140 94 156 16
W A -1 1 94 187 187 93
A S 0 -1 187 156 109 -78
S Space -2 -2 156 78 141 -15
Space A 2 3 78 156 109 31
A W 1 -1 156 109 187 31
W F -1 -2 109 94 546 437
F U 1 -3 94 78 109 15
U L -1 -2 78 62 266 188
L Space -2 5 62 78 1466 1404
Space T 3 -1 78 94 187 109
T A -1 4 94 140 125 31
A S 0 -1 140 109 156 16
S T 1 -3 109 78 125 16
T I 0 -3 78 125 390 312
I N -2 2 125 78 281 156
N G 1 1 78 63 202 124
G Space -2 1 63 63 827 764
Space M 1 -3 63 63 265 202
M E 2 4 63 78 188 125
E D -1 0 78 78 202 124
D I 1 -5 78 63 156 78
I C -2 5 63 110 546 483
C I 2 -5 110 93 63 -47
I N -2 2 93 109 218 125
N E 2 3 109 125 125 16
E Oemcomma -2 -5 125 63 1154 1029
Oemcomma Space -1 4 63 46 188 125
Space B 1 -1 46 78 249 203
B U 2 -2 78 78 156 78
U T 0 2 78 78 203 125
T Space -3 1 78 110 140 62
Space LShiftKey 1 4 110 281 172 62
LShiftKey I 2 -8 281 140 125 -156
I Space -3 4 140 109 78 -62
Space G 2 -1 109 109 203 94
G U 1 -2 109 109 140 31
U E 0 4 109 78 140 31
E S -1 1 78 62 219 141
S S 0 0 62 78 171 109
S Space -2 -2 78 109 219 141
Space T 3 -1 109 78 686 577
T H -1 -1 78 78 94 16
H E 1 3 78 109 156 78
E Space -3 -1 109 78 109 0
Space P 3 -6 78 78 187 109
P A -1 9 78 109 125 47
A T 1 -4 109 78 187 78
T I 0 -3 78 62 125 47
I E 0 5 62 94 140 78
E N -2 -3 94 78 234 140
N T 2 1 78 94 125 47
T Space -3 1 94 93 765 671
Space N 1 -2 93 78 374 281
N E 2 3 78 78 125 47
E E 0 0 78 78 171 93
E D -1 0 78 125 156 78
D E 1 0 125 125 172 47
E D -1 0 125 94 109 -16
D Space -2 -1 94 94 156 62
Space I 3 -4 94 63 156 62
I T 0 3 63 109 172 109
T OemPeriod -2 -4 109 94 265 156
OemPeriod Space -1 5 94 94 1560 1466
Space LShiftKey 1 4 94 281 140 46
LShiftKey S 1 -2 281 109 203 -78
S O 1 -7 109 78 156 47
O M -2 2 78 78 203 125
M E 2 4 78 94 156 78
E I 0 -5 94 78 374 280
I Back 1 -5 78 125 390 312
Back T -1 8 125 93 141 16
T I 0 -3 93 93 156 63
I M -2 1 93 125 234 141
M E 2 4 125 78 125 0
E S -1 1 78 94 171 93
S Space -2 -2 94 78 1919 1825
Space L 2 -5 78 62 281 203
L I 1 1 62 63 218 156
I F -1 4 63 141 187 124
F E 1 1 141 125 94 -47
E Space -3 -1 125 93 172 47
Space H 2 -2 93 140 218 125
H I 1 -2 140 109 109 -31
I T 0 3 109 63 265 156
T S -1 3 63 109 203 140
S Space -2 -2 109 93 328 219
Space Y 3 -2 93 62 546 453
Y O 0 -3 62 218 156 94
O U 0 2 218 156 109 -109
U Space -3 3 156 109 94 -62
Space I 3 -4 109 156 156 47
I N -2 2 156 156 187 31
N Space -1 2 156 109 109 -47
Space T 3 -1 109 78 218 109
T H -1 -1 78 78 203 125
H E 1 3 78 94 125 47
E Space -3 -1 94 78 78 -16
Space H 2 -2 78 125 140 62
H E 1 3 125 109 110 -15
E A -1 2 109 125 187 78
A D 0 -2 125 125 62 -63
D Space -2 -1 125 93 843 718
Space W 3 2 93 93 156 63
W I 0 -6 93 62 140 47
I T 0 3 62 62 234 172
T H -1 -1 62 156 203 141
H Space -2 2 156 110 93 -63
Space A 2 3 110 110 156 46
A Space -2 -3 110 109 141 31
Space B 1 -1 109 110 171 62
B R 2 1 110 110 156 46
R I 0 -4 110 78 172 62
I C -2 5 78 62 234 156
C K 1 -5 62 63 187 125
K OemPeriod -1 -1 63 78 1092 1029
OemPeriod Space -1 5 78 94 234 156
Space LShiftKey 1 4 94 328 125 31
LShiftKey D 1 -3 328 187 172 -156
D O 1 -6 187 78 249 62
O N -2 3 78 78 203 125
N Oem7 1 -5 78 78 437 359
Oem7 T 1 6 78 93 125 47
T Space -3 1 93 63 171 78
Space L 2 -5 63 93 94 31
L O 1 0 93 78 187 94
O S -1 7 78 94 296 218
S E 1 -1 94 93 266 172
E Space -3 -1 93 78 265 172
Space F 2 0 78 125 873 795
F A 0 3 125 140 94 -31
A I 1 -7 140 62 203 63
I T 0 3 62 78 187 125
T H -1 -1 78 78 187 109
H OemPeriod -1 -3 78 94 749 671
OemPeriod Space -1 5 94 93 203 109
Space LShiftKey 1 4 93 296 125 32
LShiftKey I 2 -8 296 62 156 -140
I Oem7 -1 -3 62 78 514 452
Oem7 M -1 4 78 62 375 297
M Space -1 3 62 78 156 94
Space C 1 1 78 78 218 140
C O 2 -6 78 62 172 94
O N -2 3 62 78 218 156
N V 0 2 78 93 219 141
V I 2 -4 93 78 171 78
I N -2 2 78 78 203 125
N C 0 3 78 172 234 156
C E 2 0 172 109 125 -47
E D -1 0 109 109 296 187
D Space -2 -1 109 62 359 250
Space T 3 -1 62 62 593 531
T H -1 -1 62 78 171 109
H A 0 5 78 94 125 47
A T 1 -4 94 171 141 47
T Space -3 1 171 109 109 -62
Space T 3 -1 109 78 390 281
T H -1 -1 78 78 203 125
H E 1 3 78 110 124 46
E Space -3 -1 110 78 94 -16
Space O 3 -5 78 63 265 187
O N -2 3 63 62 203 140
N L 1 -3 62 94 156 94
L Y 1 3 94 156 234 140
Y Space -3 2 156 94 109 -47
Space T 3 -1 94 78 172 78
T H -1 -1 78 78 187 109
H I 1 -2 78 109 156 78
I N -2 2 109 94 140 31
N G 1 1 94 93 141 47
G Space -2 1 93 62 624 531
Space T 3 -1 62 125 327 265
T H -1 -1 125 78 125 0
H A 0 5 78 125 94 16
A T 1 -4 125 125 78 -47
T Space -3 1 125 94 187 62
Space K 2 -4 94 62 437 343
K E 1 5 62 93 125 63
E P 0 -7 93 78 187 94
P T 0 5 78 78 249 171
T Space -3 1 78 93 141 63
Space M 1 -3 93 94 171 78
M E 2 4 94 94 156 62
E Space -3 -1 94 78 203 109
Space G 2 -1 78 109 1248 1170
G O 1 -4 109 63 109 0
O I 0 1 63 62 172 109
I N -2 2 62 78 187 125
N G 1 1 78 93 94 16
G Space -2 1 93 109 140 47
Space W 3 2 109 125 203 94
W A -1 1 125 156 218 93
A S 0 -1 156 141 78 -78
S Space -2 -2 141 93 266 125
Space T 3 -1 93 63 904 811
T H -1 -1 63 78 188 125
H A 0 5 78 93 156 78
A T 1 -4 93 63 1060 967
T Space -3 1 63 78 219 156
Space LShiftKey 1 4 78 359 717 639
LShiftKey I 2 -8 359 94 250 -109
I Space -3 4 94 109 187 93
Space L 2 -5 109 78 250 141
L O 1 0 78 110 171 93
O V -2 5 110 109 172 62
V E 2 1 109 109 78 -31
E D -1 0 109 109 234 125
D Space -2 -1 109 78 140 31
Space W 3 2 78 109 141 63
W H -1 -4 109 62 125 16
H A 0 5 62 109 140 78
A T 1 -4 109 156 109 0
T Space -3 1 156 141 78 -78
Space LShiftKey 1 4 141 281 125 -16
LShiftKey I 2 -8 281 156 156 -125
I Space -3 4 156 109 94 -62
Space D 2 1 109 93 187 78
D I 1 -5 93 93 125 32
I D -1 5 93 63 93 0
D OemPeriod -1 -6 63 62 952 889
OemPeriod Space -1 5 62 109 265 203
Space LShiftKey 1 4 109 312 172 63
LShiftKey Y 2 -6 312 78 187 -125
Y O 0 -3 78 156 203 125
O U 0 2 156 62 156 0
U Oem7 -1 -4 62 78 483 421
Oem7 V -1 7 78 63 1638 1560
V E 2 1 63 94 203 140
E Space -3 -1 94 94 140 46
Space G 2 -1 94 78 1482 1388
G O 1 -4 78 78 110 32
O T 0 4 78 78 156 78
T Space -3 1 78 93 109 31
Space T 3 -1 93 63 140 47
T O 0 -4 63 141 78 15
O Space -3 5 141 109 78 -63
Space F 2 0 109 78 312 203
F I 1 -4 78 31 141 63
I N -2 2 31 78 234 203
N D 1 3 78 78 140 62
D Space -2 -1 78 187 1108 1030
Space W 3 2 187 156 1372 1185
W H -1 -4 156 78 188 32
H A 0 5 78 110 124 46
A T 1 -4 110 156 125 15
T Space -3 1 156 109 94 -62
Space Y 3 -2 109 78 171 62
Y O 0 -3 78 281 219 141
O U 0 2 281 171 156 -125
U Space -3 3 171 125 93 -78
Space L 2 -5 125 93 219 94
L O 1 0 93 125 187 94
O V -2 5 125 125 140 15
V E 2 1 125 109 94 -31
E OemPeriod -2 -6 109 78 1404 1295
OemPeriod Space -1 5 78 125 218 140
Space LShiftKey 1 4 125 328 78 -47
LShiftKey A 1 -1 328 187 141 -187
A N -1 -5 187 47 265 78
N D 1 3 47 78 109 62
D Space -2 -1 78 94 109 31
Space T 3 -1 94 63 203 109
T H -1 -1 63 78 172 109
H A 0 5 78 125 140 62
A T 1 -4 125 78 172 47
T Space -3 1 78 94 265 187
Space I 3 -4 94 78 390 296
I S -1 6 78 78 172 94
S Space -2 -2 78 94 171 93
Space A 2 3 94 171 141 47
A S 0 -1 171 140 109 -62
S Space -2 -2 140 94 218 78
Space T 3 -1 94 110 577 483
T R 0 1 110 94 359 249
R U 0 -3 94 63 187 93
U E 0 4 63 78 156 93
E Space -3 -1 78 78 188 110
Space F 2 0 78 62 920 842
F O 1 -5 62 62 125 63
O R 0 5 62 94 140 78
R Space -3 0 94 78 156 62
Space Y 3 -2 78 78 234 156
Y O 0 -3 78 172 156 78
O U 0 2 172 109 94 -78
U R 0 3 109 94 140 31
R Space -3 0 94 94 156 62
Space W 3 2 94 78 546 452
W O 0 -7 78 78 109 31
O R 0 5 78 78 172 94
R K -1 -4 78 78 187 109
K Space -2 4 78 93 1966 1888
Space A 2 3 93 203 140 47
A S 0 -1 203 172 109 -94
S Space -2 -2 172 94 250 78
Space I 3 -4 94 62 593 499
I T 0 3 62 93 156 94
T Space -3 1 93 93 156 63
Space I 3 -4 93 94 171 78
I S -1 6 94 62 172 78
S Space -2 -2 62 78 265 203
Space F 2 0 78 63 811 733
F O 1 -5 63 63 125 62
O R 0 5 63 109 484 421
R Space -3 0 109 78 140 31
Space Y 3 -2 78 78 203 125
Y O 0 -3 78 171 172 94
O U 0 2 171 93 78 -93
U R 0 3 93 78 171 78
R Space -3 0 78 94 125 47
Space L 2 -5 94 78 203 109
L O 1 0 78 78 187 109
O V -2 5 78 141 452 374
V E 2 1 141 125 94 -47
E R 0 -1 125 94 218 93
R S -1 2 94 109 266 172
S OemPeriod -1 -7 109 94 1528 1419
OemPeriod Space -1 5 94 109 219 125
Space LShiftKey 1 4 109 312 125 16
LShiftKey Y 2 -6 312 109 187 -125
Y O 0 -3 109 156 234 125
O U 0 2 156 78 78 -78
U R 0 3 78 109 156 78
R Space -3 0 109 78 156 47
Space W 3 2 78 125 140 62
W O 0 -7 125 63 187 62
O R 0 5 63 63 156 93
R K -1 -4 63 93 1077 1014
K Space -2 4 93 78 249 156
Space I 3 -4 78 63 203 125
I D -1 5 63 62 250 187
D Back 2 -10 62 78 499 437
Back S -2 11 78 78 125 47
S Space -2 -2 78 78 125 47
Space G 2 -1 78 78 795 717
G O 1 -4 78 78 125 47
O I 0 1 78 78 187 109
I N -2 2 78 78 219 141
N G 1 1 78 94 140 62
G Space -2 1 94 78 156 62
Space T 3 -1 78 109 172 94
T O 0 -4 109 78 358 249
O Space -3 5 78 78 234 156
Space F 2 0 78 78 780 702
F I 1 -4 78 78 156 78
I L -1 -1 78 78 203 125
L L 0 0 78 125 156 78
L Space -2 5 125 109 78 -47
Space A 2 3 109 93 141 32
A L 0 -8 93 78 156 63
L A 0 8 78 94 218 140
A R 1 -3 94 78 172 78
R G -1 -1 78 172 202 124
G E 1 2 172 125 156 -16
E Space -3 -1 125 109 609 484
Space P 3 -6 109 78 889 780
P A -1 9 78 109 172 94
A R 1 -3 109 78 171 62
R T 0 -1 78 78 219 141
T Space -3 1 78 47 187 109
Space O 3 -5 47 125 156 109
O F -1 5 125 47 218 93
F Space -2 0 47 93 94 47
Space Y 3 -2 93 93 234 141
Y O 0 -3 93 172 187 94
O U 0 2 172 93 94 -78
U R 0 3 93 94 171 78
R Space -3 0 94 78 125 31
Space L 2 -5 78 78 156 78
L I 1 1 78 78 187 109
I F -1 4 78 156 172 94
F E 1 1 156 109 125 -31
E Oemcomma -2 -5 109 63 1341 1232
Oemcomma Space -1 4 63 78 188 125
Space A 2 3 78 78 124 46
A N -1 -5 78 63 125 47
N D 1 3 63 109 125 62
D Space -2 -1 109 109 109 0
Space T 3 -1 109 78 219 110
T H -1 -1 78 78 202 124
H E 1 3 78 110 78 0
E Space -3 -1 110 62 172 62
Space O 3 -5 62 78 140 78
O N -2 3 78 63 858 780
N L 1 -3 63 63 234 171
L Y 1 3 63 172 312 249
Y Space -3 2 172 125 94 -78
Space W 3 2 125 94 109 -16
W A -1 1 94 156 172 78
A Y 1 -5 156 156 171 15
Y Space -3 2 156 109 94 -62
Space T 3 -1 109 78 1310 1201
T O 0 -4 78 141 125 47
O Space -3 5 141 93 94 -47
Space B 1 -1 93 63 249 156
B E 2 2 63 94 94 31
E Space -3 -1 94 78 156 62
Space T 3 -1 78 78 172 94
T R 0 1 78 94 202 124
R U 0 -3 94 78 141 47
U L -1 -2 78 62 312 234
L Y 1 3 62 94 187 125
Y Space -3 2 94 78 234 140
Space S 2 2 78 172 1232 1154
S A 0 1 172 156 141 -31
A T 1 -4 156 78 125 -31
T I 0 -3 78 78 234 156
I S -1 6 78 94 171 93
S F 0 -2 94 78 297 203
F I 1 -4 78 78 140 62
I E 0 5 78 110 140 62
E D -1 0 110 78 234 124
D Space -2 -1 78 62 531 453
Space I 3 -4 62 78 405 343
I S -1 6 78 109 141 63
S Space -2 -2 109 94 109 0
Space T 3 -1 94 62 234 140
T O 0 -4 62 203 187 125
O Space -3 5 203 125 109 -94
Space D 2 1 125 109 422 297
D O 1 -6 109 94 327 218
O Space -3 5 94 109 312 218
Space W 3 2 109 124 375 266
W H -1 -4 124 93 156 32
H A 0 5 93 125 140 47
A T 1 -4 125 172 109 -16
T Space -3 1 172 125 94 -78
Space O 3 -5 125 234 452 327
O U 0 2 234 156 125 -109
U Space -3 3 156 124 94 -62
Space B 1 -1 124 78 296 172
B E 2 2 78 93 172 94
E L -1 -6 93 94 561 468
L I 1 1 94 78 203 109
I E 0 5 78 109 203 125
E V -2 -1 109 124 203 94
V E 2 1 124 125 109 -15
E Space -3 -1 125 93 203 78
Space I 3 -4 93 78 1341 1248
I S -1 6 78 109 172 94
S Space -2 -2 109 78 218 109
Space G 2 -1 78 78 203 125
G R 1 1 78 78 296 218
R E 0 1 78 156 125 47
E A -1 2 156 141 156 0
A T 1 -4 141 156 156 15
T Space -3 1 156 125 94 -62
Space W 3 2 125 109 187 62
W O 0 -7 109 93 172 63
O R 0 5 93 125 421 328
R K -1 -4 125 110 327 202
K OemPeriod -1 -1 110 62 640 530
OemPeriod Space -1 5 62 93 203 141
Space LShiftKey 1 4 93 297 171 78
LShiftKey A 1 -1 297 140 172 -125
A N -1 -5 140 62 312 172
N D 1 3 62 78 156 94
D Space -2 -1 78 94 140 62
Space T 3 -1 94 141 437 343
T H -1 -1 141 94 156 15
H E 1 3 94 109 203 109
E Space -3 -1 109 94 842 733
Space O 3 -5 94 78 656 562
O N -2 3 78 62 187 109
N L 1 -3 62 94 171 109
L Y 1 3 94 187 219 125
Y Space -3 2 187 110 93 -94
Space W 3 2 110 94 172 62
W A -1 1 94 109 187 93
A Y 1 -5 109 94 203 94
Y Space -3 2 94 93 203 109
Space T 3 -1 93 78 686 593
T O 0 -4 78 125 125 47
O Space -3 5 125 94 78 -47
Space D 2 1 94 109 281 187
D O 1 -6 109 125 171 62
O Space -3 5 125 110 78 -47
Space G 2 -1 110 125 156 46
G R 1 1 125 172 281 156
R E 0 1 172 110 187 15
E A -1 2 110 156 203 93
A T 1 -4 156 109 125 -31
T Space -3 1 109 94 156 47
Space W 3 2 94 156 172 78
W O 0 -7 156 94 171 15
O R 0 5 94 78 172 78
R K -1 -4 78 250 140 62
K Space -2 4 250 172 125 -125
Space I 3 -4 172 63 889 717
I S -1 6 63 94 125 62
S Space -2 -2 94 94 140 46
Space T 3 -1 94 109 219 125
T O 0 -4 109 156 109 0
O Space -3 5 156 109 94 -62
Space L 2 -5 109 94 202 93
L O 1 0 94 93 188 94
O V -2 5 93 156 171 78
V E 2 1 156 109 125 -31
E Space -3 -1 109 94 499 390
Space W 3 2 94 124 219 125
W H -1 -4 124 94 171 47
H A 0 5 94 156 94 0
A T 1 -4 156 124 203 47
T Space -3 1 124 78 140 16
Space Y 3 -2 78 94 296 218
Y O 0 -3 94 63 125 31
O U 0 2 63 188 187 124
U Space -3 3 188 125 94 -94
Space D 2 1 125 94 312 187
D O 1 -6 94 78 156 62
O OemPeriod -2 0 78 140 406 328
OemPeriod Space -1 5 140 172 1076 936
Space LShiftKey 1 4 172 234 780 608
LShiftKey I 2 -8 234 93 125 -109
I F -1 4 93 78 249 156
F Space -2 0 78 78 141 63
Space Y 3 -2 78 94 249 171
Y O 0 -3 94 219 203 109
O U 0 2 219 125 125 -94
U Space -3 3 125 62 1061 936
Space J 2 -3 62 62 546 484
J Back 2 -6 62 94 374 312
Back H -2 7 94 78 343 249
H A 0 5 78 93 141 63
A V -1 -3 93 125 171 78
V E 2 1 125 110 78 -47
E N -2 -3 110 78 110 0
N Oem7 1 -5 78 78 499 421
Oem7 T 1 6 78 94 171 93
T Space -3 1 94 62 172 78
Space F 2 0 62 93 250 188
F O 1 -5 93 62 156 63
O U 0 2 62 78 202 140
U N -2 1 78 93 219 141
N D 1 3 93 93 203 110
D Space -2 -1 93 78 6536 6443
Space I 3 -4 78 62 156 78
I T 0 3 62 78 140 78
T Space -3 1 78 94 125 47
Space Y 3 -2 94 94 234 140
Y E 0 3 94 93 172 78
E T 0 -2 93 78 156 63
T Oemcomma -2 -3 78 203 1575 1497
Oemcomma Space -1 4 203 94 125 -78
Space K 2 -4 94 78 234 140
K E 1 5 78 78 219 141
E E 0 0 78 94 171 93
E P 0 -7 94 172 47 -47
P Space -3 6 172 78 125 -47
Space L 2 -5 78 94 171 93
L O 1 0 94 62 188 94
O O 0 0 62 62 140 78
O K -1 1 62 47 187 125
K I 1 0 47 62 141 94
I N -2 2 62 78 187 125
N G 1 1 78 78 203 125
G OemPeriod -1 -4 78 94 218 140
OemPeriod Space -1 5 94 109 281 187
Space LShiftKey 1 4 109 327 156 47
LShiftKey D 1 -3 327 141 218 -109
D O 1 -6 141 78 156 15
O N -2 3 78 94 187 109
N Oem7 1 -5 94 63 468 374
Oem7 T 1 6 63 78 203 140
T Space -3 1 78 109 156 78
Space S 2 2 109 125 156 47
S E 1 -1 125 140 250 125
E T 0 -2 140 78 249 109
T T 0 0 78 94 172 94
T L -1 -4 94 78 187 93
L E 1 6 78 63 187 109
E OemPeriod -2 -6 63 62 1389 1326
OemPeriod Space -1 5 62 140 234 172
Space LShiftKey 1 4 140 390 109 -31
LShiftKey A 1 -1 390 202 172 -218
A S 0 -1 202 78 358 156
S Space -2 -2 78 63 203 125
Space W 3 2 63 109 593 530
W I 0 -6 109 94 109 0
I T 0 3 94 94 234 140
T H -1 -1 94 172 125 31
H Space -2 2 172 125 109 -63
Space A 2 3 125 62 375 250
A L 0 -8 62 62 234 172
L L 0 0 62 124 156 94
L Space -2 5 124 78 93 -31
Space M 1 -3 78 93 172 94
M A 1 6 93 94 187 94
A T 1 -4 94 78 187 93
T T 0 0 78 63 156 78
T E 0 2 63 93 94 31
E R 0 -1 93 78 171 78
R S -1 2 78 94 234 156
S Space -2 -2 94 93 188 94
Space O 3 -5 93 78 171 78
O F -1 5 78 110 187 109
F Space -2 0 110 78 203 93
Space T 3 -1 78 110 187 109
T H -1 -1 110 94 94 -16
H E 1 3 94 109 172 78
E Space -3 -1 109 78 187 78
Space H 2 -2 78 94 171 93
H E 1 3 94 141 125 31
E A -1 2 141 156 141 0
A R 1 -3 156 94 124 -32
R T 0 -1 94 93 188 94
T Oemcomma -2 -3 93 171 655 562
Oemcomma Space -1 4 171 109 109 -62
Space Y 3 -2 109 78 312 203
Y O 0 -3 78 172 187 109
O U 0 2 172 109 94 -78
U Oem7 -1 -4 109 47 561 452
Oem7 L 0 2 47 78 297 250
L L 0 0 78 141 171 93
L Space -2 5 141 94 94 -47
Space K 2 -4 94 78 156 62
K N -1 2 78 78 187 109
N O 2 -3 78 47 172 94
O W 0 7 47 94 171 124
W Space -3 -2 94 109 219 125
Space W 3 2 109 94 1029 920
W H -1 -4 94 78 156 62
H E 1 3 78 93 297 219
E N -2 -3 93 172 140 47
N Space -1 2 172 125 109 -63
Space Y 3 -2 125 62 297 172
Y O 0 -3 62 219 171 109
O U 0 2 219 156 78 -141
U Space -3 3 156 110 78 -78
Space F 2 0 110 78 266 156
F I 1 -4 78 78 93 15
I N -2 2 78 94 203 125
N D 1 3 94 93 203 109
D Space -2 -1 93 78 203 110
Space I 3 -4 78 78 187 109
I T 0 3 78 78 140 62
T OemPeriod -2 -4 78 78 936 858
OemPeriod Space -1 5 78 125 234 156
Space LShiftKey 1 4 125 234 125 0
LShiftKey A 1 -1 234 156 125 -109
A N -1 -5 156 62 234 78
N D 1 3 62 94 140 78
D Oemcomma -1 -5 94 172 733 639
Oemcomma Space -1 4 172 94 156 -16
Space L 2 -5 94 109 125 31
L I 1 1 109 93 219 110
I K -1 0 93 125 202 109
K E 1 5 125 78 359 234
E Space -3 -1 78 94 281 203
Space A 2 3 94 78 374 280
A N -1 -5 78 78 110 32
N Y 2 0 78 203 343 265
Y Space -3 2 203 109 140 -63
Space G 2 -1 109 78 265 156
G R 1 1 78 94 172 94
R E 0 1 94 109 187 93
E A -1 2 109 125 172 63
A T 1 -4 125 171 125 0
T Space -3 1 171 93 109 -62
Space R 3 0 93 78 312 219
R E 0 1 78 94 187 109
E L -1 -6 94 78 172 78
L A 0 8 78 94 140 62
A T 1 -4 94 78 250 156
T I 0 -3 78 109 156 78
I O 0 -1 109 109 62 -47
O N -2 3 109 78 203 94
N S 1 4 78 78 171 93
S H 0 -4 78 110 156 78
H I 1 -2 110 78 515 405
I P 0 -2 78 78 234 156
P Oemcomma -2 2 78 171 1030 952
Oemcomma Space -1 4 171 125 109 -62
Space I 3 -4 125 78 250 125
I T 0 3 78 62 187 109
T Space -3 1 62 47 156 94
Space J 2 -3 47 47 156 109
J U 1 0 47 62 156 109
U S -1 5 62 47 265 203
S T 1 -3 47 172 218 171
T Space -3 1 172 109 141 -31
Space G 2 -1 109 78 1107 998
G E 1 2 78 78 188 110
E T 0 -2 78 78 124 46
T S -1 3 78 78 172 94
S Space -2 -2 78 94 187 109
Space B 1 -1 94 94 546 452
B E 2 2 94 93 172 78
E T 0 -2 93 63 171 78
T T 0 0 63 78 125 62
T E 0 2 78 63 109 31
E R 0 -1 63 78 172 109
R Space -3 0 78 93 125 47
Space A 2 3 93 109 125 32
A N -1 -5 109 94 124 15
N D 1 3 94 109 141 47
D Space -2 -1 109 93 156 47
Space B 1 -1 93 62 265 172
B E 2 2 62 94 140 78
E T 0 -2 94 78 141 47
T T 0 0 78 62 156 78
T E 0 2 62 93 78 16
E R 0 -1 93 93 203 110
R Space -3 0 93 125 109 16
Space A 2 3 125 141 140 15
A S 0 -1 141 109 281 140
S Space -2 -2 109 78 156 47
Space T 3 -1 78 94 156 78
T H -1 -1 94 93 203 109
H E 1 3 93 109 140 47
E Space -3 -1 109 62 203 94
Space Y 3 -2 62 93 125 63
Y E 0 3 93 124 125 32
E A -1 2 124 187 171 47
A R 1 -3 187 93 172 -15
R S -1 2 93 109 156 63
S Space -2 -2 109 78 140 31
Space R 3 0 78 78 671 593
R O 0 -5 78 78 140 62
O L -1 0 78 47 219 141
L L 0 0 47 156 109 62
L Space -2 5 156 109 78 -78
Space O 3 -5 109 78 172 63
O N -2 3 78 78 202 124
N OemPeriod 0 -3 78 78 640 562
OemPeriod Space -1 5 78 93 203 125
Space LShiftKey 1 4 93 296 156 63
LShiftKey S 1 -2 296 109 218 -78
S O 1 -7 109 109 297 188
O Space -3 5 109 78 171 62
Space K 2 -4 78 78 203 125
K E 1 5 78 78 187 109
E E 0 0 78 94 187 109
E P 0 -7 94 171 110 16
P Space -3 6 171 109 93 -78
Space L 2 -5 109 78 546 437
L O 1 0 78 62 203 125
O O 0 0 62 63 140 78
O K -1 1 63 78 172 109
K I 1 0 78 62 172 94
I N -2 2 62 78 171 109
N G 1 1 78 78 141 63
G Space -2 1 78 78 140 62
Space U 3 -3 78 78 780 702
U N -2 1 78 93 203 125
N T 2 1 93 125 249 156
T I 0 -3 125 78 125 0
I L -1 -1 78 202 219 141
L Space -2 5 202 109 140 -62
Space Y 3 -2 109 94 296 187
Y O 0 -3 94 234 203 109
O U 0 2 234 171 94 -140
U Space -3 3 171 110 93 -78
Space F 2 0 110 62 266 156
F I 1 -4 62 78 93 31
I N -2 2 78 94 187 109
N D 1 3 94 93 141 47
D Space -2 -1 93 78 171 78
Space I 3 -4 78 110 156 78
I T 0 3 110 78 172 62
T OemPeriod -2 -4 78 109 281 203
OemPeriod Space -1 5 109 93 312 203
Space LShiftKey 1 4 93 297 218 125
LShiftKey D 1 -3 297 125 203 -94
D O 1 -6 125 63 140 15
O N -2 3 63 78 203 140
N Oem7 1 -5 78 78 437 359
Oem7 T 1 6 78 93 203 125
T Space -3 1 93 78 140 47
Space S 2 2 78 93 172 94
S E 1 -1 93 78 187 94
E T 0 -2 78 94 234 156
T T 0 0 94 93 172 78
T L -1 -4 93 47 140 47
L E 1 6 47 109 94 47
E OemPeriod -2 -6 109 140 140 31
OemPeriod Space -1 5 140 62 4259 4119
Space Y 3 -2 62 47 2683 2621
