LShiftKey Y 2 -6 281 78 219 -62
Y E 0 3 78 93 265 187
E S -1 1 93 125 343 250
S Space -2 -2 125 140 94 -31
Space LShiftKey 1 4 140 249 1092 952
LShiftKey I 2 -8 249 78 202 -47
I Back 1 -5 78 93 375 297
Back Back 0 0 93 125 171 78
Back Oemcomma -3 5 125 78 702 577
Oemcomma Space -1 4 78 109 188 110
Space LShiftKey 1 4 109 234 124 15
LShiftKey I 2 -8 234 62 141 -93
I Space -3 4 62 125 171 109
Space R 3 0 125 156 234 109
R E 0 1 156 156 63 -93
E A -1 2 156 124 359 203
A L 0 -8 124 78 218 94
L L 0 0 78 78 156 78
L Y 1 3 78 94 218 140
Y Space -3 2 94 47 172 78
Space L 2 -5 47 109 312 265
L I 1 1 109 62 234 125
I K -1 0 62 94 452 390
K E 1 5 94 93 110 16
E D -1 0 93 109 218 125
D Space -2 -1 109 124 94 -15
Space T 3 -1 124 125 1934 1810
T H -1 -1 125 78 78 -47
H E 1 3 78 125 140 62
E Space -3 -1 125 141 78 -47
Space B 1 -1 141 78 1436 1295
B U 2 -2 78 78 218 140
U I 0 -1 78 93 437 359
I L -1 -1 93 109 265 172
L D 0 6 109 156 140 31
D I 1 -5 156 63 437 281
I N -2 2 63 109 141 78
N G 1 1 109 125 655 546
G S 0 3 125 125 296 171
S Space -2 -2 125 140 593 468
Space A 2 3 140 156 406 266
A N -1 -5 156 141 124 -32
N D 1 3 141 141 234 93
D Space -2 -1 141 125 94 -47
Space T 3 -1 125 109 312 187
T H -1 -1 109 125 31 -78
H E 1 3 125 125 203 78
E Space -3 -1 125 109 109 -16
Space L 2 -5 109 93 250 141
L E 1 6 93 109 125 32
E C -2 0 109 141 280 171
C T 2 -2 141 109 328 187
T U 0 -2 109 110 62 -47
U R 0 3 110 187 203 93
R E 0 1 187 140 94 -93
E Space -3 -1 140 141 218 78
Space R 3 0 141 125 234 93
R O 0 -5 125 63 187 62
O O 0 0 63 78 141 78
O M -2 2 78 125 234 156
M S 1 5 125 156 140 15
S OemPeriod -1 -7 156 125 2044 1888
OemPeriod Space -1 5 125 93 312 187
Space LShiftKey 1 4 93 1966 561 468
LShiftKey T 2 -5 1966 78 1841 -125
T H -1 -1 78 93 219 141
H E 1 3 93 125 608 515
E Y 0 -3 125 78 78 -47
Y Space -3 2 78 140 203 125
Space A 2 3 140 156 281 141
A R 1 -3 156 172 405 249
R E 0 1 172 171 94 -78
E Space -3 -1 171 140 234 63
Space R 3 0 140 187 827 687
R E 0 1 187 156 78 -109
E A -1 2 156 156 499 343
A L 0 -8 156 47 343 187
L L 0 0 47 109 125 78
L Y 1 3 109 78 655 546
Y Space -3 2 78 109 156 78
Space U 3 -3 109 125 2496 2387
U P 0 -3 125 125 234 109
P T 0 5 125 125 546 421
T O 0 -4 125 93 94 -31
O Space -3 5 93 140 140 47
Space T 3 -1 140 109 328 188
T H -1 -1 109 109 62 -47
H E 1 3 109 125 187 78
E Space -3 -1 125 125 78 -47
Space M 1 -3 125 109 312 187
M A 1 6 109 140 172 63
A R 1 -3 140 141 374 234
R K -1 -4 141 125 109 -32
K OemPeriod -1 -1 125 125 1482 1357
OemPeriod Space -1 5 125 110 312 187
Space LShiftKey 1 4 110 250 5819 5709
LShiftKey I 2 -8 250 78 187 -63
I Space -3 4 78 109 219 141
Space H 2 -2 109 63 249 140
H A 0 5 63 141 78 15
A V -1 -3 141 140 250 109
V E 2 1 140 141 1154 1014
E Oem7 -1 -8 141 93 578 437
Oem7 Back 2 -2 93 530 577 484
Back E -1 10 530 156 1669 1139
E N -2 -3 156 78 312 156
N Oem7 1 -5 78 78 624 546
Oem7 T 1 6 78 125 218 140
T Space -3 1 125 124 110 -15
Space H 2 -2 124 62 312 188
H A 0 5 62 125 124 62
A D 0 -2 125 140 266 141
D Space -2 -1 140 125 124 -16
Space M 1 -3 125 94 359 234
M U 2 0 94 78 234 140
U C -2 4 78 141 312 234
C H 1 -3 141 78 94 -47
H Space -2 2 78 140 125 47
Space F 2 0 140 140 374 234
F R 1 0 140 125 265 125
R O 0 -5 125 94 109 -16
O M -2 2 94 78 203 109
M Space -1 3 78 109 172 94
Space T 3 -1 109 110 795 686
T H -1 -1 110 109 47 -63
H E 1 3 109 140 453 344
E Space -3 -1 140 140 234 94
Space C 1 1 140 172 1466 1326
C A 1 2 172 156 140 -32
A M -1 -6 156 109 141 -15
M P 2 -3 109 125 249 140
P U 0 3 125 93 188 63
U S -1 5 93 141 249 156
S Space -2 -2 141 140 125 -16
Space D 2 1 140 141 1357 1217
D I 1 -5 141 93 63 -78
I N -2 2 93 109 156 63
N I 2 -2 109 63 249 140
I N -2 2 63 124 141 78
N G 1 1 124 78 249 125
G Space -2 1 78 125 172 94
Space B 1 -1 125 93 624 499
B U 2 -2 93 109 156 63
U Back 1 -6 109 94 452 343
Back Back 0 0 94 94 187 93
Back Back 0 0 94 109 281 187
Back Oemcomma -3 5 109 78 577 468
Oemcomma Space -1 4 78 109 125 47
Space B 1 -1 109 78 312 203
B U 2 -2 78 78 187 109
U T 0 2 78 94 250 172
T Space -3 1 94 109 109 15
Space W 3 2 109 109 406 297
W H -1 -4 109 78 93 -16
H A 0 5 78 140 110 32
A T 1 -4 140 109 218 78
T E 0 2 109 124 94 -15
E V -2 -1 124 156 296 172
V E 2 1 156 125 109 -47
E R 0 -1 125 125 156 31
R Space -3 0 125 141 156 31
Space L 2 -5 141 78 265 124
L I 1 1 78 78 156 78
I T 0 3 78 93 219 141
T T 0 0 93 109 156 63
T L -1 -4 109 109 203 94
L E 1 6 109 125 109 0
E Space -3 -1 125 109 140 15
Space LShiftKey 1 4 109 156 468 359
LShiftKey I 2 -8 156 78 94 -62
I Space -3 4 78 125 156 78
Space H 2 -2 125 78 499 374
H A 0 5 78 125 140 62
A V -1 -3 125 125 219 94
V Space -1 0 125 125 249 124
Space H 2 -2 125 78 390 265
H A 0 5 78 156 110 32
A D 0 -2 156 125 218 62
D Space -2 -1 125 125 156 31
Space LShiftKey 1 4 125 171 281 156
LShiftKey I 2 -8 171 93 125 -46
I Space -3 4 93 140 265 172
Space H 2 -2 140 62 281 141
H A 0 5 62 125 109 47
A V -1 -3 125 187 187 62
V E 2 1 187 125 156 -31
E Space -3 -1 125 141 187 62
Space L 2 -5 141 125 281 140
L I 1 1 125 78 234 109
I K -1 0 78 94 187 109
K E 1 5 94 109 125 31
E D -1 0 109 140 281 172
D Space -2 -1 140 109 1997 1857
Space I 3 -4 109 125 327 218
I T 0 3 125 110 234 109
T OemPeriod -2 -4 110 62 1155 1045
OemPeriod E 2 6 62 156 5507 5445
E OemPeriod -2 -6 156 78 1575 1419
OemPeriod Space -1 5 78 78 375 297
Space LShiftKey 1 4 78 1544 4976 4898
LShiftKey I 2 -8 1544 93 1420 -124
I Space -3 4 93 140 218 125
Space B 1 -1 140 109 1170 1030
B E 2 2 109 141 218 109
E L -1 -6 141 94 78 -63
L I 1 1 94 94 203 109
I E 0 5 94 172 671 577
E V -2 -1 172 124 172 0
V E 2 1 124 156 811 687
E Space -3 -1 156 125 156 0
Space T 3 -1 125 125 1201 1076
T H -1 -1 125 94 78 -47
H A 0 5 94 141 218 124
A T 1 -4 141 94 234 93
T Space -3 1 94 156 47 -47
Space T 3 -1 156 109 1638 1482
T H -1 -1 109 94 78 -31
H E 1 3 94 140 125 31
E Space -3 -1 140 140 94 -46
Space C 1 1 140 141 1263 1123
C A 1 2 141 156 94 -47
A M -1 -6 156 110 171 15
M P 2 -3 110 109 203 93
P U 0 3 109 78 203 94
U S -1 5 78 109 172 94
S Space -2 -2 109 125 109 0
Space H 2 -2 125 62 437 312
H A 0 5 62 156 78 16
A S 0 -1 156 125 140 -16
S Space -2 -2 125 141 218 93
Space E 3 1 141 140 484 343
E N -2 -3 140 110 62 -78
N O 2 -3 110 125 203 93
O U 0 2 125 94 125 0
U G -1 2 94 109 343 249
G H 0 -1 109 109 172 63
H Space -2 2 109 141 249 140
Space S 2 2 141 172 1264 1123
S P 1 -8 172 93 94 -78
P O 0 1 93 140 187 94
O R 0 5 140 125 546 406
R T 0 -1 125 93 234 109
T I 0 -3 93 93 78 -15
I N -2 2 93 110 171 78
N G 1 1 110 109 593 483
G Space -2 1 109 110 109 0
Space F 2 0 110 140 406 296
F A 0 3 140 125 125 -15
A C -1 -2 125 110 327 202
C I 2 -5 110 94 172 62
I L -1 -1 94 110 140 46
L I 1 1 110 109 203 93
I T 0 3 109 109 234 125
T I 0 -3 109 140 125 16
I E 0 5 140 109 187 47
E S -1 1 109 125 281 172
S Space -2 -2 125 156 140 15
Space L 2 -5 156 94 624 468
L I 1 1 94 94 156 62
I K -1 0 94 109 297 203
K E 1 5 109 125 156 47
E Space -3 -1 125 110 93 -32
Space S 2 2 110 156 297 187
S W 1 0 156 172 296 140
W I 0 -6 172 94 234 62
I M -2 1 94 63 234 140
M M 0 0 63 78 125 62
M I 2 -1 78 78 172 94
I N -2 2 78 110 124 46
N G 1 1 110 93 297 187
G Space -2 1 93 141 171 78
Space Back 4 -9 141 125 905 764
Back Oemcomma -3 5 125 110 1045 920
Oemcomma Space -1 4 110 140 453 343
Space G 2 -1 140 94 1497 1357
G Y 1 -1 94 109 125 31
Y M -2 -1 109 109 375 266
M Oemcomma 0 -1 109 93 1591 1482
Oemcomma Space -1 4 93 140 577 484
Space B 1 -1 140 78 936 796
B A 1 4 78 187 109 31
A S 0 -1 187 140 172 -15
S K 0 -6 140 78 234 94
K E 1 5 78 141 171 93
E T 0 -2 141 125 281 140
T B -2 0 125 62 375 250
B A 1 4 62 156 93 31
A L 0 -8 156 62 219 63
L L 0 0 62 78 156 94
L Space -2 5 78 124 312 234
Space Back 4 -9 124 109 561 437
Back Oemcomma -3 5 109 62 453 344
Oemcomma Space -1 4 62 109 171 109
Space F 2 0 109 140 905 796
F O 1 -5 140 46 172 32
O O 0 0 46 78 140 94
O T 0 4 78 110 140 62
T B -2 0 110 78 359 249
B A 1 4 78 141 187 109
A L 0 -8 141 62 188 47
L L 0 0 62 78 140 78
L Space -2 5 78 93 328 250
Space Back 4 -9 93 140 468 375
Back Oemcomma -3 5 140 94 405 265
Oemcomma Space -1 4 94 125 109 15
Space E 3 1 125 125 453 328
E T 0 -2 125 109 187 62
T C -2 2 109 141 374 265
C Oemcomma 0 -5 141 125 671 530
Oemcomma Back 3 -5 125 94 858 733
Back OemPeriod -3 4 94 93 406 312
OemPeriod Space -1 5 93 109 187 94
Space B 1 -1 109 93 1030 921
B U 2 -2 93 93 156 63
U T 0 2 93 125 280 187
T Space -3 1 125 140 188 63
Space I 3 -4 140 94 452 312
I Back 1 -5 94 110 608 514
Back LShiftKey -3 13 110 141 203 93
LShiftKey I 2 -8 141 78 78 -63
I Space -3 4 78 109 156 78
Space H 2 -2 109 63 265 156
H A 0 5 63 125 94 31
A V -1 -3 125 125 374 249
V E 2 1 125 140 172 47
E N -2 -3 140 93 640 500
N Oem7 1 -5 93 109 296 203
Oem7 T 1 6 109 94 499 390
T Space -3 1 94 140 63 -31
Space R 3 0 140 171 499 359
R E 0 1 171 141 93 -78
E A -1 2 141 141 281 140
A L 0 -8 141 47 281 140
L L 0 0 47 94 109 62
L Y 1 3 94 78 219 125
Y Space -3 2 78 110 124 46
Space G 2 -1 110 125 281 171
G O 1 -4 125 62 94 -31
O T 0 4 62 47 265 203
T T 0 0 47 78 172 125
T E 0 2 78 140 140 62
E N -2 -3 140 78 140 0
N Space -1 2 78 109 110 32
Space A 2 3 109 110 202 93
A Space -2 -3 110 94 125 15
Space C 1 1 94 125 343 249
C H 1 -3 125 62 94 -31
H A 0 5 62 140 125 63
A N -1 -5 140 94 93 -47
N C 0 3 94 156 328 234
C E 2 0 156 156 94 -62
E Space -3 -1 156 156 171 15
Space T 3 -1 156 124 2637 2481
T O 0 -4 124 47 140 16
O Space -3 5 47 125 156 109
Space U 3 -3 125 94 1482 1357
U S -1 5 94 124 94 0
S E 1 -1 124 125 171 47
E Space -3 -1 125 110 109 -16
Space A 2 3 110 124 266 156
A N -1 -5 124 125 62 -62
N Y 2 0 125 94 265 140
Y Space -3 2 94 94 187 93
Space O 3 -5 94 125 203 109
O F -1 5 125 110 265 140
F Space -2 0 110 141 47 -63
Space T 3 -1 141 109 281 140
T H -1 -1 109 125 31 -78
H E 1 3 125 125 234 109
E N -2 -3 125 110 265 140
N Back 3 -7 110 141 515 405
Back M -3 6 141 78 858 717
M OemQuestion 0 -3 78 109 281 203
OemQuestion Back 3 -3 109 109 671 562
Back OemPeriod -3 4 109 78 561 452
OemPeriod Space -1 5 78 109 19173 19095
Space LShiftKey 1 4 109 234 249 140
LShiftKey T 2 -5 234 93 141 -93
T H -1 -1 93 78 203 110
H E 1 3 78 124 156 78
E Space -3 -1 124 109 62 -62
Space E 3 1 109 124 640 531
E D -1 0 124 140 234 110
D U 1 -4 140 109 93 -47
U C -2 4 109 172 265 156
C A 1 2 172 156 125 -47
A T 1 -4 156 125 265 109
T I 0 -3 125 172 78 -47
I O 0 -1 172 78 94 -78
O N -2 3 78 109 109 31
N Space -1 2 109 125 156 47
Space S 2 2 125 140 328 203
S Y 1 -4 140 93 125 -15
Y S -1 4 93 156 265 172
S T 1 -3 156 93 234 78
T E 0 2 93 125 218 125
E M -2 -4 125 93 172 47
M Space -1 3 93 94 140 47
Space H 2 -2 94 93 453 359
H E 1 3 93 125 124 31
E R 0 -1 125 109 141 16
R E 0 1 109 140 156 47
E Space -3 -1 140 124 203 63
Space I 3 -4 124 78 218 94
I S -1 6 78 124 94 16
S Space -2 -2 124 109 156 32
Space V 1 0 109 62 312 203
V E 2 1 62 140 0 -62
E R 0 -1 140 94 218 78
R Y 0 -2 94 78 140 46
Y Space -3 2 78 109 141 63
Space G 2 -1 109 94 374 265
G O 1 -4 94 62 141 47
O O 0 0 62 94 124 62
O D -1 6 94 141 234 140
D Space -2 -1 141 109 125 -16
Space A 2 3 109 141 1981 1872
A N -1 -5 141 110 156 15
N D 1 3 110 125 172 62
D Space -2 -1 125 125 109 -16
Space S 2 2 125 141 421 296
S O 1 -7 141 78 110 -31
O Space -3 5 78 141 124 46
Space A 2 3 141 124 188 47
A R 1 -3 124 141 202 78
R E 0 1 141 156 94 -47
E Space -3 -1 156 141 218 62
Space T 3 -1 141 109 219 78
T H -1 -1 109 93 78 -31
H E 1 3 93 125 156 63
E Space -3 -1 125 125 187 62
Space P 3 -6 125 140 390 265
P R 0 6 140 109 312 172
R O 0 -5 109 125 218 109
O F -1 5 125 141 359 234
F E 1 1 141 156 63 -78
E S -1 1 156 93 312 156
S S 0 0 93 93 187 94
S O 1 -7 93 110 93 0
O R 0 5 110 140 219 109
R S -1 2 140 140 312 172
S Back 2 -11 140 1217 3884 3744
Back Space -4 9 1217 125 1888 671
Space T 3 -1 125 125 374 249
T H -1 -1 125 124 63 -62
H E 1 3 124 124 156 32
E Space -3 -1 124 125 93 -31
Space P 3 -6 125 124 531 406
P R 0 6 124 93 234 110
R O 0 -5 93 93 187 94
O F -1 5 93 156 281 188
F E 1 1 156 172 62 -94
E S -1 1 172 109 281 109
S S 0 0 109 125 187 78
S O 1 -7 125 109 297 172
O R 0 5 109 156 187 78
R E 0 1 156 140 78 -78
E Back 1 -10 140 124 515 375
Back S -2 11 124 156 358 234
S Space -2 -2 156 140 453 297
Space A 2 3 140 109 499 359
A R 1 -3 109 140 312 203
R E 0 1 140 156 62 -78
E Space -3 -1 156 140 266 110
Space E 3 1 140 125 218 78
E X -2 1 125 140 437 312
X C 0 -1 140 141 296 156
C E 2 0 141 141 78 -63
E L -1 -6 141 63 234 93
L L 0 0 63 78 125 62
L E 1 6 78 141 140 62
E N -2 -3 141 93 110 -31
N T 2 1 93 94 218 125
T OemPeriod -2 -4 94 94 374 280
OemPeriod Space -1 5 94 110 312 218
Space LShiftKey 1 4 110 468 266 156
LShiftKey I 2 -8 468 78 390 -78
I Space -3 4 78 109 187 109
Space H 2 -2 109 62 281 172
H A 0 5 62 140 78 16
A V -1 -3 140 156 265 125
V E 2 1 156 140 125 -31
E Space -3 -1 140 141 202 62
Space L 2 -5 141 94 468 327
L E 1 6 94 141 203 109
E A -1 2 141 171 172 31
A R 1 -3 171 156 156 -15
R N -2 -2 156 109 281 125
N T 2 1 109 94 171 62
T Space -3 1 94 110 109 15
Space A 2 3 110 124 188 78
A Space -2 -3 124 124 78 -46
Space L 2 -5 124 109 312 188
L O 1 0 109 125 483 374
O T 0 4 125 125 281 156
T Space -3 1 125 109 94 -31
Space H 2 -2 109 78 343 234
H E 1 3 78 172 109 31
E R 0 -1 172 141 140 -32
R E 0 1 141 125 250 109
E Space -3 -1 125 140 250 125
Space F 2 0 140 187 405 265
F R 1 0 187 156 109 -78
R O 0 -5 156 94 203 47
O M -2 2 94 78 187 93
M Space -1 3 78 78 156 78
Space T 3 -1 78 124 188 110
T H -1 -1 124 93 78 -46
H E 1 3 93 109 171 78
E Space -3 -1 109 125 78 -31
Space L 2 -5 125 109 281 156
L E 1 6 109 124 94 -15
E C -2 0 124 156 296 172
C T 2 -2 156 125 359 203
T U 0 -2 125 94 93 -32
U R 0 3 94 156 188 94
R E 0 1 156 140 78 -78
E S -1 1 140 125 327 187
S Space -2 -2 125 109 156 31
Space A 2 3 109 124 219 110
A N -1 -5 124 109 78 -46
N D 1 3 109 125 327 218
D Space -2 -1 125 141 109 -16
Space T 3 -1 141 109 422 281
T H -1 -1 109 109 93 -16
H E 1 3 109 125 109 0
E Space -3 -1 125 125 94 -31
Space P 3 -6 125 78 359 234
P R 0 6 78 125 265 187
R O 0 -5 125 109 109 -16
O J -1 2 109 109 1966 1857
J E 1 4 109 109 109 0
E C -2 0 109 140 328 219
C T 2 -2 140 125 280 140
T S -1 3 125 156 234 109
S OemPeriod -1 -7 156 78 390 234
OemPeriod LShiftKey 0 9 78 218 10016 9938
LShiftKey M 0 -7 218 94 140 -78
M Y 2 1 94 46 250 156
Y Space -3 2 46 109 156 110
Space F 2 0 109 156 733 624
F A 0 3 156 140 125 -31
A V -1 -3 140 140 296 156
V O 2 -5 140 109 265 125
O U 0 2 109 78 187 78
U R 0 3 78 124 344 266
R I 0 -4 124 125 140 16
I T 0 3 125 140 203 78
T E 0 2 140 141 296 156
E Space -3 -1 141 140 172 31
Space Left 0 -7 140 109 6365 6225
Left Back 4 -2 109 125 436 327
Back Space -4 9 125 109 1077 952
Space Back 4 -9 109 78 624 515
Back V -3 9 78 172 499 421
V A 1 3 172 156 94 -78
A C -1 -2 156 171 468 312
C A 1 2 171 140 109 -62
A T 1 -4 140 140 234 94
T I 0 -3 140 141 93 -47
I O 0 -1 141 93 110 -31
O N -2 3 93 125 93 0
N Space -1 2 125 109 172 47
Space S 2 2 109 140 281 172
S P 1 -8 140 78 187 47
P O 0 1 78 94 171 93
O T 0 4 94 109 219 125
T Space -3 1 109 109 78 -31
Space I 3 -4 109 78 249 140
I Space -3 4 78 140 297 219
Space Back 4 -9 140 109 655 515
Back S -2 11 109 156 156 47
S Space -2 -2 156 141 265 109
Space LShiftKey 1 4 141 390 515 374
LShiftKey S 1 -2 390 140 328 -62
S I 1 -6 140 78 218 78
I K -1 0 78 62 203 125
K K 0 0 62 62 125 63
K I 1 0 62 78 156 94
I M -2 1 78 109 171 93
M Space -1 3 109 141 312 203
Space Back 4 -9 141 109 546 405
Back OemPeriod -3 4 109 94 421 312
OemPeriod Space -1 5 94 109 266 172
Space LShiftKey 1 4 109 343 327 218
LShiftKey I 2 -8 343 78 265 -78
I T 0 3 78 109 328 250
T Space -3 1 109 93 125 16
Space I 3 -4 93 171 312 219
I S -1 6 171 125 265 94
S Space -2 -2 125 125 140 15
Space W 3 2 125 109 297 172
W H -1 -4 109 78 281 172
H E 1 3 78 156 124 46
E R 0 -1 156 125 125 -31
R E 0 1 125 156 172 47
E Space -3 -1 156 110 249 93
Space M 1 -3 110 109 1046 936
M Y 2 1 109 78 280 171
Y Space -3 2 78 109 141 63
Space M 1 -3 109 109 733 624
M A 1 6 109 125 62 -47
A T 1 -4 125 109 281 156
T E 0 2 109 140 47 -62
E R 0 -1 140 110 218 78
R N -2 -2 110 110 234 124
N A 1 5 110 125 125 15
A L 0 -8 125 109 141 16
L Space -2 5 109 125 171 62
Space G 2 -1 125 171 1186 1061
G R 1 1 171 140 125 -46
R A -1 3 140 140 234 94
A N -1 -5 140 124 156 16
N D 1 3 124 141 436 312
D Space -2 -1 141 156 422 281
Space Back 4 -9 156 124 624 468
Back P -1 3 124 109 842 718
P A -1 9 109 125 78 -31
A R 1 -3 125 140 203 78
R E 0 1 140 140 78 -62
E N -2 -3 140 140 234 94
N T 2 1 140 140 187 47
T S -1 3 140 141 343 203
S Space -2 -2 141 124 687 546
Space L 2 -5 124 109 405 281
L I 1 1 109 125 94 -15
I V -2 4 125 140 234 109
V E 2 1 140 141 93 -47
E OemPeriod -2 -6 141 93 1046 905
OemPeriod Space -1 5 93 141 249 156
Space LShiftKey 1 4 141 250 1201 1060
LShiftKey I 2 -8 250 78 172 -78
I T 0 3 78 63 343 265
T R 0 1 63 47 0 -63
R Space -3 0 47 156 109 62
Space Back 4 -9 156 94 546 390
Back Back 0 0 94 110 156 62
Back Space -4 9 110 140 422 312
Space I 3 -4 140 93 1326 1186
I S -1 6 93 140 109 16
S Space -2 -2 140 156 156 16
Space O 3 -5 156 94 499 343
O N -2 3 94 94 234 140
N E 2 3 94 140 156 62
E Space -3 -1 140 109 109 -31
Space O 3 -5 109 125 343 234
O D -1 6 125 78 375 250
D F 0 -1 78 78 0 -78
F Space -2 0 78 124 47 -31
Space Back 4 -9 124 124 702 578
Back Back 0 0 124 141 327 203
Back Back 0 0 141 125 421 280
Back F -2 9 125 125 609 484
F Space -2 0 125 110 93 -32
Space T 3 -1 110 110 234 124
T H -1 -1 110 94 47 -63
H E 1 3 94 125 187 93
E Space -3 -1 125 109 110 -15
Space S 2 2 109 156 343 234
S E 1 -1 156 156 359 203
E V -2 -1 156 125 296 140
V E 2 1 125 109 94 -31
E N -2 -3 109 93 156 47
N Space -1 2 93 109 140 47
Space S 2 2 109 140 484 375
S I 1 -6 140 94 93 -47
I T 0 3 94 78 375 281
T E 0 2 78 156 124 46
E R 0 -1 156 125 141 -15
R S -1 2 125 140 265 140
S Space -2 -2 140 156 328 188
Space Back 4 -9 156 141 1107 951
Back Back 0 0 141 78 1217 1076
Back Space -4 9 78 110 296 218
Space S 2 2 110 156 312 202
S T 1 -3 156 78 344 188
T A -1 4 78 141 124 46
A T 1 -4 141 63 125 -16
T E 0 2 63 140 203 140
E S -1 1 140 140 250 110
S Space -2 -2 140 109 187 47
Space I 3 -4 109 78 234 125
I N -2 2 78 94 171 93
N Space -1 2 94 140 172 78
Space Back 4 -9 140 94 608 468
Back Back 0 0 94 94 156 62
Back Back 0 0 94 78 156 62
Back L -2 4 78 78 609 531
L O 1 0 78 78 171 93
O C -2 6 78 171 219 141
C A 1 2 171 140 125 -46
A T 1 -4 140 78 265 125
T E 0 2 78 109 109 31
E D -1 0 109 171 203 94
D Space -2 -1 171 109 78 -93
Space I 3 -4 109 78 156 47
I N -2 2 78 78 140 62
N Space -1 2 78 109 141 63
Space N 1 -2 109 78 312 203
N B 0 1 78 46 0 -78
B O 2 -4 46 93 265 219
O R 0 5 93 94 218 125
R T 0 -1 94 78 141 47
T H -1 -1 78 93 187 109
H Back 2 -7 93 78 967 874
Back N -3 7 78 125 733 655
N O 2 -3 125 94 125 0
O R 0 5 94 141 187 93
R T 0 -1 141 94 187 46
T H -1 -1 94 93 188 94
H Space -2 2 93 110 124 31
Space E 3 1 110 125 390 280
E A -1 2 125 140 266 141
A S 0 -1 140 156 78 -62
S T 1 -3 156 62 811 655
T Space -3 1 62 109 234 172
Space LShiftKey 1 4 109 172 187 78
LShiftKey I 2 -8 172 78 94 -78
I N -2 2 78 94 140 62
N D 1 3 94 125 343 249
D I 1 -5 125 94 78 -47
I A -1 7 94 171 250 156
A OemPeriod -1 -8 171 93 827 656
OemPeriod Space -1 5 93 109 249 156
Space LShiftKey 1 4 109 265 1248 1139
LShiftKey I 2 -8 265 78 187 -78
I T 0 3 78 78 281 203
T Space -3 1 78 109 156 78
Space I 3 -4 109 93 1420 1311
I S -1 6 93 140 109 16
S Space -2 -2 140 125 125 -15
Space V 1 0 125 109 577 452
V E 2 1 109 141 62 -47
E R 0 -1 141 141 281 140
R Y 0 -2 141 94 187 46
Y Space -3 2 94 124 188 94
Space C 1 1 124 141 1372 1248
C L 1 -6 141 94 78 -63
L O 1 0 94 93 188 94
O S -1 7 93 141 171 78
S E 1 -1 141 156 172 31
E Space -3 -1 156 140 203 47
Space T 3 -1 140 125 686 546
T O 0 -4 125 78 94 -31
O Space -3 5 78 110 124 46
Space N 1 -2 110 94 390 280
N A 1 5 94 156 125 31
A T 1 -4 156 93 250 94
T U 0 -2 93 78 171 78
U R 0 3 78 187 297 219
R E 0 1 187 172 93 -94
E Space -3 -1 172 140 266 94
Space W 3 2 140 172 1060 920
W I 0 -6 172 109 94 -78
I T 0 3 109 109 265 156
T H -1 -1 109 109 94 -15
H Space -2 2 109 140 187 78
Space M 1 -3 140 125 733 593
M O 2 -2 125 141 187 62
O U 0 2 141 109 141 0
U N -2 1 109 109 390 281
N T 2 1 109 125 249 140
T A -1 4 125 125 328 203
A I 1 -7 125 93 94 -31
I N -2 2 93 140 140 47
N S 1 4 140 141 733 593
S Space -2 -2 141 140 827 686
Space Back 4 -9 140 140 1342 1202
Back M -3 6 140 109 1170 1030
M A 1 6 109 141 93 -16
A N -1 -5 141 109 125 -16
N Y 2 0 109 78 234 125
Y Space -3 2 78 94 140 62
Space M 1 -3 94 109 453 359
M O 2 -2 109 171 281 172
O U 0 2 171 109 327 156
U N -2 1 109 110 265 156
N T 2 1 110 109 344 234
T A -1 4 109 141 358 249
A N -1 -5 141 109 110 -31
N S 1 4 109 156 904 795
S Back 2 -11 156 109 640 484
Back Back 0 0 109 124 172 63
Back I -1 5 124 78 655 531
I N -2 2 78 109 187 109
N S 1 4 109 140 141 32
S Space -2 -2 140 140 187 47
Space A 2 3 140 140 312 172
A N -1 -5 140 109 125 -15
N D 1 3 109 140 624 515
D Space -2 -1 140 125 93 -47
Space F 2 0 125 140 1763 1638
F O 1 -5 140 94 78 -62
O R 0 5 94 202 172 78
R E 0 1 202 156 187 -15
E S -1 1 156 187 842 686
S T 1 -3 187 63 156 -31
T S -1 3 63 141 936 873
S OemPeriod -1 -7 141 125 780 639
OemPeriod Space -1 5 125 125 4368 4243
Space LShiftKey 1 4 125 328 6037 5912
LShiftKey I 2 -8 328 78 234 -94
I Space -3 4 78 125 219 141
Space H 2 -2 125 93 936 811
H A 0 5 93 156 109 16
A V -1 -3 156 156 312 156
V E 2 1 156 156 172 16
E Space -3 -1 156 141 171 15
Space N 1 -2 141 109 546 405
N O 2 -3 109 125 187 78
O T 0 4 125 125 1139 1014
T Space -3 1 125 125 78 -47
Space G 2 -1 125 140 609 484
G O 1 -4 140 94 140 0
O T 0 4 94 110 218 124
T T 0 0 110 156 188 78
T E 0 2 156 141 249 93
E N -2 -3 141 110 109 -32
N Space -1 2 110 110 156 46
Space A 2 3 110 109 328 218
A Space -2 -3 109 140 94 -15
Space C 1 1 140 141 748 608
C H 1 -3 141 94 78 -63
H A 0 5 94 141 156 62
A N -1 -5 141 109 94 -47
N C 0 3 109 234 281 172
C E 2 0 234 202 125 -109
E Space -3 -1 202 125 218 16
Space T 3 -1 125 109 437 312
T O 0 -4 109 78 93 -16
O Space -3 5 78 156 94 16
Space V 1 0 156 125 359 203
V I 2 -4 125 125 78 -47
I S -1 6 125 125 234 109
S I 1 -6 125 78 187 62
I T 0 3 78 78 359 281
T Space -3 1 78 94 140 62
Space I 3 -4 94 93 219 125
I T 0 3 93 94 249 156
T Space -3 1 94 109 141 47
Space L 2 -5 109 125 296 187
L A 0 8 125 140 125 0
A T 1 -4 140 78 187 47
T E 0 2 78 125 125 47
E L -1 -6 125 93 281 156
L Y 1 3 93 93 265 172
Y Space -3 2 93 93 156 63
Space B 1 -1 93 124 7145 7052
B U 2 -2 124 125 124 0
U T 0 2 125 140 219 94
T Space -3 1 140 125 93 -47
Space W 3 2 125 187 827 702
W O 0 -7 187 109 125 -62
O U 0 2 109 94 156 47
U L -1 -2 94 109 172 78
L D 0 6 109 156 218 109
D Space -2 -1 156 93 94 -62
Space S 2 2 93 141 639 546
S U 1 -5 141 109 78 -63
U R 0 3 109 156 250 141
R E 0 1 156 172 62 -94
E L -1 -6 172 140 203 31
L Y 1 3 140 94 265 125
Y Space -3 2 94 125 172 78
Space V 1 0 125 140 577 452
V I 2 -4 140 94 78 -62
I S -1 6 94 140 172 78
S I 1 -6 140 78 202 62
I T 0 3 78 63 312 234
T Space -3 1 63 109 110 47
Space I 3 -4 109 94 483 374
I T 0 3 94 110 265 171
T Space -3 1 110 125 78 -32
Space N 1 -2 125 94 312 187
N E 2 3 94 110 156 62
E X -2 1 110 140 453 343
X T 2 -3 140 78 93 -47
T Space -3 1 78 93 188 110
Space Y 3 -2 93 94 218 125
Y E 0 3 94 141 109 15
E A -1 2 141 171 328 187
A R 1 -3 171 78 109 -62
R OemPeriod -2 -5 78 125 577 499
OemPeriod Space -1 5 125 110 733 608
Space LShiftKey 1 4 110 234 14384 14274
LShiftKey I 2 -8 234 63 171 -63
I Space -3 4 63 109 172 109
Space W 3 2 109 156 296 187
W O 0 -7 156 110 109 -47
O U 0 2 110 125 562 452
U L -1 -2 125 125 234 109
L D 0 6 125 140 172 47
D Space -2 -1 140 140 156 16
Space L 2 -5 140 62 920 780
L O 1 0 62 78 156 94
O V -2 5 78 172 234 156
V E 2 1 172 172 78 -94
E Space -3 -1 172 125 187 15
Space T 3 -1 125 125 390 265
T O 0 -4 125 109 63 -62
O Space -3 5 109 140 156 47
Space V 1 0 140 141 1528 1388
V I 2 -4 141 110 78 -63
I S -1 6 110 140 172 62
S I 1 -6 140 93 172 32
I T 0 3 93 78 327 234
T Space -3 1 78 94 203 125
Space S 2 2 94 172 18158 18064
S O 1 -7 172 78 110 -62
O M -2 2 78 110 202 124
M E 2 4 110 141 281 171
E L -1 -6 141 109 125 -16
L Back 2 -4 109 156 1373 1264
Back P -1 3 156 94 733 577
P L -1 1 94 109 2293 2199
L A 0 8 109 140 141 32
A C -1 -2 140 156 280 140
C E 2 0 156 156 110 -46
E Space -3 -1 156 125 327 171
Space Back 4 -9 125 982 1623 1498
Back Space -4 9 982 109 1794 812
Space LShiftKey 1 4 109 499 546 437
LShiftKey E 2 -3 499 141 405 -94
E U 0 -4 141 124 219 78
U R 0 3 124 140 374 250
R O 0 -5 140 94 78 -62
O P 0 -1 94 125 218 124
P E 0 7 125 140 297 172
E Space -3 -1 140 156 1482 1342
Space Back 4 -9 156 125 1903 1747
Back T -1 8 125 125 6053 5928
T H -1 -1 125 109 62 -63
H E 1 3 109 140 172 63
E Space -3 -1 140 109 125 -15
Space Space 0 0 109 125 1575 1466
Space Space 0 0 125 109 3120 2995
Space R 3 0 109 156 203 94
R E 0 1 156 156 78 -78
E G -1 -2 156 93 328 172
G I 1 -3 93 93 187 94
I O 0 -1 93 125 171 78
O N -2 3 125 109 219 94
N Space -1 2 109 125 171 62
Space A 2 3 125 234 453 328
A S 0 -1 234 171 125 -109
S Space -2 -2 171 110 202 31
Space LShiftKey 1 4 110 187 359 249
LShiftKey I 2 -8 187 78 125 -62
I Space -3 4 78 124 172 94
Space H 2 -2 124 109 780 656
H A 0 5 109 140 109 0
A V -1 -3 140 156 265 125
V E 2 1 156 156 94 -62
E Space -3 -1 156 140 203 47
Space H 2 -2 140 93 499 359
H E 1 3 93 125 109 16
E A -1 2 125 156 218 93
A R 1 -3 156 125 156 0
R D -1 1 125 156 281 156
D Space -2 -1 156 109 125 -31
Space I 3 -4 109 109 281 172
I T 0 3 109 78 281 172
T S -1 3 78 172 218 140
S Space -2 -2 172 109 936 764
Space G 2 -1 109 124 640 531
G O 1 -4 124 94 93 -31
O T 0 4 94 110 187 93
T Space -3 1 110 109 63 -47
Space A 2 3 109 141 405 296
A Space -2 -3 141 140 110 -31
Space Back 4 -9 140 141 4851 4711
Back Back 0 0 141 93 219 78
Back B -3 8 93 78 592 499
B E 2 2 78 141 125 47
E U 0 -4 141 94 437 296
U T 0 2 94 125 452 358
T I 0 -3 125 125 78 -47
I F -1 4 125 140 562 437
F U 1 -3 140 94 78 -62
U L -1 -2 94 109 156 62
L Space -2 5 109 109 203 94
Space L 2 -5 109 109 390 281
L A 0 8 109 141 171 62
A N -1 -5 141 93 110 -31
N D 1 3 93 141 327 234
D S 0 1 141 172 343 202
S C -1 -1 172 125 156 -16
C A 1 2 125 140 219 94
A P 1 -9 140 110 93 -47
P E 0 7 110 109 188 78
E S -1 1 109 125 202 93
S Space -2 -2 125 125 156 31
Space A 2 3 125 141 437 312
A N -1 -5 141 140 94 -47
N D 1 3 140 141 296 156
D Space -2 -1 141 109 78 -63
Space R 3 0 109 110 421 312
R I 0 -4 110 109 63 -47
I C -2 5 109 110 327 218
C H 1 -3 110 109 406 296
H Space -2 2 109 125 187 78
Space C 1 1 125 140 453 328
C U 2 -4 140 93 78 -62
U L -1 -2 93 141 124 31
L T 1 4 141 141 312 171
T U 0 -2 141 109 375 234
U R 0 3 109 156 218 109
R E 0 1 156 171 63 -93
E OemPeriod -2 -6 171 124 702 531
OemPeriod A 1 8 124 156 2620 2496
A Oem7 0 -10 156 140 2294 2138
Oem7 Left -2 0 140 94 2620 2480
Left Left 0 0 94 109 172 78
Left Left 0 0 109 125 421 312
Left S 2 9 125 140 671 546
S Back 2 -11 140 109 5304 5164
Back Back 0 0 109 94 390 281
Back Back 0 0 94 94 218 124
Back Back 0 0 94 78 188 94
Back Back 0 0 78 94 686 608
Back LShiftKey -3 13 94 249 27082 26988
LShiftKey T 2 -5 249 78 171 -78
T H -1 -1 78 78 203 125
H E 1 3 78 125 187 109
E Space -3 -1 125 109 94 -31
Space S 2 2 109 156 530 421
S C -1 -1 156 172 234 78
C E 2 0 172 125 312 140
E N -2 -3 125 78 94 -31
N E 2 3 78 124 125 47
E Space -3 -1 124 124 234 110
Space A 2 3 124 172 436 312
A B -1 -4 172 94 234 62
B O 2 -4 94 109 203 109
O V -2 5 109 141 312 203
V E 2 1 141 141 78 -63
E Space -3 -1 141 124 141 0
Space L 2 -5 124 78 343 219
L O 1 0 78 62 187 109
O O 0 0 62 78 125 63
O K -1 1 78 78 203 125
K S 0 6 78 125 187 109
S Space -2 -2 125 94 109 -16
Space L 2 -5 94 93 250 156
L I 1 1 93 63 171 78
I K -1 0 63 78 187 124
K E 1 5 78 125 125 47
E Space -3 -1 125 110 109 -16
Space A 2 3 110 125 203 93
A Space -2 -3 125 109 94 -31
Space C 1 1 109 141 452 343
C O 2 -6 141 94 78 -63
O M -2 2 94 109 156 62
M P 2 -3 109 94 187 78
P Space -3 6 94 109 203 109
Space S 2 2 109 141 312 203
S I 1 -6 141 125 94 -47
I T 0 3 125 125 327 202
T E 0 2 125 141 78 -47
E Space -3 -1 141 156 203 62
Space W 3 2 156 140 749 593
W H -1 -4 140 109 94 -46
H E 1 3 109 156 187 78
E R 0 -1 156 125 156 0
R E 0 1 125 141 171 46
E Space -3 -1 141 156 827 686
Space M 1 -3 156 109 437 281
M A 1 6 109 140 94 -15
A N -1 -5 140 93 109 -31
N Y 2 0 93 93 234 141
Y Space -3 2 93 109 203 110
Space P 3 -6 109 125 826 717
P E 0 7 125 141 234 109
E O 0 -6 141 94 468 327
O P 0 -1 94 109 172 78
P L -1 1 109 124 250 141
L E 1 6 124 125 171 47
E Space -3 -1 125 140 125 0
Space Back 4 -9 140 2028 1357 1217
Back Back 0 0 2028 47 2262 234
Back C -3 10 47 187 983 936
C A 1 2 187 156 125 -62
A M -1 -6 156 94 187 31
M P 2 -3 94 93 172 78
P Space -3 6 93 109 296 203
Space S 2 2 109 171 281 172
S I 1 -6 171 94 171 0
I T 0 3 94 156 266 172
T E 0 2 156 156 78 -78
E OemPeriod -2 -6 156 109 421 265
OemPeriod Space -1 5 109 109 187 78
Space LShiftKey 1 4 109 250 312 203
LShiftKey M 0 -7 250 93 172 -78
M A 1 6 93 141 202 109
A N -1 -5 141 62 94 -47
N Y 2 0 62 78 265 203
Y Space -3 2 78 125 187 109
Space P 3 -6 125 93 578 453
P E 0 7 93 125 218 125
E O 0 -6 125 94 343 218
O P 0 -1 94 93 141 47
P L -1 1 93 109 218 125
L E 1 6 109 125 156 47
E Space -3 -1 125 124 94 -31
Space H 2 -2 124 78 624 500
H A 0 5 78 156 93 15
A V -1 -3 156 140 250 94
V E 2 1 140 140 109 -31
E Space -3 -1 140 125 156 16
Space T 3 -1 125 109 421 296
T H -1 -1 109 124 63 -46
H E 1 3 124 156 312 188
E I 0 -5 156 93 109 -47
I R 0 4 93 109 265 172
R Space -3 0 109 125 156 47
Space T 3 -1 125 156 406 281
T E 0 2 156 141 93 -63
E N -2 -3 141 125 250 109
N T 2 1 125 78 686 561
T S -1 3 78 125 94 16
S Space -2 -2 125 141 171 46
Space S 2 2 141 140 484 343
S E 1 -1 140 156 234 94
E T 0 -2 156 141 218 62
T Space -3 1 141 110 234 93
Space U 3 -3 110 110 234 124
U P 0 -3 110 109 172 62
P Space -3 6 109 140 406 297
Space S 2 2 140 156 5912 5772
S M -1 -5 156 125 109 -47
M O 2 -2 125 93 172 47
O K -1 1 93 78 187 94
K I 1 0 78 62 172 94
I N -2 2 62 93 156 94
N G 1 1 93 109 312 219
G Space -2 1 109 93 78 -31
Space A 2 3 93 156 327 234
A N -1 -5 156 94 125 -31
N D 1 3 94 125 265 171
D Space -2 -1 125 93 94 -31
Space P 3 -6 93 125 312 219
P L -1 1 125 125 234 109
L A 0 8 125 140 125 0
A Y 1 -5 140 109 218 78
Y I 0 -2 109 78 203 94
I N -2 2 78 109 156 78
N G 1 1 109 109 468 359
G Space -2 1 109 109 187 78
Space M 1 -3 109 93 203 94
M U 2 0 93 93 203 110
U S -1 5 93 110 358 265
S I 1 -6 110 125 63 -47
I C -2 5 125 156 437 312
C OemPeriod 0 -6 156 125 249 93
OemPeriod Space -1 5 125 140 999 874
Space LShiftKey 1 4 140 203 5444 5304
LShiftKey I 2 -8 203 94 140 -63
I Space -3 4 94 124 188 94
Space C 1 1 124 172 514 390
C A 1 2 172 156 94 -78
A N -1 -5 156 94 156 0
N Space -1 2 94 125 109 15
Space S 2 2 125 109 234 109
S E 1 -1 109 93 219 110
E E 0 0 93 109 156 63
E Space -3 -1 109 140 156 47
Space P 3 -6 140 125 483 343
P E 0 7 125 141 546 421
E O 0 -6 141 171 94 -47
O P 0 -1 171 93 125 -46
P E 0 7 93 125 405 312
E Back 1 -10 125 156 921 796
Back L -2 4 156 125 655 499
L E 1 6 125 125 125 0
E Space -3 -1 125 94 109 -16
Space R 3 0 94 110 296 202
R I 0 -4 110 110 78 -32
I D -1 5 110 140 266 156
D I 1 -5 140 78 109 -31
I N -2 2 78 125 140 62
N G 1 1 125 125 234 109
G Space -2 1 125 140 94 -31
Space A 2 3 140 109 234 94
A Space -2 -3 109 94 93 -16
Space F 2 0 94 156 328 234
F D 0 1 156 109 16 -140
D R 1 -1 109 31 156 47
R E 0 1 31 62 0 -31
E Back 1 -10 62 78 998 936
Back Back 0 0 78 62 172 94
Back Back 0 0 62 94 405 343
Back E -1 10 94 141 312 218
E R 0 -1 141 78 281 140
R R 0 0 78 94 156 78
R Y 0 -2 94 93 359 265
Y Space -3 2 93 125 265 172
Space A 2 3 125 156 4103 3978
A N -1 -5 156 125 171 15
N D 1 3 125 140 250 125
D Space -2 -1 140 140 78 -62
Space M 1 -3 140 124 1108 968
M E 2 4 124 171 109 -15
E R 0 -1 171 140 109 -62
R M -2 -3 140 93 1810 1670
M A 1 6 93 156 93 0
A I 1 -7 156 125 94 -62
I D -1 5 125 187 1076 951
D S 0 1 187 156 109 -78
S Space -2 -2 156 140 188 32
Space I 3 -4 140 93 265 125
I N -2 2 93 110 171 78
N Space -1 2 110 125 328 218
Space T 3 -1 125 125 499 374
T H -1 -1 125 109 78 -47
H E 1 3 109 140 172 63
E Space -3 -1 140 140 125 -15
Space W 3 2 140 125 608 468
W A -1 1 125 140 234 109
A T 1 -4 140 171 281 141
T E 0 2 171 156 125 -46
E R 0 -1 156 125 187 31
R OemPeriod -2 -5 125 109 2153 2028
OemPeriod Space -1 5 109 109 234 125
Space LShiftKey 1 4 109 312 436 327
LShiftKey P 2 -10 312 110 234 -78
P E 0 7 110 125 312 202
E O 0 -6 125 78 344 219
O P 0 -1 78 94 280 202
P L -1 1 94 93 219 125
L E 1 6 93 124 203 110
E Space -3 -1 124 110 124 0
Space A 2 3 110 141 234 124
A R 1 -3 141 156 297 156
R E 0 1 156 156 93 -63
E Space -3 -1 156 109 266 110
Space F 2 0 109 141 670 561
F I 1 -4 141 94 78 -63
I S -1 6 94 125 281 187
S H 0 -4 125 62 125 0
H I 1 -2 62 78 156 94
I N -2 2 78 109 172 94
N G 1 1 109 125 327 218
G Space -2 1 125 125 109 -16
Space Back 4 -9 125 141 12870 12745
Back Oemcomma -3 5 141 94 328 187
Oemcomma Space -1 4 94 109 203 109
Space S 2 2 109 156 249 140
S O 1 -7 156 94 94 -62
O M -2 2 94 47 187 93
M E 2 4 47 125 172 125
E Space -3 -1 125 125 109 -16
Space A 2 3 125 156 218 93
A R 1 -3 156 156 281 125
R E 0 1 156 171 94 -62
E Space -3 -1 171 140 234 63
Space J 2 -3 140 78 983 843
J U 1 0 78 94 202 124
U S -1 5 94 156 359 265
S T 1 -3 156 78 203 47
T Space -3 1 78 94 187 109
Space C 1 1 94 140 453 359
C Y 2 -3 140 93 109 -31
Y C -2 3 93 141 249 156
C L 1 -6 141 78 110 -31
L I 1 1 78 78 218 140
I N -2 2 78 125 156 78
N G 1 1 125 141 374 249
G Oemcomma -1 -3 141 109 2996 2855
Oemcomma Space -1 4 109 125 265 156
Space Back 4 -9 125 172 12152 12027
Back Back 0 0 172 125 499 327
Back OemPeriod -3 4 125 109 734 609
OemPeriod Space -1 5 109 109 343 234
Space LShiftKey 1 4 109 219 1965 1856
LShiftKey I 2 -8 219 78 141 -78
I Space -3 4 78 125 187 109
Space C 1 1 125 203 577 452
C A 1 2 203 156 109 -94
A N -1 -5 156 93 188 32
N Space -1 2 93 109 140 47
Space S 2 2 109 140 749 640
S E 1 -1 140 78 218 78
E E 0 0 78 109 156 78
E Space -3 -1 109 125 172 63
Space A 2 3 125 125 156 31
A G 0 -4 125 140 421 296
G O 1 -4 140 109 281 141
O U 0 2 109 125 452 343
U P 0 -3 125 94 437 312
P Space -3 6 94 124 250 156
Space Back 4 -9 124 140 998 874
Back A -2 12 140 156 702 562
A Space -2 -3 156 110 140 -16
Space G 2 -1 110 125 375 265
G R 1 1 125 125 405 280
R O 0 -5 125 156 94 -31
O U 0 2 156 125 125 -31
U P 0 -3 125 109 187 62
P Space -3 6 109 110 140 31
Space O 3 -5 110 78 266 156
O F -1 5 78 125 202 124
F Space -2 0 125 125 78 -47
Space B 1 -1 125 78 500 375
B O 2 -4 78 78 327 249
O Y 0 3 78 94 234 156
Y Space -3 2 94 109 156 62
Space S 2 2 109 156 203 94
S C -1 -1 156 156 484 328
C O 2 -6 156 109 109 -47
O U 0 2 109 110 171 62
U T 0 2 110 110 390 280
T S -1 3 110 109 281 171
S Left -2 -9 109 94 936 827
Left Left 0 0 94 94 187 93
Left Left 0 0 94 94 203 109
Left Left 0 0 94 93 219 125
Left Left 0 0 93 125 187 94
Left Left 0 0 125 109 390 265
Left A 2 10 109 156 842 733
A L 0 -8 156 109 78 -78
L S 0 7 109 140 172 63
S O 1 -7 140 93 156 16
O Space -3 5 93 78 156 63
Space Space 0 0 78 125 5943 5865
Space Back 4 -9 125 171 3729 3604
Back OemPeriod -3 4 171 93 858 687
OemPeriod Space -1 5 93 109 281 188
Space LShiftKey 1 4 109 437 1076 967
LShiftKey T 2 -5 437 78 343 -94
T H -1 -1 78 94 203 125
H E 1 3 94 109 250 156
E R 0 -1 109 110 124 15
R E 0 1 110 140 453 343
E Space -3 -1 140 156 546 406
Space A 2 3 156 187 608 452
A R 1 -3 187 171 874 687
R E 0 1 171 156 78 -93
E Space -3 -1 156 140 203 47
Space A 2 3 140 140 577 437
A L 0 -8 140 109 78 -62
L S 0 7 109 141 296 187
S O 1 -7 141 46 141 0
O Space -3 5 46 125 218 172
Space A 2 3 125 156 203 78
A N -1 -5 156 109 78 -78
N I 2 -2 109 93 203 94
I M -2 1 93 125 171 78
M A 1 6 125 171 141 16
A L 0 -8 171 125 124 -47
L S 0 7 125 140 219 94
S Space -2 -2 140 124 125 -15
Space O 3 -5 124 78 327 203
O N -2 3 78 109 141 63
N Space -1 2 109 109 156 47
Space T 3 -1 109 125 296 187
T H -1 -1 125 109 94 -31
H E 1 3 109 125 218 109
E Space -3 -1 125 125 109 -16
Space C 1 1 125 156 546 421
C A 1 2 156 156 109 -47
A M -1 -6 156 141 78 -78
M P 2 -3 141 109 203 62
P Space -3 6 109 125 125 16
Space L 2 -5 125 94 374 249
L I 1 1 94 94 156 62
I K -1 0 94 109 219 125
K E 1 5 109 125 171 62
E Space -3 -1 125 141 78 -47
Space A 2 3 141 124 422 281
A Space -2 -3 124 125 124 0
Space B 1 -1 125 109 1202 1077
B U 2 -2 109 93 234 125
U F -1 3 93 93 265 172
F F 0 0 93 109 203 110
F A 0 3 109 172 358 249
A L 0 -8 172 93 110 -62
L O 1 0 93 110 202 109
O Oemcomma -2 1 110 125 3198 3088
Oemcomma Space -1 4 125 110 234 109
Space A 2 3 110 141 312 202
A Space -2 -3 141 141 156 15
Space D 2 1 141 172 1420 1279
D O 1 -6 172 78 125 -47
O G -1 4 78 124 437 359
G Oemcomma -1 -3 124 94 2823 2699
Oemcomma Space -1 4 94 93 172 78
Space A 2 3 93 156 187 94
A N -1 -5 156 93 94 -62
N D 1 3 93 140 234 141
D Space -2 -1 140 93 109 -31
Space I 3 -4 93 78 234 141
I Space -3 4 78 140 187 109
Space S 2 2 140 125 858 718
S Back 2 -11 125 124 406 281
Back Back 0 0 124 109 405 281
Back LShiftKey -3 13 109 187 796 687
LShiftKey I 2 -8 187 46 125 -62
I Space -3 4 46 125 124 78
Space S 2 2 125 109 297 172
S E 1 -1 109 93 203 94
E E 0 0 93 109 156 63
E Space -3 -1 109 94 187 78
Space S 2 2 94 124 406 312
S O 1 -7 124 125 62 -62
O M -2 2 125 125 187 62
M E 2 4 125 124 141 16
E Space -3 -1 124 140 140 16
Space R 3 0 140 171 718 578
R A -1 3 171 125 187 16
A B -1 -4 125 63 218 93
B B 0 0 63 78 156 93
B I 2 -3 78 109 172 94
I T 0 3 109 125 140 31
T S -1 3 125 156 203 78
S Space -2 -2 156 125 265 109
Space A 2 3 125 188 265 140
A S 0 -1 188 125 141 -47
S Space -2 -2 125 141 218 93
Space W 3 2 141 172 359 218
W E 0 -1 172 140 125 -47
E L -1 -6 140 62 343 203
L L 0 0 62 93 125 63
L OemPeriod -1 0 93 93 858 765
OemPeriod Space -1 5 93 125 249 156
Space LShiftKey 1 4 125 250 9220 9095
LShiftKey I 2 -8 250 78 203 -47
I T 0 3 78 125 312 234
T Space -3 1 125 125 156 31
Space S 2 2 125 110 249 124
S E 1 -1 110 125 219 109
E E 0 0 125 141 171 46
E M -2 -4 141 93 219 78
M S 1 5 93 141 140 47
S Space -2 -2 141 109 141 0
Space E 3 1 109 125 717 608
E V -2 -1 125 94 343 218
V E 2 1 94 141 47 -47
E R 0 -1 141 124 219 78
R Y 0 -2 124 94 218 94
Y O 0 -3 94 94 468 374
O N -2 3 94 125 125 31
N E 2 3 125 125 639 514
E Space -3 -1 125 125 78 -47
Space I 3 -4 125 93 297 172
I S -1 6 93 125 109 16
S Space -2 -2 125 141 62 -63
Space H 2 -2 141 62 375 234
H A 0 5 62 125 93 31
A V -1 -3 125 140 266 141
V I 2 -4 140 78 234 94
I N -2 2 78 125 171 93
N G 1 1 125 78 265 140
G Space -2 1 78 141 203 125
Space A 2 3 141 140 921 780
A Space -2 -3 140 125 265 125
Space F 2 0 125 141 998 873
F U 1 -3 141 78 94 -47
U N -2 1 78 78 203 125
N Space -1 2 78 109 140 62
Space T 3 -1 109 109 234 125
T I 0 -3 109 109 78 -31
I M -2 1 109 141 140 31
M E 2 4 141 140 188 47
E Space -3 -1 140 140 156 16
Space Back 4 -9 140 94 8408 8268
Back OemPeriod -3 4 94 62 312 218
OemPeriod S 1 7 62 188 7004 6942
S S 0 0 188 156 718 530
S Y 1 -4 156 78 55427 55271
Y A -1 5 78 156 93 15
A H 0 -5 156 78 110 -46
H O 1 -3 78 62 296 218
O O 0 0 62 63 140 78
O M -2 2 63 141 203 140
M A 1 6 141 156 94 -47
A I 1 -7 156 78 125 -31
I L -1 -1 78 125 171 93
L Return 0 -3 125 78 1373 1248
Return U 1 5 78 94 24004 23926
U B -2 2 94 109 203 109
B C 0 2 109 171 484 375
C O 2 -6 171 93 78 -93
O L -1 0 93 62 218 125
L L 0 0 62 63 140 78
L E 1 6 63 125 94 31
E C -2 0 125 140 203 78
C T 2 -2 140 140 359 219
T I 0 -3 140 141 46 -94
I O 0 -1 141 125 63 -78
O N -2 3 125 125 140 15
N D1 3 5 125 187 1233 1108
D1 D -2 -2 187 156 6973 6786
D A 0 2 156 156 93 -63
A T 1 -4 156 62 266 110
T A -1 4 62 141 93 31
A C -1 -2 141 156 453 312
C O 2 -6 156 93 109 -47
O L -1 0 93 78 203 110
L L 0 0 78 109 140 62
L E 1 6 109 141 187 78
E C -2 0 141 156 187 46
C T 2 -2 156 125 359 203
T I 0 -3 125 156 31 -94
I O 0 -1 156 109 110 -46
O N -2 3 109 125 124 15
N Return 1 -6 125 94 1264 1139
Return U 1 5 94 47 7625 7531
U T 0 2 47 140 451 404
T S -1 3 140 187 281 141
S A 0 1 187 141 140 -47
A V -1 -3 141 140 250 109
V B 0 -1 140 125 218 78
B E 2 2 125 140 125 0
E R 0 -1 140 109 78 -62
R LShiftKey -2 4 109 795 593 484
LShiftKey D2 3 -2 795 141 686 -109
D2 B -3 -3 141 78 687 546
B U 2 -2 78 78 218 140
U F -1 3 78 110 374 296
F F 0 0 110 109 203 93
F A 0 3 109 156 312 203
A L 0 -8 156 110 109 -47
L O 1 0 110 109 219 109
O OemPeriod -2 0 109 78 905 796
OemPeriod E 2 6 78 93 187 109
E D -1 0 93 140 281 188
D U 1 -4 140 94 62 -78
U LShiftKey -2 7 94 749 11792 11698
LShiftKey LShiftKey 0 0 749 328 24042 23293
LShiftKey C 0 -3 328 172 265 -63
C O 2 -6 172 156 156 -16
O M -2 2 156 109 141 -15
M P 2 -3 109 78 202 93
P Space -3 6 78 124 1436 1358
Space LShiftKey 1 4 124 281 327 203
LShiftKey S 1 -2 281 156 203 -78
S E 1 -1 156 109 250 94
E C -2 0 109 141 202 93
C Space -1 -1 141 125 172 31
Space P 3 -6 125 109 234 109
P A -1 9 109 125 78 -31
A R 1 -3 125 78 218 93
R T 0 -1 78 125 203 125
T Space -3 1 125 156 156 31
Space Back 4 -9 156 125 655 499
Back Back 0 0 125 109 562 437
Back P -1 3 109 125 889 780
P R 0 6 125 109 437 312
R O 0 -5 109 109 78 -31
O J -1 2 109 125 468 359
J E 1 4 125 125 109 -16
E C -2 0 125 94 203 78
C T 2 -2 94 124 250 156
T Space -3 1 124 141 124 0
Space D1 4 3 141 156 2574 2433
D1 Space -4 -3 156 140 562 406
Space P 3 -6 140 124 328 188
P A -1 9 124 140 62 -62
A R 1 -3 140 141 218 78
R T 0 -1 141 94 234 93
T Space -3 1 94 156 125 31
Space D2 4 2 156 140 593 437
D2 LShiftKey -3 2 140 312 1232 1092
LShiftKey P 2 -10 312 94 250 -62
P L -1 1 94 78 187 93
L E 1 6 78 125 156 78
E A -1 2 125 156 219 94
A S 0 -1 156 125 109 -47
S E 1 -1 125 109 203 78
E Space -3 -1 109 124 156 47
Space D 2 1 124 125 920 796
D I 1 -5 125 109 47 -78
I S -1 6 109 125 187 78
S R 1 -2 125 141 530 405
R E 0 1 141 125 78 -63
E G -1 -2 125 110 234 109
G A 0 4 110 109 281 171
A R 1 -3 109 125 281 172
R D -1 1 125 109 265 140
D Space -2 -1 109 140 219 110
Space T 3 -1 140 109 733 593
T H -1 -1 109 125 78 -31
H I 1 -2 125 125 93 -32
I S -1 6 125 125 156 31
S Space -2 -2 125 141 125 0
Space E 3 1 141 109 390 249
E M -2 -4 109 141 78 -31
M A 1 6 141 94 234 93
A I 1 -7 94 124 63 -31
I L -1 -1 124 141 93 -31
L W 1 7 141 171 32154 32013
W E 0 -1 171 156 109 -62
E A -1 2 156 156 296 140
A T 1 -4 156 93 141 -15
T H -1 -1 93 94 202 109
H E 1 3 94 187 110 16
E R 0 -1 187 141 93 -94
R Space -3 0 141 140 141 0
Space B 1 -1 140 93 1092 952
B U 2 -2 93 109 156 63
U F -1 3 109 125 280 171
F F 0 0 125 124 188 63
F A 0 3 124 141 280 156
A L 0 -8 141 93 110 -31
L O 1 0 93 93 187 94
O Return -1 -3 93 98 281 188
Return C -1 9 98 141 218030 217932
C N 0 -3 141 78 188 47
N N 0 0 78 94 140 62
N Return 1 -6 94 115 1076 982
Return G 0 7 115 172 69176 69061
G O 1 -4 172 62 578 406
O O 0 0 62 62 140 78
O G -1 4 62 125 140 78
G L 0 -4 125 93 141 16
L E 1 6 93 141 374 281
E Return -1 -9 141 140 640 499
Return N -1 6 140 109 10755 10615
N E 2 3 109 172 62 -47
E W 0 1 172 172 62 -110
W S -1 0 172 110 312 140
S Return 0 -10 110 112 172 62
