LShiftKey T 2 -5 203 94 156 -47
T H -1 -1 94 93 172 78
H E 1 3 93 94 93 0
E Space -3 -1 94 109 141 47
Space R 3 0 109 93 187 78
R P 0 -6 93 125 93 0
P I 0 2 125 110 234 109
I M -2 1 110 109 172 62
M Back 3 -6 109 78 343 234
Back Back 0 0 78 78 141 63
Back Back 0 0 78 94 140 62
Back Back 0 0 94 78 156 62
Back P -1 3 78 110 296 218
P R 0 6 110 78 125 15
R I 0 -4 78 140 141 63
I M -2 1 140 109 187 47
M E 2 4 109 93 125 16
E Space -3 -1 93 78 109 16
Space R 3 0 78 187 281 203
R E 0 1 187 141 171 -16
E A -1 2 141 171 172 31
A S 0 -1 171 125 140 -31
S O 1 -7 125 125 172 47
O N -2 3 125 94 218 93
N Space -1 2 94 78 203 109
Space LShiftKey 1 4 78 203 1170 1092
LShiftKey I 2 -8 203 94 140 -63
I Space -3 4 94 110 156 62
Space C 1 1 110 125 125 15
C H 1 -3 125 124 141 16
H O 1 -3 124 171 109 -15
O S -1 7 171 156 140 -31
S E 1 -1 156 140 125 -31
E Space -3 -1 140 94 156 16
Space T 3 -1 94 93 172 78
T O 0 -4 93 94 249 156
O Space -3 5 94 78 265 171
Space S 2 2 78 109 375 297
S T 1 -3 109 141 218 109
T U 0 -2 141 124 141 0
U D -1 4 124 94 140 16
D Y 1 -3 94 94 889 795
Y Space -3 2 94 78 219 125
Space A 2 3 78 125 2043 1965
A T 1 -4 125 78 172 47
T Space -3 1 78 78 171 93
Space Capital 2 4 78 93 110 32
Capital U 1 -7 93 94 124 31
U B -2 2 94 93 141 47
B Space -1 1 93 94 187 94
Space Capital 2 4 94 109 187 93
Capital I 1 -8 109 78 671 562
I S -1 6 78 93 125 47
S Space -2 -2 93 94 1357 1264
Space A 2 3 94 109 1045 951
A B -1 -4 109 109 141 32
B Back 3 -8 109 94 561 452
Back Back 0 0 94 78 141 47
Back A -2 12 78 110 5584 5506
A F 0 -3 110 94 250 140
F F 0 0 94 78 172 78
F O 1 -5 78 78 405 327
O R 0 5 78 109 234 156
R D -1 1 109 172 421 312
D A 0 2 172 94 172 0
A B -1 -4 94 93 203 109
B I 2 -3 93 156 156 63
I L -1 -1 156 187 156 0
L I 1 1 187 156 156 -31
I T 0 3 156 156 187 31
T Y 0 -1 156 93 125 -31
Y OemPeriod -2 -3 93 93 624 531
OemPeriod Space -1 5 93 78 187 94
Space Capital 2 4 78 125 390 312
Capital U 1 -7 125 125 140 15
U B -2 2 125 94 156 31
B Space -1 1 94 62 219 125
Space Capital 2 4 62 125 0 -62
Capital O 1 -9 125 78 390 265
O F -1 5 78 94 249 171
F E 1 1 94 124 266 172
E Back 1 -10 124 78 546 422
Back F -2 9 78 156 124 46
F E 1 1 156 203 156 0
E R 0 -1 203 125 172 -31
R S -1 2 125 141 140 15
S Space -2 -2 141 93 843 702
Space W 3 2 93 78 702 609
W Back 1 -11 78 93 624 546
Back Q -1 12 93 94 187 94
Q U 0 -6 94 94 140 46
U A -1 6 94 94 156 62
A L 0 -8 94 94 94 0
L I 1 1 94 93 172 78
I T 0 3 93 94 218 125
T Y 0 -1 94 94 187 93
Y Space -3 2 94 94 125 31
Space E 3 1 94 62 203 109
E D -1 0 62 94 249 187
D U 1 -4 94 78 172 78
U C -2 4 78 156 125 47
C A 1 2 156 140 125 -31
A T 1 -4 140 93 234 94
T I 0 -3 93 187 78 -15
I O 0 -1 187 156 187 0
O N -2 3 156 109 203 47
N Space -1 2 109 78 202 93
Space A 2 3 78 110 78 0
A N -1 -5 110 78 110 0
N D 1 3 78 94 140 62
D Space -2 -1 94 78 515 421
Space R 3 0 78 171 749 671
R E 0 1 171 141 171 0
E S -1 1 141 124 297 156
S E 1 -1 124 141 249 125
E A -1 2 141 140 219 78
A R 1 -3 140 94 249 109
R C -2 1 94 140 219 125
C H 1 -3 140 125 124 -16
H Space -2 2 125 78 188 63
Space A 2 3 78 125 124 46
A T 1 -4 125 94 312 187
T Space -3 1 94 78 656 562
Space V 1 0 78 78 546 468
V E 2 1 78 172 124 46
E R 0 -1 172 93 141 -31
R Y 0 -2 93 94 187 94
Y Space -3 2 94 78 1342 1248
Space V 1 0 78 109 265 187
V E 2 1 109 172 171 62
E R 0 -1 172 110 156 -16
R Y 0 -2 110 94 94 -16
Y Space -3 2 94 93 172 78
Space A 2 3 93 109 156 63
A Back 2 -12 109 78 468 359
Back Back 0 0 78 94 140 62
Back Back 0 0 94 78 156 62
Back Back 0 0 78 78 156 78
Back Back 0 0 78 94 156 78
Back Back 0 0 94 78 983 889
Back Back 0 0 78 78 156 78
Back Back 0 0 78 78 156 78
Back Back 0 0 78 78 156 78
Back Back 0 0 78 78 140 62
Back Back 0 0 78 78 187 109
Back A -2 12 78 93 578 500
A Space -2 -3 93 78 327 234
Space A 2 3 78 94 515 437
A F 0 -3 94 62 328 234
F F 0 0 62 94 140 78
F O 1 -5 94 78 468 374
O R 0 5 78 124 328 250
R D -1 1 124 203 561 437
D A 0 2 203 172 156 -47
A B -1 -4 172 171 219 47
B L 1 -4 171 172 171 0
L E 1 6 172 109 141 -31
E Space -3 -1 109 94 124 15
Space F 2 0 94 109 640 546
F E 1 1 109 62 234 125
E E 0 0 62 94 140 78
E S -1 1 94 94 203 109
S OemPeriod -1 -7 94 78 905 811
OemPeriod Space -1 5 78 78 203 125
Space N 1 -2 78 110 8517 8439
N LShiftKey 0 6 110 203 10920 10810
LShiftKey I 2 -8 203 78 110 -93
I Space -3 4 78 93 187 109
Space W 3 2 93 156 109 16
W S -1 0 156 203 265 109
S Back 2 -11 203 94 733 530
Back A -2 12 94 203 172 78
A S 0 -1 203 140 156 -47
S Space -2 -2 140 93 203 63
Space N 1 -2 93 172 218 125
N O 2 -3 172 156 172 0
O T 0 4 156 109 140 -16
T Space -3 1 109 93 843 734
Space V 1 0 93 94 530 437
V E 2 1 94 188 140 46
E R 0 -1 188 125 156 -32
R Y 0 -2 125 62 188 63
Y Back 1 -7 62 749 514 452
Back Back 0 0 749 78 874 125
Back Back 0 0 78 47 187 109
Back Back 0 0 47 62 281 234
Back Back 0 0 62 78 733 671
Back H -2 7 78 109 687 609
H A 0 5 109 109 0 -109
A V -1 -3 109 78 171 62
V E 2 1 78 78 156 78
E Space -3 -1 78 78 94 16
Space N 1 -2 78 78 234 156
N M 0 -1 78 47 15 -63
M O 2 -2 47 140 110 63
O T 0 4 140 93 187 47
T Back 1 -8 93 78 405 312
Back Back 0 0 78 78 156 78
Back Back 0 0 78 78 141 63
Back O -1 4 78 78 561 483
O T 0 4 78 94 125 47
T Space -3 1 94 93 94 0
Space D 2 1 93 125 156 63
D O 1 -6 125 109 78 -47
O N -2 3 109 93 125 16
N E 2 3 93 78 124 31
E Space -3 -1 78 78 110 32
Space A 2 3 78 125 249 171
A Space -2 -3 125 78 141 16
Space L 2 -5 78 109 171 93
L O 1 0 109 94 187 78
O T 0 4 94 94 780 686
T Space -3 1 94 78 344 250
Space O 3 -5 78 78 234 156
O F -1 5 78 78 140 62
F Space -2 0 78 62 156 78
Space R 3 0 62 156 562 500
R E 0 1 156 156 140 -16
E S -1 1 156 187 203 47
S E 1 -1 187 156 171 -16
E A -1 2 156 140 219 63
A R 1 -3 140 94 218 78
R C -2 1 94 94 234 140
C H 1 -3 94 110 109 15
H Space -2 2 110 94 1217 1107
Space P 3 -6 94 93 687 593
P R 0 6 93 78 171 78
R I 0 -4 78 187 78 0
I O 0 -1 187 172 187 0
O R 0 5 172 156 312 140
R Space -3 0 156 94 437 281
Space T 3 -1 94 78 125 31
T O 0 -4 78 93 172 94
O Space -3 5 93 94 218 125
Space C 1 1 94 109 484 390
C O 2 -6 109 156 171 62
O M -2 2 156 109 281 125
M I 2 -1 109 78 203 94
I N -2 2 78 93 125 47
N G 1 1 93 78 109 16
G Space -2 1 78 78 561 483
Space H 2 -2 78 78 312 234
H E 1 3 78 171 110 32
E R 0 -1 171 140 187 16
R E 0 1 140 125 109 -31
E OemPeriod -2 -6 125 78 2855 2730
OemPeriod Back 3 -4 78 94 2215 2137
Back Space -4 9 94 109 265 171
Space B 1 -1 109 124 219 110
B U 2 -2 124 141 93 -31
U T 0 2 141 78 172 31
T Space -3 1 78 78 109 31
Space LShiftKey 1 4 78 281 7270 7192
LShiftKey I 2 -8 281 93 156 -125
I LShiftKey -2 8 93 4150 4945 4852
LShiftKey Left -1 -11 4150 3105 140 -4010
Left Right 0 -2 3105 93 3339 234
Right Right 0 0 93 47 171 78
Right Right 0 0 47 78 141 94
Right Back 4 0 78 63 717 639
Back LShiftKey -3 13 63 234 4992 4929
LShiftKey T 2 -5 234 78 110 -124
T H -1 -1 78 94 171 93
H E 1 3 94 93 141 47
E Space -3 -1 93 78 156 63
Space C 1 1 78 109 920 842
C I 2 -5 109 47 218 109
I Back 1 -5 47 125 1108 1061
Back Back 0 0 125 78 187 62
Back Back 0 0 78 78 156 78
Back Back 0 0 78 78 141 63
Back Back 0 0 78 62 156 78
Back Back 0 0 62 94 124 62
Back LShiftKey -3 13 94 172 203 109
LShiftKey A 1 -1 172 125 94 -78
A O 1 -8 125 124 281 156
O Back 1 -4 124 93 702 578
Back N -3 7 93 109 218 125
N O 2 -3 109 125 156 47
O T 0 4 125 109 94 -31
T H -1 -1 109 94 93 -16
H E 1 3 94 172 125 31
E R 0 -1 172 94 140 -32
R Space -3 0 94 93 188 94
Space I 3 -4 93 140 187 94
I M -2 1 140 125 171 31
M P 2 -3 125 156 156 31
P O 0 1 156 124 110 -46
O R 0 5 124 156 156 32
R T 0 -1 156 172 249 93
T A -1 4 172 109 297 125
A N -1 -5 109 94 93 -16
N T 2 1 94 94 187 93
T Space -3 1 94 93 141 47
Space R 3 0 93 187 390 297
R E 0 1 187 140 187 0
E A -1 2 140 141 187 47
A S 0 -1 141 62 172 31
S O 1 -7 62 78 140 78
O Back 1 -4 78 890 1903 1825
Back Back 0 0 890 78 999 109
Back Back 0 0 78 78 156 78
Back Back 0 0 78 62 156 78
Back Back 0 0 62 78 140 78
Back C -3 10 78 110 343 265
C R 2 -1 110 94 234 124
R I 0 -4 94 78 125 31
I T 0 3 78 109 94 16
T E 0 2 109 188 171 62
E R 0 -1 188 125 156 -32
R I 0 -4 125 78 141 16
I A -1 7 78 125 546 468
A Space -2 -3 125 78 171 46
Space W 3 2 78 93 110 32
W O 0 -7 93 188 124 31
O U 0 2 188 109 141 -47
U L -1 -2 109 141 171 62
L D 0 6 141 78 141 0
D Space -2 -1 78 93 156 78
Space B 1 -1 93 94 343 250
B E 2 2 94 94 140 46
E Oemcomma -2 -5 94 78 687 593
Oemcomma Space -1 4 78 78 171 93
Space T 3 -1 78 78 2434 2356
T H -1 -1 78 78 78 0
H E 1 3 78 94 109 31
E I 0 -5 94 94 109 15
I R 0 4 94 62 141 47
R Space -3 0 62 78 187 125
Space C 1 1 78 110 374 296
C U 2 -4 110 62 172 62
U R 0 3 62 78 218 156
R R 0 0 78 93 141 63
R I 0 -4 93 93 234 141
I C -2 5 93 109 140 47
C U 2 -4 109 172 156 47
U K -1 -1 172 171 172 0
K L 0 -1 171 125 31 -140
L Back 2 -4 125 78 780 655
Back Back 0 0 78 78 234 156
Back L -2 4 78 109 1061 983
L U 1 2 109 93 234 125
U M -2 0 93 93 234 141
M Space -1 3 93 94 171 78
Space F 2 0 94 125 125 31
F O 1 -5 125 78 109 -16
O R 0 5 78 94 125 47
R Space -3 0 94 94 78 -16
Space T 3 -1 94 94 156 62
T H -1 -1 94 93 94 0
H E 1 3 93 94 140 47
E Space -3 -1 94 109 63 -31
Space N 1 -2 109 110 202 93
N O 2 -3 110 156 110 0
O N -2 3 156 94 202 46
N OemMinus 3 -5 94 125 515 421
OemMinus T -1 6 125 93 172 47
T H -1 -1 93 93 156 63
H E 1 3 93 124 125 32
E S -1 1 124 110 280 156
S I 1 -6 110 78 359 249
I S -1 6 78 93 141 63
S Space -2 -2 93 78 998 905
Space LShiftKey 1 4 78 249 827 749
LShiftKey C 0 -3 249 62 203 -46
C M 0 -4 62 124 234 172
M P 2 -3 124 219 171 47
P Back 1 -3 219 63 499 280
Back Back 0 0 63 94 125 62
Back O -1 4 94 109 312 218
O M -2 2 109 141 156 47
M P 2 -3 141 141 733 592
P U 0 3 141 156 188 47
U T 0 2 156 125 187 31
T E 0 2 125 171 156 31
E R 0 -1 171 109 140 -31
R Space -3 0 109 78 141 32
Space LShiftKey 1 4 78 203 124 46
LShiftKey S 1 -2 203 93 141 -62
S X -1 0 93 94 218 125
X C 0 -1 94 93 16 -78
C I 2 -5 93 94 62 -31
I Back 1 -5 94 93 453 359
Back Back 0 0 93 78 156 63
Back C -3 10 78 140 218 140
C Back 3 -10 140 63 374 234
Back Back 0 0 63 94 125 62
Back C -3 10 94 109 172 78
C I 2 -5 109 94 140 31
I E 0 5 94 109 125 31
E N -2 -3 109 94 109 0
N C 0 3 94 187 172 78
C E 2 0 187 125 156 -31
E Space -3 -1 125 78 234 109
Space G 2 -1 78 172 374 296
G R 1 1 172 125 156 -16
R A -1 3 125 140 203 78
A D 0 -2 140 125 109 -31
D U 1 -4 125 78 1092 967
U A -1 6 78 156 234 156
A T 1 -4 156 171 219 63
T E 0 2 171 203 171 0
E S -1 1 203 110 187 -16
S OemPeriod -1 -7 110 78 718 608
OemPeriod Space -1 5 78 78 203 125
Space LShiftKey 1 4 78 343 2090 2012
LShiftKey LShiftKey 0 0 343 234 2122 1779
LShiftKey C 0 -3 234 125 156 -78
C O 2 -6 125 93 78 -47
O V -2 5 93 125 187 94
V E 2 1 125 171 172 47
E R 0 -1 171 109 156 -15
R I 0 -4 109 78 140 31
I N -2 2 78 78 172 94
N G 1 1 78 93 109 31
G Space -2 1 93 94 530 437
Space B 1 -1 94 93 375 281
B R 2 1 93 124 156 63
R O 0 -5 124 63 124 0
O A -1 8 63 171 141 78
A D 0 -2 171 110 171 0
D Space -2 -1 110 94 234 124
Space T 3 -1 94 78 1108 1014
T O 0 -4 78 125 140 62
O P 0 -1 125 172 125 0
P I 0 2 172 125 187 15
I S -1 6 125 124 110 -15
S Space -2 -2 124 93 343 219
Space Back 4 -9 93 78 499 406
Back Back 0 0 78 78 156 78
Back Back 0 0 78 63 140 62
Back C -3 10 63 202 110 47
C S 1 1 202 125 202 0
S Back 2 -11 125 63 624 499
Back Back 0 0 63 78 453 390
Back I -1 5 78 93 281 203
I C -2 5 93 202 780 687
C S 1 1 202 140 187 -15
S Space -2 -2 140 78 858 718
Space I 3 -4 78 140 187 109
I N -2 2 140 93 172 32
N Space -1 2 93 78 358 265
Space T 3 -1 78 94 125 47
T H -1 -1 94 93 141 47
H E 1 3 93 109 93 0
E Space -3 -1 109 78 156 47
Space F 2 0 78 110 187 109
F R 1 0 110 109 188 78
R I 0 -4 109 78 93 -16
I Back 1 -5 78 78 375 297
Back Back 0 0 78 78 561 483
Back I -1 5 78 47 328 250
I E 0 5 47 93 390 343
E L -1 -6 93 78 125 32
L D 0 6 78 110 124 46
D Space -2 -1 110 78 125 15
Space O 3 -5 78 110 187 109
O F -1 5 110 94 156 46
F Space -2 0 94 78 156 62
Space C 1 1 78 125 250 172
C O 2 -6 125 93 125 0
O M -2 2 93 94 140 47
M P 2 -3 94 172 156 62
P U 0 3 172 124 141 -31
U T 0 2 124 140 156 32
T E 0 2 140 203 187 47
E R 0 -1 203 109 156 -47
R Space -3 0 109 78 515 406
Space S 2 2 78 78 764 686
S C -1 -1 78 125 187 109
C I 2 -5 125 78 156 31
I E 0 5 78 78 109 31
E N -2 -3 78 63 125 47
N C 0 3 63 140 94 31
C E 2 0 140 110 171 31
E Space -3 -1 110 78 125 15
Space H 2 -2 78 93 219 141
H A 0 5 93 156 93 0
A S 0 -1 156 124 141 -15
S Space -2 -2 124 93 78 -46
Space B 1 -1 93 63 202 109
B E 2 2 63 78 156 93
E E 0 0 78 78 141 63
E N -2 -3 78 78 93 15
N Space -1 2 78 78 172 94
Space M 1 -3 78 109 203 125
M Y 2 1 109 94 265 156
Y Space -3 2 94 78 218 124
Space A 2 3 78 140 297 219
A G 0 -4 140 140 265 125
G E 1 2 140 125 187 47
E N -2 -3 125 78 94 -31
N D 1 3 78 172 140 62
D A 0 2 172 110 343 171
A Space -2 -3 110 93 3729 3619
Space A 2 3 93 47 109 16
A N -1 -5 47 94 140 93
N D 1 3 94 94 94 0
D Space -2 -1 94 78 172 78
Space Capital 2 4 78 141 592 514
Capital U 1 -7 141 110 156 15
U B -2 2 110 93 141 31
B Capital 1 5 93 94 171 78
Capital Space -2 -4 94 94 125 31
Space I 3 -4 94 78 655 561
I S -1 6 78 125 250 172
S Space -2 -2 125 94 452 327
Space A 2 3 94 93 110 16
A Space -2 -3 93 78 140 47
Space T 3 -1 78 125 359 281
T A -1 4 125 125 483 358
A I 1 -7 125 94 250 125
I L -1 -1 94 93 250 156
L O 1 0 93 94 171 78
O R 0 5 94 109 359 265
R Space -3 0 109 94 1482 1373
Space F 2 0 94 94 218 124
F I 1 -4 94 94 125 31
I T 0 3 94 31 250 156
T Space -3 1 31 94 483 452
Space F 2 0 94 93 500 406
F O 1 -5 93 78 109 16
O R 0 5 78 78 125 47
R Space -3 0 78 109 93 15
Space M 1 -3 109 109 141 32
M Y 2 1 109 62 187 78
Y Back 1 -7 62 78 1622 1560
Back E -1 10 78 93 297 219
E OemPeriod -2 -6 93 78 670 577
OemPeriod Space -1 5 78 63 234 156
Space LShiftKey 1 4 63 203 3089 3026
LShiftKey I 2 -8 203 78 109 -94
I Space -3 4 78 93 219 141
Space A 2 3 93 124 125 32
A M -1 -6 124 94 249 125
M Space -1 3 94 78 1311 1217
Space S 2 2 78 187 4742 4664
S A 0 1 187 156 140 -47
A T 1 -4 156 94 1482 1326
T I 0 -3 94 93 110 16
I S -1 6 93 140 140 47
S F 0 -2 140 125 452 312
F E 1 1 125 171 266 141
E Back 1 -10 171 78 530 359
Back I -1 5 78 109 281 203
I E 0 5 109 109 125 16
E D -1 0 109 156 124 15
D Space -2 -1 156 78 188 32
Space W 3 2 78 78 125 47
W I 0 -6 78 78 4024 3946
I H -1 2 78 109 375 297
H Back 2 -7 109 93 515 406
Back T -1 8 93 93 156 63
T H -1 -1 93 94 171 78
H Space -2 2 94 94 234 140
Space M 1 -3 94 125 172 78
M U 2 0 125 47 296 171
U Y 0 1 47 47 0 -47
Y Back 1 -7 47 62 562 515
Back Back 0 0 62 78 140 78
Back Y -1 7 78 94 593 515
Y Space -3 2 94 94 187 93
Space D 2 1 94 140 250 156
D E 1 0 140 125 171 31
E C -2 0 125 109 188 63
C I 2 -5 109 94 93 -16
I S -1 6 94 125 172 78
S I 1 -6 125 187 125 0
I O 0 -1 187 172 140 -47
O N -2 3 172 93 250 78
N Space -1 2 93 78 202 109
Space T 3 -1 78 94 172 94
T H -1 -1 94 125 125 31
H O 1 -3 125 140 234 109
O P 0 -1 140 63 15 -125
P I 0 2 63 110 156 93
I Back 1 -5 110 125 562 452
Back Back 0 0 125 94 218 93
Back Back 0 0 94 78 188 94
Back U -1 6 78 62 1357 1279
U Back 1 -6 62 93 702 640
Back Back 0 0 93 78 717 624
Back Back 0 0 78 47 172 94
Back Back 0 0 47 1498 2090 2043
Back Back 0 0 1498 47 1638 140
Back Back 0 0 47 78 141 94
Back Back 0 0 78 62 156 78
Back Back 0 0 62 78 437 375
Back LShiftKey -3 13 78 265 312 234
LShiftKey T 2 -5 265 78 234 -31
T H -1 -1 78 78 187 109
H E 1 3 78 93 78 0
E Space -3 -1 93 78 125 32
Space F 2 0 78 141 93 15
F A 0 3 141 156 187 46
A C -1 -2 156 156 172 16
C T 2 -2 156 140 156 0
T Space -3 1 140 94 452 312
Space H 2 -2 94 94 312 218
H Back 2 -7 94 78 468 374
Back T -1 8 78 94 172 94
T H -1 -1 94 78 203 109
H A 0 5 78 141 93 15
A T 1 -4 141 109 188 47
T Space -3 1 109 94 93 -16
Space LShiftKey 1 4 94 249 219 125
LShiftKey I 2 -8 249 78 140 -109
I Space -3 4 78 93 484 406
Space G 2 -1 93 125 249 156
G E 1 2 125 172 125 0
E Space -3 -1 172 94 234 62
Space T 3 -1 94 93 203 109
T Back 1 -8 93 78 421 328
Back Back 0 0 78 78 156 78
Back T -1 8 78 78 218 140
T Space -3 1 78 93 188 110
Space T 3 -1 93 78 171 78
T O 0 -4 78 78 141 63
O Space -3 5 78 93 234 156
Space L 2 -5 93 94 358 265
L E 1 6 94 156 125 31
E A -1 2 156 156 172 16
A N -1 -5 156 94 374 218
N Back 3 -7 94 94 437 343
Back R -1 9 94 109 156 62
R N -2 -2 109 78 187 78
N Space -1 2 78 78 172 94
Space A 2 3 78 125 109 31
A N -1 -5 125 63 187 62
N D 1 3 63 109 125 62
D Space -2 -1 109 94 2730 2621
Space M 1 -3 94 109 250 156
M E 2 4 109 110 2230 2121
E E 0 0 110 140 172 62
E T 0 -2 140 94 218 78
T Space -3 1 94 94 250 156
Space N 1 -2 94 109 3120 3026
N E 2 3 109 93 125 16
E W 0 1 93 109 203 110
W Space -3 -2 109 109 93 -16
Space P 3 -6 109 140 203 94
P E 0 7 140 93 94 -46
E O 0 -6 93 141 93 0
O P 0 -1 141 171 172 31
P L -1 1 171 124 125 -46
L E 1 6 124 93 156 32
E Space -3 -1 93 109 93 0
Space A 2 3 109 109 125 16
A N -1 -5 109 78 109 0
N D 1 3 78 109 125 47
D Space -2 -1 109 78 125 16
Space F 2 0 78 141 171 93
F A 0 3 141 156 188 47
A C -1 -2 156 125 327 171
C U 2 -4 125 171 219 94
U L -1 -2 171 156 202 31
L T 1 4 156 109 219 63
T Y 0 -1 109 78 234 125
Y Space -3 2 78 93 3479 3401
Space W 3 2 93 94 951 858
W I 0 -6 94 109 125 31
I T 0 3 109 94 156 47
T H -1 -1 94 94 78 -16
H Space -2 2 94 125 203 109
Space E 3 1 125 156 234 109
E A -1 2 156 172 218 62
A S 0 -1 172 124 141 -31
S E 1 -1 124 93 265 141
E Space -3 -1 93 109 2215 2122
Space H 2 -2 109 125 187 78
H A 0 5 125 172 109 -16
A S 0 -1 172 125 141 -31
S Space -2 -2 125 125 93 -32
Space S 2 2 125 187 1155 1030
S A 0 1 187 141 140 -47
A T 1 -4 141 78 281 140
T I 0 -3 78 78 109 31
I S -1 6 78 78 281 203
S D 0 -1 78 46 16 -62
D Back 2 -10 46 78 780 734
Back F -2 9 78 140 156 78
F I 1 -4 140 109 156 16
I E 0 5 109 156 140 31
E D -1 0 156 94 468 312
D Space -2 -1 94 124 172 78
Space M 1 -3 124 109 156 32
M E 2 4 109 93 156 47
E OemPeriod -2 -6 93 78 4305 4212
OemPeriod Space -1 5 78 78 219 141
Space LShiftKey 1 4 78 234 5350 5272
LShiftKey T 2 -5 234 93 188 -46
T H -1 -1 93 78 202 109
H E 1 3 78 94 94 16
E Space -3 -1 94 94 140 46
Space M 1 -3 94 171 188 94
M O 2 -2 171 171 156 -15
O S -1 7 171 125 218 47
S Back 2 -11 125 78 640 515
Back Back 0 0 78 63 171 93
Back Back 0 0 63 78 141 78
Back Back 0 0 78 78 156 78
Back Back 0 0 78 62 156 78
Back Back 0 0 62 62 156 94
Back Back 0 0 62 62 452 390
Back LShiftKey -3 13 62 265 1669 1607
LShiftKey I 2 -8 265 110 187 -78
I Space -3 4 110 140 188 78
Space W 3 2 140 109 156 16
W O 0 -7 109 172 93 -16
O U 0 2 172 78 187 15
U L -1 -2 78 140 188 110
L D 0 6 140 110 124 -16
D Space -2 -1 110 109 203 93
Space C 1 1 109 141 312 203
C O 2 -6 141 109 63 -78
O N -2 3 109 94 140 31
N S 1 4 94 140 125 31
S I 1 -6 140 78 93 -47
I D -1 5 78 172 156 78
D E 1 0 172 203 203 31
E R 0 -1 203 125 172 -31
R T 0 -1 125 141 7550 7425
T H -1 -1 141 109 203 62
H E 1 3 109 109 109 0
E I 0 -5 109 94 125 16
I R 0 4 94 94 156 62
R Back 1 -9 94 78 437 343
Back Back 0 0 78 78 156 78
Back Back 0 0 78 78 156 78
Back Back 0 0 78 78 156 78
Back Back 0 0 78 63 171 93
Back Space -4 9 63 94 671 608
Space T 3 -1 94 124 141 47
T H -1 -1 124 78 312 188
H E 1 3 78 110 124 46
E R 0 -1 110 93 266 156
R Back 1 -9 93 78 702 609
Back Space -4 9 78 94 592 514
Space E 3 1 94 93 141 47
E F -1 -1 93 78 281 188
F F 0 0 78 109 156 78
F O 1 -5 109 78 93 -16
O R 0 5 78 156 141 63
R S -1 2 156 31 265 109
S T 1 -3 31 93 125 94
T Back 1 -8 93 63 592 499
Back Back 0 0 63 62 141 78
Back T -1 8 62 125 109 47
T S -1 3 125 78 234 109
S Space -2 -2 78 125 78 0
Space I 3 -4 125 63 452 327
I N -2 2 63 78 188 125
N Space -1 2 78 78 187 109
Space T 3 -1 78 109 140 62
T H -1 -1 109 78 141 32
H Space -2 2 78 93 234 156
Space Back 4 -9 93 78 546 453
Back E -1 10 78 109 171 93
E Space -3 -1 109 78 172 63
Space R 3 0 78 172 140 62
R E 0 1 172 172 187 15
E S -1 1 172 125 297 125
S E 1 -1 125 203 140 15
E A -1 2 203 109 234 31
A R 1 -3 109 110 187 78
R C -2 1 110 156 266 156
C H 1 -3 156 94 3712 3556
H Space -2 2 94 78 812 718
Space A 2 3 78 203 124 46
A S 0 -1 203 156 156 -47
S Space -2 -2 156 94 172 16
Space H 2 -2 94 93 281 187
H Back 2 -7 93 93 468 375
Back T -1 8 93 78 171 78
T H -1 -1 78 93 141 63
H E 1 3 93 109 78 -15
E Space -3 -1 109 78 156 47
Space M 1 -3 78 140 187 109
M O 2 -2 140 140 125 -15
O S -1 7 140 124 125 -15
S T 1 -3 124 109 187 63
T Space -3 1 109 93 156 47
Space I 3 -4 93 109 203 110
I N -2 2 109 94 124 15
N Back 3 -7 94 94 406 312
Back M -3 6 94 140 203 109
M P 2 -3 140 171 203 63
P O 0 1 171 141 124 -47
O R 0 5 141 218 141 0
R T 0 -1 218 156 203 -15
T A -1 4 156 140 218 62
A N -1 -5 140 78 156 16
N T 2 1 78 93 125 47
T Space -3 1 93 78 218 125
Space Q 3 3 78 93 718 640
Q U 0 -6 93 94 140 47
U A -1 6 94 124 141 47
A L 0 -8 124 93 187 63
L I 1 1 93 109 203 110
I T 0 3 109 94 358 249
T Y 0 -1 94 63 203 109
Y Space -3 2 63 93 94 31
Space I 3 -4 93 109 187 94
I N -2 2 109 94 140 31
N Space -1 2 94 93 188 94
Space A 2 3 93 140 577 484
A Space -2 -3 140 109 218 78
Space U 3 -3 109 124 219 110
U N -2 1 124 124 156 32
N I 2 -2 124 140 140 16
I V -2 4 140 202 172 32
V E 2 1 202 249 234 32
E R 0 -1 249 109 218 -31
R S -1 2 109 125 998 889
S I 1 -6 125 78 141 16
I T 0 3 78 110 249 171
T Y 0 -1 110 78 390 280
Y OemPeriod -2 -3 78 78 1420 1342
OemPeriod Space -1 5 78 78 203 125
Space LShiftKey 1 4 78 203 187 109
LShiftKey LShiftKey 0 0 203 219 530 327
LShiftKey I 2 -8 219 109 110 -109
I Space -3 4 109 109 171 62
Space W 3 2 109 93 141 32
W U 0 -5 93 140 234 141
U L -1 -2 140 78 296 156
L Back 2 -4 78 63 374 296
Back Back 0 0 63 62 141 78
Back O -1 4 62 172 265 203
O U 0 2 172 140 156 -16
U D -1 4 140 93 203 63
D L 0 -6 93 125 109 16
L Space -2 5 125 109 203 78
Space S 2 2 109 141 171 62
S U 1 -5 141 78 188 47
U Back 1 -6 78 78 421 343
Back Back 0 0 78 63 171 93
Back S -2 11 63 125 671 608
S U 1 -5 125 78 125 0
U R 0 3 78 140 156 78
R E 0 1 140 109 156 16
E L -1 -6 109 109 156 47
L Y 1 3 109 94 265 156
Y Space -3 2 94 93 453 359
Space R 3 0 93 125 249 156
R E 0 1 125 110 187 62
E C -2 0 110 109 188 78
C O 2 -6 109 78 171 62
O O 0 0 78 93 141 63
O M -2 2 93 94 171 78
M E 2 4 94 125 156 62
E D -1 0 125 109 297 172
D Back 2 -10 109 62 499 390
Back Back 0 0 62 62 156 94
Back Back 0 0 62 78 140 78
Back Back 0 0 78 31 156 78
Back M -3 6 31 78 437 406
M M 0 0 78 93 141 63
M E 2 4 93 93 187 94
E D -1 0 93 140 109 16
D N -1 -3 140 78 156 16
N Back 3 -7 78 62 936 858
Back Back 0 0 62 78 140 78
Back N -3 7 78 94 312 234
N D 1 3 94 94 156 62
D Space -2 -1 94 78 312 218
Space Capital 2 4 78 140 250 172
Capital U 1 -7 140 93 172 32
U B -2 2 93 93 187 94
B Capital 1 5 93 109 203 110
Capital Space -2 -4 109 93 3385 3276
Space T 3 -1 93 109 624 531
T O 0 -4 109 94 140 31
O Space -3 5 94 93 219 125
Space H 2 -2 93 109 1950 1857
H I 1 -2 109 141 124 15
I G -1 3 141 78 141 0
G H 0 -1 78 78 93 15
H Space -2 2 78 93 219 141
Space S 2 2 93 156 109 16
S C -1 -1 156 124 172 16
C H 1 -3 124 78 124 0
H O 1 -3 78 63 234 156
O O 0 0 63 47 141 78
O L -1 0 47 125 452 405
L Space -2 5 125 124 297 172
Space G 2 -1 124 219 717 593
G R 1 1 219 141 187 -32
R D -1 1 141 187 297 156
D Back 2 -10 187 125 530 343
Back A -2 12 125 172 187 62
A D 0 -2 172 156 141 -31
D A 0 2 156 172 717 561
A Back 2 -12 172 140 453 281
Back U -1 6 140 125 265 125
U A -1 6 125 141 109 -16
A T 1 -4 141 156 250 109
T E 0 2 156 156 218 62
E D -1 0 156 110 187 31
D Space -2 -1 110 109 4852 4742
Space H 2 -2 109 109 234 125
H Back 2 -7 109 109 499 390
Back W -1 11 109 125 156 47
W H -1 -4 125 109 234 109
H E 1 3 109 78 125 16
E N -2 -3 78 93 125 47
N Space -1 2 93 94 187 94
Space C 1 1 94 125 125 31
C O 2 -6 125 140 109 -16
O M -2 2 140 141 140 0
M P 2 -3 141 140 172 31
P A -1 9 140 171 125 -15
A T 1 -4 171 141 296 125
T E 0 2 141 156 203 62
E D -1 0 156 141 140 -16
D Back 2 -10 141 78 328 187
Back Back 0 0 78 78 156 78
Back Back 0 0 78 62 156 78
Back R -1 9 62 171 47 -15
R E 0 1 171 172 187 16
E D -1 0 172 110 140 -32
D Space -2 -1 110 93 141 31
Space T 3 -1 93 94 171 78
T O 0 -4 94 62 110 16
O Space -3 5 62 78 156 94
Space O 3 -5 78 78 218 140
O T 0 4 78 109 172 94
T H -1 -1 109 94 93 -16
H E 1 3 94 140 172 78
E R 0 -1 140 125 93 -47
R Space -3 0 125 94 156 31
Space U 3 -3 94 109 203 109
U N -2 1 109 109 141 32
N I 2 -2 109 109 140 31
I V -2 4 109 172 109 0
V E 2 1 172 265 156 -16
E R 0 -1 265 156 234 -31
R S -1 2 156 109 390 234
S I 1 -6 109 62 219 110
I O 0 -1 62 31 15 -47
O Back 1 -4 31 94 733 702
Back T -1 8 94 125 203 109
T I 0 -3 125 78 141 16
I E 0 5 78 141 202 124
E S -1 1 141 171 110 -31
S Space -2 -2 171 93 187 16
Space O 3 -5 93 94 187 94
O F -1 5 94 94 78 -16
F Space -2 0 94 109 172 78
Space S 2 2 109 140 624 515
S I 1 -6 140 94 93 -47
I M -2 1 94 93 141 47
M I 2 -1 93 78 171 78
I L -1 -1 78 94 187 109
L A 0 8 94 156 156 62
A R 1 -3 156 125 297 141
R Space -3 0 125 93 5148 5023
Space R 3 0 93 140 187 94
R A -1 3 140 124 250 110
A N -1 -5 124 94 171 47
N K 1 -2 94 109 156 62
K I 1 0 109 140 203 94
I N -2 2 140 78 172 32
N G 1 1 78 249 343 265
G S 0 3 249 187 499 250
S Back 2 -11 187 78 7160 6973
Back S -2 11 78 109 328 250
S Space -2 -2 109 94 1357 1248
Space F 2 0 94 110 187 93
F O 1 -5 110 78 141 31
O R 0 5 78 109 125 47
R Space -3 0 109 94 202 93
Space I 3 -4 94 94 203 109
I T 0 3 94 125 156 62
T S -1 3 125 156 234 109
S Space -2 -2 156 93 6958 6802
Space O 3 -5 93 156 405 312
O N -2 3 156 94 156 0
N Space -1 2 94 93 188 94
Space G 2 -1 93 110 124 31
G O 1 -4 110 93 110 0
O I 0 1 93 125 171 78
I N -2 2 125 94 156 31
N G 1 1 94 172 125 31
G S 0 3 172 172 218 46
S Back 2 -11 172 63 515 343
Back Space -4 9 63 93 250 187
Space R 3 0 93 140 234 141
R E 0 1 140 187 109 -31
E S -1 1 187 187 234 47
S E 1 -1 187 156 312 125
E A -1 2 156 141 452 296
A R 1 -3 141 94 858 717
R C -2 1 94 140 219 125
C H 1 -3 140 93 125 -15
H Space -2 2 93 78 2308 2215
Space A 2 3 78 124 188 110
A O 1 -8 124 141 202 78
O R 0 5 141 109 32 -109
R U 0 -3 109 124 234 125
U Back 1 -6 124 78 452 328
Back Back 0 0 78 78 156 78
Back Back 0 0 78 63 140 62
Back R -1 9 63 93 141 78
R O 0 -5 93 47 218 125
O U 0 2 47 94 265 218
U N -2 1 94 78 234 140
N D 1 3 78 47 219 141
D Space -2 -1 47 78 125 78
Space T 3 -1 78 94 202 124
T H -1 -1 94 63 125 31
H E 1 3 63 125 125 62
E Space -3 -1 125 78 125 0
Space C 1 1 78 125 234 156
C A 1 2 125 109 296 171
A M -1 -6 109 110 187 78
M P 2 -3 110 172 156 46
P U 0 3 172 109 219 47
U T 0 2 109 62 187 78
T Back 1 -8 62 78 3011 2949
Back S -2 11 78 94 1513 1435
S Back 2 -11 94 78 624 530
Back Back 0 0 78 78 140 62
Back S -2 11 78 109 125 47
S Space -2 -2 109 62 250 141
Space A 2 3 62 125 6037 5975
A N -1 -5 125 78 125 0
N D 1 3 78 109 125 47
D Space -2 -1 109 62 187 78
Space S 2 2 62 124 17597 17535
S P 1 -8 124 94 124 0
P A -1 9 94 187 110 16
A C -1 -2 187 172 171 -16
C E 2 0 172 140 250 78
E Back 1 -10 140 93 858 718
Back Back 0 0 93 78 171 78
Back Back 0 0 78 63 156 78
Back Back 0 0 63 62 141 78
Back Back 0 0 62 78 171 109
Back S -2 11 78 94 312 234
S P 1 -8 94 94 94 0
P A -1 9 94 140 234 140
A C -1 -2 140 156 156 16
C E 2 0 156 125 203 47
E Space -3 -1 125 109 218 93
Space I 3 -4 109 94 234 125
I T 0 3 94 109 156 62
T Space -3 1 109 93 219 110
Space P 3 -6 93 109 405 312
P R 0 6 109 78 187 78
R O 0 -5 78 63 47 -31
O V -2 5 63 109 250 187
V I 2 -4 109 78 140 31
I D -1 5 78 172 125 47
D E 1 0 172 156 187 15
E S -1 1 156 140 172 16
S Space -2 -2 140 94 1669 1529
Space T 3 -1 94 94 2402 2308
T O 0 -4 94 109 94 0
O Space -3 5 109 110 218 109
Space I 3 -4 110 109 297 187
I N -2 2 109 109 125 16
N D 1 3 109 94 140 31
D U 1 -4 94 78 78 -16
U L -1 -2 78 93 203 125
L G 0 4 93 218 203 110
G E 1 2 218 156 202 -16
E Space -3 -1 156 94 359 203
Space I 3 -4 94 109 219 125
I N -2 2 109 94 140 31
N Space -1 2 94 93 250 156
Space V 1 0 93 156 265 172
V A 1 3 156 156 171 15
A R 1 -3 156 110 234 78
R I 0 -4 110 172 125 15
I O 0 -1 172 141 187 15
O U 0 2 141 109 125 -16
U S -1 5 109 125 125 16
S Space -2 -2 125 94 655 530
Space C 1 1 94 94 983 889
C U 2 -4 94 62 172 78
U R 0 3 62 78 405 343
R R 0 0 78 94 156 78
R C -2 1 94 109 468 374
C Back 3 -10 109 78 453 344
Back I -1 5 78 78 655 577
I C -2 5 78 109 172 94
C U 2 -4 109 156 93 -16
U L -1 -2 156 172 187 31
L A 0 8 172 125 203 31
A R 1 -3 125 109 219 94
R Space -3 0 109 94 124 15
Space A 2 3 94 109 141 47
A N -1 -5 109 78 78 -31
N D 1 3 78 109 140 62
D Space -2 -1 109 94 125 16
Space C 1 1 94 93 827 733
C O 2 -6 93 78 187 94
O Space -3 5 78 94 187 109
Space C 1 1 94 93 141 47
C U 2 -4 93 78 171 78
U R 0 3 78 78 250 172
R R 0 0 78 78 156 78
R C -2 1 78 109 312 234
C Back 3 -10 109 93 437 328
Back O -1 4 93 141 358 265
O Back 1 -4 141 94 624 483
Back C -3 10 94 125 390 296
C U 2 -4 125 109 125 0
U Back 1 -6 109 93 999 890
Back Back 0 0 93 63 171 78
Back I -1 5 63 110 889 826
I C -2 5 110 109 141 31
C U 2 -4 109 78 125 16
U L -1 -2 78 47 249 171
L A 0 8 47 156 63 16
A R 1 -3 156 125 296 140
R Space -3 0 125 94 967 842
Space A 2 3 94 125 1030 936
A C -1 -2 125 125 171 46
C T 2 -2 125 94 250 125
T I 0 -3 94 78 125 31
I Right -3 -5 78 109 4493 4415
Right OemMinus 4 2 109 63 1497 1388
OemMinus V -3 7 63 93 1654 1591
V I 2 -4 93 94 109 16
I T 0 3 94 171 281 187
T E 0 2 171 156 234 63
E S -1 1 156 125 140 -16
S OemPeriod -1 -7 125 78 702 577
OemPeriod I 2 1 78 94 3635 3557
I LShiftKey -2 8 94 203 19375 19281
LShiftKey I 2 -8 203 94 78 -125
I Space -3 4 94 109 172 78
Space W 3 2 109 109 125 16
W O 0 -7 109 203 62 -47
O U 0 2 203 93 203 0
U L -1 -2 93 125 499 406
L D 0 6 125 125 125 0
D Space -2 -1 125 93 156 31
Space R 3 0 93 171 702 609
R E 0 1 171 156 156 -15
E A -1 2 156 172 171 15
A D 0 -2 172 140 141 -31
D Space -2 -1 140 94 187 47
Space V 1 0 94 141 1232 1138
V A 1 3 141 188 156 15
A R 1 -3 188 93 219 31
R I 0 -4 93 188 93 0
I O 0 -1 188 218 141 -47
O U 0 2 218 140 187 -31
U S -1 5 140 125 156 16
S Space -2 -2 125 78 1295 1170
Space A 2 3 78 109 343 265
A R 1 -3 109 125 140 31
R I 0 -4 125 78 250 125
I T 0 3 78 31 16 -62
T C -2 2 31 140 312 281
C L 1 -6 140 94 218 78
L E 1 6 94 140 234 140
E S -1 1 140 141 187 47
S Space -2 -2 141 94 203 62
Space O 3 -5 94 109 187 93
O N -2 3 109 93 141 32
N Space -1 2 93 78 187 94
Space Back 4 -9 78 874 811 733
Back Back 0 0 874 62 1030 156
Back Back 0 0 62 686 2886 2824
Back Back 0 0 686 78 873 187
Back Back 0 0 78 62 203 125
Back Back 0 0 62 78 562 500
Back W -1 11 78 109 1466 1388
W I 0 -6 109 78 156 47
I D -1 5 78 171 94 16
D E 1 0 171 110 202 31
E Space -3 -1 110 78 141 31
Space V 1 0 78 141 140 62
V A 1 3 141 156 141 0
A R 1 -3 156 78 577 421
R I 0 -4 78 78 187 109
I T 0 3 78 94 624 546
T I 0 -3 94 78 125 31
I E 0 5 78 218 187 109
E S -1 1 218 125 203 -15
S Space -2 -2 125 78 296 171
Space O 3 -5 78 109 250 172
O F -1 5 109 94 171 62
F Space -2 0 94 93 110 16
Space A 2 3 93 140 156 63
A R 1 -3 140 93 234 94
R T 0 -1 93 78 218 125
T I 0 -3 78 78 109 31
I C -2 5 78 125 187 109
C L 1 -6 125 78 110 -15
L E 1 6 78 187 140 62
E S -1 1 187 109 203 16
S E 1 -1 109 62 6474 6365
E O 0 -6 62 124 4259 4197
O N -2 3 124 94 171 47
N Space -1 2 94 78 156 62
Space T 3 -1 78 78 94 16
T H -1 -1 78 93 125 47
H E 1 3 93 93 78 -15
E Back 1 -10 93 109 639 546
Back Back 0 0 109 78 172 63
Back Back 0 0 78 78 156 78
Back Back 0 0 78 78 156 78
Back Back 0 0 78 78 140 62
Back Back 0 0 78 93 141 63
Back Back 0 0 93 62 140 47
Back S -2 11 62 93 1139 1077
S Space -2 -2 93 94 140 47
Space O 3 -5 94 109 234 140
O N -2 3 109 93 141 32
N Space -1 2 93 94 171 78
Space T 3 -1 94 94 78 -16
T H -1 -1 94 78 141 47
H E 1 3 78 109 78 0
E Space -3 -1 109 93 265 156
Space W 3 2 93 171 203 110
W E 0 -1 171 109 156 -15
E B -2 -2 109 63 826 717
B OemPeriod 0 -4 63 78 1217 1154
OemPeriod Space -1 5 78 94 2215 2137
Space LShiftKey 1 4 94 203 5757 5663
LShiftKey I 2 -8 203 78 140 -63
I Space -3 4 78 78 172 94
Space R 3 0 78 140 125 47
R E 0 1 140 109 156 16
E C -2 0 109 187 156 47
C E 2 0 187 125 171 -16
E N -2 -3 125 93 141 16
N T 2 1 93 94 124 31
T L -1 -4 94 93 110 16
L Y 1 3 93 78 124 31
Y Space -3 2 78 78 156 78
Space F 2 0 78 62 219 141
F O 1 -5 62 78 889 827
O U 0 2 78 140 203 125
U N -2 1 140 78 187 47
N D 1 3 78 94 109 31
D Back 2 -10 94 639 1467 1373
Back O -1 4 639 78 1560 921
O U 0 2 78 94 202 124
U N -2 1 94 62 172 78
N D 1 3 62 94 62 0
D Space -2 -1 94 78 141 47
Space C 1 1 78 109 218 140
C O 2 -6 109 62 141 32
O O 0 0 62 94 124 62
O K -1 1 94 109 125 31
K I 1 0 109 94 187 78
I N -2 2 94 93 110 16
N G 1 1 93 94 124 31
G Space -2 1 94 78 141 47
Space T 3 -1 78 78 156 78
T O 0 -4 78 78 93 15
O Space -3 5 78 94 172 94
Space M 1 -3 94 94 156 62
M Back 3 -6 94 78 437 343
Back B -3 8 78 109 234 156
B E 2 2 109 78 156 47
E Space -3 -1 78 125 140 62
Space M 1 -3 125 125 187 62
M Y 2 1 125 94 172 47
Y Space -3 2 94 78 187 93
Space N 1 -2 78 78 187 109
N E 2 3 78 188 234 156
E W 0 1 188 141 156 -32
W Space -3 -2 141 94 234 93
Space I 3 -4 94 125 203 109
I N -2 2 125 94 125 0
N T 2 1 94 140 94 0
T E 0 2 140 265 187 47
E R 0 -1 265 203 234 -31
R S -1 2 203 187 343 140
S T 1 -3 187 78 328 141
T Back 1 -8 78 94 327 249
Back Back 0 0 94 62 172 78
Back E -1 10 62 188 327 265
E S -1 1 188 156 562 374
S T 1 -3 156 109 234 78
T OemPeriod -2 -4 109 125 905 796
OemPeriod Space -1 5 125 109 203 78
Space LShiftKey 1 4 109 265 156 47
LShiftKey I 2 -8 265 94 202 -63
I T 0 3 94 62 375 281
T Space -3 1 62 94 187 125
Space Back 4 -9 94 62 1248 1154
Back Back 0 0 62 78 140 78
Back Space -4 9 78 78 1061 983
Space F 2 0 78 94 109 31
F E 1 1 94 62 250 156
E E 0 0 62 109 125 63
E L -1 -6 109 78 156 47
L Space -2 5 78 94 187 109
Space R 3 0 94 203 140 46
R E 0 1 203 172 172 -31
E L -1 -6 172 109 265 93
L A 0 8 109 156 609 500
A X -1 -1 156 109 390 234
X E 2 -1 109 93 234 125
E D -1 0 93 78 187 94
D Space -2 -1 78 78 125 47
Space O 3 -5 78 62 265 187
O Back 1 -4 62 78 421 359
Back C -3 10 78 94 156 78
C O 2 -6 94 62 156 62
O O 0 0 62 94 140 78
O K -1 1 94 124 110 16
K I 1 0 124 125 187 63
I N -2 2 125 94 140 15
N G 1 1 94 78 141 47
G Space -2 1 78 94 951 873
Space F 2 0 94 93 188 94
F O 1 -5 93 78 421 328
O R 0 5 78 78 140 62
R Space -3 0 78 78 2449 2371
Space A 2 3 78 156 110 32
A Space -2 -3 156 78 249 93
Space Q 3 3 78 110 265 187
Q H -1 -5 110 156 219 109
H I 1 -2 156 188 171 15
I L -1 -1 188 140 172 -16
L E 1 6 140 78 187 47
E Back 1 -10 78 93 1311 1233
Back Back 0 0 93 93 156 63
Back Back 0 0 93 78 280 187
Back Back 0 0 78 78 156 78
Back W -1 11 78 94 203 125
W Back 1 -11 94 94 499 405
Back Back 0 0 94 78 156 62
Back Back 0 0 78 624 1139 1061
Back Back 0 0 624 94 749 125
Back Back 0 0 94 63 187 93
Back Back 0 0 63 78 484 421
Back OemPeriod -3 4 78 78 1029 951
OemPeriod Space -1 5 78 78 1888 1810
Space LShiftKey 1 4 78 312 3214 3136
LShiftKey I 2 -8 312 78 202 -110
I Oem7 -1 -3 78 109 905 827
Oem7 M -1 4 109 94 234 125
M Space -1 3 94 78 187 93
Space V 1 0 78 172 156 78
V E 2 1 172 187 219 47
E R 0 -1 187 109 156 -31
R Y 0 -2 109 109 62 -47
Y Space -3 2 109 94 187 78
Space M 1 -3 94 109 203 109
M U 2 0 109 156 219 110
U C -2 4 156 109 249 93
C H 1 -3 109 93 94 -15
H Space -2 2 93 78 218 125
Space I 3 -4 78 141 156 78
I N -2 2 141 94 125 -16
N T 2 1 94 156 125 31
T E 0 2 156 234 203 47
E R 0 -1 234 187 171 -63
R E 0 1 187 203 172 -15
E S -1 1 203 171 156 -47
S T 1 -3 171 172 187 16
T E 0 2 172 109 265 93
E D -1 0 109 78 156 47
D Space -2 -1 78 94 78 0
Space I 3 -4 94 109 203 109
I N -2 2 109 94 156 47
N Space -1 2 94 94 577 483
Space M 1 -3 94 125 203 109
M U 2 0 125 125 234 109
U S -1 5 125 78 452 327
S I 1 -6 78 78 110 32
I C -2 5 78 109 171 93
C OemPeriod 0 -6 109 62 4119 4010
OemPeriod Space -1 5 62 94 218 156
Space LShiftKey 1 4 94 250 156 62
LShiftKey I 2 -8 250 110 140 -110
I Back 1 -5 110 78 1202 1092
Back Back 0 0 78 78 171 93
Back Back 0 0 78 78 156 78
Back Back 0 0 78 63 156 78
Back Back 0 0 63 78 2200 2137
Back Back 0 0 78 78 156 78
Back Back 0 0 78 62 156 78
Back Back 0 0 62 63 140 78
Back P -1 3 63 78 843 780
P S -1 8 78 125 499 421
S Y 1 -4 125 109 140 15
Y C -2 3 109 156 172 63
C H 1 -3 156 94 93 -63
H E 1 3 94 78 266 172
E D -1 0 78 219 639 561
D E 1 0 219 140 281 62
E Back 1 -10 140 655 624 484
Back Back 0 0 655 78 764 109
Back Back 0 0 78 78 156 78
Back Back 0 0 78 78 156 78
Back M -3 6 78 140 375 297
M O 2 -2 140 93 203 63
O S -1 7 93 156 202 109
S Back 2 -11 156 78 1202 1046
Back Back 0 0 78 63 171 93
Back Back 0 0 63 62 141 78
Back M -3 6 62 125 436 374
M I 2 -1 125 109 188 63
I Back 1 -5 109 78 514 405
Back U -1 6 78 94 250 172
U S -1 5 94 125 156 62
S I 1 -6 125 78 140 15
I C -2 5 78 109 141 63
C Space -1 -1 109 78 203 94
Space M 1 -3 78 109 343 265
M O 2 -2 109 125 140 31
O S -1 7 125 141 156 31
S T 1 -3 141 78 312 171
T L -1 -4 78 94 78 0
L Y 1 3 94 63 156 62
Y Space -3 2 63 93 172 109
Space R 3 0 93 141 842 749
R E 0 1 141 109 546 405
E L -1 -6 109 94 156 47
L A 0 8 94 140 172 78
A T 1 -4 140 109 296 156
T E 0 2 109 109 203 94
E D -1 0 109 125 109 0
D Space -2 -1 125 93 141 16
Space W 3 2 93 109 265 172
W I 0 -6 109 109 62 -47
I H -1 2 109 78 234 125
H T 1 1 78 63 0 -78
T Space -3 1 63 94 203 140
Space T 3 -1 94 78 109 15
T H -1 -1 78 62 125 47
H Back 2 -7 62 78 296 234
Back Back 0 0 78 63 156 78
Back Back 0 0 63 62 141 78
Back Space -4 9 62 78 515 453
Space T 3 -1 78 93 109 31
T H -1 -1 93 78 125 32
H E 1 3 78 109 93 15
E Space -3 -1 109 78 156 47
Space P 3 -6 78 93 453 375
P S -1 8 93 125 202 109
S Y 1 -4 125 78 141 16
Y C -2 3 78 125 140 62
C H 1 -3 125 78 109 -16
H E 1 3 78 156 141 63
E D -1 0 156 187 374 218
D E 1 0 187 78 531 344
E L -1 -6 78 78 187 109
L I 1 1 78 93 203 125
I C -2 5 93 109 140 47
C Space -1 -1 109 94 998 889
Space G 2 -1 94 110 234 140
G E 1 2 110 125 172 62
E N -2 -3 125 78 94 -31
N R 2 2 78 203 171 93
R E 0 1 203 125 156 -47
E OemPeriod -2 -6 125 78 718 593
OemPeriod Space -1 5 78 78 1029 951
Space LShiftKey 1 4 78 234 6599 6521
LShiftKey I 2 -8 234 94 109 -125
I Space -3 4 94 93 188 94
Space W 3 2 93 109 109 16
W O 0 -7 109 156 109 0
O U 0 2 156 140 125 -31
U L -1 -2 140 125 249 109
L D 0 6 125 109 219 94
D Back 2 -10 109 78 530 421
Back Back 0 0 78 78 156 78
Back Back 0 0 78 63 156 78
Back Back 0 0 63 78 141 78
Back Back 0 0 78 78 421 343
Back L -2 4 78 110 639 561
L I 1 1 110 78 219 109
I K -1 0 78 62 187 109
K E 1 5 62 94 31 -31
E Space -3 -1 94 78 234 140
Space W 3 2 78 78 125 47
W Back 1 -11 78 78 437 359
Back V -3 9 78 93 156 78
V I 2 -4 93 78 109 16
I S -1 6 78 94 156 78
S I 1 -6 94 47 78 -16
I N -2 2 47 78 218 171
N Back 3 -7 78 63 671 593
Back T -1 8 63 94 125 62
T I 0 -3 94 124 172 78
I N -2 2 124 94 140 16
N G 1 1 94 78 125 31
G Space -2 1 78 94 187 109
Space N 1 -2 94 78 156 62
N E 2 3 78 188 140 62
E W 0 1 188 156 172 -16
W Space -3 -2 156 94 140 -16
Space P 3 -6 94 171 188 94
P L -1 1 171 125 124 -47
L A 0 8 125 203 125 0
A C -1 -2 203 156 219 16
C E 2 0 156 203 202 46
E S -1 1 203 78 266 63
S Space -2 -2 78 78 156 78
Space A 2 3 78 78 156 78
A N -1 -5 78 78 124 46
N D 1 3 78 78 141 63
D Space -2 -1 78 63 171 93
Space T 3 -1 63 125 3417 3354
T R 0 1 125 125 140 15
R Y 0 -2 125 78 250 125
Y I 0 -2 78 125 93 15
I N -2 2 125 109 125 0
N G 1 1 109 94 125 16
G Space -2 1 94 78 187 93
Space O 3 -5 78 156 2465 2387
O U 0 2 156 109 156 0
U T 0 2 109 94 109 0
T Space -3 1 94 93 172 78
Space F 2 0 93 78 156 63
F O 1 -5 78 63 218 140
O O 0 0 63 94 125 62
O D -1 6 94 93 905 811
D Space -2 -1 93 94 140 47
Space A 2 3 94 125 109 15
A T 1 -4 125 62 562 437
T Space -3 1 62 78 172 110
Space R 3 0 78 172 171 93
R E 0 1 172 171 172 0
E S -1 1 171 140 156 -15
S T 1 -3 140 141 171 31
T A -1 4 141 171 188 47
A U 1 -6 171 94 202 31
U R 0 3 94 140 188 94
R A -1 3 140 125 187 47
A N -1 -5 125 78 156 31
N T 2 1 78 109 140 62
T S -1 3 109 109 250 141
S Space -2 -2 109 78 1357 1248
Space B 1 -1 78 78 250 172
B E 2 2 78 94 93 15
E L -1 -6 94 94 187 93
L O 1 0 94 109 172 78
O N -2 3 109 93 515 406
N G 1 1 93 78 156 63
G I 1 -3 78 94 171 93
I N -2 2 94 78 156 62
N G 1 1 78 62 172 94
G Space -2 1 62 78 421 359
Space T 3 -1 78 78 156 78
T O 0 -4 78 94 125 47
O Space -3 5 94 94 374 280
Space V 1 0 94 140 718 624
V Back 3 -9 140 93 718 578
Back D -2 10 93 94 982 889
D I 1 -5 94 78 156 62
I F -1 4 78 78 141 63
F F 0 0 78 172 1123 1045
F E 1 1 172 188 218 46
E R 0 -1 188 109 203 15
R E 0 1 109 78 125 16
E N -2 -3 78 78 140 62
N T 2 1 78 78 125 47
T Space -3 1 78 78 156 78
Space C 1 1 78 110 187 109
C U 2 -4 110 202 110 0
U I 0 -1 202 156 187 -15
I S -1 6 156 125 171 15
S I 1 -6 125 172 125 0
I N -2 2 172 110 187 15
N E 2 3 110 124 266 156
E S -1 1 124 156 202 78
S OemPeriod -1 -7 156 62 796 640
OemPeriod Space -1 5 62 62 9953 9891
Space LShiftKey 1 4 62 187 1217 1155
LShiftKey B 0 -5 187 109 109 -78
B U 2 -2 109 47 171 62
U F -1 3 47 93 188 141
F F 0 0 93 141 171 78
F A 0 3 141 156 172 31
A L 0 -8 156 93 234 78
L O 1 0 93 78 249 156
O Space -3 5 78 93 10141 10063
Space O 3 -5 93 63 1575 1482
O F -1 5 63 94 203 140
F F 0 0 94 156 172 78
F E 1 1 156 265 156 0
E R 0 -1 265 203 280 15
R S -1 2 203 171 266 63
S Space -2 -2 171 94 405 234
Space A 2 3 94 141 156 62
A Back 2 -12 141 94 1607 1466
Back Back 0 0 94 78 172 78
Back Back 0 0 78 63 171 93
Back Back 0 0 63 62 141 78
Back Back 0 0 62 62 156 94
Back Back 0 0 62 78 140 78
Back Back 0 0 78 78 203 125
Back Back 0 0 78 94 499 421
Back H -2 7 94 78 983 889
H A 0 5 78 141 140 62
A S 0 -1 141 140 94 -47
S Space -2 -2 140 109 109 -31
Space Q 3 3 109 156 312 203
Q U 0 -6 156 172 140 -16
U I 0 -1 172 172 125 -47
I T 0 3 172 109 250 78
T E 0 2 109 156 140 31
E Space -3 -1 156 94 187 31
Space G 2 -1 94 78 780 686
G O 1 -4 78 110 234 156
O O 0 0 110 78 468 358
O D -1 6 78 125 219 141
D Space -2 -1 125 78 156 31
Space A 2 3 78 78 140 62
A M -1 -6 78 94 156 78
M O 2 -2 94 31 297 203
O U 0 2 31 140 31 0
U N -2 1 140 94 499 359
N T 2 1 94 78 172 78
T Space -3 1 78 93 265 187
Space O 3 -5 93 110 171 78
O F -1 5 110 93 141 31
F Space -2 0 93 78 218 125
Space A 2 3 78 109 827 749
A C -1 -2 109 140 156 47
C I 2 -5 140 78 187 47
I T 0 3 78 78 109 31
T I 0 -3 78 63 125 47
I V -2 4 63 125 109 46
V I 2 -4 125 78 156 31
I T 0 3 78 156 390 312
T E 0 2 156 203 219 63
E S -1 1 203 109 577 374
S Back 2 -11 109 78 593 484
Back Back 0 0 78 93 156 78
Back I -1 5 93 109 296 203
I E 0 5 109 156 187 78
E S -1 1 156 141 156 0
S Space -2 -2 141 94 624 483
Space Left 0 -7 94 858 1046 952
Left Left 0 0 858 78 1014 156
Left Left 0 0 78 78 156 78
Left O 3 2 78 172 904 826
O U 0 2 172 125 141 -31
U T 0 2 125 78 109 -16
T D -1 2 78 110 218 140
D O 1 -6 110 78 172 62
O O 0 0 78 94 140 62
O R 0 5 94 78 125 31
R Space -3 0 78 93 406 328
Space LShiftKey 1 4 93 249 515 422
LShiftKey A 1 -1 249 156 374 125
A C -1 -2 156 125 218 62
C T 2 -2 125 63 281 156
T I 0 -3 63 94 593 530
I V -2 4 94 94 234 140
V I 2 -4 94 78 140 46
I T 0 3 78 218 609 531
T E 0 2 218 187 390 172
E S -1 1 187 156 171 -16
S Space -2 -2 156 78 1358 1202
Space L 2 -5 78 93 265 187
L Back 2 -4 93 63 1076 983
Back Back 0 0 63 78 156 93
Back Back 0 0 78 78 156 78
Back Back 0 0 78 78 156 78
Back I -1 5 78 94 359 281
I E 0 5 94 187 172 78
E S -1 1 187 140 187 0
S Space -2 -2 140 109 265 125
Space L 2 -5 109 47 312 203
L I 1 1 47 78 140 93
I K -1 0 78 110 156 78
K E 1 5 110 93 110 0
E Space -3 -1 93 94 140 47
Space V 1 0 94 156 577 483
V Back 3 -9 156 93 609 453
Back Back 0 0 93 78 171 78
Back Back 0 0 78 62 172 94
Back Back 0 0 62 78 140 78
Back Back 0 0 78 78 156 78
Back Back 0 0 78 63 156 78
Back Back 0 0 63 78 359 296
Back OemPeriod -3 4 78 78 889 811
OemPeriod Space -1 5 78 78 203 125
Space LShiftKey 1 4 78 203 78 0
LShiftKey I 2 -8 203 78 156 -47
I Space -3 4 78 94 156 78
Space W 3 2 94 94 62 -32
W I 0 -6 94 109 125 31
I S -1 6 109 94 125 16
S H 0 -4 94 78 109 15
H Space -2 2 78 78 203 125
Space T 3 -1 78 125 780 702
T O 0 -4 125 47 203 78
O Space -3 5 47 109 686 639
Space G 2 -1 109 94 5460 5351
G O 1 -4 94 78 125 31
O Space -3 5 78 78 187 109
Space T 3 -1 78 62 94 16
T O 0 -4 62 78 125 63
O T 0 4 78 78 140 62
T Space -3 1 78 94 62 -16
Space Back 4 -9 94 78 780 686
Back Back 0 0 78 62 172 94
Back Back 0 0 62 62 858 796
Back Back 0 0 62 62 156 94
Back Back 0 0 62 78 343 281
Back Back 0 0 78 63 156 78
Back Back 0 0 63 78 141 78
Back V -3 9 78 94 296 218
V I 2 -4 94 63 109 15
I S -1 6 63 109 141 78
S I 1 -6 109 47 46 -63
I T 0 3 47 78 546 499
T Space -3 1 78 93 188 110
Space T 3 -1 93 78 124 31
T H -1 -1 78 93 110 32
H E 1 3 93 93 109 16
E Space -3 -1 93 78 125 32
Space LShiftKey 1 4 78 187 171 93
LShiftKey N 0 -6 187 93 94 -93
N I 2 -2 93 78 140 47
I A -1 7 78 109 437 359
A G 0 -4 109 125 234 125
G R 1 1 125 109 187 62
R A -1 3 109 125 484 375
A Back 2 -12 125 78 452 327
Back Back 0 0 78 93 141 63
Back A -2 12 93 156 78 -15
A R 1 -3 156 125 187 31
R A -1 3 125 125 171 46
A Space -2 -3 125 78 219 94
Space F 2 0 78 109 515 437
F A 0 3 109 109 156 47
A L 0 -8 109 62 140 31
L L 0 0 62 94 109 47
L S 0 7 94 93 94 0
S Space -2 -2 93 78 140 47
Space O 3 -5 78 94 156 78
O N -2 3 94 94 109 15
N C 0 3 94 187 141 47
C E 2 0 187 109 187 0
E Space -3 -1 109 94 109 0
Space I 3 -4 94 93 172 78
I T 0 3 93 93 156 63
T Space -3 1 93 78 125 32
Space I 3 -4 78 62 218 140
I S -1 6 62 110 140 78
S Space -2 -2 110 78 172 62
Space W 3 2 78 93 125 47
W Back 1 -11 93 78 343 250
Back F -2 9 78 172 156 78
F R 1 0 172 125 187 15
R O 0 -5 125 78 156 31
O Z -2 8 78 109 640 562
Z E 2 -2 109 78 265 156
E N -2 -3 78 78 234 156
N OemPeriod 0 -3 78 78 4228 4150
OemPeriod Space -1 5 78 78 1014 936
Space LShiftKey 1 4 78 281 202 124
LShiftKey T 2 -5 281 78 234 -47
T A -1 4 78 125 141 63
A K 0 -7 125 109 125 0
K E 1 5 109 93 156 47
E Space -3 -1 93 78 109 16
Space A 2 3 78 93 125 47
A Space -2 -3 93 78 109 16
Space C 1 1 78 124 125 47
C R 2 -1 124 125 3010 2886
R U 0 -3 125 171 188 63
U I 0 -1 171 156 109 -62
I S -1 6 156 156 171 15
S E 1 -1 156 156 110 -46
E Space -3 -1 156 94 2308 2152
Space O 3 -5 94 93 734 640
O N -2 3 93 94 140 47
N Space -1 2 94 78 172 78
Space T 3 -1 78 93 109 31
T H -1 -1 93 78 125 32
H E 1 3 78 125 62 -16
E Space -3 -1 125 94 109 -16
Space B 1 -1 94 125 718 624
B U 2 -2 125 93 156 31
U F -1 3 93 78 140 47
F F 0 0 78 172 156 78
F A 0 3 172 156 156 -16
A L 0 -8 156 78 125 -31
L O 1 0 78 140 312 234
O Space -3 5 140 110 296 156
Space R 3 0 110 109 110 0
R I 0 -4 109 94 140 31
I V -2 4 94 187 702 608
V E 2 1 187 219 218 31
E R 0 -1 219 109 172 -47
R OemPeriod -2 -5 109 63 764 655
OemPeriod Space -1 5 63 47 219 156
Space Space 0 0 47 94 4898 4851
Space A 2 3 94 94 78 -16
A N -1 -5 94 78 141 47
N D 1 3 78 78 93 15
D Right -2 -10 78 109 546 468
Right T 3 8 109 78 1139 1030
T LShiftKey -2 5 78 234 8798 8720
LShiftKey I 2 -8 234 109 141 -93
I Space -3 4 109 109 187 78
Space W 3 2 109 109 94 -15
W O 0 -7 109 218 156 47
O U 0 2 218 156 78 -140
U L -1 -2 156 187 265 109
L S 0 7 187 78 296 109
S Back 2 -11 78 109 1014 936
Back D -2 10 109 78 749 640
D Space -2 -1 78 94 140 62
Space S 2 2 94 187 484 390
S A 0 1 187 172 140 -47
A Y 1 -5 172 93 266 94
Y Space -3 2 93 94 530 437
Space E 3 1 94 78 936 842
E Y 0 -3 78 63 187 109
Y Back 1 -7 63 78 515 452
Back Back 0 0 78 140 952 874
Back Back 0 0 140 702 5865 5725
Back Back 0 0 702 109 874 172
Back Back 0 0 109 62 187 78
Back Back 0 0 62 78 140 78
Back Back 0 0 78 78 156 78
Back Back 0 0 78 93 141 63
Back Back 0 0 93 78 624 531
Back LShiftKey -3 13 78 187 343 265
LShiftKey I 2 -8 187 78 94 -93
I Space -3 4 78 94 171 93
Space C 1 1 94 140 141 47
C A 1 2 140 141 93 -47
A N -1 -5 141 109 78 -63
N N 0 0 109 94 499 390
N O 2 -3 94 125 172 78
O T 0 4 125 78 172 47
T Space -3 1 78 125 109 31
Space C 1 1 125 140 234 109
C O 2 -6 140 109 78 -62
O M -2 2 109 140 109 0
M P 2 -3 140 141 187 47
P L -1 1 141 125 94 -47
L E 1 6 125 156 109 -16
E T 0 -2 156 140 250 94
T E 0 2 140 156 156 16
E L -1 -6 156 109 187 31
L Y 1 3 109 93 125 16
Y Space -3 2 93 94 140 47
Space V 1 0 94 156 156 62
V O 2 -5 156 47 156 0
O Back 1 -4 47 94 374 327
Back Back 0 0 94 78 172 78
Back C -3 10 78 109 156 78
C O 2 -6 109 110 140 31
O M -2 2 110 78 172 62
M M 0 0 78 94 140 62
M E 2 4 94 109 125 31
E N -2 -3 109 78 125 16
N T 2 1 78 94 156 78
T Space -3 1 94 78 109 15
Space O 3 -5 78 94 203 125
O N -2 3 94 62 172 78
N Space -1 2 62 78 171 109
Space T 3 -1 78 94 109 31
T H -1 -1 94 156 110 16
H I 1 -2 156 124 156 0
I S -1 6 124 110 124 0
S Back 2 -11 110 63 3791 3681
Back Back 0 0 63 47 156 93
Back Back 0 0 47 62 1389 1342
Back Back 0 0 62 63 140 78
Back W -1 11 63 94 187 124
W H -1 -4 94 78 172 78
H E 1 3 78 62 125 47
E T 0 -2 62 109 920 858
T E 0 2 109 140 172 63
E R 0 -1 140 109 109 -31
R Space -3 0 109 78 187 78
Space Back 4 -9 78 78 499 421
Back Back 0 0 78 78 141 63
Back Back 0 0 78 78 140 62
Back Back 0 0 78 78 141 63
Back T -1 8 78 78 764 686
T H -1 -1 78 94 109 31
H E 1 3 94 156 109 15
E R 0 -1 156 109 125 -31
R Space -3 0 109 78 125 16
Space T 3 -1 78 94 156 78
T H -1 -1 94 78 125 31
H E 1 3 78 141 93 15
E R 0 -1 141 156 125 -16
R E 0 1 156 109 125 -31
E S -1 1 109 124 172 63
S Back 2 -11 124 78 483 359
Back Space -4 9 78 78 250 172
Space I 3 -4 78 63 171 93
I S -1 6 63 94 47 -16
S Space -2 -2 94 78 141 47
Space A 2 3 78 62 140 62
A Space -2 -3 62 78 265 203
Space B 1 -1 78 78 515 437
B A 1 4 78 78 109 31
A L 0 -8 78 93 141 63
L A 0 8 93 94 296 203
A N -1 -5 94 78 140 46
N C 0 3 78 156 141 63
C E 2 0 156 94 187 31
E Space -3 -1 94 109 172 78
Space O 3 -5 109 78 2152 2043
O F -1 5 78 78 172 94
F Space -2 0 78 78 218 140
Space I 3 -4 78 109 328 250
I N -2 2 109 94 187 78
N D 1 3 94 78 546 452
D O 1 -6 78 62 250 172
O O 0 0 62 78 125 63
O R 0 5 78 78 109 31
R Space -3 0 78 78 125 47
Space N 1 -2 78 78 187 109
N D 1 3 78 109 156 78
D Space -2 -1 109 78 203 94
Space Back 4 -9 78 78 358 280
Back Back 0 0 78 47 156 78
Back Back 0 0 47 78 110 63
Back A -2 12 78 93 234 156
A N -1 -5 93 78 171 78
N D 1 3 78 94 109 31
D Space -2 -1 94 78 125 31
Space O 3 -5 78 171 609 531
O U 0 2 171 125 140 -31
U T 0 2 125 109 234 109
T D -1 2 109 78 406 297
D O 1 -6 78 63 171 93
O O 0 0 63 94 125 62
O R 0 5 94 94 109 15
R Space -3 0 94 78 141 47
Space A 2 3 78 156 124 46
A C -1 -2 156 125 172 16
C T 2 -2 125 78 250 125
T I 0 -3 78 78 124 46
I V -2 4 78 110 156 78
V I 2 -4 110 78 94 -16
I T 0 3 78 140 234 156
T E 0 2 140 187 203 63
E S -1 1 187 78 234 47
S OemPeriod -1 -7 78 78 858 780
OemPeriod Space -1 5 78 78 265 187
Space LShiftKey 1 4 78 281 265 187
LShiftKey T 2 -5 281 94 156 -125
T I 0 -3 94 94 3245 3151
I H -1 2 94 78 1248 1154
H E 1 3 78 93 94 16
E Space -3 -1 93 78 140 47
Space W 3 2 78 140 406 328
W E 0 -1 140 125 187 47
E A -1 2 125 141 171 46
A T 1 -4 141 94 250 109
T H -1 -1 94 78 78 -16
H E 1 3 78 141 140 62
E R 0 -1 141 94 125 -16
R Space -3 0 94 93 94 0
Space I 3 -4 93 109 187 94
I N -2 2 109 94 109 0
N Space -1 2 94 78 172 78
Space T 3 -1 78 94 93 15
T H -1 -1 94 78 125 31
H E 1 3 78 78 94 16
E Space -3 -1 78 78 93 15
Space C 1 1 78 109 141 63
C O 2 -6 109 93 78 -31
O M -2 2 93 93 125 32
M I 2 -1 93 110 202 109
I N -2 2 110 93 110 0
N G 1 1 93 78 124 31
G Space -2 1 78 62 172 94
Space Back 4 -9 62 63 5179 5117
Back LShiftKey -3 13 63 202 531 468
LShiftKey I 2 -8 202 78 156 -46
I Space -3 4 78 94 171 93
Space B 1 -1 94 78 172 78
B E 2 2 78 63 93 15
E L -1 -6 63 78 141 78
L I 1 1 78 78 171 93
I E 0 5 78 109 110 32
E V -2 -1 109 171 156 47
V E 2 1 171 140 156 -15
E Space -3 -1 140 109 249 109
Space T 3 -1 109 94 187 78
T H -1 -1 94 94 78 -16
H E 1 3 94 250 234 140
E R 0 -1 250 188 234 -16
R E 0 1 188 78 188 0
E Space -3 -1 78 78 171 93
Space A 2 3 78 172 390 312
A R 1 -3 172 203 250 78
R E 0 1 203 110 171 -32
E Space -3 -1 110 78 687 577
Space G 2 -1 78 78 499 421
G O 1 -4 78 62 796 718
O O 0 0 62 78 140 78
O D -1 6 78 110 374 296
D Back 2 -10 110 78 843 733
Back Back 0 0 78 78 140 62
Back Back 0 0 78 78 141 63
Back Back 0 0 78 78 140 62
Back Back 0 0 78 78 156 78
Back Back 0 0 78 78 140 62
Back Back 0 0 78 78 141 63
Back I -1 5 78 78 327 249
I Back 1 -5 78 78 359 281
Back Back 0 0 78 78 141 63
Back I -1 5 78 47 327 249
I S -1 6 47 94 78 31
S Space -2 -2 94 78 187 93
Space E 3 1 78 109 203 125
E Back 1 -10 109 78 983 874
Back G -2 8 78 78 624 546
G O 1 -4 78 78 172 94
O O 0 0 78 78 124 46
O D -1 6 78 94 125 47
D Space -2 -1 94 78 141 47
Space B 1 -1 78 93 156 78
B A 1 4 93 94 93 0
A L 0 -8 94 78 172 78
L A 0 8 78 109 109 31
A N -1 -5 109 78 156 47
N C 0 3 78 109 172 94
C E 2 0 109 125 171 62
E Space -3 -1 125 109 125 0
Space I 3 -4 109 78 250 141
I Back 1 -5 78 78 421 343
Back F -2 9 78 78 187 109
F O 1 -5 78 94 78 0
O Space -3 5 94 78 265 171
Space Back 4 -9 78 78 390 312
Back Back 0 0 78 78 141 63
Back Back 0 0 78 78 343 265
Back O -1 4 78 78 281 203
O F -1 5 78 62 140 62
F Space -2 0 62 63 109 47
Space U 3 -3 63 47 172 109
U D -1 4 47 63 327 280
D Back 2 -10 63 63 312 249
Back Back 0 0 63 78 125 62
Back I -1 5 78 110 265 187
I N -2 2 110 110 156 46
N D 1 3 110 93 453 343
D D 0 0 93 109 156 63
D Back 2 -10 109 62 390 281
Back O -1 4 62 62 234 172
O O 0 0 62 78 125 63
O R 0 5 78 78 124 46
R Space -3 0 78 78 110 32
Space A 2 3 78 78 140 62
A N -1 -5 78 78 62 -16
N D 1 3 78 94 156 78
D Space -2 -1 94 78 63 -31
Space O 3 -5 78 171 156 78
O U 0 2 171 94 140 -31
U T 0 2 94 93 141 47
T D -1 2 93 94 764 671
D O 1 -6 94 47 140 46
O O 0 0 47 93 110 63
O R 0 5 93 93 109 16
R Space -3 0 93 78 125 32
Space A 2 3 78 156 140 62
A C -1 -2 156 125 140 -16
C T 2 -2 125 93 266 141
T I 0 -3 93 78 124 31
I V -2 4 78 94 172 94
V I 2 -4 94 78 62 -32
I T 0 3 78 187 1046 968
T Back 1 -8 187 93 577 390
Back T -1 8 93 109 577 484
T I 0 -3 109 93 125 16
I E 0 5 93 188 171 78
E S -1 1 188 140 172 -16
S Space -2 -2 140 78 94 -46
Space I 3 -4 78 109 499 421
I N -2 2 109 78 171 62
N Space -1 2 78 62 172 94
Space T 3 -1 62 78 78 16
T H -1 -1 78 78 125 47
H E 1 3 78 78 93 15
E Space -3 -1 78 78 78 0
Space LShiftKey 1 4 78 188 234 156
LShiftKey B 0 -5 188 94 78 -110
B U 2 -2 94 78 172 78
U F -1 3 78 63 187 109
F F 0 0 63 140 141 78
F A 0 3 140 156 156 16
A L 0 -8 156 78 109 -47
L O 1 0 78 78 140 62
O Space -3 5 78 94 203 125
Space C 1 1 94 109 125 31
C I 2 -5 109 78 93 -16
I T 0 3 78 94 250 172
T Y 0 -1 94 78 203 109
Y OemPeriod -2 -3 78 62 905 827
OemPeriod Back 3 -4 62 62 1669 1607
Back Space -4 9 62 93 234 172
Space E 3 1 93 110 93 0
E X -2 1 110 94 234 124
X C 0 -1 94 156 390 296
C E 2 0 156 156 219 63
E P 0 -7 156 109 218 62
P T 0 5 109 78 187 78
T Space -3 1 78 94 125 47
Space I 3 -4 94 93 172 78
I T 0 3 93 109 140 47
T Space -3 1 109 78 172 63
Space T 3 -1 78 93 312 234
T A -1 4 93 109 234 141
A K 0 -7 109 125 62 -47
K E 1 5 125 125 203 78
E S -1 1 125 125 156 31
S Space -2 -2 125 62 47 -78
Space Space 0 0 62 78 171 109
Space A 2 3 78 94 94 16
A L 0 -8 94 94 421 327
L I 1 1 94 94 203 109
I T 0 3 94 62 250 156
T T 0 0 62 78 156 94
T L -1 -4 78 62 156 78
L Space -2 5 62 94 2012 1950
Space E 3 1 94 94 1045 951
E Space -3 -1 94 109 141 47
Space B 1 -1 109 125 202 93
B I 2 -3 125 140 94 -31
I T 0 3 140 78 125 -15
T Space -3 1 78 93 125 47
Space O 3 -5 93 94 1419 1326
O F -1 5 94 78 141 47
F Space -2 0 78 78 124 46
Space R 3 0 78 171 1124 1046
R E 0 1 171 125 187 16
E S -1 1 125 202 125 0
S E 1 -1 202 187 171 -31
E A -1 2 187 140 219 32
A R 1 -3 140 47 265 125
R C -2 1 47 109 203 156
C H 1 -3 109 78 265 156
H OemPeriod -1 -3 78 78 889 811
OemPeriod Space -1 5 78 93 5585 5507
Space LShiftKey 1 4 93 234 437 344
LShiftKey I 2 -8 234 78 124 -110
I Space -3 4 78 93 7161 7083
Space Back 4 -9 93 93 1061 968
Back Back 0 0 93 63 171 78
Back LShiftKey -3 13 63 219 390 327
LShiftKey T 2 -5 219 94 187 -32
T H -1 -1 94 78 203 109
H E 1 3 78 94 47 -31
E Space -3 -1 94 94 187 93
Space M 1 -3 94 94 203 109
M A 1 6 94 94 109 15
A I 1 -7 94 110 109 15
I N -2 2 110 93 141 31
N Space -1 2 93 78 624 531
Space D 2 1 78 94 187 109
D I 1 -5 94 78 140 46
I S -1 6 78 187 734 656
S A 0 1 187 171 187 0
A D 0 -2 171 94 343 172
D V -1 -1 94 156 328 234
V A 1 3 156 124 156 0
A N -1 -5 124 78 78 -46
N T 2 1 78 31 218 140
T T 0 0 31 63 62 31
T Back 1 -8 63 78 780 717
Back A -2 12 78 94 203 125
A G 0 -4 94 218 437 343
G E 1 2 218 140 203 -15
E Space -3 -1 140 78 249 109
Space I 3 -4 78 109 297 219
I S -1 6 109 109 156 47
S Space -2 -2 109 93 156 47
Space H 2 -2 93 94 343 250
H Back 2 -7 94 78 452 358
Back T -1 8 78 63 156 78
T H -1 -1 63 62 188 125
H E 1 3 62 93 312 250
E Space -3 -1 93 110 2620 2527
Space S 2 2 110 140 219 109
S P 1 -8 140 109 265 125
P L -1 1 109 93 125 16
L I 1 1 93 125 187 94
I T 0 3 125 62 281 156
T Space -3 1 62 94 109 47
Space O 3 -5 94 109 156 62
O F -1 5 109 93 94 -15
F Space -2 0 93 94 124 31
Space N 1 -2 94 125 172 78
N O 2 -3 125 156 94 -31
O T 0 4 156 78 171 15
T Back 1 -8 78 93 375 297
Back Back 0 0 93 78 156 63
Back Back 0 0 78 1888 2152 2074
Back LShiftKey -3 13 1888 202 12715 10827
LShiftKey I 2 -8 202 78 93 -109
I Space -3 4 78 109 172 94
Space W 3 2 109 109 125 16
W O 0 -7 109 125 171 62
O U 0 2 125 141 31 -94
U L -1 -2 141 172 234 93
L D 0 6 172 78 188 16
D Space -2 -1 78 62 17066 16988
Space L 2 -5 62 62 8315 8253
L O 1 0 62 47 171 109
O I 0 1 47 125 203 156
I Back 1 -5 125 47 468 343
Back Back 0 0 47 78 125 78
Back K -2 5 78 78 406 328
K Back 2 -5 78 93 421 343
Back K -2 5 93 140 437 344
K E 1 5 140 109 156 16
E Back 1 -10 109 62 468 359
Back Back 0 0 62 78 124 62
Back I -1 5 78 172 312 234
I K -1 0 172 109 203 31
K E 1 5 109 125 47 -62
E Space -3 -1 125 94 187 62
Space T 3 -1 94 109 141 47
T Space -3 1 109 78 327 218
Space Back 4 -9 78 78 390 312
Back O -1 4 78 94 499 421
O Space -3 5 94 93 188 94
Space O 3 -5 93 78 171 78
O R 0 5 78 109 125 47
R G -1 -1 109 125 203 94
G A 0 4 125 124 203 78
A N -1 -5 124 124 156 32
N I 2 -2 124 109 156 32
I Z -2 7 109 234 109 0
Z E 2 -2 234 172 218 -16
E Space -3 -1 172 94 390 218
Space G 2 -1 94 156 343 249
G E 1 2 156 141 156 0
E T 0 -2 141 94 156 15
T Space -3 1 94 94 94 0
Space T 3 -1 94 62 156 62
T O 0 -4 62 78 1014 952
O G -1 4 78 141 140 62
G E 1 2 141 156 156 15
E T 0 -2 156 125 172 16
T H -1 -1 125 93 47 -78
H E 1 3 93 140 203 110
E R 0 -1 140 109 93 -47
R Space -3 0 109 78 359 250
Space P 3 -6 78 125 156 78
P A -1 9 125 110 140 15
A R 1 -3 110 110 234 124
R T 0 -1 110 94 250 140
T E 0 2 94 172 452 358
E Back 1 -10 172 78 422 250
Back I -1 5 78 140 312 234
I E 0 5 140 156 187 47
E S -1 1 156 141 171 15
S Space -2 -2 141 78 1358 1217
Space F 2 0 78 94 171 93
F O 1 -5 94 94 109 15
O R 0 5 94 78 141 47
R Space -3 0 78 93 1092 1014
Space I 3 -4 93 141 218 125
I Back 1 -5 141 78 702 561
Back Back 0 0 78 78 156 78
Back Back 0 0 78 78 141 63
Back Back 0 0 78 62 156 78
Back Back 0 0 62 63 124 62
Back T -1 8 63 78 141 78
T O 0 -4 78 109 125 47
O Space -3 5 109 94 202 93
Space I 3 -4 94 63 203 109
I N -2 2 63 109 78 15
N C 0 3 109 141 156 47
C R 2 -1 141 109 297 156
R E 0 1 109 93 0 -109
E A -1 2 93 203 873 780
A S 0 -1 203 125 187 -16
S E 1 -1 125 93 266 141
E Space -3 -1 93 78 920 827
Space S 2 2 78 125 187 109
S O 1 -7 125 93 172 47
O C -2 6 93 109 78 -15
C I 2 -5 109 63 140 31
I A -1 7 63 109 78 15
A L 0 -8 109 78 172 63
L Space -2 5 78 78 265 187
Space A 2 3 78 94 312 234
A C -1 -2 94 109 343 249
C T 2 -2 109 78 250 141
T I 0 -3 78 94 93 15
I V -2 4 94 125 141 47
V I 2 -4 125 78 78 -47
I E 0 5 78 156 327 249
E R 0 -1 156 78 188 32
R Back 1 -9 78 94 483 405
Back S -2 11 94 109 156 62
S Space -2 -2 109 94 671 562
Space I 3 -4 94 94 733 639
I N -2 2 94 78 156 62
N Space -1 2 78 78 187 109
Space Capital 2 4 78 94 156 78
Capital B -1 -5 94 93 843 749
B Capital 1 5 93 94 405 312
Capital U 1 -7 94 94 172 78
U F -1 3 94 78 608 514
F F 0 0 78 125 141 63
F A 0 3 125 124 203 78
A L 0 -8 124 94 1029 905
L O 1 0 94 62 172 78
O OemPeriod -2 0 62 78 171 109
OemPeriod T 2 4 78 93 3230 3152
T I 0 -3 93 78 296 203
I LShiftKey -2 8 78 280 28798 28720
LShiftKey LShiftKey 0 0 280 203 655 375
LShiftKey T 2 -5 203 94 93 -110
T H -1 -1 94 78 203 109
H E 1 3 78 93 94 16
E Space -3 -1 93 94 109 16
Space P 3 -6 94 124 172 78
P R 0 6 124 78 187 63
R I 0 -4 78 78 78 0
I C -2 5 78 140 265 187
C Back 3 -10 140 78 406 266
Back Back 0 0 78 62 156 78
Back Back 0 0 62 78 140 78
Back Back 0 0 78 63 343 265
Back P -1 3 63 156 1342 1279
P I 0 2 156 125 140 -16
I C -2 5 125 141 156 31
C U 2 -4 141 63 499 358
U Back 1 -6 63 62 500 437
Back T -1 8 62 94 124 62
T U 0 -2 94 78 188 94
U R 0 3 78 172 93 15
R E 0 1 172 124 141 -31
E Space -3 -1 124 94 124 0
Space L 2 -5 94 62 219 125
L O 1 0 62 62 156 94
O O 0 0 62 93 156 94
O K -1 1 93 124 203 110
K I 1 0 124 109 187 63
I Back 1 -5 109 110 873 764
Back S -2 11 110 141 125 15
S Space -2 -2 141 93 1623 1482
Space A 2 3 93 140 234 141
A Space -2 -3 140 94 2464 2324
Space P 3 -6 94 140 484 390
P U 0 3 140 109 172 32
U B -2 2 109 94 171 62
B L 1 -4 94 110 109 15
L I 1 1 110 62 219 109
I C -2 5 62 140 78 16
C Space -1 -1 140 94 187 47
Space G 2 -1 94 125 374 280
G A 0 4 125 125 172 47
A T 1 -4 125 78 203 78
T H -1 -1 78 78 93 15
H E 1 3 78 156 94 16
E R 0 -1 156 109 125 -31
R I 0 -4 109 109 608 499
I N -2 2 109 94 156 47
N G 1 1 94 78 219 125
G Space -2 1 78 78 655 577
Space A 2 3 78 172 140 62
A T 1 -4 172 93 297 125
T Space -3 1 93 78 171 78
Space A 2 3 78 141 125 47
A Space -2 -3 141 109 156 15
Space P 3 -6 109 234 203 94
P I 0 2 234 124 250 16
I C -2 5 124 124 312 188
C I 2 -5 124 140 468 344
I Back 1 -5 140 93 390 250
Back N -3 7 93 171 234 141
N I 2 -2 171 124 156 -15
I C -2 5 124 141 124 0
C Space -1 -1 141 94 172 31
Space S 2 2 94 140 1654 1560
S P 1 -8 140 171 156 16
P O 0 1 171 125 140 -31
O T 0 4 125 78 172 47
T Space -3 1 78 93 3073 2995
Space O 3 -5 93 78 234 141
O R 0 5 78 94 109 31
R Space -3 0 94 78 156 62
Space A 2 3 78 140 5429 5351
A Space -2 -3 140 93 234 94
Space R 3 0 93 141 608 515
R E 0 1 141 156 141 0
E S -1 1 156 156 140 -16
S O 1 -7 156 110 140 -16
O R 0 5 110 62 1342 1232
R T 0 -1 62 93 437 375
T OemPeriod -2 -4 93 94 764 671
OemPeriod Space -1 5 94 94 234 140
Space Back 4 -9 94 47 9313 9219
Back Back 0 0 47 78 780 733
Back OemPeriod -3 4 78 63 281 203
OemPeriod Space -1 5 63 78 5850 5787
Space LShiftKey 1 4 78 375 780 702
LShiftKey A 1 -1 375 187 234 -141
A Space -2 -3 187 78 655 468
Space F 2 0 78 140 500 422
F E 1 1 140 110 202 62
E W 0 1 110 109 203 93
W Space -3 -2 109 93 141 32
Space P 3 -6 93 172 171 78
P E 0 7 172 94 125 -47
E P 0 -7 94 281 234 140
P L -1 1 281 187 187 -94
L E 1 6 187 94 281 94
E Back 1 -10 94 93 562 468
Back Back 0 0 93 62 156 63
Back Back 0 0 62 78 124 62
Back O -1 4 78 187 266 188
O P 0 -1 187 188 202 15
P L -1 1 188 125 156 -32
L E 1 6 125 78 141 16
E Space -3 -1 78 93 125 47
Space A 2 3 93 140 156 63
A R 1 -3 140 171 234 94
R E 0 1 171 109 171 0
E Space -3 -1 109 94 109 0
Space S 2 2 94 109 125 31
S P 1 -8 109 109 94 -15
P E 0 7 109 94 140 31
E N -2 -3 94 109 453 359
N G 1 1 109 94 249 140
G I 1 -3 94 94 78 -16
I Back 1 -5 94 62 359 265
Back Back 0 0 62 93 125 63
Back D -2 10 93 109 187 94
D I 1 -5 109 125 125 16
I N -2 2 125 93 125 0
N G 1 1 93 78 109 16
G Space -2 1 78 94 109 31
Space T 3 -1 94 63 140 46
T H -1 -1 63 78 94 31
H E 1 3 78 93 125 47
E I 0 -5 93 78 109 16
I R 0 4 78 78 156 78
R Space -3 0 78 78 172 94
Space T 3 -1 78 62 374 296
T I 0 -3 62 109 94 32
I M -2 1 109 93 156 47
M E 2 4 93 94 124 31
E Space -3 -1 94 78 110 16
Space W 3 2 78 94 171 93
W I 0 -6 94 93 63 -31
I T 0 3 93 78 171 78
T H -1 -1 78 78 47 -31
H Space -2 2 78 78 187 109
Space T 3 -1 78 78 109 31
T H -1 -1 78 94 125 47
H E 1 3 94 93 141 47
E I 0 -5 93 62 140 47
I R 0 4 62 78 140 78
R Space -3 0 78 78 141 63
Space F 2 0 78 78 249 171
F A 0 3 78 141 156 78
A M -1 -6 141 94 234 93
M I 2 -1 94 78 203 109
I L -1 -1 78 78 203 125
L I 1 1 78 78 172 94
I E 0 5 78 187 374 296
E S -1 1 187 124 172 -15
S Space -2 -2 124 78 2012 1888
Space A 2 3 78 93 125 47
A R 1 -3 93 78 265 172
R O 0 -5 78 93 16 -62
O U 0 2 93 140 234 141
U N -2 1 140 94 218 78
N D 1 3 94 94 187 93
D Space -2 -1 94 78 156 62
Space T 3 -1 78 93 219 141
T H -1 -1 93 78 78 -15
H E 1 3 78 93 187 109
E Space -3 -1 93 62 47 -46
Space S 2 2 62 109 530 468
S W 1 0 109 94 187 78
W I 0 -6 94 78 156 62
I M -2 1 78 63 234 156
M M 0 0 63 109 125 62
M N 0 1 109 62 312 203
N G 1 1 62 78 47 -15
G Space -2 1 78 78 187 109
Space P 3 -6 78 93 874 796
P O 0 1 93 62 234 141
O O 0 0 62 78 140 78
O L -1 0 78 78 172 94
L Space -2 5 78 93 2917 2839
Space A 2 3 93 109 109 16
A N -1 -5 109 78 140 31
N D 1 3 78 93 141 63
D Space -2 -1 93 78 171 78
Space A 2 3 78 94 468 390
A Space -2 -3 94 78 172 78
Space F 2 0 78 93 1295 1217
F E 1 1 93 203 234 141
E W 0 1 203 140 203 0
W Space -3 -2 140 94 249 109
Space T 3 -1 94 93 219 125
T A -1 4 93 125 171 78
A K 0 -7 125 78 78 -47
K I 1 0 78 109 172 94
I N -2 2 109 109 125 16
N G 1 1 109 93 109 0
G Space -2 1 93 78 140 47
Space A 2 3 78 109 94 16
A Space -2 -3 109 62 156 47
Space R 3 0 62 78 390 328
R I 0 -4 78 94 93 15
I D -1 5 94 141 125 31
D E 1 0 141 109 172 31
E Space -3 -1 109 94 109 0
Space O 3 -5 94 109 187 93
O N -2 3 109 93 141 32
N Space -1 2 93 78 171 78
Space T 3 -1 78 62 125 47
T H -1 -1 62 78 125 63
H E 1 3 78 93 78 0
E Space -3 -1 93 78 249 156
Space S 2 2 78 93 812 734
S T 1 -3 93 141 249 156
T E 0 2 141 140 219 78
E A -1 2 140 124 156 16
A M -1 -6 124 109 156 32
M E 2 4 109 156 156 47
E R 0 -1 156 31 234 78
R S -1 2 31 93 889 858
S OemPeriod -1 -7 93 78 873 780
OemPeriod Space -1 5 78 78 250 172
Space LShiftKey 1 4 78 234 14087 14009
LShiftKey T 2 -5 234 32 249 15
T H -1 -1 32 78 141 109
H Back 2 -7 78 78 577 499
Back Back 0 0 78 78 156 78
Back LShiftKey -3 13 78 281 187 109
LShiftKey T 2 -5 281 93 219 -62
T H -1 -1 93 78 202 109
H E 1 3 78 125 78 0
E R 0 -1 125 156 125 0
R E 0 1 156 109 125 -31
E Space -3 -1 109 93 125 16
Space A 2 3 93 93 125 32
A Space -2 -3 93 62 140 47
Space Space 0 0 62 78 546 484
Space F 2 0 78 109 125 47
F E 1 1 109 109 187 78
E W 0 1 109 93 203 94
W Space -3 -2 93 110 93 0
Space A 2 3 110 109 110 0
A N -1 -5 109 125 124 15
N I 2 -2 125 94 172 47
I M -2 1 94 94 312 218
M A 1 6 94 94 140 46
A L 0 -8 94 94 125 31
L Space -2 5 94 94 203 109
Space T 3 -1 94 94 811 717
T A -1 4 94 140 172 78
A K 0 -7 140 109 78 -62
K I 1 0 109 46 203 94
I N -2 2 46 78 93 47
N G 1 1 78 94 421 343
G Space -2 1 94 93 188 94
Space Space 0 0 93 78 390 297
Space Back 4 -9 78 93 499 421
Back A -2 12 93 109 187 94
A Space -2 -3 109 78 172 63
Space D 2 1 78 94 639 561
D I 1 -5 94 187 78 -16
I P 0 -2 187 156 156 -31
P Space -3 6 156 109 219 63
Space I 3 -4 109 125 171 62
I N -2 2 125 78 156 31
N Space -1 2 78 93 172 94
Space T 3 -1 93 78 78 -15
T H -1 -1 78 78 156 78
H E 1 3 78 93 78 0
E Space -3 -1 93 94 109 16
Space W 3 2 94 125 156 62
W A -1 1 125 141 109 -16
A T 1 -4 141 109 250 109
T E 0 2 109 187 140 31
E R 0 -1 187 93 141 -46
R OemPeriod -2 -5 93 62 686 593
OemPeriod Space -1 5 62 62 156 94
Space LShiftKey 1 4 62 203 7457 7395
LShiftKey T 2 -5 203 94 171 -32
T H -1 -1 94 78 188 94
H E 1 3 78 93 78 0
E Space -3 -1 93 78 140 47
Space Back 4 -9 78 63 7160 7082
Back Back 0 0 63 78 141 78
Back Back 0 0 78 78 140 62
Back Back 0 0 78 78 156 78
Back LShiftKey -3 13 78 265 468 390
LShiftKey A 1 -1 265 156 141 -124
A Space -2 -3 156 94 202 46
Space S 2 2 94 47 203 109
S Back 2 -11 47 78 406 359
Back C -3 10 78 94 140 62
C O 2 -6 94 47 187 93
O M -2 2 47 47 156 109
M M 0 0 47 78 156 109
M M 0 0 78 32 156 78
M Back 3 -6 32 78 500 468
Back E -1 10 78 203 202 124
E R 0 -1 203 125 172 -31
R C -2 1 125 125 265 140
C I 2 -5 125 79 109 -16
I A -1 7 79 93 157 78
A L 0 -8 93 109 109 16
L Space -2 5 109 78 218 109
Space B 1 -1 78 109 593 515
B O 2 -4 109 124 172 63
O A -1 8 124 140 109 -15
A T 1 -4 140 93 234 94
T Space -3 1 93 109 109 16
Space I 3 -4 109 125 187 78
I N -2 2 125 78 141 16
N Space -1 2 78 78 187 109
Space T 3 -1 78 62 156 78
T H -1 -1 62 78 140 78
H E 1 3 78 125 78 0
E Space -3 -1 125 78 172 47
Space B 1 -1 78 78 203 125
B A 1 4 78 141 124 46
A C -1 -2 141 171 110 -31
C K 1 -5 171 78 218 47
K G 0 3 78 156 546 468
G R 1 1 156 109 156 0
R O 0 -5 109 171 94 -15
O U 0 2 171 156 156 -15
U N -2 1 156 78 312 156
N D 1 3 78 93 156 78
D Space -2 -1 93 93 1560 1467
Space I 3 -4 93 93 187 94
I S -1 6 93 141 93 0
S Space -2 -2 141 78 203 62
Space S 2 2 78 125 156 78
S E 1 -1 125 62 297 172
E E 0 0 62 109 140 78
E N -2 -3 109 62 172 63
N Space -1 2 62 78 234 172
Space G 2 -1 78 78 374 296
G I 1 -3 78 78 156 78
I V -2 4 78 78 172 94
V I 2 -4 78 109 93 15
I N -2 2 109 93 172 63
N G 1 1 93 78 125 32
G Space -2 1 78 78 904 826
Space A 2 3 78 141 125 47
A N -1 -5 141 78 187 46
N Space -1 2 78 78 188 110
Space I 3 -4 78 109 187 109
I D -1 5 109 172 187 78
D E 1 0 172 172 187 15
E A -1 2 172 109 203 31
A Space -2 -3 109 94 140 31
Space O 3 -5 94 93 188 94
O A -1 8 93 125 218 125
A Back 2 -12 125 110 842 717
Back Back 0 0 110 141 1014 904
Back Back 0 0 141 110 156 15
Back Back 0 0 110 47 219 109
Back Back 0 0 47 109 78 31
Back Back 0 0 109 62 187 78
Back Back 0 0 62 78 140 78
Back Back 0 0 78 63 156 78
Back Back 0 0 63 78 484 421
Back Space -4 9 78 78 733 655
Space H 2 -2 78 124 219 141
H I 1 -2 124 125 140 16
I N -2 2 125 93 281 156
N T 2 1 93 63 218 125
T Space -3 1 63 78 468 405
Space O 3 -5 78 78 172 94
O F -1 5 78 62 109 31
F Space -2 0 62 78 109 47
Space A 2 3 78 125 125 47
A N -1 -5 125 62 125 0
N Space -1 2 62 78 171 109
Space H 2 -2 78 62 219 141
H A 0 5 62 125 93 31
A R 1 -3 125 94 250 125
R B -2 -1 94 109 499 405
B U 2 -2 109 125 328 219
U T 0 2 125 78 156 31
T Space -3 1 78 94 171 93
Space P 3 -6 94 94 172 78
P Back 1 -3 94 63 374 280
Back Back 0 0 63 78 141 78
Back Back 0 0 78 78 140 62
Back Back 0 0 78 62 141 63
Back O -1 4 62 172 1996 1934
O U 0 2 172 125 156 -16
U R 0 3 125 78 312 187
R Space -3 0 78 109 297 219
Space P 3 -6 109 125 218 109
P R 0 6 125 172 187 62
R E 0 1 172 140 188 16
E S -1 1 140 141 202 62
S E 1 -1 141 110 468 327
E N -2 -3 110 94 203 93
N T 2 1 94 94 156 62
T Space -3 1 94 93 141 47
Space N 1 -2 93 125 187 94
N E 2 3 125 156 187 62
E A -1 2 156 171 718 562
A R 1 -3 171 93 1170 999
R OemPeriod -2 -5 93 94 280 187
OemPeriod S 1 7 94 124 4010 3916
S S 0 0 124 171 1513 1389
S G 0 -3 171 78 43446 43275
G M -1 -2 78 94 109 31
M A 1 6 94 141 140 46
A I 1 -7 141 94 94 -47
I L -1 -1 94 78 234 140
L Return 0 -3 78 47 608 530
Return U 1 5 47 141 2964 2917
U B -2 2 141 125 172 31
B C 0 2 125 109 234 109
C O 2 -6 109 78 187 78
O L -1 0 78 62 219 141
L L 0 0 62 78 124 62
L E 1 6 78 140 110 32
E C -2 0 140 125 187 47
C T 2 -2 125 109 312 187
T I 0 -3 109 188 171 62
I O 0 -1 188 172 250 62
O N -2 3 172 125 390 218
N D0 3 -4 125 78 1326 1201
D0 LShiftKey -3 10 78 593 343 265
LShiftKey D2 3 -2 593 94 421 -172
D2 G -2 -3 94 94 1061 967
G M -1 -2 94 93 141 47
M A 1 6 93 125 109 16
A I 1 -7 125 78 156 31
I L -1 -1 78 78 187 109
L OemPeriod -1 0 78 109 156 78
OemPeriod C 0 6 109 94 187 78
C O 2 -6 94 141 109 15
O M -2 2 141 94 172 31
M Return 1 -5 94 78 343 249
Return D 0 9 78 156 3747 3669
D A 0 2 156 46 203 47
A T 1 -4 46 78 78 32
T A -1 4 78 109 93 15
A C -1 -2 109 94 312 203
C O 2 -6 94 78 187 93
O L -1 0 78 63 203 125
L L 0 0 63 78 125 62
L E 1 6 78 125 156 78
E C -2 0 125 140 203 78
C T 2 -2 140 94 327 187
T I 0 -3 94 156 125 31
I O 0 -1 156 203 156 0
O N -2 3 203 124 219 16
N Return 1 -6 124 109 234 110
Return M -1 5 109 120 22342 22233
M A 1 6 120 135 110 -10
A N -1 -5 135 95 115 -20
N I 2 -2 95 65 155 60
I K -1 0 65 115 145 80
K A 0 7 115 135 558 443
A N -1 -5 135 80 165 30
N T 2 1 80 97 185 105
T M -2 -2 97 105 157 60
M A 1 6 105 140 635 530
A N -1 -5 140 163 140 0
N O 2 -3 163 205 173 10
O H -1 3 205 100 175 -30
H J 0 -1 100 70 10 -90
J A 0 6 70 170 90 20
A R 1 -3 170 155 150 -20
R Back 1 -9 155 100 375 220
Back Back 0 0 100 70 165 65
Back Back 0 0 70 70 135 65
Back A -2 12 70 127 100 30
A R 1 -3 127 140 172 45
R LShiftKey -2 4 140 405 525 385
LShiftKey D2 3 -2 405 45 320 -85
D2 D3 0 -1 45 45 0 -45
D3 Back 0 -10 45 85 1200 1155
Back G -2 8 85 90 175 90
G M -1 -2 90 105 140 50
M A 1 6 105 123 135 30
A I 1 -7 123 95 133 10
I L -1 -1 95 40 245 150
L OemPeriod -1 0 40 90 135 95
OemPeriod C 0 6 90 135 195 105
C O 2 -6 135 155 135 0
O M -2 2 155 95 165 10
M D 1 4 95 92 13203 13108
D O 1 -6 92 102 122 30
O C -2 6 102 225 132 30
C S 1 1 225 165 173 -52
S M -1 -5 165 100 29348 29183
M A 1 6 100 120 110 10
A LShiftKey -1 1 120 340 1200 1080
LShiftKey LShiftKey 0 0 340 230 1040 700
LShiftKey A 1 -1 230 110 570 340
A M -1 -6 110 110 170 60
M A 1 6 110 120 80 -30
A Z -1 0 120 110 200 80
Z O 2 -8 110 100 120 10
O Return -1 -3 100 70 360 260
Return S 0 10 70 140 35490 35420
S L 0 -7 140 100 150 10
L I 1 1 100 80 190 90
I C -2 5 80 130 40 -40
C K 1 -5 130 90 180 50
K D 0 5 90 270 580 490
D E 1 0 270 200 280 10
E A -1 2 200 170 230 30
A L 0 -8 170 120 210 40
L S 0 7 120 80 150 30
S OemPeriod -1 -7 80 80 1070 990
OemPeriod N 0 3 80 90 260 180
N E 2 3 90 220 170 80
E T 0 -2 220 164 200 -20
T Return -1 -7 164 80 312 148
Return M -1 5 80 142 9384 9304
M O 2 -2 142 206 203 61
O U 0 2 206 165 176 -30
U S -1 5 165 303 225 60
S E 1 -1 303 190 295 -8
E Return -1 -9 190 105 3144 2954
Return M -1 5 105 130 12540 12435
M A 1 6 130 200 150 20
A C -1 -2 200 120 210 10
C B 0 -2 120 110 160 40
B O 2 -4 110 90 222 112
O O 0 0 90 146 150 60
O K -1 1 146 160 162 16
K Return 0 -4 160 164 200 40
