E Back 1 -10 109 93 25350 25241
Back Back 0 0 93 109 2012 1919
Back LShiftKey -3 13 109 218 21341 21232
LShiftKey I 2 -8 218 78 125 -93
I Space -3 4 78 109 140 62
Space A 2 3 109 156 47 -62
A M -1 -6 156 94 140 -16
M Space -1 3 94 125 172 78
Space H 2 -2 125 94 686 561
H O 1 -3 94 63 156 62
O N -2 3 63 125 125 62
N E 2 3 125 78 109 -16
E Back 1 -10 78 109 297 219
Back O -1 4 109 110 405 296
O R 0 5 110 171 141 31
R E 0 1 171 124 125 -46
E D -1 0 124 172 202 78
D Space -2 -1 172 125 203 31
Space T 3 -1 125 78 156 31
T O 0 -4 78 62 63 -15
O Space -3 5 62 109 140 78
Space B 1 -1 109 93 172 63
B E 2 2 93 109 78 -15
E Space -3 -1 109 93 109 0
Space W 3 2 93 125 218 125
W I 0 -6 125 93 94 -31
I T 0 3 93 110 93 0
T H -1 -1 110 78 110 0
H Space -2 2 78 94 171 93
Space Y 3 -2 94 78 172 78
Y O 0 -3 78 78 171 93
O U 0 2 78 62 63 -15
U Space -3 3 62 94 171 109
Space T 3 -1 94 94 78 -16
T O 0 -4 94 78 110 16
O D -1 6 78 125 93 15
D A 0 2 125 125 109 -16
A Y 1 -5 125 78 156 31
Y Space -3 2 78 93 188 110
Space A 2 3 93 141 124 31
A T 1 -4 141 93 188 47
T Space -3 1 93 93 109 16
Space Y 3 -2 93 78 187 94
Y O 0 -3 78 78 172 94
O U 0 2 78 94 46 -32
U R 0 3 94 63 125 31
R Space -3 0 63 125 78 15
Space C 1 1 125 78 203 78
C O 2 -6 78 78 265 187
O M -2 2 78 93 172 94
M M 0 0 93 94 171 78
M E 2 4 94 94 125 31
E N -2 -3 94 109 94 0
N S 1 4 109 109 156 47
S Back 2 -11 109 109 499 390
Back C -3 10 109 94 234 125
C E 2 0 94 94 62 -32
E M -2 -4 94 140 63 -31
M E 2 4 140 93 156 16
E N -2 -3 93 109 47 -46
N T 2 1 109 94 124 15
T Space -3 1 94 125 94 0
Space F 2 0 125 109 936 811
F R 1 0 109 93 94 -15
R O 0 -5 93 93 109 16
O M -2 2 93 78 109 16
M Space -1 3 78 94 156 78
Space O 3 -5 94 63 140 46
O N -2 3 63 94 78 15
N E 2 3 94 93 110 16
E Space -3 -1 93 93 78 -15
Space O 3 -5 93 78 171 78
O N -2 3 78 62 141 63
N F 1 2 62 62 702 640
F Back 2 -9 62 93 234 172
Back Back 0 0 93 93 156 63
Back F -2 9 93 94 124 31
F Space -2 0 94 109 110 16
Space T 3 -1 109 94 140 31
T H -1 -1 94 94 78 -16
H E 1 3 94 94 62 -32
E Space -3 -1 94 109 110 16
Space F 2 0 109 78 78 -31
F I 1 -4 78 78 93 15
I N -2 2 78 110 109 31
N E 2 3 110 78 94 -16
E S -1 1 78 110 140 62
S T 1 -3 110 78 172 62
T Space -3 1 78 109 125 47
Space U 3 -3 109 78 187 78
U N -2 1 78 109 109 31
N I 2 -2 109 94 156 47
I V -2 4 94 124 141 47
V E 2 1 124 62 109 -15
E R 0 -1 62 78 171 109
R S -1 2 78 78 203 125
S I 1 -6 78 94 156 78
I T 0 3 94 93 172 78
T I 0 -3 93 94 109 16
I E 0 5 94 94 78 -16
E S -1 1 94 109 156 62
S Space -2 -2 109 78 156 47
Space I 3 -4 78 94 156 78
I N -2 2 94 78 109 15
N Space -1 2 78 109 156 78
Space T 3 -1 109 109 141 32
T H -1 -1 109 109 109 0
H E 1 3 109 94 62 -47
E Space -3 -1 94 109 141 47
Space W 3 2 109 109 140 31
W O 0 -7 109 93 125 16
O R 0 5 93 93 125 32
R L -1 -5 93 94 124 31
L D 0 6 94 78 125 31
D Space -2 -1 78 110 109 31
Space Back 4 -9 110 46 422 312
Back OemPeriod -3 4 46 94 639 593
OemPeriod Space -1 5 94 93 219 125
Space LShiftKey 1 4 93 171 156 63
LShiftKey O 2 -9 171 63 46 -125
O Space -3 5 63 78 156 93
Space Back 4 -9 78 93 219 141
Back Back 0 0 93 109 156 63
Back LShiftKey -3 13 109 202 203 94
LShiftKey I 2 -8 202 78 124 -78
I Space -3 4 78 110 156 78
Space N 1 -2 110 93 188 78
N E 2 3 93 78 93 0
E V -2 -1 78 124 141 63
V E 2 1 124 94 93 -31
E R 0 -1 94 78 172 78
R T 0 -1 78 47 15 -63
T Space -3 1 47 109 125 78
Space G 2 -1 109 94 78 -31
G R 1 1 94 93 172 78
R A -1 3 93 140 187 94
A Back 2 -12 140 94 265 125
Back Back 0 0 94 93 172 78
Back Back 0 0 93 93 156 63
Back Back 0 0 93 78 171 78
Back Back 0 0 78 110 156 78
Back Space -4 9 110 109 281 171
Space G 2 -1 109 94 156 47
G R 1 1 94 94 187 93
R A -1 3 94 124 188 94
A D 0 -2 124 109 109 -15
D U 1 -4 109 94 171 62
U A -1 6 94 94 125 31
A T 1 -4 94 109 234 140
T E 0 2 109 78 141 32
E D -1 0 78 109 140 62
D Space -2 -1 109 94 140 31
Space F 2 0 94 109 203 109
F R 1 0 109 93 63 -46
R O 0 -5 93 78 78 -15
O M -2 2 78 94 124 46
M Space -1 3 94 110 156 62
Space C 1 1 110 109 125 15
C O 2 -6 109 78 109 0
O L -1 0 78 94 156 78
L L 0 0 94 110 156 62
L E 1 6 110 78 94 -16
E G -1 -2 78 78 125 47
G E 1 2 78 93 78 0
E OemPeriod -2 -6 93 109 125 32
OemPeriod Space -1 5 109 156 202 93
Space LShiftKey 1 4 156 811 500 344
LShiftKey Y 2 -6 811 46 546 -265
Y T 0 1 46 31 0 -46
T Back 1 -8 31 125 639 608
Back Back 0 0 125 109 203 78
Back LShiftKey -3 13 109 312 94 -15
LShiftKey T 2 -5 312 125 171 -141
T R 0 1 125 109 515 390
R U 0 -3 109 94 140 31
U T 0 2 94 78 203 109
T H -1 -1 78 94 109 31
H J 0 -1 94 31 47 -47
J Space -2 3 31 94 156 125
Space B 1 -1 94 125 265 171
B Back 3 -8 125 93 297 172
Back Back 0 0 93 94 171 78
Back Back 0 0 94 94 156 62
Back Space -4 9 94 94 234 140
Space B 1 -1 94 94 156 62
B E 2 2 94 78 78 -16
E Space -3 -1 78 109 110 32
Space T 3 -1 109 94 140 31
T O 0 -4 94 78 78 -16
O L -1 0 78 94 156 78
L D 0 6 94 78 78 -16
D Oemcomma -1 -5 78 78 109 31
Oemcomma Space -1 4 78 124 141 63
Space T 3 -1 124 234 296 172
T H -1 -1 234 125 109 -125
H I 1 -2 125 78 141 16
I S -1 6 78 78 124 46
S Space -2 -2 78 94 47 -31
Space I 3 -4 94 78 141 47
I S -1 6 78 109 93 15
S Space -2 -2 109 125 31 -78
Space T 3 -1 125 94 172 47
T H -1 -1 94 94 62 -32
H E 1 3 94 94 78 -16
E Space -3 -1 94 94 94 0
Space C 1 1 94 93 94 0
C L 1 -6 93 94 93 0
L O 1 0 94 109 141 47
O S -1 7 109 93 78 -31
S E 1 -1 93 93 156 63
E S -1 1 93 125 421 328
S T 1 -3 125 78 187 62
T Space -3 1 78 156 125 47
Space LShiftKey 1 4 156 327 1014 858
LShiftKey I 2 -8 327 78 171 -156
I Oem7 -1 -3 78 94 796 718
Oem7 V -1 7 94 94 218 124
V E 2 1 94 93 110 16
E Space -3 -1 93 94 140 47
Space E 3 1 94 78 125 31
E V -2 -1 78 124 125 47
V E 2 1 124 63 93 -31
E R 0 -1 63 78 141 78
R Space -3 0 78 124 234 156
Space G 2 -1 124 94 218 94
G O 1 -4 94 94 109 15
O T 0 4 94 78 94 0
T T 0 0 78 78 171 93
T E 0 2 78 141 78 0
E N -2 -3 141 94 172 31
N Space -1 2 94 125 187 93
Space T 3 -1 125 110 187 62
T O 0 -4 110 93 188 78
O Space -3 5 93 109 171 78
Space A 2 3 109 125 78 -31
A Space -2 -3 125 109 141 16
Space C 1 1 109 94 62 -47
C O 2 -6 94 78 140 46
O L -1 0 78 94 156 78
L L 0 0 94 109 141 47
L E 1 6 109 62 125 16
E G -1 -2 62 124 78 16
G E 1 2 124 94 93 -31
E Space -3 -1 94 109 141 47
Space G 2 -1 109 109 156 47
G A 0 4 109 124 390 281
A D 0 -2 124 109 156 32
D U 1 -4 109 94 171 62
U A -1 6 94 125 94 0
A T 1 -4 125 109 156 31
T R 0 1 109 78 15 -94
R E 0 1 78 47 94 16
E Back 1 -10 47 109 1014 967
Back Back 0 0 109 109 172 63
Back Back 0 0 109 78 171 62
Back Back 0 0 78 94 156 78
Back Back 0 0 94 63 156 62
Back Back 0 0 63 78 141 78
Back Back 0 0 78 78 140 62
Back Back 0 0 78 62 172 94
Back G -2 8 62 78 499 437
G R 1 1 78 94 171 93
R A -1 3 94 109 219 125
A D 0 -2 109 124 125 16
D U 1 -4 124 62 218 94
U A -1 6 62 125 62 0
A T 1 -4 125 109 328 203
T I 0 -3 109 93 203 94
I O 0 -1 93 78 187 94
O N -2 3 78 78 109 31
N OemPeriod 0 -3 78 125 234 156
OemPeriod Space -1 5 125 125 250 125
Space LShiftKey 1 4 125 561 671 546
LShiftKey T 2 -5 561 94 452 -109
T O 0 -4 94 109 203 109
O D -1 6 109 109 109 0
D A 0 2 109 124 94 -15
A Y 1 -5 124 78 109 -15
Y Space -3 2 78 109 203 125
Space LShiftKey 1 4 109 187 93 -16
LShiftKey I 2 -8 187 78 94 -93
I Space -3 4 78 125 140 62
Space W 3 2 125 94 109 -16
W A -1 1 94 125 172 78
A N -1 -5 125 93 94 -31
N T 2 1 93 110 124 31
T Space -3 1 110 93 63 -47
Space T 3 -1 93 94 109 16
T O 0 -4 94 93 94 0
O Space -3 5 93 109 156 63
Space T 3 -1 109 93 78 -31
T E 0 2 93 125 93 0
E L -1 -6 125 78 109 -16
L L 0 0 78 93 141 63
L Space -2 5 93 109 156 63
Space Y 3 -2 109 78 203 94
Y O 0 -3 78 109 171 93
O U 0 2 109 78 63 -46
U Space -3 3 78 109 171 93
Space T 3 -1 109 93 94 -15
T H -1 -1 93 94 109 16
H R 1 2 94 78 78 -16
R E 0 1 78 62 94 16
E Space -3 -1 62 110 514 452
Space Back 4 -9 110 94 328 218
Back E -1 10 94 94 140 46
E Space -3 -1 94 94 94 0
Space S 2 2 94 78 109 15
S T 1 -3 78 78 125 47
T O 0 -4 78 109 94 16
O R 0 5 109 109 93 -16
R I 0 -4 109 93 141 32
I E 0 5 93 78 93 0
E S -1 1 78 94 156 78
S Space -2 -2 94 125 156 62
Space F 2 0 125 94 1170 1045
F R 1 0 94 78 78 -16
R O 0 -5 78 93 94 16
O M -2 2 93 94 140 47
M Space -1 3 94 93 172 78
Space M 1 -3 93 94 171 78
M Y 2 1 94 78 172 78
Y Space -3 2 78 94 187 109
Space L 2 -5 94 93 172 78
L I 1 1 93 94 171 78
I F -1 4 94 109 110 16
F E 1 1 109 109 62 -47
E OemPeriod -2 -6 109 94 156 47
OemPeriod Space -1 5 94 109 187 93
Space LShiftKey 1 4 109 328 203 94
LShiftKey T 2 -5 328 94 218 -110
T H -1 -1 94 109 172 78
H A 0 5 109 109 109 0
A Oem7 0 -10 109 94 312 203
Oem7 S 0 9 94 109 141 47
S Back 2 -11 109 94 436 327
Back Back 0 0 94 110 156 62
Back T -1 8 110 94 125 15
T Oem7 -1 -6 94 94 624 530
Oem7 S 0 9 94 125 125 31
S Space -2 -2 125 93 94 -31
Space I 3 -4 93 93 156 63
I T 0 3 93 78 125 32
T OemPeriod -2 -4 78 94 140 62
OemPeriod Space -1 5 94 125 218 124
Space LShiftKey 1 4 125 203 328 203
LShiftKey N 0 -6 203 124 94 -109
N O 2 -3 124 93 187 63
O Space -3 5 93 110 171 78
Space B 1 -1 110 94 203 93
B I 2 -3 94 109 141 47
I G -1 3 109 94 124 15
G Space -2 1 94 125 78 -16
Space D 2 1 125 141 156 31
D E 1 0 141 93 110 -31
E A -1 2 93 78 202 109
A L 0 -8 78 93 110 32
L Oemcomma -1 1 93 94 218 125
Oemcomma OemPeriod 0 -1 94 78 16 -78
OemPeriod Space -1 5 78 125 171 93
Space Back 4 -9 125 109 749 624
Back Back 0 0 109 125 218 109
Back Back 0 0 125 109 219 94
Back OemPeriod -3 4 109 78 327 218
OemPeriod Space -1 5 78 109 203 125
Space LShiftKey 1 4 109 172 187 78
LShiftKey J 1 -7 172 109 63 -109
J U 1 0 109 94 171 62
U S -1 5 94 124 110 16
S T 1 -3 124 94 202 78
T Space -3 1 94 109 188 94
Space T 3 -1 109 93 109 0
T H -1 -1 93 109 140 47
H R 1 2 109 78 515 406
R E 0 1 78 78 125 47
E E 0 0 78 93 156 78
E Space -3 -1 93 124 203 110
Space S 2 2 124 93 109 -15
S T 1 -3 93 93 156 63
T O 0 -4 93 93 125 32
O R 0 5 93 109 93 0
R E 0 1 109 124 141 32
E I 0 -5 124 93 156 32
I S -1 6 93 94 46 -47
S Back 2 -11 94 110 390 296
Back Back 0 0 110 93 188 78
Back Back 0 0 93 109 140 47
Back I -1 5 109 63 265 156
I E 0 5 63 62 125 62
E S -1 1 62 78 172 110
S OemPeriod -1 -7 78 93 187 109
OemPeriod Return 1 -3 93 78 515 422
Return Return 0 0 78 94 561 483
Return LShiftKey -1 12 94 188 265 171
LShiftKey T 2 -5 188 93 110 -78
T Back 1 -8 93 94 280 187
Back Back 0 0 94 94 172 78
Back Back 0 0 94 109 172 78
Back Return -2 1 109 94 483 374
Return LShiftKey -1 12 94 234 889 795
LShiftKey T 2 -5 234 93 141 -93
T H -1 -1 93 109 156 63
H E 1 3 109 78 78 -31
E Space -3 -1 78 93 125 47
Space F 2 0 93 109 31 -62
F I 1 -4 109 94 140 31
I R 0 4 94 78 78 -16
R S -1 2 78 109 156 78
S T 1 -3 109 78 172 63
T Space -3 1 78 125 171 93
Space S 2 2 125 93 578 453
S T 1 -3 93 94 140 47
T O 0 -4 94 93 125 31
O R 0 5 93 94 93 0
R Y 0 -2 94 63 156 62
Y Space -3 2 63 93 188 125
Space I 3 -4 93 62 156 63
I S -1 6 62 109 78 16
S Space -2 -2 109 94 93 -16
Space A 2 3 94 110 109 15
A B -1 -4 110 94 94 -16
B O 2 -4 94 109 172 78
O U 0 2 109 109 62 -47
U T 0 2 109 78 109 0
T Space -3 1 78 94 109 31
Space C 1 1 94 94 125 31
C O 2 -6 94 78 78 -16
O N -2 3 78 93 141 63
N N 0 0 93 109 156 63
N E 2 3 109 93 78 -31
E C -2 0 93 109 156 63
C T 2 -2 109 94 171 62
T I 0 -3 94 78 109 15
I N -2 2 78 110 78 0
N G 1 1 110 78 110 0
G Space -2 1 78 109 93 15
Space T 3 -1 109 78 78 -31
T H -1 -1 78 78 109 31
H E 1 3 78 78 16 -62
E Space -3 -1 78 110 140 62
Space D 2 1 110 78 94 -16
D O 1 -6 78 78 140 62
O T 0 4 78 94 125 47
T S -1 3 94 94 203 109
S OemPeriod -1 -7 94 93 125 31
OemPeriod Return 1 -3 93 110 327 234
Return Return 0 0 110 109 406 296
Return LShiftKey -1 12 109 296 359 250
LShiftKey I 2 -8 296 78 203 -93
I Space -3 4 78 93 156 78
Space D 2 1 93 78 62 -31
D R 1 -1 78 78 156 78
R O 0 -5 78 78 94 16
O I 0 1 78 46 0 -78
I P 0 -2 46 63 171 125
P P 0 0 63 109 125 62
P E 0 7 109 78 94 -15
E D -1 0 78 94 140 62
D Back 2 -10 94 93 328 234
Back Back 0 0 93 93 156 63
Back Back 0 0 93 93 156 63
Back Back 0 0 93 94 171 78
Back Back 0 0 94 94 156 62
Back P -1 3 94 63 546 452
P P 0 0 63 93 141 78
P E 0 7 93 78 93 0
E D -1 0 78 109 141 63
D Space -2 -1 109 109 93 -16
Space O 3 -5 109 156 187 78
O U 0 2 156 94 125 -31
U T 0 2 94 94 109 15
T Space -3 1 94 109 141 47
Space O 3 -5 109 78 842 733
O F -1 5 78 93 94 16
F Space -2 0 93 94 109 16
Space LShiftKey 1 4 94 405 250 156
LShiftKey R 2 -4 405 141 280 -125
R E 0 1 141 109 219 78
E E 0 0 109 109 187 78
E D -1 0 109 94 187 78
D Space -2 -1 94 109 141 47
Space C 1 1 109 110 46 -63
C O 2 -6 110 63 156 46
O L -1 0 63 78 156 93
L L 0 0 78 109 141 63
L E 1 6 109 62 109 0
E G -1 -2 62 109 94 32
G E 1 2 109 94 93 -16
E Space -3 -1 94 94 2387 2293
Space A 2 3 94 125 296 202
A F 0 -3 125 78 172 47
F T 1 -1 78 78 156 78
T E 0 2 78 94 109 31
E R 0 -1 94 78 172 78
R Space -3 0 78 124 125 47
Space F 2 0 124 93 78 -46
F I 1 -4 93 109 171 78
I R 0 4 109 78 203 94
R S -1 2 78 109 203 125
S T 1 -3 109 94 171 62
T Space -3 1 94 124 188 94
Space D6 4 -2 124 62 842 718
D6 Space -4 2 62 109 78 16
Space M 1 -3 109 62 203 94
M Oemcomma 0 -1 62 32 15 -47
Oemcomma O 2 -1 32 110 78 46
O N -2 3 110 110 156 46
N T 2 1 110 78 172 62
T H -1 -1 78 110 62 -16
H S 0 4 110 94 406 296
S Oemcomma -1 -6 94 94 140 46
Oemcomma Space -1 4 94 94 156 62
Space B 1 -1 94 125 172 78
B Back 3 -8 125 109 359 234
Back Back 0 0 109 94 171 62
Back Back 0 0 94 78 172 78
Back Back 0 0 78 94 156 78
Back Back 0 0 94 94 156 62
Back Back 0 0 94 78 172 78
Back Back 0 0 78 94 140 62
Back Back 0 0 94 94 156 62
Back Back 0 0 94 94 156 62
Back O -1 4 94 78 640 546
O N -2 3 78 109 156 78
N T 2 1 109 109 93 -16
T H -1 -1 109 125 265 156
H S 0 4 125 109 172 47
S Oemcomma -1 -6 109 93 172 63
Oemcomma Space -1 4 93 110 202 109
Space B 1 -1 110 141 390 280
B U 2 -2 141 94 172 31
U T 0 2 94 109 109 15
T Space -3 1 109 125 125 16
Space T 3 -1 125 94 140 15
T H -1 -1 94 109 110 16
H E 1 3 109 78 93 -16
E Space -3 -1 78 125 109 31
Space Back 4 -9 125 172 1654 1529
Back N -3 7 172 94 312 140
N Space -1 2 94 124 172 78
Space S 2 2 124 62 78 -46
S T 1 -3 62 93 109 47
T A -1 4 93 141 171 78
A Y 1 -5 141 109 94 -47
Y E 0 3 109 78 156 47
E D -1 0 78 94 156 78
D Space -2 -1 94 109 156 62
Space A 2 3 109 78 125 16
A R 1 -3 78 93 390 312
R O 0 -5 93 141 140 47
O U 0 2 141 93 141 0
U N -2 1 93 141 171 78
N D 1 3 141 110 109 -32
D Space -2 -1 110 125 125 15
Space A 2 3 125 125 78 -47
A S 0 -1 125 125 172 47
S Space -2 -2 125 109 140 15
Space A 2 3 109 94 125 16
A Space -2 -3 94 140 94 0
Space D 2 1 140 124 234 94
D R 1 -1 124 94 202 78
R O 0 -5 94 94 94 0
O P 0 -1 94 109 172 78
P OemMinus 1 -1 109 109 265 156
OemMinus I -1 3 109 109 281 172
I N -2 2 109 125 124 15
N Space -1 2 125 156 203 78
Space F 2 0 156 94 281 125
F O 1 -5 94 94 109 15
O R 0 5 94 78 63 -31
R Space -3 0 78 109 156 78
Space A 2 3 109 140 62 -47
A N -1 -5 140 125 156 16
N O 2 -3 125 93 172 47
O T 0 4 93 125 93 0
T H -1 -1 125 125 109 -16
H E 1 3 125 94 78 -47
E R 0 -1 94 94 156 62
R Space -3 0 94 125 203 109
Space D1 4 3 125 110 499 374
D1 D9 0 -8 110 124 188 78
D9 Back 0 -4 124 172 764 640
Back D8 0 5 172 78 390 218
D8 Space -4 4 78 109 172 94
Space M 1 -3 109 109 187 78
M O 2 -2 109 31 156 47
O N -2 3 31 125 93 62
N T 2 1 125 125 94 -31
T H -1 -1 125 110 140 15
H S 0 4 110 94 125 15
S Space -2 -2 94 110 109 15
Space O 3 -5 110 78 484 374
O R 0 5 78 93 125 47
R Space -3 0 93 140 78 -15
Space S 2 2 140 141 93 -47
S O 1 -7 141 78 125 -16
O Space -3 5 78 125 156 78
Space B 1 -1 125 125 187 62
B E 2 2 125 94 94 -31
E F -1 -1 94 125 109 15
F O 1 -5 125 94 156 31
O R 0 5 94 125 47 -47
R E 0 1 125 109 78 -47
E Space -3 -1 109 109 109 0
Space LShiftKey 1 4 109 187 156 47
LShiftKey I 2 -8 187 78 78 -109
I Space -3 4 78 172 125 47
Space R 3 0 172 109 125 -47
R E 0 1 109 93 78 -31
E Q 0 2 93 125 156 63
Q A -1 0 125 110 249 124
A L 0 -8 110 78 125 15
L L 0 0 78 93 141 63
L Back 2 -4 93 93 234 141
Back Back 0 0 93 93 156 63
Back Back 0 0 93 93 156 63
Back Back 0 0 93 109 171 78
Back A -2 12 109 109 156 47
A L 0 -8 109 94 125 16
L L 0 0 94 94 156 62
L Y 1 3 94 78 187 93
Y Space -3 2 78 94 203 125
Space Q 3 3 94 109 94 0
Q U 0 -6 109 94 124 15
U I 0 -1 94 109 172 78
I T 0 3 109 94 218 109
T OemPeriod -2 -4 94 63 312 218
OemPeriod Oemcomma 0 1 63 32 0 -63
Oemcomma Space -1 4 32 125 780 748
Space LShiftKey 1 4 125 312 110 -15
LShiftKey S 1 -2 312 109 187 -125
S O 1 -7 109 93 203 94
O Space -3 5 93 140 624 531
Space W 3 2 140 110 124 -16
W H -1 -4 110 109 110 0
H Y 1 0 109 93 156 47
Y Space -3 2 93 94 202 109
Space D 2 1 94 93 110 16
D I 1 -5 93 62 78 -15
I D -1 5 62 62 109 47
D Space -2 -1 62 78 47 -15
Space LShiftKey 1 4 78 172 171 93
LShiftKey I 2 -8 172 78 63 -109
I Space -3 4 78 110 124 46
Space D 2 1 110 78 125 15
D R 1 -1 78 78 156 78
R O 0 -5 78 78 94 16
O P 0 -1 78 94 140 62
P Space -3 6 94 125 172 78
Space O 3 -5 125 109 187 62
O U 0 2 109 109 94 -15
U T 0 2 109 94 124 15
T RShiftKey -2 -6 94 203 250 156
RShiftKey OemQuestion 0 1 203 141 109 -94
OemQuestion Return 1 -2 141 140 203 62
Return Return 0 0 140 156 374 234
Return LShiftKey -1 12 156 266 390 234
LShiftKey I 2 -8 266 93 188 -78
I T 0 3 93 109 265 172
T Space -3 1 109 125 93 -16
Space S 2 2 125 124 1280 1155
S T 1 -3 124 93 187 63
T A -1 4 93 172 171 78
A R 1 -3 172 94 156 -16
R T 0 -1 94 94 156 62
T E 0 2 94 47 156 62
E D -1 0 47 94 125 78
D Space -2 -1 94 93 172 78
Space B 1 -1 93 110 171 78
B E 2 2 110 125 78 -32
E F -1 -1 125 125 156 31
F O 1 -5 125 78 172 47
O R 0 5 78 110 62 -16
R E 0 1 110 93 63 -47
E Space -3 -1 93 109 109 16
Space LShiftKey 1 4 109 156 140 31
LShiftKey I 2 -8 156 78 78 -78
I Space -3 4 78 124 110 32
Space W 3 2 124 109 78 -46
W A -1 1 109 94 171 62
A S 0 -1 94 109 156 62
S Space -2 -2 109 94 109 0
Space B 1 -1 94 94 156 62
B O 2 -4 94 94 156 62
O R 0 5 94 78 125 31
R N -2 -2 78 109 94 16
N B 0 1 109 32 15 -94
B OemPeriod 0 -4 32 109 297 265
OemPeriod Space -1 5 109 125 249 140
Space LShiftKey 1 4 125 188 156 31
LShiftKey M 0 -7 188 109 94 -94
M Y 2 1 109 78 203 94
Y Space -3 2 78 94 187 109
Space B 1 -1 94 109 172 78
B I 2 -3 109 94 171 62
I O 0 -1 94 94 187 93
O L -1 0 94 109 453 359
L O 1 0 109 94 171 62
O G -1 4 94 109 125 31
G I 1 -3 109 94 156 47
I C -2 5 94 110 109 15
C A 1 2 110 93 110 0
A L 0 -8 93 78 109 16
L Space -2 5 78 93 156 78
Space M 1 -3 93 78 171 78
M O 2 -2 78 125 63 -15
O T 0 4 125 125 140 15
T H -1 -1 125 125 94 -31
H E 1 3 125 94 109 -16
E R 0 -1 94 78 172 78
R Space -3 0 78 109 187 109
Space W 3 2 109 94 140 31
W A -1 1 94 94 156 62
A S 0 -1 94 94 156 62
S Space -2 -2 94 109 94 0
Space A 2 3 109 94 93 -16
A Space -2 -3 94 109 110 16
Space Y 3 -2 109 94 202 93
Y O 0 -3 94 125 172 78
O U 0 2 125 94 78 -47
U N -2 1 94 124 172 78
N G 1 1 124 94 140 16
G Oemcomma -1 -3 94 109 109 15
Oemcomma Space -1 4 109 141 156 47
Space U 3 -3 141 78 531 390
U N -2 1 78 125 93 15
N W 2 4 125 47 343 218
W E 0 -1 47 94 328 281
E D -1 0 94 93 172 78
D Space -2 -1 93 94 124 31
Space C 1 1 94 78 110 16
C O 2 -6 78 78 93 15
O L -1 0 78 94 156 78
L L 0 0 94 109 156 62
L E 1 6 109 78 109 0
E G -1 -2 78 125 94 16
G E 1 2 125 94 109 -16
E Space -3 -1 94 109 125 31
Space G 2 -1 109 78 468 359
G R 1 1 78 109 156 78
R A -1 3 109 141 187 78
A D 0 -2 141 140 125 -16
D U 1 -4 140 109 250 110
U A -1 6 109 109 109 0
A T 1 -4 109 125 156 47
T E 0 2 125 94 109 -16
E Space -3 -1 94 94 608 514
Space S 2 2 94 109 63 -31
S T 1 -3 109 109 156 47
T U 0 -2 109 93 156 47
U D -1 4 93 125 78 -15
D E 1 0 125 94 93 -32
E N -2 -3 94 125 125 31
N T 2 1 125 94 78 -47
T Space -3 1 94 125 156 62
Space Back 4 -9 125 156 390 265
Back Oemcomma -3 5 156 124 375 219
Oemcomma Space -1 4 124 125 171 47
Space A 2 3 125 125 109 -16
A N -1 -5 125 109 110 -15
N D 1 3 109 93 109 0
D Space -2 -1 93 125 109 16
Space S 2 2 125 125 749 624
S H 0 -4 125 109 78 -47
H E 1 3 109 78 140 31
E Space -3 -1 78 109 94 16
Space D 2 1 109 93 78 -31
D E 1 0 93 78 109 16
E I 0 -5 78 109 109 31
I C -2 5 109 109 172 63
C Back 3 -10 109 78 546 437
Back Back 0 0 78 93 156 78
Back C -3 10 93 109 125 32
C I 2 -5 109 125 140 31
I D -1 5 125 125 78 -47
D E 1 0 125 78 94 -31
E D -1 0 78 109 156 78
D Space -2 -1 109 125 187 78
Space T 3 -1 125 78 171 46
T O 0 -4 78 93 141 63
O Space -3 5 93 156 203 110
Space P 3 -6 156 109 795 639
P U 0 3 109 109 172 63
U T 0 2 109 78 109 0
T Space -3 1 78 93 125 47
Space M 1 -3 93 109 140 47
M E 2 4 109 93 63 -46
E Space -3 -1 93 140 109 16
Space F 2 0 140 47 140 0
F Back 2 -9 47 125 593 546
Back U -1 6 125 93 281 156
U Y 0 1 93 78 0 -93
Y Back 1 -7 78 125 499 421
Back P -1 3 125 110 296 171
P Space -3 6 110 109 188 78
Space F 2 0 109 109 78 -31
F O 1 -5 109 62 109 0
O R 0 5 62 94 62 0
R Space -3 0 94 109 94 0
Space A 2 3 109 140 359 250
A D 0 -2 140 94 171 31
D A 0 2 94 109 125 31
A P 1 -9 109 109 250 141
P T 0 5 109 78 156 47
T I 0 -3 78 94 93 15
I O 0 -1 94 78 203 109
O P 0 -1 78 62 0 -78
P N -2 4 62 124 172 110
N Back 3 -7 124 94 1294 1170
Back Back 0 0 94 109 172 78
Back N -3 7 109 78 655 546
N OemPeriod 0 -3 78 93 219 141
OemPeriod Space -1 5 93 125 218 125
Space LShiftKey 1 4 125 281 125 0
LShiftKey S 1 -2 281 125 171 -110
S H 0 -4 125 94 125 0
H E 1 3 94 78 109 15
E Space -3 -1 78 109 110 32
Space F 2 0 109 94 218 109
F E 1 1 94 78 109 15
E L -1 -6 78 109 141 63
L T 1 4 109 78 109 0
T Space -3 1 78 140 109 31
Space V 1 0 140 109 156 16
V E 2 1 109 109 94 -15
E R 0 -1 109 109 156 47
R Y 0 -2 109 78 140 31
Y Space -3 2 78 109 187 109
Space S 2 2 109 109 63 -46
S T 1 -3 109 78 171 62
T R 0 1 78 78 156 78
R O 0 -5 78 94 47 -31
O N -2 3 94 109 109 15
N G 1 1 109 78 94 -15
G L 0 -4 78 94 109 31
L Y 1 3 94 78 218 124
Y Space -3 2 78 140 578 500
Space T 3 -1 140 125 124 -16
T H -1 -1 125 125 141 16
H A 0 5 125 125 109 -16
A T 1 -4 125 109 125 0
T Space -3 1 109 125 109 0
Space LShiftKey 1 4 125 203 203 78
LShiftKey I 2 -8 203 94 109 -94
I Space -3 4 94 125 140 46
Space S 2 2 125 94 94 -31
S H 0 -4 94 125 125 31
H O 1 -3 125 141 171 46
O U 0 2 141 109 94 -47
U L -1 -2 109 109 172 63
L D 0 6 109 94 93 -16
D Space -2 -1 94 110 109 15
Space B 1 -1 110 109 172 62
B E 2 2 109 94 78 -31
E Space -3 -1 94 141 109 15
Space A 2 3 141 78 562 421
A D 0 -2 78 94 140 62
D O 1 -6 94 125 593 499
O P 0 -1 125 125 218 93
P T 0 5 125 109 125 0
T E 0 2 109 93 172 63
E D -1 0 93 62 203 110
D Space -2 -1 62 94 140 78
Space B 1 -1 94 110 764 670
B Y 2 -1 110 94 156 46
Y Space -3 2 94 94 156 62
Space C 1 1 94 78 110 16
C O 2 -6 78 78 93 15
O L -1 0 78 78 156 78
L O 1 0 78 47 16 -62
O L -1 0 47 125 140 93
L E 1 6 125 78 94 -31
E G -1 -2 78 109 109 31
G E 1 2 109 78 94 -15
E OemPeriod -2 -6 78 78 124 46
OemPeriod Back 3 -4 78 94 234 156
Back Back 0 0 94 94 172 78
Back Back 0 0 94 78 172 78
Back G -2 8 78 125 889 811
G E 1 2 125 94 109 -16
E Oemcomma -2 -5 94 93 172 78
Oemcomma OemPeriod 0 -1 93 78 0 -93
OemPeriod Back 3 -4 78 125 1684 1606
Back Back 0 0 125 78 562 437
Back Space -4 9 78 94 234 156
Space G 2 -1 94 78 109 15
G R 1 1 78 78 187 109
R A -1 3 78 93 188 110
A D 0 -2 93 94 124 31
D U 1 -4 94 94 156 62
U A -1 6 94 109 110 16
A T 1 -4 109 109 140 31
T E 0 2 109 109 94 -15
E S -1 1 109 93 343 234
S Oemcomma -1 -6 93 156 296 203
Oemcomma Space -1 4 156 109 312 156
Space S 2 2 109 109 702 593
S O 1 -7 109 78 94 -15
O Space -3 5 78 125 171 93
Space E 3 1 125 93 63 -62
E V -2 -1 93 124 125 32
V E 2 1 124 63 93 -31
E R 0 -1 63 94 125 62
R Y 0 -2 94 93 125 31
Y T 0 1 93 94 109 16
T H -1 -1 94 124 94 0
H I 1 -2 124 109 156 32
I N -2 2 109 110 124 15
N G 1 1 110 78 78 -32
G Space -2 1 78 141 156 78
Space W 3 2 141 125 905 764
W A -1 1 125 78 187 62
A S 0 -1 78 94 156 78
S Space -2 -2 94 124 110 16
Space A 2 3 124 93 78 -46
A L 0 -8 93 78 140 47
L L 0 0 78 93 125 47
L Space -2 5 93 140 156 63
Space S 2 2 140 110 93 -47
S E 1 -1 110 93 141 31
E T 0 -2 93 94 171 78
T Space -3 1 94 125 94 0
Space F 2 0 125 109 125 0
F O 1 -5 109 94 109 0
O R 0 5 94 78 78 -16
R Space -3 0 78 109 94 16
Space M 1 -3 109 109 171 62
M E 2 4 109 78 78 -31
E Space -3 -1 78 187 125 47
Space T 3 -1 187 109 468 281
T O 0 -4 109 78 78 -31
O Space -3 5 78 94 156 78
Space B 1 -1 94 94 156 62
B E 2 2 94 93 47 -47
E Space -3 -1 93 125 109 16
Space A 2 3 125 94 78 -47
A D 0 -2 94 94 109 15
D T 1 -2 94 78 406 312
T O 0 -4 78 62 156 78
O Back 1 -4 62 63 249 187
Back Back 0 0 63 109 141 78
Back O -1 4 109 78 234 125
O P 0 -1 78 124 172 94
P T 0 5 124 94 124 0
T E 0 2 94 109 125 31
E D -1 0 109 156 156 47
D Space -2 -1 156 109 172 16
Space A 2 3 109 109 109 0
A T 1 -4 109 93 172 63
T Space -3 1 93 93 109 16
Space B 1 -1 93 94 171 78
B I 2 -3 94 109 141 47
I R 0 4 109 110 93 -16
R T 0 -1 110 94 172 62
T H -1 -1 94 94 156 62
H Space -2 2 94 62 203 109
Space B 1 -1 62 109 437 375
B Y 2 -1 109 78 156 47
Y Space -3 2 78 109 156 78
Space A 2 3 109 110 124 15
A Space -2 -3 110 124 110 0
Space L 2 -5 124 110 202 78
L A 0 8 110 156 125 15
A Y 1 -5 156 109 203 47
Y W 0 4 109 109 187 78
W Back 1 -11 109 109 406 297
Back Back 0 0 109 125 156 47
Back W -1 11 125 78 218 93
W Y 0 -4 78 94 312 234
Y E 0 3 94 78 94 0
E R 0 -1 78 93 156 78
R Space -3 0 93 93 203 110
Space A 2 3 93 124 702 609
A N -1 -5 124 125 140 16
N D 1 3 125 109 94 -31
D Space -2 -1 109 93 109 0
Space H 2 -2 93 93 156 63
H I 1 -2 93 78 109 16
I S -1 6 78 125 78 0
S Space -2 -2 125 125 156 31
Space W 3 2 125 141 140 15
W I 0 -6 141 93 188 47
I F -1 4 93 125 93 0
F E 1 1 125 78 109 -16
E OemPeriod -2 -6 78 125 141 63
OemPeriod Space -1 5 125 141 249 124
Space LShiftKey 1 4 141 327 375 234
LShiftKey E 2 -3 327 125 218 -109
E S -1 1 125 110 265 140
S C -1 -1 110 109 250 140
C E 2 0 109 93 172 63
E Back 1 -10 93 94 296 203
Back Back 0 0 94 109 156 62
Back Back 0 0 109 140 125 16
Back X -3 11 140 93 858 718
X C 0 -1 93 109 187 94
C W 2 1 109 47 140 31
W E 0 -1 47 63 0 -47
E P 0 -7 63 109 125 62
P Back 1 -3 109 78 499 390
Back Back 0 0 78 94 156 78
Back Back 0 0 94 94 172 78
Back Back 0 0 94 109 156 62
Back C -3 10 109 93 640 531
C E 2 0 93 94 124 31
E P 0 -7 94 125 141 47
P T 0 5 125 109 140 15
T Space -3 1 109 140 172 63
Space T 3 -1 140 94 452 312
T H -1 -1 94 140 125 31
H A 0 5 140 109 109 -31
A T 1 -4 109 94 156 47
T Space -3 1 94 110 109 15
Space W 3 2 110 94 94 -16
W H -1 -4 94 94 140 46
H E 1 3 94 109 47 -47
E N -2 -3 109 94 156 47
N Space -1 2 94 125 172 78
Space LShiftKey 1 4 125 171 125 0
LShiftKey I 2 -8 171 78 78 -93
I Space -3 4 78 125 140 62
Space P 3 -6 125 78 218 93
P O 0 1 78 94 172 94
O P 0 -1 94 94 218 124
P P 0 0 94 94 156 62
P E 0 7 94 78 250 156
E D -1 0 78 109 156 78
D N -1 -3 109 47 140 31
N Back 3 -7 47 141 468 421
Back Space -4 9 141 78 312 171
Space O 3 -5 78 140 172 94
O U 0 2 140 94 109 -31
U T 0 2 94 94 156 62
T Space -3 1 94 125 94 0
Space T 3 -1 125 78 109 -16
T H -1 -1 78 93 94 16
H E 1 3 93 109 62 -31
E Y 0 -3 109 62 125 16
Y Space -3 2 62 125 171 109
Space D 2 1 125 94 94 -31
D E 1 0 94 78 78 -16
E C -2 0 78 109 172 94
C I 2 -5 109 110 748 639
I D -1 5 110 109 141 31
D E 1 0 109 78 109 0
E D -1 0 78 109 156 78
D Space -2 -1 109 140 125 16
Space T 3 -1 140 156 156 16
T H -1 -1 156 125 234 78
H A 0 5 125 109 109 -16
A T 1 -4 109 109 156 47
T Back 1 -8 109 93 1264 1155
Back Back 0 0 93 93 187 94
Back Back 0 0 93 109 156 63
Back Back 0 0 109 94 187 78
Back Back 0 0 94 63 187 93
Back Space -4 9 63 125 359 296
Space A 2 3 125 109 125 0
A T 1 -4 109 109 156 47
T Space -3 1 109 124 125 16
Space T 3 -1 124 93 78 -46
T H -1 -1 93 109 140 47
H E 1 3 109 63 31 -78
E Space -3 -1 63 140 172 109
Space L 2 -5 140 125 421 281
L A 0 8 125 109 94 -31
A S 0 -1 109 94 202 93
S T 1 -3 94 94 156 62
T Space -3 1 94 93 110 16
Space M 1 -3 93 110 202 109
M I 2 -1 110 109 125 15
I N -2 2 109 109 172 63
N U 2 -1 109 93 125 16
U T 0 2 93 140 78 -15
T E 0 2 140 94 124 -16
E Space -3 -1 94 125 78 -16
Space T 3 -1 125 109 94 -31
T H -1 -1 109 93 125 16
H A 0 5 93 109 109 16
A T 1 -4 109 93 172 63
T Space -3 1 93 110 124 31
Space T 3 -1 110 94 47 -63
T E 0 2 94 93 172 78
E H -1 -3 93 78 0 -93
H Y 1 0 78 78 171 93
Y Space -3 2 78 124 188 110
Space R 3 0 124 93 78 -46
R Back 1 -9 93 78 249 156
Back Back 0 0 78 63 156 78
Back Space -4 9 63 140 453 390
Space R 3 0 140 110 124 -16
R E 0 1 110 94 78 -32
E A -1 2 94 109 141 47
A L 0 -8 109 78 93 -16
L L 0 0 78 94 125 47
L Y 1 3 94 78 187 93
Y Space -3 2 78 125 172 94
Space W 3 2 125 78 94 -31
W A -1 1 78 125 140 62
A N -1 -5 125 124 94 -31
N T 2 1 124 109 93 -31
T E 0 2 109 109 94 -15
E D -1 0 109 125 156 47
D Space -2 -1 125 93 125 0
Space A 2 3 93 109 62 -31
A Space -2 -3 109 109 125 16
Space G 2 -1 109 78 78 -31
G I 1 -3 78 78 140 62
I R 0 4 78 78 47 -31
R L -1 -5 78 124 1342 1264
L OemPeriod -1 0 124 125 265 141
OemPeriod Space -1 5 125 109 281 156
Space LShiftKey 1 4 109 296 140 31
LShiftKey S 1 -2 296 109 156 -140
S O 1 -7 109 78 140 31
O Space -3 5 78 93 188 110
Space M 1 -3 93 94 171 78
M Y 2 1 94 78 156 62
Y Space -3 2 78 110 187 109
Space P 3 -6 110 94 172 62
P A -1 9 94 125 109 15
A R 1 -3 125 125 156 31
R E 0 1 125 141 78 -47
E N -2 -3 141 125 78 -63
N T 2 1 125 94 109 -16
T S -1 3 94 94 172 78
S Oemcomma -1 -6 94 109 203 109
Oemcomma Space -1 4 109 140 203 94
Space W 3 2 140 110 202 62
W H -1 -4 110 93 110 0
H O 1 -3 93 93 156 63
O Space -3 5 93 141 171 78
Space W 3 2 141 94 109 -32
W E 0 -1 94 109 141 47
E R 0 -1 109 125 109 0
R E 0 1 125 93 94 -31
E Space -3 -1 93 109 109 16
Space O 3 -5 109 78 171 62
O N -2 3 78 109 94 16
N Space -1 2 109 109 172 63
Space A 2 3 109 140 62 -47
A Space -2 -3 140 140 125 -15
Space W 3 2 140 94 327 187
W A -1 1 94 94 172 78
A I 1 -7 94 78 109 15
I T 0 3 78 109 94 16
T I 0 -3 109 125 93 -16
I N -2 2 125 94 125 0
N G 1 1 94 78 109 15
G Space -2 1 78 109 63 -15
Space L 2 -5 109 94 171 62
L I 1 1 94 109 172 78
I S -1 6 109 109 94 -15
S T 1 -3 109 78 156 47
T Oemcomma -2 -3 78 109 156 78
Oemcomma Space -1 4 109 125 187 78
Space G 2 -1 125 109 686 561
G O 1 -4 109 94 109 0
O Space -3 5 94 93 219 125
Space A 2 3 93 109 62 -31
A Space -2 -3 109 124 141 32
Space C 1 1 124 78 109 -15
C A 1 2 78 46 125 47
A Back 2 -12 46 78 218 172
Back Back 0 0 78 94 140 62
Back Back 0 0 94 94 172 78
Back Back 0 0 94 94 156 62
Back Back 0 0 94 156 156 62
Back T -1 8 156 94 421 265
T Space -3 1 94 140 203 109
Space Space 0 0 140 125 437 297
Space C 1 1 125 93 125 0
C A 1 2 93 109 109 16
A L 0 -8 109 78 125 16
L L 0 0 78 94 140 62
L Space -2 5 94 94 187 93
Space I 3 -4 94 109 141 47
I N -2 2 109 78 140 31
N B 0 1 78 46 16 -62
B Space -1 1 46 109 140 94
Space T 3 -1 109 94 109 0
T H -1 -1 94 78 94 0
H E 1 3 78 63 62 -16
E Space -3 -1 63 110 109 46
Space Back 4 -9 110 94 640 530
Back Back 0 0 94 78 203 109
Back Back 0 0 78 93 156 78
Back Back 0 0 93 93 156 63
Back Back 0 0 93 78 171 78
Back Back 0 0 78 94 156 78
Back Space -4 9 94 125 219 125
Space T 3 -1 125 109 78 -47
T H -1 -1 109 109 125 16
H E 1 3 109 78 62 -47
E Space -3 -1 78 94 140 62
Space M 1 -3 94 125 297 203
M I 2 -1 125 62 187 62
I D -1 5 62 78 78 16
D D 0 0 78 110 140 62
D L 0 -6 110 109 110 0
L E 1 6 109 93 78 -31
E Space -3 -1 93 94 93 0
Space O 3 -5 94 78 156 62
O F -1 5 78 94 109 31
F Space -2 0 94 109 63 -31
Space T 3 -1 109 94 93 -16
T H -1 -1 94 78 110 16
H E 1 3 78 93 31 -47
E Space -3 -1 93 78 140 47
Space N 1 -2 78 94 156 78
N I 2 -2 94 93 94 0
I G -1 3 93 94 140 47
G H 0 -1 94 125 31 -63
H T 1 1 125 94 156 31
T Space -3 1 94 125 94 0
Space A 2 3 125 125 1295 1170
A S 0 -1 125 125 187 62
S K 0 -6 125 93 125 0
K I 1 0 93 93 156 63
I N -2 2 93 125 93 0
N G 1 1 125 78 94 -31
G RShiftKey -1 -6 78 374 281 203
RShiftKey Oem1 1 1 374 109 218 -156
Oem1 Space -2 6 109 140 359 250
Space RShiftKey 1 -7 140 343 234 94
RShiftKey Oem7 1 0 343 125 156 -187
Oem7 Return 0 -1 125 109 16 -109
Return Right -2 -1 109 1778 2184 2075
Right Right 0 0 1778 94 1965 187
Right Right 0 0 94 78 187 93
Right Right 0 0 78 62 172 94
Right Right 0 0 62 78 156 94
Right Right 0 0 78 78 156 78
Right Right 0 0 78 78 156 78
Right Right 0 0 78 62 156 78
Right Back 4 0 62 109 780 718
Back Left -4 2 109 203 1435 1326
Left Left 0 0 203 1607 1342 1139
Left Right 0 -2 1607 47 1981 374
Right Left 0 2 47 109 437 390
Left Back 4 -2 109 94 998 889
Back W -1 11 94 94 17347 17253
W E 0 -1 94 93 188 94
E Back 1 -10 93 125 608 515
Back Back 0 0 125 125 203 78
Back LShiftKey -3 13 125 265 78 -47
LShiftKey W 2 -2 265 78 171 -94
W E 0 -1 78 93 188 110
E Space -3 -1 93 110 124 31
Space H 2 -2 110 124 188 78
H A 0 5 124 109 109 -15
A V -1 -3 109 109 125 16
V E 2 1 109 94 62 -47
E Space -3 -1 94 125 140 46
Space A 2 3 125 125 78 -47
A N -1 -5 125 94 125 0
N Space -1 2 94 125 172 78
Space U 3 -3 125 78 218 93
U N -2 1 78 125 94 16
N E 2 3 125 78 156 31
E X -2 1 78 62 203 125
X P 2 -8 62 94 124 62
P E 0 7 94 78 78 -16
E C -2 0 78 109 172 94
C T 2 -2 109 93 172 63
T E 0 2 93 94 124 31
E D -1 0 94 110 156 62
D Space -2 -1 110 141 156 46
Space B 1 -1 141 125 328 187
B A 1 4 125 78 94 -31
A B -1 -4 78 140 78 0
B Y 2 -1 140 94 171 31
Y Space -3 2 94 109 172 78
Space B 1 -1 109 109 156 47
B O 2 -4 109 109 187 78
O Y 0 3 109 109 187 78
Y Oem1 -1 -4 109 94 1451 1342
Oem1 Space -2 6 94 109 172 78
Space D 2 1 109 94 124 15
D O 1 -6 94 78 94 0
O Space -3 5 78 78 1232 1154
Space Y 3 -2 78 94 203 125
Y O 0 -3 94 125 203 109
O U 0 2 125 94 78 -47
U Space -3 3 94 156 203 109
Space W 3 2 156 62 187 31
W A -1 1 62 110 140 78
A N -1 -5 110 109 63 -47
N T 2 1 109 109 125 16
T Space -3 1 109 109 93 -16
Space H 2 -2 109 109 172 63
H I 1 -2 109 125 140 31
I M -2 1 125 125 125 0
M RShiftKey 0 -4 125 780 265 140
RShiftKey OemQuestion 0 1 780 156 156 -624
OemQuestion Oem7 1 -1 156 171 453 297
Oem7 Space -2 7 171 109 312 141
Space LShiftKey 1 4 109 219 249 140
LShiftKey T 2 -5 219 94 109 -110
T H -1 -1 94 109 172 78
H E 1 3 109 109 94 -15
E Y 0 -3 109 78 93 -16
Y Space -3 2 78 109 203 125
Space S 2 2 109 109 47 -62
S A 0 1 109 94 187 78
A I 1 -7 94 94 78 -16
I D -1 5 94 78 172 78
D RShiftKey -1 -8 78 218 109 31
RShiftKey Oem1 1 1 218 125 109 -109
Oem1 Space -2 6 125 125 234 109
Space RShiftKey 1 -7 125 249 437 312
RShiftKey Oem7 1 0 249 156 93 -156
Oem7 LShiftKey -1 11 156 421 422 266
LShiftKey O 2 -9 421 125 265 -156
O F -1 5 125 109 265 140
F Space -2 0 109 109 203 94
Space C 1 1 109 93 78 -31
C O 2 -6 93 140 125 32
O U 0 2 140 109 109 -31
U R 0 3 109 62 109 0
R S -1 2 62 125 125 63
S E 1 -1 125 78 218 93
E RShiftKey -2 -8 78 250 109 31
RShiftKey Oem7 1 0 250 172 78 -172
Oem7 OemPeriod -1 2 172 109 375 203
OemPeriod OemQuestion 0 -1 109 109 0 -109
OemQuestion Back 3 -3 109 172 717 608
Back Space -4 9 172 125 1170 998
Space LShiftKey 1 4 125 171 188 63
LShiftKey M 0 -7 171 109 62 -109
M Y 2 1 109 94 187 78
Y Space -3 2 94 93 219 125
Space B 1 -1 93 109 171 78
B I 2 -3 109 94 1045 936
I O 0 -1 94 62 188 94
O L -1 0 62 109 655 593
L O 1 0 109 110 171 62
O G -1 4 110 125 141 31
G I 1 -3 125 125 109 -16
I C -2 5 125 125 125 0
C A 1 2 125 141 93 -32
A L 0 -8 141 93 141 0
L Space -2 5 93 109 187 94
Space M 1 -3 109 124 172 63
M O 2 -2 124 110 124 0
O T 0 4 110 110 156 46
T H -1 -1 110 125 94 -16
H E 1 3 125 78 109 -16
E R 0 -1 78 62 172 94
R Space -3 0 62 125 218 156
Space N 1 -2 125 62 16 -109
N L 1 -3 62 109 452 390
L A 0 8 109 125 94 -15
A T 1 -4 125 110 171 46
T E 0 2 110 94 125 15
E R 0 -1 94 78 187 93
R Space -3 0 78 125 156 78
Space Back 4 -9 125 110 390 265
Back Back 0 0 110 125 172 62
Back Back 0 0 125 93 172 47
Back Back 0 0 93 78 171 78
Back Back 0 0 78 93 141 63
Back Back 0 0 93 93 156 63
Back Back 0 0 93 156 156 63
Back L -2 4 156 78 358 202
L T 1 4 78 94 546 468
T Back 1 -8 94 203 297 203
Back A -2 12 203 265 296 93
A T 1 -4 265 124 375 110
T E 0 2 124 78 187 63
E R 0 -1 78 94 140 62
R Space -3 0 94 124 141 47
Space F 2 0 124 93 109 -15
F O 1 -5 93 156 109 16
O U 0 2 156 93 125 -31
U N -2 1 93 125 187 94
N D 1 3 125 94 140 15
D Space -2 -1 94 109 110 16
Space O 3 -5 109 141 202 93
O U 0 2 141 109 110 -31
U T 0 2 109 93 187 78
T Space -3 1 93 125 109 16
Space T 3 -1 125 62 172 47
T T 0 0 62 16 3291 3229
T H -1 -1 16 172 125 109
H Back 2 -7 172 94 452 280
Back Back 0 0 94 110 156 62
Back H -2 7 110 124 235 125
H T 1 1 124 109 249 125
T Space -3 1 109 94 125 16
Space Back 4 -9 94 93 250 156
Back Back 0 0 93 124 156 63
Back A -2 12 124 110 124 0
A T 1 -4 110 109 141 31
T Space -3 1 109 93 125 16
Space M 1 -3 93 109 171 78
M Y 2 1 109 94 187 78
Y Space -3 2 94 109 203 109
Space M 1 -3 109 141 187 78
M O 2 -2 141 110 156 15
O T 0 4 110 125 125 15
T H -1 -1 125 141 78 -47
H E 1 3 141 94 125 -16
E R 0 -1 94 78 156 62
R Space -3 0 78 109 187 109
Space H 2 -2 109 124 531 422
H A 0 5 124 109 109 -15
A D 0 -2 109 94 109 0
D Space -2 -1 94 109 109 15
Space N 1 -2 109 140 172 63
N E 2 3 140 93 78 -62
E V -2 -1 93 140 125 32
V E 2 1 140 93 109 -31
E R 0 -1 93 93 156 63
R Space -3 0 93 140 109 16
Space G 2 -1 140 93 125 -15
G R 1 1 93 109 187 94
R A -1 3 109 109 187 78
A D 0 -2 109 140 125 16
D U 1 -4 140 109 187 47
U A -1 6 109 141 78 -31
A T 1 -4 141 93 172 31
T E 0 2 93 109 109 16
E D -1 0 109 140 172 63
D Space -2 -1 140 109 140 0
Space F 2 0 109 125 140 31
F R 1 0 125 110 78 -47
R O 0 -5 110 140 94 -16
O M -2 2 140 93 125 -15
M Space -1 3 93 109 187 94
Space C 1 1 109 94 109 0
C O 2 -6 94 78 109 15
O L -1 0 78 78 156 78
L L 0 0 78 94 156 78
L E 1 6 94 78 110 16
E G -1 -2 78 93 109 31
G E 1 2 93 109 62 -31
E Space -3 -1 109 94 125 16
Space A 2 3 94 109 78 -16
A N -1 -5 109 94 109 0
N D 1 3 94 109 16 -78
D Space -2 -1 109 109 156 47
Space T 3 -1 109 94 62 -47
T H -1 -1 94 94 125 31
H A 0 5 94 125 78 -16
A T 1 -4 125 94 156 31
T Space -3 1 94 78 125 31
Space M 1 -3 78 93 156 78
M Y 2 1 93 63 171 78
Y Space -3 2 63 125 156 93
Space F 2 0 125 94 94 -31
F A 0 3 94 141 109 15
A T 1 -4 141 110 187 46
T H -1 -1 110 109 125 15
H E 1 3 109 93 63 -46
E R 0 -1 93 94 171 78
R Space -3 0 94 141 187 93
Space H 2 -2 141 110 936 795
H A 0 5 110 94 125 15
A D 0 -2 94 94 109 15
D Space -2 -1 94 93 141 47
Space N 1 -2 93 109 156 63
N E 2 3 109 78 62 -47
E V -2 -1 78 125 109 31
V E 2 1 125 94 94 -31
E R 0 -1 94 78 156 62
R Space -3 0 78 109 125 47
Space G 2 -1 109 47 93 -16
G F 0 1 47 31 16 -31
F R 1 0 31 94 140 109
R A -1 3 94 140 375 281
A Back 2 -12 140 78 312 172
Back Back 0 0 78 94 140 62
Back Back 0 0 94 124 141 47
Back R -1 9 124 63 124 0
R A -1 3 63 140 141 78
A D 0 -2 140 141 140 0
D U 1 -4 141 110 187 46
U A -1 6 110 156 94 -16
A T 1 -4 156 93 250 94
T R 0 1 93 78 0 -93
R E 0 1 78 109 93 15
E Back 1 -10 109 109 531 422
Back Back 0 0 109 125 171 62
Back E -1 10 125 78 109 -16
E D -1 0 78 94 156 78
D Space -2 -1 94 109 141 47
Space F 2 0 109 125 78 -31
F R 1 0 125 125 78 -47
R O 0 -5 125 124 125 0
O M -2 2 124 125 140 16
M Space -1 3 125 125 187 62
Space Back 4 -9 125 31 1217 1092
Back Space -4 9 31 109 858 827
Space H 2 -2 109 109 187 78
H I 1 -2 109 94 156 47
I G -1 3 94 94 109 15
G H 0 -1 94 78 94 0
H Space -2 2 78 124 172 94
Space S 2 2 124 93 109 -15
S H 0 -4 93 109 140 47
H Back 2 -7 109 109 687 578
Back C -3 10 109 94 171 62
C H 1 -3 94 110 109 15
H O 1 -3 110 109 375 265
O O 0 0 109 109 156 47
O L -1 0 109 109 218 109
L OemPeriod -1 0 109 125 203 94
OemPeriod Space -1 5 125 125 296 171
Space LShiftKey 1 4 125 312 827 702
LShiftKey S 1 -2 312 141 187 -125
S H 0 -4 141 109 172 31
H E 1 3 109 94 78 -31
E Space -3 -1 94 140 125 31
Space R 3 0 140 110 93 -47
R E 0 1 110 94 78 -32
E G -1 -2 94 62 500 406
G Back 2 -8 62 109 546 484
Back F -2 9 109 93 156 47
F U 1 -3 93 62 156 63
U I 0 -1 62 62 0 -62
I S -1 6 62 94 93 31
S Back 2 -11 94 78 281 187
Back Back 0 0 78 109 281 203
Back S -2 11 109 93 203 94
S E 1 -1 93 109 171 78
E D -1 0 109 110 187 78
D Space -2 -1 110 110 156 46
Space T 3 -1 110 93 375 265
T O 0 -4 93 78 140 47
O Space -3 5 78 125 172 94
Space S 2 2 125 93 78 -47
S I 1 -6 93 94 109 16
I G -1 3 94 78 172 78
G N -1 -1 78 78 109 31
N Space -1 2 78 125 171 93
Space T 3 -1 125 94 328 203
T H -1 -1 94 93 94 0
H E 1 3 93 78 93 0
E Space -3 -1 78 94 109 31
Space F 2 0 94 78 47 -47
F I 1 -4 78 78 109 31
I N -2 2 78 94 94 16
N A 1 5 94 109 109 15
A L 0 -8 109 94 125 16
L Space -2 5 94 140 172 78
Space A 2 3 140 124 312 172
A D 0 -2 124 124 156 32
D O 1 -6 124 94 218 94
O P 0 -1 94 109 172 78
P T 0 5 109 109 156 47
T I 0 -3 109 78 156 47
I O 0 -1 78 93 156 78
O N -2 3 93 94 140 47
N Space -1 2 94 109 172 78
Space P 3 -6 109 93 187 78
P A -1 9 93 124 125 32
A P 1 -9 124 109 78 -46
P E 0 7 109 109 140 31
E R 0 -1 109 94 218 109
R S -1 2 94 94 203 109
S OemPeriod -1 -7 94 93 141 47
OemPeriod Space -1 5 93 125 202 109
Space LShiftKey 1 4 125 234 156 31
LShiftKey S 1 -2 234 109 141 -93
S H 0 -4 109 93 156 47
H E 1 3 93 78 109 16
E Space -3 -1 78 109 125 47
Space O 3 -5 109 78 312 203
O N -2 3 78 93 156 78
N L 1 -3 93 109 156 63
L Y 1 3 109 94 218 109
Y Space -3 2 94 125 203 109
Space R 3 0 125 141 218 93
R E 0 1 141 125 94 -47
E T 0 -2 125 62 172 47
T Back 1 -8 62 109 327 265
Back L -2 4 109 125 234 125
L E 1 6 125 110 109 -16
E N -2 -3 110 156 94 -16
N T 2 1 156 93 125 -31
T E 0 2 93 93 125 32
E D -1 0 93 109 156 63
D Space -2 -1 109 140 156 47
Space A 2 3 140 109 156 16
A Space -2 -3 109 140 109 0
Space F 2 0 140 94 561 421
F E 1 1 94 140 110 16
E W 0 1 140 125 202 62
W Space -3 -2 125 93 141 16
Space M 1 -3 93 94 171 78
M O 2 -2 94 109 110 16
O N -2 3 109 110 124 15
N T 2 1 110 94 125 15
T H -1 -1 94 109 78 -16
H S 0 4 109 62 172 63
S Space -2 -2 62 140 78 16
Space W 3 2 140 109 374 234
W H -1 -4 109 109 125 16
H E 1 3 109 94 62 -47
E N -2 -3 94 109 125 31
N Space -1 2 109 78 187 78
Space M 1 -3 78 94 172 94
M Y 2 1 94 93 172 78
Y Space -3 2 93 109 218 125
Space P 3 -6 109 109 187 78
P A -1 9 109 109 156 47
A R 1 -3 109 125 172 63
R E 0 1 125 94 93 -32
E N -2 -3 94 156 328 234
N T 2 1 156 78 140 -16
T S -1 3 78 93 188 110
S Space -2 -2 93 109 109 16
Space P 3 -6 109 109 203 94
P R 0 6 109 94 93 -16
R O 0 -5 94 94 109 15
O M -2 2 94 125 172 78
M I 2 -1 125 109 156 31
I S -1 6 109 110 62 -47
S E 1 -1 110 78 188 78
E D -1 0 78 109 156 78
D Space -2 -1 109 125 140 31
Space T 3 -1 125 109 109 -16
T H -1 -1 109 109 94 -15
H A 0 5 109 109 468 359
A T 1 -4 109 109 203 94
T Space -3 1 109 125 249 140
Space LShiftKey 1 4 125 187 172 47
LShiftKey I 2 -8 187 62 78 -109
I Space -3 4 62 124 125 63
Space W 3 2 124 94 124 0
W O 0 -7 94 156 63 -31
O U 0 2 156 94 109 -47
U L -1 -2 94 109 156 62
L D 0 6 109 93 125 16
D Space -2 -1 93 109 78 -15
Space S 2 2 109 94 109 0
S O 1 -7 94 94 62 -32
O M -2 2 94 109 94 0
M E 2 4 109 78 78 -31
E D -1 0 78 109 187 109
D A 0 2 109 125 109 0
A Y 1 -5 125 94 125 0
Y Space -3 2 94 125 203 109
Space G 2 -1 125 94 109 -16
G O 1 -4 94 78 94 0
O Space -3 5 78 124 125 47
Space T 3 -1 124 93 109 -15
T O 0 -4 93 78 93 0
O Space -3 5 78 109 141 63
Space C 1 1 109 93 125 16
C O 2 -6 93 94 93 0
O L -1 0 94 78 187 93
L O 1 0 78 63 0 -78
O L -1 0 63 109 141 78
L E 1 6 109 62 156 47
E G -1 -2 62 93 78 16
G E 1 2 93 94 93 0
E Back 1 -10 94 94 390 296
Back Back 0 0 94 110 156 62
Back Back 0 0 110 110 156 46
Back Back 0 0 110 94 172 62
Back Back 0 0 94 93 172 78
Back L -2 4 93 110 280 187
L E 1 6 110 94 125 15
E G -1 -2 94 31 281 187
G E 1 2 31 93 47 16
E OemPeriod -2 -6 93 94 218 125
OemPeriod Return 1 -3 94 125 312 218
Return Return 0 0 125 109 2153 2028
Return LShiftKey -1 12 109 296 234 125
LShiftKey A 1 -1 296 125 140 -156
A N -1 -5 125 110 234 109
N D 1 3 110 78 125 15
D Space -2 -1 78 125 172 94
Space D1 4 3 125 93 437 312
D1 D7 0 -6 93 93 234 141
D7 Space -4 3 93 109 171 78
Space Y 3 -2 109 94 203 94
Y E 0 3 94 94 78 -16
E A -1 2 94 109 156 62
A R 1 -3 109 78 156 47
R S -1 2 78 125 156 78
S Space -2 -2 125 109 203 78
Space L 2 -5 109 109 187 78
L A 0 8 109 109 125 16
A Y 1 -5 109 78 109 0
Y T 0 1 78 31 16 -62
T E 0 2 31 93 78 47
E R 0 -1 93 78 187 94
R Back 1 -9 78 94 327 249
Back Back 0 0 94 78 172 78
Back Back 0 0 78 78 156 78
Back Back 0 0 78 78 156 78
Back T -1 8 78 109 343 265
T E 0 2 109 78 156 47
E R 0 -1 78 78 156 78
R Space -3 0 78 125 156 78
Space LShiftKey 1 4 125 156 156 31
LShiftKey I 2 -8 156 78 78 -78
I Space -3 4 78 109 172 94
Space D 2 1 109 94 140 31
D I 1 -5 94 78 109 15
I D -1 5 78 110 156 78
D Space -2 -1 110 140 141 31
Space G 2 -1 140 62 203 63
G O 1 -4 62 110 124 62
O Space -3 5 110 109 266 156
Space T 3 -1 109 78 78 -31
T O 0 -4 78 78 124 46
O Space -3 5 78 109 125 47
Space O 3 -5 109 94 187 78
O L -1 0 94 109 172 78
L Back 2 -4 109 94 265 156
Back Back 0 0 94 93 172 78
Back C -3 10 93 109 265 172
C O 2 -6 109 94 109 0
O L -1 0 94 109 172 78
L L 0 0 109 140 156 47
L E 1 6 140 93 125 -15
E G -1 -2 93 109 140 47
G E 1 2 109 94 78 -31
E OemPeriod -2 -6 94 93 125 31
OemPeriod Space -1 5 93 109 187 94
Space LShiftKey 1 4 109 171 94 -15
LShiftKey B 0 -5 171 109 109 -62
B U 2 -2 109 94 140 31
U T 0 2 94 93 94 0
T Space -3 1 93 109 78 -15
Space LShiftKey 1 4 109 172 171 62
LShiftKey I 2 -8 172 78 63 -109
I Space -3 4 78 109 140 62
Space N 1 -2 109 109 156 47
N A 1 5 109 140 63 -46
A I 1 -7 140 94 218 78
I V -2 4 94 109 156 62
V E 2 1 109 93 125 16
E L -1 -6 93 109 125 32
L Y 1 3 109 94 218 109
Y Space -3 2 94 124 250 156
Space C 1 1 124 78 358 234
C H 1 -3 78 94 94 16
H O 1 -3 94 109 172 78
O S -1 7 109 109 62 -47
S E 1 -1 109 94 421 312
E Space -3 -1 94 109 156 62
Space A 2 3 109 110 109 0
A Space -2 -3 110 140 94 -16
Space C 1 1 140 109 125 -15
C O 2 -6 109 93 125 16
O L -1 0 93 78 171 78
L L 0 0 78 109 156 78
L E 1 6 109 78 94 -15
E G -1 -2 78 94 109 31
G E 1 2 94 94 62 -32
E Space -3 -1 94 110 78 -16
Space T 3 -1 110 93 110 0
T H -1 -1 93 109 109 16
H A 0 5 109 125 78 -31
A T 1 -4 125 94 140 15
T Space -3 1 94 140 125 31
Space W 3 2 140 78 94 -46
W A -1 1 78 109 156 78
A S 0 -1 109 94 171 62
S Space -2 -2 94 110 109 15
Space A 2 3 110 94 78 -32
A L 0 -8 94 94 125 31
L M -1 2 94 109 156 62
M O 2 -2 109 94 125 16
O S -1 7 94 141 62 -32
S T 1 -3 141 93 188 47
T Space -3 1 93 94 124 31
Space A 2 3 94 109 94 0
A S 0 -1 109 109 172 63
S Space -2 -2 109 94 124 15
Space E 3 1 94 109 203 109
E X -2 1 109 124 219 110
X P 2 -8 124 109 140 16
P N -2 4 109 109 203 94
N Back 3 -7 109 94 374 265
Back E -1 10 94 78 172 78
E N -2 -3 78 109 109 31
N S 1 4 109 109 125 16
S I 1 -6 109 78 125 16
I V -2 4 78 94 93 15
V E 2 1 94 47 172 78
E Space -3 -1 47 140 125 78
Space A 2 3 140 93 109 -31
A S 0 -1 93 110 171 78
S Space -2 -2 110 109 188 78
Space LShiftKey 1 4 109 312 670 561
LShiftKey S 1 -2 312 125 203 -109
S T 1 -3 125 63 265 140
T N -2 -1 63 124 188 125
N Back 3 -7 124 125 499 375
Back A -2 12 125 109 156 31
A N -1 -5 109 124 125 16
N F 1 2 124 109 140 16
F O 1 -5 109 109 187 78
O R 0 5 109 93 94 -15
R D -1 1 93 93 203 110
D Oemcomma -1 -5 93 109 655 562
Oemcomma Space -1 4 109 156 218 109
Space A 2 3 156 125 702 546
A N -1 -5 125 109 94 -31
N D 1 3 109 93 125 16
D Space -2 -1 93 124 78 -15
Space A 2 3 124 109 390 266
A L 0 -8 109 78 124 15
L L 0 0 78 93 141 63
L Space -2 5 93 93 156 63
Space O 3 -5 93 62 156 63
O F -1 5 62 78 93 31
F Space -2 0 78 78 47 -31
Space M 1 -3 78 78 172 94
M Y 2 1 78 78 156 78
Y Space -3 2 78 94 171 93
Space W 3 2 94 109 94 0
W O 0 -7 109 94 78 -31
O R 0 5 94 93 172 78
R K -1 -4 93 78 0 -93
K I 1 0 78 109 171 93
I N -2 2 109 110 109 0
N G 1 1 110 62 110 0
G OemMinus 2 -6 62 78 202 140
OemMinus C -3 8 78 94 125 47
C L 1 -6 94 93 172 78
L A 0 8 93 93 125 32
A S 0 -1 93 78 171 78
S S 0 0 78 94 156 78
S Space -2 -2 94 109 125 31
Space P 3 -6 109 94 218 109
P A -1 9 94 93 968 874
A R 1 -3 93 109 140 47
R E 0 1 109 125 78 -31
E N -2 -3 125 156 172 47
N T 2 1 156 125 140 -16
T S -1 3 125 125 281 156
S Oem7 0 -9 125 94 249 124
Oem7 S 0 9 94 78 484 390
S Back 2 -11 78 171 328 250
Back Space -4 9 171 140 296 125
Space S 2 2 140 124 94 -46
S A 0 1 124 110 202 78
A V -1 -3 110 140 188 78
V I 2 -4 140 109 156 16
I N -2 2 109 140 109 0
N S 1 4 140 125 218 78
S Back 2 -11 125 156 2122 1997
Back G -2 8 156 110 171 15
G S 0 3 110 140 141 31
S Space -2 -2 140 124 125 -15
Space W 3 2 124 93 109 -15
W E 0 -1 93 93 156 63
E R 0 -1 93 125 140 47
R E 0 1 125 109 47 -78
E Space -3 -1 109 109 125 16
Space B 1 -1 109 125 187 78
B E 2 2 125 93 94 -31
E I 0 -5 93 124 78 -15
I N -2 2 124 125 93 -31
N G 1 1 125 94 109 -16
G Space -2 1 94 125 94 0
Space S 2 2 125 141 343 218
S P 1 -8 141 110 109 -32
P E 0 7 110 78 110 0
E N -2 -3 78 156 93 15
N T 2 1 156 94 109 -47
T Space -3 1 94 125 125 31
Space O 3 -5 125 78 187 62
O N -2 3 78 78 141 63
N Space -1 2 78 93 156 78
Space M 1 -3 93 94 171 78
M Y 2 1 94 62 172 78
Y Space -3 2 62 109 156 94
Space C 1 1 109 93 94 -15
C O 2 -6 93 78 109 16
O L -1 0 78 93 156 78
L L 0 0 93 109 156 63
L E 1 6 109 78 93 -16
E G -1 -2 78 124 110 32
G E 1 2 124 94 93 -31
E Space -3 -1 94 125 94 0
Space S 2 2 125 94 93 -32
S Back 2 -11 94 93 344 250
Back T -1 8 93 94 202 109
T U 0 -2 94 78 125 31
U T 0 2 78 78 187 109
T Back 1 -8 78 109 515 437
Back I -1 5 109 110 265 156
I T 0 3 110 93 141 31
T I 0 -3 93 94 93 0
I O 0 -1 94 63 203 109
O N -2 3 63 110 109 46
N OemPeriod 0 -3 110 94 328 218
OemPeriod Space -1 5 94 125 265 171
Space LShiftKey 1 4 125 281 203 78
LShiftKey A 1 -1 281 109 172 -109
A F 0 -3 109 109 187 78
F T 1 -1 109 125 187 78
T E 0 2 125 93 125 0
E R 0 -1 93 93 156 63
R Space -3 0 93 141 171 78
Space S 2 2 141 109 125 -16
S E 1 -1 109 78 156 47
E Back 1 -10 78 124 531 453
Back I -1 5 124 109 608 484
I X -2 6 109 125 515 406
X Space -1 -2 125 125 156 31
Space M 1 -3 125 93 203 78
M O 2 -2 93 109 93 0
O N -2 3 109 125 125 16
N T 2 1 125 109 125 0
T H -1 -1 109 93 78 -31
H S 0 4 93 140 156 63
S Oemcomma -1 -6 140 78 93 -47
Oemcomma Space -1 4 78 125 141 63
Space LShiftKey 1 4 125 218 125 0
LShiftKey I 2 -8 218 93 109 -109
I Space -3 4 93 141 140 47
Space C 1 1 141 109 156 15
C O 2 -6 109 110 109 0
O U 0 2 110 110 78 -32
U L -1 -2 110 125 172 62
L D 0 6 125 78 156 31
D N -1 -3 78 94 62 -16
N Oem7 1 -5 94 109 188 94
Oem7 T 1 6 109 94 93 -16
T Space -3 1 94 156 125 31
Space S 2 2 156 109 109 -47
S E 1 -1 109 93 375 266
E Space -3 -1 93 141 124 31
Space T 3 -1 141 78 141 0
T H -1 -1 78 93 125 47
H E 1 3 93 94 15 -78
E Space -3 -1 94 125 172 78
Space V 1 0 125 94 109 -16
V A 1 3 94 125 125 31
A L 0 -8 125 110 93 -32
L U 1 2 110 94 203 93
U E 0 4 94 93 94 0
E Space -3 -1 93 125 62 -31
Space Back 4 -9 125 1014 453 328
Back Back 0 0 1014 78 1185 171
Back Back 0 0 78 94 187 109
Back Back 0 0 94 78 172 78
Back S -2 11 78 109 546 468
S Back 2 -11 109 125 312 203
Back E -1 10 125 94 109 -16
E E 0 0 94 93 172 78
E Space -3 -1 93 140 546 453
Space H 2 -2 140 109 203 63
H E 1 3 109 78 78 -31
E Back 1 -10 78 94 296 218
Back Back 0 0 94 109 156 62
Back T -1 8 109 109 125 16
T H -1 -1 109 94 140 31
H E 1 3 94 78 31 -63
E Space -3 -1 78 109 172 94
Space V 1 0 109 110 62 -47
V A 1 3 110 109 125 15
A L 0 -8 109 109 94 -15
L U 1 2 109 93 203 94
U E 0 4 93 78 93 0
E Space -3 -1 78 94 109 31
Space I 3 -4 94 78 156 62
I N -2 2 78 62 110 32
N Space -1 2 62 125 140 78
Space I 3 -4 125 110 218 93
I T 0 3 110 94 156 46
T OemPeriod -2 -4 94 93 344 250
OemPeriod Space -1 5 93 125 265 172
Space LShiftKey 1 4 125 218 156 31
LShiftKey I 2 -8 218 78 109 -109
I Space -3 4 78 94 156 78
Space H 2 -2 94 109 156 62
H A 0 5 109 110 62 -47
A D 0 -2 110 93 141 31
D Space -2 -1 93 109 78 -15
Space N 1 -2 109 110 171 62
N O 2 -3 110 93 141 31
O Space -3 5 93 125 171 78
Space I 3 -4 125 125 156 31
I D -1 5 125 125 94 -31
D E 1 0 125 94 78 -47
E A -1 2 94 124 172 78
A Space -2 -3 124 156 234 110
Space W 3 2 156 109 374 218
W H -1 -4 109 93 125 16
H A 0 5 93 109 62 -31
A T 1 -4 109 94 156 47
T Space -3 1 94 110 109 15
Space LShiftKey 1 4 110 171 141 31
LShiftKey I 2 -8 171 78 78 -93
I Space -3 4 78 140 125 47
Space W 3 2 140 94 93 -47
W A -1 1 94 141 156 62
A N -1 -5 141 140 141 0
N T 2 1 140 141 93 -47
T E 0 2 141 78 125 -16
E D -1 0 78 109 156 78
D Space -2 -1 109 109 125 16
Space T 3 -1 109 94 62 -47
T O 0 -4 94 78 141 47
O Space -3 5 78 125 140 62
Space D 2 1 125 78 78 -47
D O 1 -6 78 62 125 47
O Space -3 5 62 124 125 63
Space W 3 2 124 125 265 141
W I 0 -6 125 78 109 -16
I T 0 3 78 93 94 16
T H -1 -1 93 93 109 16
H Space -2 2 93 94 171 78
Space M 1 -3 94 94 156 62
M Y 2 1 94 78 172 78
Y Space -3 2 78 109 172 94
Space L 2 -5 109 94 171 62
L I 1 1 94 93 172 78
I F -1 4 93 94 109 16
F E 1 1 94 78 78 -16
E Space -3 -1 78 109 109 31
Space A 2 3 109 140 63 -46
A N -1 -5 140 125 140 0
N D 1 3 125 94 109 -16
D Space -2 -1 94 125 109 15
Space N 1 -2 125 109 1124 999
N O 2 -3 109 63 171 62
O Space -3 5 63 94 156 93
Space I 3 -4 94 93 141 47
I D -1 5 93 94 93 0
D E 1 0 94 78 63 -31
E A -1 2 78 124 156 78
A Space -2 -3 124 141 218 94
Space H 2 -2 141 94 359 218
H O 1 -3 94 78 187 93
O W 0 7 78 94 109 31
W Space -3 -2 94 93 1046 952
Space C 1 1 93 93 109 16
C O 2 -6 93 94 93 0
O L -1 0 94 94 172 78
L L 0 0 94 109 156 62
L E 1 6 109 78 140 31
E G -1 -2 78 93 110 32
G E 1 2 93 93 78 -15
E Space -3 -1 93 125 124 31
Space W 3 2 125 47 156 31
W A -1 1 47 125 531 484
A S 0 -1 125 93 203 78
S Space -2 -2 93 109 93 0
Space G 2 -1 109 110 109 0
G O 1 -4 110 125 94 -16
O I 0 1 125 78 94 -31
I N -2 2 78 94 171 93
N G 1 1 94 78 94 0
G Space -2 1 78 109 78 0
Space T 3 -1 109 78 78 -31
T O 0 -4 78 78 109 31
O Space -3 5 78 125 140 62
Space F 2 0 125 94 172 47
F I 1 -4 94 94 109 15
I G -1 3 94 94 125 31
G U 1 -2 94 94 109 15
U R 0 3 94 125 109 15
R E 0 1 125 109 110 -15
E Space -3 -1 109 109 1232 1123
Space I 3 -4 109 78 172 63
I T 0 3 78 78 78 0
T Back 1 -8 78 764 452 374
Back Back 0 0 764 94 920 156
Back Back 0 0 94 109 188 94
Back Back 0 0 109 78 171 62
Back H -2 7 78 94 343 265
H E 1 3 94 78 125 31
E L -1 -6 78 110 109 31
L P 1 -1 110 94 156 46
P Space -3 6 94 109 172 78
Space M 1 -3 109 94 156 47
M E 2 4 94 62 78 -16
E Space -3 -1 62 109 78 16
Space F 2 0 109 109 109 0
F I 1 -4 109 94 78 -31
I G -1 3 94 93 141 47
G U 1 -2 93 110 124 31
U R 0 3 110 141 125 15
R E 0 1 141 109 94 -47
E Space -3 -1 109 109 109 0
Space O 3 -5 109 62 172 63
O Back 1 -4 62 94 296 234
Back I -1 5 94 93 250 156
I T 0 3 93 78 140 47
T Space -3 1 78 93 47 -31
Space O 3 -5 93 140 156 63
O U 0 2 140 109 109 -31
U T 0 2 109 78 125 16
T OemPeriod -2 -4 78 32 1575 1497
OemPeriod Space -1 5 32 93 609 577
Space LShiftKey 1 4 93 265 109 16
LShiftKey A 1 -1 265 171 94 -171
A N -1 -5 171 110 280 109
N D 1 3 110 94 94 -16
D Space -2 -1 94 125 125 31
Space H 2 -2 125 109 608 483
H E 1 3 109 78 63 -46
E R 0 -1 78 125 109 31
R E 0 1 125 94 93 -32
E Space -3 -1 94 93 110 16
Space LShiftKey 1 4 93 124 156 63
LShiftKey I 2 -8 124 78 62 -62
I Space -3 4 78 140 156 78
Space W 3 2 140 93 125 -15
W A -1 1 93 109 203 110
A S 0 -1 109 109 171 62
S Space -2 -2 109 78 141 32
Space S 2 2 78 110 124 46
S P 1 -8 110 94 78 -32
P E 0 7 94 93 141 47
E N -2 -3 93 109 78 -15
N D 1 3 109 94 109 0
D N -1 -3 94 109 187 93
N G 1 1 109 78 47 -62
G Back 2 -8 78 78 328 250
Back Back 0 0 78 109 171 93
Back I -1 5 109 94 281 172
I N -2 2 94 109 109 15
N G 1 1 109 94 78 -31
G Space -2 1 94 94 125 31
Space A 2 3 94 109 94 0
A L 0 -8 109 78 124 15
L L 0 0 78 93 141 63
L Space -2 5 93 140 156 63
Space O 3 -5 140 78 249 109
O F -1 5 78 93 110 32
F Space -2 0 93 125 62 -31
Space T 3 -1 125 94 109 -16
T H -1 -1 94 78 94 0
H E 1 3 78 109 31 -47
E Space -3 -1 109 93 125 16
Space M 1 -3 93 94 171 78
M O 2 -2 94 93 110 16
O N -2 3 93 125 109 16
N E 2 3 125 78 171 46
E Y 0 -3 78 93 63 -15
Y Space -3 2 93 171 203 110
Space M 1 -3 171 109 374 203
M Y 2 1 109 78 187 78
Y Space -3 2 78 94 187 109
Space P 3 -6 94 94 172 78
P A -1 9 94 125 78 -16
A R 1 -3 125 109 156 31
R N -2 -2 109 140 125 16
N Back 3 -7 140 109 437 297
Back E -1 10 109 110 124 15
E N -2 -3 110 125 125 15
N T 2 1 125 78 78 -47
T S -1 3 78 125 156 78
S Space -2 -2 125 140 297 172
Space H 2 -2 140 124 1560 1420
H A 0 5 124 109 171 47
A D 0 -2 109 109 125 16
D Space -2 -1 109 141 140 31
Space S 2 2 141 125 141 0
S A 0 1 125 125 187 62
A V -1 -3 125 156 156 31
V E 2 1 156 93 125 -31
E D -1 0 93 78 187 94
D Space -2 -1 78 109 1170 1092
Space T 3 -1 109 125 187 78
T H -1 -1 125 109 94 -31
H E 1 3 109 109 109 0
E I 0 -5 109 109 78 -31
I R 0 4 109 125 125 16
R Space -3 0 125 124 125 0
Space E 3 1 124 124 1014 890
E N -2 -3 124 125 140 16
N T 2 1 125 125 125 0
T I 0 -3 125 109 109 -16
I R 0 4 109 109 94 -15
R E 0 1 109 109 62 -47
E Space -3 -1 109 109 78 -31
Space L 2 -5 109 93 172 63
L I 1 1 93 93 156 63
I F -1 4 93 62 109 16
F E 1 1 62 125 15 -47
E OemPeriod -2 -6 125 94 125 0
OemPeriod Space -1 5 94 141 187 93
Space LShiftKey 1 4 141 265 203 62
LShiftKey S 1 -2 265 110 109 -156
S O 1 -7 110 47 172 62
O Space -3 5 47 125 1201 1154
Space LShiftKey 1 4 125 156 141 16
LShiftKey I 2 -8 156 78 78 -78
I Space -3 4 78 156 124 46
Space D 2 1 156 109 125 -31
D R 1 -1 109 47 234 125
R Back 1 -9 47 140 1108 1061
Back E -1 10 140 109 125 -15
E V -2 -1 109 109 187 78
V I 2 -4 109 109 125 16
I D -1 5 109 125 140 31
D E 1 0 125 78 78 -47
E D -1 0 78 78 172 94
D Back 2 -10 78 78 202 124
Back Back 0 0 78 94 156 78
Back Back 0 0 94 78 172 78
Back Back 0 0 78 94 156 78
Back Back 0 0 94 93 172 78
Back C -3 10 93 140 140 47
C I 2 -5 140 110 140 0
I D -1 5 110 140 110 0
D E 1 0 140 109 93 -47
E D -1 0 109 109 172 63
D Space -2 -1 109 109 140 31
Space T 3 -1 109 109 78 -31
T O 0 -4 109 62 141 32
O Space -3 5 62 125 140 78
Space D 2 1 125 109 78 -47
D R 1 -1 109 109 156 47
R O 0 -5 109 78 94 -15
O P 0 -1 78 78 156 78
P Space -3 6 78 109 171 93
Space O 3 -5 109 172 187 78
O U 0 2 172 109 141 -31
U T 0 2 109 110 93 -16
T Space -3 1 110 124 188 78
Space A 2 3 124 156 1700 1576
A N -1 -5 156 125 109 -47
N D 1 3 125 125 109 -16
D Space -2 -1 125 140 110 -15
Space T 3 -1 140 94 93 -47
T R 0 1 94 141 156 62
R U 0 -3 141 109 219 78
U S -1 5 109 109 93 -16
S T 1 -3 109 78 156 47
T Space -3 1 78 156 203 125
Space T 3 -1 156 109 172 16
T H -1 -1 109 110 124 15
H A 0 5 110 125 94 -16
A T 1 -4 125 110 140 15
T Space -3 1 110 125 94 -16
Space I 3 -4 125 78 156 31
I T 0 3 78 78 62 -16
T Space -3 1 78 125 94 16
Space W 3 2 125 94 109 -16
W O 0 -7 94 125 78 -16
O U 0 2 125 93 94 -31
U L -1 -2 93 109 140 47
L D 0 6 109 78 109 0
D Space -2 -1 78 109 94 16
Space A 2 3 109 141 62 -47
A L 0 -8 141 93 141 0
L L 0 0 93 93 156 63
L Space -2 5 93 140 156 63
Space W 3 2 140 125 764 624
W O 0 -7 125 109 125 0
O R 0 5 109 109 156 47
R K -1 -4 109 93 94 -15
K Space -2 4 93 94 140 47
Space O 3 -5 94 124 172 78
O U 0 2 124 94 93 -31
U T 0 2 94 93 63 -31
T Space -3 1 93 110 124 31
Space O 3 -5 110 140 172 62
O K -1 1 140 124 94 -46
K Back 2 -5 124 94 280 156
Back Back 0 0 94 93 141 47
Back LShiftKey -3 13 93 343 140 47
LShiftKey O 2 -9 343 140 94 -249
O K -1 1 140 109 109 -31
K OemPeriod -1 -1 109 94 265 156
OemPeriod Space -1 5 94 125 796 702
Space LShiftKey 1 4 125 156 109 -16
LShiftKey I 2 -8 156 93 125 -31
I T 0 3 93 94 140 47
T Space -3 1 94 141 109 15
Space W 3 2 141 94 94 -47
W A -1 1 94 93 172 78
A S 0 -1 93 94 171 78
S Space -2 -2 94 109 63 -31
Space P 3 -6 109 94 202 93
P R 0 6 94 125 78 -16
R E 0 1 125 125 78 -47
E T 0 -2 125 62 188 63
T T 0 0 62 94 140 78
T Y 0 -1 94 78 140 46
Y Space -3 2 78 140 1748 1670
Space S 2 2 140 124 156 16
S C -1 -1 124 125 140 16
C A 1 2 125 78 140 15
A R 1 -3 78 109 125 47
R Y 0 -2 109 62 141 32
Y T 0 1 62 62 0 -62
T Space -3 1 62 31 218 156
Space Back 4 -9 31 94 764 733
Back Back 0 0 94 109 359 265
Back Space -4 9 109 94 265 156
Space A 2 3 94 125 125 31
A T 1 -4 125 93 172 47
T Space -3 1 93 110 93 0
Space T 3 -1 110 109 94 -16
T H -1 -1 109 109 109 0
H A 0 5 109 94 125 16
A T 1 -4 94 94 156 62
T Space -3 1 94 125 109 15
Space T 3 -1 125 94 78 -47
T I 0 -3 94 93 141 47
I M -2 1 93 141 93 0
M E 2 4 141 78 109 -32
E Oemcomma -2 -5 78 110 1794 1716
Oemcomma Space -1 4 110 94 203 93
Space B 1 -1 94 125 187 93
B U 2 -2 125 109 125 0
U T 0 2 109 93 94 -15
T Space -3 1 93 109 125 32
Space L 2 -5 109 78 234 125
L O 1 0 78 78 171 93
O O 0 0 78 93 141 63
O K -1 1 93 110 124 31
K I 1 0 110 78 172 62
I O 0 -1 78 47 0 -78
O N -2 3 47 94 109 62
N G 1 1 94 94 47 -47
G Space -2 1 94 140 156 62
Space B 1 -1 140 109 359 219
B A 1 4 109 93 203 94
A C -1 -2 93 93 187 94
C K 1 -5 93 93 156 63
K Space -2 4 93 125 1232 1139
Space I 3 -4 125 93 172 47
I Space -3 4 93 172 187 94
Space Back 4 -9 172 156 827 655
Back T -1 8 156 62 499 343
T Back 1 -8 62 109 234 172
Back Back 0 0 109 109 156 47
Back I -1 5 109 94 265 156
I T 0 3 94 110 109 15
T Space -3 1 110 124 110 0
Space W 3 2 124 110 124 0
W S -1 0 110 94 359 249
S Space -2 -2 94 124 297 203
Space Back 4 -9 124 109 327 203
Back Back 0 0 109 125 172 63
Back A -2 12 125 140 125 0
A S 0 -1 140 125 202 62
S Space -2 -2 125 109 94 -31
Space N 1 -2 109 109 312 203
N E 2 3 109 62 125 16
E Back 1 -10 62 93 234 172
Back Back 0 0 93 125 156 63
Back O -1 4 125 109 312 187
O N -2 3 109 125 171 62
N E 2 3 125 78 110 -15
E Space -3 -1 78 109 109 31
Space O 3 -5 109 78 171 62
O F -1 5 78 109 110 32
F Space -2 0 109 140 62 -47
Space T 3 -1 140 93 125 -15
T H -1 -1 93 94 93 0
H E 1 3 94 93 63 -31
E Space -3 -1 93 109 109 16
Space B 1 -1 109 140 172 63
B E 2 2 140 78 46 -94
E S -1 1 78 94 156 78
S T 1 -3 94 93 141 47
T Space -3 1 93 124 125 32
Space D 2 1 124 93 156 32
D E 1 0 93 109 62 -31
E C -2 0 109 109 250 141
C I 2 -5 109 109 187 78
I S -1 6 109 109 109 0
S I 1 -6 109 109 94 -15
I O 0 -1 109 109 187 78
O N -2 3 109 125 140 31
N S 1 4 125 93 141 16
S Space -2 -2 93 125 124 31
Space LShiftKey 1 4 125 187 656 531
LShiftKey I 2 -8 187 78 109 -78
I Space -3 4 78 141 140 62
Space E 3 1 141 94 78 -63
E V -2 -1 94 125 125 31
V E 2 1 125 93 94 -31
E R 0 -1 93 78 156 63
R Space -3 0 78 109 93 15
Space M 1 -3 109 125 187 78
M A 1 6 125 125 47 -78
A D 0 -2 125 94 125 0
D E 1 0 94 94 62 -32
E OemPeriod -2 -6 94 140 94 0
OemPeriod Space -1 5 140 141 265 125
Space LShiftKey 1 4 141 687 421 280
LShiftKey T 2 -5 687 109 484 -203
T H -1 -1 109 109 234 125
H E 1 3 109 62 156 47
E Space -3 -1 62 93 94 32
Space M 1 -3 93 94 171 78
M I 2 -1 94 94 125 31
I N -2 2 94 109 172 78
N U 2 -1 109 94 124 15
U T 0 2 94 62 110 16
T E 0 2 62 109 93 31
E Space -3 -1 109 109 1233 1124
Space LShiftKey 1 4 109 234 312 203
LShiftKey I 2 -8 234 109 109 -125
I Space -3 4 109 141 140 31
Space D 2 1 141 109 141 0
D R 1 -1 109 93 187 78
R O 0 -5 93 78 125 32
O P 0 -1 78 93 187 109
P P 0 0 93 93 1404 1311
P E 0 7 93 78 78 -15
E D -1 0 78 94 171 93
D Space -2 -1 94 109 125 31
Space O 3 -5 109 125 1482 1373
O U 0 2 125 109 141 16
U T 0 2 109 94 93 -16
T Space -3 1 94 93 141 47
Space LShiftKey 1 4 93 156 187 94
LShiftKey Capital 1 0 156 110 15 -141
Capital I 1 -8 110 78 16 -94
I Space -3 4 78 125 140 62
Space C 1 1 125 93 141 16
C O 2 -6 93 109 78 -15
O U 0 2 109 109 109 0
U L -1 -2 109 109 172 63
L D 0 6 109 78 109 0
D Space -2 -1 78 125 93 15
Space Back 4 -9 125 78 328 203
Back Back 0 0 78 78 156 78
Back Back 0 0 78 94 156 78
Back Back 0 0 94 109 156 62
Back Back 0 0 109 78 172 63
Back Back 0 0 78 93 156 78
Back C -3 10 93 78 218 125
C O 2 -6 78 125 109 31
O U 0 2 125 109 141 16
U Back 1 -6 109 93 343 234
Back Back 0 0 93 109 156 63
Back Back 0 0 109 94 187 78
Back Capital -2 13 94 78 499 405
Capital C -1 -3 78 141 265 187
C O 2 -6 141 109 125 -16
O U 0 2 109 94 109 0
U L -1 -2 94 125 141 47
L D 0 6 125 78 125 0
D Space -2 -1 78 109 109 31
Space S 2 2 109 125 1232 1123
S T 1 -3 125 94 187 62
T O 0 -4 94 78 94 0
O P 0 -1 78 78 140 62
P Space -3 6 78 125 172 94
Space T 3 -1 125 94 62 -63
T A -1 4 94 124 188 94
A K 0 -7 124 93 109 -15
K I 1 0 93 93 156 63
I N -2 2 93 110 93 0
N Space -1 2 110 125 203 93
Space T 3 -1 125 78 125 0
T H -1 -1 78 109 94 16
H E 1 3 109 109 78 -31
E Space -3 -1 109 125 1138 1029
Space R 3 0 125 140 141 16
R E 0 1 140 110 93 -47
E Q 0 2 110 109 172 62
Q U 0 -6 109 63 109 0
U I 0 -1 63 109 141 78
I R 0 4 109 110 124 15
R E 0 1 110 63 78 -32
E D -1 0 63 125 141 78
D Space -2 -1 125 94 171 46
Space C 1 1 94 109 110 16
C L 1 -6 109 109 109 0
L A 0 8 109 110 93 -16
A S 0 -1 110 109 188 78
S S 0 0 109 93 156 47
S E 1 -1 93 94 171 78
E S -1 1 94 94 187 93
S Space -2 -2 94 125 219 125
Space T 3 -1 125 110 327 202
T H -1 -1 110 109 94 -16
H A 0 5 109 109 125 16
A T 1 -4 109 109 140 31
T Space -3 1 109 109 125 16
Space D 2 1 109 109 109 0
D I 1 -5 109 78 94 -15
I N -2 2 78 110 93 15
N Oem7 1 -5 110 94 203 93
Oem7 Back 2 -2 94 93 297 203
Back Back 0 0 93 124 156 63
Back D -2 10 124 94 202 78
D N -1 -3 94 94 172 78
N Oem7 1 -5 94 93 250 156
Oem7 T 1 6 93 78 140 47
T Space -3 1 78 110 140 62
Space I 3 -4 110 93 188 78
I N -2 2 93 141 93 0
N T 2 1 141 156 94 -47
T E 0 2 156 109 109 -47
E R 0 -1 109 109 109 0
R E 0 1 109 62 94 -15
E S -1 1 62 109 125 63
S T 1 -3 109 93 156 47
T Space -3 1 93 125 109 16
Space M 1 -3 125 125 171 46
M E 2 4 125 78 94 -31
E Oemcomma -2 -5 78 94 1747 1669
Oemcomma Space -1 4 94 109 156 62
Space B 1 -1 109 125 172 63
B E 2 2 125 63 93 -32
E G -1 -2 63 94 156 93
G I 1 -3 94 78 94 0
I N -2 2 78 140 94 16
N I 2 -2 140 31 218 78
I Back 1 -5 31 109 655 624
Back Space -4 9 109 125 265 156
Space D 2 1 125 94 125 0
D R 1 -1 94 78 172 78
R O 0 -5 78 94 93 15
O P 0 -1 94 78 188 94
P P 0 0 78 109 140 62
P I 0 2 109 109 203 94
I N -2 2 109 109 78 -31
N G 1 1 109 94 140 31
G Space -2 1 94 109 47 -47
Space I 3 -4 109 94 156 47
I N -2 2 94 94 78 -16
N Space -1 2 94 93 172 78
Space O 3 -5 93 78 156 63
O N -2 3 78 110 124 46
N Space -1 2 110 124 1436 1326
Space T 3 -1 124 125 93 -31
T H -1 -1 125 94 109 -16
H E 1 3 94 93 63 -31
E Space -3 -1 93 109 109 16
Space O 3 -5 109 78 156 47
O N -2 3 78 109 109 31
N E 2 3 109 93 63 -46
E S -1 1 93 109 171 78
S Space -2 -2 109 140 125 16
Space T 3 -1 140 109 125 -15
T H -1 -1 109 109 140 31
H A 0 5 109 94 78 -31
A T 1 -4 94 109 125 31
T Space -3 1 109 109 94 -15
Space L 2 -5 109 109 187 78
L O 1 0 109 93 156 47
O O 0 0 93 109 156 63
O K -1 1 109 125 62 -47
K E 1 5 125 78 141 16
E D -1 0 78 110 124 46
D Space -2 -1 110 110 78 -32
Space I 3 -4 110 94 156 46
I N -2 2 94 125 78 -16
N T 2 1 125 125 78 -47
T E 0 2 125 94 125 0
E R 0 -1 94 125 94 0
R E 0 1 125 78 78 -47
E S -1 1 78 124 125 47
S T 1 -3 124 109 140 16
T I 0 -3 109 94 140 31
I N -2 2 94 110 78 -16
N G 1 1 110 78 94 -16
G OemPeriod -1 -4 78 78 140 62
OemPeriod Return 1 -3 78 109 3994 3916
Return Back 2 -1 109 94 1045 936
Back Return -2 1 94 156 1170 1076
Return LShiftKey -1 12 156 327 1077 921
LShiftKey I 2 -8 327 78 234 -93
I Space -3 4 78 125 421 343
Space W 3 2 125 63 140 15
W Back 1 -11 63 140 250 187
Back Back 0 0 140 109 203 63
Back T -1 8 109 109 187 78
T Space -3 1 109 125 156 47
Space W 3 2 125 94 93 -32
W A -1 1 94 94 172 78
A S 0 -1 94 109 141 47
S N -1 -4 109 141 171 62
N Oem7 1 -5 141 94 281 140
Oem7 T 1 6 94 93 94 0
T Space -3 1 93 94 140 47
Space A 2 3 94 141 62 -32
A L 0 -8 141 78 125 -16
L L 0 0 78 94 125 47
L Space -2 5 94 94 156 62
Space R 3 0 94 109 47 -47
R O 0 -5 109 78 125 16
O M -2 2 78 94 140 62
M A 1 6 94 109 31 -63
A T 1 -4 109 78 156 47
T N -2 -1 78 140 94 16
N Back 3 -7 140 78 795 655
Back Back 0 0 78 78 141 63
Back N -3 7 78 109 187 109
N T 2 1 109 93 94 -15
T I 0 -3 93 109 109 16
I C -2 5 109 93 125 16
C OemPeriod 0 -6 93 94 218 125
OemPeriod Space -1 5 94 109 203 109
Space LShiftKey 1 4 109 172 93 -16
LShiftKey I 2 -8 172 78 94 -78
I Space -3 4 78 109 125 47
Space D 2 1 109 109 78 -31
D I 1 -5 109 78 125 16
I N -2 2 78 109 78 0
N Oem7 1 -5 109 62 218 109
Oem7 Back 2 -2 62 110 452 390
Back Back 0 0 110 78 172 62
Back Back 0 0 78 78 156 78
Back D -2 10 78 93 94 16
D Back 2 -10 93 125 374 281
Back I -1 5 125 78 281 156
I D -1 5 78 94 109 31
D N -1 -3 94 125 125 31
N Oem7 1 -5 125 109 281 156
Oem7 T 1 6 109 78 109 0
T Space -3 1 78 94 140 62
Space H 2 -2 94 109 172 78
H A 0 5 109 125 62 -47
A V -1 -3 125 109 125 0
V E 2 1 109 94 78 -31
E Space -3 -1 94 125 140 46
Space A 2 3 125 125 78 -47
A Space -2 -3 125 141 125 0
Space D 2 1 141 110 343 202
D O 1 -6 110 94 125 15
O R 0 5 94 78 109 15
R M -2 -3 78 93 110 32
M Space -1 3 93 141 171 78
Space R 3 0 141 78 141 0
R O 0 -5 78 62 109 31
O O 0 0 62 109 140 78
O M -2 2 109 140 141 32
M Oemcomma 0 -1 140 109 312 172
Oemcomma Space -1 4 109 156 171 62
Space LShiftKey 1 4 156 62 328 172
LShiftKey S 1 -2 62 109 312 250
S O 1 -7 109 78 78 -31
O Space -3 5 78 125 156 78
Space LShiftKey 1 4 125 500 93 -32
LShiftKey I 2 -8 500 93 344 -156
I Space -3 4 93 124 156 63
Space S 2 2 124 109 109 -15
S L 0 -7 109 109 125 16
L E 1 6 109 93 78 -31
E P 0 -7 93 125 140 47
P T 0 5 125 78 203 78
T Space -3 1 78 125 93 15
Space O 3 -5 125 93 188 63
O N -2 3 93 125 140 47
N Space -1 2 125 110 218 93
Space A 2 3 110 78 16 -94
A Back 2 -12 78 93 328 250
Back Back 0 0 93 94 171 78
Back T -1 8 94 110 265 171
T H -1 -1 110 109 110 0
H Back 2 -7 109 62 296 187
Back Back 0 0 62 94 140 78
Back Space -4 9 94 109 203 109
Space T 3 -1 109 125 78 -31
T H -1 -1 125 94 109 -16
H E 1 3 94 63 47 -47
E Space -3 -1 63 109 125 62
Space F 2 0 109 94 62 -47
F O 1 -5 94 78 156 62
O Back 1 -4 78 93 344 266
Back L -2 4 93 125 327 234
L O 1 0 125 94 203 78
O O 0 0 94 109 172 78
O R 0 5 109 94 93 -16
R Space -3 0 94 94 187 93
Space I 3 -4 94 109 749 655
I N -2 2 109 94 125 16
N Space -1 2 94 140 156 62
Space F 2 0 140 171 94 -46
F R 1 0 171 125 608 437
R E 0 1 125 94 156 31
E I 0 -5 94 94 0 -94
I N -2 2 94 125 187 93
N D 1 3 125 109 94 -31
D S 0 1 109 110 951 842
S Oem7 0 -9 110 93 531 421
Oem7 Space -2 7 93 141 608 515
Space R 3 0 141 94 156 15
R O 0 -5 94 93 94 0
O O 0 0 93 93 156 63
O M -2 2 93 141 140 47
M S 1 5 141 125 125 -16
S Space -2 -2 125 156 156 31
Space Back 4 -9 156 125 468 312
Back Oemcomma -3 5 125 94 312 187
Oemcomma Space -1 4 94 125 156 62
Space LShiftKey 1 4 125 172 156 31
LShiftKey I 2 -8 172 62 78 -94
I Space -3 4 62 140 125 63
Space R 3 0 140 62 156 16
R E 0 1 62 141 15 -47
E T 0 -2 141 140 172 31
T R 0 1 140 78 234 94
R U 0 -3 78 94 109 31
U N -2 1 94 140 203 109
N Back 3 -7 140 109 1435 1295
Back Back 0 0 109 93 172 63
Back Back 0 0 93 141 249 156
Back U -1 6 141 93 344 203
U R 0 3 93 125 124 31
R E 0 1 125 93 344 219
E D -1 0 93 63 202 109
D Back 2 -10 63 94 234 171
Back Back 0 0 94 94 172 78
Back N -3 7 94 140 250 156
N E 2 3 140 78 124 -16
E D -1 0 78 78 172 94
D Space -2 -1 78 109 125 47
Space C 1 1 109 110 93 -16
C O 2 -6 110 78 141 31
O K -1 1 78 110 171 93
K E 1 5 110 94 125 15
E Space -3 -1 94 141 109 15
Space Back 4 -9 141 140 890 749
Back Back 0 0 140 94 202 62
Back Back 0 0 94 93 188 94
Back Back 0 0 93 94 171 78
Back Back 0 0 94 140 172 78
Back LShiftKey -3 13 140 234 327 187
LShiftKey C 0 -3 234 109 94 -140
C O 2 -6 109 109 250 141
O K -1 1 109 125 202 93
K E 1 5 125 94 125 0
E Space -3 -1 94 94 109 15
Space B 1 -1 94 110 156 62
B O 2 -4 110 93 188 78
O T 0 4 93 93 109 16
T T 0 0 93 78 171 78
T L -1 -4 78 125 125 47
L E 1 6 125 109 203 78
E S -1 1 109 94 234 125
S Space -2 -2 94 171 1654 1560
Space F 2 0 171 109 187 16
F O 1 -5 109 94 109 0
O R 0 5 94 94 78 -16
R Space -3 0 94 125 109 15
Space T 3 -1 125 94 78 -47
T H -1 -1 94 109 125 31
H E 1 3 109 109 16 -93
E Space -3 -1 109 141 202 93
Space D5 4 -1 141 109 921 780
D5 Space -4 1 109 156 265 156
Space C 1 1 156 109 172 16
C E 2 0 109 109 78 -31
E N -2 -3 109 219 249 140
N T 2 1 219 62 203 -16
T S -1 3 62 140 172 110
S Space -2 -2 140 140 109 -31
Space D 2 1 140 109 125 -15
D E 1 0 109 109 140 31
E P 0 -7 109 110 218 109
P O 0 1 110 140 172 62
O S -1 7 140 140 125 -15
S I 1 -6 140 125 171 31
I T 0 3 125 109 110 -15
T S -1 3 109 125 218 109
S Space -2 -2 125 140 172 47
Space T 3 -1 140 94 124 -16
T O 0 -4 94 78 110 16
O Space -3 5 78 109 156 78
Space B 1 -1 109 140 187 78
B U 2 -2 140 187 156 16
U Y 0 1 187 125 156 -31
Y Space -3 2 125 156 249 124
Space F 2 0 156 110 312 156
F O 1 -5 110 78 94 -16
O O 0 0 78 94 156 78
O D -1 6 94 78 78 -16
D Space -2 -1 78 125 125 47
Space W 3 2 125 141 218 93
W I 0 -6 141 94 109 -32
I T 0 3 94 93 110 16
T H -1 -1 93 110 124 31
H Oemcomma -1 -2 110 94 702 592
Oemcomma Space -1 4 94 140 172 78
Space A 2 3 140 141 109 -31
A N -1 -5 141 110 109 -32
N D 1 3 110 94 94 -16
D Space -2 -1 94 140 78 -16
Space LShiftKey 1 4 140 172 140 0
LShiftKey I 2 -8 172 78 78 -94
I Space -3 4 78 109 141 63
Space W 3 2 109 125 78 -31
W O 0 -7 125 140 109 -16
O U 0 2 140 93 94 -46
U L -1 -2 93 109 156 63
L D 0 6 109 109 93 -16
D Space -2 -1 109 140 125 16
Space W 3 2 140 94 78 -62
W A -1 1 94 109 172 78
A L 0 -8 109 125 62 -47
L K 0 1 125 109 172 47
K Space -2 4 109 172 171 62
Space T 3 -1 172 94 187 15
T H -1 -1 94 93 110 16
H E 1 3 93 109 62 -31
E Space -3 -1 109 156 109 0
Space D7 4 -3 156 78 889 733
D7 Space -4 3 78 78 203 125
Space M 1 -3 78 93 172 94
M I 2 -1 93 78 140 47
I U 0 1 78 31 16 -62
U L -1 -2 31 109 156 125
L E 1 6 109 62 109 0
E S -1 1 62 94 156 94
S Space -2 -2 94 125 125 31
Space Back 4 -9 125 94 265 140
Back Back 0 0 94 93 172 78
Back Back 0 0 93 93 156 63
Back Back 0 0 93 94 171 78
Back Back 0 0 94 94 156 62
Back L -2 4 94 125 250 156
L E 1 6 125 93 125 0
E S -1 1 93 109 171 78
S Space -2 -2 109 109 156 47
Space A 2 3 109 109 78 -31
A C -1 -2 109 94 125 16
C R 2 -1 94 109 156 62
R O 0 -5 109 94 140 31
O S -1 7 94 94 94 0
S S 0 0 94 93 172 78
S S 0 0 93 63 202 109
S Back 2 -11 63 78 1623 1560
Back Space -4 9 78 156 1451 1373
Space T 3 -1 156 125 280 124
T O 0 -4 125 78 203 78
O W 0 7 78 93 94 16
W N -2 -4 93 109 140 47
N Space -1 2 109 141 187 78
Space E 3 1 141 78 78 -63
E V -2 -1 78 109 125 47
V E 2 1 109 62 94 -15
E R 0 -1 62 94 140 78
R Y 0 -2 94 78 156 62
Y Y 0 0 78 124 453 375
Y Space -3 2 124 140 265 141
Space LShiftKey 1 4 140 281 374 234
LShiftKey S 1 -2 281 125 156 -125
S U 1 -5 125 94 125 0
U N -2 1 94 156 140 46
N D 1 3 156 109 110 -46
D A 0 2 109 141 93 -16
A Y 1 -5 141 94 156 15
Y Space -3 2 94 109 219 125
Space N 1 -2 109 109 171 62
N I 2 -2 109 94 109 0
I G -1 3 94 62 141 47
G H 0 -1 62 125 31 -31
H T 1 1 125 78 140 15
T Space -3 1 78 124 110 32
Space T 3 -1 124 94 514 390
T O 0 -4 94 62 110 16
O Space -3 5 62 140 140 78
Space G 2 -1 140 94 78 -62
G E 1 2 94 94 78 -16
E T 0 -2 94 78 125 31
T Space -3 1 78 110 93 15
Space G 2 -1 110 93 188 78
G O 1 -4 93 94 140 47
O O 0 0 94 124 172 78
O D -1 6 124 78 171 47
D Space -2 -1 78 156 125 47
Space Back 4 -9 156 109 1732 1576
Back Back 0 0 109 93 187 78
Back Back 0 0 93 94 171 78
Back Back 0 0 94 62 172 78
Back Back 0 0 62 62 156 94
Back N -3 7 62 125 593 531
N E 2 3 125 78 109 -16
E Back 1 -10 78 78 234 156
Back Back 0 0 78 94 140 62
Back O -1 4 94 78 219 125
O N -2 3 78 109 140 62
N E 2 3 109 78 109 0
E Space -3 -1 78 141 78 0
Space G 2 -1 141 109 110 -31
G O 1 -4 109 78 109 0
O O 0 0 78 94 140 62
O D -1 6 94 94 78 -16
D Space -2 -1 94 156 109 15
Space M 1 -3 156 156 890 734
M E 2 4 156 78 109 -47
E A -1 2 78 125 156 78
A L 0 -8 125 94 93 -32
L Space -2 5 94 110 156 62
Space A 2 3 110 125 125 15
A Space -2 -3 125 125 109 -16
Space W 3 2 125 94 94 -31
W E 0 -1 94 63 187 93
E E 0 0 63 94 156 93
E K -1 -5 94 93 141 47
K Space -2 4 93 171 1357 1264
Space A 2 3 171 125 93 -78
A T 1 -4 125 125 172 47
T Space -3 1 125 125 140 15
Space A 2 3 125 78 125 0
A Back 2 -12 78 124 609 531
Back T -1 8 124 124 156 32
T H -1 -1 124 110 124 0
H E 1 3 110 94 78 -32
E Space -3 -1 94 125 141 47
Space LShiftKey 1 4 125 140 125 0
LShiftKey H 1 -6 140 124 78 -62
H A 0 5 124 94 140 16
A R 1 -3 94 124 172 78
R E 0 1 124 94 93 -31
E Space -3 -1 94 171 172 78
Space LShiftKey 1 4 171 156 530 359
LShiftKey K 1 -8 156 110 109 -47
K R 1 4 110 78 141 31
R I 0 -4 78 94 109 31
I S -1 6 94 109 109 15
S H 0 -4 109 109 94 -15
H N -1 0 109 125 187 78
N A 1 5 125 109 94 -31
A Space -2 -3 109 125 202 93
Space LShiftKey 1 4 125 515 359 234
LShiftKey T 2 -5 515 141 421 -94
T E 0 2 141 47 250 109
E Back 1 -10 47 93 281 234
Back Back 0 0 93 110 171 78
Back T -1 8 110 109 125 15
T E 0 2 109 94 125 16
E M -2 -4 94 124 94 0
M P 2 -3 124 109 187 63
P L -1 1 109 125 93 -16
L E 1 6 125 78 156 31
E OemPeriod -2 -6 78 125 94 16
OemPeriod Space -1 5 125 109 250 125
Space LShiftKey 1 4 109 327 1513 1404
LShiftKey I 2 -8 327 94 187 -140
I Space -3 4 94 125 140 46
Space L 2 -5 125 94 203 78
L O 1 0 94 124 375 281
O V -2 5 124 140 140 16
V E 2 1 140 93 125 -15
E D -1 0 93 109 156 63
D Space -2 -1 109 94 109 0
Space I 3 -4 94 94 140 46
I T 0 3 94 47 141 47
T Oemcomma -2 -3 47 125 93 46
Oemcomma Back 3 -5 125 125 1919 1794
Back OemPeriod -3 4 125 109 702 577
OemPeriod Space -1 5 109 94 281 172
Space LShiftKey 1 4 94 343 1825 1731
LShiftKey A 1 -1 343 156 187 -156
A N -1 -5 156 140 219 63
N D 1 3 140 109 125 -15
D Space -2 -1 109 94 124 15
Space M 1 -3 94 93 188 94
M U 2 0 93 109 156 63
U C -2 4 109 78 156 47
C H 1 -3 78 93 109 31
H Space -2 2 93 93 203 110
Space O 3 -5 93 78 156 63
O F -1 5 78 62 109 31
F Space -2 0 62 141 62 0
Space W 3 2 141 109 156 15
W H -1 -4 109 109 125 16
H A 0 5 109 93 94 -15
A T 1 -4 93 94 561 468
T Space -3 1 94 156 265 171
Space LShiftKey 1 4 156 172 156 0
LShiftKey I 2 -8 172 78 110 -62
I Space -3 4 78 124 156 78
Space S 2 2 124 125 109 -15
S T 1 -3 125 78 203 78
T U 0 -2 78 78 109 31
U M -2 0 78 109 140 62
M B 0 2 109 78 203 94
B L 1 -4 78 109 172 94
L E 1 6 109 93 109 0
E D -1 0 93 94 171 78
D Space -2 -1 94 94 156 62
Space I 3 -4 94 78 203 109
I N -2 2 78 125 94 16
N T 2 1 125 93 156 31
T O 0 -4 93 78 93 0
O Space -3 5 78 94 156 78
Space B 1 -1 94 109 172 78
B Y 2 -1 109 93 125 16
Y Space -3 2 93 125 156 63
Space F 2 0 125 78 109 -16
F O 1 -5 78 78 109 31
O L -1 0 78 94 156 78
L L 0 0 94 109 156 62
L O 1 0 109 109 156 47
O W 0 7 109 94 156 47
W I 0 -6 94 93 63 -31
I N -2 2 93 109 93 0
N G 1 1 109 94 125 16
G Space -2 1 94 93 94 0
Space M 1 -3 93 109 171 78
M Y 2 1 109 94 187 78
Y Space -3 2 94 109 203 109
Space C 1 1 109 109 203 94
C U 2 -4 109 78 125 16
U R 0 3 78 93 125 47
R I 0 -4 93 125 109 16
I O 0 -1 125 140 234 109
O S -1 7 140 141 764 624
S I 1 -6 141 94 78 -63
I T 0 3 94 93 141 47
T Y 0 -1 93 78 109 16
Y Space -3 2 78 124 203 125
Space A 2 3 124 141 93 -31
A N -1 -5 141 94 109 -32
N D 1 3 94 78 94 0
D Space -2 -1 78 125 78 0
Space I 3 -4 125 62 905 780
I N -2 2 62 125 140 78
N T 2 1 125 94 655 530
T U 0 -2 94 141 156 62
U I 0 -1 141 125 453 312
I T 0 3 125 109 203 78
T I 0 -3 109 93 187 78
I O 0 -1 93 94 171 78
O N -2 3 94 110 156 62
N Space -1 2 110 141 203 93
Space T 3 -1 141 109 921 780
T U 0 -2 109 94 124 15
U R 0 3 94 110 78 -16
R N -2 -2 110 140 141 31
N E 2 3 140 93 78 -62
E D -1 0 93 109 156 63
D Space -2 -1 109 109 109 0
Space O 3 -5 109 124 172 63
O U 0 2 124 94 93 -31
U T 0 2 94 94 78 -16
T Space -3 1 94 109 141 47
Space T 3 -1 109 78 109 0
T O 0 -4 78 78 93 15
O Space -3 5 78 125 125 47
Space B 1 -1 125 109 172 47
B E 2 2 109 94 93 -16
E Space -3 -1 94 125 94 0
Space P 3 -6 125 110 920 795
P R 0 6 110 124 110 0
R I 0 -4 124 109 187 63
I C -2 5 109 94 109 0
C E 2 0 94 94 109 15
E L -1 -6 94 249 172 78
L E 1 6 249 78 390 141
E S -1 1 78 78 171 93
S S 0 0 78 94 156 78
S Space -2 -2 94 94 905 811
Space L 2 -5 94 109 219 125
L A 0 8 109 141 93 -16
A T 1 -4 141 110 187 46
T E 0 2 110 110 156 46
E R 0 -1 110 78 172 62
R Space -3 0 78 109 109 31
Space O 3 -5 109 78 187 78
O N -2 3 78 62 172 94
N B 0 1 62 31 0 -62
B OemPeriod 0 -4 31 109 203 172
OemPeriod Back 3 -4 109 93 1170 1061
Back Back 0 0 93 94 140 47
Back OemPeriod -3 4 94 78 281 187
OemPeriod Space -1 5 78 93 203 125
Space LShiftKey 1 4 93 140 156 63
LShiftKey L 1 -9 140 109 78 -62
L E 1 6 109 93 156 47
E T 0 -2 93 93 156 63
T Space -3 1 93 94 140 47
Space M 1 -3 94 125 172 78
M E 2 4 125 94 93 -32
E Space -3 -1 94 171 110 16
Space G 2 -1 171 63 249 78
G I 1 -3 63 93 796 733
I V -2 4 93 124 125 32
V E 2 1 124 94 93 -31
E Space -3 -1 94 109 141 47
Space Y 3 -2 109 78 202 93
Y O 0 -3 78 125 172 94
O U 0 2 125 94 78 -47
U Space -3 3 94 156 218 124
Space O 3 -5 156 78 484 328
O N -2 3 78 109 125 47
N E 2 3 109 109 109 0
E Space -3 -1 109 124 94 -15
Space E 3 1 124 78 93 -31
E X -2 1 78 78 187 109
X A 1 1 78 140 110 32
A M -1 -6 140 125 109 -31
M P 2 -3 125 125 171 46
P L -1 1 125 140 94 -31
L E 1 6 140 78 156 16
E RShiftKey -2 -8 78 312 593 515
RShiftKey Oem1 1 1 312 171 125 -187
Oem1 Return 0 -2 171 187 421 250
Return LShiftKey -1 12 187 343 499 312
LShiftKey R 2 -4 343 156 234 -109
R E 0 1 156 109 187 31
E E 0 0 109 94 187 78
E D -1 0 94 124 188 94
D Space -2 -1 124 125 218 94
Space C 1 1 125 93 94 -31
C K 1 -5 93 78 296 203
K Back 2 -5 78 172 374 296
Back O -1 4 172 78 609 437
O L -1 0 78 94 187 109
L L 0 0 94 109 172 78
L E 1 6 109 94 124 15
E G -1 -2 94 109 141 47
G E 1 2 109 94 93 -16
E Space -3 -1 94 140 219 125
Space A 2 3 140 125 858 718
A T 1 -4 125 94 140 15
T Space -3 1 94 140 110 16
Space T 3 -1 140 94 93 -47
T H -1 -1 94 94 125 31
H E 1 3 94 78 78 -16
E Space -3 -1 78 94 109 31
Space T 3 -1 94 78 47 -47
T I 0 -3 78 78 109 31
I M -2 1 78 93 63 -15
M N 0 1 93 31 31 -62
N E 2 3 31 93 78 47
E Space -3 -1 93 94 93 0
Space O 3 -5 94 94 125 31
O F -1 5 94 78 63 -31
F F 0 0 78 93 156 78
F F 0 0 93 93 156 63
F Back 2 -9 93 62 234 141
Back E -1 10 62 109 858 796
E R 0 -1 109 110 124 15
R E 0 1 110 93 110 0
E D -1 0 93 109 156 63
D Space -2 -1 109 156 171 62
Space P 3 -6 156 125 1342 1186
P E 0 7 125 93 125 0
E R 0 -1 93 124 312 219
R H -1 -2 124 141 280 156
H A 0 5 141 140 172 31
A S 0 -1 140 78 390 250
S Back 2 -11 78 124 328 250
Back P -1 3 124 109 265 141
P S -1 8 109 125 140 31
S Space -2 -2 125 125 109 -16
Space H 2 -2 125 109 437 312
H Back 2 -7 109 156 343 234
Back T -1 8 156 109 219 63
T H -1 -1 109 141 93 -16
H E 1 3 141 109 110 -31
E Space -3 -1 109 110 124 15
Space B 1 -1 110 141 156 46
B E 2 2 141 63 47 -94
E S -1 1 63 109 125 62
S T 1 -3 109 94 156 47
T Space -3 1 94 156 125 31
Space C 1 1 156 78 1248 1092
C A 1 2 78 140 125 47
A L 0 -8 140 94 171 31
L L 0 0 94 78 156 62
L I 1 1 78 109 172 94
I P 0 -2 109 109 234 125
P Back 1 -3 109 109 343 234
Back G -2 8 109 78 94 -15
G R 1 1 78 78 187 109
R A -1 3 78 94 171 93
A P 1 -9 94 94 78 -16
P H -1 4 94 124 188 94
H Y 1 0 124 94 202 78
Y Space -3 2 94 109 297 203
Space I 3 -4 109 78 889 780
I N -2 2 78 109 109 31
N S 1 4 109 140 94 -15
S T 1 -3 140 62 187 47
T R 0 1 62 125 140 78
R U 0 -3 125 109 188 63
U C -2 4 109 78 93 -16
C T 2 -2 78 109 156 78
T I 0 -3 109 94 78 -31
I O 0 -1 94 94 187 93
O N -2 3 94 93 141 47
N Space -1 2 93 125 187 94
Space I 3 -4 125 109 515 390
I N -2 2 109 94 140 31
N Space -1 2 94 125 172 78
Space T 3 -1 125 125 93 -32
T H -1 -1 125 93 110 -15
H E 1 3 93 62 78 -15
E Space -3 -1 62 109 109 47
Space C 1 1 109 125 62 -47
C O 2 -6 125 109 156 31
O U 0 2 109 78 109 0
U N -2 1 78 125 172 94
N T 2 1 125 78 109 -16
T R 0 1 78 78 172 94
R Y 0 -2 78 78 47 -31
Y OemPeriod -2 -3 78 94 296 218
OemPeriod Space -1 5 94 109 250 156
Space LShiftKey 1 4 109 218 265 156
LShiftKey T 2 -5 218 125 78 -140
T H -1 -1 125 93 234 109
H R 1 2 93 78 125 32
R O 0 -5 78 125 140 62
O U 0 2 125 78 140 15
U Y 0 1 78 47 16 -62
Y G -1 1 47 47 109 62
G Back 2 -8 47 109 375 328
Back Back 0 0 109 94 202 93
Back Back 0 0 94 109 250 156
Back U -1 6 109 109 811 702
U G -1 2 109 109 156 47
G Left -2 -6 109 3728 3885 3776
Left Left 0 0 3728 94 3868 140
Left Left 0 0 94 78 203 109
Left Left 0 0 78 93 141 63
Left Left 0 0 93 109 171 78
Left Right 0 -2 109 141 421 312
Right Back 4 0 141 110 780 639
Back LShiftKey -3 13 110 203 63 -47
LShiftKey C 0 -3 203 140 47 -156
C H 1 -3 140 109 3962 3822
H O 1 -3 109 156 187 78
O U 0 2 156 94 125 -31
U T 0 2 94 78 78 -16
T Space -3 1 78 141 140 62
Space T 3 -1 141 109 1888 1747
T H -1 -1 109 125 125 16
H E 1 3 125 109 62 -63
E Space -3 -1 109 125 156 47
Space C 1 1 125 109 63 -62
C A 1 2 109 140 312 203
A M -1 -6 140 125 124 -16
M P 2 -3 125 78 172 47
P U 0 3 78 78 218 140
U S -1 5 78 141 593 515
S Space -2 -2 141 125 156 15
Space E 3 1 125 78 109 -16
E V -2 -1 78 109 125 47
V E 2 1 109 78 94 -15
E R 0 -1 78 93 125 47
R Y 0 -2 93 78 124 31
Y Space -3 2 78 125 203 125
Space Y 3 -2 125 125 250 125
Y E 0 3 125 93 437 312
E Back 1 -10 93 109 343 250
Back Back 0 0 109 125 171 62
Back P -1 3 125 125 297 172
P O 0 1 125 124 203 78
O S -1 7 124 93 109 -15
S T 1 -3 93 109 156 63
T E 0 2 109 78 140 31
E R 0 -1 78 78 156 78
R Oemcomma -2 -4 78 94 312 234
Oemcomma Space -1 4 94 140 359 265
Space E 3 1 140 78 125 -15
E V -2 -1 78 109 125 47
V E 2 1 109 78 78 -31
E R 0 -1 78 94 124 46
R Y 0 -2 94 93 110 16
Y Space -3 2 93 93 234 141
Space L 2 -5 93 94 202 109
L A 0 8 94 125 78 -16
A B -1 -4 125 109 141 16
B E 2 2 109 78 93 -16
E L -1 -6 78 93 141 63
L Space -2 5 93 93 234 141
Space O 3 -5 93 78 795 702
O N -2 3 78 94 156 78
N Space -1 2 94 141 156 62
Space E 3 1 141 78 78 -63
E V -2 -1 78 94 125 47
V E 2 1 94 78 78 -16
E R 0 -1 78 93 141 63
R Y 0 -2 93 78 140 47
Y Space -3 2 78 125 374 296
Space D 2 1 125 109 141 16
D R 1 -1 109 109 686 577
R A -1 3 109 140 172 63
A W 1 -1 140 109 203 63
W E 0 -1 109 94 171 62
E R 0 -1 94 94 187 93
R Oemcomma -2 -4 94 93 1389 1295
Oemcomma Space -1 4 93 125 187 94
Space W 3 2 125 109 94 -31
W A -1 1 109 94 202 93
A S 0 -1 94 109 141 47
S Space -2 -2 109 110 93 -16
Space B 1 -1 110 94 203 93
B E 2 2 94 78 94 0
E A -1 2 78 125 171 93
A U 1 -6 125 109 125 0
U T 0 2 109 93 219 110
T I 0 -3 93 94 124 31
I F -1 4 94 94 125 31
F U 1 -3 94 125 156 62
U F -1 3 125 78 172 47
F Back 2 -9 78 93 546 468
Back L -2 4 93 78 249 156
L L 0 0 78 109 141 63
L Y 1 3 109 78 218 109
Y Space -3 2 78 125 1217 1139
Space H 2 -2 125 110 218 93
H A 0 5 110 125 63 -47
A N -1 -5 125 124 203 78
N D 1 3 124 78 124 0
D Space -2 -1 78 156 110 32
Space C 1 1 156 94 202 46
C A 1 2 94 109 125 31
A L 0 -8 109 78 125 16
L L 0 0 78 78 140 62
L I 1 1 78 110 156 78
I G -1 3 110 93 110 0
G R 1 1 93 109 608 515
R A -1 3 109 94 187 78
A P 1 -9 94 78 94 0
P H -1 4 78 110 171 93
H E 1 3 110 78 78 -32
E D -1 0 78 94 156 78
D Oemcomma -1 -5 94 94 952 858
Oemcomma Back 3 -5 94 63 1622 1528
Back OemPeriod -3 4 63 94 312 249
OemPeriod Space -1 5 94 93 188 94
Space LShiftKey 1 4 93 140 109 16
LShiftKey B 0 -5 140 110 93 -47
B E 2 2 110 78 141 31
E W 0 1 78 62 0 -78
W C -2 -1 62 140 156 94
C A 1 2 140 140 109 -31
A U 1 -6 140 78 203 63
U S -1 5 78 110 93 15
S Back 2 -11 110 78 593 483
Back Back 0 0 78 78 172 94
Back Back 0 0 78 78 156 78
Back Back 0 0 78 78 171 93
Back Back 0 0 78 78 172 94
Back Back 0 0 78 93 172 94
Back Back 0 0 93 94 202 109
Back Back 0 0 94 125 250 156
Back Space -4 9 125 125 1529 1404
Space LShiftKey 1 4 125 156 156 31
LShiftKey B 0 -5 156 156 93 -63
B E 2 2 156 93 141 -15
E C -2 0 93 140 187 94
C A 1 2 140 140 78 -62
A U 1 -6 140 78 156 16
U S -1 5 78 250 31 -47
S E 1 -1 250 78 484 234
E Space -3 -1 78 125 702 624
Space LShiftKey 1 4 125 187 156 31
LShiftKey I 2 -8 187 78 62 -125
I Space -3 4 78 109 172 94
Space H 2 -2 109 125 171 62
H A 0 5 125 156 110 -15
A D 0 -2 156 93 187 31
D Space -2 -1 93 140 187 94
Space D 2 1 140 93 328 188
D R 1 -1 93 78 171 78
R O 0 -5 78 93 94 16
O P 0 -1 93 78 171 78
P P 0 0 78 125 125 47
P E 0 7 125 78 109 -16
E D -1 0 78 109 141 63
D Space -2 -1 109 78 109 0
Space O 3 -5 78 140 156 78
O U 0 2 140 109 109 -31
U T 0 2 109 109 94 -15
T Space -3 1 109 140 125 16
Space A 2 3 140 125 124 -16
A N -1 -5 125 109 110 -15
N D 1 3 109 109 62 -47
D Space -2 -1 109 109 125 16
Space D 2 1 109 94 93 -16
D I 1 -5 94 109 687 593
I D -1 5 109 94 171 62
D N -1 -3 94 93 687 593
N Oem7 1 -5 93 109 234 141
Oem7 T 1 6 109 78 125 16
T Space -3 1 78 94 171 93
Space H 2 -2 94 125 203 109
H A 0 5 125 125 140 15
A V -1 -3 125 109 125 0
V E 2 1 109 94 78 -31
E Space -3 -1 94 124 141 47
Space T 3 -1 124 93 78 -46
T O 0 -4 93 78 171 78
O Space -3 5 78 125 156 78
Space T 3 -1 125 93 172 47
T A -1 4 93 109 187 94
A K 0 -7 109 109 94 -15
K E 1 5 109 78 93 -16
E Space -3 -1 78 110 109 31
Space T 3 -1 110 93 63 -47
T H -1 -1 93 109 140 47
H E 1 3 109 94 31 -78
E Space -3 -1 94 94 172 78
Space N 1 -2 94 62 172 78
N O 2 -3 62 109 109 47
O R 0 5 109 93 156 47
R M -2 -3 93 63 62 -31
M A 1 6 63 109 874 811
A L 0 -8 109 94 93 -16
L Space -2 5 94 125 172 78
Space C 1 1 125 94 109 -16
C L 1 -6 94 109 125 31
L A 0 8 109 110 62 -47
A S 0 -1 110 109 188 78
S S 0 0 109 109 156 47
S E 1 -1 109 93 187 78
E S -1 1 93 110 171 78
S Oemcomma -1 -6 110 125 234 124
Oemcomma Space -1 4 125 156 5601 5476
Space LShiftKey 1 4 156 172 343 187
LShiftKey I 2 -8 172 94 62 -110
I Space -3 4 94 140 188 94
Space D 2 1 140 124 78 -62
D E 1 0 124 109 93 -31
E C -2 0 109 140 297 188
C I 2 -5 140 125 187 47
I D -1 5 125 125 156 31
D E 1 0 125 78 109 -16
E D -1 0 78 78 187 109
D Space -2 -1 78 109 125 47
Space T 3 -1 109 94 78 -31
T O 0 -4 94 78 140 46
O Space -3 5 78 141 156 78
Space T 3 -1 141 94 78 -63
T A -1 4 94 78 203 109
A K 0 -7 78 109 63 -15
K E 1 5 109 93 78 -31
E Space -3 -1 93 109 140 47
Space A 2 3 109 125 62 -47
A Space -2 -3 125 125 141 16
Space C 1 1 125 63 374 249
C A 1 2 63 140 125 62
A L 0 -8 140 78 421 281
L L 0 0 78 94 156 78
L I 1 1 94 109 468 374
I G -1 3 109 94 203 94
G R 1 1 94 109 187 93
R A -1 3 109 156 203 94
A P 1 -9 156 94 140 -16
P H -1 4 94 124 188 94
H Y 1 0 124 93 187 63
Y Space -3 2 93 109 234 141
Space C 1 1 109 125 561 452
C L 1 -6 125 109 141 16
L O 1 0 109 47 31 -78
O A -1 8 47 109 47 0
A S 0 -1 109 46 203 94
S S 0 0 46 94 124 78
S S 0 0 94 94 172 78
S Space -2 -2 94 93 125 31
Space Back 4 -9 93 109 671 578
Back Back 0 0 109 93 187 78
Back Back 0 0 93 110 171 78
Back Back 0 0 110 109 172 62
Back Back 0 0 109 94 156 47
Back Back 0 0 94 93 172 78
Back Back 0 0 93 62 156 63
Back L -2 4 62 141 561 499
L A 0 8 141 94 156 15
A S 0 -1 94 78 172 78
S S 0 0 78 109 156 78
S Space -2 -2 109 109 125 16
Space T 3 -1 109 78 124 15
T O 0 -4 78 78 94 16
O Space -3 5 78 110 140 62
Space L 2 -5 110 125 437 327
L E 1 6 125 94 109 -16
E A -1 2 94 109 141 47
A R 1 -3 109 93 156 47
R N -2 -2 93 109 125 32
N Space -1 2 109 125 187 78
Space H 2 -2 125 94 249 124
H O 1 -3 94 78 156 62
O W 0 7 78 110 78 0
W Space -3 -2 110 109 94 -16
Space T 3 -1 109 109 109 0
T O 0 -4 109 78 78 -31
O Space -3 5 78 124 141 63
Space D 2 1 124 94 62 -62
D O 1 -6 94 78 109 15
O Space -3 5 78 140 141 63
Space T 3 -1 140 93 109 -31
T H -1 -1 93 109 109 16
H I 1 -2 109 78 125 16
I S -1 6 78 94 62 -16
S OemPeriod -1 -7 94 110 343 249
OemPeriod Space -1 5 110 140 188 78
Space LShiftKey 1 4 140 203 124 -16
LShiftKey I 2 -8 203 78 110 -93
I Space -3 4 78 125 140 62
Space L 2 -5 125 109 172 47
L E 1 6 109 94 62 -47
E A -1 2 94 109 156 62
A R 1 -3 109 110 140 31
R N -2 -2 110 156 156 46
N E 2 3 156 93 110 -46
E D -1 0 93 109 156 63
D Space -2 -1 109 125 124 15
Space A 2 3 125 125 94 -31
A B -1 -4 125 94 109 -16
B O 2 -4 94 109 172 78
O U 0 2 109 93 78 -31
U T 0 2 93 78 78 -15
T Space -3 1 78 156 109 31
Space S 2 2 156 94 109 -47
S E 1 -1 94 78 172 78
E R 0 -1 78 109 156 78
R I 0 -4 109 46 203 94
I F -1 4 46 62 1404 1358
F Space -2 0 62 156 2433 2371
Space T 3 -1 156 109 250 94
T Y 0 -1 109 93 125 16
Y P 0 -4 93 125 327 234
P E 0 7 125 78 141 16
E C -2 0 78 124 234 156
C Back 3 -10 124 125 343 219
Back F -2 9 125 109 125 0
F A 0 3 109 124 156 47
A C -1 -2 124 171 109 -15
C E 2 0 171 109 125 -46
E S -1 1 109 93 187 78
S Oemcomma -1 -6 93 187 3728 3635
Oemcomma Space -1 4 187 109 281 94
Space A 2 3 109 125 78 -31
A B -1 -4 125 93 125 0
B O 2 -4 93 125 171 78
O U 0 2 125 94 94 -31
U Space -3 3 94 140 203 109
Space Back 4 -9 140 109 359 219
Back T -1 8 109 93 156 47
T Space -3 1 93 110 124 31
Space V 1 0 110 93 141 31
V A 1 3 93 109 140 47
A R 1 -3 109 94 156 47
R I 0 -4 94 94 156 62
I Back 1 -5 94 140 1186 1092
Back Y -1 7 140 109 827 687
Y I 0 -2 109 109 171 62
I N -2 2 109 140 125 16
N G 1 1 140 125 109 -31
G Space -2 1 125 140 125 0
Space T 3 -1 140 109 2169 2029
T H -1 -1 109 156 156 47
H E 1 3 156 93 109 -47
E Space -3 -1 93 172 218 125
Space A 2 3 172 156 390 218
A M -1 -6 156 109 94 -62
M O 2 -2 109 140 156 47
O U 0 2 140 94 109 -31
U N -2 1 94 124 172 78
N T 2 1 124 93 109 -15
T Space -3 1 93 125 93 0
Space O 3 -5 125 62 172 47
O F -1 5 62 94 78 16
F Space -2 0 94 140 78 -16
Space S 2 2 140 109 156 16
S P 1 -8 109 109 109 0
P A -1 9 109 172 125 16
A C -1 -2 172 125 203 31
C E 2 0 125 110 93 -32
E Space -3 -1 110 94 1482 1372
Space B 1 -1 94 109 188 94
B E 2 2 109 93 78 -31
E T 0 -2 93 109 140 47
T W 0 3 109 109 156 47
W E 0 -1 109 78 203 94
E E 0 0 78 109 140 62
E N -2 -3 109 93 141 32
N Space -1 2 93 125 171 78
Space D 2 1 125 109 78 -47
D I 1 -5 109 93 141 32
I F -1 4 93 62 62 -31
F F 0 0 62 94 140 78
F E 1 1 94 94 94 0
E R 0 -1 94 78 125 31
R E 0 1 78 78 62 -16
E N -2 -3 78 125 31 -47
N T 2 1 125 94 94 -31
T Space -3 1 94 156 109 15
Space L 2 -5 156 109 546 390
L E 1 6 109 93 94 -15
E T 0 -2 93 78 171 78
T T 0 0 78 109 141 63
T E 0 2 109 47 187 78
E R 0 -1 47 94 140 93
R Space -3 0 94 125 125 31
Space C 1 1 125 94 265 140
C O 2 -6 94 94 156 62
O M -2 2 94 109 172 78
M B 0 2 109 140 406 297
B I 2 -3 140 78 218 78
I N -2 2 78 124 94 16
N A 1 5 124 94 140 16
A T 1 -4 94 109 156 62
T I 0 -3 109 78 109 0
I O 0 -1 78 78 172 94
O N -2 3 78 125 109 31
N S 1 4 125 94 156 31
S Oemcomma -1 -6 94 110 1310 1216
Oemcomma Space -1 4 110 125 203 93
Space A 2 3 125 141 78 -47
A B -1 -4 141 109 172 31
B O 2 -4 109 124 203 94
O U 0 2 124 78 93 -31
U T 0 2 78 47 78 0
T Space -3 1 47 109 125 78
Space W 3 2 109 125 515 406
W H -1 -4 125 110 93 -32
H A 0 5 110 78 125 15
A T 1 -4 78 94 125 47
T Space -3 1 94 125 62 -32
Space M 1 -3 125 125 219 94
M A 1 6 125 109 109 -16
A K 0 -7 109 124 94 -15
K E 1 5 124 93 109 -15
E S -1 1 93 110 171 78
S Space -2 -2 110 141 203 93
Space G 2 -1 141 109 1545 1404
G R 1 1 109 171 187 78
R E 0 1 171 94 499 328
E A -1 2 94 93 172 78
A T 1 -4 93 93 156 63
T Space -3 1 93 125 140 47
Space T 3 -1 125 94 187 62
T Y 0 -1 94 93 94 0
Y P 0 -4 93 110 249 156
P O 0 1 110 109 188 78
O G -1 4 109 78 171 62
G R 1 1 78 78 172 94
R A -1 3 78 78 218 140
A P 1 -9 78 109 94 16
P H -1 4 109 125 187 78
H Y 1 0 125 93 172 47
Y Space -3 2 93 140 1092 999
Space G 2 -1 140 31 374 234
G R 1 1 31 125 140 109
R Back 1 -9 125 125 453 328
Back G -2 8 125 78 187 62
G R 1 1 78 109 172 94
R Back 1 -9 109 94 296 187
Back Back 0 0 94 140 172 78
Back R -1 9 140 109 140 0
R E 0 1 109 109 78 -31
E A -1 2 109 109 172 63
A T 1 -4 109 124 156 47
T E 0 2 124 93 109 -15
E Back 1 -10 93 93 437 344
Back OemPeriod -3 4 93 93 343 250
OemPeriod Space -1 5 93 47 577 484
Space LShiftKey 1 4 47 421 499 452
LShiftKey I 2 -8 421 94 281 -140
I T 0 3 94 109 281 187
T Space -3 1 109 125 93 -16
Space W 3 2 125 109 110 -15
W A -1 1 109 93 187 78
A S 0 -1 93 125 156 63
S Space -2 -2 125 110 93 -32
Space B 1 -1 110 124 188 78
B E 2 2 124 78 140 16
E A -1 2 78 124 172 94
A U 1 -6 124 125 93 -31
U T 0 2 125 94 187 62
T I 0 -3 94 93 110 16
I F -1 4 93 93 109 16
F U 1 -3 93 94 109 16
U L -1 -2 94 94 234 140
L Oemcomma -1 1 94 124 250 156
Oemcomma Space -1 4 124 109 218 94
Space H 2 -2 109 109 967 858
H I 1 -2 109 109 203 94
I S -1 6 109 78 172 63
S T 1 -3 78 109 530 452
T O 0 -4 109 110 140 31
O R 0 5 110 125 141 31
R I 0 -4 125 125 156 31
I C -2 5 125 125 109 -16
C A 1 2 125 125 125 0
A L 0 -8 125 109 125 0
L Oemcomma -1 1 109 125 296 187
Oemcomma Space -1 4 125 125 234 109
Space A 2 3 125 125 827 702
A R 1 -3 125 109 1310 1185
R T 0 -1 109 110 889 780
T I 0 -3 110 156 156 46
I S -1 6 156 125 141 -15
S T 1 -3 125 94 171 46
T I 0 -3 94 124 110 16
I C -2 5 124 93 109 -15
C A 1 2 93 110 93 0
A L 0 -8 110 78 125 15
L L 0 0 78 94 156 78
L Y 1 3 94 109 203 109
Y Space -3 2 109 109 671 562
Space S 2 2 109 125 343 234
S U 1 -5 125 94 109 -16
U B -2 2 94 109 172 78
B T 2 0 109 93 468 359
T L -1 -4 93 93 156 63
L T 1 4 93 47 93 0
T Back 1 -8 47 109 422 375
Back E -1 10 109 78 624 515
E Space -3 -1 78 93 1482 1404
Space I 3 -4 93 109 171 78
I N -2 2 109 109 125 16
N Space -1 2 109 109 172 63
Space A 2 3 109 125 140 31
A Space -2 -3 125 125 62 -63
Space W 3 2 125 93 141 16
W A -1 1 93 125 171 78
A Y 1 -5 125 94 94 -31
Y Space -3 2 94 125 203 109
Space H 2 -2 125 141 249 124
H Back 2 -7 141 94 858 717
Back T -1 8 94 141 203 109
T H -1 -1 141 125 125 -16
H A 0 5 125 78 172 47
A T 1 -4 78 109 109 31
T Space -3 1 109 109 125 16
Space S 2 2 109 125 202 93
S C -1 -1 125 109 172 47
C I 2 -5 109 93 125 16
I E 0 5 93 94 109 16
E N -2 -3 94 125 109 15
N C 0 3 125 109 78 -47
C E 2 0 109 109 47 -62
E Space -3 -1 109 140 1248 1139
Space C 1 1 140 78 250 110
C A 1 2 78 125 93 15
A N -1 -5 125 78 94 -31
N Oem7 1 -5 78 109 234 156
Oem7 T 1 6 109 93 125 16
T Space -3 1 93 125 202 109
Space C 1 1 125 93 141 16
C A 1 2 93 125 93 0
A P 1 -9 125 93 141 16
P T 0 5 93 109 312 219
T U 0 -2 109 109 109 0
U R 0 3 109 109 94 -15
R E 0 1 109 140 62 -47
E Oemcomma -2 -5 140 125 1076 936
Oemcomma Space -1 4 125 109 188 63
Space A 2 3 109 140 109 0
A N -1 -5 140 109 125 -15
N D 1 3 109 94 62 -47
D Space -2 -1 94 94 140 46
Space LShiftKey 1 4 94 187 110 16
LShiftKey I 2 -8 187 78 78 -109
I Space -3 4 78 94 140 62
Space C 1 1 94 109 125 31
C Back 3 -10 109 110 327 218
Back F -2 9 110 94 203 93
F O 1 -5 94 141 78 -16
O U 0 2 141 94 125 -16
U N -2 1 94 109 172 78
N D 1 3 109 78 109 0
D Space -2 -1 78 110 93 15
Space I 3 -4 110 94 156 46
I T 0 3 94 78 78 -16
T Space -3 1 78 140 94 16
Space C 1 1 140 78 218 78
C Back 3 -10 78 125 531 453
Back F -2 9 125 63 140 15
F A 0 3 63 125 125 62
A N -1 -5 125 109 172 47
N S 1 4 109 109 93 -16
S C -1 -1 109 125 172 63
C I 2 -5 125 62 156 31
I Back 1 -5 62 93 281 219
Back Back 0 0 93 94 171 78
Back Back 0 0 94 78 172 78
Back Back 0 0 78 109 156 78
Back S -2 11 109 109 109 0
S C -1 -1 109 109 172 63
C I 2 -5 109 78 296 187
I N -2 2 78 140 156 78
N A 1 5 140 125 156 16
A T 1 -4 125 109 203 78
T I 0 -3 109 109 156 47
I N -2 2 109 109 156 47
N G 1 1 109 78 93 -16
G OemPeriod -1 -4 78 109 203 125
OemPeriod Return 1 -3 109 109 1638 1529
Return Back 2 -1 109 125 4025 3916
Back Back 0 0 125 140 3713 3588
