D2 D6 0 -4 109 94 343 234
D6 D0 0 -4 94 93 266 172
D0 D5 0 5 93 78 374 281
D5 LShiftKey -3 5 78 296 94895 94817
LShiftKey I 2 -8 296 62 234 -62
I Space -3 4 62 94 156 94
Space A 2 3 94 94 140 46
A M -1 -6 94 125 125 31
M Space -1 3 125 110 187 62
Space H 2 -2 110 125 1248 1138
H O 1 -3 125 156 141 16
O N -2 3 156 94 249 93
N O 2 -3 94 140 94 0
O R 0 5 140 156 312 172
R D -1 1 156 109 312 156
D Space -2 -1 109 94 187 78
Space T 3 -1 94 78 156 62
T O 0 -4 78 78 109 31
O Space -3 5 78 109 125 47
Space B 1 -1 109 78 219 110
B E 2 2 78 94 140 62
E Space -3 -1 94 93 125 31
Space W 3 2 93 109 218 125
W I 0 -6 109 93 94 -15
I H -1 2 93 109 281 188
H T 1 1 109 62 31 -78
T Back 1 -8 62 94 2059 1997
Back Back 0 0 94 94 187 93
Back T -1 8 94 125 593 499
T H -1 -1 125 62 234 109
H Space -2 2 62 93 671 609
Space Y 3 -2 93 124 6521 6428
Y O 0 -3 124 187 156 32
O U 0 2 187 110 124 -63
U Space -3 3 110 109 297 187
Space T 3 -1 109 109 359 250
T O 0 -4 109 94 140 31
O D -1 6 94 156 328 234
D A 0 2 156 125 171 15
A Y 1 -5 125 78 609 484
Y Space -3 2 78 93 187 109
Space A 2 3 93 140 156 63
A T 1 -4 140 110 171 31
T Space -3 1 110 94 172 62
Space Y 3 -2 94 109 234 140
Y O 0 -3 109 141 140 31
O U 0 2 141 109 94 -47
U R 0 3 109 109 187 78
R Space -3 0 109 93 375 266
Space C 1 1 93 125 187 94
C O 2 -6 125 125 109 -16
O M -2 2 125 78 156 31
M M 0 0 78 125 156 78
M E 2 4 125 109 156 31
E N -2 -3 109 78 172 63
N C 0 3 78 172 171 93
C E 2 0 172 125 156 -16
E M -2 -4 125 93 172 47
M E 2 4 93 109 125 32
E N -2 -3 109 94 124 15
N T 2 1 94 93 141 47
T Space -3 1 93 109 140 47
Space F 2 0 109 140 141 32
F R 1 0 140 172 124 -16
R O 0 -5 172 125 156 -16
O M -2 2 125 125 125 0
M Space -1 3 125 110 187 62
Space T 3 -1 110 78 78 -32
T Back 1 -8 78 125 562 484
Back O -1 4 125 109 718 593
O F -1 5 109 93 109 0
F Back 2 -9 93 109 2777 2684
Back N -3 7 109 125 421 312
N E 2 3 125 94 187 62
E Space -3 -1 94 93 125 31
Space O 3 -5 93 125 1170 1077
O F -1 5 125 125 109 -16
F Space -2 0 125 78 125 0
Space T 3 -1 78 109 140 62
T H -1 -1 109 109 78 -31
H E 1 3 109 110 109 0
E Space -3 -1 110 78 141 31
Space F 2 0 78 124 203 125
F I 1 -4 124 156 124 0
I N -2 2 156 140 110 -46
N E 2 3 140 172 171 31
E S -1 1 172 156 141 -31
S T 1 -3 156 109 608 452
T Space -3 1 109 94 187 78
Space U 3 -3 94 125 796 702
U N -2 1 125 156 187 62
N I 2 -2 156 141 421 265
I V -2 4 141 156 187 46
V E 2 1 156 188 156 0
E R 0 -1 188 78 219 31
R S -1 2 78 110 249 171
S I 1 -6 110 93 141 31
I T 0 3 93 93 2574 2481
T I 0 -3 93 78 140 47
I E 0 5 78 218 94 16
E S -1 1 218 125 187 -31
S Space -2 -2 125 78 172 47
Space I 3 -4 78 156 1076 998
I N -2 2 156 156 109 -47
N Space -1 2 156 94 187 31
Space T 3 -1 94 109 141 47
T H -1 -1 109 110 93 -16
H E 1 3 110 109 110 0
E Space -3 -1 109 109 140 31
Space W 3 2 109 125 468 359
W O 0 -7 125 109 78 -47
O R 0 5 109 109 328 219
R L -1 -5 109 312 265 156
L K 0 1 312 141 249 -63
K Back 2 -5 141 109 687 546
Back D -2 10 109 62 156 47
D OemPeriod -1 -6 62 109 218 156
OemPeriod Space -1 5 109 125 827 718
Space LShiftKey 1 4 125 265 328 203
LShiftKey I 2 -8 265 78 187 -78
I Space -3 4 78 109 156 78
Space N 1 -2 109 109 156 47
N E 2 3 109 109 78 -31
E V -2 -1 109 125 234 125
V E 2 1 125 218 78 -47
E R 0 -1 218 156 203 -15
R Space -3 0 156 109 218 62
Space G 2 -1 109 109 265 156
G R 1 1 109 109 219 110
R A -1 3 109 141 249 140
A D 0 -2 141 93 250 109
D U 1 -4 93 109 140 47
U A -1 6 109 125 172 63
A T 1 -4 125 172 187 62
T E 0 2 172 109 125 -47
E D -1 0 109 124 203 94
D Space -2 -1 124 94 202 78
Space F 2 0 94 172 874 780
F R 1 0 172 172 156 -16
R O 0 -5 172 171 203 31
O M -2 2 171 188 93 -78
M Space -1 3 188 125 219 31
Space C 1 1 125 140 187 62
C O 2 -6 140 94 109 -31
O L -1 0 94 62 203 109
L L 0 0 62 110 140 78
L E 1 6 110 125 78 -32
E G -1 -2 125 171 188 63
G E 1 2 171 125 124 -47
E OemPeriod -2 -6 125 62 172 47
OemPeriod Space -1 5 62 63 187 125
Space LShiftKey 1 4 63 936 437 374
LShiftKey T 2 -5 936 125 764 -172
T R 0 1 125 93 469 344
R U 0 -3 93 125 530 437
U T 0 2 125 124 328 203
T H -1 -1 124 125 265 141
H Space -2 2 125 109 1139 1014
Space B 1 -1 109 124 234 125
B E 2 2 124 125 109 -15
E Space -3 -1 125 94 140 15
Space T 3 -1 94 110 187 93
T O 0 -4 110 110 78 -32
O L -1 0 110 125 219 109
L D 0 6 125 93 156 31
D Space -2 -1 93 94 187 94
Space Back 4 -9 94 110 374 280
Back Oemcomma -3 5 110 93 375 265
Oemcomma Space -1 4 93 78 187 94
Space T 3 -1 78 93 172 94
T H -1 -1 93 124 78 -15
H I 1 -2 124 125 93 -31
I S -1 6 125 109 125 0
S Space -2 -2 109 93 125 16
Space I 3 -4 93 94 577 484
I S -1 6 94 141 109 15
S Space -2 -2 141 78 109 -32
Space T 3 -1 78 109 125 47
T H -1 -1 109 94 78 -31
H E 1 3 94 110 109 15
E Space -3 -1 110 47 156 46
Space C 1 1 47 109 203 156
C L 1 -6 109 78 203 94
L O 1 0 78 109 156 78
O S -1 7 109 156 187 78
S E 1 -1 156 156 125 -31
E S -1 1 156 156 312 156
S T 1 -3 156 110 3104 2948
T Space -3 1 110 125 1529 1419
Space I 3 -4 125 141 265 140
I Back 1 -5 141 125 1092 951
Oem7 V -1 7 78 156 358 280
V E 2 1 156 140 94 -62
E Space -3 -1 140 109 250 110
Space B 1 -1 109 93 312 203
B E 2 2 93 94 124 31
E E 0 0 94 94 156 62
E N -2 -3 94 94 156 62
N Back 3 -7 94 94 1139 1045
Back Back 0 0 94 78 203 109
Back Back 0 0 78 94 187 109
Back Back 0 0 94 109 297 203
Back E -1 10 109 109 234 125
E V -2 -1 109 125 187 78
V E 2 1 125 234 109 -16
E R 0 -1 234 125 187 -47
R Space -3 0 125 109 328 203
Space G 2 -1 109 93 624 515
G O 1 -4 93 109 140 47
O T 0 4 109 31 390 281
T T 0 0 31 109 156 125
T E 0 2 109 109 125 16
E N -2 -3 109 141 296 187
N Space -1 2 141 109 328 187
Space T 3 -1 109 93 172 63
T O 0 -4 93 109 109 16
O Space -3 5 109 109 218 109
Space A 2 3 109 110 187 78
A Space -2 -3 110 109 141 31
Space C 1 1 109 93 281 172
C O 2 -6 93 62 0 -93
O V -2 5 62 47 15 -47
V Back 3 -9 47 109 796 749
Back L -2 4 109 94 561 452
L L 0 0 94 125 203 109
L E 1 6 125 125 234 109
E G -1 -2 125 172 234 109
G E 1 2 172 141 109 -63
E Space -3 -1 141 93 219 78
Space G 2 -1 93 109 3260 3167
G R 1 1 109 171 328 219
R A -1 3 171 187 156 -15
A D 0 -2 187 78 265 78
D U 1 -4 78 125 125 47
U A -1 6 125 171 203 78
A T 1 -4 171 140 234 63
T I 0 -3 140 187 140 0
I O 0 -1 187 156 125 -62
O N -2 3 156 125 218 62
N OemPeriod 0 -3 125 140 531 406
OemPeriod Space -1 5 140 109 327 187
Space LShiftKey 1 4 109 514 921 812
LShiftKey T 2 -5 514 125 374 -140
T O 0 -4 125 109 172 47
O D -1 6 109 156 156 47
D A 0 2 156 110 124 -32
A Y 1 -5 110 109 94 -16
Y Space -3 2 109 125 234 125
Space LShiftKey 1 4 125 234 109 -16
LShiftKey I 2 -8 234 109 141 -93
I Space -3 4 109 93 187 78
Space W 3 2 93 156 93 0
W A -1 1 156 156 78 -78
A N -1 -5 156 109 188 32
N T 2 1 109 125 124 15
T Space -3 1 125 94 234 109
Space T 3 -1 94 109 219 125
T O 0 -4 109 94 140 31
O Space -3 5 94 110 187 93
Space T 3 -1 110 125 172 62
T E 0 2 125 93 203 78
E L -1 -6 93 78 203 110
L L 0 0 78 78 171 93
L Space -2 5 78 109 203 125
Space Y 3 -2 109 78 281 172
Y O 0 -3 78 171 156 78
O U 0 2 171 94 93 -78
U Space -3 3 94 109 219 125
Space T 3 -1 109 124 203 94
T H -1 -1 124 15 187 63
H R 1 2 15 218 187 172
R E 0 1 218 109 187 -31
E E 0 0 109 109 234 125
E Space -3 -1 109 93 687 578
Space S 2 2 93 125 218 125
S T 1 -3 125 109 234 109
T O 0 -4 109 109 156 47
O R 0 5 109 125 281 172
R I 0 -4 125 93 156 31
I E 0 5 93 156 109 16
E S -1 1 156 140 94 -62
S Space -2 -2 140 109 140 0
Space F 2 0 109 109 1014 905
F R 1 0 109 109 312 203
R O 0 -5 109 219 62 -47
O M -2 2 219 203 125 -94
M Space -1 3 203 109 234 31
Space M 1 -3 109 141 187 78
M Y 2 1 141 141 125 -16
Y Space -3 2 141 110 187 46
Space L 2 -5 110 156 250 140
L I 1 1 156 140 172 16
I F -1 4 140 156 140 0
F E 1 1 156 125 109 -47
E OemPeriod -2 -6 125 78 156 31
OemPeriod Space -1 5 78 78 187 109
Space LShiftKey 1 4 78 936 203 125
LShiftKey T 2 -5 936 125 827 -109
T H -1 -1 125 63 187 62
H A 0 5 63 156 172 109
A T 1 -4 156 125 171 15
T Oem7 -1 -6 125 141 749 624
Oem7 Back 2 -2 141 141 780 639
Back Oem7 -2 2 141 78 1045 904
Oem7 S 0 9 78 125 141 63
S Space -2 -2 125 78 218 93
Space I 3 -4 78 94 749 671
I T 0 3 94 109 109 15
T Space -3 1 109 62 172 63
Space Back 4 -9 62 109 1513 1451
Back OemPeriod -3 4 109 78 562 453
OemPeriod Space -1 5 78 78 187 109
Space LShiftKey 1 4 78 218 125 47
LShiftKey N 0 -6 218 110 124 -94
N O 2 -3 110 125 141 31
O Space -3 5 125 94 187 62
Space B 1 -1 94 109 125 31
B I 2 -3 109 109 109 0
I G -1 3 109 125 421 312
G Space -2 1 125 93 172 47
Space D 2 1 93 109 187 94
D E 1 0 109 172 234 125
E A -1 2 172 140 156 -16
A L 0 -8 140 110 140 0
L OemPeriod -1 0 110 109 375 265
OemPeriod Space -1 5 109 109 452 343
Space LShiftKey 1 4 109 297 1045 936
LShiftKey J 1 -7 297 156 110 -187
J U 1 0 156 94 327 171
U S -1 5 94 156 172 78
S T 1 -3 156 63 171 15
T Space -3 1 63 125 141 78
Space T 3 -1 125 109 203 78
T H -1 -1 109 109 78 -31
H R 1 2 109 125 218 109
R E 0 1 125 109 94 -31
E E 0 0 109 93 187 78
E Space -3 -1 93 109 156 63
Space S 2 2 109 109 203 94
S T 1 -3 109 156 140 31
T O 0 -4 156 109 172 16
O R 0 5 109 109 218 109
R I 0 -4 109 125 140 31
I E 0 5 125 187 110 -15
E S -1 1 187 156 109 -78
S OemPeriod -1 -7 156 125 1232 1076
OemPeriod Return 1 -3 125 93 375 250
Return Return 0 0 93 94 171 78
Return LShiftKey -1 12 94 218 172 78
LShiftKey T 2 -5 218 109 109 -109
T H -1 -1 109 124 94 -15
H E 1 3 124 78 187 63
E Space -3 -1 78 78 140 62
Space Back 4 -9 78 78 468 390
Back Back 0 0 78 78 172 94
Back Back 0 0 78 62 187 109
Back H -2 7 62 94 296 234
H E 1 3 94 109 110 16
E Space -3 -1 109 109 156 47
Space F 2 0 109 109 296 187
F I 1 -4 109 78 218 109
I R 0 4 78 156 94 16
R S -1 2 156 187 125 -31
S T 1 -3 187 125 140 -47
T Space -3 1 125 94 156 31
Space S 2 2 94 156 905 811
S T 1 -3 156 125 390 234
T O 0 -4 125 94 140 15
O R 0 5 94 110 156 62
R Y 0 -2 110 78 188 78
Y Space -3 2 78 110 202 124
Space I 3 -4 110 78 172 62
I S -1 6 78 156 62 -16
S Space -2 -2 156 141 125 -31
Space A 2 3 141 171 219 78
A B -1 -4 171 140 218 47
B O 2 -4 140 156 125 -15
O U 0 2 156 125 93 -63
U T 0 2 125 140 188 63
T Space -3 1 140 109 187 47
Space C 1 1 109 125 873 764
C O 2 -6 125 125 125 0
O N -2 3 125 94 156 31
N N 0 0 94 93 172 78
N E 2 3 93 110 93 0
E C -2 0 110 156 172 62
C T 2 -2 156 125 265 109
T I 0 -3 125 125 125 0
I N -2 2 125 156 62 -63
N G 1 1 156 93 141 -15
G Space -2 1 93 78 156 63
Space T 3 -1 78 94 109 31
T H -1 -1 94 78 468 374
H E 1 3 78 94 140 62
E Space -3 -1 94 109 141 47
Space D 2 1 109 156 967 858
D O 1 -6 156 110 140 -16
O T 0 4 110 140 188 78
T S -1 3 140 156 109 -31
S OemPeriod -1 -7 156 62 234 78
OemPeriod Return 1 -3 62 94 1107 1045
Return Return 0 0 94 78 172 78
Return LShiftKey -1 12 78 780 234 156
LShiftKey I 2 -8 780 94 624 -156
I Space -3 4 94 93 250 156
Space D 2 1 93 94 171 78
D R 1 -1 94 109 484 390
R O 0 -5 109 141 218 109
O P 0 -1 141 62 250 109
P P 0 0 62 93 156 94
P E 0 7 93 109 109 16
E D -1 0 109 140 203 94
D Space -2 -1 140 93 234 94
Space O 3 -5 93 140 577 484
O U 0 2 140 125 109 -31
U T 0 2 125 125 187 62
T Space -3 1 125 94 203 78
Space O 3 -5 94 125 156 62
O F -1 5 125 109 125 0
F Space -2 0 109 93 172 63
Space LShiftKey 1 4 93 327 234 141
LShiftKey R 2 -4 327 141 202 -125
R E 0 1 141 109 281 140
E E 0 0 109 109 172 63
E D -1 0 109 94 218 109
D Space -2 -1 94 94 234 140
Space LShiftKey 1 4 94 218 125 31
LShiftKey O 2 -9 218 78 234 16
O Back 1 -4 78 93 515 437
Back LShiftKey -3 13 93 374 125 32
LShiftKey C 0 -3 374 125 202 -172
C O 2 -6 125 78 936 811
O L -1 0 78 78 188 110
L L 0 0 78 78 156 78
L E 1 6 78 125 93 15
E G -1 -2 125 156 203 78
G E 1 2 156 124 94 -62
E Space -3 -1 124 125 265 141
Space A 2 3 125 172 483 358
A F 0 -3 172 109 874 702
F T 1 -1 109 125 234 125
T E 0 2 125 187 125 0
E R 0 -1 187 140 125 -62
R Space -3 0 140 124 234 94
Space T 3 -1 124 124 546 422
T H -1 -1 124 125 93 -31
H E 1 3 125 109 125 0
E Space -3 -1 109 94 156 47
Space F 2 0 94 109 187 93
F I 1 -4 109 78 125 16
I R 0 4 78 125 125 47
R S -1 2 125 218 78 -47
S T 1 -3 218 141 171 -47
T Space -3 1 141 109 203 62
Space D6 4 -2 109 94 967 858
D6 Space -4 2 94 78 234 140
Space M 1 -3 78 141 203 125
M O 2 -2 141 141 109 -32
O N -2 3 141 47 281 140
N T 2 1 47 141 31 -16
T H -1 -1 141 109 125 -16
H S 0 4 109 125 156 47
S Oemcomma -1 -6 125 94 1373 1248
Oemcomma Space -1 4 94 109 203 109
Space B 1 -1 109 110 249 140
B U 2 -2 110 94 125 15
U T 0 2 94 109 125 31
T Space -3 1 109 110 140 31
Space T 3 -1 110 109 718 608
T H -1 -1 109 109 78 -31
H E 1 3 109 125 125 16
E N -2 -3 125 109 109 -16
N Space -1 2 109 109 187 78
Space S 2 2 109 125 109 0
S T 1 -3 125 187 172 47
T A -1 4 187 140 172 -15
A Y 1 -5 140 93 421 281
Y E 0 3 93 156 343 250
E D -1 0 156 156 343 187
D Space -2 -1 156 110 265 109
Space A 2 3 110 156 156 46
A R 1 -3 156 125 250 94
R O 0 -5 125 172 140 15
O U 0 2 172 140 110 -62
U N -2 1 140 125 265 125
N D 1 3 125 125 218 93
D Space -2 -1 125 125 281 156
Space A 2 3 125 281 936 811
A S 0 -1 281 171 203 -78
S Space -2 -2 171 110 249 78
Space A 2 3 110 156 219 109
A Space -2 -3 156 125 265 109
Space D 2 1 125 141 296 171
D E 1 0 141 109 359 218
E O 0 -6 109 203 203 94
O P 0 -1 203 124 172 -31
P OemMinus 1 -1 124 109 374 250
OemMinus I -1 3 109 140 468 359
I N -2 2 140 140 94 -46
N Space -1 2 140 94 405 265
Space Back 4 -9 94 93 406 312
Back Back 0 0 93 78 187 94
Back Back 0 0 78 78 172 94
Back Back 0 0 78 406 171 93
Back Back 0 0 406 94 499 93
Back Back 0 0 94 93 219 125
Back Back 0 0 93 109 203 110
Back R -1 9 109 109 1154 1045
R O 0 -5 109 203 140 31
O P 0 -1 203 125 125 -78
P OemMinus 1 -1 125 93 765 640
OemMinus N -3 5 93 125 374 281
N Back 3 -7 125 78 562 437
Back I -1 5 78 141 327 249
I N -2 2 141 140 94 -47
N Space -1 2 140 78 218 78
Space F 2 0 78 109 1155 1077
F O 1 -5 109 125 124 15
O R 0 5 125 141 125 0
R Space -3 0 141 109 172 31
Space A 2 3 109 171 125 16
A N -1 -5 171 140 140 -31
N O 2 -3 140 156 140 0
O T 0 4 156 125 203 47
T H -1 -1 125 94 156 31
H E 1 3 94 172 125 31
E R 0 -1 172 140 94 -78
R Space -3 0 140 109 234 94
Space D1 4 3 109 125 904 795
D1 D8 0 -7 125 93 188 63
D8 Space -4 4 93 109 187 94
Space M 1 -3 109 125 156 47
M O 2 -2 125 141 93 -32
O N -2 3 141 156 188 47
N T 2 1 156 125 187 31
T H -1 -1 125 109 125 0
H S 0 4 109 156 124 15
S Space -2 -2 156 109 593 437
Space O 3 -5 109 109 250 141
O R 0 5 109 156 218 109
R Space -3 0 156 94 312 156
Space S 2 2 94 140 125 31
S O 1 -7 140 94 140 0
O Space -3 5 94 124 188 94
Space B 1 -1 124 124 624 500
B E 2 2 124 140 109 -15
E F -1 -1 140 124 281 141
F R 1 0 124 156 405 281
R E 0 1 156 156 109 -47
E Space -3 -1 156 140 250 94
Space LShiftKey 1 4 140 172 374 234
LShiftKey Back 3 -13 172 93 422 250
Back Back 0 0 93 78 202 109
Back Back 0 0 78 109 203 125
Back O -1 4 109 94 1061 952
O R 0 5 94 156 156 62
R E 0 1 156 110 109 -47
E Space -3 -1 110 141 203 93
Space LShiftKey 1 4 141 749 406 265
LShiftKey I 2 -8 749 94 561 -188
I Space -3 4 94 109 250 156
Space R 3 0 109 140 156 47
R E 0 1 140 218 78 -62
E A -1 2 218 187 156 -62
A L 0 -8 187 110 296 109
L L 0 0 110 140 188 78
L Y 1 3 140 78 265 125
Y T 0 1 78 62 0 -78
T Back 1 -8 62 109 702 640
Back Space -4 9 109 109 343 234
Space Q 3 3 109 125 359 250
Q U 0 -6 125 171 203 78
U I 0 -1 171 125 109 -62
I T 0 3 125 94 171 46
T OemPeriod -2 -4 94 94 874 780
OemPeriod Space -1 5 94 125 234 140
Space LShiftKey 1 4 125 327 203 78
LShiftKey S 1 -2 327 109 203 -124
S O 1 -7 109 94 140 31
O Space -3 5 94 156 187 93
Space W 3 2 156 125 328 172
W H -1 -4 125 172 93 -32
H U 1 -1 172 110 156 -16
U Back 1 -6 110 94 1030 920
Back Y -1 7 94 109 250 156
Y Space -3 2 109 109 296 187
Space D 2 1 109 140 702 593
D I 1 -5 140 109 156 16
I D -1 5 109 109 125 16
D Space -2 -1 109 94 171 62
Space LShiftKey 1 4 94 250 203 109
LShiftKey I 2 -8 250 93 141 -109
I Space -3 4 93 125 187 94
Space D 2 1 125 156 171 46
D R 1 -1 156 125 515 359
R O 0 -5 125 218 203 78
O P 0 -1 218 140 156 -62
P Space -3 6 140 94 296 156
Space O 3 -5 94 218 219 125
O U 0 2 218 141 140 -78
U T 0 2 141 109 250 109
T RShiftKey -2 -6 109 328 327 218
RShiftKey OemQuestion 0 1 328 156 172 -156
OemQuestion Return 1 -2 156 125 1544 1388
Return Return 0 0 125 140 2403 2278
Return LShiftKey -1 12 140 608 499 359
LShiftKey I 2 -8 608 63 530 -78
I T 0 3 63 125 234 171
T Space -3 1 125 109 188 63
Space S 2 2 109 140 218 109
S T 1 -3 140 156 187 47
T A -1 4 156 250 125 -31
A R 1 -3 250 109 250 0
R T 0 -1 109 156 202 93
T E 0 2 156 94 125 -31
E D -1 0 94 141 187 93
D Space -2 -1 141 125 531 390
Space B 1 -1 125 124 437 312
B E 2 2 124 125 140 16
E F -1 -1 125 125 234 109
F O 1 -5 125 141 140 15
O R 0 5 141 156 203 62
R E 0 1 156 156 94 -62
E Space -3 -1 156 141 218 62
Space LShiftKey 1 4 141 250 390 249
LShiftKey I 2 -8 250 94 125 -125
I Space -3 4 94 125 187 93
Space W 3 2 125 156 141 16
W A -1 1 156 234 156 0
A S 0 -1 234 156 140 -94
S Space -2 -2 156 140 234 78
Space B 1 -1 140 202 1186 1046
B O 2 -4 202 94 171 -31
O R 0 5 94 109 250 156
R N -2 -2 109 109 265 156
N OemPeriod 0 -3 109 78 390 281
OemPeriod Oemcomma 0 1 78 46 16 -62
Oemcomma Back 3 -5 46 156 608 562
Back Space -4 9 156 125 468 312
Space LShiftKey 1 4 125 374 1014 889
LShiftKey M 0 -7 374 109 234 -140
M Y 2 1 109 94 936 827
Y Space -3 2 94 125 203 109
Space B 1 -1 125 94 296 171
B I 2 -3 94 156 156 62
I O 0 -1 156 141 109 -47
O L -1 0 141 109 297 156
L O 1 0 109 109 203 94
O G -1 4 109 125 358 249
G I 1 -3 125 94 156 31
I C -2 5 94 156 281 187
C A 1 2 156 156 94 -62
A L 0 -8 156 125 171 15
L Space -2 5 125 109 266 141
Space M 1 -3 109 156 1404 1295
M O 2 -2 156 140 109 -47
O T 0 4 140 125 171 31
T H -1 -1 125 125 94 -31
H E 1 3 125 203 125 0
E R 0 -1 203 124 125 -78
R Space -3 0 124 124 234 110
Space W 3 2 124 140 296 172
W A -1 1 140 203 156 16
A S 0 -1 203 141 109 -94
S Space -2 -2 141 109 203 62
Space A 2 3 109 94 156 47
A Space -2 -3 94 110 140 46
Space Y 3 -2 110 141 359 249
Y O 0 -3 141 187 203 62
O U 0 2 187 124 796 609
U N -2 1 124 125 374 250
N F 1 2 125 140 156 31
F Back 2 -9 140 172 780 640
Back G -2 8 172 125 187 15
G Space -2 1 125 125 265 140
Space Back 4 -9 125 141 1061 936
Back Oemcomma -3 5 141 94 359 218
Oemcomma Space -1 4 94 125 218 124
Space U 3 -3 125 125 312 187
U N -2 1 125 141 125 0
N W 2 4 141 202 297 156
W E 0 -1 202 156 93 -109
E D -1 0 156 141 265 109
D Space -2 -1 141 141 1373 1232
Space C 1 1 141 171 219 78
C O 2 -6 171 78 156 -15
O L -1 0 78 62 187 109
L L 0 0 62 94 140 78
L E 1 6 94 109 94 0
E G -1 -2 109 156 203 94
G E 1 2 156 156 78 -78
E Space -3 -1 156 109 218 62
Space G 2 -1 109 140 312 203
G R 1 1 140 172 530 390
R A -1 3 172 172 156 -16
A D 0 -2 172 109 297 125
D U 1 -4 109 93 125 16
U A -1 6 93 141 171 78
A T 1 -4 141 156 172 31
T E 0 2 156 124 125 -31
E Space -3 -1 124 125 592 468
Space S 2 2 125 172 156 31
S T 1 -3 172 125 250 78
T U 0 -2 125 93 172 47
U D -1 4 93 156 187 94
D E 1 0 156 141 93 -63
E N -2 -3 141 109 125 -16
N T 2 1 109 109 125 16
T Oemcomma -2 -3 109 93 1763 1654
Oemcomma Space -1 4 93 94 249 156
Space A 2 3 94 140 172 78
A N -1 -5 140 124 94 -46
N D 1 3 124 109 171 47
D Space -2 -1 109 124 141 32
Space S 2 2 124 140 546 422
S H 0 -4 140 94 140 0
H E 1 3 94 109 125 31
E Space -3 -1 109 94 171 62
Space D 2 1 94 93 188 94
D I 1 -5 93 47 187 94
I Back 1 -5 47 156 593 546
Back E -1 10 156 125 124 -32
E C -2 0 125 140 219 94
C I 2 -5 140 62 187 47
I D -1 5 62 125 577 515
D E 1 0 125 78 203 78
E D -1 0 78 109 172 94
D Space -2 -1 109 109 218 109
Space T 3 -1 109 140 1186 1077
T O 0 -4 140 109 140 0
O Space -3 5 109 110 218 109
Space P 3 -6 110 172 562 452
P I 0 2 172 156 125 -47
I T 0 3 156 125 327 171
T Space -3 1 125 125 250 125
Space Back 4 -9 125 125 811 686
Back Back 0 0 125 94 203 78
Back Back 0 0 94 78 546 452
Back U -1 6 78 93 484 406
U T 0 2 93 109 140 47
T Space -3 1 109 94 140 31
Space M 1 -3 94 141 125 31
M E 2 4 141 109 94 -47
E Space -3 -1 109 109 125 16
Space U 3 -3 109 172 1856 1747
U P 0 -3 172 187 187 15
P Space -3 6 187 156 718 531
Space F 2 0 156 110 327 171
F O 1 -5 110 124 110 0
O R 0 5 124 156 109 -15
R Space -3 0 156 109 156 0
Space A 2 3 109 156 109 0
A D 0 -2 156 125 343 187
D O 1 -6 125 125 468 343
O P 0 -1 125 156 250 125
P Y 0 4 156 109 1139 983
Y Back 1 -7 109 156 577 468
Back T -1 8 156 124 203 47
T I 0 -3 124 219 561 437
I O 0 -1 219 172 125 -94
O N -2 3 172 94 296 124
N OemPeriod 0 -3 94 125 1701 1607
OemPeriod Space -1 5 125 125 452 327
Space LShiftKey 1 4 125 327 94 -31
LShiftKey S 1 -2 327 156 156 -171
S H 0 -4 156 124 203 47
H E 1 3 124 125 124 0
E Space -3 -1 125 94 172 47
Space F 2 0 94 187 1108 1014
F E 1 1 187 125 218 31
E L -1 -6 125 125 140 15
L T 1 4 125 109 1077 952
T Space -3 1 109 125 218 109
Space V 1 0 125 140 203 78
V E 2 1 140 203 140 0
E R 0 -1 203 125 172 -31
R Y 0 -2 125 125 156 31
Y Space -3 2 125 94 234 109
Space S 2 2 94 140 125 31
S T 1 -3 140 140 203 63
T R 0 1 140 125 358 218
R O 0 -5 125 141 125 0
O N -2 3 141 141 78 -63
N G 1 1 141 109 141 0
G L 0 -4 109 140 2012 1903
L Y 1 3 140 125 218 78
Y Space -3 2 125 156 1077 952
Space T 3 -1 156 141 327 171
T H -1 -1 141 109 94 -47
H A 0 5 109 156 125 16
A T 1 -4 156 125 93 -63
T Space -3 1 125 124 188 63
Space LShiftKey 1 4 124 250 124 0
LShiftKey Space -1 -4 250 78 312 62
Space Back 4 -9 78 140 1311 1233
Back I -1 5 140 78 1170 1030
I LShiftKey -2 8 78 140 125 47
LShiftKey Back 3 -13 140 140 374 234
Back LShiftKey -3 13 140 390 296 156
LShiftKey I 2 -8 390 125 250 -140
I Space -3 4 125 141 218 93
Space S 2 2 141 141 234 93
S H 0 -4 141 141 203 62
H O 1 -3 141 171 141 0
O U 0 2 171 125 93 -78
U L -1 -2 125 125 172 47
L D 0 6 125 109 109 -16
D Space -2 -1 109 93 172 63
Space B 1 -1 93 141 1185 1092
B E 2 2 141 156 125 -16
E Space -3 -1 156 125 140 -16
Space A 2 3 125 172 172 47
A D 0 -2 172 109 312 140
D O 1 -6 109 156 234 125
O P 0 -1 156 156 172 16
P T 0 5 156 172 280 124
T E 0 2 172 109 125 -47
E D -1 0 109 125 203 94
D Space -2 -1 125 109 312 187
Space B 1 -1 109 141 608 499
B Y 2 -1 141 141 156 15
Y Space -3 2 141 109 531 390
Space C 1 1 109 141 171 62
C O 2 -6 141 93 141 0
O L -1 0 93 78 187 94
L L 0 0 78 93 172 94
L E 1 6 93 109 62 -31
E G -1 -2 109 156 172 63
G E 1 2 156 141 93 -63
E Space -3 -1 141 125 203 62
Space G 2 -1 125 171 1966 1841
G R 1 1 171 140 421 250
R A -1 3 140 219 140 0
A D 0 -2 219 156 234 15
D U 1 -4 156 93 172 16
U A -1 6 93 125 156 63
A T 1 -4 125 187 140 15
T E 0 2 187 140 141 -46
E S -1 1 140 140 265 125
S Oemcomma -1 -6 140 94 1107 967
Oemcomma Space -1 4 94 156 578 484
Space S 2 2 156 125 202 46
S O 1 -7 125 125 390 265
O Space -3 5 125 109 297 172
Space E 3 1 109 141 998 889
E V -2 -1 141 141 187 46
V E 2 1 141 234 110 -31
E R 0 -1 234 172 171 -63
R Y 0 -2 172 94 468 296
Y T 0 1 94 110 733 639
T H -1 -1 110 156 110 0
H I 1 -2 156 172 124 -32
I G -1 3 172 94 203 31
G Back 2 -8 94 141 655 561
Back N -3 7 141 125 359 218
N G 1 1 125 109 125 0
G Space -2 1 109 109 203 94
Space W 3 2 109 141 1466 1357
W A -1 1 141 249 94 -47
A S 0 -1 249 125 156 -93
S Space -2 -2 125 156 156 31
Space A 2 3 156 156 140 -16
A L 0 -8 156 47 187 31
L L 0 0 47 125 125 78
L Space -2 5 125 125 250 125
Space S 2 2 125 156 249 124
S E 1 -1 156 203 78 -78
E T 0 -2 203 141 203 0
T Space -3 1 141 156 1467 1326
Space F 2 0 156 125 187 31
F O 1 -5 125 109 140 15
O R 0 5 109 156 94 -15
R Space -3 0 156 125 109 -47
Space M 1 -3 125 156 156 31
M E 2 4 156 140 125 -31
E Space -3 -1 140 141 140 0
Space T 3 -1 141 140 172 31
T O 0 -4 140 109 140 0
O Space -3 5 109 125 156 47
Space B 1 -1 125 140 203 78
B E 2 2 140 141 109 -31
E Space -3 -1 141 125 156 15
Space A 2 3 125 124 141 16
A D 0 -2 124 156 327 203
D O 1 -6 156 172 359 203
O P 0 -1 172 140 156 -16
P T 0 5 140 172 374 234
T E 0 2 172 124 110 -62
E D -1 0 124 124 234 110
D Space -2 -1 124 125 218 94
Space A 2 3 125 187 421 296
A T 1 -4 187 141 234 47
T Space -3 1 141 94 234 93
Space B 1 -1 94 172 265 171
B I 2 -3 172 140 141 -31
I R 0 4 140 140 156 16
R T 0 -1 140 141 218 78
T H -1 -1 141 93 219 78
H Space -2 2 93 109 218 125
Space B 1 -1 109 109 234 125
B Y 2 -1 109 125 140 31
Y Space -3 2 125 156 203 78
Space L 2 -5 156 94 359 203
L A 0 8 94 125 109 15
A W 1 -1 125 140 874 749
W Y 0 -4 140 125 530 390
Y E 0 3 125 156 187 62
E R 0 -1 156 124 110 -46
R Space -3 0 124 140 1154 1030
Space A 2 3 140 156 203 63
A N -1 -5 156 93 203 47
N D 1 3 93 125 124 31
D Space -2 -1 125 78 172 47
Space H 2 -2 78 187 203 125
H I 1 -2 187 125 140 -47
I S -1 6 125 125 141 16
S Space -2 -2 125 141 171 46
Space W 3 2 141 156 344 203
W I 0 -6 156 109 156 0
I F -1 4 109 187 312 203
F E 1 1 187 125 483 296
E W 0 1 125 93 16 -109
W Back 1 -11 93 140 624 531
Back OemPeriod -3 4 140 156 671 531
OemPeriod Space -1 5 156 140 1154 998
Space LShiftKey 1 4 140 562 187 47
LShiftKey E 2 -3 562 141 390 -172
E X -2 1 141 46 453 312
X X 0 0 46 47 140 94
X Back 3 -11 47 141 1076 1029
Back C -3 10 141 187 188 47
C E 2 0 187 156 733 546
E P 0 -7 156 125 187 31
P T 0 5 125 156 203 78
T Space -3 1 156 141 405 249
Space T 3 -1 141 156 765 624
T H -1 -1 156 109 156 0
H A 0 5 109 203 31 -78
A T 1 -4 203 156 172 -31
T Space -3 1 156 109 234 78
Space W 3 2 109 141 249 140
W H -1 -4 141 109 125 -16
H E 1 3 109 110 140 31
E N -2 -3 110 171 110 0
N Space -1 2 171 110 202 31
Space LShiftKey 1 4 110 281 390 280
LShiftKey I 2 -8 281 110 156 -125
I Space -3 4 110 140 188 78
Space P 3 -6 140 234 202 62
P O 0 1 234 141 156 -78
O O 0 0 141 47 328 187
O Back 1 -4 47 110 764 717
Back P -1 3 110 78 515 405
P P 0 0 78 110 187 109
P E 0 7 110 125 94 -16
E D -1 0 125 125 203 78
D Space -2 -1 125 140 343 218
Space O 3 -5 140 171 1342 1202
O U 0 2 171 171 156 -15
U T 0 2 171 140 296 125
T Space -3 1 140 94 234 94
Space T 3 -1 94 109 187 93
T H -1 -1 109 93 94 -15
H E 1 3 93 109 125 32
E Y 0 -3 109 94 374 265
Y Space -3 2 94 156 484 390
Space D 2 1 156 93 499 343
D E 1 0 93 125 156 63
E C -2 0 125 109 265 140
C I 2 -5 109 109 125 16
I D -1 5 109 140 281 172
D E 1 0 140 78 124 -16
E D -1 0 78 109 188 110
D Space -2 -1 109 109 249 140
Space A 2 3 109 187 281 172
A T 1 -4 187 125 203 16
T Space -3 1 125 125 234 109
Space T 3 -1 125 93 234 109
T H -1 -1 93 109 109 16
H E 1 3 109 93 125 16
E Space -3 -1 93 93 125 32
Space L 2 -5 93 125 187 94
L A 0 8 125 234 78 -47
A S 0 -1 234 172 140 -94
S T 1 -3 172 140 219 47
T Space -3 1 140 109 171 31
Space M 1 -3 109 171 172 63
M I 2 -1 171 109 390 219
I N -2 2 109 140 187 78
N U 2 -1 140 109 265 125
U T 0 2 109 156 219 110
T E 0 2 156 156 78 -78
E Space -3 -1 156 125 202 46
Space T 3 -1 125 156 437 312
T H -1 -1 156 140 359 203
H A 0 5 140 172 156 16
A T 1 -4 172 156 140 -32
T Space -3 1 156 125 250 94
Space T 3 -1 125 109 359 234
T H -1 -1 109 125 93 -16
H E 1 3 125 109 141 16
E Y 0 -3 109 125 156 47
Y Space -3 2 125 125 249 124
Space R 3 0 125 125 1794 1669
R E 0 1 125 187 47 -78
E A -1 2 187 172 203 16
A L 0 -8 172 93 172 0
L L 0 0 93 124 156 63
L Y 1 3 124 124 156 32
Y Space -3 2 124 125 187 63
Space W 3 2 125 187 733 608
W A -1 1 187 172 109 -78
A N -1 -5 172 109 219 47
N T 2 1 109 156 312 203
T E 0 2 156 156 748 592
E D -1 0 156 125 281 125
D Space -2 -1 125 156 156 31
Space A 2 3 156 124 141 -15
A Space -2 -3 124 125 171 47
Space G 2 -1 125 125 281 156
G I 1 -3 125 141 187 62
I R 0 4 141 125 234 93
R L -1 -5 125 140 453 328
L OemPeriod -1 0 140 109 889 749
OemPeriod Space -1 5 109 109 437 328
Space LShiftKey 1 4 109 780 124 15
LShiftKey S 1 -2 780 140 609 -171
S O 1 -7 140 94 265 125
O Space -3 5 94 141 218 124
Space M 1 -3 141 156 234 93
M Y 2 1 156 109 172 16
Y Space -3 2 109 125 234 125
Space P 3 -6 125 125 281 156
P A -1 9 125 156 93 -32
A R 1 -3 156 156 250 94
R E 0 1 156 156 125 -31
E N -2 -3 156 94 187 31
N T 2 1 94 125 109 15
T S -1 3 125 140 125 0
S Oemcomma -1 -6 140 140 2574 2434
Oemcomma Space -1 4 140 109 328 188
Space W 3 2 109 141 171 62
W H -1 -4 141 187 141 0
H O 1 -3 187 141 124 -63
O Space -3 5 141 140 250 109
Space W 3 2 140 171 1295 1155
W E 0 -1 171 172 140 -31
E R 0 -1 172 171 219 47
R E 0 1 171 172 140 -31
E Space -3 -1 172 109 265 93
Space O 3 -5 109 140 203 94
O N -2 3 140 172 78 -62
N Space -1 2 172 125 218 46
Space A 2 3 125 141 234 109
A Space -2 -3 141 124 188 47
Space W 3 2 124 171 936 812
W A -1 1 171 156 124 -47
A I 1 -7 156 124 188 32
I T 0 3 124 125 171 47
T I 0 -3 125 141 109 -16
I N -2 2 141 156 78 -63
N G 1 1 156 141 125 -31
G Space -2 1 141 125 172 31
Space L 2 -5 125 140 156 31
L I 1 1 140 125 93 -47
I S -1 6 125 156 141 16
S T 1 -3 156 124 125 -31
T M -2 -2 124 94 2277 2153
M Back 3 -6 94 109 609 515
Back Oemcomma -3 5 109 94 670 561
Oemcomma Space -1 4 94 109 188 94
Space G 2 -1 109 109 249 140
G O 1 -4 109 141 109 0
O T 0 4 141 109 141 0
T Space -3 1 109 125 140 31
Space A 2 3 125 140 593 468
A Space -2 -3 140 125 156 16
Space C 1 1 125 141 218 93
C A 1 2 141 124 110 -31
A L 0 -8 124 46 156 32
L L 0 0 46 94 140 94
L Space -2 5 94 125 140 46
Space I 3 -4 125 125 1373 1248
I N -2 2 125 141 78 -47
N Space -1 2 141 125 156 15
Space T 3 -1 125 93 172 47
T H -1 -1 93 109 62 -31
H E 1 3 109 109 125 16
E Space -3 -1 109 109 125 16
Space M 1 -3 109 219 93 -16
M I 2 -1 219 109 203 -16
I D -1 5 109 109 141 32
D D 0 0 109 94 171 62
D E 1 0 94 125 250 156
E L -1 -6 125 141 140 15
L Back 2 -4 141 93 1155 1014
Back Back 0 0 93 78 171 78
Back L -2 4 78 140 297 219
L E 1 6 140 125 93 -47
E Space -3 -1 125 140 172 47
Space O 3 -5 140 125 156 16
O F -1 5 125 109 187 62
F Space -2 0 109 125 125 16
Space T 3 -1 125 94 249 124
T H -1 -1 94 110 78 -16
H E 1 3 110 124 110 0
E Space -3 -1 124 110 124 0
Space N 1 -2 110 188 156 46
N I 2 -2 188 78 219 31
I G -1 3 78 124 125 47
G H 0 -1 124 125 124 0
H T 1 1 125 124 188 63
T Space -3 1 124 141 1138 1014
Space A 2 3 141 218 172 31
A S 0 -1 218 125 125 -93
S K 0 -6 125 93 156 31
K I 1 0 93 141 171 78
I N -2 2 141 140 94 -47
N G 1 1 140 94 156 16
G RShiftKey -1 -6 94 280 328 234
RShiftKey Oem1 1 1 280 156 140 -140
Oem1 RShiftKey -1 -1 156 890 374 218
RShiftKey Oem7 1 0 890 187 656 -234
Oem7 LShiftKey -1 11 187 312 967 780
LShiftKey W 2 -2 312 93 234 -78
W W 0 0 93 31 125 32
W E 0 -1 31 125 265 234
E Space -3 -1 125 125 296 171
Space Back 4 -9 125 94 624 499
Back Back 0 0 94 93 172 78
Back Back 0 0 93 110 171 78
Back E -1 10 110 94 172 62
E Space -3 -1 94 109 156 62
Space Left 0 -7 109 47 1154 1045
Left Left 0 0 47 78 141 94
Left Left 0 0 78 78 156 78
Left Left 0 0 78 63 171 93
Left Space 0 7 63 156 749 686
Space Right 0 -9 156 94 390 234
Right Right 0 0 94 62 203 109
Right Right 0 0 62 78 172 110
Right Left 0 2 78 140 733 655
Left Left 0 0 140 94 249 109
Left Left 0 0 94 93 188 94
Left Left 0 0 93 109 187 94
Left Space 0 7 109 78 374 265
Space Back 4 -9 78 110 889 811
Back Left -4 2 110 94 515 405
Left Space 0 7 94 109 359 265
Space Right 0 -9 109 125 281 172
Right Right 0 0 125 94 265 140
Right Left 0 2 94 124 328 234
Left Left 0 0 124 141 327 203
Left Back 4 -2 141 125 390 249
Back Right -4 0 125 125 421 296
Right Right 0 0 125 109 437 312
Right Right 0 0 109 109 546 437
Right Right 0 0 109 47 234 125
Right Right 0 0 47 94 156 109
Right Space 0 9 94 78 546 452
Space A 2 3 78 202 1779 1701
A V -1 -3 202 218 234 32
V E 2 1 218 140 140 -78
E Back 1 -10 140 140 624 484
Back Back 0 0 140 93 203 63
Back Back 0 0 93 78 187 94
Back H -2 7 78 141 265 187
H A 0 5 141 281 172 31
A V -1 -3 281 141 140 -141
V E 2 1 141 156 47 -94
E Space -3 -1 156 109 203 47
Space A 2 3 109 141 93 -16
A N -1 -5 141 141 203 62
N Space -1 2 141 125 187 46
Space E 3 1 125 124 422 297
E Back 1 -10 124 125 748 624
Back U -1 6 125 125 453 328
U N -2 1 125 171 78 -47
N E 2 3 171 125 249 78
E X -2 1 125 140 250 125
X P 2 -8 140 124 172 32
P E 0 7 124 125 3182 3058
E C -2 0 125 140 281 156
C T 2 -2 140 156 312 172
T E 0 2 156 109 109 -47
E D -1 0 109 109 187 78
D Space -2 -1 109 125 250 141
Space B 1 -1 125 140 234 109
B A 1 4 140 156 125 -15
A B -1 -4 156 109 218 62
B Y 2 -1 109 125 530 421
Y Space -3 2 125 140 531 406
Space B 1 -1 140 187 1076 936
B O 2 -4 187 140 94 -93
O Y 0 3 140 110 327 187
Y Oem1 -1 -4 110 110 1326 1216
Oem1 Space -2 6 110 125 624 514
Space D 2 1 125 125 172 47
D O 1 -6 125 141 109 -16
O Space -3 5 141 125 187 46
Space Y 3 -2 125 156 1326 1201
Y O 0 -3 156 187 203 47
O U 0 2 187 125 109 -78
U Space -3 3 125 109 219 94
Space W 3 2 109 234 156 47
W A -1 1 234 219 218 -16
A N -1 -5 219 140 172 -47
N T 2 1 140 124 203 63
T Space -3 1 124 141 327 203
Space H 2 -2 141 140 328 187
H I 1 -2 140 109 125 -15
I M -2 1 109 125 202 93
M RShiftKey 0 -4 125 343 437 312
RShiftKey OemQuestion 0 1 343 172 125 -218
OemQuestion RShiftKey 0 -1 172 578 530 358
RShiftKey Oem7 1 0 578 156 406 -172
Oem7 Space -2 7 156 125 2324 2168
Space LShiftKey 1 4 125 312 156 31
LShiftKey T 2 -5 312 124 188 -124
T H -1 -1 124 125 124 0
H E 1 3 125 125 125 0
E Y 0 -3 125 125 172 47
Y Space -3 2 125 109 218 93
Space S 2 2 109 202 141 32
S A 0 1 202 172 124 -78
A I 1 -7 172 94 203 31
I D -1 5 94 93 141 47
D Back 2 -10 93 78 624 531
Back D -2 10 78 93 936 858
D Left -2 -8 93 624 436 343
Left Left 0 0 624 94 796 172
Left Left 0 0 94 78 172 78
Left Left 0 0 78 94 171 93
Left Back 4 -2 94 93 718 624
Back H -2 7 93 94 171 78
H Right -2 -7 94 109 266 172
Right Right 0 0 109 47 202 93
Right Right 0 0 47 63 156 109
Right Right 0 0 63 63 156 93
Right Right 0 0 63 94 156 93
Right Right 0 0 94 78 172 78
Right Right 0 0 78 94 187 109
Right Space 0 9 94 94 671 577
Space RShiftKey 1 -7 94 406 967 873
RShiftKey Oem7 1 0 406 156 219 -187
Oem7 LShiftKey -1 11 156 998 499 343
LShiftKey O 2 -9 998 125 702 -296
O F -1 5 125 125 546 421
F Space -2 0 125 125 327 202
Space C 1 1 125 172 250 125
C I 2 -5 172 125 218 46
I U 0 1 125 94 94 -31
U R 0 3 94 141 187 93
R S -1 2 141 203 203 62
S E 1 -1 203 125 125 -78
E Back 1 -10 125 94 951 826
Back Back 0 0 94 78 188 94
Back Back 0 0 78 62 187 109
Back Back 0 0 62 63 171 109
Back Back 0 0 63 93 344 281
Back O -1 4 93 203 561 468
O U 0 2 203 125 125 -78
U R 0 3 125 125 172 47
R S -1 2 125 125 234 109
S E 1 -1 125 125 62 -63
E RShiftKey -2 -8 125 312 328 203
RShiftKey Oem7 1 0 312 171 125 -187
Oem7 OemPeriod -1 2 171 78 2340 2169
OemPeriod Space -1 5 78 140 187 109
Space LShiftKey 1 4 140 281 171 31
LShiftKey M 0 -7 281 109 141 -140
M Y 2 1 109 62 281 172
Y Space -3 2 62 125 187 125
Space B 1 -1 125 141 764 639
B I 2 -3 141 172 156 15
I O 0 -1 172 125 515 343
O L -1 0 125 109 406 281
L O 1 0 109 110 436 327
O G -1 4 110 140 297 187
G I 1 -3 140 78 234 94
I C -2 5 78 203 187 109
C A 1 2 203 125 156 -47
A L 0 -8 125 140 94 -31
L Space -2 5 140 110 202 62
Space M 1 -3 110 141 203 93
M O 2 -2 141 109 141 0
O T 0 4 109 156 156 47
T H -1 -1 156 125 109 -47
H E 1 3 125 172 140 15
E R 0 -1 172 141 109 -63
R Space -3 0 141 94 156 15
Space L 2 -5 94 140 1826 1732
L A 0 8 140 203 124 -16
A T 1 -4 203 156 250 47
T E 0 2 156 234 140 -16
E R 0 -1 234 125 172 -62
R Space -3 0 125 125 234 109
Space F 2 0 125 140 172 47
F O 1 -5 140 156 124 -16
O U 0 2 156 109 94 -62
U N -2 1 109 62 281 172
N D 1 3 62 125 156 94
D Space -2 -1 125 109 218 93
Space O 3 -5 109 172 312 203
O U 0 2 172 141 78 -94
U T 0 2 141 141 187 46
T Space -3 1 141 125 203 62
Space T 3 -1 125 125 203 78
T H -1 -1 125 94 109 -16
H A 0 5 94 156 109 15
A T 1 -4 156 125 94 -62
T Space -3 1 125 110 218 93
Space M 1 -3 110 125 1186 1076
M Y 2 1 125 141 187 62
Y Space -3 2 141 93 250 109
Space M 1 -3 93 172 187 94
M O 2 -2 172 156 140 -32
O T 0 4 156 125 234 78
T H -1 -1 125 109 125 0
H E 1 3 109 171 141 32
E R 0 -1 171 125 140 -31
R Space -3 0 125 125 265 140
Space A 2 3 125 78 234 109
A H 0 -5 78 109 63 -15
H A 0 5 109 109 234 125
A Back 2 -12 109 94 452 343
Back Back 0 0 94 78 172 78
Back Back 0 0 78 78 171 93
Back H -2 7 78 125 437 359
H A 0 5 125 203 109 -16
A D 0 -2 203 124 141 -62
D Space -2 -1 124 78 202 78
Space N 1 -2 78 140 188 110
N E 2 3 140 141 124 -16
E V -2 -1 141 109 203 62
V E 2 1 109 265 78 -31
E R 0 -1 265 156 219 -46
R Space -3 0 156 141 171 15
Space G 2 -1 141 110 2839 2698
G R 1 1 110 171 453 343
R A -1 3 171 156 171 0
A D 0 -2 156 93 297 141
D U 1 -4 93 94 639 546
U A -1 6 94 203 328 234
A T 1 -4 203 187 328 125
T E 0 2 187 125 171 -16
E D -1 0 125 140 219 94
D Space -2 -1 140 140 218 78
Space F 2 0 140 171 718 578
F R 1 0 171 125 202 31
R O 0 -5 125 171 141 16
O M -2 2 171 156 187 16
M O 2 -2 156 109 47 -109
O Back 1 -4 109 140 905 796
Back Space -4 9 140 140 312 172
Space C 1 1 140 140 265 125
C O 2 -6 140 78 140 0
O L -1 0 78 109 203 125
L L 0 0 109 109 172 63
L E 1 6 109 141 124 15
E G -1 -2 141 203 219 78
G E 1 2 203 156 93 -110
E Space -3 -1 156 109 297 141
Space A 2 3 109 125 1248 1139
A N -1 -5 125 125 561 436
N D 1 3 125 156 156 31
D Space -2 -1 156 94 203 47
Space T 3 -1 94 141 156 62
T H -1 -1 141 110 109 -32
H A 0 5 110 172 94 -16
A T 1 -4 172 125 109 -63
T Space -3 1 125 125 187 62
Space M 1 -3 125 93 453 328
M Y 2 1 93 156 156 63
Y Space -3 2 156 93 234 78
Space F 2 0 93 188 249 156
F A 0 3 188 172 172 -16
A H 0 -5 172 140 406 234
H Back 2 -7 140 140 998 858
Back T -1 8 140 125 733 593
T H -1 -1 125 110 421 296
H E 1 3 110 187 141 31
E R 0 -1 187 125 140 -47
R Space -3 0 125 109 234 109
Space H 2 -2 109 125 1092 983
H A 0 5 125 187 125 0
A D 0 -2 187 171 125 -62
D Space -2 -1 171 109 281 110
Space N 1 -2 109 125 249 140
N E 2 3 125 125 94 -31
E V -2 -1 125 125 249 124
V E 2 1 125 202 110 -15
E R 0 -1 202 141 171 -31
R Space -3 0 141 125 234 93
Space G 2 -1 125 141 234 109
G R 1 1 141 187 297 156
R A -1 3 187 172 171 -16
A D 0 -2 172 109 250 78
D U 1 -4 109 31 218 109
U A -1 6 31 141 78 47
A T 1 -4 141 156 172 31
T E 0 2 156 125 109 -47
E D -1 0 125 110 374 249
D Space -2 -1 110 125 281 171
Space F 2 0 125 234 749 624
F R 1 0 234 125 203 -31
R O 0 -5 125 203 109 -16
O M -2 2 203 203 109 -94
M Space -1 3 203 125 234 31
Space H 2 -2 125 203 265 140
H I 1 -2 203 109 250 47
I G -1 3 109 124 484 375
G H 0 -1 124 125 218 94
H Space -2 2 125 125 312 187
Space S 2 2 125 124 172 47
S C -1 -1 124 109 249 125
C H 1 -3 109 140 125 16
H O 1 -3 140 94 218 78
O O 0 0 94 109 422 328
O L -1 0 109 156 202 93
L OemPeriod -1 0 156 109 796 640
OemPeriod Space -1 5 109 140 390 281
Space LShiftKey 1 4 140 468 125 -15
LShiftKey S 1 -2 468 156 281 -187
S H 0 -4 156 109 249 93
H E 1 3 109 124 141 32
E Space -3 -1 124 109 171 47
Space R 3 0 109 140 328 219
R E 0 1 140 156 78 -62
E F -1 -1 156 156 265 109
F U 1 -3 156 109 187 31
U S -1 5 109 171 219 110
S E 1 -1 171 110 124 -47
E D -1 0 110 125 203 93
D Space -2 -1 125 93 250 125
Space T 3 -1 93 140 1045 952
T O 0 -4 140 125 140 0
O Space -3 5 125 124 188 63
Space S 2 2 124 140 187 63
S I 1 -6 140 125 109 -31
I G -1 3 125 125 218 93
G N -1 -1 125 125 172 47
N Space -1 2 125 109 234 109
Space T 3 -1 109 109 1342 1233
T H -1 -1 109 125 93 -16
H E 1 3 125 125 109 -16
E Space -3 -1 125 110 156 31
Space F 2 0 110 141 234 124
F I 1 -4 141 141 125 -16
I N -2 2 141 125 78 -63
N A 1 5 125 124 141 16
A L 0 -8 124 125 109 -15
L Space -2 5 125 109 234 109
Space A 2 3 109 172 171 62
A D 0 -2 172 125 203 31
D O 1 -6 125 171 297 172
O P 0 -1 171 141 202 31
P T 0 5 141 125 203 62
T I 0 -3 125 156 172 47
I U 0 1 156 125 0 -156
U O 0 -2 125 140 109 -16
O Back 1 -4 140 78 499 359
Back Back 0 0 78 94 187 109
Back O -1 4 94 172 562 468
O N -2 3 172 140 312 140
N Space -1 2 140 109 281 141
Space P 3 -6 109 124 1763 1654
P A -1 9 124 156 109 -15
A P 1 -9 156 141 218 62
P E 0 7 141 218 141 0
E R 0 -1 218 234 140 -78
R S -1 2 234 172 218 -16
S OemPeriod -1 -7 172 109 297 125
OemPeriod Space -1 5 109 94 249 140
Space LShiftKey 1 4 94 780 562 468
LShiftKey S 1 -2 780 124 640 -140
S H 0 -4 124 125 171 47
H E 1 3 125 125 156 31
E Space -3 -1 125 62 172 47
Space O 3 -5 62 172 140 78
O N -2 3 172 140 125 -47
N L 1 -3 140 156 172 32
L Y 1 3 156 141 171 15
Y Space -3 2 141 94 281 140
Space R 3 0 94 156 203 109
R E 0 1 156 140 78 -78
E L -1 -6 140 124 203 63
L E 1 6 124 110 124 0
E N -2 -3 110 125 203 93
N T 2 1 125 141 187 62
T E 0 2 141 140 63 -78
E D -1 0 140 141 218 78
D Space -2 -1 141 93 219 78
Space A 2 3 93 140 109 16
A Space -2 -3 140 94 187 47
Space F 2 0 94 78 390 296
F R 1 0 78 156 374 296
R E 0 1 156 156 94 -62
E Space -3 -1 156 109 281 125
Space M 1 -3 109 156 218 109
M O 2 -2 156 171 94 -62
O Back 1 -4 171 94 405 234
Back Back 0 0 94 63 203 109
Back Back 0 0 63 63 156 93
Back Back 0 0 63 78 156 93
Back Back 0 0 78 78 187 109
Back E -1 10 78 219 156 78
E W 0 1 219 156 141 -78
W Space -3 -2 156 109 218 62
Space M 1 -3 109 172 187 78
M O 2 -2 172 187 125 -47
O M -2 2 187 32 265 78
M Back 3 -6 32 140 500 468
Back N -3 7 140 140 312 172
N T 2 1 140 110 202 62
T H -1 -1 110 125 156 46
H S 0 4 125 125 156 31
S Space -2 -2 125 94 156 31
Space L 2 -5 94 124 1124 1030
L A 0 8 124 203 109 -15
A T 1 -4 203 156 218 15
T E 0 2 156 234 172 16
E R 0 -1 234 141 171 -63
R Space -3 0 141 124 266 125
Space W 3 2 124 140 140 16
W H -1 -4 140 109 109 -31
H E 1 3 109 140 125 16
E N -2 -3 140 125 125 -15
N Space -1 2 125 156 187 62
Space M 1 -3 156 125 187 31
M Y 2 1 125 109 156 31
Y Space -3 2 109 110 187 78
Space P 3 -6 110 109 203 93
P A -1 9 109 202 63 -46
A R 1 -3 202 234 234 32
R E 0 1 234 218 156 -78
E N -2 -3 218 156 202 -16
N T 2 1 156 156 203 47
T S -1 3 156 156 125 -31
S Space -2 -2 156 109 187 31
Space P 3 -6 109 141 156 47
P R 0 6 141 125 187 46
R O 0 -5 125 156 110 -15
O M -2 2 156 141 171 15
M I 2 -1 141 93 250 109
I S -1 6 93 171 156 63
S E 1 -1 171 125 93 -78
E D -1 0 125 156 234 109
D Space -2 -1 156 124 266 110
Space T 3 -1 124 140 218 94
T H -1 -1 140 109 125 -15
H A 0 5 109 203 93 -16
A T 1 -4 203 140 172 -31
T Space -3 1 140 109 250 110
Space I 3 -4 109 93 312 203
I Space -3 4 93 141 327 234
Space W 3 2 141 234 203 62
W O 0 -7 234 156 140 -94
O U 0 2 156 125 94 -62
U L -1 -2 125 141 218 93
L D 0 6 141 125 172 31
D Left -2 -8 125 592 2746 2621
Left Left 0 0 592 93 733 141
Left Left 0 0 93 94 187 94
Left Left 0 0 94 109 187 93
Left Back 4 -2 109 110 967 858
Back LShiftKey -3 13 110 390 188 78
LShiftKey I 2 -8 390 78 187 -203
I Right -3 -5 78 78 593 515
Right Right 0 0 78 63 171 93
Right Right 0 0 63 62 172 109
Right Right 0 0 62 78 171 109
Right Right 0 0 78 62 188 110
Right Right 0 0 62 78 202 140
Right Space 0 9 78 141 2652 2574
Space S 2 2 141 172 234 93
S O 1 -7 172 156 125 -47
O M -2 2 156 141 78 -78
M E 2 4 141 140 453 312
E D -1 0 140 203 249 109
D A 0 2 203 156 156 -47
A Y 1 -5 156 125 187 31
Y Space -3 2 125 109 266 141
Space F 2 0 109 125 826 717
F O 1 -5 125 156 156 31
O Space -3 5 156 124 266 110
Space T 3 -1 124 109 312 188
T O 0 -4 109 109 93 -16
O Space -3 5 109 93 172 63
Space A 2 3 93 125 109 16
A Back 2 -12 125 624 562 437
Back Back 0 0 624 109 811 187
Back Back 0 0 109 109 203 94
Back Back 0 0 109 78 249 140
Back G -2 8 78 109 375 297
G O 1 -4 109 93 733 624
O Space -3 5 93 109 187 94
Space T 3 -1 109 125 125 16
T O 0 -4 125 47 234 109
O Space -3 5 47 125 78 31
Space A 2 3 125 141 218 93
A Space -2 -3 141 125 172 31
Space C 1 1 125 140 203 78
C O 2 -6 140 63 171 31
O L -1 0 63 63 187 124
L L 0 0 63 62 172 109
L E 1 6 62 125 140 78
E G -1 -2 125 156 156 31
G E 1 2 156 94 125 -31
E OemPeriod -2 -6 94 94 125 31
OemPeriod Return 1 -3 94 109 499 405
Return Return 0 0 109 125 827 718
Return LShiftKey -1 12 125 343 312 187
LShiftKey A 1 -1 343 125 187 -156
A N -1 -5 125 109 172 47
N S 1 4 109 125 764 655
S Space -2 -2 125 125 234 109
Space Back 4 -9 125 93 531 406
Back Back 0 0 93 63 171 78
Back D -2 10 63 109 78 15
D Space -2 -1 109 125 203 94
Space D1 4 3 125 125 702 577
D1 D7 0 -6 125 94 218 93
D7 Space -4 3 94 94 359 265
Space Y 3 -2 94 94 312 218
Y E 0 3 94 171 94 0
E A -1 2 171 203 156 -15
A R 1 -3 203 187 452 249
R S -1 2 187 187 156 -31
S Space -2 -2 187 125 468 281
Space L 2 -5 125 140 203 78
L A 0 8 140 187 78 -62
A T 1 -4 187 156 234 47
T E 0 2 156 188 218 62
E R 0 -1 188 140 141 -47
R Space -3 0 140 109 203 63
Space LShiftKey 1 4 109 281 140 31
LShiftKey I 2 -8 281 31 234 -47
I Space -3 4 31 125 1092 1061
Space D 2 1 125 124 172 47
D I 1 -5 124 94 140 16
I D -1 5 94 93 94 0
D Space -2 -1 93 94 171 78
Space G 2 -1 94 109 468 374
G O 1 -4 109 94 125 16
O Space -3 5 94 109 203 109
Space T 3 -1 109 110 1107 998
T O 0 -4 110 125 125 15
O Space -3 5 125 124 219 94
Space C 1 1 124 156 156 32
C O 2 -6 156 78 140 -16
O L -1 0 78 62 203 125
L L 0 0 62 109 156 94
L E 1 6 109 140 78 -31
E G -1 -2 140 156 171 31
G E 1 2 156 125 125 -31
E OemPeriod -2 -6 125 109 156 31
OemPeriod Space -1 5 109 110 265 156
Space LShiftKey 1 4 110 296 141 31
LShiftKey B 0 -5 296 125 140 -156
B U 2 -2 125 93 219 94
U T 0 2 93 140 140 47
T Space -3 1 140 109 187 47
Space LShiftKey 1 4 109 312 156 47
LShiftKey I 2 -8 312 94 156 -156
I Space -3 4 94 94 234 140
Space N 1 -2 94 124 375 281
N A 1 5 124 156 156 32
A I 1 -7 156 93 187 31
I E 0 5 93 62 312 219
E Back 1 -10 62 125 749 687
Back V -3 9 125 156 281 156
V E 2 1 156 172 93 -63
E L -1 -6 172 140 172 0
L Y 1 3 140 140 671 531
Y Space -3 2 140 125 1232 1092
Space C 1 1 125 156 203 78
C H 1 -3 156 172 109 -47
H O 1 -3 172 140 125 -47
O S -1 7 140 187 156 16
S E 1 -1 187 171 78 -109
E Space -3 -1 171 109 218 47
Space A 2 3 109 141 109 0
A Space -2 -3 141 124 188 47
Space C 1 1 124 172 171 47
C O 2 -6 172 94 156 -16
O L -1 0 94 46 219 125
L L 0 0 46 78 140 94
L E 1 6 78 109 109 31
E G -1 -2 109 172 156 47
G E 1 2 172 156 94 -78
E Space -3 -1 156 110 171 15
Space T 3 -1 110 141 593 483
T H -1 -1 141 47 125 -16
H A 0 5 47 250 234 187
A T 1 -4 250 156 250 0
T Space -3 1 156 125 530 374
Space W 3 2 125 156 218 93
W A -1 1 156 218 110 -46
A S 0 -1 218 140 156 -62
S Space -2 -2 140 125 280 140
Space A 2 3 125 141 1139 1014
A L 0 -8 141 124 141 0
L M -1 2 124 172 296 172
M O 2 -2 172 156 109 -63
O S -1 7 156 187 172 16
S T 1 -3 187 140 156 -31
T Space -3 1 140 124 203 63
Space A 2 3 124 219 124 0
A S 0 -1 219 156 94 -125
S Space -2 -2 156 94 218 62
Space E 3 1 94 110 234 140
E X -2 1 110 187 203 93
X E 2 -1 187 78 312 125
E Back 1 -10 78 141 655 577
Back P -1 3 141 125 390 249
P E 0 7 125 156 312 187
E N -2 -3 156 140 188 32
N S 1 4 140 187 265 125
S E 1 -1 187 140 109 -78
E I 0 -5 140 109 952 812
I Back 1 -5 109 109 483 374
Back Back 0 0 109 78 187 78
Back I -1 5 78 109 266 188
I V -2 4 109 156 124 15
V E 2 1 156 125 78 -78
E Space -3 -1 125 124 188 63
Space A 2 3 124 249 1045 921
A S 0 -1 249 156 140 -109
S Space -2 -2 156 140 250 94
Space LShiftKey 1 4 140 374 343 203
LShiftKey S 1 -2 374 172 187 -187
S T 1 -3 172 187 375 203
T A -1 4 187 156 202 15
A N -1 -5 156 124 188 32
N D 1 3 124 140 421 297
D O 1 -6 140 140 156 16
O R 0 5 140 63 327 187
R Back 1 -9 63 78 344 281
Back Back 0 0 78 93 187 109
Back Back 0 0 93 109 156 63
Back F -2 9 109 125 234 125
F O 1 -5 125 141 140 15
O R 0 5 141 125 172 31
R D -1 1 125 109 265 140
D OemPeriod -1 -6 109 62 234 125
OemPeriod Back 3 -4 62 125 780 718
Back Oemcomma -3 5 125 78 437 312
Oemcomma Space -1 4 78 125 1045 967
Space A 2 3 125 156 406 281
A N -1 -5 156 109 156 0
N D 1 3 109 140 140 31
D Space -2 -1 140 125 156 16
Space A 2 3 125 125 140 15
A L 0 -8 125 78 141 16
L L 0 0 78 109 156 78
L Space -2 5 109 124 203 94
Space O 3 -5 124 125 249 125
O F -1 5 125 109 156 31
F Space -2 0 109 78 172 63
Space M 1 -3 78 156 140 62
M Y 2 1 156 124 219 63
Y Space -3 2 124 109 234 110
Space W 3 2 109 125 187 78
W O 0 -7 125 78 109 -16
O R 0 5 78 140 172 94
R K -1 -4 140 94 124 -16
K I 1 0 94 187 188 94
I N -2 2 187 141 93 -94
N G 1 1 141 110 187 46
G OemMinus 2 -6 110 94 484 374
OemMinus C -3 8 94 140 203 109
C L 1 -6 140 94 187 47
L A 0 8 94 156 109 15
A S 0 -1 156 125 94 -62
S S 0 0 125 125 218 93
S Space -2 -2 125 124 219 94
Space P 3 -6 124 140 218 94
P A -1 9 140 141 109 -31
A R 1 -3 141 187 203 62
R E 0 1 187 187 109 -78
E N -2 -3 187 125 172 -15
N T 2 1 125 140 187 62
T S -1 3 140 141 109 -31
S Oem7 0 -9 141 109 515 374
Oem7 S 0 9 109 172 156 47
S Space -2 -2 172 125 234 62
Space Back 4 -9 125 62 2356 2231
Back Back 0 0 62 93 156 94
Back Back 0 0 93 62 187 94
Back Back 0 0 62 78 234 172
Back Oem7 -2 2 78 62 733 655
Oem7 S 0 9 62 109 125 63
S Space -2 -2 109 109 374 265
Space S 2 2 109 203 655 546
S A 0 1 203 187 125 -78
A V -1 -3 187 156 234 47
V I 2 -4 156 156 172 16
I N -2 2 156 171 78 -78
N G 1 1 171 110 171 0
G S 0 3 110 140 94 -16
S Space -2 -2 140 125 1841 1701
Space W 3 2 125 172 218 93
W E 0 -1 172 219 156 -16
E R 0 -1 219 281 172 -47
R E 0 1 281 202 203 -78
E Space -3 -1 202 125 218 16
Space B 1 -1 125 93 281 156
B N 0 -1 93 63 15 -78
N E 2 3 63 125 125 62
E I 0 -5 125 203 203 78
I N -2 2 203 140 156 -47
N Back 3 -7 140 94 608 468
Back Back 0 0 94 78 188 94
Back Back 0 0 78 47 187 109
Back Back 0 0 47 78 140 93
Back E -1 10 78 125 187 109
E N -2 -3 125 156 297 172
N I 2 -2 156 93 0 -156
I G -1 3 93 156 327 234
G Back 2 -8 156 78 765 609
Back Back 0 0 78 93 359 281
Back Back 0 0 93 140 452 359
Back I -1 5 140 187 406 266
I N -2 2 187 156 93 -94
N G 1 1 156 109 796 640
G Space -2 1 109 109 187 78
Space S 2 2 109 140 546 437
S P 1 -8 140 125 187 47
P E 0 7 125 109 156 31
E N -2 -3 109 156 156 47
N Space -1 2 156 109 375 219
Space Back 4 -9 109 156 889 780
Back T -1 8 156 109 343 187
T Space -3 1 109 140 281 172
Space O 3 -5 140 156 265 125
O P 0 -1 156 47 31 -125
P N -2 4 47 140 63 16
N Space -1 2 140 109 234 94
Space M 1 -3 109 156 156 47
M Back 3 -6 156 562 483 327
Back Back 0 0 562 94 733 171
Back Back 0 0 94 78 234 140
Back N -3 7 78 109 640 562
N Space -1 2 109 94 218 109
Space M 1 -3 94 125 234 140
M Y 2 1 125 94 172 47
Y Space -3 2 94 110 140 46
Space T 3 -1 110 110 546 436
T U 0 -2 110 109 141 31
U I 0 -1 109 78 187 78
I T 0 3 78 109 328 250
T I 0 -3 109 141 124 15
I O 0 -1 141 125 94 -47
O N -2 3 125 110 218 93
N OemPeriod 0 -3 110 94 1950 1840
OemPeriod Space -1 5 94 109 203 109
Space LShiftKey 1 4 109 265 156 47
LShiftKey A 1 -1 265 156 125 -140
A F 0 -3 156 125 218 62
F T 1 -1 125 125 219 94
T E 0 2 125 219 93 -32
E R 0 -1 219 141 156 -63
R Space -3 0 141 125 203 62
Space S 2 2 125 109 203 78
S I 1 -6 109 94 140 31
I X -2 6 94 171 453 359
X Space -1 -2 171 78 312 141
Space M 1 -3 78 172 187 109
M O 2 -2 172 187 109 -63
O N -2 3 187 109 359 172
N T 2 1 109 125 608 499
T H -1 -1 125 125 125 0
H S 0 4 125 109 203 78
S Oemcomma -1 -6 109 63 265 156
Oemcomma Space -1 4 63 125 1326 1263
Space LShiftKey 1 4 125 249 141 16
LShiftKey I 2 -8 249 109 140 -109
I Space -3 4 109 141 187 78
Space C 1 1 141 172 359 218
C O 2 -6 172 171 94 -78
O U 0 2 171 109 109 -62
U L -1 -2 109 124 203 94
L D 0 6 124 93 390 266
D N -1 -3 93 78 1045 952
N Oem7 1 -5 78 109 624 546
Oem7 T 1 6 109 109 374 265
T Space -3 1 109 156 1061 952
Space S 2 2 156 156 281 125
S E 1 -1 156 124 125 -31
E E 0 0 124 140 187 63
E Space -3 -1 140 110 171 31
Space T 3 -1 110 125 156 46
T H -1 -1 125 109 94 -31
H E 1 3 109 125 125 16
E Space -3 -1 125 109 140 15
Space C 1 1 109 140 141 32
C A 1 2 140 156 93 -47
A I 1 -7 156 94 390 234
I E 0 5 94 172 203 109
E Back 1 -10 172 156 562 390
Back Back 0 0 156 93 234 78
Back Back 0 0 93 78 171 78
Back Back 0 0 78 94 156 78
Back V -3 9 94 156 234 140
V A 1 3 156 125 109 -47
A L 0 -8 125 125 141 16
L U 1 2 125 109 265 140
U E 0 4 109 141 140 31
E Space -3 -1 141 124 1514 1373
Space I 3 -4 124 140 234 110
I N -2 2 140 171 78 -62
N Space -1 2 171 140 140 -31
Space I 3 -4 140 125 187 47
I T 0 3 125 125 156 31
T OemPeriod -2 -4 125 109 156 31
OemPeriod Space -1 5 109 94 234 125
Space LShiftKey 1 4 94 312 1186 1092
LShiftKey I 2 -8 312 94 171 -141
I Space -3 4 94 109 188 94
Space H 2 -2 109 93 187 78
H A 0 5 93 202 125 32
A D 0 -2 202 156 156 -46
D Space -2 -1 156 109 234 78
Space N 1 -2 109 187 218 109
N O 2 -3 187 110 140 -47
O Space -3 5 110 125 203 93
Space I 3 -4 125 109 234 109
I D -1 5 109 156 125 16
D E 1 0 156 172 265 109
E A -1 2 172 218 141 -31
A Space -2 -3 218 94 202 -16
Space W 3 2 94 124 188 94
W H -1 -4 124 124 78 -46
H A 0 5 124 218 156 32
A T 1 -4 218 140 140 -78
T Space -3 1 140 109 250 110
Space LShiftKey 1 4 109 327 109 0
LShiftKey I 2 -8 327 109 203 -124
I Space -3 4 109 125 202 93
Space W 3 2 125 94 156 31
W A -1 1 94 188 78 -16
A N -1 -5 188 125 234 46
N T 2 1 125 140 219 94
T E 0 2 140 125 93 -47
E D -1 0 125 141 234 109
D Space -2 -1 141 124 890 749
Space T 3 -1 124 140 187 63
T O 0 -4 140 109 140 0
O Space -3 5 109 140 141 32
Space D 2 1 140 218 1014 874
D O 1 -6 218 125 124 -94
O Space -3 5 125 141 203 78
Space W 3 2 141 156 187 46
W I 0 -6 156 125 125 -31
I T 0 3 125 156 172 47
T H -1 -1 156 109 125 -31
H Space -2 2 109 109 218 109
Space M 1 -3 109 125 218 109
M Y 2 1 125 125 141 16
Y Space -3 2 125 109 234 109
Space L 2 -5 109 124 281 172
L I 1 1 124 109 109 -15
I F -1 4 109 171 156 47
F E 1 1 171 188 93 -78
E Space -3 -1 188 125 234 46
Space A 2 3 125 125 141 16
A N -1 -5 125 140 109 -16
N D 1 3 140 125 125 -15
D Space -2 -1 125 109 140 15
Space N 1 -2 109 125 328 219
N O 2 -3 125 125 1716 1591
O Space -3 5 125 109 203 78
Space I 3 -4 109 109 218 109
I D -1 5 109 93 94 -15
D E 1 0 93 187 187 94
E A -1 2 187 156 171 -16
A Space -2 -3 156 78 219 63
Space H 2 -2 78 141 1419 1341
H O 1 -3 141 125 172 31
O W 0 7 125 141 140 15
W Space -3 -2 141 125 203 62
Space C 1 1 125 140 453 328
C O 2 -6 140 94 124 -16
O L -1 0 94 93 219 125
L L 0 0 93 94 187 94
L E 1 6 94 141 140 46
E G -1 -2 141 156 250 109
G E 1 2 156 156 94 -62
E Space -3 -1 156 110 202 46
Space W 3 2 110 109 203 93
W A -1 1 109 234 265 156
A S 0 -1 234 156 125 -109
S Space -2 -2 156 125 234 78
Space G 2 -1 125 140 297 172
G O 1 -4 140 109 109 -31
O I 0 1 109 156 265 156
I N -2 2 156 188 62 -94
N G 1 1 188 93 531 343
G Space -2 1 93 156 1653 1560
Space T 3 -1 156 94 437 281
T O 0 -4 94 94 109 15
O Space -3 5 94 140 141 47
Space H 2 -2 140 140 3401 3261
H E 1 3 140 140 187 47
E L -1 -6 140 63 62 -78
L P 1 -1 63 124 297 234
P Space -3 6 124 109 561 437
Space M 1 -3 109 140 219 110
M E 2 4 140 109 93 -47
E Space -3 -1 109 94 156 47
Space F 2 0 94 140 203 109
F I 1 -4 140 94 156 16
I G -1 3 94 156 374 280
G U 1 -2 156 78 234 78
U R 0 3 78 172 203 125
R E 0 1 172 156 94 -78
E Space -3 -1 156 141 4976 4820
Space I 3 -4 141 109 437 296
I T 0 3 109 141 109 0
T Space -3 1 141 109 172 31
Space O 3 -5 109 125 187 78
O U 0 2 125 141 62 -63
U T 0 2 141 93 188 47
T OemPeriod -2 -4 93 110 514 421
OemPeriod Space -1 5 110 125 1529 1419
Space LShiftKey 1 4 125 312 281 156
LShiftKey A 1 -1 312 156 172 -140
A N -1 -5 156 109 187 31
N D 1 3 109 125 187 78
D Space -2 -1 125 109 359 234
Space H 2 -2 109 110 249 140
H E 1 3 110 172 78 -32
E R 0 -1 172 203 172 0
R E 0 1 203 187 94 -109
E Space -3 -1 187 109 218 31
Space I 3 -4 109 63 218 109
I Back 1 -5 63 93 453 390
Back LShiftKey -3 13 93 327 156 63
LShiftKey I 2 -8 327 62 203 -124
I U 0 1 62 46 0 -62
U Back 1 -6 46 94 904 858
Back Space -4 9 94 93 453 359
Space W 3 2 93 125 203 110
W A -1 1 125 234 78 -47
A S 0 -1 234 125 156 -78
S Space -2 -2 125 110 171 46
Space S 2 2 110 156 125 15
S P 1 -8 156 125 172 16
P E 0 7 125 141 171 46
E N -2 -3 141 93 297 156
N F 1 2 93 125 1263 1170
F I 1 -4 125 141 156 31
I N -2 2 141 172 78 -63
N Back 3 -7 172 94 437 265
Back Back 0 0 94 62 203 109
Back Back 0 0 62 109 577 515
Back D -2 10 109 125 203 94
D I 1 -5 125 110 218 93
I N -2 2 110 171 32 -78
N G 1 1 171 141 249 78
G Space -2 1 141 156 1685 1544
Space A 2 3 156 141 374 218
A L 0 -8 141 78 141 0
L L 0 0 78 109 156 78
L Space -2 5 109 140 187 78
Space O 3 -5 140 124 172 32
O F -1 5 124 125 140 16
F Space -2 0 125 109 109 -16
Space T 3 -1 109 125 187 78
T H -1 -1 125 110 78 -47
H E 1 3 110 125 141 31
E Space -3 -1 125 109 140 15
Space M 1 -3 109 203 156 47
M O 2 -2 203 140 125 -78
O N -2 3 140 124 250 110
N E 2 3 124 109 187 63
E Y 0 -3 109 109 187 78
Y Space -3 2 109 93 250 141
Space M 1 -3 93 109 187 94
M Y 2 1 109 109 296 187
Y Space -3 2 109 125 203 94
Space P 3 -6 125 78 250 125
P A -1 9 78 124 78 0
A R 1 -3 124 202 234 110
R E 0 1 202 203 93 -109
E N -2 -3 203 141 187 -16
N T 2 1 141 156 234 93
T S -1 3 156 156 110 -46
S Space -2 -2 156 140 998 842
Space H 2 -2 140 110 296 156
H A 0 5 110 187 125 15
A D 0 -2 187 156 141 -46
D Space -2 -1 156 125 265 109
Space S 2 2 125 187 312 187
S A 0 1 187 187 140 -47
A V -1 -3 187 202 219 32
V E 2 1 202 172 124 -78
E D -1 0 172 156 281 109
D Space -2 -1 156 109 203 47
Space T 3 -1 109 140 203 94
T H -1 -1 140 125 109 -31
H E 1 3 125 140 203 78
E I 0 -5 140 125 156 16
I R 0 4 125 140 156 31
R Space -3 0 140 110 171 31
Space E 3 1 110 172 125 15
E N -2 -3 172 125 156 -16
N T 2 1 125 124 687 562
T I 0 -3 124 109 156 32
I R 0 4 109 140 187 78
R E 0 1 140 156 62 -78
E Space -3 -1 156 109 250 94
Space L 2 -5 109 156 437 328
L I 1 1 156 109 156 0
I F -1 4 109 140 140 31
F E 1 1 140 140 78 -62
E Space -3 -1 140 94 140 0
Space Back 4 -9 94 125 531 437
Back OemPeriod -3 4 125 78 1045 920
OemPeriod Space -1 5 78 124 172 94
Space LShiftKey 1 4 124 375 93 -31
LShiftKey S 1 -2 375 141 187 -188
S O 1 -7 141 109 297 156
O Space -3 5 109 125 171 62
Space LShiftKey 1 4 125 219 234 109
LShiftKey I 2 -8 219 78 125 -94
I Space -3 4 78 110 187 109
Space D 2 1 110 93 422 312
D E 1 0 93 125 171 78
E C -2 0 125 171 219 94
C I 2 -5 171 93 156 -15
I D -1 5 93 109 171 78
D E 1 0 109 78 187 78
E D -1 0 78 109 172 94
D Space -2 -1 109 78 172 63
Space T 3 -1 78 140 3416 3338
T O 0 -4 140 109 172 32
O Space -3 5 109 78 234 125
Space D 2 1 78 94 124 46
D E 1 0 94 156 203 109
E O 0 -6 156 156 203 47
O P 0 -1 156 124 172 16
P Back 1 -3 124 110 1216 1092
Back Back 0 0 110 62 219 109
Back Back 0 0 62 94 171 109
Back R -1 9 94 110 1794 1700
R O 0 -5 110 171 141 31
O Back 1 -4 171 156 1856 1685
Back O -1 4 156 156 952 796
O P 0 -1 156 109 140 -16
P Space -3 6 109 125 13775 13666
Space O 3 -5 125 188 296 171
O U 0 2 188 109 141 -47
U T 0 2 109 140 203 94
T Space -3 1 140 109 3307 3167
Space A 2 3 109 156 171 62
A N -1 -5 156 141 125 -31
N D 1 3 141 109 156 15
D Space -2 -1 109 94 156 47
Space T 3 -1 94 187 250 156
T R 0 1 187 110 171 -16
R E 0 1 110 78 16 -94
E U 0 -4 78 109 125 47
U S -1 5 109 156 187 78
S Back 2 -11 156 110 374 218
Back Back 0 0 110 63 203 93
Back Back 0 0 63 78 172 109
Back U -1 6 78 93 468 390
U S -1 5 93 234 140 47
S T 1 -3 234 156 187 -47
T Space -3 1 156 140 1436 1280
Space T 3 -1 140 140 187 47
T H -1 -1 140 125 93 -47
H A 0 5 125 172 125 0
A T 1 -4 172 125 94 -78
T Space -3 1 125 125 171 46
Space I 3 -4 125 109 250 125
I T 0 3 109 156 140 31
T Space -3 1 156 94 203 47
Space W 3 2 94 94 312 218
W O 0 -7 94 141 156 62
O U 0 2 141 109 78 -63
U L -1 -2 109 78 281 172
L D 0 6 78 140 94 16
D Space -2 -1 140 125 187 47
Space A 2 3 125 156 109 -16
A L 0 -8 156 78 156 0
L L 0 0 78 93 172 94
L Space -2 5 93 296 62 -31
Space W 3 2 296 156 686 390
W O 0 -7 156 94 125 -31
O R 0 5 94 94 187 93
R K -1 -4 94 125 328 234
K Space -2 4 125 109 234 109
Space O 3 -5 109 187 858 749
O U 0 2 187 125 140 -47
U T 0 2 125 124 266 141
T Space -3 1 124 125 249 125
Space LShiftKey 1 4 125 593 156 31
LShiftKey O 2 -9 593 109 125 -468
O K -1 1 109 125 234 125
K OemPeriod -1 -1 125 78 328 203
OemPeriod Space -1 5 78 94 296 218
Space LShiftKey 1 4 94 546 905 811
LShiftKey I 2 -8 546 109 374 -172
I T 0 3 109 140 484 375
T Space -3 1 140 125 234 94
Space W 3 2 125 188 171 46
W A -1 1 188 218 188 0
A S 0 -1 218 141 124 -94
S Space -2 -2 141 109 188 47
Space P 3 -6 109 94 218 109
P R 0 6 94 187 109 15
R E 0 1 187 140 125 -62
E T 0 -2 140 93 593 453
T T 0 0 93 125 171 78
T Y 0 -1 125 125 172 47
Y Space -3 2 125 109 234 109
Space S 2 2 109 172 1326 1217
S C -1 -1 172 218 312 140
C A 1 2 218 202 172 -46
A R 1 -3 202 156 218 16
R Y 0 -2 156 109 234 78
Y Space -3 2 109 109 281 172
Space A 2 3 109 156 187 78
A T 1 -4 156 125 203 47
T Space -3 1 125 93 156 31
Space T 3 -1 93 124 125 32
T H -1 -1 124 93 156 32
H E 1 3 93 109 78 -15
E Space -3 -1 109 93 156 47
Space T 3 -1 93 140 156 63
T I 0 -3 140 109 109 -31
I M -2 1 109 125 156 47
M E 2 4 125 110 93 -32
E M -2 -4 110 94 312 202
M Back 3 -6 94 78 484 390
Back M -3 6 78 109 250 172
M Back 3 -6 109 110 514 405
Back Oemcomma -3 5 110 94 640 530
Oemcomma Space -1 4 94 94 156 62
Space B 1 -1 94 156 1482 1388
B U 2 -2 156 125 156 0
U T 0 2 125 141 140 15
T Space -3 1 141 78 188 47
Space L 2 -5 78 156 140 62
L O 1 0 156 109 437 281
O O 0 0 109 78 187 78
O K -1 1 78 78 187 109
K I 1 0 78 156 156 78
I N -2 2 156 141 78 -78
N G 1 1 141 141 156 15
G Space -2 1 141 78 172 31
Space B 1 -1 78 125 156 78
B A 1 4 125 187 109 -16
A C -1 -2 187 125 296 109
C K 1 -5 125 109 141 16
K Space -2 4 109 109 187 78
Space I 3 -4 109 125 140 31
I T 0 3 125 125 156 31
T Space -3 1 125 125 141 16
Space A 2 3 125 188 327 202
A S 0 -1 188 109 172 -16
S Back 2 -11 109 62 952 843
Back Back 0 0 62 47 218 156
Back W -1 11 47 156 218 171
W A -1 1 156 218 110 -46
A S 0 -1 218 156 124 -94
S Space -2 -2 156 109 203 47
Space O 3 -5 109 125 359 250
O N -2 3 125 125 78 -47
N E 2 3 125 141 140 15
E Space -3 -1 141 109 188 47
Space O 3 -5 109 109 405 296
O F -1 5 109 125 109 0
F Space -2 0 125 93 141 16
Space T 3 -1 93 109 140 47
T H -1 -1 109 62 94 -15
H E 1 3 62 110 93 31
E Space -3 -1 110 109 141 31
Space B 1 -1 109 94 249 140
B E 2 2 94 203 63 -31
E S -1 1 203 171 156 -47
S T 1 -3 171 124 125 -46
T Space -3 1 124 110 124 0
Space D 2 1 110 78 1186 1076
D E 1 0 78 124 172 94
E C -2 0 124 141 249 125
C I 2 -5 141 125 172 31
I S -1 6 125 125 265 140
S I 1 -6 125 203 140 15
I O 0 -1 203 171 141 -62
O N -2 3 171 140 156 -15
N S 1 4 140 125 171 31
S Space -2 -2 125 94 172 47
Space LShiftKey 1 4 94 234 250 156
LShiftKey I 2 -8 234 109 109 -125
I Space -3 4 109 109 203 94
Space E 3 1 109 125 93 -16
E V -2 -1 125 110 187 62
V E 2 1 110 203 94 -16
E R 0 -1 203 187 172 -31
R Space -3 0 187 94 218 31
Space M 1 -3 94 124 172 78
M A 1 6 124 172 93 -31
A D 0 -2 172 140 125 -47
D E 1 0 140 140 234 94
E OemPeriod -2 -6 140 63 842 702
OemPeriod Space -1 5 63 78 188 125
Space LShiftKey 1 4 78 265 93 15
LShiftKey T 2 -5 265 94 156 -109
T H -1 -1 94 94 125 31
H E 1 3 94 110 140 46
E Space -3 -1 110 78 125 15
Space M 1 -3 78 140 765 687
M I 2 -1 140 78 249 109
I N -2 2 78 93 453 375
N U 2 -1 93 109 171 78
U T 0 2 109 140 203 94
T E 0 2 140 124 94 -46
E Space -3 -1 124 93 156 32
Space LShiftKey 1 4 93 265 2355 2262
LShiftKey I 2 -8 265 109 141 -124
I Space -3 4 109 109 234 125
Space D 2 1 109 109 140 31
D R 1 -1 109 125 1669 1560
R O 0 -5 125 141 109 -16
O P 0 -1 141 78 219 78
P P 0 0 78 110 171 93
P E 0 7 110 109 94 -16
E D -1 0 109 140 203 94
D Space -2 -1 140 78 218 78
Space O 3 -5 78 171 1545 1467
O U 0 2 171 156 218 47
U T 0 2 156 156 296 140
T Space -3 1 156 109 203 47
Space LShiftKey 1 4 109 234 187 78
LShiftKey I 2 -8 234 94 125 -109
I Space -3 4 94 109 172 78
Space C 1 1 109 156 187 78
C O 2 -6 156 125 109 -47
O U 0 2 125 109 63 -62
U L -1 -2 109 47 249 140
L D 0 6 47 109 63 16
D Space -2 -1 109 125 171 62
Space S 2 2 125 156 219 94
S E 1 -1 156 110 124 -32
E E 0 0 110 94 203 93
E Back 1 -10 94 109 983 889
Back Back 0 0 109 93 203 94
Back T -1 8 93 109 437 344
T O 0 -4 109 218 187 78
O P 0 -1 218 125 171 -47
P Space -3 6 125 109 266 141
Space T 3 -1 109 140 764 655
T A -1 4 140 141 109 -31
A L 0 -8 141 31 156 15
L K 0 1 31 156 16 -15
K I 1 0 156 156 265 109
I N -2 2 156 187 78 -78
N G 1 1 187 156 187 0
G Space -2 1 156 78 172 16
Space T 3 -1 78 124 125 47
T H -1 -1 124 109 109 -15
H E 1 3 109 109 109 0
E Space -3 -1 109 78 172 63
Space Back 4 -9 78 796 514 436
Back Back 0 0 796 124 968 172
Back K -2 5 124 93 702 578
K I 1 0 93 125 218 125
I N -2 2 125 140 78 -47
N G 1 1 140 109 156 16
G Space -2 1 109 125 842 733
Space T 3 -1 125 109 219 94
T H -1 -1 109 125 78 -31
H E 1 3 125 109 125 0
E Space -3 -1 109 110 124 15
Space R 3 0 110 202 188 78
R E 0 1 202 125 93 -109
E Q 0 2 125 172 234 109
Q U 0 -6 172 125 172 0
U I 0 -1 125 110 171 46
I E 0 5 110 171 219 109
E R 0 -1 171 78 0 -171
R D -1 1 78 140 390 312
D Space -2 -1 140 125 234 94
Space Back 4 -9 125 109 686 561
Back Back 0 0 109 78 187 78
Back Back 0 0 78 62 188 110
Back Back 0 0 62 31 218 156
Back R -1 9 31 140 905 874
R E 0 1 140 140 47 -93
E D -1 0 140 125 218 78
D Space -2 -1 125 109 156 31
Space C 1 1 109 141 499 390
C A 1 2 141 109 203 62
A L 0 -8 109 78 31 -78
L Back 2 -4 78 94 468 390
Back Back 0 0 94 63 156 62
Back L -2 4 63 140 266 203
L A 0 8 140 171 109 -31
A S 0 -1 171 125 140 -31
S S 0 0 125 109 219 94
S Space -2 -2 109 46 156 47
Space Back 4 -9 46 125 1809 1763
Back E -1 10 125 203 187 62
E S -1 1 203 141 156 -47
S Space -2 -2 141 109 141 0
Space A 2 3 109 172 873 764
A Back 2 -12 172 125 437 265
Back T -1 8 125 125 203 78
T H -1 -1 125 109 94 -31
H A 0 5 109 188 124 15
A T 1 -4 188 140 141 -47
T Space -3 1 140 110 171 31
Space D 2 1 110 124 266 156
D I 1 -5 124 140 140 16
I D -1 5 140 141 187 47
D N -1 -3 141 109 312 171
N Oem7 1 -5 109 94 655 546
Oem7 T 1 6 94 109 281 187
T Space -3 1 109 125 250 141
Space I 3 -4 125 93 234 109
I N -2 2 93 140 31 -62
N T 2 1 140 140 718 578
T E 0 2 140 140 187 47
E R 0 -1 140 172 187 47
R E 0 1 172 296 94 -78
E S -1 1 296 187 156 -140
S T 1 -3 187 140 140 -47
T Space -3 1 140 109 546 406
Space M 1 -3 109 109 187 78
M E 2 4 109 125 78 -31
E Oemcomma -2 -5 125 78 375 250
Oemcomma OemPeriod 0 -1 78 47 15 -63
OemPeriod Back 3 -4 47 125 640 593
Back Space -4 9 125 141 374 249
Space A 2 3 141 140 999 858
A N -1 -5 140 125 140 0
N D 1 3 125 140 125 0
D Space -2 -1 140 78 156 16
Space B 1 -1 78 109 234 156
B E 2 2 109 124 125 16
E G -1 -2 124 109 468 344
G I 1 -3 109 156 109 0
I N -2 2 156 141 93 -63
N Space -1 2 141 94 234 93
Space D 2 1 94 109 188 94
D R 1 -1 109 125 499 390
R O 0 -5 125 125 171 46
O P 0 -1 125 78 219 94
P P 0 0 78 94 187 109
P I 0 2 94 141 218 124
I N -2 2 141 141 78 -63
N G 1 1 141 110 156 15
G Space -2 1 110 109 188 78
Space I 3 -4 109 125 967 858
I N -2 2 125 156 78 -47
N Space -1 2 156 124 203 47
Space O 3 -5 124 140 920 796
O N -2 3 140 141 109 -31
N Space -1 2 141 125 203 62
Space T 3 -1 125 124 406 281
T H -1 -1 124 125 93 -31
H E 1 3 125 140 141 16
E Space -3 -1 140 93 109 -31
Space O 3 -5 93 172 140 47
O N -2 3 172 156 109 -63
N E 2 3 156 218 110 -46
E S -1 1 218 188 124 -94
S Space -2 -2 188 109 250 62
Space T 3 -1 109 124 172 63
T H -1 -1 124 93 78 -46
H A 0 5 93 171 109 16
A T 1 -4 171 140 109 -62
T Space -3 1 140 109 125 -15
Space LShiftKey 1 4 109 359 405 296
LShiftKey L 1 -9 359 125 640 281
L O 1 0 125 109 203 78
O K -1 1 109 78 218 109
K K 0 0 78 93 141 63
K E 1 5 93 141 171 78
E D -1 0 141 140 250 109
D Space -2 -1 140 109 218 78
Space I 3 -4 109 141 234 125
I N -2 2 141 156 78 -63
N T 2 1 156 125 187 31
T E 0 2 125 218 94 -31
E R 0 -1 218 250 218 0
R E 0 1 250 281 156 -94
E S -1 1 281 234 219 -62
S T 1 -3 234 141 218 -16
T I 0 -3 141 141 156 15
I N -2 2 141 140 63 -78
N G 1 1 140 94 140 0
G OemPeriod -1 -4 94 78 172 78
OemPeriod Return 1 -3 78 141 12183 12105
Return LShiftKey -1 12 141 265 2231 2090
LShiftKey I 2 -8 265 78 156 -109
I Space -3 4 78 78 250 172
Space Back 4 -9 78 93 421 343
Back T -1 8 93 140 109 16
T Space -3 1 140 109 156 16
Space W 3 2 109 141 1045 936
W A -1 1 141 265 94 -47
A S 0 -1 265 141 171 -94
S N -1 -4 141 78 858 717
N Oem7 1 -5 78 78 624 546
Oem7 T 1 6 78 140 188 110
T Space -3 1 140 94 218 78
Space A 2 3 94 141 140 46
A L 0 -8 141 78 203 62
L L 0 0 78 94 156 78
L Space -2 5 94 124 219 125
Space R 3 0 124 156 358 234
R O 0 -5 156 156 125 -31
O M -2 2 156 110 109 -47
M A 1 6 110 172 156 46
A N -1 -5 172 140 219 47
N T 2 1 140 125 187 47
T I 0 -3 125 124 172 47
I C -2 5 124 140 187 63
C OemPeriod 0 -6 140 78 218 78
OemPeriod Space -1 5 78 78 203 125
Space LShiftKey 1 4 78 718 343 265
LShiftKey I 2 -8 718 94 593 -125
I Space -3 4 94 109 203 109
Space D 2 1 109 109 187 78
D I 1 -5 109 78 156 47
I D -1 5 78 125 109 31
D N -1 -3 125 94 359 234
N Oem1 1 -4 94 109 562 468
Oem1 T 1 5 109 94 249 140
T Back 1 -8 94 140 1311 1217
Back Back 0 0 140 110 436 296
Back Oem7 -2 2 110 78 952 842
Oem7 T 1 6 78 94 265 187
T Space -3 1 94 109 156 62
Space H 2 -2 109 109 203 94
H A 0 5 109 265 94 -15
A V -1 -3 265 202 156 -109
V E 2 1 202 125 109 -93
E Space -3 -1 125 140 187 62
Space A 2 3 140 156 608 468
A Space -2 -3 156 109 188 32
Space D 2 1 109 125 327 218
D O 1 -6 125 124 531 406
O R 0 5 124 124 156 32
R M -2 -3 124 109 171 47
M Space -1 3 109 141 1279 1170
Space R 3 0 141 140 297 156
R O 0 -5 140 109 218 78
O O 0 0 109 125 187 78
O M -2 2 125 94 749 624
M Oemcomma 0 -1 94 93 484 390
Oemcomma Space -1 4 93 109 187 94
Space S 2 2 109 125 125 16
S O 1 -7 125 93 125 0
O Space -3 5 93 93 156 63
Space LShiftKey 1 4 93 281 249 156
LShiftKey I 2 -8 281 94 156 -125
I Space -3 4 94 109 297 203
Space S 2 2 109 140 452 343
S L 0 -7 140 93 125 -15
L E 1 6 93 140 468 375
E P 0 -7 140 110 171 31
P T 0 5 110 156 188 78
T Space -3 1 156 94 202 46
Space O 3 -5 94 141 203 109
O N -2 3 141 141 78 -63
N Space -1 2 141 109 234 93
Space T 3 -1 109 125 187 78
T H -1 -1 125 93 110 -15
H E 1 3 93 125 109 16
E Space -3 -1 125 125 109 -16
Space F 2 0 125 141 187 62
F L 0 -5 141 93 141 0
L O 1 0 93 78 249 156
O O 0 0 78 109 219 141
O R 0 5 109 110 202 93
R Space -3 0 110 125 156 46
Space I 3 -4 125 125 203 78
I N -2 2 125 124 63 -62
N Space -1 2 124 109 187 63
Space F 2 0 109 140 234 125
F R 1 0 140 140 468 328
R E 0 1 140 63 15 -125
E I 0 -5 63 124 266 203
I E 0 5 124 140 156 32
E N -2 -3 140 125 187 47
N D 1 3 125 188 249 124
D S 0 1 188 156 125 -63
S Oem7 0 -9 156 62 671 515
Oem7 S 0 9 62 125 140 78
S Space -2 -2 125 125 172 47
Space Space 0 0 125 125 6583 6458
Space R 3 0 125 140 281 156
R O 0 -5 140 78 234 94
O O 0 0 78 93 172 94
O M -2 2 93 109 140 47
M S 1 5 109 125 125 16
S Oemcomma -1 -6 125 78 1607 1482
Oemcomma Space -1 4 78 78 202 124
Space LShiftKey 1 4 78 250 156 78
LShiftKey I 2 -8 250 78 172 -78
I Space -3 4 78 124 172 94
Space R 3 0 124 172 202 78
R E 0 1 172 172 94 -78
E T 0 -2 172 125 593 421
T U 0 -2 125 78 187 62
U R 0 3 78 171 203 125
R E 0 1 171 141 140 -31
E N -2 -3 141 110 265 124
N Back 3 -7 110 93 531 421
Back Back 0 0 93 110 249 156
Back N -3 7 110 125 390 280
N E 2 3 125 109 141 16
E D -1 0 109 109 203 94
D Space -2 -1 109 109 156 47
Space LShiftKey 1 4 109 343 1232 1123
LShiftKey C 0 -3 343 141 187 -156
C O 2 -6 141 110 187 46
O K -1 1 110 125 234 124
K E 1 5 125 124 110 -15
E Space -3 -1 124 94 218 94
Space B 1 -1 94 109 359 265
B O 2 -4 109 93 156 47
O T 0 4 93 109 218 125
T T 0 0 109 109 234 125
T L -1 -4 109 124 297 188
L E 1 6 124 218 265 141
E S -1 1 218 140 156 -62
S Space -2 -2 140 124 203 63
Space F 2 0 124 141 327 203
F O 1 -5 141 94 156 15
O R 0 5 94 125 109 15
R Space -3 0 125 110 156 31
Space T 3 -1 110 125 141 31
T H -1 -1 125 109 109 -16
H E 1 3 109 140 125 16
E Space -3 -1 140 78 171 31
Space D5 4 -1 78 109 968 890
D5 Space -4 1 109 93 187 78
Space C 1 1 93 156 218 125
C E 2 0 156 156 94 -62
E N -2 -3 156 109 156 0
N T 2 1 109 32 171 62
T S -1 3 32 141 749 717
S Space -2 -2 141 109 203 62
Space D 2 1 109 94 234 125
D E 1 0 94 109 203 109
E P 0 -7 109 280 671 562
P O 0 1 280 188 202 -78
O S -1 7 188 140 1030 842
S I 1 -6 140 78 156 16
I T 0 3 78 125 203 125
T S -1 3 125 140 2543 2418
S Space -2 -2 140 125 202 62
Space T 3 -1 125 110 156 31
T O 0 -4 110 94 125 15
O Space -3 5 94 109 172 78
Space B 1 -1 109 125 702 593
B U 2 -2 125 125 187 62
U T 0 2 125 140 250 125
T Space -3 1 140 94 296 156
Space Back 4 -9 94 93 874 780
Back Back 0 0 93 94 171 78
Back Y -1 7 94 125 125 31
Y Space -3 2 125 94 374 249
Space F 2 0 94 109 219 125
F O 1 -5 109 93 125 16
O O 0 0 93 94 202 109
O D -1 6 94 140 141 47
D Space -2 -1 140 94 187 47
Space W 3 2 94 140 1264 1170
W I 0 -6 140 141 124 -16
I T 0 3 141 125 156 15
T H -1 -1 125 125 141 16
H Oemcomma -1 -2 125 78 780 655
Oemcomma Space -1 4 78 109 187 109
Space A 2 3 109 141 140 31
A N -1 -5 141 124 110 -31
N D 1 3 124 94 140 16
D Space -2 -1 94 125 109 15
Space LShiftKey 1 4 125 515 265 140
LShiftKey I 2 -8 515 63 203 -312
I Space -3 4 63 125 624 561
Space W 3 2 125 141 187 62
W O 0 -7 141 141 125 -16
O U 0 2 141 109 78 -63
U L -1 -2 109 124 219 110
L D 0 6 124 124 156 32
D Space -2 -1 124 110 202 78
Space W 3 2 110 156 578 468
W A -1 1 156 140 109 -47
A L 0 -8 140 203 171 31
L K 0 1 203 125 125 -78
K Space -2 4 125 141 936 811
Space T 3 -1 141 110 1045 904
T H -1 -1 110 125 94 -16
H E 1 3 125 125 109 -16
E Space -3 -1 125 109 156 31
Space D7 4 -3 109 93 609 500
D7 Space -4 3 93 62 234 141
Space M 1 -3 62 203 140 78
M I 2 -1 203 140 203 0
I L -1 -1 140 94 93 -47
L E 1 6 94 234 141 47
E S -1 1 234 125 156 -78
S Space -2 -2 125 141 608 483
Space A 2 3 141 187 390 249
A C -1 -2 187 141 265 78
C R 2 -1 141 109 328 187
R O 0 -5 109 125 281 172
O S -1 7 125 110 249 124
S S 0 0 110 109 203 93
S Space -2 -2 109 110 265 156
Space T 3 -1 110 140 999 889
T O 0 -4 140 125 156 16
O W 0 7 125 156 109 -16
W N -2 -4 156 78 218 62
N Space -1 2 78 125 1857 1779
Space E 3 1 125 125 234 109
E V -2 -1 125 156 187 62
V E 2 1 156 202 141 -15
E R 0 -1 202 156 156 -46
R Y 0 -2 156 109 187 31
Y Space -3 2 109 125 296 187
Space LShiftKey 1 4 125 390 453 328
LShiftKey S 1 -2 390 172 218 -172
S U 1 -5 172 94 265 93
U N -2 1 94 78 156 62
N D 1 3 78 172 156 78
D A 0 2 172 125 109 -63
A Y 1 -5 125 109 562 437
Y Space -3 2 109 94 421 312
Space N 1 -2 94 172 203 109
N I 2 -2 172 109 172 0
I G -1 3 109 125 187 78
G H 0 -1 125 109 140 15
H T 1 1 109 172 265 156
T Space -3 1 172 140 1264 1092
Space T 3 -1 140 125 218 78
T O 0 -4 125 109 141 16
O Space -3 5 109 125 156 47
Space G 2 -1 125 156 140 15
G E 1 2 156 171 141 -15
E T 0 -2 171 140 140 -31
T Space -3 1 140 140 156 16
Space O 3 -5 140 125 203 63
O N -2 3 125 125 78 -47
N Space -1 2 125 93 203 78
Space E 3 1 93 124 78 -15
E Back 1 -10 124 78 826 702
Back Back 0 0 78 109 188 110
Back E -1 10 109 156 171 62
E Space -3 -1 156 109 203 47
Space G 2 -1 109 141 218 109
G O 1 -4 141 94 156 15
O O 0 0 94 125 406 312
O D -1 6 125 141 187 62
D Space -2 -1 141 94 187 46
Space M 1 -3 94 125 203 109
M E 2 4 125 234 63 -62
E A -1 2 234 171 187 -47
A L 0 -8 171 140 109 -62
L Space -2 5 140 140 234 94
Space A 2 3 140 249 328 188
A T 1 -4 249 171 390 141
T Back 1 -8 171 125 1076 905
Back Space -4 9 125 124 562 437
Space W 3 2 124 140 187 63
W E 0 -1 140 172 93 -47
E E 0 0 172 156 250 78
E K -1 -5 156 94 156 0
K Space -2 4 94 125 234 140
Space A 2 3 125 156 1108 983
A T 1 -4 156 156 187 31
T Space -3 1 156 125 218 62
Space T 3 -1 125 109 172 47
T H -1 -1 109 110 93 -16
H E 1 3 110 156 78 -32
E Space -3 -1 156 109 141 -15
Space LShiftKey 1 4 109 203 140 31
LShiftKey H 1 -6 203 93 94 -109
H A 0 5 93 109 218 125
A R 1 -3 109 156 234 125
R E 0 1 156 156 78 -78
E Space -3 -1 156 109 234 78
Space LShiftKey 1 4 109 234 94 -15
LShiftKey K 1 -8 234 93 125 -109
K I 1 0 93 78 171 78
I R 0 4 78 156 156 78
R I 0 -4 156 94 187 31
I S -1 6 94 187 266 172
S Back 2 -11 187 78 546 359
Back Back 0 0 78 78 171 93
Back Back 0 0 78 94 624 546
Back Back 0 0 94 94 187 93
Back R -1 9 94 125 234 140
R I 0 -4 125 94 515 390
I S -1 6 94 140 172 78
S H 0 -4 140 109 156 16
H N -1 0 109 109 296 187
N A 1 5 109 125 125 16
A Space -2 -3 125 140 1576 1451
Space T 3 -1 140 171 390 250
T E 0 2 171 171 78 -93
E M -2 -4 171 140 156 -15
M P 2 -3 140 312 140 0
P L -1 1 312 109 1295 983
L E 1 6 109 156 125 16
E OemPeriod -2 -6 156 78 234 78
OemPeriod Space -1 5 78 94 280 202
Space LShiftKey 1 4 94 296 141 47
LShiftKey I 2 -8 296 94 171 -125
I Space -3 4 94 109 219 125
Space L 2 -5 109 109 218 109
L O 1 0 109 141 156 47
O V -2 5 141 187 234 93
V E 2 1 187 141 109 -78
E D -1 0 141 141 234 93
D Space -2 -1 141 109 266 125
Space I 3 -4 109 109 187 78
I T 0 3 109 124 125 16
T OemPeriod -2 -4 124 47 187 63
OemPeriod Space -1 5 47 62 203 156
Space LShiftKey 1 4 62 452 1466 1404
LShiftKey A 1 -1 452 125 312 -140
A N -1 -5 125 124 172 47
N D 1 3 124 109 140 16
D Space -2 -1 109 62 172 63
Space M 1 -3 62 93 187 125
M U 2 0 93 109 234 141
U C -2 4 109 140 156 47
C H 1 -3 140 109 109 -31
H Space -2 2 109 109 203 94
Space O 3 -5 109 109 140 31
O F -1 5 109 124 141 32
F Space -2 0 124 125 109 -15
Space T 3 -1 125 78 187 62
T Back 1 -8 78 109 421 343
Back W -1 11 109 140 141 32
W H -1 -4 140 124 156 16
H A 0 5 124 187 140 16
A T 1 -4 187 125 140 -47
T Space -3 1 125 109 1139 1014
Space LShiftKey 1 4 109 297 187 78
LShiftKey I 2 -8 297 109 141 -156
I Space -3 4 109 109 234 125
Space S 2 2 109 125 2121 2012
S T 1 -3 125 141 312 187
T U 0 -2 141 78 234 93
U M -2 0 78 156 266 188
M B 0 2 156 124 858 702
B L 1 -4 124 109 187 63
L E 1 6 109 109 140 31
E D -1 0 109 125 203 94
D Space -2 -1 125 109 1123 998
Space I 3 -4 109 94 281 172
I U 0 1 94 62 16 -78
U N -2 1 62 109 93 31
N Back 3 -7 109 78 718 609
Back Back 0 0 78 78 203 125
Back N -3 7 78 124 390 312
N T 2 1 124 109 312 188
T O 0 -4 109 110 124 15
O Space -3 5 110 93 219 109
Space B 1 -1 93 140 1435 1342
B T 2 0 140 93 281 141
T Y 0 -1 93 78 15 -78
Y Back 1 -7 78 125 1077 999
Back Back 0 0 125 63 218 93
Back Y -1 7 63 125 749 686
Y Space -3 2 125 109 203 78
Space F 2 0 109 125 265 156
F O 1 -5 125 62 125 0
O L -1 0 62 78 171 109
L L 0 0 78 62 172 94
L O 1 0 62 78 172 110
O W 0 7 78 140 109 31
W I 0 -6 140 140 156 16
I N -2 2 140 141 62 -78
N G 1 1 141 125 172 31
G Space -2 1 125 125 920 795
Space M 1 -3 125 78 297 172
M Y 2 1 78 78 577 499
Y Space -3 2 78 78 312 234
Space C 1 1 78 140 234 156
C U 2 -4 140 78 156 16
U R 0 3 78 124 203 125
R I 0 -4 124 172 358 234
I O 0 -1 172 109 141 -31
O S -1 7 109 140 234 125
S I 1 -6 140 47 390 250
I T 0 3 47 125 327 280
T Y 0 -1 125 124 188 63
Y Space -3 2 124 109 811 687
Space A 2 3 109 156 140 31
A N -1 -5 156 125 125 -31
N D 1 3 125 140 125 0
D Space -2 -1 140 94 140 0
Space I 3 -4 94 156 156 62
I N -2 2 156 156 78 -78
N T 2 1 156 109 484 328
T U 0 -2 109 62 187 78
U I 0 -1 62 47 0 -62
I T 0 3 47 124 1810 1763
T I 0 -3 124 266 124 0
I O 0 -1 266 156 141 -125
O N -2 3 156 140 203 47
N Space -1 2 140 125 171 31
Space T 3 -1 125 156 2278 2153
T U 0 -2 156 47 390 234
U E 0 4 47 125 1653 1606
E N -2 -3 125 125 156 31
N E 2 3 125 109 188 63
E Back 1 -10 109 93 390 281
Back Back 0 0 93 78 187 94
Back Back 0 0 78 78 156 78
Back R -1 9 78 93 234 156
R N -2 -2 93 109 296 203
N E 2 3 109 124 141 32
E D -1 0 124 125 218 94
D Space -2 -1 125 109 203 78
Space O 3 -5 109 171 281 172
O U 0 2 171 94 140 -31
U T 0 2 94 125 125 31
T Space -3 1 125 78 218 93
Space T 3 -1 78 109 671 593
T O 0 -4 109 125 109 0
O Space -3 5 125 110 187 62
Space B 1 -1 110 109 219 109
B E 2 2 109 140 78 -31
E Space -3 -1 140 110 171 31
Space P 3 -6 110 140 250 140
P R 0 6 140 141 187 47
R I 0 -4 141 109 156 15
I C -2 5 109 187 203 94
C E 2 0 187 125 109 -78
E L -1 -6 125 125 156 31
L E 1 6 125 172 125 0
E S -1 1 172 125 140 -32
S S 0 0 125 140 188 63
S Space -2 -2 140 156 202 62
Space L 2 -5 156 110 390 234
L A 0 8 110 141 125 15
A T 1 -4 141 141 187 46
T E 0 2 141 188 156 15
E R 0 -1 188 141 125 -63
R Space -3 0 141 94 156 15
Space O 3 -5 94 141 156 62
O N -2 3 141 109 94 -47
N OemPeriod 0 -3 109 47 249 140
OemPeriod Space -1 5 47 31 203 156
Space LShiftKey 1 4 31 561 874 843
LShiftKey L 1 -9 561 109 452 -109
L E 1 6 109 156 141 32
E T 0 -2 156 156 202 46
T Space -3 1 156 94 172 16
Space M 1 -3 94 94 234 140
M E 2 4 94 93 47 -47
E Space -3 -1 93 109 281 188
Space G 2 -1 109 125 202 93
G I 1 -3 125 94 156 31
I V -2 4 94 218 141 47
V E 2 1 218 156 109 -109
E Space -3 -1 156 140 250 94
Space Y 3 -2 140 140 296 156
Y O 0 -3 140 171 203 63
O U 0 2 171 125 93 -78
U Space -3 3 125 125 250 125
Space O 3 -5 125 140 312 187
O N -2 3 140 124 94 -46
N E 2 3 124 125 140 16
E Space -3 -1 125 109 172 47
Space E 3 1 109 125 358 249
E X -2 1 125 172 281 156
X A 1 1 172 124 531 359
A Oemcomma -1 -7 124 156 514 390
Oemcomma P 2 -2 156 94 312 156
P Back 1 -3 94 78 344 250
Back Back 0 0 78 78 171 93
Back M -3 6 78 125 359 281
M P 2 -3 125 63 733 608
P L -1 1 63 78 718 655
L E 1 6 78 109 109 31
E RShiftKey -2 -8 109 328 1747 1638
RShiftKey Oem1 1 1 328 140 172 -156
Oem1 Return 0 -2 140 109 374 234
Return Return 0 0 109 93 250 141
Return LShiftKey -1 12 93 374 312 219
LShiftKey R 2 -4 374 94 265 -109
R E 0 1 94 125 530 436
E E 0 0 125 94 203 78
E D -1 0 94 125 187 93
D Space -2 -1 125 109 188 63
Space LShiftKey 1 4 109 344 514 405
LShiftKey C 0 -3 344 109 219 -125
C P 2 -7 109 125 499 390
P Oem1 -1 0 125 78 281 156
Oem1 Oem1 0 0 78 93 156 78
Oem1 E 1 7 93 140 78 -15
E G -1 -2 140 141 218 78
G E 1 2 141 109 94 -47
E Back 1 -10 109 125 265 156
Back Back 0 0 125 109 187 62
Back Back 0 0 109 63 187 78
Back Back 0 0 63 63 156 93
Back Back 0 0 63 47 156 93
Back Back 0 0 47 93 141 94
Back O -1 4 93 78 702 609
O L -1 0 78 47 234 156
L L 0 0 47 94 140 93
L E 1 6 94 110 655 561
E G -1 -2 110 125 234 124
G E 1 2 125 125 63 -62
E Space -3 -1 125 124 1139 1014
Space A 2 3 124 156 171 47
A T 1 -4 156 125 156 0
T Space -3 1 125 125 172 47
Space T 3 -1 125 156 187 62
T H -1 -1 156 109 187 31
H A 0 5 109 187 219 110
A T 1 -4 187 156 124 -63
T Space -3 1 156 125 203 47
Space T 3 -1 125 141 312 187
T I 0 -3 141 94 109 -32
I M -2 1 94 124 188 94
M E 2 4 124 140 109 -15
E Space -3 -1 140 109 218 78
Space F 2 0 109 31 999 890
F O 1 -5 31 47 15 -16
O O 0 0 47 31 125 78
O Back 1 -4 31 94 577 546
Back Back 0 0 94 78 172 78
Back Back 0 0 78 63 171 93
Back O -1 4 63 109 250 187
O F -1 5 109 78 172 63
F F 0 0 78 94 171 93
F E 1 1 94 156 125 31
E R 0 -1 156 172 187 31
R E 0 1 172 140 94 -78
E D -1 0 140 125 218 78
D Space -2 -1 125 125 234 109
Space P 3 -6 125 125 1170 1045
P E 0 7 125 219 187 62
E R 0 -1 219 140 141 -78
R H -1 -2 140 141 639 499
H A 0 5 141 156 172 31
A P 1 -9 156 140 172 16
P S -1 8 140 156 171 31
S Space -2 -2 156 93 172 16
Space T 3 -1 93 125 140 47
T H -1 -1 125 125 94 -31
H E 1 3 125 124 125 0
E Space -3 -1 124 94 140 16
Space B 1 -1 94 140 172 78
B E 2 2 140 156 109 -31
E S -1 1 156 203 93 -63
S T 1 -3 203 125 156 -47
T Space -3 1 125 110 156 31
Space C 1 1 110 156 406 296
C A 1 2 156 156 78 -78
A L 0 -8 156 109 359 203
L L 0 0 109 109 234 125
L I 1 1 109 93 234 125
I G -1 3 93 124 359 266
G R 1 1 124 172 327 203
R A -1 3 172 156 156 -16
A P 1 -9 156 78 390 234
P G -1 5 78 156 390 312
G Back 2 -8 156 171 1108 952
Back H -2 7 171 109 2090 1919
H Y 1 0 109 156 499 390
Y Space -3 2 156 125 484 328
Space I 3 -4 125 171 1685 1560
I N -2 2 171 156 93 -78
N T 2 1 156 188 390 234
T R 0 1 188 94 125 -63
R Back 1 -9 94 94 359 265
Back Back 0 0 94 47 187 93
Back S -2 11 47 141 967 920
S T 1 -3 141 203 281 140
T R 0 1 203 140 172 -31
R I 0 -4 140 94 218 78
I U 0 1 94 31 47 -47
U Back 1 -6 31 141 608 577
Back Back 0 0 141 125 406 265
Back U -1 6 125 93 640 515
U C -2 4 93 125 140 47
C T 2 -2 125 109 250 125
T I 0 -3 109 156 78 -31
I O 0 -1 156 140 78 -78
O N -2 3 140 93 265 125
N Space -1 2 93 109 593 500
Space I 3 -4 109 156 140 31
I N -2 2 156 187 78 -78
N Space -1 2 187 141 156 -31
Space T 3 -1 141 109 203 62
T H -1 -1 109 94 78 -31
H E 1 3 94 78 156 62
E Space -3 -1 78 110 62 -16
Space C 1 1 110 172 328 218
C O 2 -6 172 156 125 -47
O U 0 2 156 109 78 -78
U N -2 1 109 125 218 109
N T 2 1 125 140 172 47
T R 0 1 140 141 62 -78
R Y 0 -2 141 78 187 46
Y U 0 -1 78 62 32 -46
U Back 1 -6 62 125 1060 998
Back OemPeriod -3 4 125 78 749 624
OemPeriod Space -1 5 78 109 203 125
Space LShiftKey 1 4 109 499 265 156
LShiftKey T 2 -5 499 78 390 -109
T H -1 -1 78 125 187 109
H R 1 2 125 109 609 484
R O 0 -5 109 172 93 -16
O U 0 2 172 140 94 -78
U G -1 2 140 109 250 110
G H 0 -1 109 93 109 0
H T 1 1 93 78 156 63
T O 0 -4 78 171 203 125
O U 0 2 171 109 93 -78
U T 0 2 109 109 843 734
T Left -3 -6 109 62 2168 2059
Left Left 0 0 62 62 172 110
Left Left 0 0 62 78 156 94
Left Back 4 -2 78 94 514 436
Back Right -4 0 94 78 656 562
Right Right 0 0 78 62 187 109
Right Right 0 0 62 110 171 109
Right Space 0 9 110 125 468 358
Space T 3 -1 125 156 2325 2200
T H -1 -1 156 125 93 -63
H E 1 3 125 140 141 16
E Space -3 -1 140 140 125 -15
Space C 1 1 140 187 156 16
C A 1 2 187 140 140 -47
A M -1 -6 140 125 156 16
M P 2 -3 125 141 218 93
P U 0 3 141 172 156 15
U S -1 5 172 141 203 31
S Space -2 -2 141 125 156 15
Space E 3 1 125 125 203 78
E V -2 -1 125 124 172 47
V E 2 1 124 187 140 16
E R 0 -1 187 156 140 -47
R Y 0 -2 156 125 156 0
Y Space -3 2 125 125 219 94
Space P 3 -6 125 234 171 46
P S -1 8 234 219 390 156
S T 1 -3 219 140 328 109
T Back 1 -8 140 110 686 546
Back Back 0 0 110 62 188 78
Back O -1 4 62 94 374 312
O S -1 7 94 187 125 31
S T 1 -3 187 140 234 47
T E 0 2 140 234 140 0
E R 0 -1 234 156 156 -78
R Oemcomma -2 -4 156 93 2247 2091
Oemcomma Space -1 4 93 140 234 141
Space E 3 1 140 156 202 62
E V -2 -1 156 156 172 16
V E 2 1 156 203 125 -31
E R 0 -1 203 156 156 -47
R Y 0 -2 156 94 140 -16
Y Space -3 2 94 125 499 405
Space L 2 -5 125 125 453 328
L A 0 8 125 172 109 -16
A B -1 -4 172 110 374 202
B E 2 2 110 156 250 140
E L -1 -6 156 125 187 31
L Space -2 5 125 125 203 78
Space O 3 -5 125 141 218 93
O N -2 3 141 156 63 -78
N Space -1 2 156 125 234 78
Space E 3 1 125 140 234 109
E V -2 -1 140 140 234 94
V E 2 1 140 218 125 -15
E R 0 -1 218 171 156 -62
R Y 0 -2 171 109 156 -15
Y Space -3 2 109 110 202 93
Space D 2 1 110 125 172 62
D E 1 0 125 187 328 203
E A -1 2 187 187 343 156
A W 1 -1 187 187 452 265
W E 0 -1 187 203 156 -31
E R 0 -1 203 156 219 16
R M -2 -3 156 31 655 499
M Back 3 -6 31 93 983 952
Back Oemcomma -3 5 93 156 358 265
Oemcomma Space -1 4 156 156 281 125
Space Right 0 -9 156 94 4867 4711
Right Space 0 9 94 109 1779 1685
Space W 3 2 109 140 234 125
W A -1 1 140 202 125 -15
A S 0 -1 202 141 124 -78
S Space -2 -2 141 124 188 47
Space B 1 -1 124 125 249 125
B E 2 2 125 234 109 -16
E A -1 2 234 109 297 63
A U 1 -6 109 93 2543 2434
U T 0 2 93 109 234 141
T I 0 -3 109 93 156 47
I F -1 4 93 93 265 172
F U 1 -3 93 94 140 47
U L -1 -2 94 78 219 125
L L 0 0 78 109 156 78
L Y 1 3 109 140 156 47
Y Space -3 2 140 125 202 62
Space H 2 -2 125 141 936 811
H A 0 5 141 156 125 -16
A N -1 -5 156 110 187 31
N D 1 3 110 140 141 31
D Space -2 -1 140 125 140 0
Space C 1 1 125 156 203 78
C A 1 2 156 140 125 -31
A L 0 -8 140 94 187 47
L L 0 0 94 78 172 78
L I 1 1 78 109 156 78
I G -1 3 109 110 202 93
G R 1 1 110 141 203 93
R A -1 3 141 171 141 0
A P 1 -9 171 125 218 47
P H -1 4 125 93 2434 2309
H E 1 3 93 109 156 63
E D -1 0 109 109 234 125
D Space -2 -1 109 125 358 249
Space Back 4 -9 125 93 10172 10047
Back Back 0 0 93 94 592 499
Back Back 0 0 94 110 702 608
Back OemPeriod -3 4 110 62 1030 920
OemPeriod Space -1 5 62 63 187 125
Space LShiftKey 1 4 63 359 1638 1575
LShiftKey B 0 -5 359 93 250 -109
B E 2 2 93 140 187 94
E A -1 2 140 93 203 63
A C -1 -2 93 141 218 125
C U 2 -4 141 109 141 0
U S -1 5 109 156 140 31
S E 1 -1 156 156 94 -62
E Space -3 -1 156 125 265 109
Space LShiftKey 1 4 125 265 265 140
LShiftKey I 2 -8 265 62 156 -109
I Space -3 4 62 125 140 78
Space H 2 -2 125 109 172 47
H A 0 5 109 187 94 -15
A D 0 -2 187 141 171 -16
D Space -2 -1 141 125 172 31
Space D 2 1 125 125 343 218
D O 1 -6 125 78 312 187
O P 0 -1 78 125 218 140
P E 0 7 125 94 203 78
E E 0 0 94 125 172 78
E D -1 0 125 140 265 140
D Space -2 -1 140 125 281 141
Space O 3 -5 125 172 218 93
O U 0 2 172 125 94 -78
U T 0 2 125 172 249 124
T Space -3 1 172 109 266 94
Space A 2 3 109 156 93 -16
A N -1 -5 156 94 187 31
N D 1 3 94 109 110 16
D Space -2 -1 109 109 187 78
Space D 2 1 109 109 421 312
D I 1 -5 109 109 125 16
I D -1 5 109 109 187 78
D N -1 -3 109 78 858 749
N Oem7 1 -5 78 93 905 827
Oem7 T 1 6 93 109 468 375
T Space -3 1 109 125 187 78
Space A 2 3 125 124 328 203
A D 0 -2 124 109 14149 14025
D R 1 -1 109 125 218 109
R O 0 -5 125 78 203 78
O P 0 -1 78 62 234 156
P P 0 0 62 125 140 78
P E 0 7 125 109 94 -31
E D -1 0 109 156 218 109
D Back 2 -10 156 78 2372 2216
Back H -2 7 78 109 10171 10093
H A 0 5 109 187 109 0
A V -1 -3 187 156 172 -15
V E 2 1 156 140 109 -47
E Space -3 -1 140 109 187 47
Space T 3 -1 109 109 109 0
T O 0 -4 109 109 141 32
O Space -3 5 109 141 171 62
Space T 3 -1 141 156 156 15
T A -1 4 156 140 94 -62
A K 0 -7 140 125 156 16
K Space -2 4 125 93 312 187
Space Back 4 -9 93 125 951 858
Back E -1 10 125 124 188 63
E Space -3 -1 124 125 218 94
Space T 3 -1 125 93 983 858
T H -1 -1 93 109 78 -15
H E 1 3 109 124 125 16
E Space -3 -1 124 94 124 0
Space N 1 -2 94 140 188 94
N O 2 -3 140 125 109 -31
O R 0 5 125 125 171 46
R M -2 -3 125 141 125 0
M A 1 6 141 141 156 15
A L 0 -8 141 124 141 0
L Space -2 5 124 125 171 47
Space C 1 1 125 172 156 31
C A 1 2 172 141 187 15
A Back 2 -12 141 125 546 405
Back L -2 4 125 124 344 219
L A 0 8 124 172 140 16
A S 0 -1 172 141 140 -32
S S 0 0 141 141 234 93
S E 1 -1 141 187 141 0
E S -1 1 187 141 171 -16
S Oemcomma -1 -6 141 94 671 530
Oemcomma Space -1 4 94 94 187 93
Space LShiftKey 1 4 94 187 141 47
LShiftKey I 2 -8 187 93 125 -62
I Space -3 4 93 109 187 94
Space D 2 1 109 125 1497 1388
D E 1 0 125 109 203 78
E C -2 0 109 141 187 78
C I 2 -5 141 109 203 62
I D -1 5 109 140 281 172
D E 1 0 140 109 172 32
E D -1 0 109 110 202 93
D Space -2 -1 110 125 156 46
Space T 3 -1 125 140 141 16
T O 0 -4 140 94 140 0
O Space -3 5 94 141 156 62
Space T 3 -1 141 140 203 62
T A -1 4 140 140 94 -46
A K 0 -7 140 110 124 -16
K E 1 5 110 109 141 31
E Space -3 -1 109 109 140 31
Space A 2 3 109 140 125 16
A Space -2 -3 140 124 172 32
Space C 1 1 124 172 124 0
C A 1 2 172 156 157 -15
A L 0 -8 156 94 202 46
L L 0 0 94 93 188 94
L I 1 1 93 31 265 172
I G -1 3 31 140 780 749
G R 1 1 140 156 187 47
R A -1 3 156 156 140 -16
A P 1 -9 156 125 234 78
P H -1 4 125 109 905 780
H Y 1 0 109 110 2527 2418
Y Space -3 2 110 140 172 62
Space C 1 1 140 140 234 94
C A 1 2 140 156 94 -46
A L 0 -8 156 94 171 15
L S 0 7 94 109 156 62
S S 0 0 109 109 203 94
S Space -2 -2 109 94 156 47
Space Back 4 -9 94 94 624 530
Back Back 0 0 94 62 203 109
Back Back 0 0 62 78 140 78
Back Back 0 0 78 62 172 94
Back Back 0 0 62 46 359 297
Back L -2 4 46 78 452 406
L A 0 8 78 203 109 31
A S 0 -1 203 125 156 -47
S S 0 0 125 125 234 109
S Space -2 -2 125 140 328 203
Space T 3 -1 140 125 390 250
T O 0 -4 125 124 125 0
O Space -3 5 124 109 156 32
Space L 2 -5 109 109 171 62
L E 1 6 109 187 78 -31
E A -1 2 187 219 156 -31
A R 1 -3 219 156 234 15
R N -2 -2 156 125 203 47
N Space -1 2 125 78 203 78
Space H 2 -2 78 63 218 140
H O 1 -3 63 156 125 62
O W 0 7 156 156 172 16
W Space -3 -2 156 124 156 0
Space T 3 -1 124 125 202 78
T O 0 -4 125 109 125 0
O Space -3 5 109 141 187 78
Space D 2 1 141 109 593 452
D O 1 -6 109 94 125 16
O Space -3 5 94 124 172 78
Space T 3 -1 124 141 202 78
T H -1 -1 141 141 78 -63
H I 1 -2 141 125 141 0
I S -1 6 125 141 140 15
S OemPeriod -1 -7 141 93 141 0
OemPeriod Space -1 5 93 110 280 187
Space LShiftKey 1 4 110 265 141 31
LShiftKey I 2 -8 265 93 156 -109
I Space -3 4 93 125 156 63
Space L 2 -5 125 125 171 46
L E 1 6 125 187 110 -15
E A -1 2 187 219 171 -16
A R 1 -3 219 141 265 46
R N -2 -2 141 125 281 140
N E 2 3 125 94 187 62
E D -1 0 94 125 203 109
D Space -2 -1 125 125 203 78
Space A 2 3 125 141 140 15
A V -1 -3 141 109 297 156
V B 0 -1 109 93 0 -109
B Back 3 -8 93 140 780 687
Back B -3 8 140 125 249 109
B O 2 -4 125 172 203 78
O U 0 2 172 141 109 -63
U T 0 2 141 109 203 62
T Space -3 1 109 109 141 32
Space Space 0 0 109 125 8564 8455
Space S 2 2 125 203 234 109
S E 1 -1 203 187 109 -94
E R 0 -1 187 156 1420 1233
R I 0 -4 156 109 920 764
I F -1 4 109 141 390 281
F Space -2 0 141 124 765 624
Space A 2 3 124 140 140 16
A N -1 -5 140 125 156 16
N D 1 3 125 140 156 31
D Space -2 -1 140 125 281 141
Space S 2 2 125 219 374 249
S A 0 1 219 156 141 -78
A N -1 -5 156 124 234 78
N S 1 4 124 125 187 63
S Space -2 -2 125 125 468 343
Space S 2 2 125 187 218 93
S E 1 -1 187 172 156 -31
E R 0 -1 172 109 624 452
R I 0 -4 109 109 156 47
I F -1 4 109 141 234 125
F Space -2 0 141 124 219 78
Space T 3 -1 124 109 577 453
T Y 0 -1 109 93 156 47
Y P 0 -4 93 124 203 110
P E 0 7 124 140 218 94
E F -1 -1 140 172 452 312
F A 0 3 172 156 141 -31
A C -1 -2 156 297 296 140
C E 2 0 297 218 172 -125
E S -1 1 218 141 171 -47
S Oemcomma -1 -6 141 94 562 421
Oemcomma Space -1 4 94 94 187 93
Space A 2 3 94 141 156 62
A B -1 -4 141 124 219 78
B O 2 -4 124 125 171 47
O U 0 2 125 156 47 -78
U T 0 2 156 110 218 62
T Space -3 1 110 125 125 15
Space V 1 0 125 172 3323 3198
V A 1 3 172 140 125 -47
A R 1 -3 140 125 218 78
R Y 0 -2 125 78 484 359
Y I 0 -2 78 171 234 156
I N -2 2 171 140 109 -62
N G 1 1 140 125 281 141
G Space -2 1 125 156 951 826
Space T 3 -1 156 125 297 141
T H -1 -1 125 110 93 -32
H E 1 3 110 140 110 0
E Space -3 -1 140 109 156 16
Space C 1 1 109 78 202 93
C Back 3 -10 78 125 484 406
Back A -2 12 125 171 172 47
A M -1 -6 171 141 171 0
M O 2 -2 141 172 156 15
O U 0 2 172 93 141 -31
U N -2 1 93 110 202 109
N T 2 1 110 109 125 15
T Space -3 1 109 78 203 94
Space O 3 -5 78 124 94 16
O F -1 5 124 125 171 47
F Space -2 0 125 140 125 0
Space S 2 2 140 140 234 94
S P 1 -8 140 140 156 16
P A -1 9 140 156 140 0
A C -1 -2 156 234 266 110
C E 2 0 234 140 234 0
E Space -3 -1 140 156 561 421
Space B 1 -1 156 124 297 141
B E 2 2 124 140 156 32
E T 0 -2 140 109 499 359
T W 0 3 109 140 265 156
W E 0 -1 140 94 156 16
E E 0 0 94 94 187 93
E N -2 -3 94 124 141 47
N Space -1 2 124 125 202 78
Space D 2 1 125 125 234 109
D I 1 -5 125 125 156 31
I F -1 4 125 109 203 78
F F 0 0 109 109 203 94
F E 1 1 109 140 172 63
E R 0 -1 140 156 218 78
R E 0 1 156 202 94 -62
E N -2 -3 202 141 249 47
N T 2 1 141 141 187 46
T Space -3 1 141 109 172 31
Space L 2 -5 109 202 172 63
L I 1 1 202 78 156 -46
I Back 1 -5 78 109 452 374
Back E -1 10 109 140 125 16
E T 0 -2 140 93 671 531
T T 0 0 93 94 202 109
T E 0 2 94 203 141 47
E R 0 -1 203 156 171 -32
R S -1 2 156 171 266 110
S Back 2 -11 171 110 748 577
Back Space -4 9 110 109 266 156
Space C 1 1 109 141 202 93
C O 2 -6 141 187 141 0
O M -2 2 187 156 125 -62
M B 0 2 156 156 436 280
B I 2 -3 156 62 250 94
I N -2 2 62 156 203 141
N A 1 5 156 172 171 15
A T 1 -4 172 140 328 156
T I 0 -3 140 172 140 0
I O 0 -1 172 156 110 -62
O N -2 3 156 141 202 46
N S 1 4 141 124 188 47
S Oemcomma -1 -6 124 171 234 110
Oemcomma Space -1 4 171 124 1404 1233
Space A 2 3 124 156 1372 1248
A B -1 -4 156 171 266 110
B O 2 -4 171 140 218 47
O U 0 2 140 109 125 -15
U T 0 2 109 109 203 94
T Space -3 1 109 110 202 93
Space W 3 2 110 124 188 78
W H -1 -4 124 93 109 -15
H A 0 5 93 172 140 47
A T 1 -4 172 124 141 -31
T Space -3 1 124 109 156 32
Space M 1 -3 109 140 156 47
M A 1 6 140 141 93 -47
A K 0 -7 141 125 156 15
K E 1 5 125 234 141 16
E S -1 1 234 156 93 -141
S Space -2 -2 156 109 203 47
Space G 2 -1 109 125 234 125
G R 1 1 125 171 359 234
R E 0 1 171 171 125 -46
E A -1 2 171 140 234 63
A T 1 -4 140 140 218 78
T Space -3 1 140 110 218 78
Space T 3 -1 110 110 468 358
T Y 0 -1 110 93 219 109
Y P 0 -4 93 63 249 156
P O 0 1 63 94 250 187
O G -1 4 94 94 421 327
G R 1 1 94 125 172 78
R A -1 3 125 172 171 46
A P 1 -9 172 109 250 78
P G -1 5 109 109 265 156
G Back 2 -8 109 125 952 843
Back H -2 7 125 109 265 140
H Y 1 0 109 94 312 203
Y Space -3 2 94 109 421 327
Space G 2 -1 109 124 2637 2528
G R 1 1 124 125 343 219
R E 0 1 125 202 47 -78
E A -1 2 202 218 218 16
A T 1 -4 218 125 218 0
T OemPeriod -2 -4 125 94 250 125
OemPeriod Space -1 5 94 78 234 140
Space LShiftKey 1 4 78 234 140 62
LShiftKey I 2 -8 234 93 141 -93
I Back 1 -5 93 47 1201 1108
Back LShiftKey -3 13 47 266 686 639
LShiftKey I 2 -8 266 78 188 -78
I T 0 3 78 109 187 109
T Space -3 1 109 78 140 31
Space W 3 2 78 125 156 78
W A -1 1 125 172 125 0
A S 0 -1 172 141 109 -63
S Space -2 -2 141 125 203 62
Space B 1 -1 125 94 296 171
B E 2 2 94 203 125 31
E A -1 2 203 171 172 -31
A U 1 -6 171 109 234 63
U T 0 2 109 109 218 109
T I 0 -3 109 93 172 63
I F -1 4 93 141 218 125
F U 1 -3 141 78 219 78
U L -1 -2 78 94 202 124
L Oemcomma -1 1 94 78 1061 967
Oemcomma Space -1 4 78 109 156 78
Space H 2 -2 109 156 2465 2356
H I 1 -2 156 125 109 -47
I S -1 6 125 125 125 0
S T 1 -3 125 110 218 93
T O 0 -4 110 16 203 93
O R 0 5 16 110 1669 1653
R I 0 -4 110 93 188 78
I C -2 5 93 172 280 187
C A 1 2 172 156 156 -16
A L 0 -8 156 93 188 32
L Oemcomma -1 1 93 125 1357 1264
Oemcomma Space -1 4 125 110 327 202
Space A 2 3 110 187 1436 1326
A R 1 -3 187 124 858 671
R T 0 -1 124 125 202 78
T I 0 -3 125 94 156 31
I S -1 6 94 141 203 109
S T 1 -3 141 124 1545 1404
T I 0 -3 124 109 140 16
I C -2 5 109 171 328 219
C A 1 2 171 125 124 -47
A L 0 -8 125 47 156 31
L L 0 0 47 109 110 63
L Y 1 3 109 109 171 62
Y Space -3 2 109 125 780 671
Space S 2 2 125 125 187 62
S U 1 -5 125 93 266 141
U B -2 2 93 141 202 109
B T 2 0 141 124 422 281
T E 0 2 124 124 78 -46
E L -1 -6 124 109 156 32
L Space -2 5 109 109 296 187
Space I 3 -4 109 124 328 219
I N -2 2 124 140 78 -46
N Space -1 2 140 109 187 47
Space A 2 3 109 124 125 16
A Space -2 -3 124 94 202 78
Space W 3 2 94 187 281 187
W A -1 1 187 156 141 -46
A Y 1 -5 156 109 265 109
Y Space -3 2 109 109 234 125
Space T 3 -1 109 141 296 187
T H -1 -1 141 109 141 0
H A 0 5 109 156 124 15
A T 1 -4 156 125 94 -62
T Space -3 1 125 125 156 31
Space S 2 2 125 124 172 47
S C -1 -1 124 140 265 141
C I 2 -5 140 125 156 16
I E 0 5 125 125 156 31
E N -2 -3 125 125 140 15
N C 0 3 125 218 172 47
C E 2 0 218 140 125 -93
E Space -3 -1 140 109 156 16
Space C 1 1 109 188 202 93
C A 1 2 188 156 125 -63
A N -1 -5 156 109 156 0
N Oem7 1 -5 109 94 780 671
Oem7 T 1 6 94 125 234 140
T Space -3 1 125 109 172 47
Space C 1 1 109 187 203 94
C A 1 2 187 156 140 -47
A P 1 -9 156 94 156 0
P T 0 5 94 110 218 124
T U 0 -2 110 78 156 46
U R 0 3 78 141 125 47
R E 0 1 141 109 94 -47
E Space -3 -1 109 125 546 437
Space Back 4 -9 125 78 608 483
Back Oemcomma -3 5 78 93 328 250
Oemcomma Space -1 4 93 63 171 78
Space A 2 3 63 140 94 31
A N -1 -5 140 125 468 328
N D 1 3 125 109 203 78
D Space -2 -1 109 109 1248 1139
Space LShiftKey 1 4 109 250 249 140
LShiftKey I 2 -8 250 78 141 -109
I Space -3 4 78 141 218 140
Space F 2 0 141 125 1342 1201
F O 1 -5 125 187 78 -47
O U 0 2 187 171 78 -109
U N -2 1 171 124 281 110
N D 1 3 124 125 202 78
D Space -2 -1 125 109 359 234
Space I 3 -4 109 109 203 94
I T 0 3 109 125 109 0
T Space -3 1 125 94 187 62
Space F 2 0 94 156 141 47
F A 0 3 156 156 109 -47
A S 0 -1 156 141 452 296
S C -1 -1 141 140 422 281
C I 2 -5 140 62 187 47
I N -2 2 62 140 156 94
N A 1 5 140 156 156 16
A T 1 -4 156 156 203 47
T I 0 -3 156 187 234 78
I O 0 -1 187 141 124 -63
O N -2 3 141 109 188 47
N G 1 1 109 93 156 47
G Back 2 -8 93 94 904 811
Back Back 0 0 94 78 172 78
Back Back 0 0 78 93 172 94
Back N -3 7 93 93 577 484
N G 1 1 93 110 171 78
G OemPeriod -1 -4 110 93 313 203
OemPeriod S 1 7 93 203 18922 18829
S S 0 0 203 218 796 593
S S 0 0 218 156 406 188
S S 0 0 156 110 280 124
S S 0 0 110 78 219 109
S S 0 0 78 78 171 93
S S 0 0 78 62 172 94
S S 0 0 62 94 140 78
