LShiftKey I 2 -8 359 156 266 -93
I Space -3 4 156 125 109 -47
Space A 2 3 125 187 234 109
A M -1 -6 187 141 62 -125
M Space -1 3 141 63 109 -32
Space H 2 -2 63 124 1904 1841
H O 1 -3 124 156 202 78
O N -2 3 156 109 203 47
N O 2 -3 109 109 172 63
O R 0 5 109 156 187 78
R E 0 1 156 109 125 -31
E D -1 0 109 140 234 125
D T 1 -2 140 156 998 858
T O 0 -4 156 141 156 0
O Space -3 5 141 125 94 -47
Space B 1 -1 125 140 187 62
B E 2 2 140 156 62 -78
E Space -3 -1 156 109 141 -15
Space W 3 2 109 140 1435 1326
W I 0 -6 140 124 250 110
I T 0 3 124 156 140 16
T H -1 -1 156 125 109 -47
H Space -2 2 125 109 78 -47
Space Y 3 -2 109 47 203 94
Y O 0 -3 47 110 140 93
O U 0 2 110 187 94 -16
U Space -3 3 187 125 125 -62
Space T 3 -1 125 109 234 109
T O 0 -4 109 140 125 16
O D -1 6 140 172 280 140
D A 0 2 172 187 94 -78
A Y 1 -5 187 109 156 -31
Y Space -3 2 109 125 218 109
Space Space 0 0 125 140 3136 3011
Space A 2 3 140 125 2839 2699
A T 1 -4 125 141 281 156
T Space -3 1 141 125 125 -16
Space Y 3 -2 125 94 374 249
Y O 0 -3 94 156 172 78
O U 0 2 156 140 125 -31
U R 0 3 140 140 156 16
R Space -3 0 140 109 125 -15
Space C 1 1 109 125 2215 2106
C O 2 -6 125 125 249 124
O M -2 2 125 78 219 94
M M 0 0 78 124 125 47
M E 2 4 124 156 249 125
E N -2 -3 156 93 172 16
N C 0 3 93 188 1029 936
C E 2 0 188 125 156 -32
E M -2 -4 125 110 156 31
M E 2 4 110 140 94 -16
E N -2 -3 140 109 125 -15
N T 2 1 109 140 78 -31
T Space -3 1 140 140 265 125
Space F 2 0 140 202 796 656
F R 1 0 202 156 124 -78
R O 0 -5 156 156 125 -31
O M -2 2 156 156 141 -15
M Space -1 3 156 109 109 -47
Space O 3 -5 109 141 140 31
O N -2 3 141 141 187 46
N E 2 3 141 172 172 31
E W 0 1 172 62 16 -156
W Space -3 -2 62 109 265 203
Space Back 4 -9 109 140 780 671
Back Back 0 0 140 109 234 94
Back Back 0 0 109 124 203 94
Back E -1 10 124 140 920 796
E Space -3 -1 140 141 140 0
Space O 3 -5 141 125 1295 1154
O F -1 5 125 172 187 62
F Space -2 0 172 109 94 -78
Space T 3 -1 109 94 187 78
T H -1 -1 94 109 219 125
H E 1 3 109 141 46 -63
E Space -3 -1 141 93 141 0
Space F 2 0 93 188 3525 3432
F I 1 -4 188 140 219 31
I N -2 2 140 140 156 16
N E 2 3 140 266 93 -47
E S -1 1 266 141 203 -63
S A 0 1 141 109 16 -125
A T 1 -4 109 140 265 156
T Space -3 1 140 140 125 -15
Space U 3 -3 140 125 1123 983
U N -2 1 125 125 203 78
N I 2 -2 125 125 156 31
I V -2 4 125 109 671 546
V E 2 1 109 187 140 31
E R 0 -1 187 156 109 -78
R S -1 2 156 156 3916 3760
S I 1 -6 156 124 437 281
I T 0 3 124 141 249 125
T I 0 -3 141 140 125 -16
I E 0 5 140 124 94 -46
E S -1 1 124 156 218 94
S Back 2 -11 156 94 3884 3728
Back Space -4 9 94 124 2918 2824
Space I 3 -4 124 109 234 110
I N -2 2 109 125 171 62
N Space -1 2 125 109 94 -31
Space T 3 -1 109 172 62 -47
T E 0 2 172 171 141 -31
E H -1 -3 171 156 46 -125
H Space -2 2 156 125 156 0
Space W 3 2 125 171 1935 1810
W O 0 -7 171 140 702 531
O R 0 5 140 125 171 31
R L -1 -5 125 125 172 47
L D 0 6 125 156 94 -31
D OemPeriod -1 -6 156 109 452 296
OemPeriod Space -1 5 109 171 593 484
Space LShiftKey 1 4 171 265 359 188
LShiftKey I 2 -8 265 141 249 -16
I Space -3 4 141 109 94 -47
Space N 1 -2 109 140 203 94
N E 2 3 140 156 1326 1186
E V -2 -1 156 109 624 468
V E 2 1 109 187 109 0
E R 0 -1 187 203 78 -109
R Space -3 0 203 140 203 0
Space G 2 -1 140 94 1840 1700
G R 1 1 94 187 219 125
R A -1 3 187 203 140 -47
A D 0 -2 203 187 203 0
D U 1 -4 187 141 218 31
U A -1 6 141 187 47 -94
A T 1 -4 187 140 203 16
T E 0 2 140 140 250 110
E D -1 0 140 187 218 78
D Space -2 -1 187 140 203 16
Space F 2 0 140 234 1107 967
F R 1 0 234 172 125 -109
R O 0 -5 172 140 141 -31
O M -2 2 140 141 171 31
M Space -1 3 141 110 109 -32
Space C 1 1 110 156 250 140
C O 2 -6 156 124 172 16
O L -1 0 124 78 234 110
L L 0 0 78 125 124 46
L E 1 6 125 140 63 -62
E G -1 -2 140 187 281 141
G E 1 2 187 140 140 -47
E Space -3 -1 140 125 140 0
Space Back 4 -9 125 94 2621 2496
Back OemPeriod -3 4 94 109 531 437
OemPeriod Space -1 5 109 141 171 62
Space LShiftKey 1 4 141 250 156 15
LShiftKey T 2 -5 250 94 203 -47
T R 0 1 94 125 218 124
R U 0 -3 125 94 281 156
U T 0 2 94 140 141 47
T H -1 -1 140 141 93 -47
H Space -2 2 141 110 109 -32
Space B 1 -1 110 140 1498 1388
B E 2 2 140 156 125 -15
E Space -3 -1 156 125 140 -16
Space T 3 -1 125 124 141 16
T O 0 -4 124 125 109 -15
O L -1 0 125 141 218 93
L D 0 6 141 156 109 -32
D Oemcomma -1 -5 156 140 1046 890
Oemcomma Space -1 4 140 140 140 0
Space T 3 -1 140 171 1373 1233
T H -1 -1 171 156 125 -46
H I 1 -2 156 141 124 -32
I S -1 6 141 156 63 -78
S Space -2 -2 156 109 125 -31
Space I 3 -4 109 156 93 -16
I S -1 6 156 140 63 -93
S T 1 -3 140 171 265 125
T H -1 -1 171 172 109 -62
H E 1 3 172 140 125 -47
E Space -3 -1 140 93 78 -62
Space C 1 1 93 156 936 843
C L 1 -6 156 109 234 78
L O 1 0 109 141 171 62
O S -1 7 141 218 110 -31
S E 1 -1 218 156 156 -62
E S -1 1 156 140 624 468
S T 1 -3 140 156 202 62
T Space -3 1 156 156 437 281
Space LShiftKey 1 4 156 265 2512 2356
LShiftKey I 2 -8 265 78 218 -47
I Oem7 -1 -3 78 78 811 733
Oem7 V -1 7 78 125 328 250
V E 2 1 125 156 94 -31
E Space -3 -1 156 109 109 -47
Space E 3 1 109 156 1560 1451
E V -2 -1 156 124 203 47
V E 2 1 124 187 78 -46
E R 0 -1 187 172 93 -94
R Space -3 0 172 125 172 0
Space G 2 -1 125 140 1482 1357
G O 1 -4 140 141 296 156
O T 0 4 141 156 156 15
T T 0 0 156 94 203 47
T O 0 -4 94 109 16 -78
O N -2 3 109 156 187 78
N Space -1 2 156 141 93 -63
Space T 3 -1 141 156 78 -63
T O 0 -4 156 140 110 -46
O Space -3 5 140 109 109 -31
Space A 2 3 109 125 1185 1076
A Space -2 -3 125 125 156 31
Space C 1 1 125 156 172 47
C O 2 -6 156 94 187 31
O L -1 0 94 218 203 109
L E 1 6 218 125 187 -31
E G -1 -2 125 109 172 47
G E 1 2 109 141 62 -47
E Space -3 -1 141 140 141 0
Space E 3 1 140 125 4773 4633
E Back 1 -10 125 125 1404 1279
Back Back 0 0 125 94 203 78
Back E -1 10 94 110 764 670
E G -1 -2 110 109 3074 2964
G R 1 1 109 171 187 78
R A -1 3 171 219 140 -31
A D 0 -2 219 172 187 -32
D U 1 -4 172 125 203 31
U A -1 6 125 171 63 -62
A T 1 -4 171 156 156 -15
T I 0 -3 156 172 171 15
I O 0 -1 172 141 109 -63
O N -2 3 141 172 203 62
N Space -1 2 172 109 141 -31
Space Back 4 -9 109 141 904 795
Back OemPeriod -3 4 141 125 765 624
OemPeriod Space -1 5 125 156 187 62
Space LShiftKey 1 4 156 249 172 16
LShiftKey T 2 -5 249 94 218 -31
T O 0 -4 94 141 218 124
O D -1 6 141 172 125 -16
D F 0 -1 172 140 16 -156
F A 0 3 140 234 47 -93
A Y 1 -5 234 125 280 46
Y Back 1 -7 125 78 515 390
Back Back 0 0 78 78 172 94
Back Back 0 0 78 140 156 78
Back A -2 12 140 156 452 312
A Y 1 -5 156 156 624 468
Y Space -3 2 156 141 109 -47
Space LShiftKey 1 4 141 265 1358 1217
LShiftKey I 2 -8 265 125 218 -47
I Space -3 4 125 109 94 -31
Space W 3 2 109 172 171 62
W Capital -1 2 172 234 281 109
Capital A 0 -1 234 203 31 -203
A Capital 0 1 203 141 702 499
Capital Back 2 -13 141 172 437 296
Back A -2 12 172 187 749 577
A N -1 -5 187 78 249 62
N T 2 1 78 125 141 63
T Space -3 1 125 125 109 -16
Space T 3 -1 125 172 140 15
T O 0 -4 172 141 125 -47
O Space -3 5 141 125 94 -47
Space T 3 -1 125 218 2106 1981
T E 0 2 218 171 125 -93
E L -1 -6 171 78 218 47
L L 0 0 78 109 125 47
L Space -2 5 109 141 62 -47
Space Y 3 -2 141 125 265 124
Y O 0 -3 125 140 172 47
O U 0 2 140 156 125 -15
U Space -3 3 156 156 93 -63
Space T 3 -1 156 156 2356 2200
T H -1 -1 156 124 250 94
H R 1 2 124 156 93 -31
R E 0 1 156 109 219 63
E E 0 0 109 109 140 31
E S -1 1 109 156 281 172
S Back 2 -11 156 156 499 343
Back Space -4 9 156 140 234 78
Space S 2 2 140 156 172 32
S T 1 -3 156 109 468 312
T O 0 -4 109 141 249 140
O R 0 5 141 156 156 15
R I 0 -4 156 141 390 234
I E 0 5 141 109 94 -47
E S -1 1 109 156 203 94
S Space -2 -2 156 109 140 -16
Space F 2 0 109 187 1981 1872
F R 1 0 187 156 109 -78
R O 0 -5 156 156 94 -62
O M -2 2 156 140 172 16
M Space -1 3 140 125 93 -47
Space M 1 -3 125 125 156 31
M Y 2 1 125 140 250 125
Y Space -3 2 140 125 109 -31
Space L 2 -5 125 109 281 156
L I 1 1 109 140 437 328
I F -1 4 140 187 998 858
F E 1 1 187 171 125 -62
E OemPeriod -2 -6 171 78 1685 1514
OemPeriod LShiftKey 0 9 78 374 156 78
LShiftKey Space -1 -4 374 124 156 -218
Space T 3 -1 124 78 265 141
T H -1 -1 78 110 171 93
H A 0 5 110 156 78 -32
A T 1 -4 156 125 203 47
T Back 1 -8 125 109 390 265
Back Back 0 0 109 78 203 94
Back Back 0 0 78 78 172 94
Back Back 0 0 78 78 156 78
Back LShiftKey -3 13 78 343 468 390
LShiftKey T 2 -5 343 78 296 -47
T H -1 -1 78 93 203 125
H A 0 5 93 156 78 -15
A T 1 -4 156 94 249 93
T S -1 3 94 140 110 16
S Back 2 -11 140 140 1435 1295
Back Oem7 -2 2 140 109 515 375
Oem7 S 0 9 109 140 125 16
S Space -2 -2 140 124 156 16
Space I 3 -4 124 156 780 656
I T 0 3 156 109 171 15
T OemPeriod -2 -4 109 93 1545 1436
OemPeriod Space -1 5 93 140 343 250
Space LShiftKey 1 4 140 421 296 156
LShiftKey N 0 -6 421 78 375 -46
N O 2 -3 78 140 218 140
O Space -3 5 140 125 109 -31
Space B 1 -1 125 109 312 187
B G 1 0 109 140 406 297
G Space -2 1 140 140 125 -15
Space D 2 1 140 125 280 140
D E 1 0 125 187 203 78
E A -1 2 187 171 141 -46
A L 0 -8 171 125 140 -31
L OemPeriod -1 0 125 93 2387 2262
OemPeriod Space -1 5 93 172 343 250
Space LShiftKey 1 4 172 359 265 93
LShiftKey J 1 -7 359 125 234 -125
J U 1 0 125 140 203 78
U S -1 5 140 140 640 500
S T 1 -3 140 94 826 686
T Space -3 1 94 156 110 16
Space T 3 -1 156 109 1029 873
T H -1 -1 109 140 203 94
H R 1 2 140 156 62 -78
R E 0 1 156 63 234 78
E E 0 0 63 125 125 62
E Space -3 -1 125 125 172 47
Space S 2 2 125 125 296 171
S T 1 -3 125 124 219 94
T O 0 -4 124 140 187 63
O R 0 5 140 140 156 16
R I 0 -4 140 156 171 31
I E 0 5 156 124 110 -46
E S -1 1 124 125 280 156
S OemPeriod -1 -7 125 94 2153 2028
OemPeriod I 2 1 94 94 2730 2636
I Return -1 -4 94 124 2325 2231
Return LShiftKey -1 12 124 343 7098 6974
LShiftKey T 2 -5 343 110 280 -63
T H -1 -1 110 125 203 93
H E 1 3 125 172 78 -47
E Space -3 -1 172 93 172 0
Space F 2 0 93 156 671 578
F I 1 -4 156 156 187 31
I R 0 4 156 171 125 -31
R S -1 2 171 218 109 -62
S T 1 -3 218 140 187 -31
T Space -3 1 140 141 109 -31
Space S 2 2 141 156 421 280
S T 1 -3 156 156 219 63
T O 0 -4 156 141 218 62
O R 0 5 141 156 390 249
R Y 0 -2 156 140 141 -15
Y Space -3 2 140 109 109 -31
Space I 3 -4 109 141 171 62
I S -1 6 141 172 94 -47
S Space -2 -2 172 110 140 -32
Space A 2 3 110 171 1311 1201
A B -1 -4 171 109 187 16
B O 2 -4 109 141 265 156
O U 0 2 141 93 219 78
U T 0 2 93 140 156 63
T Space -3 1 140 109 109 -31
Space T 3 -1 109 125 343 234
T H -1 -1 125 125 140 15
H Back 2 -7 125 140 1342 1217
Back Back 0 0 140 109 234 94
Back C -3 10 109 156 827 718
C O 2 -6 156 125 234 78
O N -2 3 125 78 203 78
N N 0 0 78 125 124 46
N E 2 3 125 124 32 -93
E C -2 0 124 110 202 78
C T 2 -2 110 109 250 140
T I 0 -3 109 125 31 -78
I N -2 2 125 125 187 62
N G 1 1 125 140 63 -62
G Space -2 1 140 109 78 -62
Space T 3 -1 109 109 593 484
T H -1 -1 109 156 234 125
H E 1 3 156 140 62 -94
E Space -3 -1 140 94 109 -31
Space D 2 1 94 156 640 546
D O 1 -6 156 141 218 62
O T 0 4 141 110 187 46
T S -1 3 110 172 172 62
S OemPeriod -1 -7 172 125 1014 842
OemPeriod Return 1 -3 125 141 296 171
Return LShiftKey -1 12 141 359 1763 1622
LShiftKey I 2 -8 359 140 297 -62
I Space -3 4 140 110 124 -16
Space D 2 1 110 124 6350 6240
D R 1 -1 124 141 202 78
R O 0 -5 141 140 219 78
O P 0 -1 140 94 218 78
P P 0 0 94 109 172 78
P E 0 7 109 109 78 -31
E D -1 0 109 125 187 78
D Space -2 -1 125 94 140 15
Space P 3 -6 94 93 1436 1342
P O 0 1 93 78 15 -78
O Back 1 -4 78 156 858 780
Back Back 0 0 156 109 250 94
Back O -1 4 109 171 624 515
O U 0 2 171 94 265 94
U T 0 2 94 109 265 171
T Space -3 1 109 109 141 32
Space O 3 -5 109 156 1856 1747
O F -1 5 156 124 172 16
F Space -2 0 124 110 124 0
Space LShiftKey 1 4 110 359 141 31
LShiftKey R 2 -4 359 156 281 -78
R E 0 1 156 94 202 46
E E 0 0 94 125 172 78
E D -1 0 125 140 203 78
D Space -2 -1 140 124 203 63
Space LShiftKey 1 4 124 453 202 78
LShiftKey C 0 -3 453 171 375 -78
C O 2 -6 171 78 265 94
O L -1 0 78 78 312 234
L L 0 0 78 125 125 47
L E 1 6 125 125 156 31
E G -1 -2 125 93 156 31
G E 1 2 93 109 78 -15
E Space -3 -1 109 109 140 31
Space A 2 3 109 156 796 687
A F 0 -3 156 156 499 343
F T 1 -1 156 93 250 94
T E 0 2 93 203 46 -47
E R 0 -1 203 156 125 -78
R Space -3 0 156 125 203 47
Space T 3 -1 125 125 967 842
T H -1 -1 125 140 203 78
H E 1 3 140 156 62 -78
E Space -3 -1 156 109 141 -15
Space F 2 0 109 125 140 31
F I 1 -4 125 109 234 109
I U 0 1 109 94 0 -109
U R 0 3 94 218 47 -47
R S -1 2 218 187 156 -62
S T 1 -3 187 125 203 16
T Space -3 1 125 110 93 -32
Space Back 4 -9 110 141 671 561
Back Back 0 0 141 78 219 78
Back Back 0 0 78 78 171 93
Back Back 0 0 78 78 156 78
Back Back 0 0 78 78 172 94
Back Back 0 0 78 109 281 203
Back I -1 5 109 124 780 671
I T 0 3 124 125 171 47
T Back 1 -8 125 156 406 281
Back R -1 9 156 125 171 15
R S -1 2 125 156 484 359
S T 1 -3 156 125 577 421
T Space -3 1 125 109 141 16
Space Space 0 0 109 124 1716 1607
Space M 1 -3 124 156 1560 1436
M O 2 -2 156 125 171 15
O N -2 3 125 140 203 78
N T 2 1 140 156 140 0
T H -1 -1 156 93 141 -15
H S 0 4 93 172 109 16
S Oemcomma -1 -6 172 94 764 592
Oemcomma Space -1 4 94 141 156 62
Space B 1 -1 141 93 843 702
B U 2 -2 93 125 312 219
U T 0 2 125 141 171 46
T Space -3 1 141 109 141 0
Space T 3 -1 109 94 296 187
T H -1 -1 94 125 187 93
H E 1 3 125 156 78 -47
E N -2 -3 156 171 141 -15
N Space -1 2 171 125 140 -31
Space S 2 2 125 187 453 328
S T 1 -3 187 140 312 125
T A -1 4 140 171 109 -31
A Y 1 -5 171 125 327 156
Y E 0 3 125 125 94 -31
E D -1 0 125 125 203 78
D Space -2 -1 125 93 156 31
Space A 2 3 93 171 827 734
A R 1 -3 171 171 156 -15
R O 0 -5 171 125 140 -31
O U 0 2 125 109 250 125
U N -2 1 109 125 140 31
N D 1 3 125 140 78 -47
D Space -2 -1 140 125 156 16
Space A 2 3 125 187 655 530
A S 0 -1 187 187 203 16
S Space -2 -2 187 141 187 0
Space A 2 3 141 171 94 -47
A Space -2 -3 171 109 156 -15
Space D 2 1 109 125 2277 2168
D R 1 -1 125 125 234 109
R O 0 -5 125 125 328 203
O P 0 -1 125 156 109 -16
P OemMinus 1 -1 156 109 671 515
OemMinus I -1 3 109 109 281 172
I N -2 2 109 140 187 78
N Space -1 2 140 109 109 -31
Space F 2 0 109 156 1810 1701
F O 1 -5 156 141 218 62
O R 0 5 141 125 109 -32
R Space -3 0 125 109 110 -15
Space A 2 3 109 187 390 281
A N -1 -5 187 109 171 -16
N O 2 -3 109 141 187 78
O T 0 4 141 125 172 31
T H -1 -1 125 124 94 -31
H E 1 3 124 234 78 -46
E R 0 -1 234 141 171 -63
R Space -3 0 141 125 203 62
Space Space 0 0 125 140 2465 2340
Space M 1 -3 140 156 249 109
M O 2 -2 156 125 156 0
O I 0 1 125 94 16 -109
I N -2 2 94 140 203 109
N T 2 1 140 156 93 -47
T H -1 -1 156 78 172 16
H S 0 4 78 125 62 -16
S Back 2 -11 125 110 624 499
Back Back 0 0 110 78 219 109
Back Back 0 0 78 78 171 93
Back Back 0 0 78 78 172 94
Back Back 0 0 78 109 156 78
Back N -3 7 109 187 718 609
N T 2 1 187 110 358 171
T H -1 -1 110 125 796 686
H S 0 4 125 140 78 -47
S Space -2 -2 140 141 1435 1295
Space O 3 -5 141 125 437 296
O R 0 5 125 125 156 31
R Space -3 0 125 124 94 -31
Space S 2 2 124 188 124 0
S O 1 -7 188 94 125 -63
O Space -3 5 94 78 78 -16
Space B 1 -1 78 109 1560 1482
B E 2 2 109 140 141 32
E F -1 -1 140 140 234 94
F O 1 -5 140 156 156 16
O R 0 5 156 156 93 -63
R E 0 1 156 141 109 -47
E Space -3 -1 141 109 125 -16
Space LShiftKey 1 4 109 280 2013 1904
LShiftKey I 2 -8 280 140 218 -62
I Space -3 4 140 109 109 -31
Space R 3 0 109 172 203 94
R E 0 1 172 156 109 -63
E A -1 2 156 156 219 63
A L 0 -8 156 62 187 31
L L 0 0 62 93 125 63
L Y 1 3 93 140 1310 1217
Y Space -3 2 140 109 109 -31
Space Q 3 3 109 140 671 562
Q I 0 -7 140 140 437 297
I T 0 3 140 140 156 16
T OemPeriod -2 -4 140 93 1794 1654
OemPeriod Space -1 5 93 110 249 156
Space LShiftKey 1 4 110 31 515 405
LShiftKey Back 3 -13 31 109 281 250
Back Back 0 0 109 78 203 94
Back Back 0 0 78 78 171 93
Back Back 0 0 78 94 156 78
Back U -1 6 94 156 765 671
U I 0 -1 156 141 140 -16
I T 0 3 141 109 250 109
T OemPeriod -2 -4 109 125 421 312
OemPeriod Space -1 5 125 94 234 109
Space LShiftKey 1 4 94 343 2590 2496
LShiftKey S 1 -2 343 172 265 -78
S O 1 -7 172 125 203 31
O Space -3 5 125 125 93 -32
Space W 3 2 125 156 328 203
W H -1 -4 156 125 203 47
H Y 1 0 125 156 249 124
Y Space -3 2 156 125 125 -31
Space D 2 1 125 109 5601 5476
D I 1 -5 109 125 171 62
I D -1 5 125 125 78 -47
D Space -2 -1 125 125 94 -31
Space LShiftKey 1 4 125 219 764 639
LShiftKey I 2 -8 219 93 141 -78
I Space -3 4 93 110 46 -47
Space D 2 1 110 78 796 686
D R 1 -1 78 140 172 94
R P 0 -6 140 172 358 218
P Space -3 6 172 110 156 -16
Space Back 4 -9 110 109 578 468
Back Back 0 0 109 109 187 78
Back O -1 4 109 140 546 437
O P 0 -1 140 125 109 -31
P Space -3 6 125 109 94 -31
Space O 3 -5 109 141 670 561
O U 0 2 141 125 156 15
U T 0 2 125 94 234 109
T RShiftKey -2 -6 94 187 890 796
RShiftKey OemQuestion 0 1 187 125 140 -47
OemQuestion Return 1 -2 125 156 140 15
Return LShiftKey -1 12 156 296 2044 1888
LShiftKey I 2 -8 296 78 234 -62
I T 0 3 78 141 187 109
T Space -3 1 141 124 141 0
Space S 2 2 124 124 156 32
S T 1 -3 124 140 234 110
T A -1 4 140 203 109 -31
A R 1 -3 203 172 171 -32
R T 0 -1 172 156 266 94
T E 0 2 156 140 109 -47
E D -1 0 140 125 218 78
D Space -2 -1 125 109 141 16
Space B 1 -1 109 110 904 795
B E 2 2 110 94 234 124
E W 0 1 94 62 16 -78
W F -1 -2 62 125 187 125
F O 1 -5 125 156 156 31
O R 0 5 156 140 94 -62
R E 0 1 140 125 93 -47
E Space -3 -1 125 93 110 -15
Space Back 4 -9 93 125 561 468
Back Back 0 0 125 78 234 109
Back Back 0 0 78 78 172 94
Back Back 0 0 78 62 187 109
Back Back 0 0 62 78 172 110
Back Back 0 0 78 63 171 93
Back F -2 9 63 125 718 655
F O 1 -5 125 156 140 15
O R 0 5 156 171 94 -62
R E 0 1 171 140 109 -62
E Space -3 -1 140 125 125 -15
Space LShiftKey 1 4 125 250 1669 1544
LShiftKey I 2 -8 250 156 187 -63
I Space -3 4 156 110 109 -47
Space W 3 2 110 219 78 -32
W A -1 1 219 250 156 -63
A S 0 -1 250 124 188 -62
S Space -2 -2 124 141 46 -78
Space B 1 -1 141 125 234 93
B O 2 -4 125 156 219 94
O R 0 5 156 140 78 -78
R N -2 -2 140 156 171 31
N Space -1 2 156 46 110 -46
Space Back 4 -9 46 140 468 422
Back OemPeriod -3 4 140 109 655 515
OemPeriod Space -1 5 109 140 1092 983
Space LShiftKey 1 4 140 327 234 94
LShiftKey M 0 -7 327 172 265 -62
M Y 2 1 172 172 265 93
Y Space -3 2 172 125 125 -47
Space B 1 -1 125 109 1201 1076
B I 2 -3 109 94 265 156
I O 0 -1 94 93 188 94
O L -1 0 93 78 187 94
L O 1 0 78 110 171 93
O G -1 4 110 125 312 202
G I 1 -3 125 124 188 63
I C -2 5 124 187 156 32
C A 1 2 187 172 124 -63
A L 0 -8 172 141 125 -47
L Space -2 5 141 94 125 -16
Space M 1 -3 94 125 1076 982
M O 2 -2 125 140 172 47
O T 0 4 140 140 156 16
T H -1 -1 140 141 109 -31
H E 1 3 141 218 125 -16
E R 0 -1 218 171 125 -93
R Space -3 0 171 125 171 0
Space W 3 2 125 219 858 733
W A -1 1 219 218 172 -47
A S 0 -1 218 172 156 -62
S Space -2 -2 172 125 140 -32
Space A 2 3 125 140 141 16
A Space -2 -3 140 124 125 -15
Space Y 3 -2 124 109 577 453
Y O 0 -3 109 141 171 62
O U 0 2 141 109 125 -16
U N -2 1 109 125 234 125
N F 1 2 125 125 172 47
F G 0 -1 125 109 0 -125
G Back 2 -8 109 125 390 281
Back Back 0 0 125 109 203 78
Back G -2 8 109 109 171 62
G Space -2 1 109 141 187 78
Space U 3 -3 141 78 1857 1716
U N -2 1 78 125 156 78
N W 2 4 125 203 483 358
W E 0 -1 203 156 188 -15
E D -1 0 156 141 249 93
D Space -2 -1 141 109 141 0
Space C 1 1 109 140 811 702
C O 2 -6 140 78 686 546
O L -1 0 78 62 203 125
L L 0 0 62 156 109 47
L E 1 6 156 125 187 31
E G -1 -2 125 109 110 -15
G E 1 2 109 125 93 -16
E Space -3 -1 125 110 109 -16
Space G 2 -1 110 140 812 702
G R 1 1 140 109 140 0
R A -1 3 109 203 140 31
A D 0 -2 203 172 172 -31
D U 1 -4 172 125 218 46
U A -1 6 125 171 32 -93
A T 1 -4 171 187 156 -15
T E 0 2 187 156 156 -31
E D -1 0 156 140 234 78
D Space -2 -1 140 125 140 0
Space Back 4 -9 125 141 1778 1653
Back Back 0 0 141 140 375 234
Back Space -4 9 140 125 327 187
Space S 2 2 125 125 484 359
S T 1 -3 125 156 172 47
T U 0 -2 156 125 218 62
U D -1 4 125 171 94 -31
D E 1 0 171 234 109 -62
E N -2 -3 234 125 93 -141
N T 2 1 125 125 94 -31
T Oemcomma -2 -3 125 125 1856 1731
Oemcomma Space -1 4 125 156 1467 1342
Space A 2 3 156 188 639 483
A N -1 -5 188 109 219 31
N D 1 3 109 187 78 -31
D Space -2 -1 187 78 203 16
Space S 2 2 78 172 93 15
S H 0 -4 172 110 187 15
H E 1 3 110 188 78 -32
E Space -3 -1 188 109 203 15
Space D 2 1 109 187 359 250
D E 1 0 187 156 140 -47
E C -2 0 156 156 812 656
C I 2 -5 156 125 202 46
I D -1 5 125 187 172 47
D E 1 0 187 109 172 -15
E D -1 0 109 140 187 78
D Space -2 -1 140 94 187 47
Space T 3 -1 94 140 1139 1045
T O 0 -4 140 140 234 94
O Space -3 5 140 94 109 -31
Space P 3 -6 94 124 172 78
P U 0 3 124 94 202 78
U T 0 2 94 156 156 62
T Space -3 1 156 124 110 -46
Space M 1 -3 124 156 140 16
M E 2 4 156 172 78 -78
E Space -3 -1 172 124 172 0
Space U 3 -3 124 109 1669 1545
U P 0 -3 109 172 171 62
P Space -3 6 172 125 141 -31
Space F 2 0 125 172 218 93
F O 1 -5 172 156 109 -63
O R 0 5 156 125 78 -78
R Space -3 0 125 125 172 47
Space A 2 3 125 140 1404 1279
A D 0 -2 140 125 312 172
D O 1 -6 125 141 265 140
O P 0 -1 141 156 125 -16
P T 0 5 156 125 187 31
T I 0 -3 125 125 156 31
I O 0 -1 125 125 78 -47
O N -2 3 125 156 359 234
N OemPeriod 0 -3 156 93 1763 1607
OemPeriod Space -1 5 93 125 140 47
Space LShiftKey 1 4 125 499 1685 1560
LShiftKey S 1 -2 499 234 499 0
S H 0 -4 234 93 297 63
H E 1 3 93 125 93 0
E Space -3 -1 125 124 141 16
Space F 2 0 124 187 1419 1295
F E 1 1 187 140 141 -46
E L -1 -6 140 156 78 -62
L T 1 4 156 110 202 46
T Space -3 1 110 125 125 15
Space V 1 0 125 187 312 187
V E 2 1 187 172 187 0
E R 0 -1 172 172 78 -94
R Y 0 -2 172 125 219 47
Y Space -3 2 125 110 93 -32
Space S 2 2 110 125 858 748
S T 1 -3 125 203 390 265
T R 0 1 203 156 141 -62
R I 0 -4 156 125 171 15
I Back 1 -5 125 172 437 312
Back O -1 4 172 124 843 671
O N -2 3 124 140 234 110
N G 1 1 140 93 187 47
G L 0 -4 93 141 93 0
L Y 1 3 141 125 406 265
Y Space -3 2 125 140 156 31
Space T 3 -1 140 140 1186 1046
T H -1 -1 140 141 124 -16
H A 0 5 141 124 110 -31
A T 1 -4 124 187 78 -46
T Space -3 1 187 125 109 -78
Space LShiftKey 1 4 125 530 1560 1435
LShiftKey I 2 -8 530 172 343 -187
I Space -3 4 172 125 125 -47
Space S 2 2 125 156 2933 2808
S H 0 -4 156 94 202 46
H O 1 -3 94 124 188 94
O U 0 2 124 109 218 94
U L -1 -2 109 156 203 94
L D 0 6 156 141 93 -63
D Space -2 -1 141 94 94 -47
Space B 1 -1 94 140 172 78
B E 2 2 140 156 31 -109
E Space -3 -1 156 124 125 -31
Space A 2 3 124 172 140 16
A D 0 -2 172 141 265 93
D O 1 -6 141 125 328 187
O P 0 -1 125 109 187 62
P T 0 5 109 156 187 78
T E 0 2 156 156 109 -47
E D -1 0 156 187 219 63
D Space -2 -1 187 125 140 -47
Space B 1 -1 125 125 858 733
B Y 2 -1 125 140 219 94
Y Space -3 2 140 109 93 -47
Space C 1 1 109 218 172 63
C O 2 -6 218 109 265 47
O L -1 0 109 62 234 125
L L 0 0 62 94 140 78
L E 1 6 94 141 702 608
E G -1 -2 141 125 250 109
G E 1 2 125 109 78 -47
E Space -3 -1 109 125 1279 1170
Space G 2 -1 125 109 687 562
G R 1 1 109 203 140 31
R A -1 3 203 187 156 -47
A D 0 -2 187 187 156 -31
D U 1 -4 187 109 187 0
U A -1 6 109 140 47 -62
A T 1 -4 140 172 156 16
T E 0 2 172 172 109 -63
E S -1 1 172 172 281 109
S Oemcomma -1 -6 172 156 1404 1232
Oemcomma Space -1 4 156 141 140 -16
Space S 2 2 141 156 156 15
S O 1 -7 156 125 125 -31
O Space -3 5 125 125 78 -47
Space E 3 1 125 156 3214 3089
E V -2 -1 156 110 171 15
V E 2 1 110 203 78 -32
E R 0 -1 203 171 110 -93
R Y 0 -2 171 93 234 63
Y T 0 1 93 141 93 0
T H -1 -1 141 109 125 -16
H I 1 -2 109 140 125 16
I N -2 2 140 109 187 47
N G 1 1 109 156 47 -62
G Space -2 1 156 124 125 -31
Space A 2 3 124 172 124 0
A Back 2 -12 172 172 437 265
Back W -1 11 172 218 219 47
W A -1 1 218 219 171 -47
A S 0 -1 219 171 141 -78
S Space -2 -2 171 125 124 -47
Space A 2 3 125 187 203 78
A L 0 -8 187 109 297 110
L L 0 0 109 109 171 62
L Space -2 5 109 125 234 125
Space S 2 2 125 234 390 265
S E 1 -1 234 156 187 -47
E T 0 -2 156 156 422 266
T Space -3 1 156 125 187 31
Space F 2 0 125 141 561 436
F O 1 -5 141 93 141 0
O R 0 5 93 140 109 16
R Space -3 0 140 125 156 16
Space M 1 -3 125 141 3026 2901
M E 2 4 141 140 94 -47
E Space -3 -1 140 125 125 -15
Space T 3 -1 125 156 3291 3166
T O 0 -4 156 156 188 32
O Space -3 5 156 125 109 -47
Space B 1 -1 125 171 437 312
B E 2 2 171 156 124 -47
E Space -3 -1 156 110 156 0
Space A 2 3 110 156 406 296
A D 0 -2 156 141 265 109
D O 1 -6 141 156 687 546
O P 0 -1 156 156 156 0
P T 0 5 156 124 749 593
T E 0 2 124 125 93 -31
E D -1 0 125 141 187 62
D Space -2 -1 141 109 125 -16
Space B 1 -1 109 187 3588 3479
B Y 2 -1 187 172 234 47
Y Space -3 2 172 124 141 -31
Space C 1 1 124 140 234 110
C O 2 -6 140 94 249 109
O P 0 -1 94 62 16 -78
P Back 1 -3 62 140 468 406
Back L -2 4 140 94 873 733
L L 0 0 94 125 156 62
L E 1 6 125 110 78 -47
E G -1 -2 110 110 546 436
G E 1 2 110 140 63 -47
E Back 1 -10 140 140 2652 2512
Back Back 0 0 140 156 1076 936
Back Back 0 0 156 78 281 125
Back Back 0 0 78 93 172 94
Back Back 0 0 93 109 171 78
Back Back 0 0 109 94 187 78
Back Back 0 0 94 94 172 78
Back Back 0 0 94 93 172 78
Back Back 0 0 93 63 171 78
Back Back 0 0 63 63 156 93
Back Back 0 0 63 47 390 327
Back Space -4 9 47 109 827 780
Space A 2 3 109 156 2012 1903
A T 1 -4 156 125 297 141
T Space -3 1 125 124 125 0
Space B 1 -1 124 125 202 78
B I 2 -3 125 156 234 109
I R 0 4 156 94 172 16
R H -1 -2 94 94 343 249
H T 1 1 94 172 0 -94
T Back 1 -8 172 110 733 561
Back Back 0 0 110 124 188 78
Back T -1 8 124 156 234 110
T H -1 -1 156 188 124 -32
H Space -2 2 188 125 141 -47
Space B 1 -1 125 156 2199 2074
B Y 2 -1 156 156 219 63
Y Space -3 2 156 125 109 -47
Space A 2 3 125 188 62 -63
A Space -2 -3 188 109 219 31
Space A 2 3 109 156 296 187
A Back 2 -12 156 125 390 234
Back L -2 4 125 140 375 250
L W 1 7 140 234 312 172
W A -1 1 234 187 171 -63
A Back 2 -12 187 125 468 281
Back Back 0 0 125 109 203 78
Back A -2 12 109 156 312 203
A W 1 -1 156 125 686 530
W Y 0 -4 125 109 562 437
Y E 0 3 109 187 94 -15
E R 0 -1 187 172 93 -94
R Space -3 0 172 109 203 31
Space A 2 3 109 296 1997 1888
A N -1 -5 296 124 515 219
N D 1 3 124 125 748 624
D Space -2 -1 125 125 94 -31
Space H 2 -2 125 140 437 312
H I 1 -2 140 141 140 0
I S -1 6 141 156 63 -78
S Space -2 -2 156 94 124 -32
Space W 3 2 94 156 562 468
W I 0 -6 156 125 218 62
I D -1 5 125 141 156 31
D Back 2 -10 141 141 312 171
Back F -2 9 141 156 141 0
F E 1 1 156 125 140 -16
E OemPeriod -2 -6 125 124 2325 2200
OemPeriod Space -1 5 124 141 202 78
Space LShiftKey 1 4 141 593 297 156
LShiftKey E 2 -3 593 140 499 -94
E X -2 1 140 141 499 359
X C 0 -1 141 171 250 109
C E 2 0 171 140 156 -15
E P 0 -7 140 125 187 47
P T 0 5 125 141 140 15
T Space -3 1 141 156 172 31
Space T 3 -1 156 141 920 764
T H -1 -1 141 109 219 78
H A 0 5 109 156 31 -78
A T 1 -4 156 140 125 -31
T Space -3 1 140 140 78 -62
Space W 3 2 140 109 2605 2465
W H -1 -4 109 78 156 47
H E 1 3 78 156 94 16
E N -2 -3 156 140 109 -47
N Space -1 2 140 110 93 -47
Space I 3 -4 110 109 188 78
I Back 1 -5 109 110 8236 8127
Back Back 0 0 110 46 344 234
Back Space -4 9 46 172 561 515
Space LShiftKey 1 4 172 265 234 62
LShiftKey I 2 -8 265 125 156 -109
I Space -3 4 125 124 141 16
Space P 3 -6 124 124 780 656
P O 0 1 124 78 218 94
O O 0 0 78 125 156 78
O P 0 -1 125 109 203 78
P P 0 0 109 109 187 78
P E 0 7 109 109 94 -15
E D -1 0 109 141 202 93
D Space -2 -1 141 93 141 0
Space O 3 -5 93 203 1279 1186
O U 0 2 203 124 172 -31
U T 0 2 124 156 202 78
T Space -3 1 156 109 141 -15
Space T 3 -1 109 78 218 109
T H -1 -1 78 187 219 141
H E 1 3 187 140 31 -156
E Space -3 -1 140 94 171 31
Space D 2 1 94 140 375 281
D E 1 0 140 110 93 -47
E C -2 0 110 156 188 78
C I 2 -5 156 140 140 -16
I D -1 5 140 156 109 -31
D E 1 0 156 125 125 -31
E D -1 0 125 110 218 93
D Space -2 -1 110 109 141 31
Space A 2 3 109 156 1731 1622
A T 1 -4 156 125 234 78
T Space -3 1 125 78 78 -47
Space T 3 -1 78 94 156 78
T H -1 -1 94 156 188 94
H E 1 3 156 140 62 -94
E Space -3 -1 140 109 125 -15
Space L 2 -5 109 156 468 359
L A 0 8 156 203 78 -78
A S 0 -1 203 172 109 -94
S T 1 -3 172 109 187 15
T Space -3 1 109 109 63 -46
Space M 1 -3 109 156 327 218
M I 2 -1 156 110 187 31
I N -2 2 110 109 172 62
N U 2 -1 109 109 172 63
U T 0 2 109 140 265 156
T E 0 2 140 156 93 -47
E Space -3 -1 156 109 188 32
Space T 3 -1 109 78 1060 951
T H -1 -1 78 93 188 110
H A 0 5 93 156 46 -47
A T 1 -4 156 124 110 -46
T Space -3 1 124 109 93 -31
Space T 3 -1 109 124 219 110
T H -1 -1 124 156 202 78
H E 1 3 156 172 78 -78
E Y 0 -3 172 124 344 172
Y Space -3 2 124 109 93 -31
Space R 3 0 109 109 1810 1701
R E 0 1 109 187 281 172
E L -1 -6 187 78 312 125
L L 0 0 78 141 124 46
L Back 2 -4 141 125 952 811
Back Back 0 0 125 141 218 93
Back A -2 12 141 140 344 203
A L 0 -8 140 78 530 390
L L 0 0 78 125 140 62
L Y 1 3 125 141 203 78
Y Space -3 2 141 109 94 -47
Space W 3 2 109 203 156 47
W A -1 1 203 172 140 -63
A N -1 -5 172 94 125 -47
N T 2 1 94 156 218 124
T E 0 2 156 125 125 -31
E D -1 0 125 156 203 78
D Space -2 -1 156 110 140 -16
Space A 2 3 110 156 1545 1435
A Space -2 -3 156 141 452 296
Space G 2 -1 141 125 250 109
G I 1 -3 125 110 171 46
I R 0 4 110 141 125 15
R L -1 -5 141 94 156 15
L OemPeriod -1 0 94 78 1155 1061
OemPeriod Space -1 5 78 125 1076 998
Space LShiftKey 1 4 125 421 265 140
LShiftKey S 1 -2 421 156 328 -93
S O 1 -7 156 141 218 62
O Space -3 5 141 125 125 -16
Space M 1 -3 125 125 218 93
M Y 2 1 125 172 234 109
Y Space -3 2 172 125 125 -47
Space P 3 -6 125 141 234 109
P A -1 9 141 156 94 -47
A R 1 -3 156 171 156 0
R E 0 1 171 156 109 -62
E N -2 -3 156 140 203 47
N T 2 1 140 140 125 -15
T S -1 3 140 172 140 0
S Space -2 -2 172 109 156 -16
Space Back 4 -9 109 171 484 375
Back Oemcomma -3 5 171 124 780 609
Oemcomma Space -1 4 124 140 78 -46
Space W 3 2 140 140 187 47
W H -1 -4 140 172 140 0
H I 1 -2 172 94 203 31
I O 0 -1 94 62 16 -78
O Space -3 5 62 110 46 -16
Space Back 4 -9 110 110 546 436
Back Back 0 0 110 78 203 93
Back Back 0 0 78 125 187 109
Back O -1 4 125 110 624 499
O Space -3 5 110 109 94 -16
Space W 3 2 109 125 1841 1732
W E 0 -1 125 203 234 109
E R 0 -1 203 172 171 -32
R E 0 1 172 125 125 -47
E Space -3 -1 125 140 94 -31
Space O 3 -5 140 78 1529 1389
O N -2 3 78 140 187 109
N Space -1 2 140 110 93 -47
Space A 2 3 110 156 63 -47
A Space -2 -3 156 109 140 -16
Space W 3 2 109 218 250 141
W A -1 1 218 171 156 -62
A I 1 -7 171 125 140 -31
I T 0 3 125 140 141 16
T I 0 -3 140 109 187 47
I N -2 2 109 109 203 94
N G 1 1 109 140 62 -47
G Space -2 1 140 125 125 -15
Space L 2 -5 125 94 1123 998
L I 1 1 94 141 140 46
I S -1 6 141 172 78 -63
S T 1 -3 172 140 188 16
T Oemcomma -2 -3 140 109 1466 1326
Oemcomma Space -1 4 109 124 172 63
Space G 2 -1 124 140 343 219
G O 1 -4 140 140 125 -15
O T 0 4 140 109 109 -31
T Space -3 1 109 125 31 -78
Space A 2 3 125 187 125 0
A Space -2 -3 187 109 140 -47
Space C 1 1 109 172 359 250
C A 1 2 172 156 140 -32
A L 0 -8 156 78 1264 1108
L L 0 0 78 110 140 62
L Space -2 5 110 140 32 -78
Space I 3 -4 140 109 187 47
I N -2 2 109 156 140 31
N Space -1 2 156 141 109 -47
Space T 3 -1 141 109 952 811
T H -1 -1 109 125 218 109
H E 1 3 125 156 32 -93
E Space -3 -1 156 125 140 -16
Space M 1 -3 125 125 1092 967
M I 2 -1 125 78 203 78
I D -1 5 78 78 499 421
D D 0 0 78 109 156 78
D L 0 -6 109 124 94 -15
L E 1 6 124 94 124 0
E Space -3 -1 94 125 78 -16
Space F 2 0 125 124 344 219
F O 1 -5 124 110 46 -78
O Space -3 5 110 94 156 46
Space Back 4 -9 94 109 500 406
Back Back 0 0 109 78 202 93
Back Back 0 0 78 125 156 78
Back O -1 4 125 110 702 577
O F -1 5 110 124 188 78
F Space -2 0 124 93 78 -46
Space T 3 -1 93 78 187 94
T H -1 -1 78 156 187 109
H E 1 3 156 156 31 -125
E Space -3 -1 156 109 156 0
Space N 1 -2 109 125 1061 952
N I 2 -2 125 125 203 78
I G -1 3 125 78 187 62
G H 0 -1 78 109 172 94
H T 1 1 109 110 46 -63
T Space -3 1 110 125 125 15
Space A 2 3 125 172 156 31
A S 0 -1 172 187 156 -16
S K 0 -6 187 93 219 32
K N -1 2 93 125 343 250
N G 1 1 125 125 78 -47
G Back 2 -8 125 109 1685 1560
Back Back 0 0 109 94 218 109
Back I -1 5 94 109 702 608
I N -2 2 109 94 187 78
N G 1 1 94 93 94 0
G RShiftKey -1 -6 93 249 468 375
RShiftKey Oem1 1 1 249 156 171 -78
Oem1 Space -2 6 156 141 624 468
Space RShiftKey 1 -7 141 218 531 390
RShiftKey Oem7 1 0 218 141 140 -78
Oem7 LShiftKey -1 11 141 1170 1810 1669
LShiftKey W 2 -2 1170 124 1061 -109
W E 0 -1 124 94 218 94
E Space -3 -1 94 156 156 62
Space H 2 -2 156 140 2621 2465
H A 0 5 140 156 109 -31
A V -1 -3 156 140 125 -31
V E 2 1 140 140 109 -31
E Space -3 -1 140 140 94 -46
Space A 2 3 140 171 187 47
A N -1 -5 171 109 156 -15
N Space -1 2 109 109 78 -31
Space U 3 -3 109 93 671 562
U N -2 1 93 141 140 47
N E 2 3 141 125 172 31
E X -2 1 125 156 717 592
X P 2 -8 156 156 1217 1061
P E 0 7 156 124 63 -93
E C -2 0 124 125 202 78
C T 2 -2 125 156 219 94
T E 0 2 156 125 109 -47
E D -1 0 125 156 203 78
D Space -2 -1 156 125 140 -16
Space B 1 -1 125 125 811 686
B A 1 4 125 156 63 -62
A B -1 -4 156 140 125 -31
B Y 2 -1 140 156 171 31
Y Space -3 2 156 125 109 -47
Space B 1 -1 125 93 219 94
B O 2 -4 93 141 327 234
O Y 0 3 141 124 266 125
Y Oem1 -1 -4 124 109 1716 1592
Oem1 Space -2 6 109 156 421 312
Space D 2 1 156 140 811 655
D O 1 -6 140 156 1888 1748
O Space -3 5 156 125 109 -47
Space Y 3 -2 125 93 1872 1747
Y O 0 -3 93 172 171 78
O U 0 2 172 109 141 -31
U Space -3 3 109 94 62 -47
Space W 3 2 94 156 390 296
W A -1 1 156 172 78 -78
A N -1 -5 172 109 156 -16
N T 2 1 109 156 141 32
T Space -3 1 156 140 218 62
Space H 2 -2 140 172 686 546
H I 1 -2 172 156 172 0
I M -2 1 156 94 140 -16
M RShiftKey 0 -4 94 218 344 250
RShiftKey OemQuestion 0 1 218 109 156 -62
OemQuestion RShiftKey 0 -1 109 187 1092 983
RShiftKey Oem7 1 0 187 141 124 -63
Oem7 Space -2 7 141 109 375 234
Space LShiftKey 1 4 109 359 374 265
LShiftKey T 2 -5 359 109 250 -109
T H -1 -1 109 124 203 94
H E 1 3 124 125 93 -31
E Space -3 -1 125 124 219 94
Space Back 4 -9 124 156 780 656
Back Y -1 7 156 124 702 546
Y Space -3 2 124 125 93 -31
Space S 2 2 125 202 141 16
S A 0 1 202 250 140 -62
A I 1 -7 250 140 203 -47
I D -1 5 140 156 125 -15
D RShiftKey -1 -8 156 266 1528 1372
RShiftKey Oem1 1 1 266 140 188 -78
Oem1 Space -2 6 140 140 140 0
Space RShiftKey 1 -7 140 218 328 188
RShiftKey Oem7 1 0 218 156 140 -78
Oem7 LShiftKey -1 11 156 374 858 702
LShiftKey O 2 -9 374 109 281 -93
O F -1 5 109 109 359 250
F Space -2 0 109 156 78 -31
Space C 1 1 156 172 1060 904
C O 2 -6 172 187 203 31
O U 0 2 187 125 172 -15
U R 0 3 125 156 156 31
R S -1 2 156 265 125 -31
S E 1 -1 265 156 202 -63
E OemPeriod -2 -6 156 78 2060 1904
OemPeriod RShiftKey 0 -2 78 234 436 358
RShiftKey Oem7 1 0 234 140 172 -62
Oem7 Space -2 7 140 125 1076 936
Space LShiftKey 1 4 125 234 344 219
LShiftKey M 0 -7 234 140 140 -94
M Y 2 1 140 156 484 344
Y Space -3 2 156 140 109 -47
Space B 1 -1 140 156 1388 1248
B I 2 -3 156 234 234 78
I O 0 -1 234 109 172 -62
O L -1 0 109 124 203 94
L O 1 0 124 93 1747 1623
O G -1 4 93 125 312 219
G I 1 -3 125 125 187 62
I C -2 5 125 265 172 47
C A 1 2 265 218 109 -156
A L 0 -8 218 141 140 -78
L Space -2 5 141 94 125 -16
Space M 1 -3 94 125 1482 1388
M O 2 -2 125 141 187 62
O H -1 3 141 140 359 218
H E 1 3 140 265 156 16
E R 0 -1 265 203 140 -125
R Space -3 0 203 125 234 31
Space Back 4 -9 125 141 1373 1248
Back Back 0 0 141 93 219 78
Back Back 0 0 93 78 171 78
Back Back 0 0 78 94 156 78
Back T -1 8 94 156 749 655
T H -1 -1 156 125 140 -16
H E 1 3 125 203 47 -78
E R 0 -1 203 156 125 -78
R Space -3 0 156 109 125 -31
Space L 2 -5 109 156 203 94
L A 0 8 156 171 31 -125
A T 1 -4 171 172 187 16
T E 0 2 172 218 125 -47
E R 0 -1 218 172 171 -47
R Space -3 0 172 125 156 -16
Space F 2 0 125 172 1108 983
F O 1 -5 172 140 203 31
O U 0 2 140 109 218 78
U N -2 1 109 171 172 63
N D 1 3 171 171 203 32
D Space -2 -1 171 141 202 31
Space O 3 -5 141 141 203 62
O U 0 2 141 125 156 15
U T 0 2 125 141 156 31
T Space -3 1 141 125 125 -16
Space T 3 -1 125 94 1825 1700
T H -1 -1 94 94 187 93
H A 0 5 94 156 63 -31
A T 1 -4 156 125 109 -47
T Space -3 1 125 93 94 -31
Space M 1 -3 93 93 780 687
M Y 2 1 93 124 234 141
Y Space -3 2 124 141 93 -31
Space M 1 -3 141 156 187 46
M O 2 -2 156 141 203 47
O T 0 4 141 141 312 171
T H -1 -1 141 125 125 -16
H E 1 3 125 203 78 -47
E R 0 -1 203 156 125 -78
R Space -3 0 156 125 156 0
Space H 2 -2 125 156 951 826
H A 0 5 156 156 94 -62
A D 0 -2 156 171 359 203
D Space -2 -1 171 109 156 -15
Space N 1 -2 109 140 281 172
N E 2 3 140 156 187 47
E V -2 -1 156 124 203 47
V E 2 1 124 187 93 -31
E R 0 -1 187 141 109 -78
R Space -3 0 141 125 172 31
Space G 2 -1 125 140 1966 1841
G R 1 1 140 187 140 0
R A -1 3 187 187 156 -31
A D 0 -2 187 156 156 -31
D U 1 -4 156 141 187 31
U A -1 6 141 140 47 -94
A T 1 -4 140 140 172 32
T E 0 2 140 125 109 -31
E D -1 0 125 187 203 78
D Space -2 -1 187 140 140 -47
Space F 2 0 140 140 172 32
F O 1 -5 140 141 171 31
O R 0 5 141 171 63 -78
R M -2 -3 171 156 156 -15
M Space -1 3 156 125 124 -32
Space C 1 1 125 156 780 655
C O 2 -6 156 109 141 -15
O L -1 0 109 93 203 94
L L 0 0 93 109 140 47
L E 1 6 109 125 62 -47
E G -1 -2 125 125 156 31
G E 1 2 125 109 47 -78
E Space -3 -1 109 140 141 32
Space A 2 3 140 172 530 390
A N -1 -5 172 109 156 -16
N D 1 3 109 171 94 -15
D Space -2 -1 171 109 156 -15
Space T 3 -1 109 94 405 296
T H -1 -1 94 110 187 93
H A 0 5 110 156 32 -78
A T 1 -4 156 125 140 -16
T Space -3 1 125 93 94 -31
Space M 1 -3 93 109 1045 952
M Y 2 1 109 188 249 140
Y Space -3 2 188 171 141 -47
Space F 2 0 171 203 296 125
F A 0 3 203 187 156 -47
A T 1 -4 187 156 172 -15
T H -1 -1 156 125 140 -16
H E 1 3 125 218 94 -31
E R 0 -1 218 141 140 -78
R Space -3 0 141 141 109 -32
Space H 2 -2 141 125 1217 1076
H A 0 5 125 171 94 -31
A D 0 -2 171 141 218 47
D Space -2 -1 141 109 125 -16
Space N 1 -2 109 140 203 94
N E 2 3 140 125 109 -31
E V -2 -1 125 156 296 171
V E 2 1 156 218 172 16
E R 0 -1 218 171 125 -93
R Space -3 0 171 140 187 16
Space G 2 -1 140 124 1888 1748
G R 1 1 124 156 171 47
R A -1 3 156 187 141 -15
A D 0 -2 187 172 171 -16
D U 1 -4 172 156 250 78
U A -1 6 156 140 47 -109
A T 1 -4 140 141 202 62
T E 0 2 141 125 94 -47
E D -1 0 125 156 203 78
D Space -2 -1 156 140 125 -31
Space F 2 0 140 218 109 -31
F R 1 0 218 172 187 -31
R O 0 -5 172 140 47 -125
O M -2 2 140 172 171 31
M Space -1 3 172 141 125 -47
Space H 2 -2 141 140 1467 1326
H I 1 -2 140 140 234 94
I G -1 3 140 140 140 0
G H 0 -1 140 125 125 -15
H Space -2 2 125 110 93 -32
Space S 2 2 110 93 1077 967
S C -1 -1 93 140 265 172
C H 1 -3 140 125 218 78
H O 1 -3 125 62 297 172
O O 0 0 62 109 125 63
O L -1 0 109 110 202 93
L OemPeriod -1 0 110 93 609 499
OemPeriod Back 3 -4 93 94 2917 2824
Back Back 0 0 94 78 187 93
Back R -1 9 78 109 999 921
R O 0 -5 109 110 202 93
O Space -3 5 110 109 2637 2527
Space LShiftKey 1 4 109 375 327 218
LShiftKey S 1 -2 375 171 297 -78
S H 0 -4 171 109 234 63
H E 1 3 109 156 78 -31
E Space -3 -1 156 109 125 -31
Space R 3 0 109 172 1263 1154
R E 0 1 172 141 109 -63
E F -1 -1 141 171 219 78
F U 1 -3 171 125 374 203
U S -1 5 125 156 78 -47
S E 1 -1 156 140 219 63
E D -1 0 140 140 218 78
D Space -2 -1 140 125 140 0
Space T 3 -1 125 140 110 -15
T O 0 -4 140 125 109 -31
O Space -3 5 125 94 93 -32
Space S 2 2 94 171 453 359
S I 1 -6 171 141 218 47
I G -1 3 141 93 219 78
G N -1 -1 93 141 202 109
N Space -1 2 141 109 110 -31
Space T 3 -1 109 141 1107 998
T H -1 -1 141 141 109 -32
H E 1 3 141 141 125 -16
E Space -3 -1 141 109 63 -78
Space F 2 0 109 140 1232 1123
F I 1 -4 140 140 172 32
I N -2 2 140 124 156 16
N A 1 5 124 171 0 -124
A L 0 -8 171 187 234 63
L Space -2 5 187 140 140 -47
Space A 2 3 140 156 811 671
A D 0 -2 156 141 234 78
D O 1 -6 141 141 312 171
O P 0 -1 141 125 109 -32
P T 0 5 125 171 188 63
T I 0 -3 171 109 140 -31
I O 0 -1 109 141 62 -47
O N -2 3 141 156 188 47
N Space -1 2 156 125 93 -63
Space P 3 -6 125 156 172 47
P A -1 9 156 125 109 -47
A P 1 -9 125 125 140 15
P A -1 9 125 218 63 -62
A E 1 -2 218 203 187 -31
E R 0 -1 203 187 125 -78
R S -1 2 187 234 920 733
S OemPeriod -1 -7 234 110 733 499
OemPeriod Space -1 5 110 140 188 78
Space Back 4 -9 140 93 4009 3869
Back Space -4 9 93 109 2340 2247
Space Back 4 -9 109 109 624 515
Back LShiftKey -3 13 109 296 187 78
LShiftKey S 1 -2 296 187 234 -62
S H 0 -4 187 156 234 47
H E 1 3 156 187 78 -78
E Space -3 -1 187 94 156 -31
Space O 3 -5 94 62 983 889
O N -2 3 62 124 359 297
N L 1 -3 124 109 951 827
L Y 1 3 109 124 297 188
Y Space -3 2 124 109 93 -31
Space R 3 0 109 187 858 749
R E 0 1 187 140 141 -46
E L -1 -6 140 125 62 -78
L E 1 6 125 140 156 31
E N -2 -3 140 125 780 640
N T 2 1 125 171 1966 1841
T E 0 2 171 156 156 -15
E D -1 0 156 141 249 93
D Space -2 -1 141 125 172 31
Space A 2 3 125 172 343 218
A Space -2 -3 172 125 140 -32
Space F 2 0 125 156 734 609
F E 1 1 156 250 124 -32
E W 0 1 250 140 406 156
W Space -3 -2 140 141 140 0
Space M 1 -3 141 156 437 296
M O 2 -2 156 156 172 16
O N -2 3 156 141 218 62
N T 2 1 141 156 125 -16
T H -1 -1 156 125 109 -47
H S 0 4 125 203 109 -16
S Space -2 -2 203 156 156 -47
Space L 2 -5 156 172 234 78
L A 0 8 172 156 110 -62
A T 1 -4 156 156 234 78
T E 0 2 156 234 109 -47
E R 0 -1 234 171 156 -78
R Space -3 0 171 172 187 16
Space W 3 2 172 156 593 421
W H -1 -4 156 109 203 47
H E 1 3 109 172 109 0
E N -2 -3 172 125 109 -63
N Space -1 2 125 110 109 -16
Space M 1 -3 110 156 250 140
M Y 2 1 156 140 640 484
Y Space -3 2 140 141 93 -47
Space O 3 -5 141 125 281 140
O P 0 -1 125 109 0 -125
P A -1 9 109 172 31 -78
A R 1 -3 172 171 172 0
R E 0 1 171 172 109 -62
E N -2 -3 172 109 172 0
N B 0 1 109 78 15 -94
B T 2 0 78 141 78 0
T S -1 3 141 156 187 46
S Space -2 -2 156 140 110 -46
Space Back 4 -9 140 109 530 390
Back Back 0 0 109 94 187 78
Back Back 0 0 94 78 187 93
Back Back 0 0 78 94 156 78
Back Back 0 0 94 62 188 94
Back Back 0 0 62 78 156 94
Back Back 0 0 78 78 171 93
Back Back 0 0 78 78 156 78
Back Back 0 0 78 62 172 94
Back Back 0 0 62 46 281 219
Back Back 0 0 46 94 249 203
Back Space -4 9 94 125 328 234
Space P 3 -6 125 156 421 296
P A -1 9 156 187 125 -31
A R 1 -3 187 188 171 -16
R E 0 1 188 172 125 -63
E N -2 -3 172 125 203 31
N T 2 1 125 156 94 -31
T S -1 3 156 187 93 -63
S Space -2 -2 187 109 156 -31
Space P 3 -6 109 125 1248 1139
P R 0 6 125 172 156 31
R O 0 -5 172 140 141 -31
O M -2 2 140 110 202 62
M I 2 -1 110 109 141 31
I S -1 6 109 328 62 -47
S E 1 -1 328 125 328 0
E D -1 0 125 140 234 109
D Space -2 -1 140 156 156 16
Space T 3 -1 156 125 1482 1326
T H -1 -1 125 141 140 15
H A 0 5 141 172 78 -63
A T 1 -4 172 172 156 -16
T Space -3 1 172 125 156 -16
Space LShiftKey 1 4 125 218 671 546
LShiftKey I 2 -8 218 141 140 -78
I Space -3 4 141 141 78 -63
Space W 3 2 141 140 375 234
W O 0 -7 140 187 281 141
O U 0 2 187 93 156 -31
U L -1 -2 93 202 234 141
L D 0 6 202 156 249 47
D Space -2 -1 156 156 94 -62
Space S 2 2 156 171 1638 1482
S O 1 -7 171 140 125 -46
O M -2 2 140 156 171 31
M E 2 4 156 125 78 -78
E D -1 0 125 188 265 140
D A 0 2 188 156 141 -47
A Y 1 -5 156 156 452 296
Y Space -3 2 156 156 109 -47
Space G 2 -1 156 140 890 734
G O 1 -4 140 109 171 31
O Space -3 5 109 124 63 -46
Space T 3 -1 124 156 15 -109
T O 0 -4 156 125 187 31
O Space -3 5 125 125 78 -47
Space A 2 3 125 187 188 63
A Back 2 -12 187 140 530 343
Back C -3 10 140 141 1232 1092
C P 2 -7 141 78 312 171
P O 0 1 78 63 0 -78
O Back 1 -4 63 187 890 827
Back Back 0 0 187 124 312 125
Back O -1 4 124 110 592 468
O L -1 0 110 94 234 124
L L 0 0 94 109 125 31
L G 0 4 109 110 265 156
G E 1 2 110 93 110 0
E Back 1 -10 93 141 826 733
Back Back 0 0 141 94 234 93
Back A -2 12 94 202 1124 1030
A G 0 -4 202 93 421 219
G E 1 2 93 109 109 16
E Back 1 -10 109 172 1014 905
Back Back 0 0 172 125 967 795
Back Back 0 0 125 109 390 265
Back E -1 10 109 125 749 640
E G -1 -2 125 109 203 78
G E 1 2 109 94 93 -16
E OemPeriod -2 -6 94 78 687 593
OemPeriod Return 1 -3 78 109 203 125
Return Return 0 0 109 109 577 468
Return Back 2 -1 109 62 1217 1108
Back LShiftKey -3 13 62 624 1092 1030
LShiftKey A 1 -1 624 156 514 -110
A N -1 -5 156 93 219 63
N D 1 3 93 125 390 297
D Space -2 -1 125 140 577 452
Space Space 0 0 140 125 2293 2153
Space Y 3 -2 125 94 265 140
Y E 0 3 94 172 328 234
E A -1 2 172 203 140 -32
A R 1 -3 203 171 188 -15
R S -1 2 171 203 140 -31
S Space -2 -2 203 140 172 -31
Space L 2 -5 140 141 1762 1622
L A 0 8 141 172 94 -47
A T 1 -4 172 125 234 62
T E 0 2 125 250 78 -47
E R 0 -1 250 156 172 -78
R Space -3 0 156 156 124 -32
Space LShiftKey 1 4 156 234 640 484
LShiftKey I 2 -8 234 171 203 -31
I Space -3 4 171 141 93 -78
Space D 2 1 141 140 250 109
D I 1 -5 140 125 156 16
I D -1 5 125 125 78 -47
D Space -2 -1 125 140 125 0
Space G 2 -1 140 140 1997 1857
G O 1 -4 140 156 140 0
O T 0 4 156 109 109 -47
T Space -3 1 109 109 16 -93
Space T 3 -1 109 141 171 62
T O 0 -4 141 94 94 -47
O Space -3 5 94 109 47 -47
Space Back 4 -9 109 156 905 796
Back Back 0 0 156 78 249 93
Back Back 0 0 78 78 172 94
Back Back 0 0 78 78 156 78
Back Back 0 0 78 141 171 93
Back Space -4 9 141 156 266 125
Space T 3 -1 156 156 218 62
T O 0 -4 156 62 172 16
O Space -3 5 62 109 15 -47
Space C 1 1 109 110 811 702
C O 2 -6 110 125 203 93
O L -1 0 125 78 219 94
L L 0 0 78 110 124 46
L E 1 6 110 109 172 62
E G -1 -2 109 109 94 -15
G E 1 2 109 125 109 0
E Space -3 -1 125 94 140 15
Space Back 4 -9 94 171 796 702
Back OemPeriod -3 4 171 109 780 609
OemPeriod Space -1 5 109 109 140 31
Space LShiftKey 1 4 109 733 375 266
LShiftKey B 0 -5 733 93 655 -78
B U 2 -2 93 109 265 172
U T 0 2 109 110 140 31
T Space -3 1 110 110 78 -32
Space LShiftKey 1 4 110 390 328 218
LShiftKey I 2 -8 390 125 281 -109
I Space -3 4 125 125 62 -63
Space N 1 -2 125 140 1576 1451
N A 1 5 140 234 156 16
A I 1 -7 234 125 421 187
I V -2 4 125 94 234 109
V E 2 1 94 172 109 15
E L -1 -6 172 141 187 15
L Y 1 3 141 156 234 93
Y Space -3 2 156 125 156 0
Space C 1 1 125 156 1186 1061
C H 1 -3 156 109 187 31
H O 1 -3 109 140 281 172
O S -1 7 140 249 94 -46
S E 1 -1 249 171 187 -62
E Space -3 -1 171 140 156 -15
Space A 2 3 140 156 140 0
A Space -2 -3 156 140 172 16
Space C 1 1 140 187 343 203
C O 2 -6 187 78 203 16
O L -1 0 78 94 187 109
L L 0 0 94 125 140 46
L E 1 6 125 140 94 -31
E G -1 -2 140 140 281 141
G E 1 2 140 140 109 -31
E Space -3 -1 140 93 125 -15
Space T 3 -1 93 124 827 734
T A -1 4 124 203 218 94
A H 0 -5 203 62 16 -187
H T 1 1 62 125 140 78
T Space -3 1 125 109 78 -47
Space E 3 1 109 172 140 31
E A -1 2 172 265 141 -31
A S 0 -1 265 234 187 -78
S D 0 -1 234 141 62 -172
D Back 2 -10 141 109 593 452
Back Back 0 0 109 78 203 94
Back Back 0 0 78 109 156 78
Back W -1 11 109 203 281 172
W A -1 1 203 218 156 -47
A S 0 -1 218 203 156 -62
S Back 2 -11 203 109 281 78
Back Back 0 0 109 93 187 78
Back Back 0 0 93 94 171 78
Back Back 0 0 94 78 156 62
Back Back 0 0 78 109 141 63
Back W -1 11 109 172 140 31
W A -1 1 172 203 125 -47
A S 0 -1 203 187 156 -47
S Left -2 -9 187 63 1076 889
Left Left 0 0 63 47 172 109
Left Left 0 0 47 78 140 93
Left Space 0 7 78 109 437 359
Space Right 0 -9 109 109 156 47
Right Right 0 0 109 78 203 94
Right Right 0 0 78 94 421 343
Right Space 0 9 94 124 375 281
Space A 2 3 124 172 3400 3276
A L 0 -8 172 110 234 62
L M -1 2 110 172 437 327
M O 2 -2 172 125 172 0
O S -1 7 125 187 109 -16
S T 1 -3 187 140 234 47
T Space -3 1 140 156 109 -31
Space A 2 3 156 219 655 499
A S 0 -1 219 203 156 -63
S Space -2 -2 203 109 172 -31
Space E 3 1 109 187 484 375
E X -2 1 187 171 702 515
X P 2 -8 171 156 265 94
P E 0 7 156 156 109 -47
E N -2 -3 156 125 234 78
N S 1 4 125 187 94 -31
S I 1 -6 187 140 187 0
I V -2 4 140 156 249 109
V E 2 1 156 202 110 -46
E A -1 2 202 94 218 16
A Space -2 -3 94 156 312 218
Space A 2 3 156 203 125 -31
A S 0 -1 203 187 125 -78
S Back 2 -11 187 109 889 702
Back Back 0 0 109 78 203 94
Back Back 0 0 78 78 171 93
Back Back 0 0 78 78 281 203
Back Space -4 9 78 172 156 78
Space A 2 3 172 187 312 140
A S 0 -1 187 171 281 94
S Space -2 -2 171 156 171 0
Space LShiftKey 1 4 156 656 546 390
LShiftKey S 1 -2 656 156 562 -94
S T 1 -3 156 172 296 140
T A -1 4 172 187 110 -62
A N -1 -5 187 125 202 15
N F 1 2 125 218 2715 2590
F R 1 0 218 109 437 219
R D -1 1 109 171 312 203
D Back 2 -10 171 140 811 640
Back Back 0 0 140 125 218 78
Back O -1 4 125 141 702 577
O R 0 5 141 141 499 358
R D -1 1 141 125 250 109
D Oemcomma -1 -5 125 141 2480 2355
Oemcomma Space -1 4 141 140 141 0
Space A 2 3 140 203 140 0
A N -1 -5 203 203 250 47
N S 1 4 203 172 15 -188
S Space -2 -2 172 124 188 16
Space Back 4 -9 124 156 702 578
Back Back 0 0 156 125 374 218
Back D -2 10 125 140 484 359
D Space -2 -1 140 140 109 -31
Space A 2 3 140 188 93 -47
A L 0 -8 188 78 188 0
L L 0 0 78 94 140 62
L Space -2 5 94 140 156 62
Space O 3 -5 140 140 1217 1077
O F -1 5 140 156 171 31
F Space -2 0 156 156 78 -78
Space M 1 -3 156 94 203 47
M Y 2 1 94 156 219 125
Y Space -3 2 156 125 109 -47
Space W 3 2 125 156 967 842
W O 0 -7 156 141 421 265
O R 0 5 141 156 156 15
R K -1 -4 156 94 187 31
K I 1 0 94 156 156 62
I N -2 2 156 124 188 32
N G 1 1 124 156 31 -93
G OemMinus 2 -6 156 125 1653 1497
OemMinus C -3 8 125 172 250 125
C L 1 -6 172 156 218 46
L A 0 8 156 188 78 -78
A S 0 -1 188 109 250 62
S S 0 0 109 140 172 63
S Space -2 -2 140 156 156 16
Space P 3 -6 156 156 530 374
P A -1 9 156 203 78 -78
A R 1 -3 203 187 187 -16
R E 0 1 187 156 125 -62
E N -2 -3 156 125 140 -16
N T 2 1 125 187 94 -31
T S -1 3 187 188 140 -47
S Oem7 0 -9 188 93 1826 1638
Oem7 Space -2 7 93 140 733 640
Space S 2 2 140 219 764 624
S A 0 1 219 172 156 -63
A V -1 -3 172 156 437 265
V I 2 -4 156 125 187 31
I N -2 2 125 125 187 62
N G 1 1 125 203 63 -62
G S 0 3 203 125 1107 904
S Space -2 -2 125 125 141 16
Space W 3 2 125 140 156 31
W E 0 -1 140 203 296 156
E R 0 -1 203 187 172 -31
R E 0 1 187 156 125 -62
E Space -3 -1 156 156 156 0
Space B 1 -1 156 141 982 826
B E 2 2 141 172 94 -47
E I 0 -5 172 172 156 -16
I N -2 2 172 140 156 -16
N G 1 1 140 156 78 -62
G Space -2 1 156 125 140 -16
Space S 2 2 125 187 203 78
S P 1 -8 187 141 187 0
P E 0 7 141 141 125 -16
E N -2 -3 141 141 187 46
N T 2 1 141 141 203 62
T Space -3 1 141 141 1092 951
Space O 3 -5 141 109 765 624
O N -2 3 109 140 234 125
N Space -1 2 140 125 109 -31
Space M 1 -3 125 94 1232 1107
M Y 2 1 94 141 234 140
Y Space -3 2 141 156 125 -16
Space C 1 1 156 125 234 78
C O 2 -6 125 109 109 -16
O L -1 0 109 78 219 110
L L 0 0 78 110 124 46
L E 1 6 110 125 63 -47
E G -1 -2 125 109 156 31
G E 1 2 109 125 62 -47
E Space -3 -1 125 109 125 0
Space T 3 -1 109 141 967 858
T U 0 -2 141 156 172 31
U I 0 -1 156 109 156 0
I T 0 3 109 94 218 109
T I 0 -3 94 140 188 94
I O 0 -1 140 110 124 -16
O N -2 3 110 93 188 78
N OemPeriod 0 -3 93 94 1887 1794
OemPeriod Space -1 5 94 125 187 93
Space LShiftKey 1 4 125 608 141 16
LShiftKey A 1 -1 608 156 468 -140
A F 0 -3 156 93 281 125
F T 1 -1 93 125 187 94
T E 0 2 125 203 78 -47
E R 0 -1 203 156 109 -94
R Space -3 0 156 125 156 0
Space S 2 2 125 125 1560 1435
S I 1 -6 125 141 265 140
I X -2 6 141 171 219 78
X Space -1 -2 171 140 156 -15
Space M 1 -3 140 172 1154 1014
M O 2 -2 172 125 218 46
O N -2 3 125 141 203 78
N T 2 1 141 234 172 31
T H -1 -1 234 140 109 -125
H S 0 4 140 203 125 -15
S Oemcomma -1 -6 203 109 998 795
Oemcomma Space -1 4 109 156 219 110
Space LShiftKey 1 4 156 265 140 -16
LShiftKey I 2 -8 265 172 156 -109
I Space -3 4 172 125 125 -47
Space C 1 1 125 141 1731 1606
C O 2 -6 141 156 156 15
O U 0 2 156 109 266 110
U L -1 -2 109 140 218 109
L D 0 6 140 109 156 16
D N -1 -3 109 109 484 375
N Oem7 1 -5 109 93 577 468
Oem7 T 1 6 93 109 218 125
T Space -3 1 109 140 141 32
Space S 2 2 140 125 1606 1466
S E 1 -1 125 78 219 94
E E 0 0 78 156 140 62
E Space -3 -1 156 110 109 -47
Space T 3 -1 110 156 203 93
T E 0 2 156 140 359 203
E Space -3 -1 140 125 109 -31
Space Back 4 -9 125 141 655 530
Back Back 0 0 141 125 234 93
Back H -2 7 125 125 531 406
H E 1 3 125 110 93 -32
E Space -3 -1 110 94 78 -32
Space V 1 0 94 124 188 94
V A 1 3 124 203 109 -15
A L 0 -8 203 125 546 343
L U 1 2 125 109 187 62
U E 0 4 109 171 94 -15
E Space -3 -1 171 93 265 94
Space I 3 -4 93 171 2340 2247
I N -2 2 171 234 156 -15
N Space -1 2 234 141 93 -141
Space I 3 -4 141 140 172 31
I T 0 3 140 93 125 -15
T OemPeriod -2 -4 93 125 1045 952
OemPeriod Space -1 5 125 156 4649 4524
Space LShiftKey 1 4 156 265 468 312
LShiftKey I 2 -8 265 140 203 -62
I Space -3 4 140 93 109 -31
Space H 2 -2 93 125 156 63
H A 0 5 125 187 62 -63
A D 0 -2 187 125 359 172
D Space -2 -1 125 125 187 62
Space N 1 -2 125 140 1264 1139
N O 2 -3 140 171 203 63
O Space -3 5 171 125 109 -62
Space I 3 -4 125 140 156 31
I D -1 5 140 93 203 63
D E 1 0 93 141 202 109
E A -1 2 141 187 94 -47
A Space -2 -3 187 109 172 -15
Space W 3 2 109 140 8970 8861
W H -1 -4 140 125 187 47
H A 0 5 125 156 31 -94
A T 1 -4 156 171 203 47
T Space -3 1 171 109 140 -31
Space LShiftKey 1 4 109 266 655 546
LShiftKey I 2 -8 266 109 203 -63
I Space -3 4 109 140 47 -62
Space W 3 2 140 172 468 328
W A -1 1 172 172 109 -63
A N -1 -5 172 125 125 -47
N T 2 1 125 156 94 -31
T E 0 2 156 141 124 -32
E D -1 0 141 171 219 78
D Space -2 -1 171 141 140 -31
Space T 3 -1 141 125 125 -16
T T 0 0 125 172 296 171
T O 0 -4 172 94 234 62
O Back 1 -4 94 125 312 218
Back Back 0 0 125 93 219 94
Back O -1 4 93 140 671 578
O Space -3 5 140 140 78 -62
Space D 2 1 140 156 171 31
D O 1 -6 156 109 125 -31
O Space -3 5 109 110 62 -47
Space W 3 2 110 156 1857 1747
W I 0 -6 156 156 218 62
I T 0 3 156 140 125 -31
T H -1 -1 140 140 94 -46
H Space -2 2 140 140 78 -62
Space M 1 -3 140 125 187 47
M Y 2 1 125 156 218 93
Y Space -3 2 156 125 109 -47
Space L 2 -5 125 125 219 94
L F 0 5 125 218 343 218
F E 1 1 218 156 172 -46
E Space -3 -1 156 140 109 -47
Space A 2 3 140 234 671 531
A N -1 -5 234 140 187 -47
N D 1 3 140 187 78 -62
D Space -2 -1 187 94 171 -16
Space N 1 -2 94 63 203 109
N O 2 -3 63 124 141 78
O Space -3 5 124 125 109 -15
Space U 3 -3 125 125 234 109
U I 0 -1 125 94 15 -110
I Back 1 -5 94 125 843 749
Back Back 0 0 125 702 234 109
Back Back 0 0 702 94 842 140
Back Back 0 0 94 78 187 93
Back Back 0 0 78 78 172 94
Back Back 0 0 78 78 172 94
Back Back 0 0 78 62 156 78
Back Back 0 0 62 109 483 421
Back I -1 5 109 94 577 468
I D -1 5 94 187 203 109
D E 1 0 187 156 94 -93
E Back 1 -10 156 125 530 374
Back Back 0 0 125 141 421 296
Back F -2 9 141 203 219 78
F E 1 1 203 156 140 -63
E Space -3 -1 156 140 125 -31
Space A 2 3 140 234 187 47
A N -1 -5 234 203 187 -47
N D 1 3 203 187 47 -156
D Space -2 -1 187 141 156 -31
Space N 1 -2 141 124 765 624
N O 2 -3 124 140 187 63
O Space -3 5 140 125 109 -31
Space I 3 -4 125 125 140 15
I D -1 5 125 110 156 31
D E 1 0 110 125 219 109
E A -1 2 125 203 62 -63
A Space -2 -3 203 171 375 172
Space H 2 -2 171 125 1918 1747
H O 1 -3 125 172 203 78
O W 0 7 172 125 109 -63
W Space -3 -2 125 109 94 -31
Space C 1 1 109 156 1685 1576
C O 2 -6 156 94 265 109
O L -1 0 94 78 203 109
L L 0 0 78 109 140 62
L E 1 6 109 125 47 -62
E G -1 -2 125 94 187 62
G E 1 2 94 109 47 -47
E Space -3 -1 109 125 140 31
Space W 3 2 125 203 281 156
W A -1 1 203 327 219 16
A S 0 -1 327 156 280 -47
S Space -2 -2 156 156 593 437
Space G 2 -1 156 156 484 328
G O 1 -4 156 125 140 -16
O I 0 1 125 125 187 62
I N -2 2 125 172 156 31
N G 1 1 172 125 63 -109
G Space -2 1 125 140 78 -47
Space T 3 -1 140 140 156 16
T O 0 -4 140 140 47 -93
O Space -3 5 140 109 109 -31
Space H 2 -2 109 125 218 109
H E 1 3 125 171 94 -31
E L -1 -6 171 125 140 -31
L P 1 -1 125 156 219 94
P Space -3 6 156 124 156 0
Space M 1 -3 124 140 156 32
M E 2 4 140 140 109 -31
E Space -3 -1 140 125 109 -31
Space F 2 0 125 124 2590 2465
F I 1 -4 124 94 218 94
I G -1 3 94 125 234 140
G U 1 -2 125 140 172 47
U R 0 3 140 156 124 -16
R E 0 1 156 172 78 -78
E Space -3 -1 172 109 110 -62
Space I 3 -4 109 140 140 31
I T 0 3 140 141 140 0
T Space -3 1 141 109 110 -31
Space O 3 -5 109 125 187 78
O U 0 2 125 94 187 62
U T 0 2 94 94 156 62
T R 0 1 94 78 16 -78
R Back 1 -9 78 141 670 592
Back OemPeriod -3 4 141 78 1779 1638
OemPeriod Space -1 5 78 125 156 78
Space LShiftKey 1 4 125 484 296 171
LShiftKey A 1 -1 484 234 328 -156
A N -1 -5 234 156 593 359
N D 1 3 156 172 93 -63
D Space -2 -1 172 94 125 -47
Space H 2 -2 94 94 1560 1466
H E 1 3 94 171 125 31
E R 0 -1 171 171 125 -46
R E 0 1 171 156 124 -47
E Space -3 -1 156 141 78 -78
Space LShiftKey 1 4 141 312 406 265
LShiftKey I 2 -8 312 141 218 -94
I Space -3 4 141 141 78 -63
Space W 3 2 141 203 219 78
W A -1 1 203 234 171 -32
A S 0 -1 234 172 172 -62
S Space -2 -2 172 125 109 -63
Space S 2 2 125 156 718 593
S P 1 -8 156 172 249 93
P E 0 7 172 156 172 0
E N -2 -3 156 141 187 31
N D 1 3 141 171 63 -78
D I 1 -5 171 172 140 -31
I N -2 2 172 140 234 62
N G 1 1 140 171 16 -124
G Space -2 1 171 140 218 47
Space A 2 3 140 156 1591 1451
A L 0 -8 156 78 219 63
L L 0 0 78 124 156 78
L Space -2 5 124 125 140 16
Space O 3 -5 125 140 858 733
O G -1 4 140 156 156 16
G Space -2 1 156 109 78 -78
Space Back 4 -9 109 156 577 468
Back Back 0 0 156 203 281 125
Back F -2 9 203 140 359 156
F Space -2 0 140 125 109 -31
Space T 3 -1 125 109 515 390
T H -1 -1 109 141 218 109
H E 1 3 141 156 31 -110
E Space -3 -1 156 109 125 -31
Space M 1 -3 109 93 1420 1311
M O 2 -2 93 62 234 141
O N -2 3 62 94 249 187
N E 2 3 94 140 266 172
E Y 0 -3 140 140 156 16
Y Space -3 2 140 125 93 -47
Space M 1 -3 125 109 234 109
M Y 2 1 109 124 219 110
Y Space -3 2 124 109 93 -31
Space P 3 -6 109 124 219 110
P A -1 9 124 156 78 -46
A R 1 -3 156 171 156 0
R E 0 1 171 156 109 -62
E N -2 -3 156 141 140 -16
N T 2 1 141 187 94 -47
T S -1 3 187 187 125 -62
S Space -2 -2 187 156 967 780
Space H 2 -2 156 140 343 187
H A 0 5 140 250 78 -62
A D 0 -2 250 188 218 -32
D Space -2 -1 188 125 156 -32
Space S 2 2 125 265 1935 1810
S A 0 1 265 140 203 -62
A V -1 -3 140 125 218 78
V E 2 1 125 125 140 15
E D -1 0 125 125 219 94
D Space -2 -1 125 125 171 46
Space T 3 -1 125 125 1155 1030
T H -1 -1 125 125 234 109
H E 1 3 125 140 593 468
E I 0 -5 140 140 374 234
I R 0 4 140 156 94 -46
R Space -3 0 156 125 109 -47
Space E 3 1 125 172 733 608
E N -2 -3 172 156 187 15
N T 2 1 156 109 234 78
T I 0 -3 109 156 187 78
I R 0 4 156 171 63 -93
R E 0 1 171 156 109 -62
E Space -3 -1 156 109 156 0
Space L 2 -5 109 140 250 141
L F 0 5 140 203 343 203
F E 1 1 203 141 140 -63
E OemPeriod -2 -6 141 94 1123 982
OemPeriod Space -1 5 94 125 203 109
Space LShiftKey 1 4 125 312 297 172
LShiftKey Back 3 -13 312 109 483 171
Back Back 0 0 109 93 219 110
Back Back 0 0 93 93 187 94
Back Back 0 0 93 109 203 110
Back I -1 5 109 93 655 546
I F -1 4 93 156 265 172
F E 1 1 156 141 109 -47
E OemPeriod -2 -6 141 93 297 156
OemPeriod Space -1 5 93 109 140 47
Space LShiftKey 1 4 109 390 312 203
LShiftKey S 1 -2 390 172 312 -78
S O 1 -7 172 125 203 31
O Space -3 5 125 109 78 -47
Space LShiftKey 1 4 109 530 4555 4446
LShiftKey U 2 -7 530 62 234 -296
U Back 1 -6 62 156 437 375
Back LShiftKey -3 13 156 344 405 249
LShiftKey I 2 -8 344 125 266 -78
I Space -3 4 125 125 78 -47
Space D 2 1 125 172 140 15
D E 1 0 172 125 125 -47
E C -2 0 125 125 187 62
C I 2 -5 125 124 141 16
I D -1 5 124 141 124 0
D E 1 0 141 125 94 -47
E D -1 0 125 156 234 109
D Space -2 -1 156 156 218 62
Space T 3 -1 156 156 3074 2918
T O 0 -4 156 140 140 -16
O Space -3 5 140 109 78 -62
Space D 2 1 109 125 203 94
D R 1 -1 125 141 218 93
R O 0 -5 141 63 265 124
O P 0 -1 63 172 0 -63
P O 0 1 172 62 188 16
O Back 1 -4 62 125 1060 998
Back Back 0 0 125 62 297 172
Back P -1 3 62 109 842 780
P Space -3 6 109 172 125 16
Space O 3 -5 172 156 1576 1404
O U 0 2 156 110 202 46
U T 0 2 110 140 172 62
T Space -3 1 140 125 140 0
Space A 2 3 125 172 983 858
A N -1 -5 172 124 219 47
N D 1 3 124 156 93 -31
D Space -2 -1 156 109 156 0
Space T 3 -1 109 140 125 16
T T 0 0 140 63 218 78
T R 0 1 63 156 16 -47
R U 0 -3 156 109 203 47
U S -1 5 109 187 47 -62
S T 1 -3 187 172 140 -47
T Space -3 1 172 78 187 15
Space T 3 -1 78 109 718 640
T H -1 -1 109 109 203 94
H A 0 5 109 171 31 -78
A T 1 -4 171 124 125 -46
T Space -3 1 124 78 124 0
Space I 3 -4 78 125 125 47
I T 0 3 125 156 125 0
T Space -3 1 156 109 125 -31
Space W 3 2 109 172 187 78
W O 0 -7 172 125 78 -94
O U 0 2 125 109 671 546
U L -1 -2 109 140 234 125
L D 0 6 140 141 218 78
D Space -2 -1 141 125 125 -16
Space A 2 3 125 156 827 702
A L 0 -8 156 78 343 187
L L 0 0 78 125 140 62
L Space -2 5 125 125 94 -31
Space W 3 2 125 171 125 0
W O 0 -7 171 125 109 -62
O R 0 5 125 109 109 -16
R K -1 -4 109 125 203 94
K Space -2 4 125 109 109 -16
Space O 3 -5 109 156 1701 1592
O U 0 2 156 110 202 46
U T 0 2 110 125 203 93
T Space -3 1 125 156 1872 1747
Space LShiftKey 1 4 156 795 406 250
LShiftKey O 2 -9 795 125 343 -452
O K -1 1 125 78 296 171
K OemPeriod -1 -1 78 78 422 344
OemPeriod Back 3 -4 78 125 2402 2324
Back Space -4 9 125 62 5164 5039
Space LShiftKey 1 4 62 328 842 780
LShiftKey I 2 -8 328 94 296 -32
I T 0 3 94 156 219 125
T Space -3 1 156 141 140 -16
Space W 3 2 141 172 1201 1060
W A -1 1 172 203 141 -31
A S 0 -1 203 171 125 -78
S Space -2 -2 171 109 93 -78
Space P 3 -6 109 156 343 234
P R 0 6 156 187 125 -31
R E 0 1 187 141 109 -78
E T 0 -2 141 78 203 62
T T 0 0 78 140 125 47
T Y 0 -1 140 124 172 32
Y Space -3 2 124 109 93 -31
Space S 2 2 109 156 1763 1654
S C -1 -1 156 187 250 94
C A 1 2 187 172 140 -47
A R 1 -3 172 141 187 15
R Y 0 -2 141 109 281 140
Y Space -3 2 109 141 62 -47
Space A 2 3 141 172 156 15
A T 1 -4 172 125 141 -31
T Space -3 1 125 109 109 -16
Space T 3 -1 109 94 187 78
T H -1 -1 94 140 203 109
H E 1 3 140 78 109 -31
E Space -3 -1 78 172 1014 936
Space T 3 -1 172 140 297 125
T I 0 -3 140 140 218 78
I M -2 1 140 140 172 32
M E 2 4 140 124 78 -62
E Oemcomma -2 -5 124 125 1497 1373
Oemcomma Space -1 4 125 125 94 -31
Space B 1 -1 125 125 249 124
B U 2 -2 125 78 250 125
U T 0 2 78 124 94 16
T Space -3 1 124 125 93 -31
Space L 2 -5 125 125 343 218
L O 1 0 125 296 219 94
O O 0 0 296 109 858 562
O K -1 1 109 93 203 94
K I 1 0 93 141 171 78
I N -2 2 141 125 172 31
N G 1 1 125 156 78 -47
G Space -2 1 156 171 234 78
Space B 1 -1 171 125 1326 1155
B A 1 4 125 140 125 0
A C -1 -2 140 172 124 -16
C K 1 -5 172 125 234 62
K Space -2 4 125 125 78 -47
Space I 3 -4 125 125 156 31
I T 0 3 125 140 94 -31
T W 0 3 140 187 468 328
W A -1 1 187 187 172 -15
A S 0 -1 187 219 124 -63
S Space -2 -2 219 124 188 -31
Space O 3 -5 124 141 327 203
O N -2 3 141 156 187 46
N R 2 2 156 140 188 32
R Space -3 0 140 141 171 31
Space Back 4 -9 141 141 499 358
Back Back 0 0 141 125 203 62
Back E -1 10 125 125 577 452
E Space -3 -1 125 125 63 -62
Space O 3 -5 125 124 203 78
O F -1 5 124 156 156 32
F Space -2 0 156 156 31 -125
Space T 3 -1 156 78 265 109
T H -1 -1 78 156 203 125
H E 1 3 156 140 125 -31
E Space -3 -1 140 141 124 -16
Space B 1 -1 141 140 1030 889
B E 2 2 140 171 125 -15
E S -1 1 171 187 125 -46
S T 1 -3 187 140 156 -31
T Space -3 1 140 125 93 -47
Space D 2 1 125 187 390 265
D E 1 0 187 156 109 -78
E C -2 0 156 141 390 234
C I 2 -5 141 78 250 109
I S -1 6 78 140 78 0
S I 1 -6 140 234 203 63
I O 0 -1 234 125 140 -94
O N -2 3 125 140 203 78
N S 1 4 140 140 125 -15
S Space -2 -2 140 172 1747 1607
Space LShiftKey 1 4 172 266 218 46
LShiftKey I 2 -8 266 125 172 -94
I Space -3 4 125 125 78 -47
Space W 3 2 125 187 343 218
W Back 1 -11 187 187 453 266
Back E -1 10 187 156 249 62
E V -2 -1 156 125 515 359
V E 2 1 125 141 109 -16
E R 0 -1 141 156 63 -78
R Space -3 0 156 93 156 0
Space M 1 -3 93 141 202 109
M A 1 6 141 156 47 -94
A D 0 -2 156 156 219 63
D E 1 0 156 141 124 -32
E OemPeriod -2 -6 141 125 6022 5881
OemPeriod Space -1 5 125 141 187 62
Space LShiftKey 1 4 141 593 640 499
LShiftKey T 2 -5 593 156 359 -234
T H -1 -1 156 141 280 124
H E 1 3 141 140 110 -31
E W 0 1 140 109 15 -125
W Space -3 -2 109 93 63 -46
Space Back 4 -9 93 124 1170 1077
Back Back 0 0 124 125 405 281
Back Space -4 9 125 140 437 312
Space M 1 -3 140 140 1342 1202
M I 2 -1 140 110 202 62
I N -2 2 110 109 172 62
N U 2 -1 109 125 156 47
U T 0 2 125 187 203 78
T E 0 2 187 156 109 -78
E Space -3 -1 156 125 140 -16
Space LShiftKey 1 4 125 250 390 265
LShiftKey Space -1 -4 250 125 250 0
Space D 2 1 125 110 608 483
D R 1 -1 110 141 203 93
R O 0 -5 141 125 156 15
O P 0 -1 125 94 187 62
P P 0 0 94 125 141 47
P E 0 7 125 125 62 -63
E D -1 0 125 140 203 78
D Space -2 -1 140 109 125 -15
Space O 3 -5 109 109 1638 1529
O U 0 2 109 125 218 109
U T 0 2 125 109 141 16
T Space -3 1 109 109 109 0
Space LShiftKey 1 4 109 249 156 47
LShiftKey I 2 -8 249 125 140 -109
I Space -3 4 125 125 78 -47
Space C 1 1 125 156 172 47
C O 2 -6 156 140 125 -31
O U 0 2 140 94 171 31
U O 0 -2 94 62 203 109
O L -1 0 62 78 0 -62
L D 0 6 78 110 140 62
D Space -2 -1 110 156 203 93
Space Back 4 -9 156 46 687 531
Back Back 0 0 46 93 187 141
Back Back 0 0 93 94 187 94
Back Back 0 0 94 78 172 78
Back L -2 4 78 109 858 780
L D 0 6 109 125 249 140
D Space -2 -1 125 141 109 -16
Space S 2 2 141 140 1264 1123
S T 1 -3 140 156 234 94
T O 0 -4 156 218 312 156
O P 0 -1 218 124 406 188
P Space -3 6 124 141 280 156
Space T 3 -1 141 156 1592 1451
T A -1 4 156 219 93 -63
A K 0 -7 219 94 187 -32
K I 1 0 94 140 172 78
I N -2 2 140 172 140 0
N G 1 1 172 171 63 -109
G Space -2 1 171 172 109 -62
Space T 3 -1 172 94 140 -32
T H -1 -1 94 156 188 94
H E 1 3 156 141 93 -63
E Space -3 -1 141 109 125 -16
Space R 3 0 109 172 296 187
R E 0 1 172 140 110 -62
E Q 0 2 140 125 889 749
Q U 0 -6 125 78 218 93
U I 0 -1 78 125 172 94
I R 0 4 125 140 47 -78
R E 0 1 140 125 62 -78
E D -1 0 125 125 218 93
D Space -2 -1 125 109 125 0
Space C 1 1 109 172 156 47
C L 1 -6 172 140 172 0
L A 0 8 140 156 93 -47
A S 0 -1 156 110 156 0
S S 0 0 110 218 188 78
S E 1 -1 218 141 202 -16
E S -1 1 141 156 125 -16
S Space -2 -2 156 156 109 -47
Space T 3 -1 156 93 2091 1935
T H -1 -1 93 109 203 110
H A 0 5 109 172 46 -63
A T 1 -4 172 125 125 -47
T Space -3 1 125 93 94 -31
Space D 2 1 93 125 156 63
D I 1 -5 125 140 187 62
I D -1 5 140 125 140 0
D N -1 -3 125 78 453 328
N Oem7 1 -5 78 78 624 546
Oem7 T 1 6 78 125 249 171
T Space -3 1 125 93 141 16
Space I 3 -4 93 125 1669 1576
I N -2 2 125 156 172 47
N T 2 1 156 156 124 -32
T E 0 2 156 187 110 -46
E R 0 -1 187 202 156 -31
R E 0 1 202 124 156 -46
E S -1 1 124 219 327 203
S T 1 -3 219 172 187 -32
T Space -3 1 172 110 156 -16
Space M 1 -3 110 156 219 109
M E 2 4 156 125 109 -47
E Space -3 -1 125 125 140 15
Space Back 4 -9 125 109 1436 1311
Back Oemcomma -3 5 109 156 998 889
Oemcomma Space -1 4 156 125 125 -31
Space A 2 3 125 203 811 686
A N -1 -5 203 156 218 15
N D 1 3 156 171 110 -46
D Space -2 -1 171 94 140 -31
Space B 1 -1 94 125 156 62
B E 2 2 125 124 94 -31
E G -1 -2 124 172 561 437
G I 1 -3 172 125 125 -47
I N -2 2 125 156 172 47
N Space -1 2 156 125 140 -16
Space D 2 1 125 110 1934 1809
D R 1 -1 110 141 203 93
R O 0 -5 141 125 250 109
O P 0 -1 125 62 187 62
P P 0 0 62 109 109 47
P I 0 2 109 140 219 110
I N -2 2 140 156 171 31
N G 1 1 156 156 94 -62
G Space -2 1 156 125 93 -63
Space I 3 -4 125 94 1030 905
I N -2 2 94 140 156 62
N Space -1 2 140 125 109 -31
Space O 3 -5 125 141 109 -16
O N -2 3 141 280 266 125
N Space -1 2 280 218 234 -46
Space T 3 -1 218 110 1762 1544
T H -1 -1 110 156 203 93
H E 1 3 156 171 94 -62
E Space -3 -1 171 125 296 125
Space O 3 -5 125 125 671 546
O N -2 3 125 171 203 78
N E 2 3 171 156 78 -93
E S -1 1 156 187 203 47
S Space -2 -2 187 125 171 -16
Space T 3 -1 125 156 1061 936
T H -1 -1 156 125 109 -47
H A 0 5 125 187 94 -31
A T 1 -4 187 156 125 -62
T Space -3 1 156 94 140 -16
Space L 2 -5 94 172 343 249
L O 1 0 172 78 390 218
O K -1 1 78 62 203 125
K K 0 0 62 125 140 78
K E 1 5 125 94 94 -31
E D -1 0 94 124 172 78
D Space -2 -1 124 110 124 0
Space Back 4 -9 110 125 453 343
Back Back 0 0 125 78 203 78
Back Back 0 0 78 78 171 93
Back Back 0 0 78 78 172 94
Back Back 0 0 78 94 156 78
Back O -1 4 94 93 718 624
O K -1 1 93 140 140 47
K E 1 5 140 109 109 -31
E D -1 0 109 156 203 94
D Space -2 -1 156 125 109 -47
Space I 3 -4 125 124 1233 1108
I N -2 2 124 156 187 63
N T 2 1 156 156 109 -47
T E 0 2 156 171 125 -31
E R 0 -1 171 172 140 -31
R E 0 1 172 109 125 -47
E S -1 1 109 156 187 78
S T 1 -3 156 109 125 -31
T I 0 -3 109 156 281 172
I N -2 2 156 125 171 15
N G 1 1 125 140 63 -62
G OemPeriod -1 -4 140 94 873 733
OemPeriod Return 1 -3 94 124 3386 3292
Return LShiftKey -1 12 124 359 4383 4259
LShiftKey I 2 -8 359 156 265 -94
I Space -3 4 156 47 125 -31
Space Back 4 -9 47 141 468 421
Back T -1 8 141 156 609 468
T Space -3 1 156 110 124 -32
Space W 3 2 110 187 515 405
W A -1 1 187 218 172 -15
A S 0 -1 218 141 140 -78
S N -1 -4 141 93 874 733
N Oem7 1 -5 93 109 468 375
Oem7 T 1 6 109 140 203 94
T Space -3 1 140 156 249 109
Space A 2 3 156 172 125 -31
A L 0 -8 172 47 187 15
L L 0 0 47 109 125 78
L Space -2 5 109 125 109 0
Space R 3 0 125 109 2512 2387
R O 0 -5 109 93 203 94
O M -2 2 93 124 156 63
M A 1 6 124 156 62 -62
A N -1 -5 156 125 140 -16
N T 2 1 125 109 203 78
T I 0 -3 109 110 265 156
I C -2 5 110 125 156 46
C OemPeriod 0 -6 125 94 468 343
OemPeriod Space -1 5 94 94 172 78
Space LShiftKey 1 4 94 780 593 499
LShiftKey I 2 -8 780 156 639 -141
I Space -3 4 156 109 141 -15
Space D 2 1 109 140 187 78
D I 1 -5 140 125 140 0
I D -1 5 125 141 234 109
D N -1 -3 141 125 1092 951
N Oem7 1 -5 125 125 1155 1030
Oem7 T 1 6 125 125 343 218
T Back 1 -8 125 125 3588 3463
Back Space -4 9 125 140 3042 2917
Space H 2 -2 140 140 546 406
H A 0 5 140 171 94 -46
A V -1 -3 171 125 140 -31
V E 2 1 125 172 156 31
E Space -3 -1 172 109 203 31
Space A 2 3 109 188 93 -16
A Space -2 -3 188 140 328 140
Space D 2 1 140 140 1451 1311
D O 1 -6 140 140 156 16
O R 0 5 140 110 93 -47
R M -2 -3 110 141 156 46
M Space -1 3 141 124 110 -31
Space R 3 0 124 140 265 141
R O 0 -5 140 62 125 -15
O O 0 0 62 125 109 47
O M -2 2 125 93 156 31
M Oemcomma 0 -1 93 78 1934 1841
Oemcomma Space -1 4 78 109 141 63
Space S 2 2 109 156 171 62
S O 1 -7 156 78 156 0
O Space -3 5 78 125 47 -31
Space LShiftKey 1 4 125 203 281 156
LShiftKey I 2 -8 203 141 93 -110
I Space -3 4 141 125 78 -63
Space S 2 2 125 141 749 624
S L 0 -7 141 125 562 421
L E 1 6 125 141 171 46
E P 0 -7 141 140 188 47
P T 0 5 140 109 265 125
T Space -3 1 109 156 1061 952
Space O 3 -5 156 109 1029 873
O N -2 3 109 140 219 110
N Space -1 2 140 109 109 -31
Space T 3 -1 109 110 171 62
T H -1 -1 110 141 203 93
H E 1 3 141 140 94 -47
E Space -3 -1 140 125 187 47
Space F 2 0 125 124 172 47
F L 0 -5 124 94 93 -31
L O 1 0 94 62 203 109
O O 0 0 62 125 125 63
O R 0 5 125 125 109 -16
R Space -3 0 125 156 265 140
Space I 3 -4 156 140 1342 1186
I N -2 2 140 156 203 63
N Space -1 2 156 125 124 -32
Space F 2 0 125 94 47 -78
F R 1 0 94 110 187 93
R I 0 -4 110 124 110 0
I E 0 5 124 109 1622 1498
E N -2 -3 109 156 265 156
N D 1 3 156 140 375 219
D S 0 1 140 141 795 655
S Oem7 0 -9 141 93 484 343
Oem7 Space -2 7 93 172 530 437
Space R 3 0 172 156 874 702
R O 0 -5 156 94 265 109
O O 0 0 94 109 156 62
O M -2 2 109 109 156 47
M S 1 5 109 156 1326 1217
S Oemcomma -1 -6 156 78 218 62
Oemcomma Space -1 4 78 94 172 94
Space LShiftKey 1 4 94 608 406 312
LShiftKey I 2 -8 608 125 499 -109
I Space -3 4 125 125 78 -47
Space R 3 0 125 156 171 46
R E 0 1 156 171 110 -46
E T 0 -2 171 125 171 0
T U 0 -2 125 125 172 47
U R 0 3 125 140 78 -47
R N -2 -2 140 125 187 47
N E 2 3 125 124 94 -31
E D -1 0 124 141 202 78
D Space -2 -1 141 156 234 93
Space LShiftKey 1 4 156 312 3401 3245
LShiftKey C 0 -3 312 156 234 -78
C O 2 -6 156 94 203 47
O K -1 1 94 109 156 62
K E 1 5 109 125 62 -47
E Space -3 -1 125 125 156 31
Space B 1 -1 125 140 219 94
B O 2 -4 140 109 187 47
O T 0 4 109 78 172 63
T T 0 0 78 140 140 62
T L -1 -4 140 125 156 16
L E 1 6 125 140 94 -31
E S -1 1 140 156 1248 1108
S Space -2 -2 156 140 156 0
Space F 2 0 140 140 265 125
F O 1 -5 140 124 125 -15
O R 0 5 124 156 109 -15
R Space -3 0 156 125 62 -94
Space T 3 -1 125 94 515 390
T H -1 -1 94 93 203 109
H E 1 3 93 124 47 -46
E Space -3 -1 124 109 140 16
Space Space 0 0 109 140 3136 3027
Space C 1 1 140 172 327 187
C E 2 0 172 125 156 -16
E N -2 -3 125 141 31 -94
N T 2 1 141 156 156 15
T S -1 3 156 172 156 0
S Space -2 -2 172 109 125 -47
Space D 2 1 109 171 531 422
D E 1 0 171 156 124 -47
E P 0 -7 156 93 1077 921
P O 0 1 93 109 187 94
O S -1 7 109 172 156 47
S I 1 -6 172 110 608 436
I T 0 3 110 141 156 46
T Space -3 1 141 125 141 0
Space T 3 -1 125 156 265 140
T Space -3 1 156 124 172 16
Space Back 4 -9 124 171 1092 968
Back Back 0 0 171 172 530 359
Back Back 0 0 172 109 250 78
Back S -2 11 109 140 234 125
S Space -2 -2 140 109 156 16
Space T 3 -1 109 140 530 421
T O 0 -4 140 140 125 -15
O Space -3 5 140 109 78 -62
Space B 1 -1 109 140 265 156
B U 2 -2 140 187 250 110
U Y 0 1 187 172 140 -47
Y Space -3 2 172 141 140 -32
Space F 2 0 141 156 2200 2059
F O 1 -5 156 63 265 109
O O 0 0 63 140 125 62
O D -1 6 140 125 78 -62
D S 0 1 125 93 16 -109
S Space -2 -2 93 125 109 16
Space Back 4 -9 125 109 593 468
Back Back 0 0 109 93 187 78
Back Space -4 9 93 156 187 94
Space W 3 2 156 156 577 421
W I 0 -6 156 125 281 125
I T 0 3 125 78 187 62
T R 0 1 78 63 0 -78
R H -1 -2 63 109 78 15
H Back 2 -7 109 125 874 765
Back Back 0 0 125 63 218 93
Back H -2 7 63 110 967 904
H Oemcomma -1 -2 110 140 1545 1435
Oemcomma Space -1 4 140 140 125 -15
Space A 2 3 140 187 171 31
A N -1 -5 187 156 156 -31
N Space -1 2 156 125 109 -47
Space LShiftKey 1 4 125 733 531 406
LShiftKey I 2 -8 733 125 639 -94
I Space -3 4 125 125 78 -47
Space W 3 2 125 187 406 281
W O 0 -7 187 140 125 -62
O U 0 2 140 109 296 156
U L -1 -2 109 140 219 110
L D 0 6 140 140 109 -31
D Space -2 -1 140 109 109 -31
Space W 3 2 109 218 1014 905
W A -1 1 218 172 187 -31
A L 0 -8 172 125 187 15
L K 0 1 125 125 531 406
K Space -2 4 125 125 93 -32
Space W 3 2 125 297 437 312
W E 0 -1 297 62 63 -234
E Back 1 -10 62 141 1450 1388
Back I -1 5 141 141 702 561
I T 0 3 141 141 156 15
T H -1 -1 141 94 125 -16
H Space -2 2 94 140 63 -31
Space Back 4 -9 140 125 5413 5273
Back Back 0 0 125 94 249 124
Back Back 0 0 94 78 188 94
Back Back 0 0 78 63 202 124
Back Back 0 0 63 109 297 234
Back T -1 8 109 78 1029 920
T H -1 -1 78 156 188 110
H E 1 3 156 141 93 -63
E Space -3 -1 141 124 63 -78
Space D7 4 -3 124 109 405 281
D7 Space -4 3 109 93 94 -15
Space M 1 -3 93 140 187 94
M L 1 -2 140 187 484 344
L E 1 6 187 141 202 15
E S -1 1 141 156 718 577
S Space -2 -2 156 109 156 0
Space A 2 3 109 188 140 31
A C -1 -2 188 109 796 608
C R 2 -1 109 141 218 109
R O 0 -5 141 125 250 109
O S -1 7 125 109 109 -16
S S 0 0 109 125 172 63
S Space -2 -2 125 125 156 31
Space T 3 -1 125 125 951 826
T O 0 -4 125 141 156 31
O W 0 7 141 171 297 156
W N -2 -4 171 140 187 16
N Space -1 2 140 140 94 -46
Space E 3 1 140 140 140 0
E V -2 -1 140 125 187 47
V E 2 1 125 124 63 -62
E R 0 -1 124 125 202 78
R Y 0 -2 125 93 141 16
Y D -1 3 93 203 171 78
D A 0 2 203 156 141 -62
A Y 1 -5 156 187 281 125
Y Back 1 -7 187 187 1575 1388
Back Back 0 0 187 93 297 110
Back Back 0 0 93 171 312 219
Back Back 0 0 171 156 577 406
Back Y -1 7 156 124 1061 905
Y Space -3 2 124 125 93 -31
Space LShiftKey 1 4 125 280 141 16
LShiftKey S 1 -2 280 172 202 -78
S U 1 -5 172 109 219 47
U N -2 1 109 125 156 47
N D 1 3 125 187 78 -47
D A 0 2 187 188 93 -94
A Y 1 -5 188 125 219 31
Y Space -3 2 125 156 874 749
Space N 1 -2 156 156 421 265
N I 2 -2 156 125 218 62
I G -1 3 125 94 203 78
G H 0 -1 94 140 172 78
H T 1 1 140 140 78 -62
T Space -3 1 140 125 109 -31
Space T 3 -1 125 141 140 15
T O 0 -4 141 124 63 -78
O Space -3 5 124 125 93 -31
Space G 2 -1 125 140 328 203
G E 1 2 140 187 62 -78
E T 0 -2 187 171 172 -15
T Space -3 1 171 125 140 -31
Space O 3 -5 125 94 1373 1248
O N -2 3 94 156 172 78
N E 2 3 156 156 78 -78
E Space -3 -1 156 125 109 -47
Space G 2 -1 125 140 203 78
G O 1 -4 140 63 171 31
O O 0 0 63 125 109 46
O G -1 4 125 93 110 -15
G Back 2 -8 93 156 514 421
Back D -2 10 156 140 141 -15
D Space -2 -1 140 109 889 749
Space M 1 -3 109 140 250 141
M E 2 4 140 188 124 -16
E A -1 2 188 172 156 -32
A L 0 -8 172 125 437 265
L Space -2 5 125 156 671 546
Space A 2 3 156 219 109 -47
A Space -2 -3 219 156 468 249
Space W 3 2 156 125 858 702
W E 0 -1 125 78 437 312
E E 0 0 78 109 156 78
E K -1 -5 109 124 172 63
K Space -2 4 124 125 93 -31
Space A 2 3 125 202 141 16
A T 1 -4 202 172 1544 1342
T Space -3 1 172 124 94 -78
Space T 3 -1 124 124 156 32
T H -1 -1 124 156 234 110
H E 1 3 156 140 234 78
E Space -3 -1 140 109 156 16
Space LShiftKey 1 4 109 749 670 561
LShiftKey H 1 -6 749 110 702 -47
H A 0 5 110 203 219 109
A R 1 -3 203 171 203 0
R E 0 1 171 141 93 -78
E Space -3 -1 141 156 468 327
Space LShiftKey 1 4 156 499 1061 905
LShiftKey K 1 -8 499 109 390 -109
K R 1 4 109 125 265 156
R I 0 -4 125 140 219 94
I S -1 6 140 156 93 -47
S H 0 -4 156 93 141 -15
H N -1 0 93 125 202 109
N A 1 5 125 156 125 0
A Space -2 -3 156 141 187 31
Space LShiftKey 1 4 141 593 484 343
LShiftKey T 2 -5 593 125 1092 499
T E 0 2 125 140 718 593
E M -2 -4 140 109 156 16
M P 2 -3 109 156 218 109
P L -1 1 156 78 172 16
L E 1 6 78 141 124 46
E D -1 0 141 172 4649 4508
D I 1 -5 172 109 1857 1685
I OemPeriod -2 -1 109 94 5444 5335
OemPeriod Space -1 5 94 156 234 140
Space LShiftKey 1 4 156 234 187 31
LShiftKey I 2 -8 234 140 141 -93
I Space -3 4 140 109 93 -47
Space L 2 -5 109 94 780 671
L O 1 0 94 93 172 78
O V -2 5 93 141 218 125
V E 2 1 141 140 63 -78
E D -1 0 140 172 218 78
D Space -2 -1 172 125 140 -32
Space T 3 -1 125 141 281 156
T I 0 -3 141 141 187 46
I Back 1 -5 141 124 344 203
Back Back 0 0 124 125 187 63
Back I -1 5 125 93 827 702
I T 0 3 93 141 93 0
T OemPeriod -2 -4 141 94 421 280
OemPeriod Space -1 5 94 141 2184 2090
Space LShiftKey 1 4 141 405 219 78
LShiftKey A 1 -1 405 156 296 -109
A N -1 -5 156 125 265 109
N D 1 3 125 140 110 -15
D Space -2 -1 140 109 156 16
Space M 1 -3 109 140 265 156
M U 2 0 140 141 218 78
U C -2 4 141 156 172 31
C H 1 -3 156 140 156 0
H Space -2 2 140 125 93 -47
Space O 3 -5 125 156 1326 1201
O F -1 5 156 141 203 47
F Space -2 0 141 109 125 -16
Space W 3 2 109 203 499 390
W H -1 -4 203 125 187 -16
H A 0 5 125 202 32 -93
A T 1 -4 202 188 202 0
T Space -3 1 188 156 234 46
Space LShiftKey 1 4 156 327 921 765
LShiftKey I 2 -8 327 140 203 -124
I Space -3 4 140 140 62 -78
Space S 2 2 140 140 593 453
S T 1 -3 140 125 234 94
T I 0 -3 125 109 234 109
I Back 1 -5 109 156 421 312
Back U -1 6 156 109 265 109
U M -2 0 109 62 250 141
M B 0 2 62 110 171 109
B L 1 -4 110 140 219 109
L E 1 6 140 109 125 -15
E D -1 0 109 141 202 93
D Space -2 -1 141 109 125 -16
Space I 3 -4 109 125 2028 1919
I N -2 2 125 141 156 31
N T 2 1 141 125 109 -32
T O 0 -4 125 141 125 0
O Space -3 5 141 125 94 -47
Space T 3 -1 125 125 265 140
T H -1 -1 125 141 218 93
H E 1 3 141 125 78 -63
E Space -3 -1 125 109 110 -15
Space F 2 0 109 140 764 655
F O 1 -5 140 109 203 63
O L -1 0 109 78 218 109
L L 0 0 78 93 141 63
L W 1 7 93 188 124 31
W O 0 -7 188 109 125 -63
O I 0 1 109 125 187 78
I N -2 2 125 202 188 63
N G 1 1 202 172 46 -156
G Back 2 -8 172 156 1794 1622
Back Back 0 0 156 110 234 78
Back Back 0 0 110 125 437 327
Back Back 0 0 125 94 203 78
Back Back 0 0 94 125 296 202
Back O -1 4 125 94 718 593
O W 0 7 94 125 374 280
W I 0 -6 125 109 188 63
I N -2 2 109 140 156 47
N G 1 1 140 125 93 -47
G Space -2 1 125 140 1373 1248
Space M 1 -3 140 109 343 203
M Y 2 1 109 141 234 125
Y Space -3 2 141 125 109 -32
Space C 1 1 125 140 609 484
C U 2 -4 140 109 218 78
U R 0 3 109 140 141 32
R I 0 -4 140 110 202 62
I O 0 -1 110 140 1311 1201
O S -1 7 140 141 171 31
S I 1 -6 141 78 749 608
I T 0 3 78 125 172 94
T Y 0 -1 125 141 140 15
Y Space -3 2 141 125 78 -63
Space A 2 3 125 203 671 546
A N -1 -5 203 172 156 -47
N D 1 3 172 172 78 -94
D Space -2 -1 172 110 140 -32
Space I 3 -4 110 156 281 171
I N -2 2 156 141 234 78
N T 2 1 141 124 375 234
T U 0 -2 124 156 234 110
U I 0 -1 156 109 140 -16
I T 0 3 109 140 172 63
T U 0 -2 140 156 93 -47
U I 0 -1 156 125 125 -31
I Back 1 -5 125 125 390 265
Back Back 0 0 125 124 3370 3245
Back I -1 5 124 156 748 624
I O 0 -1 156 124 110 -46
O N -2 3 124 110 202 78
N Space -1 2 110 172 1139 1029
Space T 3 -1 172 156 1248 1076
T U 0 -2 156 110 265 109
U R 0 3 110 140 94 -16
R N -2 -2 140 156 156 16
N E 2 3 156 125 109 -47
E D -1 0 125 124 219 94
D Space -2 -1 124 125 93 -31
Space O 3 -5 125 140 203 78
O U 0 2 140 124 172 32
U T 0 2 124 172 140 16
T Space -3 1 172 125 140 -32
Space T 3 -1 125 187 1311 1186
T O 0 -4 187 125 171 -16
O Space -3 5 125 125 78 -47
Space B 1 -1 125 156 453 328
B E 2 2 156 156 93 -63
E Space -3 -1 156 109 94 -62
Space P 3 -6 109 156 296 187
P R 0 6 156 140 110 -46
R I 0 -4 140 172 202 62
I C -2 5 172 141 125 -47
C E 2 0 141 140 125 -16
E L -1 -6 140 141 187 47
L E 1 6 141 125 94 -47
E S -1 1 125 156 203 78
S S 0 0 156 125 202 46
S Space -2 -2 125 125 874 749
Space L 2 -5 125 172 452 327
L A 0 8 172 172 94 -78
A T 1 -4 172 156 140 -32
T E 0 2 156 234 110 -46
E R 0 -1 234 156 171 -63
R Space -3 0 156 171 94 -62
Space O 3 -5 171 125 218 47
O N -2 3 125 110 187 62
N OemPeriod 0 -3 110 109 500 390
OemPeriod Space -1 5 109 140 1638 1529
Space LShiftKey 1 4 140 250 358 218
LShiftKey L 1 -9 250 141 203 -47
L E 1 6 141 171 219 78
E T 0 -2 171 156 124 -47
T Space -3 1 156 140 110 -46
Space M 1 -3 140 156 171 31
M E 2 4 156 141 78 -78
E Space -3 -1 141 125 109 -32
Space G 2 -1 125 156 1233 1108
G I 1 -3 156 125 234 78
I V -2 4 125 156 203 78
V E 2 1 156 125 93 -63
E Space -3 -1 125 125 94 -31
Space Y 3 -2 125 109 1934 1809
Y O 0 -3 109 172 156 47
O U 0 2 172 156 109 -63
U Space -3 3 156 125 94 -62
Space O 3 -5 125 125 218 93
O N -2 3 125 156 203 78
N E 2 3 156 140 94 -62
E Space -3 -1 140 93 125 -15
Space E 3 1 93 141 514 421
E X -2 1 141 203 297 156
X A 1 1 203 172 140 -63
A M -1 -6 172 109 203 31
M P 2 -3 109 156 156 47
P L -1 1 156 94 156 0
L K 0 1 94 62 16 -78
K E 1 5 62 125 93 31
E Back 1 -10 125 109 1030 905
Back Back 0 0 109 124 203 94
Back E -1 10 124 110 280 156
E RShiftKey -2 -8 110 296 2200 2090
RShiftKey Oem1 1 1 296 171 250 -46
Oem1 Return 0 -2 171 124 312 141
Return LShiftKey -1 12 124 1170 1123 999
LShiftKey R 2 -4 1170 187 1076 -94
R E 0 1 187 78 219 32
E E 0 0 78 124 156 78
E D -1 0 124 125 187 63
D Space -2 -1 125 109 125 0
Space LShiftKey 1 4 109 390 124 15
LShiftKey C 0 -3 390 265 297 -93
C D 1 0 265 125 62 -203
D O 1 -6 125 109 94 -31
O L -1 0 109 63 249 140
L L 0 0 63 93 141 78
L E 1 6 93 156 93 0
E Back 1 -10 156 140 562 406
Back Back 0 0 140 94 218 78
Back Back 0 0 94 62 172 78
Back Back 0 0 62 78 140 78
Back Back 0 0 78 110 156 78
Back Back 0 0 110 78 297 187
Back LShiftKey -3 13 78 312 749 671
LShiftKey C 0 -3 312 156 202 -110
C O 2 -6 156 94 250 94
O L -1 0 94 47 218 124
L L 0 0 47 125 94 47
L E 1 6 125 140 125 0
E G -1 -2 140 156 140 0
G E 1 2 156 125 94 -62
E Space -3 -1 125 109 125 0
Space A 2 3 109 203 1762 1653
A T 1 -4 203 141 203 0
T Space -3 1 141 140 94 -47
Space T 3 -1 140 93 156 16
T H -1 -1 93 109 203 110
H A 0 5 109 187 15 -94
A T 1 -4 187 109 156 -31
T Space -3 1 109 109 78 -31
Space T 3 -1 109 156 141 32
T I 0 -3 156 140 702 546
I M -2 1 140 156 171 31
M E 2 4 156 141 109 -47
E Space -3 -1 141 109 110 -31
Space O 3 -5 109 110 1840 1731
O F -1 5 110 31 188 78
F F 0 0 31 140 140 109
F E 1 1 140 140 172 32
E R 0 -1 140 156 109 -31
R E 0 1 156 140 125 -31
E D -1 0 140 125 218 78
D Space -2 -1 125 125 140 15
Space P 3 -6 125 140 1623 1498
P E 0 7 140 172 109 -31
E R 0 -1 172 141 109 -63
R H -1 -2 141 109 359 218
H A 0 5 109 140 125 16
A P 1 -9 140 141 249 109
P S -1 8 141 140 110 -31
S Space -2 -2 140 140 156 16
Space T 3 -1 140 94 951 811
T H -1 -1 94 156 188 94
H E 1 3 156 156 31 -125
E Space -3 -1 156 109 140 -16
Space B 1 -1 109 140 203 94
B E 2 2 140 171 47 -93
E S -1 1 171 172 171 0
S T 1 -3 172 125 219 47
T Space -3 1 125 156 93 -32
Space C 1 1 156 218 1966 1810
C A 1 2 218 156 140 -78
A L 0 -8 156 62 172 16
L L 0 0 62 125 109 47
L I 1 1 125 78 156 31
I F -1 4 78 109 172 94
F Back 2 -9 109 140 359 250
Back G -2 8 140 140 109 -31
G R 1 1 140 250 249 109
R A -1 3 250 172 234 -16
A P 1 -9 172 94 2590 2418
P H -1 4 94 110 296 202
H Y 1 0 110 171 188 78
Y Space -3 2 171 125 124 -47
Space I 3 -4 125 110 1014 889
I N -2 2 110 140 172 62
N S 1 4 140 156 125 -15
S T 1 -3 156 125 249 93
T R 0 1 125 125 234 109
R U 0 -3 125 109 281 156
U C -2 4 109 140 125 16
C T 2 -2 140 156 250 110
T I 0 -3 156 187 109 -47
I O 0 -1 187 125 93 -94
O N -2 3 125 156 203 78
N Space -1 2 156 125 109 -47
Space A 2 3 125 78 609 484
A Back 2 -12 78 125 842 764
Back I -1 5 125 141 546 421
I N -2 2 141 109 156 15
N Space -1 2 109 140 63 -46
Space T 3 -1 140 172 93 -47
T H -1 -1 172 140 141 -31
H E 1 3 140 156 0 -140
E Space -3 -1 156 109 171 15
Space C 1 1 109 140 1030 921
C O 2 -6 140 125 171 31
O U 0 2 125 110 156 31
U N -2 1 110 203 219 109
N T 2 1 203 140 125 -78
T R 0 1 140 156 280 140
R Y 0 -2 156 125 141 -15
Y OemPeriod -2 -3 125 110 2199 2074
OemPeriod Space -1 5 110 124 188 78
Space LShiftKey 1 4 124 312 78 -46
LShiftKey T 2 -5 312 109 234 -78
T H -1 -1 109 125 202 93
H R 1 2 125 156 172 47
R O 0 -5 156 141 140 -16
O U 0 2 141 94 203 62
U G -1 2 94 109 203 109
G H 0 -1 109 124 172 63
H T 1 1 124 125 62 -62
T Back 1 -8 125 156 1482 1357
Back O -1 4 156 125 671 515
O U 0 2 125 62 234 109
U T 0 2 62 140 156 94
T Space -3 1 140 140 125 -15
Space T 3 -1 140 188 1528 1388
T H -1 -1 188 125 172 -16
H E 1 3 125 171 125 0
E Space -3 -1 171 124 125 -46
Space C 1 1 124 203 280 156
C A 1 2 203 171 141 -62
A M -1 -6 171 125 187 16
M P 2 -3 125 125 203 78
P U 0 3 125 141 171 46
U S -1 5 141 156 110 -31
S Space -2 -2 156 94 124 -32
Space E 3 1 94 156 1139 1045
E V -2 -1 156 141 187 31
V E 2 1 141 109 94 -47
E R 0 -1 109 125 218 109
R Y 0 -2 125 140 110 -15
Y Space -3 2 140 125 109 -31
Space P 3 -6 125 125 265 140
P O 0 1 125 141 218 93
O S -1 7 141 156 32 -109
S T 1 -3 156 156 249 93
T E 0 2 156 218 125 -31
E R 0 -1 218 141 140 -78
R Oemcomma -2 -4 141 94 1482 1341
Oemcomma Space -1 4 94 110 156 62
Space E 3 1 110 140 188 78
E V -2 -1 140 125 140 0
V E 2 1 125 140 94 -31
E R 0 -1 140 156 93 -47
R Y 0 -2 156 110 187 31
Y Space -3 2 110 125 141 31
Space L 2 -5 125 156 249 124
L A 0 8 156 156 78 -78
A B -1 -4 156 109 266 110
B E 2 2 109 156 78 -31
E L -1 -6 156 125 171 15
L Space -2 5 125 125 94 -31
Space O 3 -5 125 109 1373 1248
O N -2 3 109 156 202 93
N Space -1 2 156 140 94 -62
Space E 3 1 140 141 140 0
E V -2 -1 141 125 156 15
V E 2 1 125 125 78 -47
E D -1 0 125 78 1732 1607
D R 1 -1 78 156 187 109
R A -1 3 156 172 109 -47
A W 1 -1 172 140 297 125
W E 0 -1 140 187 281 141
E R 0 -1 187 140 140 -47
R Oemcomma -2 -4 140 140 1264 1124
Oemcomma Space -1 4 140 109 140 0
Space W 3 2 109 219 499 390
W A -1 1 219 203 203 -16
A S 0 -1 203 156 156 -47
S Space -2 -2 156 125 109 -47
Space B 1 -1 125 94 1919 1794
B E 2 2 94 110 218 124
E A -1 2 110 203 203 93
A U 1 -6 203 109 796 593
U T 0 2 109 94 187 78
T I 0 -3 94 125 187 93
I F -1 4 125 140 172 47
F U 1 -3 140 110 249 109
U L -1 -2 110 78 1436 1326
L L 0 0 78 125 140 62
L Y 1 3 125 109 234 109
Y Space -3 2 109 125 78 -31
Space H 2 -2 125 156 156 31
H A 0 5 156 171 94 -62
A S 0 -1 171 234 62 -109
S Back 2 -11 234 187 421 187
Back D -2 10 187 187 219 32
D Space -2 -1 187 140 546 359
Space C 1 1 140 203 1669 1529
C A 1 2 203 156 171 -32
A L 0 -8 156 78 141 -15
L L 0 0 78 110 93 15
L I 1 1 110 94 172 62
I G -1 3 94 94 1825 1731
G R 1 1 94 218 219 125
R A -1 3 218 187 171 -47
A P 1 -9 187 109 172 -15
P H -1 4 109 125 249 140
H E 1 3 125 94 94 -31
E D -1 0 94 125 203 109
D OemQuestion -1 -7 125 62 1357 1232
OemQuestion Back 3 -3 62 172 452 390
Back OemPeriod -3 4 172 94 1061 889
OemPeriod Space -1 5 94 125 234 140
Space LShiftKey 1 4 125 499 3651 3526
LShiftKey B 0 -5 499 109 405 -94
B E 2 2 109 109 203 94
E C -2 0 109 219 265 156
C A 1 2 219 156 156 -63
A U 1 -6 156 109 219 63
U S -1 5 109 203 46 -63
S E 1 -1 203 141 156 -47
E Space -3 -1 141 109 172 31
Space LShiftKey 1 4 109 546 624 515
LShiftKey I 2 -8 546 124 406 -140
I Space -3 4 124 140 78 -46
Space H 2 -2 140 140 187 47
H A 0 5 140 140 109 -31
A Capital 0 1 140 109 16 -124
Capital Capital 0 0 109 156 670 561
Capital D 0 -3 156 124 1046 890
D Space -2 -1 124 93 156 32
Space D 2 1 93 78 2932 2839
D R 1 -1 78 125 172 94
R O 0 -5 125 94 218 93
O P 0 -1 94 109 141 47
P P 0 0 109 140 125 16
P E 0 7 140 125 124 -16
E D -1 0 125 109 250 125
D Space -2 -1 109 94 140 31
Space O 3 -5 94 109 1997 1903
O U 0 2 109 94 156 47
U T 0 2 94 171 141 47
T Space -3 1 171 109 140 -31
Space A 2 3 109 156 125 16
A N -1 -5 156 109 125 -31
N F 1 2 109 93 187 78
F D 0 1 93 109 0 -93
D Back 2 -10 109 140 390 281
Back Back 0 0 140 125 218 78
Back D -2 10 125 109 234 109
D Space -2 -1 109 125 187 78
Space D 2 1 125 109 1826 1701
D I 1 -5 109 125 202 93
I D -1 5 125 109 110 -15
D N -1 -3 109 78 124 15
N Oem7 1 -5 78 78 702 624
Oem7 T 1 6 78 109 219 141
T Space -3 1 109 109 234 125
Space H 2 -2 109 109 1716 1607
H A 0 5 109 156 78 -31
A V -1 -3 156 124 125 -31
V E 2 1 124 156 109 -15
E Space -3 -1 156 125 109 -47
Space T 3 -1 125 140 172 47
T O 0 -4 140 124 78 -62
O Space -3 5 124 94 93 -31
Space T 3 -1 94 156 250 156
T A -1 4 156 156 109 -47
A J 0 -6 156 63 265 109
J K 0 -1 63 63 0 -63
K E 1 5 63 172 31 -32
E Back 1 -10 172 125 453 281
Back Back 0 0 125 109 203 78
Back Back 0 0 109 156 1326 1217
Back K -2 5 156 140 733 577
K E 1 5 140 156 156 16
E Space -3 -1 156 109 0 -156
Space T 3 -1 109 93 203 94
T H -1 -1 93 125 187 94
H E 1 3 125 141 62 -63
E Space -3 -1 141 94 125 -16
Space N 1 -2 94 93 562 468
N O 2 -3 93 141 202 109
O R 0 5 141 125 468 327
R M -2 -3 125 140 484 359
M A 1 6 140 156 94 -46
A L 0 -8 156 156 202 46
L Space -2 5 156 94 125 -31
Space C 1 1 94 94 437 343
C L 1 -6 94 140 94 0
L A 0 8 140 156 46 -94
A S 0 -1 156 125 250 94
S S 0 0 125 140 203 78
S E 1 -1 140 203 109 -31
E S -1 1 203 125 187 -16
S Oemcomma -1 -6 125 156 1763 1638
Oemcomma Space -1 4 156 125 125 -31
Space LShiftKey 1 4 125 219 93 -32
LShiftKey I 2 -8 219 125 156 -63
I Space -3 4 125 125 63 -62
Space H 2 -2 125 141 218 93
H A 0 5 141 187 78 -63
A V -1 -3 187 140 219 32
V E 2 1 140 140 140 0
E Space -3 -1 140 156 62 -78
Space D 2 1 156 187 188 32
D E 1 0 187 125 140 -47
E C -2 0 125 125 203 78
C I 2 -5 125 141 140 15
I D -1 5 141 141 109 -32
D E 1 0 141 124 110 -31
E D -1 0 124 125 202 78
D Space -2 -1 125 125 156 31
Space T 3 -1 125 141 2262 2137
T O 0 -4 141 156 110 -31
O Space -3 5 156 109 93 -63
Space T 3 -1 109 156 63 -46
T A -1 4 156 172 93 -63
A K 0 -7 172 140 250 78
K E 1 5 140 140 109 -31
E Space -3 -1 140 125 109 -31
Space A 2 3 125 156 562 437
A Space -2 -3 156 109 125 -31
Space C 1 1 109 202 468 359
C A 1 2 202 140 156 -46
A L 0 -8 140 78 530 390
L L 0 0 78 125 125 47
L I 1 1 125 109 140 15
I G -1 3 109 110 265 156
G R 1 1 110 156 219 109
R A -1 3 156 203 109 -47
A P 1 -9 203 109 421 218
P H -1 4 109 109 281 172
H Y 1 0 109 219 187 78
Y Space -3 2 219 125 203 -16
Space C 1 1 125 156 1030 905
C L 1 -6 156 172 249 93
L A 0 8 172 140 94 -78
A S 0 -1 140 32 249 109
S S 0 0 32 109 125 93
S Space -2 -2 109 125 406 297
Space T 3 -1 125 172 218 93
T O 0 -4 172 109 141 -31
O Space -3 5 109 109 62 -47
Space L 2 -5 109 125 624 515
L E 1 6 125 156 250 125
E A -1 2 156 172 171 15
A R 1 -3 172 171 94 -78
R N -2 -2 171 172 249 78
N Space -1 2 172 124 110 -62
Space H 2 -2 124 109 1903 1779
H O 1 -3 109 188 171 62
O W 0 7 188 156 156 -32
W E 0 -1 156 78 0 -156
E Space -3 -1 78 141 234 156
Space T 3 -1 141 124 110 -31
T Space -3 1 124 125 187 63
Space Back 4 -9 125 125 327 202
Back Back 0 0 125 94 203 78
Back Back 0 0 94 93 172 78
Back Back 0 0 93 109 265 172
Back Space -4 9 109 141 265 156
Space T 3 -1 141 156 172 31
T O 0 -4 156 156 171 15
O Space -3 5 156 125 94 -62
Space D 2 1 125 156 1825 1700
D O 1 -6 156 141 109 -47
O Space -3 5 141 125 78 -63
Space T 3 -1 125 156 125 0
T H -1 -1 156 172 125 -31
H I 1 -2 172 141 140 -32
I S -1 6 141 141 47 -94
S OemPeriod -1 -7 141 78 999 858
OemPeriod Space -1 5 78 156 3026 2948
Space LShiftKey 1 4 156 312 733 577
LShiftKey I 2 -8 312 140 219 -93
I Space -3 4 140 109 93 -47
Space L 2 -5 109 156 187 78
L E 1 6 156 203 125 -31
E A -1 2 203 171 141 -62
A R 1 -3 171 156 156 -15
R N -2 -2 156 125 171 15
N E 2 3 125 125 78 -47
E D -1 0 125 125 203 78
D Space -2 -1 125 93 125 0
Space A 2 3 93 156 998 905
A B -1 -4 156 125 156 0
B O 2 -4 125 156 266 141
O U 0 2 156 125 140 -16
U T 0 2 125 156 140 15
T Space -3 1 156 109 110 -46
Space S 2 2 109 140 390 281
S E 1 -1 140 93 1092 952
E R 0 -1 93 124 312 219
R I 0 -4 124 140 468 344
I F -1 4 140 109 109 -31
F Space -2 0 109 141 920 811
Space A 2 3 141 156 187 46
A N -1 -5 156 140 1046 890
N D 1 3 140 203 124 -16
D Space -2 -1 203 140 250 47
Space S 2 2 140 250 296 156
S A 0 1 250 156 188 -62
A N -1 -5 156 156 140 -16
N S 1 4 156 156 125 -31
S Space -2 -2 156 156 2387 2231
Space S 2 2 156 140 374 218
S E 1 -1 140 110 218 78
E R 0 -1 110 109 219 109
R I 0 -4 109 125 187 78
I F -1 4 125 125 187 62
F Space -2 0 125 156 1888 1763
Space T 3 -1 156 156 624 468
T Y 0 -1 156 109 203 47
Y P 0 -4 109 156 327 218
P E 0 7 156 140 125 -31
E F -1 -1 140 156 296 156
F A 0 3 156 156 125 -31
A C -1 -2 156 156 172 16
C E 2 0 156 109 125 -31
E S -1 1 109 141 748 639
S Oemcomma -1 -6 141 125 749 608
Oemcomma Space -1 4 125 125 94 -31
Space A 2 3 125 156 156 31
A B -1 -4 156 109 156 0
B O 2 -4 109 171 234 125
O U 0 2 171 109 140 -31
U T 0 2 109 140 141 32
T Space -3 1 140 125 140 0
Space V 1 0 125 219 1388 1263
V R 2 0 219 156 406 187
R Y 0 -2 156 93 250 94
Y I 0 -2 93 156 140 47
I N -2 2 156 156 187 31
N G 1 1 156 141 109 -47
G Space -2 1 141 141 125 -16
Space Back 4 -9 141 140 2044 1903
Back Back 0 0 140 109 218 78
Back Back 0 0 109 78 187 78
Back Back 0 0 78 78 156 78
Back Back 0 0 78 94 156 78
Back Back 0 0 94 125 468 374
Back A -2 12 125 171 297 172
A R 1 -3 171 125 577 406
R Y 0 -2 125 94 374 249
Y I 0 -2 94 140 141 47
I N -2 2 140 156 156 16
N G 1 1 156 141 93 -63
G Space -2 1 141 109 94 -47
Space T 3 -1 109 156 2434 2325
T H -1 -1 156 141 124 -32
H E 1 3 141 156 94 -47
E Space -3 -1 156 109 109 -47
Space S 2 2 109 171 562 453
S A 0 1 171 203 93 -78
A M -1 -6 203 125 141 -62
M O 2 -2 125 109 1232 1107
O U 0 2 109 93 219 110
U N -2 1 93 140 156 63
N T 2 1 140 140 78 -62
T Space -3 1 140 125 109 -31
Space O 3 -5 125 140 1326 1201
O F -1 5 140 140 390 250
F Space -2 0 140 109 125 -15
Space S 2 2 109 125 202 93
S P 1 -8 125 141 125 0
P A -1 9 141 218 250 109
A C -1 -2 218 234 156 -62
C E 2 0 234 124 203 -31
E Back 1 -10 124 156 4383 4259
Back Space -4 9 156 156 17176 17020
Space B 1 -1 156 109 281 125
B E 2 2 109 172 202 93
E T 0 -2 172 172 156 -16
T W 0 3 172 156 234 62
W E 0 -1 156 281 250 94
E E 0 0 281 140 1794 1513
E N -2 -3 140 156 172 32
N Space -1 2 156 140 109 -47
Space D 2 1 140 125 2574 2434
D I 1 -5 125 110 249 124
I F -1 4 110 94 156 46
F F 0 0 94 140 172 78
F E 1 1 140 156 125 -15
E R 0 -1 156 156 140 -16
R E 0 1 156 156 109 -47
E N -2 -3 156 125 125 -31
N T 2 1 125 140 94 -31
T Space -3 1 140 109 109 -31
Space L 2 -5 109 156 2948 2839
L E 1 6 156 219 312 156
E T 0 -2 219 93 297 78
T T 0 0 93 156 171 78
T E 0 2 156 219 125 -31
E R 0 -1 219 141 156 -63
R Space -3 0 141 125 125 -16
Space C 1 1 125 187 2917 2792
C O 2 -6 187 140 219 32
O M -2 2 140 109 187 47
M B 0 2 109 110 327 218
B I 2 -3 110 125 219 109
I N -2 2 125 125 140 15
N A 1 5 125 187 125 0
A T 1 -4 187 187 156 -31
T I 0 -3 187 156 156 -31
I O 0 -1 156 125 109 -47
O N -2 3 125 156 203 78
N Space -1 2 156 109 125 -31
Space Back 4 -9 109 171 702 593
Back S -2 11 171 125 187 16
S Oemcomma -1 -6 125 187 1014 889
Oemcomma Space -1 4 187 125 125 -62
Space A 2 3 125 187 1373 1248
A B -1 -4 187 140 234 47
B O 2 -4 140 171 265 125
O U 0 2 171 125 156 -15
U T 0 2 125 172 140 15
T Space -3 1 172 156 141 -31
Space W 3 2 156 140 1326 1170
W H -1 -4 140 109 187 47
H A 0 5 109 203 62 -47
A T 1 -4 203 172 203 0
T Space -3 1 172 125 140 -32
Space M 1 -3 125 172 406 281
M A 1 6 172 203 140 -32
A K 0 -7 203 141 749 546
K E 1 5 141 125 78 -63
E S -1 1 125 187 219 94
S Space -2 -2 187 125 202 15
Space G 2 -1 125 78 1248 1123
G R 1 1 78 171 188 110
R A -1 3 171 234 140 -31
A E 1 -2 234 124 172 -62
E Back 1 -10 124 124 312 188
Back Back 0 0 124 110 202 78
Back E -1 10 110 187 344 234
E A -1 2 187 218 156 -31
A T 1 -4 218 156 171 -47
T Space -3 1 156 156 546 390
Space T 3 -1 156 125 1420 1264
T Y 0 -1 125 110 327 202
Y P 0 -4 110 93 266 156
P O 0 1 93 141 202 109
O G -1 4 141 125 2933 2792
G R 1 1 125 187 203 78
R A -1 3 187 203 140 -47
A P 1 -9 203 109 297 94
P H -1 4 109 78 312 203
H Y 1 0 78 110 171 93
Y Space -3 2 110 140 2746 2636
Space G 2 -1 140 156 1732 1592
G R 1 1 156 78 421 265
R E 0 1 78 172 187 109
E A -1 2 172 203 140 -32
A T 1 -4 203 93 188 -15
T OemPeriod -2 -4 93 93 4399 4306
OemPeriod Space -1 5 93 156 234 141
Space LShiftKey 1 4 156 312 218 62
LShiftKey I 2 -8 312 109 203 -109
I T 0 3 109 141 296 187
T Space -3 1 141 93 110 -31
Space W 3 2 93 188 124 31
W A -1 1 188 187 172 -16
A S 0 -1 187 171 125 -62
S Space -2 -2 171 125 93 -78
Space B 1 -1 125 109 1155 1030
B E 2 2 109 171 234 125
E A -1 2 171 156 156 -15
A U 1 -6 156 109 421 265
U T 0 2 109 109 234 125
T I 0 -3 109 109 234 125
I F -1 4 109 62 203 94
F D 0 1 62 62 0 -62
D Back 2 -10 62 141 374 312
Back U -1 6 141 94 1451 1310
U L -1 -2 94 140 234 140
L Oemcomma -1 1 140 140 1420 1280
Oemcomma Space -1 4 140 109 156 16
Space H 2 -2 109 156 1248 1139
H I 1 -2 156 156 140 -16
I S -1 6 156 203 109 -47
S T 1 -3 203 156 187 -16
T R 0 1 156 125 297 141
R I 0 -4 125 124 203 78
I C -2 5 124 188 124 0
C A 1 2 188 172 125 -63
A L 0 -8 172 141 187 15
L Oemcomma -1 1 141 140 1186 1045
Oemcomma Space -1 4 140 156 203 63
Space A 2 3 156 219 795 639
A R 1 -3 219 93 609 390
R T 0 -1 93 109 203 110
T I 0 -3 109 109 234 125
I S -1 6 109 187 2277 2168
S T 1 -3 187 140 999 812
T I 0 -3 140 140 234 94
I C -2 5 140 202 125 -15
C A 1 2 202 109 171 -31
A L 0 -8 109 78 78 -31
L L 0 0 78 124 141 63
L Y 1 3 124 156 234 110
Y Space -3 2 156 125 109 -47
Space S 2 2 125 141 764 639
S U 1 -5 141 156 297 156
U B -2 2 156 141 171 15
B T 2 0 141 125 343 202
T L -1 -4 125 156 141 16
L E 1 6 156 140 109 -47
E Space -3 -1 140 125 1139 999
Space I 3 -4 125 125 405 280
I N -2 2 125 140 172 47
N Space -1 2 140 124 94 -46
Space A 2 3 124 234 62 -62
A Space -2 -3 234 125 421 187
Space W 3 2 125 203 156 31
W A -1 1 203 156 156 -47
A Y 1 -5 156 156 1061 905
Y Space -3 2 156 110 218 62
Space T 3 -1 110 109 3573 3463
T H -1 -1 109 125 140 31
H A 0 5 125 172 234 109
A T 1 -4 172 141 187 15
T Space -3 1 141 109 141 0
Space S 2 2 109 156 1965 1856
S C -1 -1 156 140 266 110
C I 2 -5 140 125 218 78
I E 0 5 125 125 78 -47
E N -2 -3 125 110 140 15
N C 0 3 110 202 188 78
C E 2 0 202 140 156 -46
E Space -3 -1 140 109 93 -47
Space C 1 1 109 249 1389 1280
C A 1 2 249 172 171 -78
A N -1 -5 172 93 219 47
N T 2 1 93 94 171 78
T Space -3 1 94 125 109 15
Space Back 4 -9 125 203 765 640
Back Back 0 0 203 141 296 93
Back Oem7 -2 2 141 110 889 748
Oem7 T 1 6 110 109 297 187
T Space -3 1 109 140 125 16
Space C 1 1 140 250 1138 998
C A 1 2 250 172 172 -78
A P 1 -9 172 110 530 358
P T 0 5 110 124 266 156
T U 0 -2 124 156 249 125
U R 0 3 156 187 47 -109
R E 0 1 187 125 140 -47
E Oemcomma -2 -5 125 125 1170 1045
Oemcomma Space -1 4 125 124 110 -15
Space A 2 3 124 171 109 -15
A N -1 -5 171 156 203 32
N D 1 3 156 171 109 -47
D Space -2 -1 171 110 171 0
Space LShiftKey 1 4 110 577 1498 1388
LShiftKey I 2 -8 577 141 499 -78
I Space -3 4 141 141 78 -63
Space F 2 0 141 156 219 78
F O 1 -5 156 140 109 -47
O U 0 2 140 94 249 109
U N -2 1 94 140 172 78
N D 1 3 140 124 94 -46
D Space -2 -1 124 110 124 0
Space I 3 -4 110 156 1779 1669
I T 0 3 156 141 171 15
T Space -3 1 141 125 125 -16
Space F 2 0 125 171 531 406
F A 0 3 171 203 265 94
A S 0 -1 203 141 249 46
S I 1 -6 141 125 250 109
I C -2 5 125 141 140 15
C Back 3 -10 141 172 359 218
Back N -3 7 172 125 1014 842
N A 1 5 125 187 78 -47
A T 1 -4 187 109 203 16
T I 0 -3 109 93 125 16
I N -2 2 93 109 140 47
N G 1 1 109 109 141 32
G OemPeriod -1 -4 109 109 2730 2621
OemPeriod Return 1 -3 109 78 1404 1295
Return S 0 10 78 234 2386 2308
S S 0 0 234 156 1202 968
