LShiftKey I 2 -8 203 110 93 -110
I Back 1 -5 110 110 468 358
Back Back 0 0 110 94 203 93
Back A -2 12 94 249 2044 1950
A A 0 0 249 172 686 437
A LShiftKey -1 1 172 218 1155 983
LShiftKey I 2 -8 218 109 93 -125
I Space -3 4 109 124 297 188
Space D 2 1 124 110 514 390
D E 1 0 110 109 219 109
E C -2 0 109 94 452 343
C I 2 -5 94 109 312 218
I D -1 5 109 125 109 0
D E 1 0 125 62 266 141
E Space -3 -1 62 172 280 218
Space T 3 -1 172 141 203 31
T O 0 -4 141 93 172 31
O Space -3 5 93 172 421 328
Space C 1 1 172 140 234 62
C H 1 -3 140 140 94 -46
H O 1 -3 140 156 78 -62
O S -1 7 156 218 156 0
S E 1 -1 218 140 109 -109
E Space -3 -1 140 156 327 187
Space LShiftKey 1 4 156 468 609 453
LShiftKey U 2 -7 468 94 109 -359
U B -2 2 94 125 203 109
B Space -1 1 125 172 577 452
Space G 2 -1 172 109 312 140
G Back 2 -8 109 78 452 343
Back Back 0 0 78 78 188 110
Back Back 0 0 78 94 171 93
Back Back 0 0 94 78 172 78
Back Back 0 0 78 62 156 78
Back Back 0 0 62 47 140 78
Back Back 0 0 47 62 141 94
Back O -1 4 62 109 312 250
O S -1 7 109 203 140 31
S E 1 -1 203 156 62 -141
E Space -3 -1 156 156 1186 1030
Space LShiftKey 1 4 156 374 546 390
LShiftKey U 2 -7 374 94 62 -312
U B -2 2 94 125 203 109
B Space -1 1 125 140 219 94
Space Back 4 -9 140 156 2761 2621
Back Left -4 2 156 109 1607 1451
Left Left 0 0 109 78 187 78
Left Left 0 0 78 63 171 93
Left Left 0 0 63 62 172 109
Left Left 0 0 62 109 2527 2465
Left RShiftKey 1 0 109 312 406 297
RShiftKey T 2 6 312 125 62 -250
T H -1 -1 125 109 671 546
H E 1 3 109 156 94 -15
E Space -3 -1 156 156 109 -47
Space R 3 0 156 187 218 62
R E 0 1 187 125 78 -109
E S -1 1 125 124 219 94
S A 0 1 124 109 296 172
A O 1 -8 109 62 312 203
O N -2 3 62 78 125 63
N Back 3 -7 78 63 327 249
Back Back 0 0 63 78 172 109
Back Back 0 0 78 62 172 94
Back Back 0 0 62 109 171 109
Back A -2 12 109 124 141 32
A S 0 -1 124 125 187 63
S O 1 -7 125 94 109 -16
O N -2 3 94 125 140 46
N Space -1 2 125 156 234 109
Space Back 4 -9 156 110 1014 858
Back Left -4 2 110 592 1514 1404
Left Left 0 0 592 63 717 125
Left Left 0 0 63 63 156 93
Left Left 0 0 63 125 5195 5132
Left M 1 4 125 125 967 842
M A 1 6 125 125 125 0
A I 1 -7 125 78 94 -31
I N -2 2 78 156 124 46
N Space -1 2 156 156 437 281
Space N 1 -2 156 93 640 484
N Back 3 -7 93 109 343 250
Back A -2 12 109 110 140 31
A N -1 -5 110 140 110 0
N D 1 3 140 141 124 -16
D Space -2 -1 141 125 203 62
Space Back 4 -9 125 93 1701 1576
Back Back 0 0 93 62 187 94
Back Back 0 0 62 62 156 94
Back Back 0 0 62 63 140 78
Back Back 0 0 63 63 156 93
Back Back 0 0 63 62 141 78
Back Back 0 0 62 78 140 78
Back Back 0 0 78 62 156 78
Back O -1 4 62 109 265 203
O S -1 7 109 109 141 32
S T 1 -3 109 125 187 78
T Space -3 1 125 125 109 -16
Space I 3 -4 125 141 296 171
I M -2 1 141 187 172 31
M P 2 -3 187 188 140 -47
P O 0 1 188 140 250 62
O R 0 5 140 125 125 -15
R T 0 -1 125 156 218 93
T A -1 4 156 172 187 31
A N -1 -5 172 156 125 -47
N T 2 1 156 171 94 -62
T Space -3 1 171 156 390 219
Space Right 0 -9 156 718 1653 1497
Right Left 0 2 718 109 2044 1326
Left Left 0 0 109 125 234 125
Left Space 0 7 125 109 265 140
Space Right 0 -9 109 1357 437 328
Right Left 0 2 1357 125 1560 203
Left Left 0 0 125 921 265 140
Left Right 0 -2 921 94 1217 296
Right Right 0 0 94 78 187 93
Right Right 0 0 78 109 141 63
Right Back 4 0 109 811 499 390
Back Back 0 0 811 94 1107 296
Back LShiftKey -3 13 94 219 827 733
LShiftKey I 2 -8 219 125 78 -141
I Right -3 -5 125 78 749 624
Right Right 0 0 78 78 172 94
Right Right 0 0 78 109 499 421
Right Space 0 9 109 156 717 608
Space O 3 -5 156 125 328 172
O S -1 7 125 78 172 47
S Back 2 -11 78 78 436 358
Back Back 0 0 78 78 172 94
Back I -1 5 78 94 234 156
I S -1 6 94 110 218 124
S B -1 -3 110 125 2465 2355
B Back 3 -8 125 171 640 515
Back Space -4 9 171 156 795 624
Space B 1 -1 156 94 250 94
B E 2 2 94 140 78 -16
E C -2 0 140 94 234 94
C A 1 2 94 125 156 62
A U 1 -6 125 156 203 78
U S -1 5 156 203 62 -94
S E 1 -1 203 140 47 -156
E Space -3 -1 140 125 265 125
Space LShiftKey 1 4 125 203 187 62
LShiftKey I 2 -8 203 156 63 -140
I Space -3 4 156 109 140 -16
Space O 3 -5 109 93 219 110
O N -2 3 93 171 234 141
N L 1 -3 171 109 234 63
L Y 1 3 109 93 187 78
Y Space -3 2 93 125 171 78
Space C 1 1 125 47 297 172
C Back 3 -10 47 110 483 436
Back R -1 9 110 156 94 -16
R E 0 1 156 156 47 -109
E C -2 0 156 140 265 109
C E 2 0 140 141 296 156
E I 0 -5 141 109 281 140
I V -2 4 109 141 156 47
V E 2 1 141 140 63 -78
E Space -3 -1 140 156 592 452
Space I 3 -4 156 140 1358 1202
I T 0 3 140 140 655 515
T S -1 3 140 125 296 156
S Space -2 -2 125 110 265 140
Space O 3 -5 110 78 188 78
O F -1 5 78 125 93 15
F F 0 0 125 78 203 78
F E 1 1 78 203 203 125
E R 0 -1 203 156 62 -141
R OemPeriod -2 -5 156 94 967 811
OemPeriod Left -1 -2 94 811 5164 5070
Left Left 0 0 811 93 1186 375
Left D 2 8 93 110 124 31
D Right -2 -10 110 1061 156 46
Right Left 0 2 1061 62 1436 375
Left Left 0 0 62 125 514 452
Left Space 0 7 125 141 281 156
Space W 3 2 141 141 499 358
W H -1 -4 141 110 78 -63
H E 1 3 110 156 156 46
E N -2 -3 156 125 94 -62
N Space -1 2 125 109 187 62
Space LShiftKey 1 4 109 156 172 63
LShiftKey I 2 -8 156 109 62 -94
I Space -3 4 109 125 172 63
Space A 2 3 125 109 780 655
A P 1 -9 109 156 499 390
P P 0 0 156 109 250 94
P L -1 1 109 110 202 93
L Y 1 3 110 93 188 78
Y Space -3 2 93 125 187 94
Space F 2 0 125 109 437 312
F O 1 -5 109 125 249 140
O R 0 5 125 141 156 31
R Space -3 0 141 141 156 15
Space LShiftKey 1 4 141 219 4259 4118
LShiftKey U 2 -7 219 125 78 -141
U OemPeriod -2 -2 125 125 312 187
OemPeriod RShiftKey 0 -2 125 468 234 109
RShiftKey Z 0 10 468 156 172 -296
Z Back 3 -12 156 93 437 281
Back RShiftKey -3 2 93 234 296 203
RShiftKey S 1 9 234 156 109 -125
S OemPeriod -1 -7 156 109 796 640
OemPeriod Space -1 5 109 125 312 203
Space G 2 -1 125 78 234 109
G R 1 1 78 172 218 140
R A -1 3 172 125 109 -63
A D 0 -2 125 125 203 78
D U 1 -4 125 110 187 62
U A -1 6 110 187 562 452
A T 1 -4 187 156 156 -31
T E 0 2 156 203 62 -94
E Space -3 -1 203 141 281 78
Space P 3 -6 141 124 1155 1014
P R 0 6 124 156 156 32
R O 0 -5 156 94 140 -16
O G -1 4 94 109 234 140
G R 1 1 109 234 187 78
R A -1 3 234 203 125 -109
A M -1 -6 203 140 125 -78
M OemPeriod 0 -2 140 109 312 172
OemPeriod Back 3 -4 109 110 483 374
Back S -2 11 110 93 141 31
S Right -2 -11 93 140 8533 8440
Right Space 0 9 140 156 577 437
Space LShiftKey 1 4 156 218 8050 7894
LShiftKey I 2 -8 218 140 109 -109
I Space -3 4 140 124 250 110
Space Back 4 -9 124 78 374 250
Back Back 0 0 78 78 172 94
Back RShiftKey -3 2 78 281 265 187
RShiftKey A 1 10 281 124 125 -156
A T 1 -4 124 141 280 156
T Space -3 1 141 109 141 0
Space T 3 -1 109 46 203 94
T H -1 -1 46 125 15 -31
H A 0 5 125 172 187 62
A T 1 -4 172 125 219 47
T Space -3 1 125 140 281 156
Space T 3 -1 140 109 655 515
T I 0 -3 109 109 62 -47
I E 0 5 109 109 234 125
E M -2 -4 109 31 203 94
M Back 3 -6 31 78 203 172
Back Back 0 0 78 94 171 93
Back M -3 6 94 124 188 94
M E 2 4 124 125 93 -31
E Oemcomma -2 -5 125 109 172 47
Oemcomma Space -1 4 109 125 187 78
Space LShiftKey 1 4 125 171 172 47
LShiftKey I 2 -8 171 140 78 -93
I Space -3 4 140 110 124 -16
Space H 2 -2 110 141 125 15
H A 0 5 141 125 125 -16
A V -1 -3 125 187 172 47
V E 2 1 187 140 62 -125
E Space -3 -1 140 125 156 16
Space N 1 -2 125 140 203 78
N O 2 -3 140 125 93 -47
O Space -3 5 125 124 188 63
Space C 1 1 124 124 156 32
C H 1 -3 124 172 62 -62
H O 1 -3 172 78 125 -47
O I 0 1 78 140 109 31
I C -2 5 140 93 172 32
C E 2 0 93 125 202 109
E Oemcomma -2 -5 125 141 234 109
Oemcomma Space -1 4 141 125 219 78
Space A 2 3 125 125 140 15
A N -1 -5 125 125 109 -16
N D 1 3 125 140 94 -31
D Space -2 -1 140 125 125 -15
Space T 3 -1 125 110 249 124
T H -1 -1 110 93 110 0
H E 1 3 93 156 124 31
E Space -3 -1 156 125 94 -62
Space Back 4 -9 125 93 1108 983
Back Back 0 0 93 63 202 109
Back Back 0 0 63 62 172 109
Back Back 0 0 62 62 156 94
Back Back 0 0 62 62 156 94
Back Back 0 0 62 78 140 78
Back Back 0 0 78 62 172 94
Back Back 0 0 62 78 140 78
Back Back 0 0 78 31 203 125
Back Left -4 2 31 125 624 593
Left Left 0 0 125 62 203 78
Left Left 0 0 62 62 156 94
Left Left 0 0 62 62 156 94
Left Left 0 0 62 62 156 94
Left Left 0 0 62 63 140 78
Left Left 0 0 63 172 749 686
Left O 3 2 172 140 1139 967
O T 0 4 140 140 250 110
T H -1 -1 140 141 171 31
H E 1 3 141 171 141 0
E R 0 -1 171 156 46 -125
R Space -3 0 156 125 203 47
Space Right 0 -9 125 63 702 577
Right Right 0 0 63 78 1311 1248
Right Right 0 0 78 62 187 109
Right Right 0 0 62 78 156 94
Right Left 0 2 78 125 733 655
Left Back 4 -2 125 94 936 811
Back OemPeriod -3 4 94 109 484 390
OemPeriod D 1 6 109 78 6801 6692
D I 1 -5 78 125 172 94
I D -1 5 125 94 218 93
D N -1 -3 94 172 1326 1232
N Oem7 1 -5 172 172 733 561
Oem7 T 1 6 172 125 281 109
T Space -3 1 125 124 141 16
Space H 2 -2 124 109 265 141
H A 0 5 109 140 78 -31
A V -1 -3 140 188 171 31
V E 2 1 188 125 94 -94
E Right -3 -10 125 93 796 671
Right Right 0 0 93 63 202 109
Right Right 0 0 63 78 172 109
Right Right 0 0 78 78 172 94
Right Right 0 0 78 78 202 124
Right Left 0 2 78 125 1108 1030
Left Space 0 7 125 125 858 733
Space I 3 -4 125 109 156 31
I F -1 4 109 125 125 16
F Space -2 0 125 124 125 0
Space LShiftKey 1 4 124 203 670 546
LShiftKey I 2 -8 203 172 78 -125
I Space -3 4 172 156 156 -16
Space W 3 2 156 203 172 16
W A -1 1 203 203 31 -172
A N -1 -5 203 172 187 -16
N T 2 1 172 140 344 172
T Space -3 1 140 125 249 109
Space T 3 -1 125 124 375 250
T O 0 -4 124 141 93 -31
O Space -3 5 141 141 156 15
Space S 2 2 141 125 234 93
S T 1 -3 125 125 203 78
T U 0 -2 125 109 125 0
U D -1 4 109 109 140 31
D Y 1 -3 109 109 94 -15
Y Space -3 2 109 109 281 172
Space A 2 3 109 156 156 47
A B -1 -4 156 125 109 -47
B O 2 -4 125 172 187 62
O R 0 5 172 109 203 31
R D -1 1 109 171 359 250
D Back 2 -10 171 94 795 624
Back Back 0 0 94 78 187 93
Back Back 0 0 78 78 172 94
Back O -1 4 78 125 421 343
O R 0 5 125 125 265 140
R A -1 3 125 109 188 63
A D 0 -2 109 125 171 62
D Back 2 -10 125 94 936 811
Back Back 0 0 94 78 187 93
Back Back 0 0 78 94 156 78
Back Back 0 0 94 94 172 78
Back O -1 4 94 78 2449 2355
O A -1 8 78 187 203 125
A R 1 -3 187 141 187 0
R D -1 1 141 140 250 109
D Right -2 -10 140 140 811 671
Right Back 4 0 140 94 18283 18143
Back Back 0 0 94 62 203 109
Back Back 0 0 62 62 156 94
Back Back 0 0 62 62 156 94
Back Back 0 0 62 78 156 94
Back R -1 9 78 109 1045 967
R O 0 -5 109 109 78 -31
O A -1 8 109 140 593 484
A D 0 -2 140 109 203 63
D OemPeriod -1 -6 109 109 281 172
OemPeriod Space -1 5 109 140 12230 12121
Space RShiftKey 1 -7 140 234 546 406
RShiftKey T 2 6 234 109 125 -109
T I 0 -3 109 109 281 172
I L -1 -1 109 109 234 125
L L 0 0 109 125 171 62
L Space -2 5 125 93 141 16
Space N 1 -2 93 156 140 47
N O 2 -3 156 172 109 -47
O W 0 7 172 94 156 -16
W Oemcomma -2 -6 94 124 219 125
Oemcomma Space -1 4 124 125 202 78
Space LShiftKey 1 4 125 218 219 94
LShiftKey I 2 -8 218 94 93 -125
I Space -3 4 94 124 188 94
Space A 2 3 124 109 171 47
A M -1 -6 109 124 141 32
M Space -1 3 124 125 265 141
Space S 2 2 125 109 187 62
S T 1 -3 109 78 218 109
T Back 1 -8 78 93 422 344
Back A -2 12 93 93 109 16
A T 1 -4 93 109 187 94
T I 0 -3 109 109 421 312
I S -1 6 109 125 359 250
S F 0 -2 125 110 218 93
F I 1 -4 110 140 110 0
I E 0 5 140 78 1372 1232
E D -1 0 78 78 188 110
D Space -2 -1 78 141 249 171
Space W 3 2 141 109 250 109
W I 0 -6 109 109 94 -15
I T 0 3 109 78 234 125
T H -1 -1 78 93 109 31
H Space -2 2 93 125 156 63
Space M 1 -3 125 140 281 156
M Y 2 1 140 93 390 250
Y Space -3 2 93 171 343 250
Space D 2 1 171 125 234 63
D E 1 0 125 141 717 592
E C -2 0 141 125 453 312
C I 2 -5 125 110 249 124
I S -1 6 110 93 141 31
S I 1 -6 93 171 203 110
I O 0 -1 171 156 62 -109
O N -2 3 156 125 187 31
N OemPeriod 0 -3 125 140 297 172
OemPeriod Space -1 5 140 140 3666 3526
Space RShiftKey 1 -7 140 234 3915 3775
RShiftKey T 2 6 234 94 125 -109
T H -1 -1 94 109 234 140
H E 1 3 109 78 125 16
E Space -3 -1 78 140 187 109
Space M 1 -3 140 187 390 250
M O 2 -2 187 125 125 -62
O S -1 7 125 109 125 0
S T 1 -3 109 94 202 93
T Space -3 1 94 124 110 16
Space I 3 -4 124 124 156 32
I M -2 1 124 187 187 63
M P 2 -3 187 140 359 172
P O 0 1 140 140 187 47
O R 0 5 140 93 125 -15
R T 0 -1 93 187 187 94
T A -1 4 187 187 125 -62
A N -1 -5 187 109 171 -16
N T 2 1 109 141 31 -78
T Space -3 1 141 140 375 234
Space Q 3 3 140 125 452 312
Q U 0 -6 125 140 125 0
U A -1 6 140 110 218 78
A L 0 -8 110 93 141 31
L I 1 1 93 93 281 188
I T 0 3 93 109 218 125
T Y 0 -1 109 140 125 16
Y Space -3 2 140 93 281 141
Space I 3 -4 93 109 140 47
I N -2 2 109 125 156 47
N Space -1 2 125 140 203 78
Space A 2 3 140 78 140 0
A Space -2 -3 78 140 1186 1108
Space U 3 -3 140 93 359 219
U N -2 1 93 110 202 109
N I 2 -2 110 109 219 109
I V -2 4 109 94 171 62
V E 2 1 94 249 266 172
E R 0 -1 249 187 78 -171
R S -1 2 187 110 358 171
S I 1 -6 110 156 125 15
I T 0 3 156 124 297 141
T Y 0 -1 124 125 124 0
Y Space -3 2 125 140 328 203
Space O 3 -5 140 109 21185 21045
O F -1 5 109 156 140 31
F Right -2 -9 156 951 796 640
Right I 3 5 951 140 1794 843
I S -1 6 140 94 140 0
S Space -2 -2 94 125 265 171
Space E 3 1 125 109 118030 117905
E D -1 0 109 109 203 94
D U 1 -4 109 125 156 47
U C -2 4 125 47 374 249
C A 1 2 47 125 687 640
A T 1 -4 125 125 249 124
T I 0 -3 125 218 94 -31
I O 0 -1 218 140 94 -124
O N -2 3 140 125 202 62
N OemPeriod 0 -3 125 110 312 187
OemPeriod Left -1 -2 110 889 3105 2995
Left Right 0 -2 889 78 1497 608
Right Right 0 0 78 125 219 141
Right P 3 3 125 141 2433 2308
P R 0 6 141 125 141 0
R O 0 -5 125 109 109 -16
O I 0 1 109 156 250 141
I Back 1 -5 156 156 889 733
Back O -1 4 156 109 624 468
O Back 1 -4 109 93 468 359
Back Back 0 0 93 109 827 734
Back I -1 5 109 110 280 171
I O 0 -1 110 109 188 78
O R 0 5 109 156 156 47
R I 0 -4 156 109 171 15
I T 0 3 109 109 172 63
T Y 0 -1 109 109 156 47
Y Space -3 2 109 109 530 421
Space O 3 -5 109 141 156 47
O F -1 5 141 140 94 -47
F Space -2 0 140 156 265 125
Space Right 0 -9 156 78 7379 7223
Right Right 0 0 78 78 187 109
Right Right 0 0 78 78 172 94
Right Right 0 0 78 63 171 93
Right Right 0 0 63 63 156 93
Right Right 0 0 63 62 172 109
Right Right 0 0 62 62 156 94
Right Right 0 0 62 78 156 94
Right Right 0 0 78 47 187 109
Right Left 0 2 47 296 1966 1919
Left Right 0 -2 296 93 468 172
Right Right 0 0 93 63 202 109
Right Space 0 9 63 140 1124 1061
Space LShiftKey 1 4 140 203 686 546
LShiftKey I 2 -8 203 140 78 -125
I Space -3 4 140 141 187 47
Space M 1 -3 141 203 172 31
M E 2 4 203 187 125 -78
E A -1 2 187 188 202 15
A N -1 -5 188 156 188 0
N S 1 4 156 109 140 -16
S Back 2 -11 109 109 562 453
Back Space -4 9 109 140 374 265
Space T 3 -1 140 125 390 250
T H -1 -1 125 124 94 -31
H E 1 3 124 156 156 32
E Space -3 -1 156 125 187 31
Space M 1 -3 125 125 5725 5600
M O 2 -2 125 156 78 -47
O S -1 7 156 125 109 -47
S T 1 -3 125 125 265 140
T Back 1 -8 125 94 593 468
Back Back 0 0 94 78 187 93
Back Back 0 0 78 78 156 78
Back Back 0 0 78 63 156 78
Back Back 0 0 63 63 156 93
Back Back 0 0 63 78 156 93
Back Back 0 0 78 78 172 94
Back Back 0 0 78 94 546 468
Back E -1 10 94 110 296 202
E D -1 0 110 94 203 93
D U 1 -4 94 124 141 47
U C -2 4 124 109 249 125
C A 1 2 109 110 187 78
A T 1 -4 110 109 203 93
T I 0 -3 109 172 78 -31
I O 0 -1 172 125 94 -78
O N -2 3 125 125 156 31
N Space -1 2 125 156 171 46
Space I 3 -4 156 140 141 -15
I S -1 6 140 125 93 -47
S Space -2 -2 125 109 110 -15
Space M 1 -3 109 171 187 78
M O 2 -2 171 156 93 -78
O T 0 4 156 140 266 110
T Space -3 1 140 124 156 16
Space S 2 2 124 94 218 94
S I 1 -6 94 78 109 15
I Back 1 -5 78 78 265 187
Back Back 0 0 78 78 172 94
Back Back 0 0 78 62 172 94
Back Back 0 0 62 78 140 78
Back S -2 11 78 125 156 78
S T 1 -3 125 125 187 62
T Space -3 1 125 125 78 -47
Space I 3 -4 125 125 390 265
I M -2 1 125 171 172 47
M P 2 -3 171 125 140 -31
P O 0 1 125 156 172 47
O R 0 5 156 109 140 -16
R T 0 -1 109 109 203 94
T A -1 4 109 218 390 281
A N -1 -5 218 140 156 -62
N T 2 1 140 124 172 32
T Space -3 1 124 125 202 78
Space T 3 -1 125 156 1124 999
T H -1 -1 156 109 78 -78
H I 1 -2 109 125 46 -63
I N -2 2 125 109 188 63
N G 1 1 109 94 93 -16
G Space -2 1 94 109 125 31
Space I 3 -4 109 78 234 125
I N -2 2 78 141 140 62
N Space -1 2 141 93 297 156
Space A 2 3 93 141 93 0
A L 0 -8 141 78 125 -16
L L 0 0 78 109 141 63
L Space -2 5 109 140 234 125
Space U 3 -3 140 109 530 390
U N -2 1 109 109 203 94
N I 2 -2 109 125 156 47
I V -2 4 125 172 140 15
V E 2 1 172 187 297 125
E R 0 -1 187 172 46 -141
R I 0 -4 172 124 266 94
I S -1 6 124 125 109 -15
S T 1 -3 125 110 249 124
T Y 0 -1 110 125 78 -32
Y Space -3 2 125 141 281 156
Space P 3 -6 141 140 203 62
P U 0 3 140 124 406 266
U R 0 3 124 125 187 63
R P 0 -6 125 172 249 124
P O 0 1 172 140 250 78
O S -1 7 140 234 109 -31
S E 1 -1 234 187 63 -171
E OemPeriod -2 -6 187 109 530 343
OemPeriod A 1 8 109 141 13494 13385
A Space -2 -3 141 125 156 15
Space C 1 1 125 78 203 78
C E 2 0 78 156 203 125
E O 0 -6 156 141 296 140
O Back 1 -4 141 78 312 171
Back Back 0 0 78 93 172 94
Back O -1 4 93 109 234 141
O R 0 5 109 141 93 -16
R E 0 1 141 140 94 -47
E Space -3 -1 140 109 437 297
Space P 3 -6 109 203 1825 1716
P U 0 3 203 124 172 -31
U R 0 3 124 110 124 0
R P 0 -6 110 141 203 93
P O 0 1 141 156 219 78
O S -1 7 156 234 140 -16
S E 1 -1 234 156 78 -156
E Space -3 -1 156 140 1186 1030
Space A 2 3 140 171 312 172
A B -1 -4 171 94 93 -78
B O 2 -4 94 156 156 62
O V -2 5 156 203 203 47
V E 2 1 203 156 62 -141
E Space -3 -1 156 125 250 94
Space A 2 3 125 141 265 140
A L 0 -8 141 125 328 187
L L 0 0 125 31 359 234
L L 0 0 31 47 358 327
L Back 2 -4 47 78 406 359
Back Space -4 9 78 125 218 140
Space O 3 -5 125 125 156 31
O T 0 4 125 109 203 78
T H -1 -1 109 124 141 32
H E 1 3 124 188 124 0
E R 0 -1 188 140 94 -94
R Space -3 0 140 156 499 359
Space A 2 3 156 109 5928 5772
A C -1 -2 109 125 265 156
C I 2 -5 125 125 219 94
I Back 1 -5 125 78 468 343
Back Back 0 0 78 78 171 93
Back Back 0 0 78 78 172 94
Back W -1 11 78 187 406 328
W O 0 -7 187 109 171 -16
O R 0 5 109 109 172 63
R K -1 -4 109 156 125 16
K S 0 6 156 156 296 140
S Back 2 -11 156 78 406 250
Back I -1 5 78 109 4165 4087
I N -2 2 109 141 171 62
N Back 3 -7 141 94 390 249
Back Back 0 0 94 94 234 140
Back Space -4 9 94 188 234 140
Space I 3 -4 188 124 500 312
I N -2 2 124 125 171 47
N Right -1 -7 125 1092 1513 1388
Right Right 0 0 1092 125 1373 281
Right Back 4 0 125 765 421 296
Back Y -1 7 765 109 1654 889
Y Right -3 -7 109 140 718 609
Right Space 0 9 140 140 452 312
Space W 3 2 140 171 27659 27519
W O 0 -7 171 124 125 -46
O R 0 5 124 156 109 -15
R K -1 -4 156 172 140 -16
K P 1 -2 172 140 3557 3385
P R 0 6 140 109 203 63
R I 0 -4 109 78 530 421
I O 0 -1 78 140 203 125
O R 0 5 140 125 296 156
R I 0 -4 125 78 110 -15
I Back 1 -5 78 94 452 374
Back Space -4 9 94 125 234 140
Space T 3 -1 125 109 187 62
T O 0 -4 109 109 63 -46
O LShiftKey -2 9 109 187 7207 7098
LShiftKey N 0 -6 187 78 140 -47
N O 2 -3 78 125 78 0
O T 0 4 125 109 328 203
T Space -3 1 109 140 156 47
Space T 3 -1 140 171 281 141
T Back 1 -8 171 140 624 453
Back T -1 8 140 171 2652 2512
T E 0 2 171 188 202 31
E A -1 2 188 187 515 327
A C -1 -2 187 109 312 125
C H 1 -3 109 141 156 47
H E 1 3 141 218 141 0
E R 0 -1 218 171 78 -140
R S -1 2 171 125 561 390
S Oemcomma -1 -6 125 140 250 125
Oemcomma Space -1 4 140 109 234 94
Space N 1 -2 109 156 156 47
N O 2 -3 156 125 109 -47
O T 0 4 125 171 172 47
T Space -3 1 171 109 140 -31
Space R 3 0 109 188 2090 1981
R E 0 1 188 140 63 -125
E S -1 1 140 156 624 484
S A 0 1 156 203 312 156
A Back 2 -12 203 94 405 202
Back E -1 10 94 249 63 -31
E A -1 2 249 280 47 -202
A R 1 -3 280 187 78 -202
R C -2 1 187 141 327 140
C H 1 -3 141 140 94 -47
H Space -2 2 140 47 405 265
Space Back 4 -9 47 63 546 499
Back Oemcomma -3 5 63 125 281 218
Oemcomma Space -1 4 125 124 297 172
Space N 1 -2 124 156 187 63
N O 2 -3 156 140 109 -47
O T 0 4 140 125 187 47
T Space -3 1 125 141 655 530
Space Return 2 -8 141 140 8674 8533
Return LShiftKey -1 12 140 234 1342 1202
LShiftKey I 2 -8 234 109 93 -141
I Space -3 4 109 125 281 172
Space W 3 2 125 140 172 47
W I 0 -6 140 62 187 47
I L -1 -1 62 94 171 109
L Space -2 5 94 125 219 125
Space Back 4 -9 125 78 827 702
Back L -2 4 78 124 312 234
L Space -2 5 124 109 234 110
Space R 3 0 109 187 171 62
R E 0 1 187 156 47 -140
E C -2 0 156 93 281 125
C O 2 -6 93 109 62 -31
O M -2 2 109 125 156 47
M M 0 0 125 140 203 78
M E 2 4 140 110 140 0
E D -1 0 110 125 172 62
D N -1 -3 125 93 172 47
N Back 3 -7 93 78 561 468
Back Space -4 9 78 78 328 250
Space Back 4 -9 78 47 296 218
Back Back 0 0 47 109 141 94
Back D -2 10 109 140 608 499
D Space -2 -1 140 93 203 63
Space LShiftKey 1 4 93 312 530 437
LShiftKey U 2 -7 312 93 63 -249
U B -2 2 93 109 187 94
B Space -1 1 109 109 187 78
Space T 3 -1 109 125 203 94
T O 0 -4 125 156 218 93
O Space -3 5 156 125 390 234
Space H 2 -2 125 93 219 94
H I 1 -2 93 125 218 125
I G -1 3 125 125 187 62
G H 0 -1 125 109 125 0
H Space -2 2 109 156 671 562
Space S 2 2 156 156 203 47
S C -1 -1 156 140 296 140
C H 1 -3 140 93 250 110
H O 1 -3 93 93 156 63
O O 0 0 93 94 171 78
O L -1 0 94 94 203 109
L Space -2 5 94 141 265 171
Space G 2 -1 141 94 203 62
G R 1 1 94 187 234 140
R A -1 3 187 125 187 0
A D 0 -2 125 125 1061 936
D U 1 -4 125 109 156 31
U A -1 6 109 156 125 16
A T 1 -4 156 188 171 15
T E 0 2 188 203 63 -125
E S -1 1 203 109 1139 936
S LShiftKey -1 2 109 656 5007 4898
LShiftKey U 2 -7 656 62 188 -468
U B -2 2 62 156 234 172
B Space -1 1 156 156 499 343
Space B 1 -1 156 94 1045 889
B E 2 2 94 63 140 46
E C -2 0 63 125 156 93
C A 1 2 125 141 156 31
A U 1 -6 141 124 266 125
U S -1 5 124 202 156 32
S E 1 -1 202 187 31 -171
E Space -3 -1 187 94 374 187
Space I 3 -4 94 156 203 109
I T 0 3 156 109 156 0
T Oem7 -1 -6 109 172 390 281
Oem7 S 0 9 172 125 156 -16
S Space -2 -2 125 124 172 47
Space V 1 0 124 93 156 32
V E 2 1 93 203 171 78
E R 0 -1 203 187 63 -140
R Y 0 -2 187 141 171 -16
Y Space -3 2 141 125 203 62
Space D 2 1 125 109 109 -16
D I 1 -5 109 141 109 0
I V -2 4 141 125 515 374
V E 2 1 125 203 281 156
E R 0 -1 203 156 62 -141
R Back 1 -9 156 78 1841 1685
Back Back 0 0 78 62 203 125
Back Back 0 0 62 889 156 94
Back O -1 4 889 94 1591 702
O F -1 5 94 140 125 31
F Space -2 0 140 125 109 -31
Space I 3 -4 125 125 281 156
I T 0 3 125 94 156 31
T S -1 3 94 125 203 109
S Space -2 -2 125 124 125 0
Space D 2 1 124 109 156 32
D I 1 -5 109 140 31 -78
I V -2 4 140 109 218 78
V E 2 1 109 218 203 94
E R 0 -1 218 203 62 -156
R S -1 2 203 124 266 63
S I 1 -6 124 141 93 -31
I T 0 3 141 125 172 31
T Y 0 -1 125 109 78 -47
Y Right -3 -7 109 62 2153 2044
Right Right 0 0 62 78 171 109
Right Right 0 0 78 94 156 78
Right Right 0 0 94 63 187 93
Right Right 0 0 63 63 156 93
Right Right 0 0 63 62 172 109
Right Right 0 0 62 62 156 94
Right Right 0 0 62 62 156 94
Right Right 0 0 62 46 172 110
Right Right 0 0 46 62 156 110
Right Right 0 0 62 78 187 125
Right Right 0 0 78 125 4524 4446
Right Right 0 0 125 141 2745 2620
Right Back 4 0 141 78 890 749
Back Space -4 9 78 156 936 858
Space OemPeriod 1 -5 156 109 2449 2293
OemPeriod Space -1 5 109 141 1497 1388
Space RShiftKey 1 -7 141 219 4337 4196
RShiftKey D 1 8 219 124 141 -78
D I 1 -5 124 125 249 125
I V -2 4 125 109 141 16
V E 2 1 109 234 234 125
E R 0 -1 234 156 93 -141
R S -1 2 156 125 281 125
S I 1 -6 125 125 78 -47
I T 0 3 125 125 203 78
T Y 0 -1 125 78 109 -16
Y Space -3 2 78 125 218 140
Space M 1 -3 125 156 188 63
M E 2 4 156 125 109 -47
E A -1 2 125 141 93 -32
A N -1 -5 141 124 110 -31
N S 1 4 124 125 249 125
S Space -2 -2 125 156 375 250
Space A 2 3 156 156 296 140
A L 0 -8 156 125 109 -47
L Back 2 -4 125 62 531 406
Back Space -4 9 62 141 202 140
Space L 2 -5 141 109 172 31
L O 1 0 109 78 187 78
O T 0 4 78 110 187 109
T Space -3 1 110 125 141 31
Space O 3 -5 125 124 203 78
O F -1 5 124 109 171 47
F Space -2 0 109 125 172 63
Space N 1 -2 125 125 249 124
N E 2 3 125 171 141 16
E W 0 1 171 156 62 -109
W Space -3 -2 156 125 343 187
Space T 3 -1 125 125 2465 2340
T H -1 -1 125 110 109 -16
H I 1 -2 110 141 47 -63
I N -2 2 141 156 172 31
N G 1 1 156 109 78 -78
G S 0 3 109 124 203 94
S Oemcomma -1 -6 124 125 171 47
Oemcomma Space -1 4 125 109 453 328
Space D 2 1 109 109 577 468
D E 1 0 109 109 218 109
E Back 1 -10 109 94 827 718
Back Back 0 0 94 78 187 93
Back V -3 9 78 109 531 453
V E 2 1 109 203 187 78
E R 0 -1 203 156 62 -141
R Y 0 -2 156 109 125 -31
Y Space -3 2 109 109 203 94
Space I 3 -4 109 156 156 47
I M -2 1 156 171 203 47
M P 2 -3 171 156 156 -15
P O 0 1 156 171 78 -78
O R 0 5 171 141 171 0
R T 0 -1 141 125 250 109
T A -1 4 125 156 405 280
A N -1 -5 156 171 141 -15
N T 2 1 171 124 125 -46
T Space -3 1 124 124 312 188
Space F 2 0 124 109 265 141
F O 1 -5 109 125 109 0
O R 0 5 125 125 140 15
R Space -3 0 125 156 125 0
Space S 2 2 156 141 499 343
S T 1 -3 141 109 250 109
T U 0 -2 109 141 998 889
U D -1 4 141 125 156 15
D E 1 0 125 156 203 78
E N -2 -3 156 156 125 -31
N T 2 1 156 94 140 -16
T Space -3 1 94 125 359 265
Space W 3 2 125 110 15085 14960
W H -1 -4 110 110 78 -32
H O 1 -3 110 156 110 0
O Space -3 5 156 156 187 31
Space W 3 2 156 202 593 437
W A -1 1 202 187 62 -140
A N -1 -5 187 203 109 -78
N T 2 1 203 125 187 -16
T S -1 3 125 125 234 109
S Space -2 -2 125 125 562 437
Space T 3 -1 125 140 156 31
T O 0 -4 140 93 94 -46
O Space -3 5 93 125 171 78
Space T 3 -1 125 156 406 281
T A -1 4 156 156 140 -16
A K 0 -7 156 124 141 -15
K E 1 5 124 125 109 -15
E Space -3 -1 125 140 109 -16
Space T 3 -1 140 141 343 203
T Back 1 -8 141 94 312 171
Back C -3 10 94 31 125 31
C A 1 2 31 219 109 78
A R 1 -3 219 172 125 -94
R E 0 1 172 187 94 -78
E Back 1 -10 187 1482 296 109
Back Back 0 0 1482 93 2512 1030
Back Back 0 0 93 63 202 109
Back Back 0 0 63 63 156 93
Back Back 0 0 63 94 156 93
Back Back 0 0 94 125 219 125
Back OemPeriod -3 4 125 172 686 561
OemPeriod LShiftKey 0 9 172 1903 10967 10795
LShiftKey T 2 -5 1903 141 1747 -156
T O 0 -4 141 124 219 78
O Space -3 5 124 140 234 110
Space T 3 -1 140 109 156 16
T E 0 2 109 93 499 390
E L -1 -6 93 93 125 32
L L 0 0 93 109 171 78
L Space -2 5 109 109 125 16
Space T 3 -1 109 93 125 16
T H -1 -1 93 93 78 -15
H E 1 3 93 125 109 16
E Space -3 -1 125 125 62 -63
Space R 3 0 125 110 234 109
R U 0 -3 110 140 141 31
U T 0 2 140 125 218 78
T Back 1 -8 125 94 234 109
Back Back 0 0 94 78 187 93
Back Back 0 0 78 125 156 78
Back T -1 8 125 93 110 -15
T U 0 -2 93 156 171 78
U R 0 3 156 156 78 -78
R Back 1 -9 156 78 437 281
Back Back 0 0 78 93 172 94
Back R -1 9 93 125 109 16
R U 0 -3 125 156 125 0
U T 0 2 156 140 218 62
T H -1 -1 140 109 109 -31
H Oemcomma -1 -2 109 140 297 188
Oemcomma Space -1 4 140 125 686 546
Space LShiftKey 1 4 125 390 359 234
LShiftKey I 2 -8 390 125 171 -219
I Back 1 -5 125 94 515 390
Back T -1 8 94 109 312 218
T H -1 -1 109 94 47 -62
H E 1 3 94 110 218 124
E Space -3 -1 110 93 266 156
Space M 1 -3 93 140 156 63
M O 2 -2 140 109 78 -62
O S -1 7 109 125 171 62
S T 1 -3 125 109 234 109
T Space -3 1 109 125 265 156
Space Back 4 -9 125 93 1514 1389
Back Back 0 0 93 63 202 109
Back Back 0 0 63 63 156 93
Back Back 0 0 63 78 141 78
Back Back 0 0 78 63 171 93
Back Back 0 0 63 78 562 499
Back Back 0 0 78 63 187 109
Back Back 0 0 63 62 172 109
Back Back 0 0 62 78 421 359
Back M -3 6 78 140 1404 1326
M O 2 -2 140 140 78 -62
O S -1 7 140 109 125 -15
S T 1 -3 109 93 203 94
T Space -3 1 93 93 78 -15
Space O 3 -5 93 94 171 78
O F -1 5 94 141 109 15
F Space -2 0 141 141 125 -16
Space S 2 2 141 141 187 46
S P 1 -8 141 125 125 -16
P R 0 6 125 125 187 62
R A -1 3 125 234 78 -47
A R 1 -3 234 156 172 -62
R Back 1 -9 156 94 265 109
Back Back 0 0 94 63 187 93
Back Back 0 0 63 94 156 93
Back A -2 12 94 187 63 -31
A R 1 -3 187 187 156 -31
R E 0 1 187 172 62 -125
E Space -3 -1 172 140 219 47
Space T 3 -1 140 109 187 47
T I 0 -3 109 78 78 -31
I M -2 1 78 109 140 62
M E 2 4 109 140 63 -46
E Space -3 -1 140 125 140 0
Space W 3 2 125 172 546 421
W A -1 1 172 171 94 -78
A S 0 -1 171 140 218 47
S Space -2 -2 140 124 172 32
Space T 3 -1 124 140 140 16
T Back 1 -8 140 110 2246 2106
Back S -2 11 110 125 312 202
S P 1 -8 125 109 125 0
P P 0 0 109 125 203 94
P E 0 7 125 109 109 -16
E Back 1 -10 109 62 453 344
Back Back 0 0 62 78 156 94
Back E -1 10 78 125 93 15
E N -2 -3 125 141 312 187
N D 1 3 141 110 156 15
D Back 2 -10 110 94 468 358
Back T -1 8 94 156 63 -31
T Space -3 1 156 125 234 78
Space O 3 -5 125 94 421 296
O N -2 3 94 109 125 31
N Space -1 2 109 125 265 156
Space G 2 -1 125 156 2278 2153
G A 0 4 156 156 124 -32
A M -1 -6 156 156 141 -15
M E 2 4 156 140 78 -78
E S -1 1 140 125 405 265
S Left -2 -9 125 671 609 484
Left Right 0 -2 671 93 1061 390
Right Space 0 9 93 171 343 250
Space C 1 1 171 140 1279 1108
C O 2 -6 140 156 172 32
O M -2 2 156 156 202 46
M P 2 -3 156 234 141 -15
P U 0 3 234 125 171 -63
U T 0 2 125 141 125 0
T E 0 2 141 202 453 312
E R 0 -1 202 188 46 -156
R Space -3 0 188 125 390 202
Space Right 0 -9 125 78 749 624
Right Right 0 0 78 78 203 125
Right Left 0 2 78 109 3588 3510
Left Back 4 -2 109 187 967 858
Back Right -4 0 187 125 733 546
Right Right 0 0 125 63 234 109
Right Right 0 0 63 62 172 109
Right Right 0 0 62 78 156 94
Right Right 0 0 78 62 172 94
Right Right 0 0 62 63 171 109
Right Right 0 0 63 47 796 733
Right Right 0 0 47 63 171 124
Right Right 0 0 63 62 172 109
Right Space 0 9 62 124 1030 968
Space A 2 3 124 140 156 32
A M -1 -6 140 109 140 0
M D 1 4 109 125 62 -47
D Space -2 -1 125 109 172 47
Space Back 4 -9 109 93 749 640
Back Back 0 0 93 78 187 94
Back Back 0 0 78 93 172 94
Back N -3 7 93 125 670 577
N D 1 3 125 109 141 16
D Space -2 -1 109 63 249 140
Space F 2 0 63 140 141 78
F O 1 -5 140 94 608 468
O O 0 0 94 94 187 93
O T 0 4 94 125 156 62
T Back 1 -8 125 109 3994 3869
Back Back 0 0 109 78 203 94
Back Back 0 0 78 63 171 93
Back Back 0 0 63 78 156 93
Back I -1 5 78 141 312 234
I N -2 2 141 109 203 62
N F 1 2 109 125 125 16
F O 1 -5 125 93 125 0
O R 0 5 93 141 140 47
R M -2 -3 141 109 203 62
M A 1 6 109 172 265 156
A T 1 -4 172 125 250 78
T I 0 -3 125 172 62 -63
I O 0 -1 172 141 109 -63
O N -2 3 141 187 125 -16
N OemPeriod 0 -3 187 125 421 234
OemPeriod Left -1 -2 125 904 578 453
Left Space 0 7 904 141 1606 702
Space S 2 2 141 140 874 733
S C -1 -1 140 94 686 546
C A 1 2 94 110 156 62
A N -1 -5 110 109 94 -16
N Right -1 -7 109 998 2184 2075
Right B 1 8 998 109 111603 110605
B R 2 1 109 110 124 15
R O 0 -5 110 125 156 46
O W 0 7 125 141 156 31
W S -1 0 141 234 297 156
S E 1 -1 234 141 93 -141
E Space -3 -1 141 140 484 343
Space M 1 -3 140 141 577 437
M I 2 -1 141 124 141 0
I S -1 6 124 109 187 63
S C -1 -1 109 110 249 140
C E 2 0 110 93 219 109
E L -1 -6 93 93 125 32
L L 0 0 93 109 171 78
L A 0 8 109 124 609 500
A N -1 -5 124 187 78 -46
N C 0 3 187 110 280 93
C E 2 0 110 109 203 93
E Back 1 -10 109 94 3744 3635
Back Back 0 0 94 94 203 109
Back I -1 5 94 125 437 343
I O 0 -1 125 172 187 62
O U 0 2 172 156 140 -32
U S -1 5 156 109 141 -15
S Back 2 -11 109 125 265 156
Back Back 0 0 125 78 203 78
Back Back 0 0 78 78 171 93
Back Back 0 0 78 109 141 63
Back E -1 10 109 125 873 764
E O 0 -6 125 172 172 47
O U 0 2 172 156 156 -16
U S -1 5 156 125 125 -31
S Back 2 -11 125 93 5273 5148
Back Space -4 9 93 172 280 187
Space S 2 2 172 109 406 234
S U 1 -5 109 109 156 47
U C -2 4 109 109 125 16
C H 1 -3 109 94 109 0
H Space -2 2 94 110 218 124
Space A 2 3 110 94 125 15
A S 0 -1 94 125 172 78
S Space -2 -2 125 140 187 62
Space E 3 1 140 124 2044 1904
E N -2 -3 124 141 93 -31
N T 2 1 141 78 297 156
T E 0 2 78 187 171 93
E R 0 -1 187 125 78 -109
R T 0 -1 125 93 531 406
T A -1 4 93 172 124 31
A I 1 -7 172 109 172 0
I N -2 2 109 140 156 47
N M 0 -1 140 125 265 125
M E 2 4 125 125 109 -16
E N -2 -3 125 109 94 -31
N T 2 1 109 141 140 31
T Space -3 1 141 141 125 -16
Space A 2 3 141 109 156 15
A N -1 -5 109 110 109 0
N D 1 3 110 140 63 -47
D Space -2 -1 140 125 156 16
Space F 2 0 125 140 187 62
F O 1 -5 140 156 312 172
O Back 1 -4 156 78 889 733
Back Back 0 0 78 78 172 94
Back S -2 11 78 109 156 78
S P 1 -8 109 93 156 47
P O 0 1 93 109 187 94
O R 0 5 109 110 140 31
R S -1 2 110 46 500 390
S Back 2 -11 46 94 358 312
Back T -1 8 94 141 78 -16
T S -1 3 141 109 266 125
S OemPeriod -1 -7 109 93 265 156
OemPeriod S 1 7 93 124 9953 9860
S O 1 -7 124 109 140 16
O C -2 6 109 94 374 265
C C 0 0 94 93 188 94
C E 2 0 93 249 234 141
E R 0 -1 249 156 93 -156
R Right -3 -9 156 94 983 827
Right Space 0 9 94 140 780 686
Space LShiftKey 1 4 140 265 4633 4493
LShiftKey I 2 -8 265 109 141 -124
I Space -3 4 109 172 296 187
Space H 2 -2 172 94 452 280
H A 0 5 94 140 94 0
A V -1 -3 140 172 187 47
V E 2 1 172 140 63 -109
E Space -3 -1 140 109 249 109
Space N 1 -2 109 125 187 78
N O 2 -3 125 110 78 -47
O Space -3 5 110 125 203 93
Space S 2 2 125 124 453 328
S E 1 -1 124 141 171 47
E N -2 -3 141 94 343 202
N S 1 4 94 218 141 47
S E 1 -1 218 140 109 -109
E Space -3 -1 140 109 203 63
Space W 3 2 109 141 93 -16
W I 0 -6 141 125 94 -47
I T 0 3 125 125 156 31
T H -1 -1 125 125 62 -63
H Space -2 2 125 109 188 63
Space M 1 -3 109 156 202 93
M U 2 0 156 93 656 500
U S -1 5 93 109 156 63
S I 1 -6 109 109 62 -47
I C -2 5 109 109 203 94
C Space -1 -1 109 156 343 234
Space A 2 3 156 156 343 187
A N -1 -5 156 156 109 -47
N D 1 3 156 125 141 -15
D Space -2 -1 125 156 109 -16
Space T 3 -1 156 109 312 156
T H -1 -1 109 141 109 0
H E 1 3 141 172 156 15
E R 0 -1 172 125 78 -94
R Back 1 -9 125 109 562 437
Back A -2 12 109 156 624 515
A T 1 -4 156 110 249 93
T R 0 1 110 172 406 296
R E 0 1 172 171 94 -78
E Back 1 -10 171 640 2745 2574
Back Back 0 0 640 62 905 265
Back A -2 12 62 203 265 203
A R 1 -3 203 125 109 -94
R T 0 -1 125 94 234 109
T OemPeriod -2 -4 94 94 281 187
OemPeriod Space -1 5 94 125 281 187
Space LShiftKey 1 4 125 187 203 78
LShiftKey B 0 -5 187 63 93 -94
B U 2 -2 63 109 172 109
U T 0 2 109 78 281 172
T Space -3 1 78 140 203 125
Space LShiftKey 1 4 140 187 249 109
LShiftKey I 2 -8 187 156 94 -93
I Space -3 4 156 125 265 109
Space R 3 0 125 171 3994 3869
R E 0 1 171 141 46 -125
E A -1 2 141 125 172 31
A L 0 -8 125 78 140 15
L L 0 0 78 110 156 78
L Y 1 3 110 93 219 109
Y Space -3 2 93 125 218 125
Space L 2 -5 125 109 390 265
L I 1 1 109 62 172 63
I K -1 0 62 125 171 109
K E 1 5 125 124 110 -15
E Space -3 -1 124 171 156 32
Space T 3 -1 171 78 842 671
T A -1 4 78 234 281 203
A Back 2 -12 234 78 639 405
Back R -1 9 78 156 94 16
R A -1 3 156 171 94 -62
A D 0 -2 171 109 218 47
D I 1 -5 109 109 187 78
I T 0 3 109 110 655 546
T I 0 -3 110 203 78 -32
I O 0 -1 203 125 94 -109
O N -2 3 125 188 140 15
N A 1 5 188 124 500 312
A L 0 -8 124 94 93 -31
L Space -2 5 94 156 219 125
Space RShiftKey 1 -7 156 171 1123 967
RShiftKey C 0 8 171 125 78 -93
C H 1 -3 125 125 218 93
H I 1 -2 125 140 47 -78
I N -2 2 140 156 203 63
N E 2 3 156 156 187 31
E S -1 1 156 234 265 109
S E 1 -1 234 172 78 -156
E Space -3 -1 172 125 250 78
Space P 3 -6 125 188 171 46
P E 0 7 188 156 234 46
E M -2 -4 156 109 406 250
M Back 3 -6 109 62 406 297
Back Back 0 0 62 78 156 94
Back O -1 4 78 140 733 655
O E 0 6 140 125 156 16
E M -2 -4 125 156 78 -47
M S 1 5 156 156 218 62
S OemPeriod -1 -7 156 78 546 390
OemPeriod Space -1 5 78 156 8471 8393
Space LShiftKey 1 4 156 218 3994 3838
LShiftKey I 2 -8 218 110 93 -125
I N -2 2 110 141 234 124
N Space -1 2 141 156 344 203
Space B 1 -1 156 109 624 468
B U 2 -2 109 93 234 125
U F -1 3 93 94 202 109
F F 0 0 94 172 156 62
F A 0 3 172 172 78 -94
A L 0 -8 172 94 156 -16
L O 1 0 94 93 188 94
O Oemcomma -2 1 93 125 265 172
Oemcomma Space -1 4 125 156 561 436
Space LShiftKey 1 4 156 219 1482 1326
LShiftKey I 2 -8 219 125 78 -141
I Space -3 4 125 141 281 156
Space P 3 -6 141 156 359 218
P R 0 6 156 203 359 203
R E 0 1 203 203 109 -94
E F -1 -1 203 156 546 343
F E 1 1 156 234 234 78
E R 0 -1 234 171 94 -140
R Space -3 0 171 125 327 156
Space T 3 -1 125 140 172 47
T O 0 -4 140 141 93 -47
O Space -3 5 141 109 172 31
Space S 2 2 109 109 94 -15
S T 1 -3 109 156 187 78
T A -1 4 156 156 156 0
A Y 1 -5 156 109 203 47
Y Space -3 2 109 125 218 109
Space H 2 -2 125 125 234 109
H A 0 5 125 125 109 -16
A Back 2 -12 125 94 359 234
Back Back 0 0 94 78 172 78
Back A -2 12 78 110 124 46
A T 1 -4 110 125 156 46
T Space -3 1 125 109 63 -62
Space H 2 -2 109 109 312 203
H O 1 -3 109 140 125 16
O M -2 2 140 125 202 62
M E 2 4 125 110 78 -47
E Space -3 -1 110 124 188 78
Space I 3 -4 124 125 202 78
I F -1 4 125 140 141 16
F Space -2 0 140 125 187 47
Space LShiftKey 1 4 125 171 2543 2418
LShiftKey I 2 -8 171 125 62 -109
I Space -3 4 125 125 187 62
Space D 2 1 125 141 125 0
D O 1 -6 141 109 78 -63
O N -2 3 109 109 156 47
N Oem7 1 -5 109 171 172 63
Oem7 T 1 6 171 141 171 0
T Space -3 1 141 109 110 -31
Space H 2 -2 109 94 171 62
H A 0 5 94 124 63 -31
A V -1 -3 124 141 202 78
V E 2 1 141 140 32 -109
E Space -3 -1 140 124 156 16
Space C 1 1 124 93 156 32
C L 1 -6 93 93 109 16
L A 0 8 93 125 109 16
A S 0 -1 125 94 187 62
S S 0 0 94 94 156 62
S Space -2 -2 94 140 219 125
Space I 3 -4 140 94 171 31
I N -2 2 94 156 156 62
N Space -1 2 156 109 203 47
Space LShiftKey 1 4 109 531 218 109
LShiftKey U 2 -7 531 78 110 -421
U Back 1 -6 78 62 374 296
Back S -2 11 62 125 530 468
S U 1 -5 125 78 125 0
U Back 1 -6 78 63 265 187
Back Back 0 0 63 94 172 109
Back C -3 10 94 94 468 374
C M 0 -4 94 188 140 46
M A 1 6 188 109 16 -172
A P 1 -9 109 202 250 141
P U 0 3 202 125 140 -62
U Back 1 -6 125 78 312 187
Back Back 0 0 78 78 172 94
Back Back 0 0 78 78 156 78
Back Back 0 0 78 109 156 78
Back A -2 12 109 125 202 93
A M -1 -6 125 187 344 219
M P 2 -3 187 265 187 0
P U 0 3 265 156 203 -62
U S -1 5 156 218 140 -16
S E 1 -1 218 62 94 -124
E Back 1 -10 62 94 405 343
Back OemPeriod -3 4 94 109 406 312
OemPeriod Space -1 5 109 141 842 733
Space Left 0 -7 141 125 20904 20763
Left Right 0 -2 125 109 250 125
Right LShiftKey 1 13 109 218 9157 9048
LShiftKey I 2 -8 218 109 94 -124
I Space -3 4 109 156 421 312
Space D 2 1 156 125 2371 2215
D O 1 -6 125 109 78 -47
O N -2 3 109 140 156 47
N Oem7 1 -5 140 156 234 94
Oem7 T 1 6 156 110 218 62
T Space -3 1 110 140 141 31
Space K 2 -4 140 141 249 109
K N -1 2 141 156 203 62
N O 2 -3 156 171 63 -93
O W 0 7 171 141 202 31
W Space -3 -2 141 109 281 140
Space Back 4 -9 109 156 453 344
Back Back 0 0 156 156 3853 3697
Back Right -4 0 156 94 2090 1934
Right Right 0 0 94 109 250 156
Right Space 0 9 109 140 1123 1014
Space Q 3 3 140 125 780 640
Q U 0 -6 125 110 140 15
U I 0 -1 110 140 188 78
I T 0 3 140 156 156 16
T E 0 2 156 156 124 -32
E Space -3 -1 156 140 500 344
Space L 2 -5 140 124 1014 874
L E 1 6 124 141 249 125
E Back 1 -10 141 78 390 249
Back I -1 5 78 93 219 141
I T 0 3 93 109 265 172
T T 0 0 109 125 187 78
T L -1 -4 125 124 250 125
L E 1 6 124 125 124 0
E Space -3 -1 125 141 234 109
Space A 2 3 141 156 219 78
A B -1 -4 156 94 2636 2480
B O 2 -4 94 140 125 31
O U 0 2 140 156 109 -31
U T 0 2 156 140 250 94
T Space -3 1 140 94 140 0
Space T 3 -1 94 125 172 78
T H -1 -1 125 140 78 -47
H E 1 3 140 140 187 47
E Space -3 -1 140 140 94 -46
Space O 3 -5 140 140 218 78
O U 0 2 140 172 78 -62
U T 0 2 172 94 187 15
T D -1 2 94 94 281 187
D O 1 -6 94 94 452 358
O O 0 0 94 109 172 78
O R 0 5 109 125 203 94
R Space -3 0 125 141 218 93
Space A 2 3 141 124 687 546
A C -1 -2 124 109 265 141
C T 2 -2 109 110 561 452
T I 0 -3 110 140 266 156
I V -2 4 140 125 405 265
V I 2 -4 125 172 234 109
I T 0 3 172 93 250 78
T I 0 -3 93 140 437 344
I Back 1 -5 140 78 452 312
Back E -1 10 78 140 172 94
E S -1 1 140 125 265 125
S Back 2 -11 125 78 296 171
Back Back 0 0 78 94 156 78
Back I -1 5 94 124 219 125
I E 0 5 124 109 78 -46
E S -1 1 109 110 202 93
S Space -2 -2 110 140 609 499
Space I 3 -4 140 109 140 0
I N -2 2 109 140 172 63
N Back 3 -7 140 78 1201 1061
Back Back 0 0 78 47 203 125
Back H -2 7 47 125 452 405
H E 1 3 125 218 328 203
E R 0 -1 218 203 171 -47
R E 0 1 203 156 141 -62
E OemPeriod -2 -6 156 110 11091 10935
OemPeriod Space -1 5 110 125 390 280
Space RShiftKey 1 -7 125 156 734 609
RShiftKey S 1 9 156 93 109 -47
S O 1 -7 93 109 530 437
O Space -3 5 109 125 203 94
Space LShiftKey 1 4 125 156 203 78
LShiftKey I 2 -8 156 109 62 -94
I Space -3 4 109 124 141 32
Space H 2 -2 124 109 171 47
H A 0 5 109 141 78 -31
A V -1 -3 141 188 187 46
V E 2 1 188 172 78 -110
E Space -3 -1 172 140 344 172
Space N 1 -2 140 171 156 16
N O 2 -3 171 109 93 -78
O Space -3 5 109 140 453 344
Space U 3 -3 140 156 686 546
U S -1 5 156 140 203 47
S E 1 -1 140 156 218 78
E F -1 -1 156 140 765 609
F U 1 -3 140 93 109 -31
U L -1 -2 93 93 234 141
L Space -2 5 93 156 624 531
Space S 2 2 156 125 1201 1045
S U 1 -5 125 109 94 -31
U G -1 2 109 93 234 125
G G 0 0 93 94 171 78
G E 1 2 94 93 219 125
E S -1 1 93 125 514 421
S T 1 -3 125 140 250 125
T I 0 -3 140 250 187 47
I O 0 -1 250 188 109 -141
O N -2 3 188 156 203 15
N Space -1 2 156 125 1233 1077
Space Back 4 -9 125 78 499 374
Back Oemcomma -3 5 78 124 328 250
Oemcomma Space -1 4 124 109 249 125
Space S 2 2 109 109 203 94
S O 1 -7 109 94 62 -47
O R 0 5 94 94 156 62
R R 0 0 94 140 172 78
R Y 0 -2 140 125 156 16
Y OemPeriod -2 -3 125 140 328 203
OemPeriod LShiftKey 0 9 140 234 12948 12808
LShiftKey I 2 -8 234 109 109 -125
I Back 1 -5 109 94 405 296
Back RShiftKey -3 2 94 171 266 172
RShiftKey T 2 6 171 140 78 -93
T H -1 -1 140 110 202 62
H E 1 3 110 94 125 15
E Space -3 -1 94 140 172 78
Space Left 0 -7 140 109 2761 2621
Left Left 0 0 109 62 203 94
Left Left 0 0 62 47 171 109
Left Left 0 0 47 63 156 109
Left Left 0 0 63 78 141 78
Left Right 0 -2 78 78 1934 1856
Right Right 0 0 78 78 172 94
Right Right 0 0 78 78 171 93
Right Right 0 0 78 93 141 63
Right P 3 3 93 219 5475 5382
P I 0 2 219 156 172 -47
I C -2 5 156 93 250 94
C T 2 -2 93 109 265 172
T U 0 -2 109 109 125 16
U R 0 3 109 125 218 109
R E 0 1 125 171 47 -78
E Space -3 -1 171 140 1170 999
Space S 2 2 140 109 983 843
S E 1 -1 109 94 202 93
E E 0 0 94 109 188 94
E M -2 -4 109 109 140 31
M S 1 5 109 124 250 141
S Left -2 -9 124 749 1372 1248
Left X 1 9 749 188 5148 4399
X LShiftKey 0 2 188 250 1030 842
LShiftKey I 2 -8 250 94 140 -110
I T 0 3 94 125 328 234
T Space -3 1 125 125 203 78
Space Right 0 -9 125 78 967 842
Right Space 0 9 78 125 764 686
Space T 3 -1 125 109 172 47
T E 0 2 109 125 296 187
E Back 1 -10 125 78 375 250
Back Back 0 0 78 78 171 93
Back V -3 9 78 125 624 546
V Back 3 -9 125 141 2153 2028
Back T -1 8 141 156 141 0
T Right -3 -8 156 78 655 499
Right Right 0 0 78 62 187 109
Right Space 0 9 62 140 1326 1264
Space A 2 3 140 172 4446 4306
A R 1 -3 172 156 172 0
R E 0 1 156 172 62 -94
E Space -3 -1 172 125 187 15
Space S 2 2 125 94 187 62
S W 1 0 94 78 16 -78
W H -1 -4 78 110 62 -16
H W 1 4 110 156 172 62
W Back 1 -11 156 47 437 281
Back Back 0 0 47 47 171 124
Back Back 0 0 47 78 141 94
Back H -2 7 78 125 327 249
H O 1 -3 125 125 203 78
O W 0 7 125 109 156 31
W I 0 -6 109 94 156 47
I N -2 2 94 124 141 47
N G 1 1 124 125 109 -15
G Space -2 1 125 156 93 -32
Space A 2 3 156 171 141 -15
A Space -2 -3 171 156 109 -62
Space S 2 2 156 109 577 421
S C -1 -1 109 125 234 125
C E 2 0 125 140 203 78
E N -2 -3 140 172 296 156
N E 2 3 172 124 110 -62
E Space -3 -1 124 140 390 266
Space I 3 -4 140 109 2948 2808
I N -2 2 109 124 172 63
N Space -1 2 124 109 171 47
Space H 2 -2 109 109 219 110
H T 1 1 109 140 31 -78
T Space -3 1 140 94 249 109
Space Back 4 -9 94 63 312 218
Back Back 0 0 63 78 172 109
Back T -1 8 78 141 140 62
T H -1 -1 141 110 78 -63
H E 1 3 110 141 156 46
E Back 1 -10 141 78 297 156
Back Back 0 0 78 78 171 93
Back Back 0 0 78 62 172 94
Back Back 0 0 62 125 140 78
Back A -2 12 125 202 266 141
A Space -2 -3 202 125 265 63
Space B 1 -1 125 78 327 202
B O 2 -4 78 203 172 94
O Back 1 -4 203 78 452 249
Back Back 0 0 78 78 156 78
Back H -2 7 78 140 219 141
H A 0 5 140 171 281 141
A B -1 -4 171 141 124 -47
B O 2 -4 141 218 188 47
O U 0 2 218 140 140 -78
U Back 1 -6 140 109 515 375
Back R -1 9 109 93 125 16
R OemPeriod -2 -5 93 94 608 515
OemPeriod Space -1 5 94 141 35396 35302
Space RShiftKey 1 -7 141 203 687 546
RShiftKey A 1 10 203 140 47 -156
A T 1 -4 140 93 265 125
T Space -3 1 93 109 218 125
Space Left 0 -7 109 796 4415 4306
Left Right 0 -2 796 109 1108 312
Right Right 0 0 109 78 202 93
Right R 3 9 78 109 219 141
R Right -3 -9 109 921 374 265
Right Left 0 2 921 93 2559 1638
Left T 3 6 93 109 1435 1342
T H -1 -1 109 110 62 -47
H E 1 3 110 125 125 15
E Space -3 -1 125 109 78 -47
Space B 1 -1 109 109 234 125
B O 2 -4 109 94 187 78
O T 0 4 94 78 172 78
T T 0 0 78 94 156 78
T O 0 -4 94 94 187 93
O M -2 2 94 124 141 47
M Space -1 3 124 93 343 219
Space O 3 -5 93 109 203 110
O F -1 5 109 94 124 15
F Space -2 0 94 109 47 -47
Space T 3 -1 109 109 203 94
T H -1 -1 109 109 47 -62
H E 1 3 109 125 156 47
E Space -3 -1 125 125 15 -110
Space P 3 -6 125 125 172 47
P I 0 2 125 172 187 62
I C -2 5 172 109 156 -16
C A 1 2 109 110 187 78
A Back 2 -12 110 94 359 249
Back T -1 8 94 78 219 125
T U 0 -2 78 78 109 31
U R 0 3 78 125 140 62
R E 0 1 125 141 78 -47
E Oemcomma -2 -5 141 125 468 327
Oemcomma Space -1 4 125 109 297 172
Space Space 0 0 109 141 21543 21434
Space A 2 3 141 156 156 15
A Space -2 -3 156 124 297 141
Space H 2 -2 124 93 187 63
H U 1 -1 93 63 218 125
U G -1 2 63 109 125 62
G Space -2 1 109 125 265 156
Space E 3 1 125 78 733 608
E Back 1 -10 78 93 141 63
Back Back 0 0 93 78 187 94
Back E -1 10 78 94 78 0
E Space -3 -1 94 125 234 140
Space S 2 2 125 156 468 343
S H 0 -4 156 109 78 -78
H I 1 -2 109 78 47 -62
I P 0 -2 78 171 156 78
P Space -3 6 171 141 405 234
Space C 1 1 141 78 3822 3681
C A 1 2 78 125 172 94
A Back 2 -12 125 78 421 296
Back O -1 4 78 125 234 156
O N -2 3 125 125 203 78
N T 2 1 125 124 406 281
T I 0 -3 124 46 156 32
I A -1 7 46 187 62 16
A Back 2 -12 187 78 374 187
Back Back 0 0 78 94 172 94
Back A -2 12 94 125 109 15
A N -1 -5 125 93 375 250
N Back 3 -7 93 94 327 234
Back I -1 5 94 109 219 125
I N -2 2 109 125 187 78
N Space -1 2 125 140 499 374
Space A 2 3 140 141 140 0
A Space -2 -3 141 109 125 -16
Space O 3 -5 109 94 1997 1888
O P 0 -1 94 156 140 46
P E 0 7 156 156 94 -62
E N -2 -3 156 140 125 -31
N Space -1 2 140 156 234 94
Space Back 4 -9 156 93 1248 1092
Back Back 0 0 93 63 218 125
Back Back 0 0 63 78 141 78
Back Back 0 0 78 62 156 78
Back Back 0 0 62 62 156 94
Back Back 0 0 62 109 156 94
Back N -3 7 109 156 327 218
N Space -1 2 156 125 187 31
Space O 3 -5 125 109 250 125
O P 0 -1 109 125 203 94
P E 0 7 125 141 93 -32
E N -2 -3 141 140 110 -31
N Space -1 2 140 125 265 125
Space P 3 -6 125 109 1295 1170
P O 0 1 109 109 561 452
O O 0 0 109 110 187 78
O L -1 0 110 109 219 109
L Space -2 5 109 125 249 140
Space A 2 3 125 109 375 250
A B -1 -4 109 156 249 140
B Left -1 -6 156 125 24570 24414
Left Left 0 0 125 125 468 343
Left Right 0 -2 125 125 328 203
Right Back 4 0 125 109 624 499
Back Back 0 0 109 125 20202 20093
Back Left -4 2 125 78 546 421
Left Left 0 0 78 62 156 78
Left Left 0 0 62 62 156 94
Left Left 0 0 62 62 156 94
Left Left 0 0 62 78 140 78
Left Left 0 0 78 78 141 63
Left Space 0 7 78 62 593 515
Space S 2 2 62 140 140 78
S W 1 0 140 125 234 94
W I 0 -6 125 125 234 109
I M -2 1 125 171 437 312
M I 2 -1 171 172 140 -31
I Back 1 -5 172 94 515 343
Back M -3 6 94 171 203 109
M I 2 -1 171 124 125 -46
I N -2 2 124 141 124 0
N G 1 1 141 140 110 -31
G Right -2 -8 140 31 1045 905
Right Right 0 0 31 94 374 343
Right Right 0 0 94 47 203 109
Right Right 0 0 47 47 156 109
Right Right 0 0 47 63 140 93
Right Right 0 0 63 94 156 93
Right A 2 12 94 141 1326 1232
A B -1 -4 141 78 188 47
B O 2 -4 78 109 171 93
O A -1 8 109 219 936 827
A R 1 -3 219 125 172 -47
R D -1 1 125 140 234 109
D OemPeriod -1 -6 140 110 249 109
OemPeriod Space -1 5 110 109 9298 9188
Space LShiftKey 1 4 109 234 718 609
LShiftKey L 1 -9 234 109 171 -63
L O 1 0 109 78 187 78
O T 0 4 78 110 203 125
T S -1 3 110 125 234 124
S Space -2 -2 125 156 141 16
Space O 3 -5 156 140 187 31
O F -1 5 140 125 109 -31
F Space -2 0 125 156 109 -16
Space P 3 -6 156 172 250 94
P E 0 7 172 156 109 -63
E O 0 -6 156 125 437 281
O P 0 -1 125 93 281 156
P L -1 1 93 124 203 110
L E 1 6 124 140 78 -46
E Space -3 -1 140 125 171 31
Space A 2 3 125 202 63 -62
A R 1 -3 202 188 124 -78
R E 0 1 188 124 110 -78
E Space -3 -1 124 109 93 -31
Space P 3 -6 109 156 156 47
P L -1 1 156 141 265 109
L A 0 8 141 172 125 -16
A Y 1 -5 172 78 328 156
Y I 0 -2 78 156 47 -31
I N -2 2 156 140 218 62
N G 1 1 140 125 109 -31
G Space -2 1 125 125 156 31
Space T 3 -1 125 93 219 94
T H -1 -1 93 93 78 -15
H E 1 3 93 156 140 47
E R 0 -1 156 171 94 -62
R E 0 1 171 156 468 297
E OemPeriod -2 -6 156 125 140 -16
OemPeriod Back 3 -4 125 78 421 296
Back OemPeriod -3 4 78 109 671 593
OemPeriod Space -1 5 109 140 359 250
Space LShiftKey 1 4 140 156 2153 2013
LShiftKey B 0 -5 156 78 78 -78
B E 2 2 78 140 218 140
E S -1 1 140 78 265 125
S Back 2 -11 78 78 172 94
Back Back 0 0 78 62 187 109
Back Back 0 0 62 93 172 110
Back RShiftKey -3 2 93 234 514 421
RShiftKey E 2 8 234 94 94 -140
E X -2 1 94 109 234 140
X C 0 -1 109 110 218 109
C E 2 0 110 109 437 327
E P 0 -7 109 141 156 47
P T 0 5 141 141 156 15
T Space -3 1 141 94 125 -16
Space H 2 -2 94 125 156 62
H T 1 1 125 46 16 -109
T E 0 2 46 140 156 110
E Space -3 -1 140 124 78 -62
Space Back 4 -9 124 78 483 359
Back Space -4 9 78 109 749 671
Space S 2 2 109 156 562 453
S H 0 -4 156 125 62 -94
H I 1 -2 125 62 78 -47
I P 0 -2 62 141 109 47
P Oemcomma -2 2 141 125 328 187
Oemcomma Space -1 4 125 141 249 124
Space A 2 3 141 188 6474 6333
A Space -2 -3 188 156 156 -32
Space V 1 0 156 125 281 125
V A 1 3 125 156 203 78
A R 1 -3 156 125 281 125
R I 0 -4 125 140 109 -16
I T 0 3 140 125 203 63
T Y 0 -1 125 109 140 15
Y Back 1 -7 109 93 609 500
Back Back 0 0 93 63 202 109
Back Back 0 0 63 78 172 109
Back Back 0 0 78 62 1014 936
Back Back 0 0 62 78 156 94
Back Back 0 0 78 78 156 78
Back Back 0 0 78 94 140 62
Back Back 0 0 94 94 156 62
Back V -3 9 94 172 78 -16
V A 1 3 172 171 188 16
A R 1 -3 171 140 140 -31
R I 0 -4 140 109 203 63
I O 0 -1 109 219 171 62
O S -1 7 219 125 141 -78
S U 1 -5 125 140 47 -78
U Back 1 -6 140 94 530 390
Back Back 0 0 94 93 172 78
Back U -1 6 93 125 171 78
U S -1 5 125 124 141 16
S Space -2 -2 124 125 171 47
Space O 3 -5 125 93 484 359
O F -1 5 93 141 171 78
F Space -2 0 141 141 156 15
Space S 2 2 141 140 344 203
S H 0 -4 140 109 343 203
H I 1 -2 109 124 47 -62
I P 0 -2 124 187 156 32
P Back 1 -3 187 78 390 203
Back Back 0 0 78 62 187 109
Back Back 0 0 62 109 156 94
Back D -2 10 109 125 156 47
D Back 2 -10 125 78 405 280
Back Back 0 0 78 78 188 110
Back D -2 10 78 125 436 358
D I 1 -5 125 109 110 -15
I F -1 4 109 124 468 359
F F 0 0 124 62 218 94
F E 1 1 62 172 187 125
E Back 1 -10 172 78 453 281
Back Back 0 0 78 47 187 109
Back Back 0 0 47 62 156 109
Back Back 0 0 62 63 140 78
Back Back 0 0 63 47 172 109
Back K -2 5 47 219 530 483
K N -1 2 219 172 265 46
N Back 3 -7 172 78 406 234
Back I -1 5 78 93 203 125
I N -2 2 93 171 125 32
N D 1 3 171 109 187 16
D S 0 1 109 140 234 125
S Space -2 -2 140 125 234 94
Space O 3 -5 125 156 109 -16
O F -1 5 156 125 140 -16
F Space -2 0 125 141 78 -47
Left Left 0 0 297 94 593 296
Left Right 0 -2 94 156 484 390
Right Back 4 0 156 78 608 452
Back Back 0 0 78 78 172 94
Back Back 0 0 78 93 156 78
Back Right -4 0 93 93 702 609
Right Right 0 0 93 78 187 94
Right Right 0 0 78 46 172 94
Right Right 0 0 46 671 140 94
Right S 2 11 671 125 3494 2823
S H 0 -4 125 156 63 -62
H I 1 -2 156 109 78 -78
I P 0 -2 109 203 265 156
P I 0 2 203 125 234 31
I S -1 6 125 124 562 437
S Back 2 -11 124 78 249 125
Back Back 0 0 78 78 172 94
Back S -2 11 78 93 78 0
S Space -2 -2 93 125 187 94
Space A 2 3 125 234 140 15
A R 1 -3 234 188 156 -78
R E 0 1 188 203 63 -125
E Space -3 -1 203 125 327 124
Space A 2 3 125 156 2153 2028
A L 0 -8 156 78 156 0
L S 0 7 78 140 141 63
S O 1 -7 140 78 124 -16
O Space -3 5 78 94 234 156
Space O 3 -5 94 94 156 62
O N -2 3 94 124 110 16
N Space -1 2 124 109 156 32
Space T 3 -1 109 124 156 47
T H -1 -1 124 110 46 -78
H E 1 3 110 140 172 62
E Space -3 -1 140 140 78 -62
Space S 2 2 140 110 452 312
S E 1 -1 110 203 281 171
E A -1 2 203 203 94 -109
A OemPeriod -1 -8 203 110 639 436
OemPeriod Space -1 5 110 109 609 499
Space RShiftKey 1 -7 109 343 4196 4087
RShiftKey D 1 8 343 156 187 -156
D I 1 -5 156 125 297 141
I F -1 4 125 94 171 46
F F 0 0 94 78 172 78
F E 1 1 78 218 250 172
E R 0 -1 218 187 78 -140
R E 0 1 187 172 280 93
E N -2 -3 172 187 125 -47
N T 2 1 187 94 234 47
T Back 1 -8 94 764 1264 1170
Back RShiftKey -3 2 764 374 3635 2871
RShiftKey W 2 9 374 187 249 -125
W A -1 1 187 93 484 297
A Back 2 -12 93 94 608 515
Back H -2 7 94 93 219 125
H A 0 5 93 141 93 0
A T 1 -4 141 125 281 140
T Oem7 -1 -6 125 187 187 62
Oem7 S 0 9 187 125 187 0
S Space -2 -2 125 109 125 0
Space M 1 -3 109 78 203 94
M N 0 1 78 47 0 -78
N O 2 -3 47 171 47 0
O R 0 5 171 156 140 -31
R E 0 1 156 171 63 -93
E Back 1 -10 171 78 436 265
Back Back 0 0 78 62 172 94
Back Back 0 0 62 62 172 110
Back Back 0 0 62 78 140 78
Back O -1 4 78 125 203 125
O R 0 5 125 171 125 0
R E 0 1 171 187 78 -93
E N -2 -3 187 125 109 -78
N Back 3 -7 125 78 405 280
Back Oemcomma -3 5 78 141 234 156
Oemcomma Space -1 4 141 156 188 47
Space A 2 3 156 125 374 218
A L 0 -8 125 63 109 -16
L Back 2 -4 63 78 359 296
Back Space -4 9 78 140 125 47
Space L 2 -5 140 109 156 16
L O 1 0 109 109 187 78
O T 0 4 109 109 172 63
T Space -3 1 109 109 109 0
Space O 3 -5 109 110 171 62
O F -1 5 110 124 32 -78
F Space -2 0 124 125 280 156
Space Back 4 -9 125 717 1623 1498
Back Back 0 0 717 93 1092 375
Back Back 0 0 93 905 187 94
Back Back 0 0 905 78 1217 312
Back Back 0 0 78 47 171 93
Back Space -4 9 47 47 687 640
Space LShiftKey 1 4 47 125 639 592
LShiftKey B 0 -5 125 125 47 -78
B E 2 2 125 109 219 94
E S -1 1 109 141 202 93
S I 1 -6 141 93 188 47
I D -1 5 93 63 124 31
D E 1 0 63 93 266 203
E Space -3 -1 93 125 592 499
Space T 3 -1 125 125 156 31
T H -1 -1 125 109 110 -15
H I 1 -2 109 156 124 15
I S -1 6 156 141 125 -31
S Oemcomma -1 -6 141 93 250 109
Oemcomma Space -1 4 93 171 203 110
Space S 2 2 171 140 343 172
S O 1 -7 140 203 109 -31
O M -2 2 203 172 140 -63
M E 2 4 172 78 125 -47
E O 0 -6 78 94 234 156
O N -2 3 94 171 94 0
N E 2 3 171 109 140 -31
E Space -3 -1 109 156 156 47
Space A 2 3 156 250 281 125
A R 1 -3 250 156 187 -63
R E 0 1 156 187 63 -93
E Space -3 -1 187 156 171 -16
Space S 2 2 156 125 546 390
S W 1 0 125 125 234 109
W I 0 -6 125 125 577 452
I M -2 1 125 156 344 219
M M 0 0 156 93 234 78
M I 2 -1 93 109 327 234
I N -2 2 109 156 109 0
N G 1 1 156 141 281 125
G Space -2 1 141 93 141 0
Space T 3 -1 93 125 124 31
T H -1 -1 125 140 63 -62
H E 1 3 140 125 218 78
E Space -3 -1 125 140 16 -109
Space S 2 2 140 141 405 265
S E 1 -1 141 203 531 390
E A -1 2 203 203 218 15
A Left -2 -10 203 655 1170 967
Left Left 0 0 655 94 936 281
Left I 3 3 94 124 999 905
I N -2 2 124 156 156 32
N Space -1 2 156 171 156 0
Space Space 0 0 171 156 5990 5819
Space A 2 3 156 141 187 31
A N -1 -5 141 125 172 31
N D 1 3 125 124 47 -78
D Space -2 -1 124 141 171 47
Space P 3 -6 141 156 187 46
P L -1 1 156 187 375 219
L A 0 8 187 156 281 94
A Y 1 -5 156 110 124 -32
Y Space -3 2 110 156 328 218
Space Back 4 -9 156 94 468 312
Back I -1 5 94 125 218 124
I N -2 2 125 187 188 63
N G 1 1 187 125 655 468
G X -1 3 125 172 16988 16863
X Space -1 -2 172 141 1763 1591
Space V 1 0 141 156 671 530
V OemPeriod 0 -5 156 94 3416 3260
OemPeriod Space -1 5 94 125 24118 24024
Space LShiftKey 1 4 125 219 32011 31886
LShiftKey I 2 -8 219 125 109 -110
I Back 1 -5 125 78 1139 1014
Back Return -2 1 78 156 468 390
Return RShiftKey -1 1 156 156 328 172
RShiftKey S 1 9 156 109 125 -31
S Back 2 -11 109 78 499 390
Back Back 0 0 78 94 171 93
Back Return -2 1 94 140 687 593
Return LShiftKey -1 12 140 281 530 390
LShiftKey I 2 -8 281 93 172 -109
I N -2 2 93 141 218 125
N Space -1 2 141 110 187 46
Space S 2 2 110 124 110 0
S U 1 -5 124 93 109 -15
U M -2 0 93 125 405 312
M M 0 0 125 78 234 109
M A 1 6 78 203 250 172
A R 1 -3 203 172 109 -94
R Y 0 -2 172 93 219 47
Y Space -3 2 93 78 265 172
Space Back 4 -9 78 78 359 281
Back Oemcomma -3 5 78 124 234 156
Oemcomma Space -1 4 124 156 171 47
Space LShiftKey 1 4 156 172 234 78
LShiftKey I 2 -8 172 140 47 -125
I Space -3 4 140 110 140 0
Space T 3 -1 110 125 172 62
T H -1 -1 125 110 62 -63
H I 1 -2 110 109 63 -47
I N -2 2 109 110 171 62
N K 1 -2 110 172 125 15
K Space -2 4 172 125 187 15
Space T 3 -1 125 125 172 47
T H -1 -1 125 140 78 -47
H E 1 3 140 124 172 32
E Back 1 -10 124 94 1060 936
Back I -1 5 94 94 203 109
I S -1 6 94 93 141 47
S Space -2 -2 93 124 78 -15
Space I 3 -4 124 110 358 234
I S -1 6 110 125 141 31
S Space -2 -2 125 140 156 31
Space A 2 3 140 94 187 47
A P 1 -9 94 156 47 -47
P Back 1 -3 156 63 530 374
Back Back 0 0 63 78 156 93
Back A -2 12 78 109 375 297
A Space -2 -3 109 109 171 62
Space P 3 -6 109 171 219 110
P I 0 2 171 203 140 -31
I C -2 5 203 125 125 -78
C T 2 -2 125 78 281 156
T U 0 -2 78 141 93 15
U R 0 3 141 141 187 46
R E 0 1 141 171 63 -78
E Space -3 -1 171 125 234 63
Space A 2 3 125 94 171 46
A O 1 -8 94 140 656 562
O U 0 2 140 156 78 -62
U T 0 2 156 125 218 62
T Back 1 -8 125 62 281 156
Back Back 0 0 62 62 156 94
Back Back 0 0 62 94 187 125
Back B -3 8 94 110 296 202
B O 2 -4 110 156 125 15
O U 0 2 156 172 109 -47
U T 0 2 172 156 188 16
T Space -3 1 156 124 156 0
Space G 2 -1 124 94 327 203
G Back 2 -8 94 78 375 281
Back P -1 3 78 93 1170 1092
P E 0 7 93 188 124 31
E R 0 -1 188 171 110 -78
R Back 1 -9 171 93 577 406
Back Back 0 0 93 78 639 546
Back Back 0 0 78 94 172 94
Back S -2 11 94 156 187 93
S A 0 1 156 172 203 47
A Back 2 -12 172 62 858 686
Back E -1 10 62 140 47 -15
E A -1 2 140 156 78 -62
A S 0 -1 156 109 234 78
S I 1 -6 109 109 109 0
I D -1 5 109 94 109 0
D E 1 0 94 93 172 78
E Space -3 -1 93 124 203 110
Space P 3 -6 124 124 156 32
P E 0 7 124 125 109 -15
E O 0 -6 125 94 140 15
O P 0 -1 94 109 437 343
P L -1 1 109 110 218 109
L E 1 6 110 78 78 -32
E Space -3 -1 78 94 172 94
Space E 3 1 94 156 218 124
E N -2 -3 156 172 250 94
N T 2 1 172 109 156 -16
T E 0 2 109 203 296 187
E R 0 -1 203 140 94 -109
R T 0 -1 140 156 328 188
T A -1 4 156 156 171 15
A I 1 -7 156 109 172 16
I N -2 2 109 125 156 47
N E 2 3 125 141 140 15
E Back 1 -10 141 94 421 280
Back M -3 6 94 110 234 140
M E 2 4 110 140 94 -16
E N -2 -3 140 110 140 0
N T 2 1 110 109 94 -16
T Space -3 1 109 109 203 94
Space I 3 -4 109 94 140 31
I N -2 2 94 124 141 47
N Space -1 2 124 125 171 47
Space A 2 3 125 141 156 31
A Space -2 -3 141 140 94 -47
Space G 2 -1 140 94 265 125
G O 1 -4 94 63 109 15
O O 0 0 63 94 156 93
O D -1 6 94 110 109 15
D Space -2 -1 110 124 110 0
Space S 2 2 124 140 234 110
S E 1 -1 140 249 187 47
E A -1 2 249 203 171 -78
A S 0 -1 203 140 1186 983
S O 1 -7 140 78 94 -46
O N -2 3 78 109 234 156
N OemPeriod 0 -3 109 110 592 483
OemPeriod Back 3 -4 110 109 9485 9375
Back G -2 8 109 109 468 359
G O 1 -4 109 78 141 32
O O 0 0 78 109 156 78
O D -1 6 109 93 234 125
D Space -2 -1 93 140 218 125
Space W 3 2 140 203 281 141
W E 0 -1 203 202 125 -78
E T 0 -2 202 94 296 94
T A -1 4 94 156 203 109
A H 0 -5 156 156 171 15
H T 1 1 156 109 141 -15
T E 0 2 109 156 187 78
E Back 1 -10 156 78 265 109
Back Back 0 0 78 62 172 94
Back Back 0 0 62 78 140 78
Back Back 0 0 78 109 156 78
Back H -2 7 109 125 312 203
H E 1 3 125 172 156 31
E R 0 -1 172 109 78 -94
R Back 1 -9 109 78 219 110
Back Back 0 0 78 63 171 93
Back Back 0 0 63 78 156 93
Back Back 0 0 78 124 141 63
Back A -2 12 124 172 171 47
A T 1 -4 172 94 281 109
T H -1 -1 94 109 125 31
H E 1 3 109 187 109 0
E R 0 -1 187 156 78 -109
R Space -3 0 156 141 374 218
Space D 2 1 141 171 266 125
D A 0 2 171 156 109 -62
A Y 1 -5 156 109 296 140
Y Right -3 -7 109 31 718 609
Right Right 0 0 31 78 109 78
Right Right 0 0 78 78 156 78
Right Right 0 0 78 62 156 78
Right Right 0 0 62 62 156 94
Right Right 0 0 62 94 140 78
Right Back 4 0 94 109 640 546
Back Back 0 0 109 78 203 94
Back Back 0 0 78 78 171 93
Back Back 0 0 78 78 156 78
Back Back 0 0 78 78 172 94
Back Back 0 0 78 79 1388 1310
Back S -2 11 79 188 359 280
S D 0 -1 188 124 83570 83382
D A 0 2 124 125 530 406
A T 1 -4 125 109 312 187
T A -1 4 109 171 250 141
A C -1 -2 171 94 358 187
C O 2 -6 94 94 281 187
O Back 1 -4 94 733 375 281
Back D -2 10 733 141 904 171
D A 0 2 141 110 234 93
A T 1 -4 110 141 281 171
T A -1 4 141 140 281 140
A C -1 -2 140 109 515 375
C O 2 -6 109 109 218 109
O L -1 0 109 94 265 156
L L 0 0 94 93 188 94
L E 1 6 93 125 171 78
E C -2 0 125 125 250 125
C T 2 -2 125 125 265 140
T I 0 -3 125 219 140 15
I O 0 -1 219 140 94 -125
O N -2 3 140 156 172 32
N Return 1 -6 156 203 1856 1700
Return B -1 7 203 102 30306 30103
B O 2 -4 102 143 152 50
O W 0 7 143 160 68 -75
W E 0 -1 160 113 77 -83
E N -2 -3 113 152 53 -60
N S 1 4 152 125 182 30
S H 0 -4 125 120 125 0
H E 1 3 120 115 100 -20
E RShiftKey -2 -8 115 200 380 265
RShiftKey D2 3 9 200 110 80 -120
D2 B -3 -3 110 80 475 365
B U 2 -2 80 80 185 105
U F -1 3 80 70 105 25
F F 0 0 70 165 145 75
F A 0 3 165 145 90 -75
A L 0 -8 145 90 85 -60
L O 1 0 90 50 195 105
O OemPeriod -2 0 50 105 165 115
OemPeriod E 2 6 105 100 95 -10
E D -1 0 100 125 185 85
D U 1 -4 125 90 85 -40
