RShiftKey I 2 3 655 140 390 -265
I Space -3 4 140 187 265 125
Space C 1 1 187 156 390 203
C H 1 -3 156 78 141 -15
H O 1 -3 78 141 249 171
O S -1 7 141 125 577 436
S E 1 -1 125 125 328 203
E Space -3 -1 125 125 234 109
Space T 3 -1 125 94 8346 8221
T O 0 -4 94 94 234 140
O Space -3 5 94 109 187 93
Space P 3 -6 109 78 203 94
P U 0 3 78 94 234 156
U R 0 3 94 94 421 327
R S -1 2 94 109 312 218
S U 1 -5 109 109 234 125
U E 0 4 109 141 156 47
E Space -3 -1 141 156 219 78
Space M 1 -3 156 109 2527 2371
M Y 2 1 109 78 312 203
Y Space -3 2 78 141 171 93
Space RShiftKey 1 -7 141 452 453 312
RShiftKey M 0 4 452 141 249 -203
M A 1 6 141 140 219 78
A S 0 -1 140 109 218 78
S T 1 -3 109 94 156 47
T E 0 2 94 110 109 15
E R 0 -1 110 93 188 78
R S -1 2 93 109 171 78
S Space -2 -2 109 94 203 94
Space A 2 3 94 110 218 124
A T 1 -4 110 62 562 452
T Space -3 1 62 140 125 63
Space RShiftKey 1 -7 140 577 281 141
RShiftKey U 2 4 577 125 265 -312
U B -2 2 125 109 187 62
B Space -1 1 109 110 218 109
Space B 1 -1 110 94 172 62
B E 2 2 94 78 140 46
E C -2 0 78 78 250 172
C A 1 2 78 125 218 140
A U 1 -6 125 93 188 63
U S -1 5 93 93 78 -15
S Space -2 -2 93 124 390 297
Space Back 4 -9 124 141 748 624
Back E -1 10 141 94 718 577
E Space -3 -1 94 109 203 109
Space O 3 -5 109 93 234 125
O F -1 5 93 109 187 94
F Space -2 0 109 156 203 94
Space I 3 -4 156 94 421 265
I T 0 3 94 109 187 93
T Space -3 1 109 156 406 297
Space Back 4 -9 156 109 18845 18689
Back Back 0 0 109 109 249 140
Back Back 0 0 109 63 234 125
Back Back 0 0 63 78 187 124
Back Back 0 0 78 94 203 125
Back Back 0 0 94 78 234 140
Back I -1 5 78 125 780 702
I T 0 3 125 63 234 109
T Space -3 1 63 140 141 78
Space O 3 -5 140 93 234 94
O F -1 5 93 47 436 343
F F 0 0 47 109 172 125
F R 1 0 109 203 343 234
R Back 1 -9 203 125 577 374
Back E -1 10 125 187 125 0
E R 0 -1 187 140 125 -62
R S -1 2 140 140 390 250
S Space -2 -2 140 140 203 63
Space A 2 3 140 141 296 156
A Space -2 -3 141 188 156 15
Space V 1 0 188 110 624 436
V E 2 1 110 187 219 109
E R 0 -1 187 125 171 -16
R Y 0 -2 125 110 468 343
Y Space -3 2 110 109 141 31
Space G 2 -1 109 109 203 94
G O 1 -4 109 62 234 125
O O 0 0 62 125 140 78
O D -1 6 125 109 265 140
D Space -2 -1 109 156 172 63
Space C 1 1 156 156 6021 5865
C U 2 -4 156 94 359 203
U R 0 3 94 93 250 156
R R 0 0 93 78 203 110
R I 0 -4 78 94 202 124
I C -2 5 94 109 281 187
C U 2 -4 109 78 203 94
U L -1 -2 78 109 265 187
L U 1 2 109 63 265 156
U M -2 0 63 109 281 218
M Space -1 3 109 125 203 94
Space A 2 3 125 141 343 218
A N -1 -5 141 78 297 156
N D 1 3 78 125 717 639
D Space -2 -1 125 109 281 156
Space A 2 3 109 140 1014 905
A L 0 -8 140 94 218 78
L S 0 7 94 140 219 125
S O 1 -7 140 109 281 141
O Space -3 5 109 156 1029 920
Space B 1 -1 156 93 1030 874
B E 2 2 93 63 140 47
E C -2 0 63 94 234 171
C A 1 2 94 109 281 187
A U 1 -6 109 93 125 16
U S -1 5 93 93 47 -46
S E 1 -1 93 94 249 156
E Space -3 -1 94 141 156 62
Space O 3 -5 141 94 203 62
O F -1 5 94 109 109 15
F Space -2 0 109 172 156 47
Space T 3 -1 172 109 141 -31
T H -1 -1 109 94 124 15
H E 1 3 94 124 110 16
E Space -3 -1 124 125 140 16
Space R 3 0 125 78 1404 1279
R E 0 1 78 94 234 156
E P 0 -7 94 93 640 546
P U 0 3 93 94 280 187
U A -1 6 94 125 141 47
A T 1 -4 125 78 187 62
T I 0 -3 78 172 452 374
I O 0 -1 172 110 156 -16
O N -2 3 110 124 266 156
N Space -1 2 124 125 187 63
Space O 3 -5 125 94 171 46
O Left -3 -2 94 670 1670 1576
Left Right 0 -2 670 15 1014 344
Right Left 0 2 15 109 639 624
Left Back 4 -2 109 93 297 188
Back Right -4 0 93 78 499 406
Right A 2 12 78 125 234 156
A Right -2 -12 125 593 156 31
Right Left 0 2 593 109 1139 546
Left Left 0 0 109 94 218 109
Left Left 0 0 94 93 203 109
Left Left 0 0 93 109 702 609
Left T 3 6 109 93 827 718
T Right -3 -8 93 140 218 125
Right Right 0 0 140 78 281 141
Right Right 0 0 78 63 218 140
Right Right 0 0 63 62 203 140
Right Right 0 0 62 63 187 125
Right F 2 9 63 94 811 748
F Space -2 0 94 109 219 125
Space I 3 -4 109 78 218 109
I T 0 3 78 78 94 16
T Oem7 -1 -6 78 93 749 671
Oem7 S 0 9 93 141 124 31
S Space -2 -2 141 187 219 78
Space C 1 1 187 78 873 686
C O 2 -6 78 94 390 312
O M -2 2 94 109 172 78
M P 2 -3 109 110 218 109
P U 0 3 110 94 250 140
U T 0 2 94 78 203 109
T E 0 2 78 156 171 93
E R 0 -1 156 140 141 -15
R Space -3 0 140 156 203 63
Space RShiftKey 1 -7 156 406 405 249
RShiftKey S 1 9 406 46 219 -187
S C -1 -1 46 124 468 422
C I 2 -5 124 125 5787 5663
I E 0 5 125 109 141 16
E N -2 -3 109 110 202 93
N C 0 3 110 93 188 78
C E 2 0 93 172 202 109
E Space -3 -1 172 171 219 47
Space D 2 1 171 109 1232 1061
D E 1 0 109 94 203 94
E P 0 -7 94 110 218 124
P A -1 9 110 125 78 -32
A R 1 -3 125 78 250 125
R T 0 -1 78 78 218 140
T M -2 -2 78 109 141 63
M E 2 4 109 63 171 62
E N -2 -3 63 109 94 31
N T 2 1 109 78 125 16
T OemPeriod -2 -4 78 94 1591 1513
OemPeriod Space -1 5 94 171 593 499
Space RShiftKey 1 -7 171 265 11513 11342
RShiftKey RShiftKey 0 0 265 312 1716 1451
RShiftKey T 2 6 312 140 156 -156
T H -1 -1 140 93 655 515
H E 1 3 93 78 218 125
E Space -3 -1 78 156 156 78
Space C 1 1 156 141 343 187
C O 2 -6 141 93 110 -31
O U 0 2 93 109 265 172
U R 0 3 109 110 93 -16
R S -1 2 110 78 328 218
S E 1 -1 78 93 203 125
E S -1 1 93 140 281 188
S Space -2 -2 140 140 234 94
Space O 3 -5 140 125 436 296
O F -1 5 125 78 203 78
F F 0 0 78 125 156 78
F E 1 1 125 187 219 94
E R 0 -1 187 109 140 -47
R E 0 1 109 124 172 63
E D -1 0 124 110 358 234
D Space -2 -1 110 141 203 93
Space H 2 -2 141 125 655 514
H E 1 3 125 94 94 -31
E R 0 -1 94 78 234 140
R E 0 1 78 109 125 47
E Space -3 -1 109 140 156 47
Space A 2 3 140 140 312 172
A R 1 -3 140 109 187 47
R E 0 1 109 78 140 31
E Space -3 -1 78 141 156 78
Space W 3 2 141 63 390 249
W E 0 -1 63 93 219 156
E Back 1 -10 93 140 359 266
Back Back 0 0 140 125 530 390
Back V -3 9 125 125 749 624
V E 2 1 125 109 125 0
E R 0 -1 109 78 234 125
R Y 0 -2 78 109 312 234
Y Space -3 2 109 140 156 47
Space W 3 2 140 109 296 156
W E 0 -1 109 94 218 109
E L -1 -6 94 62 219 125
L L 0 0 62 109 140 78
L Space -2 5 109 141 109 0
Space T 3 -1 141 46 344 203
T A -1 4 46 124 78 32
A U 1 -6 124 93 702 578
U G -1 2 93 62 234 141
G H 0 -1 62 110 202 140
H T 1 1 110 78 250 140
T Space -3 1 78 109 125 47
Space B 1 -1 109 124 749 640
B Y 2 -1 124 94 280 156
Y Space -3 2 94 125 156 62
Space E 3 1 125 94 562 437
E X -2 1 94 156 374 280
X P 2 -8 156 109 250 94
P E 0 7 109 109 172 63
E R 0 -1 109 93 234 125
R I 0 -4 93 125 187 94
I E 0 5 125 109 187 62
E N -2 -3 109 109 187 78
N C 0 3 109 125 156 47
C E 2 0 125 94 234 109
E D -1 0 94 125 1092 998
D Space -2 -1 125 156 172 47
Space P 3 -6 156 125 312 156
P R 0 6 125 94 218 93
R O 0 -5 94 94 187 93
O F -1 5 94 110 234 140
F E 1 1 110 140 1186 1076
E S -1 1 140 94 343 203
S S 0 0 94 125 187 93
S O 1 -7 125 124 344 219
O R 0 5 124 94 592 468
R S -1 2 94 125 281 187
S Space -2 -2 125 219 187 62
Space W 3 2 219 109 422 203
W H -1 -4 109 94 140 31
H O 1 -3 94 125 218 124
O Space -3 5 125 125 203 78
Space H 2 -2 125 125 749 624
H A 0 5 125 156 109 -16
A V -1 -3 156 109 219 63
V E 2 1 109 109 109 0
E Space -3 -1 109 140 187 78
Space C 1 1 140 125 764 624
C R 2 -1 125 110 390 265
R E 0 1 110 78 125 15
E A -1 2 78 140 203 125
A T 1 -4 140 94 156 16
T E 0 2 94 78 109 15
E D -1 0 78 125 234 156
D Space -2 -1 125 156 172 47
Space N 1 -2 156 109 671 515
N I 2 -2 109 140 218 109
I C -2 5 140 109 187 47
C H 1 -3 109 109 281 172
H E 1 3 109 125 109 0
E Space -3 -1 125 140 203 78
Space F 2 0 140 125 1591 1451
F O 1 -5 125 109 281 156
O R 0 5 109 93 125 16
R Space -3 0 93 140 187 94
Space T 3 -1 140 94 234 94
T H -1 -1 94 93 125 31
H E 1 3 93 109 218 125
E M -2 -4 109 125 359 250
M S 1 5 125 140 250 125
S E 1 -1 140 109 686 546
E L -1 -6 109 125 140 31
L V -1 5 125 125 203 78
V E 2 1 125 94 234 109
E S -1 1 94 141 234 140
S Left -2 -9 141 1232 1701 1560
Left Right 0 -2 1232 109 1513 281
Right Right 0 0 109 93 234 125
Right A 2 12 93 171 437 344
A Space -2 -3 171 188 202 31
Space Right 0 -9 188 1217 219 31
Right Left 0 2 1217 141 1700 483
Left Space 0 7 141 156 655 514
Space I 3 -4 156 94 406 250
I N -2 2 94 109 156 62
N Space -1 2 109 109 94 -15
Space T 3 -1 109 78 202 93
T H -1 -1 78 110 78 0
H E 1 3 110 109 219 109
E O 0 -6 109 110 171 62
O R 0 5 110 141 125 15
R Space -3 0 141 171 172 31
Space R 3 0 171 94 218 47
R E 0 1 94 94 203 109
E S -1 1 94 141 265 171
S P 1 -8 141 140 250 109
P E 0 7 140 93 125 -15
E C -2 0 93 94 280 187
C T 2 -2 94 93 266 172
T I 0 -3 93 140 218 125
I V -2 4 140 109 172 32
V E 2 1 109 125 249 140
E Space -3 -1 125 140 172 47
Space D 2 1 140 124 281 141
D O 1 -6 124 140 156 32
O M -2 2 140 140 218 78
M A 1 6 140 140 94 -46
A I 1 -7 140 109 156 16
I N -2 2 109 172 124 15
N S 1 4 172 156 141 -31
S Oemcomma -1 -6 156 93 702 546
Oemcomma Left -1 -3 93 1154 593 500
Left Left 0 0 1154 125 1450 296
Left Left 0 0 125 124 266 141
Left Back 4 -2 124 109 764 640
Back I -1 5 109 125 655 546
I Right -3 -5 125 1310 172 47
Right Left 0 2 1310 125 1575 265
Left Left 0 0 125 110 234 109
Left Left 0 0 110 125 219 109
Left Left 0 0 125 62 234 109
Left Right 0 -2 62 141 421 359
Right Back 4 0 141 109 531 390
Back OemPeriod -3 4 109 78 312 203
OemPeriod Space -1 5 78 140 421 343
Space RShiftKey 1 -7 140 250 26785 26645
RShiftKey T 2 6 250 124 94 -156
T H -1 -1 124 109 780 656
H E 1 3 109 125 187 78
E Space -3 -1 125 187 140 15
Space K 2 -4 187 125 640 453
K N -1 2 125 125 187 62
N W 2 4 125 109 468 343
W L -1 -7 109 141 218 109
L E 1 6 141 78 156 15
E D -1 0 78 141 234 156
D G 0 -2 141 110 312 171
G E 1 2 110 125 203 93
E Space -3 -1 125 140 219 94
Space T 3 -1 140 93 936 796
T H -1 -1 93 109 156 63
H E 1 3 109 141 171 62
E Y 0 -3 141 78 702 561
Y Space -3 2 78 140 125 47
Space P 3 -6 140 62 312 172
P O 0 1 62 94 218 156
O S -1 7 94 109 188 94
S S 0 0 109 109 218 109
S E 1 -1 109 109 234 125
E S -1 1 109 109 250 141
S S 0 0 109 124 234 125
S Space -2 -2 124 125 218 94
Space I 3 -4 125 109 328 203
I S -1 6 109 156 171 62
S Space -2 -2 156 187 297 141
Space U 3 -3 187 78 327 140
U N -2 1 78 78 546 468
N P 2 -4 78 93 297 219
P A -1 9 93 140 156 63
A R 1 -3 140 94 327 187
R A -1 3 94 110 343 249
A L 0 -8 110 78 266 156
L L 0 0 78 94 171 93
L E 1 6 94 94 78 -16
E D -1 0 94 125 250 156
D Space -2 -1 125 156 234 109
Space T 3 -1 156 109 312 156
T O 0 -4 109 109 187 78
O Space -3 5 109 125 156 47
Space A 2 3 125 203 265 140
A N -1 -5 203 109 219 16
N Y 2 0 109 93 468 359
Y T 0 1 93 94 171 78
T H -1 -1 94 172 109 15
H I 1 -2 172 62 250 78
I N -2 2 62 171 125 63
N G 1 1 171 110 93 -78
G OemPeriod -1 -4 110 93 843 733
OemPeriod Space -1 5 93 140 203 110
Space Space 0 0 140 172 6567 6427
Space L 2 -5 172 125 6115 5943
L E 1 6 125 93 141 16
E Back 1 -10 93 78 2745 2652
Back O -1 4 78 78 3713 3635
O Back 1 -4 78 78 3541 3463
Back Back 0 0 78 93 188 110
Back Back 0 0 93 62 9516 9423
Back Back 0 0 62 62 187 125
Back Space -4 9 62 140 437 375
Space W 3 2 140 62 390 250
W Back 1 -11 62 109 702 640
Back Back 0 0 109 78 202 93
Back Oemcomma -3 5 78 109 671 593
Oemcomma Space -1 4 109 140 141 32
Space W 3 2 140 110 202 62
W H -1 -4 110 109 344 234
H I 1 -2 109 125 202 93
I C -2 5 125 140 219 94
C H 1 -3 140 109 156 16
H Space -2 2 109 125 171 62
Space RShiftKey 1 -7 125 452 297 172
RShiftKey I 2 3 452 124 281 -171
I Space -3 4 124 125 218 94
Space T 3 -1 125 109 265 140
T H -1 -1 109 141 109 0
H I 1 -2 141 93 188 47
I N -2 2 93 109 218 125
N K 1 -2 109 141 187 78
K Space -2 4 141 140 437 296
Space I 3 -4 140 125 265 125
I S -1 6 125 140 172 47
S Space -2 -2 140 172 171 31
Space T 3 -1 172 78 281 109
T H -1 -1 78 140 3370 3292
H E 1 3 140 109 187 47
E Space -3 -1 109 124 172 63
Space M 1 -3 124 125 842 718
M O 2 -2 125 94 218 93
O S -1 7 94 141 156 62
S T 1 -3 141 94 328 187
T Space -3 1 94 125 187 93
Space I 3 -4 125 94 343 218
I M -2 1 94 109 266 172
M P 2 -3 109 94 280 171
P O 0 1 94 109 188 94
O R 0 5 109 62 234 125
R T 0 -1 62 94 202 140
T A -1 4 94 171 297 203
A N -1 -5 171 109 234 63
N T 2 1 109 109 187 78
T Space -3 1 109 125 203 94
Space Q 3 3 125 141 452 327
Q U 0 -6 141 94 234 93
U A -1 6 94 140 219 125
A L 0 -8 140 141 249 109
L I 1 1 141 110 265 124
I T 0 3 110 94 281 171
T Y 0 -1 94 109 219 125
Y Space -3 2 109 141 171 62
Space I 3 -4 141 124 1155 1014
I N -2 2 124 109 234 110
N Space -1 2 109 156 187 78
Space T 3 -1 156 78 530 374
T H -1 -1 78 78 141 63
H E 1 3 78 125 187 109
E Space -3 -1 125 156 156 31
Space RShiftKey 1 -7 156 562 187 31
RShiftKey U 2 4 562 125 390 -172
U N -2 1 125 156 452 327
N I 2 -2 156 141 203 47
I V -2 4 141 125 234 93
V E 2 1 125 141 265 140
E R 0 -1 141 109 110 -31
R S -1 2 109 141 249 140
S I 1 -6 141 109 156 15
I T 0 3 109 109 125 16
T Y 0 -1 109 109 156 47
Y OemPeriod -2 -3 109 94 936 827
OemPeriod Space -1 5 94 125 187 93
Space RShiftKey 1 -7 125 1060 6927 6802
RShiftKey RShiftKey 0 0 1060 765 3244 2184
RShiftKey Y 2 5 765 140 500 -265
Y E 0 3 140 109 561 421
E S -1 1 109 140 609 500
S Oemcomma -1 -6 140 94 1216 1076
Oemcomma Space -1 4 94 140 874 780
Space RShiftKey 1 -7 140 890 452 312
RShiftKey I 2 3 890 140 609 -281
I Space -3 4 140 110 296 156
Space W 3 2 110 140 531 421
W O 0 -7 140 94 811 671
O U 0 2 94 78 250 156
U L -1 -2 78 109 265 187
L D 0 6 109 125 156 47
D Space -2 -1 125 187 156 31
Space D 2 1 187 109 234 47
D E 1 0 109 93 234 125
E F -1 -1 93 125 234 141
F I 1 -4 125 109 187 62
I I 0 0 109 109 328 219
I T 0 3 109 62 62 -47
T E 0 2 62 125 203 141
E L -1 -6 125 109 187 62
L Y 1 3 109 141 265 156
Y Space -3 2 141 141 234 93
Space B 1 -1 141 94 31 -110
B Back 3 -8 94 639 890 796
Back Back 0 0 639 62 936 297
Back Back 0 0 62 94 405 343
Back N -3 7 94 124 687 593
N I 2 -2 124 109 218 94
I T 0 3 109 94 187 78
T E 0 2 94 125 250 156
E L -1 -6 125 125 733 608
L Y 1 3 125 109 468 343
Y Space -3 2 109 141 218 109
Space R 3 0 141 109 609 468
R E 0 1 109 94 249 140
E C -2 0 94 109 250 156
C O 2 -6 109 109 328 219
O M -2 2 109 93 265 156
M M 0 0 93 110 171 78
M E 2 4 110 124 110 0
E N -2 -3 124 125 218 94
N D 1 3 125 124 406 281
D Space -2 -1 124 125 265 141
Space RShiftKey 1 -7 125 2793 4898 4773
RShiftKey U 2 4 2793 109 2169 -624
U B -2 2 109 125 405 296
B Space -1 1 125 172 234 109
Space T 3 -1 172 110 187 15
T O 0 -4 110 109 188 78
O Space -3 5 109 94 124 15
Space H 2 -2 94 110 156 62
H I 1 -2 110 109 203 93
I G -1 3 109 94 156 47
G H 0 -1 94 109 125 31
H Space -2 2 109 110 140 31
Space S 2 2 110 94 250 140
S C -1 -1 94 110 218 124
C H 1 -3 110 125 219 109
H O 1 -3 125 124 515 390
O L -1 0 124 78 312 188
L L 0 0 78 94 171 93
L Back 2 -4 94 93 453 359
Back Back 0 0 93 62 187 94
Back O -1 4 62 93 593 531
O L -1 0 93 109 218 125
L Space -2 5 109 140 250 141
Space G 2 -1 140 93 468 328
G R 1 1 93 78 218 125
R A -1 3 78 141 109 31
A D 0 -2 141 93 250 109
D U 1 -4 93 93 203 110
U A -1 6 93 125 124 31
A T 1 -4 125 109 203 78
T E 0 2 109 93 94 -15
E S -1 1 93 125 218 125
S Space -2 -2 125 125 234 109
Space A 2 3 125 62 203 78
A N -1 -5 62 124 94 32
N D 1 3 124 124 156 32
D Space -2 -1 124 141 202 78
Space E 3 1 141 125 203 62
E M -2 -4 125 109 250 125
M P 2 -3 109 141 296 187
P L -1 1 141 93 250 109
L O 1 0 93 125 686 593
O Y 0 3 125 78 827 702
Y E 0 3 78 62 156 78
E E 0 0 62 78 187 125
E S -1 1 78 93 250 172
S Space -2 -2 93 172 140 47
Space B 1 -1 172 109 468 296
B E 2 2 109 93 141 32
E C -2 0 93 93 265 172
C A 1 2 93 141 218 125
A U 1 -6 141 109 156 15
U S -1 5 109 125 16 -93
S E 1 -1 125 94 249 124
E Space -3 -1 94 141 156 62
Space O 3 -5 141 124 188 47
O F -1 5 124 78 156 32
F Space -2 0 78 124 156 78
Space T 3 -1 124 93 156 32
T H -1 -1 93 109 187 94
H E 1 3 109 140 125 16
E Space -3 -1 140 125 171 31
Space A 2 3 125 140 359 234
A B -1 -4 140 93 125 -15
B O 2 -4 93 109 265 172
O V -2 5 109 94 234 125
V E 2 1 94 141 218 124
E Space -3 -1 141 109 188 47
Space M 1 -3 109 110 280 171
M E 2 4 110 140 94 -16
E N -2 -3 140 94 140 0
N T 2 1 94 93 110 16
T I 0 -3 93 296 156 63
I O 0 -1 296 140 156 -140
O N -2 3 140 187 156 16
N E 2 3 187 109 156 -31
E S -1 1 109 140 234 125
S Space -2 -2 140 171 187 47
Space Back 4 -9 171 15 468 297
Back Back 0 0 15 78 140 125
Back D -2 10 78 94 702 624
D Space -2 -1 94 156 172 78
Space R 3 0 156 94 171 15
R E 0 1 94 93 219 125
E A -1 2 93 156 203 110
A S 0 -1 156 141 124 -32
S O 1 -7 141 125 156 15
O N -2 3 125 124 188 63
N S 1 4 124 110 124 0
S OemPeriod -1 -7 110 78 827 717
OemPeriod RShiftKey 0 -2 78 671 48142 48064
RShiftKey I 2 3 671 171 437 -234
I N -2 2 171 78 577 406
N Space -1 2 78 156 171 93
Space M 1 -3 156 110 156 0
M Y 2 1 110 93 266 156
Y Space -3 2 93 140 140 47
Space S 2 2 140 94 421 281
S P 1 -8 94 109 172 78
P A -1 9 109 172 31 -78
A R 1 -3 172 109 421 249
R E 0 1 109 187 297 188
E Space -3 -1 187 156 202 15
Space T 3 -1 156 94 234 78
T I 0 -3 94 187 172 78
I M -2 1 187 141 187 0
M E 2 4 141 156 156 15
E Space -3 -1 156 140 141 -15
Space RShiftKey 1 -7 140 577 374 234
RShiftKey I 2 3 577 109 406 -171
I Space -3 4 109 125 187 78
Space W 3 2 125 141 218 93
W O 0 -7 141 94 156 15
O U 0 2 94 78 219 125
U L -1 -2 78 109 218 140
L D 0 6 109 94 187 78
D Space -2 -1 94 125 125 31
Space L 2 -5 125 110 140 15
L I 1 1 110 78 219 109
I K -1 0 78 109 156 78
K E 1 5 109 94 109 0
E Space -3 -1 94 140 125 31
Space T 3 -1 140 110 171 31
T O 0 -4 110 93 219 109
O Space -3 5 93 124 125 32
Space I 3 -4 124 94 202 78
I N -2 2 94 140 141 47
N D 1 3 140 109 156 16
D U 1 -4 109 78 140 31
U L -1 -2 78 93 250 172
L G 0 4 93 94 249 156
G E 1 2 94 94 125 31
E Space -3 -1 94 109 156 62
Space M 1 -3 109 78 312 203
M Y 2 1 78 78 234 156
Y S -1 4 78 140 172 94
S E 1 -1 140 110 249 109
E L -1 -6 110 109 172 62
L F 0 5 109 109 203 94
F Back 2 -9 109 94 1076 967
Back V -3 9 94 125 655 561
V E 2 1 125 94 125 0
E S -1 1 94 140 219 125
S Space -2 -2 140 125 280 140
Space I 3 -4 125 156 94 -31
I Back 1 -5 156 94 2168 2012
Back Back 0 0 94 93 219 125
Back Back 0 0 93 94 218 125
Back Space -4 9 94 172 5304 5210
Space I 3 -4 172 110 343 171
I N -2 2 110 109 203 93
N Space -1 2 109 172 125 16
Space O 3 -5 172 109 437 265
O U 0 2 109 125 234 125
U T 0 2 125 78 234 109
T D -1 2 78 140 312 234
D O 1 -6 140 62 234 94
O O 0 0 62 94 140 78
O R 0 5 94 93 141 47
R Space -3 0 93 125 265 172
Space A 2 3 125 141 1107 982
A C -1 -2 141 109 328 187
C T 2 -2 109 93 437 328
T I 0 -3 93 109 203 110
I V -2 4 109 125 249 140
V I 2 -4 125 140 172 47
I T 0 3 140 109 156 16
T E 0 2 109 63 405 296
E S -1 1 63 109 250 187
S Space -2 -2 109 124 297 188
Space L 2 -5 124 94 405 281
L I 1 1 94 109 219 125
I K -1 0 109 140 218 109
K E 1 5 140 109 125 -15
E Space -3 -1 109 110 171 62
Space F 2 0 110 78 234 124
F O 1 -5 78 63 125 47
O O 0 0 63 109 156 93
O T 0 4 109 78 172 63
T B -2 0 78 93 312 234
B A 1 4 93 141 140 47
A Back 2 -12 141 609 577 436
Back Back 0 0 609 93 1124 515
Back Back 0 0 93 78 280 187
Back Back 0 0 78 78 188 110
Back Space -4 9 78 156 452 374
Space S 2 2 156 78 328 172
S O 1 -7 78 94 218 140
O C -2 6 94 94 234 140
C C 0 0 94 124 172 78
C E 2 0 124 187 312 188
E R 0 -1 187 125 187 0
R Space -3 0 125 156 359 234
Space A 2 3 156 156 452 296
A N -1 -5 156 94 608 452
N D 1 3 94 109 219 125
D Space -2 -1 109 125 234 125
Space B 1 -1 125 109 234 109
B A 1 4 109 109 125 16
A D 0 -2 109 94 249 140
D M -1 -4 94 94 156 62
M I 2 -1 94 109 203 109
I N -2 2 109 124 172 63
N T 2 1 124 94 171 47
T O 0 -4 94 109 156 62
O N -2 3 109 125 203 94
N OemPeriod 0 -3 125 47 967 842
OemPeriod Oemcomma 0 1 47 125 6240 6193
Oemcomma Space -1 4 125 110 187 62
Space C 1 1 110 78 266 156
C R 2 -1 78 109 249 171
R I 0 -4 109 110 187 78
I C -2 5 110 125 203 93
C K 1 -5 125 109 156 31
K E 1 5 109 62 172 63
E T 0 -2 62 78 296 234
T T 0 0 78 109 13978 13900
T H -1 -1 109 110 171 62
H E 1 3 110 156 219 109
E Space -3 -1 156 124 281 125
Space Space 0 0 124 171 31231 31107
Space RShiftKey 1 -7 171 390 811 640
RShiftKey E 2 8 390 93 250 -140
E X -2 1 93 156 280 187
X P 2 -8 156 125 328 172
P L -1 1 125 93 250 125
L O 1 0 93 109 218 125
O R 0 5 109 78 265 156
R I 0 -4 78 109 172 94
I N -2 2 109 125 140 31
N G 1 1 125 109 172 47
G Space -2 1 109 187 156 47
Space T 3 -1 187 141 171 -16
T H -1 -1 141 125 172 31
H E 1 3 125 141 187 62
E Space -3 -1 141 187 125 -16
Space C 1 1 187 124 562 375
C I 2 -5 124 94 296 172
I T 0 3 94 93 437 343
T Y 0 -1 93 109 156 63
Y Space -3 2 109 109 156 47
Space I 3 -4 109 140 468 359
I S -1 6 140 125 249 109
S Space -2 -2 125 110 234 109
Space A 2 3 110 93 219 109
A L 0 -8 93 93 125 32
L S 0 7 93 124 156 63
S O 1 -7 124 93 156 32
O Space -3 5 93 140 140 47
Space S 2 2 140 141 187 47
S M -1 -5 141 125 499 358
M Back 3 -6 125 109 500 375
Back O -1 4 109 110 358 249
O M -2 2 110 125 203 93
M E 2 4 125 93 172 47
E T 0 -2 93 78 343 250
T H -1 -1 78 109 172 94
H I 1 -2 109 125 187 78
I N -2 2 125 140 203 78
N G 1 1 140 109 187 47
G Space -2 1 109 187 187 78
Space T 3 -1 187 156 156 -31
T H -1 -1 156 140 203 47
H A 0 5 140 78 249 109
A T 1 -4 78 110 858 780
T Space -3 1 110 125 203 93
Space RShiftKey 1 -7 125 577 375 250
RShiftKey I 2 3 577 140 343 -234
I Space -3 4 140 124 203 63
Space W 3 2 124 125 140 16
W O 0 -7 125 93 125 0
O U 0 2 93 78 218 125
U L -1 -2 78 109 234 156
L D 0 6 109 140 219 110
D Space -2 -1 140 156 171 31
Space E 3 1 156 125 156 0
E N -2 -3 125 94 187 62
N J 1 -1 94 125 359 265
J O 1 -2 125 109 219 94
O Y 0 3 109 109 296 187
Y OemPeriod -2 -3 109 78 3073 2964
OemPeriod Space -1 5 78 124 219 141
Space RShiftKey 1 -7 124 608 5600 5476
RShiftKey I 2 3 608 140 390 -218
I Space -3 4 140 125 265 125
Space F 2 0 125 78 250 125
F E 1 1 78 78 203 125
E E 0 0 78 109 187 109
E L -1 -6 109 62 234 125
L Space -2 5 62 140 125 63
Space T 3 -1 140 47 1591 1451
T H -1 -1 47 94 109 62
H A 0 5 94 203 156 62
A T 1 -4 203 124 250 47
T Space -3 1 124 125 202 78
Space H 2 -2 125 93 188 63
H T 1 1 93 94 202 109
T E 0 2 94 46 188 94
E Back 1 -10 46 78 577 531
Back Back 0 0 78 109 608 530
Back Back 0 0 109 78 359 250
Back T -1 8 78 109 733 655
T H -1 -1 109 93 141 32
H E 1 3 93 125 187 94
E R 0 -1 125 94 109 -16
R E 0 1 94 125 187 93
E I 0 -5 125 109 281 156
I Back 1 -5 109 125 390 281
Back Space -4 9 125 187 172 47
Space I 3 -4 187 110 358 171
I S -1 6 110 156 125 15
S Space -2 -2 156 187 359 203
Space A 2 3 187 156 827 640
A Space -2 -3 156 171 281 125
Space P 3 -6 171 125 421 250
P E 0 7 125 109 530 405
E R 0 -1 109 78 265 156
R F -1 0 78 94 250 172
F E 1 1 94 124 172 78
E C -2 0 124 141 358 234
C T 2 -2 141 125 437 296
T Space -3 1 125 125 265 140
Space B 1 -1 125 109 1436 1311
B A 1 4 109 109 171 62
A L 0 -8 109 94 265 156
L A 0 8 94 140 94 0
A N -1 -5 140 78 218 78
N C 0 3 78 109 219 141
C E 2 0 109 125 265 156
E Space -3 -1 125 141 218 93
Space O 3 -5 141 125 234 93
O F -1 5 125 109 344 219
F Space -2 0 109 125 187 78
Space I 3 -4 125 125 249 124
I N -2 2 125 125 250 125
N F 1 2 125 78 562 437
F Back 2 -9 78 140 343 265
Back D -2 10 140 125 249 109
D O 1 -6 125 78 203 78
O O 0 0 78 93 172 94
O R 0 5 93 110 171 78
R Space -3 0 110 125 375 265
Space A 2 3 125 94 1029 904
A N -1 -5 94 109 188 94
N D 1 3 109 109 171 62
D Space -2 -1 109 140 172 63
Space O 3 -5 140 94 187 47
O U 0 2 94 125 203 109
U T 0 2 125 94 265 140
T D -1 2 94 109 328 234
D O 1 -6 109 78 171 62
O O 0 0 78 94 187 109
O R 0 5 94 110 156 62
R Space -3 0 110 140 172 62
Space A 2 3 140 172 374 234
A C -1 -2 172 109 5461 5289
C T 2 -2 109 109 374 265
T I 0 -3 109 125 218 109
I V -2 4 125 141 281 156
V I 2 -4 141 125 203 62
I T 0 3 125 93 203 78
T I 0 -3 93 140 187 94
I E 0 5 140 109 281 141
E S -1 1 109 109 296 187
S Space -2 -2 109 141 546 437
Space H 2 -2 141 110 9469 9328
H E 1 3 110 109 172 62
E R 0 -1 109 94 187 78
R E 0 1 94 109 125 31
E Space -3 -1 109 141 187 78
Space I 3 -4 141 141 468 327
I N -2 2 141 156 234 93
N Space -1 2 156 141 187 31
Space RShiftKey 1 -7 141 328 4836 4695
RShiftKey C 0 8 328 125 593 265
C I 2 -5 125 94 203 78
I T 0 3 94 94 218 124
T Y 0 -1 94 94 156 62
Y Space -3 2 94 110 156 62
Space O 3 -5 110 125 531 421
O F -1 5 125 78 327 202
F Space -2 0 78 124 188 110
Space RShiftKey 1 -7 124 297 171 47
RShiftKey B 0 6 297 109 234 -63
B U 2 -2 109 94 281 172
U F -1 3 94 63 218 124
F F 0 0 63 94 156 93
F A 0 3 94 156 344 250
A L 0 -8 156 125 202 46
L O 1 0 125 125 250 125
O Space -3 5 125 125 468 343
Space RShiftKey 1 -7 125 1139 281 156
RShiftKey N 0 5 1139 93 234 -905
N OemPeriod 0 -3 93 110 795 702
OemPeriod Back 3 -4 110 110 858 748
Back RShiftKey -3 2 110 499 484 374
RShiftKey Y 2 5 499 94 312 -187
Y OemPeriod -2 -3 94 78 343 249
OemPeriod Space -1 5 78 110 187 109
Space RShiftKey 1 -7 110 936 5523 5413
RShiftKey H 1 5 936 171 671 -265
H A 0 5 171 125 296 125
A D 0 -2 125 125 437 312
D Space -2 -1 125 124 203 78
Space T 3 -1 124 78 358 234
T H -1 -1 78 93 188 110
H Space -2 2 93 218 312 219
Space Back 4 -9 218 156 686 468
Back E -1 10 156 156 250 94
E Space -3 -1 156 140 187 31
Space C 1 1 140 125 686 546
C O 2 -6 125 94 203 78
O U 0 2 94 125 187 93
U R 0 3 125 94 187 62
R S -1 2 94 93 297 203
S E 1 -1 93 125 265 172
E Space -3 -1 125 109 234 109
Space C 1 1 109 110 452 343
C U 2 -4 110 93 219 109
U R 0 3 93 78 281 188
R R 0 0 78 109 187 109
R I 0 -4 109 94 343 234
I C -2 5 94 156 343 249
C U 2 -4 156 78 203 47
U L -1 -2 78 124 250 172
L U 1 2 124 94 249 125
U M -2 0 94 109 250 156
M Space -1 3 109 141 171 62
Space B 1 -1 141 94 874 733
B E 2 2 94 62 203 109
E E 0 0 62 109 203 141
E N -2 -3 109 94 202 93
N Space -1 2 94 125 141 47
Space O 3 -5 125 93 1061 936
O F -1 5 93 62 234 141
F Back 2 -9 62 187 2761 2699
Back Back 0 0 187 125 7722 7535
Back O -1 4 125 125 873 748
O F -1 5 125 109 250 125
F Space -2 0 109 141 187 78
Space L 2 -5 141 110 187 46
L E 1 6 110 94 156 46
E S -1 1 94 109 297 203
S S 0 0 109 109 203 94
S Space -2 -2 109 125 187 78
Space V 1 0 125 16 109 -16
V I 2 -4 16 109 47 31
I N -2 2 109 156 156 47
N T 2 1 156 78 171 15
T E 0 2 78 156 203 125
E N -2 -3 156 156 219 63
N S 1 4 156 93 343 187
S E 1 -1 93 109 265 172
E Back 1 -10 109 671 281 172
Back Back 0 0 671 109 936 265
Back Back 0 0 109 78 249 140
Back I -1 5 78 109 656 578
I N -2 2 109 156 202 93
N T 2 1 156 94 156 0
T E 0 2 94 109 266 172
E N -2 -3 109 125 171 62
N S 1 4 125 78 203 78
S E 1 -1 78 125 811 733
E Space -3 -1 125 141 312 187
Space T 3 -1 141 93 2637 2496
T H -1 -1 93 124 156 63
H I 1 -2 124 124 468 344
I S -1 6 124 156 124 0
S Space -2 -2 156 125 281 125
Space Back 4 -9 125 78 1451 1326
Back Back 0 0 78 94 187 109
Back Back 0 0 94 78 219 125
Back Back 0 0 78 109 187 109
Back Back 0 0 109 109 234 125
Back RShiftKey -3 2 109 624 561 452
RShiftKey I 2 3 624 125 406 -218
I Space -3 4 125 109 234 109
Space C 1 1 109 109 234 125
C O 2 -6 109 93 125 16
O U 0 2 93 78 234 141
U L -1 -2 78 93 234 156
L D 0 6 93 78 187 94
D Space -2 -1 78 110 218 140
Space H 2 -2 110 109 344 234
H A 0 5 109 125 140 31
A V -1 -3 125 109 187 62
V E 2 1 109 62 172 63
E Space -3 -1 62 110 171 109
Space D 2 1 110 94 234 124
D O 1 -6 94 109 110 16
O N -2 3 109 125 218 109
N E 2 3 125 109 109 -16
E Space -3 -1 109 187 156 47
Space T 3 -1 187 94 967 780
T I 0 -3 94 140 484 390
I S -1 6 140 140 156 16
S Space -2 -2 140 141 187 47
Space M 1 -3 141 109 156 15
M Back 3 -6 109 78 343 234
Back Back 0 0 78 62 188 110
Back Back 0 0 62 78 171 109
Back Back 0 0 78 62 172 94
Back H -2 7 62 93 702 640
H I 1 -2 93 124 203 110
I S -1 6 124 141 171 47
S Space -2 -2 141 140 172 31
Space M 1 -3 140 140 125 -15
M O 2 -2 140 156 171 31
O T 0 4 156 93 172 16
T E 0 2 93 156 203 110
E Space -3 -1 156 140 187 31
Space Back 4 -9 140 125 421 281
Back Back 0 0 125 93 203 78
Back Back 0 0 93 109 187 94
Back R -1 9 109 78 624 515
R E 0 1 78 124 172 94
E Space -3 -1 124 125 171 47
Space O 3 -5 125 140 203 78
O F -1 5 140 94 187 47
F T 1 -1 94 78 234 140
T E 0 2 78 109 203 125
E N -2 -3 109 94 156 47
N OemPeriod 0 -3 94 78 905 811
OemPeriod Space -1 5 78 141 171 93
Space RShiftKey 1 -7 141 218 219 78
RShiftKey B 0 6 218 109 156 -62
B U 2 -2 109 94 296 187
U T 0 2 94 93 141 47
T Space -3 1 93 94 171 78
Space T 3 -1 94 62 203 109
T H -1 -1 62 78 31 -31
H E 1 3 78 125 250 172
E N -2 -3 125 94 171 46
N Space -1 2 94 94 156 62
Space RShiftKey 1 -7 94 203 1872 1778
RShiftKey A 1 10 203 156 344 141
A S 0 -1 156 125 140 -16
S Space -2 -2 125 109 234 109
Space RShiftKey 1 -7 109 530 203 94
RShiftKey I 2 3 530 93 312 -218
I Space -3 4 93 94 187 94
Space C 1 1 94 78 265 171
C A 1 2 78 125 203 125
A M -1 -6 125 93 172 47
M E 2 4 93 62 187 94
E Space -3 -1 62 125 156 94
Space H 2 -2 125 93 671 546
H E 1 3 93 63 93 0
E R 0 -1 63 109 172 109
R E 0 1 109 94 93 -16
E Space -3 -1 94 125 156 62
Space T 3 -1 125 94 562 437
T O 0 -4 94 78 218 124
O Space -3 5 78 140 172 94
Space S 2 2 140 141 296 156
S T 1 -3 141 78 110 -31
T U 0 -2 78 93 234 156
U D -1 4 93 109 187 94
D Y 1 -3 109 94 187 78
Y Space -3 2 94 125 140 46
Space A 2 3 125 110 234 109
A N -1 -5 110 94 156 46
N D 1 3 94 109 172 78
D Space -2 -1 109 125 187 78
Space N 1 -2 125 124 141 16
N O 2 -3 124 125 171 47
O T 0 4 125 94 187 62
T Space -3 1 94 172 156 62
Space T 3 -1 172 125 312 140
T N -2 -1 125 94 156 31
N E 2 3 94 125 125 31
E Back 1 -10 125 78 343 218
Back Back 0 0 78 93 188 110
Back Back 0 0 93 109 171 78
Back E -1 10 109 94 593 484
E N -2 -3 94 110 218 124
N T 2 1 110 78 203 93
T E 0 2 78 93 250 172
E R 0 -1 93 78 218 125
R T 0 -1 78 62 453 375
T A -1 4 62 124 312 250
A I 1 -7 124 109 140 16
I N -2 2 109 125 203 94
N Space -1 2 125 110 171 46
Space M 1 -3 110 110 234 124
M Y 2 1 110 94 796 686
Y Space -3 2 94 140 328 234
Space S 2 2 140 125 343 203
S Back 2 -11 125 109 530 405
Back Back 0 0 109 94 203 94
Back S -2 11 94 109 515 421
S E 1 -1 109 109 296 187
E L -1 -6 109 124 375 266
L F 0 5 124 125 280 156
F Space -2 0 125 140 500 375
Space RShiftKey 1 -7 140 671 3572 3432
RShiftKey I 2 3 671 109 515 -156
I Space -3 4 109 109 187 78
Space H 2 -2 109 78 265 156
H A 0 5 78 109 125 47
A V -1 -3 109 78 203 94
V E 2 1 78 109 140 62
E Space -3 -1 109 110 187 78
Space N 1 -2 110 94 1186 1076
N O 2 -3 94 125 203 109
O Space -3 5 125 171 203 78
Space C 1 1 171 109 1185 1014
C O 2 -6 109 93 219 110
O M -2 2 93 125 187 94
M P 2 -3 125 125 296 171
P L -1 1 125 125 281 156
L A 0 8 125 171 203 78
A I 1 -7 171 124 203 32
I N -2 2 124 109 187 63
N T 2 1 109 78 281 172
T S -1 3 78 125 171 93
S Space -2 -2 125 109 281 156
Space A 2 3 109 156 780 671
A B -1 -4 156 93 172 16
B O 2 -4 93 94 296 203
O U 0 2 94 124 297 203
U T 0 2 124 125 421 297
T Space -3 1 125 140 281 156
Space I 3 -4 140 141 202 62
I T 0 3 141 140 188 47
T Space -3 1 140 140 234 94
Space A 2 3 140 156 920 780
A N -1 -5 156 125 343 187
N D 1 3 125 125 234 109
D Space -2 -1 125 156 359 234
Space O 3 -5 156 93 250 94
O P 0 -1 93 78 202 109
P I 0 2 78 93 219 141
I N -2 2 93 125 187 94
N E 2 3 125 125 203 78
E Space -3 -1 125 156 187 62
Space T 3 -1 156 109 640 484
T H -1 -1 109 93 156 47
H A 0 5 93 188 202 109
A T 1 -4 188 94 172 -16
T Space -3 1 94 156 172 78
Space T 3 -1 156 125 686 530
T Back 1 -8 125 62 905 780
Back I -1 5 62 93 546 484
I T 0 3 93 94 218 125
T Space -3 1 94 140 141 47
Space I 3 -4 140 125 187 47
I S -1 6 125 94 249 124
S Space -2 -2 94 156 141 47
Space I 3 -4 156 125 249 93
I N -2 2 125 125 281 156
N Space -1 2 125 172 156 31
Space Back 4 -9 172 78 843 671
Back Space -4 9 78 172 826 748
Space T 3 -1 172 93 266 94
T H -1 -1 93 94 124 31
H E 1 3 94 125 141 47
E Space -3 -1 125 141 171 46
Space B 1 -1 141 109 328 187
B E 2 2 109 78 140 31
E S -1 1 78 125 219 141
S T 1 -3 125 78 171 46
T Space -3 1 78 125 141 63
Space I 3 -4 125 94 374 249
I N -2 2 94 125 187 93
N T 2 1 125 109 250 125
T E 0 2 109 125 187 78
E R 0 -1 125 156 109 -16
R E 0 1 156 93 219 63
E S -1 1 93 94 249 156
S T 1 -3 94 78 141 47
T Space -3 1 78 94 171 93
Space O 3 -5 94 93 1935 1841
O F -1 5 93 94 171 78
F Space -2 0 94 109 188 94
Space M 1 -3 109 110 202 93
M Back 3 -6 110 78 874 764
Back Back 0 0 78 62 203 125
Back Space -4 9 62 125 639 577
Space T 3 -1 125 78 266 141
T H -1 -1 78 78 140 62
H E 1 3 78 140 94 16
E Space -3 -1 140 156 171 31
Space S 2 2 156 125 234 78
S T 1 -3 125 78 109 -16
T U 0 -2 78 94 234 156
U D -1 4 94 93 141 47
D E 1 0 93 125 187 94
E N -2 -3 125 110 140 15
N T 2 1 110 78 125 15
T S -1 3 78 125 234 156
S OemPeriod -1 -7 125 63 702 577
OemPeriod Space -1 5 63 94 8081 8018
Space RShiftKey 1 -7 94 702 10780 10686
RShiftKey H 1 5 702 110 514 -188
H E 1 3 110 125 250 140
E N -2 -3 125 109 234 109
N C 0 3 109 94 218 109
C E 2 0 94 172 172 78
E Space -3 -1 172 156 187 15
Space T 3 -1 156 93 375 219
T H -1 -1 93 109 171 78
H E 1 3 109 93 94 -15
E R 0 -1 93 125 62 -31
R E 0 1 125 141 187 62
E Space -3 -1 141 125 234 93
Space I 3 -4 125 110 234 109
I S -1 6 110 125 172 62
S Space -2 -2 125 140 172 47
Space N 1 -2 140 125 140 0
N O 2 -3 125 109 187 62
O Space -3 5 109 125 172 63
Space N 1 -2 125 125 140 15
N E 2 3 125 94 187 62
E E 0 0 94 94 203 109
E D -1 0 94 125 234 140
D Space -2 -1 125 140 219 94
Space T 3 -1 140 110 904 764
T O 0 -4 110 109 203 93
O Space -3 5 109 93 141 32
Space C 1 1 93 31 327 234
C H 1 -3 31 93 141 110
H A 0 5 93 172 62 -31
A N -1 -5 172 94 187 15
N G 1 1 94 93 219 125
G Space -2 1 93 109 296 203
Space Back 4 -9 109 78 1154 1045
Back E -1 10 78 125 141 63
E Space -3 -1 125 140 265 140
Space A 2 3 140 187 406 266
A N -1 -5 187 94 249 62
N Y 2 0 94 78 234 140
Y T 0 1 78 78 250 172
T H -1 -1 78 125 109 31
H I 1 -2 125 109 187 62
I N -2 2 109 125 156 47
N G 1 1 125 125 156 31
G Space -2 1 125 156 531 406
Space T 3 -1 156 109 327 171
T O 0 -4 109 78 219 110
O Space -3 5 78 125 93 15
Space I 3 -4 125 94 156 31
I N -2 2 94 140 172 78
N C 0 3 140 125 265 125
C R 2 -1 125 94 296 171
R E 0 1 94 94 250 156
E A -1 2 94 187 234 140
A S 0 -1 187 125 140 -47
S E 1 -1 125 140 250 125
E Space -3 -1 140 156 187 47
Space T 3 -1 156 109 203 47
T H -1 -1 109 63 187 78
H E 1 3 63 140 94 31
E Space -3 -1 140 171 156 16
Space O 3 -5 171 124 1451 1280
O C -2 6 124 109 171 47
C A 1 2 109 156 297 188
A I 1 -7 156 78 109 -47
I L -1 -1 78 140 234 156
L Space -2 5 140 156 125 -15
Space Left 0 -7 156 655 951 795
Left S 2 9 655 78 1404 749
S Right -2 -11 78 639 141 63
Right Left 0 2 639 94 904 265
Left Left 0 0 94 94 203 109
Left Back 4 -2 94 109 390 296
Back Right -4 0 109 156 453 344
Right A 2 12 156 140 296 140
A Right -2 -12 140 140 234 94
Right Right 0 0 140 125 1357 1217
Right A 2 12 125 125 1248 1123
A C -1 -2 125 125 437 312
C T 2 -2 125 110 374 249
T I 0 -3 110 124 266 156
I V -2 4 124 125 327 203
V I 2 -4 125 125 250 125
I T 0 3 125 109 187 62
T I 0 -3 109 140 1030 921
I E 0 5 140 93 156 16
E S -1 1 93 110 280 187
S OemPeriod -1 -7 110 94 1560 1450
OemPeriod RShiftKey 0 -2 94 514 137827 137733
RShiftKey I 2 3 514 125 374 -140
I T 0 3 125 124 406 281
T Space -3 1 124 125 202 78
Space L 2 -5 125 78 203 78
L O 1 0 78 78 219 141
O O 0 0 78 63 171 93
O K -1 1 63 125 172 109
K S 0 6 125 109 140 15
S Space -2 -2 109 124 141 32
Space L 2 -5 124 94 140 16
L I 1 1 94 78 218 124
I K -1 0 78 109 640 562
K E 1 5 109 141 140 31
E Space -3 -1 141 156 203 62
Space A 2 3 156 156 250 94
A Space -2 -3 156 187 187 31
Space P 3 -6 187 171 796 609
P E 0 7 171 124 156 -15
E R 0 -1 124 94 280 156
R F -1 0 94 94 234 140
F E 1 1 94 109 219 125
E C -2 0 109 124 281 172
C T 2 -2 124 141 280 156
T Space -3 1 141 156 172 31
Space S 2 2 156 125 281 125
S U 1 -5 125 78 109 -16
U N -2 1 78 110 218 140
N N 0 0 110 124 188 78
N Y 2 0 124 93 265 141
Y Space -3 2 93 110 93 0
Space D 2 1 110 78 172 62
D A 0 2 78 124 172 94
A Y 1 -5 124 78 202 78
Y Space -3 2 78 141 125 47
Space F 2 0 141 94 312 171
F O 1 -5 94 94 187 93
O R 0 5 94 93 188 94
R Space -3 0 93 125 187 94
Space A 2 3 125 156 187 62
A Space -2 -3 156 156 172 16
Space N 1 -2 156 125 187 31
N Space -1 2 125 140 187 62
Space Back 4 -9 140 62 437 297
Back Back 0 0 62 78 171 109
Back Back 0 0 78 109 172 94
Back N -3 7 109 125 593 484
N Space -1 2 125 125 140 15
Space O 3 -5 125 109 156 31
O U 0 2 109 93 219 110
U T 0 2 93 78 171 78
T I 0 -3 78 78 156 78
I N -2 2 78 63 234 156
N G 1 1 63 109 63 0
G Space -2 1 109 140 156 47
Space W 3 2 140 171 187 47
W H -1 -4 171 78 483 312
H I 1 -2 78 109 188 110
I C -2 5 109 109 187 78
C H 1 -3 109 109 140 31
H Space -2 2 109 109 141 32
Space W 3 2 109 93 187 78
W E 0 -1 93 109 218 125
E N -2 -3 109 140 141 32
N T 2 1 140 94 202 62
T Space -3 1 94 141 156 62
Space T 3 -1 141 94 390 249
T O 0 -4 94 93 188 94
O T 0 4 93 94 140 47
T A -1 4 94 140 281 187
A L 0 -8 140 78 249 109
L L 0 0 78 110 156 78
L Y 1 3 110 93 266 156
Y Space -3 2 93 140 140 47
Space W 3 2 140 94 374 234
W R 0 -2 94 78 250 156
R O 0 -5 78 78 125 47
O N -2 3 78 78 218 140
N G 1 1 78 93 172 94
G OemPeriod -1 -4 93 78 437 344
OemPeriod Space -1 5 78 140 140 62
Space RShiftKey 1 -7 140 203 36769 36629
RShiftKey S 1 9 203 125 141 -62
S O 1 -7 125 62 359 234
O M -2 2 62 109 234 172
M E 2 4 109 93 156 47
E T 0 -2 93 93 265 172
