LShiftKey I 2 -8 811 125 671 -140
I Space -3 4 125 141 1154 1029
Space E 3 1 141 156 1373 1232
E N -2 -3 156 94 140 -16
N J 1 -1 94 109 266 172
J O 1 -2 109 109 296 187
O Y 0 3 109 109 546 437
Y Space -3 2 109 109 250 141
Space S 2 2 109 140 234 125
S T 1 -3 140 109 296 156
T U 0 -2 109 94 187 78
U D -1 4 94 188 265 171
D Y 1 -3 188 62 328 140
Y I 0 -2 62 93 250 188
I N -2 2 93 110 202 109
N G 1 1 110 125 156 46
G Space -2 1 125 125 94 -31
Space A 2 3 125 172 296 171
A T 1 -4 172 78 656 484
T Space -3 1 78 125 93 15
Space LShiftKey 1 4 125 296 406 281
LShiftKey U 2 -7 296 109 78 -218
U B -2 2 109 78 218 109
B Space -1 1 78 94 187 109
Space V 1 0 94 202 344 250
V E 2 1 202 265 140 -62
E R 0 -1 265 140 234 -31
R Y 0 -2 140 94 187 47
Y Space -3 2 94 78 219 125
Space M 1 -3 78 249 390 312
M U 2 0 249 140 156 -93
U C -2 4 140 172 280 140
C H 1 -3 172 62 172 0
H Left -2 -5 62 93 2231 2169
Left Left 0 0 93 63 171 78
Left Left 0 0 63 63 156 93
Left Left 0 0 63 47 156 93
Left Left 0 0 47 62 141 94
Left Left 0 0 62 47 156 94
Left Left 0 0 47 63 140 93
Left Left 0 0 63 78 141 78
Left Left 0 0 78 78 140 62
Left Left 0 0 78 110 140 62
Left Back 4 -2 110 125 702 592
Back LShiftKey -3 13 125 530 63 -62
LShiftKey B 0 -5 530 78 390 -140
B Right -1 -8 78 47 842 764
Right Right 0 0 47 62 141 94
Right Right 0 0 62 78 156 94
Right Right 0 0 78 62 156 78
Right Right 0 0 62 62 156 94
Right Right 0 0 62 62 140 78
Right Right 0 0 62 47 156 94
Right Right 0 0 47 47 140 93
Right Right 0 0 47 47 125 78
Right Right 0 0 47 62 141 94
Right OemPeriod 1 4 62 78 842 780
OemPeriod Space -1 5 78 125 218 140
Space LShiftKey 1 4 125 203 156 31
LShiftKey I 2 -8 203 93 110 -93
I Space -3 4 93 109 234 141
Space W 3 2 109 203 1341 1232
W A -1 1 203 202 141 -62
A S 0 -1 202 156 218 16
S Space -2 -2 156 140 172 16
Space V 1 0 140 171 733 593
V E 2 1 171 250 109 -62
E R 0 -1 250 141 218 -32
R Y 0 -2 141 78 203 62
Y Space -3 2 78 109 219 141
Space H 2 -2 109 125 171 62
H A 0 5 125 172 109 -16
A V -1 -3 172 172 12075 11903
V A 1 3 172 140 94 -78
A Back 2 -12 140 156 499 359
Back Back 0 0 156 827 889 733
Back Back 0 0 827 93 952 125
Back H -2 7 93 140 811 718
H A 0 5 140 172 62 -78
A V -1 -3 172 156 375 203
V E 2 1 156 125 93 -63
E Space -3 -1 125 109 141 16
Space H 2 -2 109 156 280 171
H A 0 5 156 265 94 -62
A D 0 -2 265 125 203 -62
D Space -2 -1 125 109 140 15
Space A 2 3 109 171 141 32
A Space -2 -3 171 109 140 -31
Space G 2 -1 109 125 265 156
G R 1 1 125 265 203 78
R E 0 1 265 296 125 -140
E A -1 2 296 172 171 -125
A T 1 -4 172 109 266 94
T Space -3 1 109 109 62 -47
Space L 2 -5 109 187 328 219
L E 1 6 187 297 124 -63
E A -1 2 297 219 156 -141
A R 1 -3 219 156 297 78
R N -2 -2 156 249 203 47
N I 2 -2 249 156 187 -62
I N -2 2 156 110 171 15
N G 1 1 110 125 94 -16
G Space -2 1 125 125 156 31
Space E 3 1 125 109 281 156
E X -2 1 109 124 359 250
X P 2 -8 124 203 171 47
P E 0 7 203 218 172 -31
E R 0 -1 218 156 171 -47
R I 0 -4 156 156 156 0
I E 0 5 156 172 156 0
E N -2 -3 172 125 156 -16
N C 0 3 125 187 172 47
C E 2 0 187 156 109 -78
E Space -3 -1 156 125 125 -31
Space S 2 2 125 156 359 234
S O 1 -7 156 110 171 15
O Space -3 5 110 110 234 124
Space F 2 0 110 172 250 140
F A 0 3 172 265 94 -78
A R 1 -3 265 124 234 -31
R Space -3 0 124 140 109 -15
Space A 2 3 140 374 203 63
A N -1 -5 374 234 109 -265
N D 1 3 234 202 125 -109
D Space -2 -1 202 218 265 63
Space H 2 -2 218 156 1170 952
H A 0 5 156 156 93 -63
A V -1 -3 156 140 687 531
V E 2 1 140 156 62 -78
E Space -3 -1 156 93 1342 1186
Space L 2 -5 93 156 483 390
L E 1 6 156 296 141 -15
E A -1 2 296 218 156 -140
A Back 2 -12 218 109 920 702
Back Back 0 0 109 94 234 125
Back Back 0 0 94 125 967 873
Back B -3 8 125 94 484 359
B E 2 2 94 94 187 93
E E 0 0 94 125 187 93
E N -2 -3 125 109 172 47
N Space -1 2 109 125 234 125
Space S 2 2 125 110 1856 1731
S H 0 -4 110 78 172 62
H O 1 -3 78 94 374 296
O W 0 7 94 93 297 203
W E 0 -1 93 125 265 172
E R 0 -1 125 203 437 312
R E 0 1 203 234 125 -78
E D -1 0 234 125 202 -32
D Space -2 -1 125 125 141 16
Space W 3 2 125 156 546 421
W I 0 -6 156 110 249 93
I T 0 3 110 110 234 124
T H -1 -1 110 94 78 -32
H Space -2 2 94 94 234 140
Space S 2 2 94 156 141 47
S O 1 -7 156 62 156 0
O Space -3 5 62 312 203 141
Space M 1 -3 312 265 187 -125
M A 1 6 265 202 125 -140
A N -1 -5 202 280 156 -46
N Y 2 0 280 109 187 -93
Y Space -3 2 109 125 218 109
Space E 3 1 125 218 125 0
E D -1 0 218 156 218 0
D U 1 -4 156 93 188 32
U C -2 4 93 219 202 109
C A 1 2 219 172 125 -94
A T 1 -4 172 125 281 109
T I 0 -3 125 140 125 0
I O 0 -1 140 125 78 -62
O N -2 3 125 110 249 124
N A 1 5 110 156 172 62
A L 0 -8 156 78 203 47
L Space -2 5 78 109 218 140
Space E 3 1 109 109 172 63
E X -2 1 109 78 312 203
X P 2 -8 78 125 374 296
P E 0 7 125 281 234 109
E R 0 -1 281 140 203 -78
R I 0 -4 140 125 203 63
I N -2 2 125 125 499 374
N C 0 3 125 172 187 62
C E 2 0 172 109 125 -47
E S -1 1 109 109 390 281
S Space -2 -2 109 125 140 31
Space Space 0 0 125 93 3885 3760
Space W 3 2 93 172 140 47
W H -1 -4 172 202 219 47
H I 1 -2 202 141 124 -78
I C -2 5 141 156 188 47
C H 1 -3 156 78 140 -16
H Space -2 2 78 94 218 140
Space LShiftKey 1 4 94 733 219 125
LShiftKey F 1 -4 733 125 1092 359
F O 1 -5 125 125 171 46
O R 0 5 125 109 219 94
R Space -3 0 109 109 109 0
Space M 1 -3 109 202 250 141
M E 2 4 202 171 109 -93
E Space -3 -1 171 109 187 16
Space I 3 -4 109 156 733 624
I S -1 6 156 94 187 31
S Space -2 -2 94 140 141 47
Space A 2 3 140 124 281 141
A Space -2 -3 124 109 156 32
Space O 3 -5 109 78 1232 1123
O N -2 3 78 187 234 156
N C 0 3 187 188 452 265
C E 2 0 188 141 125 -63
E Space -3 -1 141 94 125 -16
Space I 3 -4 94 93 203 109
I N -2 2 93 78 203 110
N Space -1 2 78 109 187 109
Space A 2 3 109 171 156 47
A Space -2 -3 171 93 125 -46
Space L 2 -5 93 93 624 531
L I 1 1 93 125 218 125
I F -1 4 125 218 250 125
F E 1 1 218 187 109 -109
E T 0 -2 187 109 343 156
T I 0 -3 109 109 125 16
I M -2 1 109 141 218 109
M E 2 4 141 140 141 0
E Space -3 -1 140 109 140 0
Space E 3 1 109 109 156 47
E X -2 1 109 125 312 203
X P 2 -8 125 109 156 31
P E 0 7 109 265 172 63
E R 0 -1 265 156 171 -94
R I 0 -4 156 140 219 63
I E 0 5 140 156 171 31
E N -2 -3 156 125 172 16
N C 0 3 125 202 203 78
C E 2 0 202 156 124 -78
E OemPeriod -2 -6 156 94 359 203
OemPeriod Return 1 -3 94 78 1701 1607
Return LShiftKey -1 12 78 1155 1294 1216
LShiftKey I 2 -8 1155 78 1030 -125
I Space -3 4 78 110 296 218
Space L 2 -5 110 78 1763 1653
L I 1 1 78 78 187 109
I K -1 0 78 125 156 78
K E 1 5 125 140 94 -31
E Space -3 -1 140 109 125 -15
Space T 3 -1 109 109 156 47
T H -1 -1 109 94 93 -16
H E 1 3 94 124 344 250
E Space -3 -1 124 94 124 0
Space F 2 0 94 187 266 172
F A 0 3 187 156 124 -63
A C -1 -2 156 124 266 110
C T 2 -2 124 94 296 172
T Space -3 1 94 125 109 15
Space T 3 -1 125 125 484 359
T H -1 -1 125 125 140 15
H A 0 5 125 297 156 31
A T 1 -4 297 140 203 -94
T Space -3 1 140 125 1529 1389
Space R 3 0 125 234 296 171
R E 0 1 234 202 141 -93
E A -1 2 202 110 826 624
A S 0 -1 110 78 250 140
S E 1 -1 78 234 218 140
E A -1 2 234 172 390 156
A R 1 -3 172 109 344 172
R C -2 1 109 140 312 203
C H 1 -3 140 78 93 -47
H Space -2 2 78 94 203 125
Space I 3 -4 94 94 218 124
I Space -3 4 94 124 266 172
Space G 2 -1 124 94 296 172
G I 1 -3 94 124 172 78
I V -2 4 124 187 249 125
V E 2 1 187 156 141 -46
E N -2 -3 156 78 358 202
N Space -1 2 78 93 188 110
Space P 3 -6 93 140 343 250
P R 0 6 140 203 187 47
R E 0 1 203 172 140 -63
E V -2 -1 172 172 390 218
V E 2 1 172 140 110 -62
E L -1 -6 140 140 499 359
L E 1 6 140 156 125 -15
E N -2 -3 156 78 218 62
N C 0 3 78 172 156 78
C E 2 0 172 141 109 -63
E Space -3 -1 141 125 94 -47
Space A 2 3 125 187 421 296
A N -1 -5 187 125 281 94
N D 1 3 125 125 327 202
D Space -2 -1 125 94 125 0
Space T 3 -1 94 109 172 78
T H -1 -1 109 140 78 -31
H A 0 5 140 218 203 63
A T 1 -4 218 124 156 -62
T Space -3 1 124 125 93 -31
Space C 1 1 125 109 765 640
C R 2 -1 109 203 327 218
R E 0 1 203 234 109 -94
E A -1 2 234 203 125 -109
A T 1 -4 203 172 312 109
T S -1 3 172 93 453 281
S Space -2 -2 93 125 218 125
Space A 2 3 125 141 296 171
A Space -2 -3 141 93 141 0
Space M 1 -3 93 265 265 172
M O 2 -2 265 124 172 -93
O R 0 5 124 172 249 125
R E 0 1 172 140 94 -78
E Space -3 -1 140 109 125 -15
Space LShiftKey 1 4 109 171 265 156
LShiftKey I 2 -8 171 110 93 -78
I N -2 2 110 109 203 93
N T 2 1 109 187 219 110
T E 0 2 187 140 140 -47
E L -1 -6 140 62 203 63
L L 0 0 62 125 140 78
L E 1 6 125 125 94 -31
E C -2 0 125 110 249 124
C T 2 -2 110 109 266 156
T U 0 -2 109 109 234 125
U A -1 6 109 156 156 47
A L 0 -8 156 62 187 31
L L 0 0 62 78 140 78
L Y 1 3 78 62 250 172
Y Space -3 2 62 125 187 125
Space S 2 2 125 140 156 31
S T 1 -3 140 94 296 156
T I 0 -3 94 94 125 31
I M -2 1 94 250 203 109
M U 2 0 250 94 187 -63
U L -1 -2 94 156 265 171
L A 0 8 156 171 110 -46
A T 1 -4 171 109 218 47
T I 0 -3 109 156 109 0
I N -2 2 156 109 281 125
N G 1 1 109 78 203 94
G Space -2 1 78 110 93 15
Space A 2 3 110 172 156 46
A T 1 -4 172 93 266 94
T M -2 -2 93 281 171 78
M O 2 -2 281 125 187 -94
O S -1 7 125 125 219 94
S P 1 -8 125 93 390 265
P H -1 4 93 78 327 234
H E 1 3 78 203 94 16
E R 0 -1 203 249 172 -31
R E 0 1 249 140 187 -62
E Space -3 -1 140 109 296 156
Space F 2 0 109 171 328 219
F O 1 -5 171 141 218 47
O R 0 5 141 93 219 78
R Space -3 0 93 125 109 16
Space S 2 2 125 94 296 171
S C -1 -1 94 125 250 156
C H 1 -3 125 94 109 -16
H O 1 -3 94 78 265 171
O L -1 0 78 156 203 125
L A 0 8 156 188 218 62
A R 1 -3 188 219 390 202
R S -1 2 219 109 172 -47
S Space -2 -2 109 78 265 156
Space Back 4 -9 78 63 577 499
Back OemPeriod -3 4 63 94 281 218
OemPeriod LShiftKey 0 9 94 515 26910 26816
LShiftKey I 2 -8 515 93 328 -187
I Space -3 4 93 109 343 250
Space L 2 -5 109 78 4119 4010
L I 1 1 78 110 202 124
I K -1 0 110 141 203 93
K E 1 5 141 172 109 -32
E Space -3 -1 172 125 156 -16
Space T 3 -1 125 109 266 141
T O 0 -4 109 94 171 62
O Space -3 5 94 78 203 109
Space P 3 -6 78 78 234 156
P L -1 1 78 156 187 109
L A 0 8 156 171 94 -62
A Y 1 -5 171 93 359 188
Y Space -3 2 93 125 280 187
Space A 2 3 125 421 188 63
A N -1 -5 421 141 124 -297
N D 1 3 141 141 203 62
D Space -2 -1 141 124 141 0
Space S 2 2 124 156 265 141
S I 1 -6 156 109 187 31
I N -2 2 109 125 203 94
N G 1 1 125 93 234 109
G Space -2 1 93 109 109 16
Space A 2 3 109 172 265 156
A L 0 -8 172 78 187 15
L O 1 0 78 94 203 125
O N -2 3 94 187 1888 1794
N G 1 1 187 125 78 -109
G Space -2 1 125 125 234 109
Space A 2 3 125 172 561 436
A L 0 -8 172 78 141 -31
L O 1 0 78 94 187 109
O N -2 3 94 125 203 109
N G 1 1 125 109 140 15
G Space -2 1 109 110 109 0
Space W 3 2 110 156 375 265
W I 0 -6 156 110 171 15
I T 0 3 110 125 250 140
T H -1 -1 125 125 62 -63
H Space -2 2 125 172 250 125
Space M 1 -3 172 156 156 -16
M Y 2 1 156 78 296 140
Y Space -3 2 78 94 203 125
Space G 2 -1 94 281 328 234
G Back 2 -8 281 94 655 374
Back LShiftKey -3 13 94 499 265 171
LShiftKey G 1 -5 499 218 453 -46
G U 1 -2 218 125 124 -94
U I 0 -1 125 125 234 109
I T 0 3 125 187 266 141
T A -1 4 187 250 140 -47
A R 1 -3 250 140 203 -47
R OemPeriod -2 -5 140 78 343 203
OemPeriod Space -1 5 78 109 359 281
Space LShiftKey 1 4 109 250 405 296
LShiftKey I 2 -8 250 78 172 -78
I Space -3 4 78 110 686 608
Space H 2 -2 110 125 219 109
H A 0 5 125 187 109 -16
A V -1 -3 187 109 172 -15
V E 2 1 109 124 156 47
E Space -3 -1 124 109 93 -31
Space A 2 3 109 156 219 110
A L 0 -8 156 156 109 -47
L S 0 7 156 140 234 78
S O 1 -7 140 78 608 468
O Space -3 5 78 109 219 141
Space B 1 -1 109 78 202 93
B E 2 2 78 93 141 63
E E 0 0 93 125 171 78
E N -2 -3 125 94 172 47
N Space -1 2 94 94 234 140
Space I 3 -4 94 94 1092 998
I N -2 2 94 109 234 140
N V 0 2 109 109 250 141
V O 2 -5 109 63 249 140
O L -1 0 63 110 187 124
L V -1 5 110 171 734 624
V E 2 1 171 187 109 -62
E D -1 0 187 125 249 62
D Space -2 -1 125 109 125 0
Space I 3 -4 109 109 234 125
I N -2 2 109 62 250 141
N Space -1 2 62 94 171 109
Space M 1 -3 94 296 2013 1919
M U 2 0 296 172 171 -125
U S -1 5 172 156 141 -31
S I 1 -6 156 141 171 15
I C -2 5 141 249 188 47
C A 1 2 249 172 140 -109
A L 0 -8 172 78 187 15
L Space -2 5 78 94 234 156
Space P 3 -6 94 172 265 171
P E 0 7 172 249 188 16
E R 0 -1 249 124 156 -93
R F -1 0 124 125 421 297
F O 1 -5 125 140 187 62
O R 0 5 140 94 218 78
R M -2 -3 94 187 172 78
M A 1 6 187 171 172 -15
A N -1 -5 171 109 156 -15
N C 0 3 109 219 202 93
C E 2 0 219 125 141 -78
E S -1 1 125 125 312 187
S Space -2 -2 125 109 140 15
Space I 3 -4 109 109 234 125
I N -2 2 109 78 234 125
N Space -1 2 78 94 187 109
Space M 1 -3 94 171 110 16
M Y 2 1 171 78 312 141
Y Space -3 2 78 93 187 109
Space LShiftKey 1 4 93 250 187 94
LShiftKey U 2 -7 250 187 172 -78
U N -2 1 187 140 296 109
N D 1 3 140 219 187 47
D E 1 0 219 203 172 -47
E R 0 -1 203 125 156 -47
R Space -3 0 125 140 343 218
Space G 2 -1 140 109 312 172
G R 1 1 109 188 140 31
R A -1 3 188 203 125 -63
A D 0 -2 203 156 265 62
D U 1 -4 156 140 219 63
U A -1 6 140 187 140 0
A T 1 -4 187 156 312 125
T E 0 2 156 171 94 -62
E Space -3 -1 171 124 827 656
Space A 2 3 124 390 171 47
A N -1 -5 390 171 94 -296
N D 1 3 171 156 203 32
D Space -2 -1 156 93 109 -47
Space P 3 -6 93 140 437 344
P R 0 6 140 171 187 47
R E 0 1 171 140 109 -62
E V -2 -1 140 109 562 422
V I 2 -4 109 109 171 62
I O 0 -1 109 78 421 312
O U 0 2 78 125 234 156
U Back 1 -6 125 141 936 811
Back Back 0 0 141 78 234 93
Back Back 0 0 78 62 172 94
Back Back 0 0 62 78 140 78
Back Back 0 0 78 78 156 78
Back Back 0 0 78 78 156 78
Back Back 0 0 78 125 172 94
Back Y -1 7 125 94 9204 9079
Y O 0 -3 94 109 359 265
O U 0 2 109 78 249 140
U N -2 1 78 125 203 125
N G 1 1 125 156 265 140
G E 1 2 156 265 110 -46
E R 0 -1 265 125 202 -63
R Space -3 0 125 141 156 31
Space D 2 1 141 234 702 561
D A 0 2 234 187 141 -93
A Y 1 -5 187 141 140 -47
Y S -1 4 141 141 234 93
S OemPeriod -1 -7 141 141 936 795
OemPeriod Back 3 -4 141 94 4243 4102
Back Space -4 9 94 109 6287 6193
Space LShiftKey 1 4 109 359 5242 5133
LShiftKey I 2 -8 359 94 218 -141
I Space -3 4 94 109 406 312
Space L 2 -5 109 78 608 499
L O 1 0 78 109 172 94
O V -2 5 109 172 249 140
V E 2 1 172 172 94 -78
E Space -3 -1 172 125 187 15
Space LShiftKey 1 4 125 265 297 172
LShiftKey R 2 -4 265 140 218 -47
R O 0 -5 140 109 187 47
O C -2 6 109 188 733 624
C K 1 -5 188 187 125 -63
K Space -2 4 187 125 624 437
Space M 1 -3 125 125 234 109
M U 2 0 125 109 250 125
U S -1 5 109 140 203 94
S I 1 -6 140 78 109 -31
I C -2 5 78 125 265 187
C Space -1 -1 125 124 172 47
Space A 2 3 124 390 156 32
A N -1 -5 390 156 124 -266
N D 1 3 156 124 188 32
D Space -2 -1 124 110 124 0
Space R 3 0 110 218 141 31
R E 0 1 218 156 156 -62
E L -1 -6 156 171 234 78
L A 0 8 171 187 140 -31
A T 1 -4 187 140 328 141
T E 0 2 140 297 93 -47
E D -1 0 297 141 203 -94
D Space -2 -1 141 124 141 0
Space F 2 0 124 125 436 312
F O 1 -5 125 171 141 16
O R 0 5 171 124 203 32
R M -2 -3 124 156 187 63
M S 1 5 156 141 249 93
S Space -2 -2 141 93 110 -31
Space I 3 -4 93 93 234 141
I N -2 2 93 93 187 94
N Space -1 2 93 125 249 156
Space P 3 -6 125 156 656 531
P A -1 9 156 218 78 -78
A R 1 -3 218 125 249 31
R T 0 -1 125 78 265 140
T I 0 -3 78 125 125 47
I C -2 5 125 156 343 218
C U 2 -4 156 94 156 0
U L -1 -2 94 156 312 218
L A 0 8 156 172 172 16
A R 1 -3 172 125 437 265
R Space -3 0 125 141 140 15
Space A 2 3 141 172 577 436
A S 0 -1 172 140 141 -31
S Space -2 -2 140 94 109 -31
Space I 3 -4 94 109 234 140
I T 0 3 109 110 296 187
T Space -3 1 110 94 125 15
Space C 1 1 94 187 640 546
C A 1 2 187 171 125 -62
A P 1 -9 171 62 218 47
P T 0 5 62 125 312 250
T U 0 -2 125 109 312 187
U R 0 3 109 202 172 63
R E 0 1 202 124 156 -46
E S -1 1 124 110 280 156
S Space -2 -2 110 125 94 -16
Space A 2 3 125 124 562 437
A Space -2 -3 124 110 202 78
Space C 1 1 110 187 734 624
C E 2 0 187 266 124 -63
E R 0 -1 266 125 234 -32
R T 0 -1 125 203 219 94
T A -1 4 203 203 140 -63
A I 1 -7 203 109 203 0
I N -2 2 109 124 250 141
N Space -1 2 124 125 1107 983
Space S 2 2 125 62 219 94
S E 1 -1 62 125 202 140
E N -2 -3 125 94 172 47
N C 0 3 94 171 203 109
C E 2 0 171 110 93 -78
E Space -3 -1 110 78 141 31
Space O 3 -5 78 125 234 156
O F -1 5 125 109 359 234
F Space -2 0 109 110 124 15
Space I 3 -4 110 110 780 670
I M -2 1 110 156 234 124
M A 1 6 156 187 125 -31
A G 0 -4 187 94 343 156
G I 1 -3 94 93 141 47
I N -2 2 93 125 218 125
N A 1 5 125 172 125 0
A T 1 -4 172 109 281 109
T I 0 -3 109 187 109 0
I O 0 -1 187 141 109 -78
O N -2 3 141 94 390 249
N Oemcomma 0 -2 94 94 577 483
Oemcomma Space -1 4 94 109 1077 983
Space W 3 2 109 141 249 140
W I 0 -6 141 78 250 109
I L -1 -1 78 63 296 218
L L 0 0 63 94 156 93
L Space -2 5 94 172 515 421
Space P 3 -6 172 78 1810 1638
P O 0 1 78 140 203 125
O W 0 7 140 109 312 172
W E 0 -1 109 249 234 125
E R 0 -1 249 141 171 -78
R Space -3 0 141 141 187 46
Space A 2 3 141 406 406 265
A N -1 -5 406 203 109 -297
N D 1 3 203 187 156 -47
D Space -2 -1 187 172 234 47
Space D 2 1 172 202 3573 3401
D E 1 0 202 156 124 -78
E F -1 -1 156 141 312 156
F I 1 -4 141 219 234 93
I A -1 7 219 218 1030 811
A N -1 -5 218 125 187 -31
N C 0 3 125 156 250 125
C E 2 0 156 125 109 -47
E Space -3 -1 125 140 125 0
Space LShiftKey 1 4 140 125 546 406
LShiftKey Back 3 -13 125 93 546 421
Back OemPeriod -3 4 93 109 343 250
OemPeriod C 0 6 109 156 5913 5804
C O 2 -6 156 109 156 0
O M -2 2 109 93 234 125
M B 0 2 93 265 499 406
B I 2 -3 265 140 203 -62
I N -2 2 140 156 265 125
N E 2 3 156 312 187 31
E D -1 0 312 156 234 -78
D Space -2 -1 156 109 172 16
Space Back 4 -9 109 109 624 515
Back Return -2 1 109 141 6723 6614
Return LShiftKey -1 12 141 1123 843 702
LShiftKey LShiftKey 0 0 1123 796 1232 109
LShiftKey I 2 -8 796 109 655 -141
I Space -3 4 109 109 297 188
Space A 2 3 109 78 421 312
A L 0 -8 78 156 515 437
L S 0 7 156 140 140 -16
S O 1 -7 140 78 499 359
O Space -3 5 78 94 203 125
Space L 2 -5 94 78 187 93
L O 1 0 78 110 187 109
O V -2 5 110 125 234 124
V E 2 1 125 141 78 -47
E Space -3 -1 141 109 110 -31
Space T 3 -1 109 78 234 125
T O 0 -4 78 109 93 15
O Space -3 5 109 109 219 110
Space T 3 -1 109 187 218 109
T R 0 1 187 141 109 -78
R E 0 1 141 140 281 140
E C -2 0 140 140 640 500
C K 1 -5 140 187 187 47
K Space -2 4 187 156 281 94
Space A 2 3 156 375 93 -63
A N -1 -5 375 141 156 -219
N D 1 3 141 125 109 -32
D Space -2 -1 125 125 172 47
Space Back 4 -9 125 109 1451 1326
Back Back 0 0 109 78 187 78
Back Back 0 0 78 94 140 62
Back Back 0 0 94 94 156 62
Back O -1 4 94 78 531 437
O U 0 2 78 94 249 171
U T 0 2 94 93 219 125
T D -1 2 93 125 452 359
D O 1 -6 125 47 187 62
O O 0 0 47 93 141 94
O R 0 5 93 203 187 94
R S -1 2 203 156 140 -63
S Space -2 -2 156 78 156 0
Space Back 4 -9 78 78 468 390
Back Oemcomma -3 5 78 78 266 188
Oemcomma Space -1 4 78 93 234 156
Space E 3 1 93 125 93 0
E X -2 1 125 125 312 187
X P 2 -8 125 78 156 31
P L -1 1 78 62 203 125
L O 1 0 62 78 156 94
O R 0 5 78 172 140 62
R E 0 1 172 140 110 -62
E Space -3 -1 140 93 78 -62
Space N 1 -2 93 109 187 94
N E 2 3 109 110 171 62
E W 0 1 110 124 266 156
W Space -3 -2 124 109 140 16
Space P 3 -6 109 109 343 234
P L -1 1 109 140 219 110
L A 0 8 140 171 78 -62
A C -1 -2 171 156 249 78
C E 2 0 156 125 94 -62
E S -1 1 125 109 234 109
S Space -2 -2 109 109 62 -47
Space A 2 3 109 328 312 203
A N -1 -5 328 187 47 -281
N D 1 3 187 156 156 -31
D Space -2 -1 156 110 140 -16
Space T 3 -1 110 202 656 546
T R 0 1 202 156 140 -62
R Y 0 -2 156 78 203 47
Y Space -3 2 78 78 203 125
Space N 1 -2 78 109 187 109
N E 2 3 109 172 187 78
E W 0 1 172 140 94 -78
W Space -3 -2 140 109 93 -47
Space F 2 0 109 109 281 172
F O 1 -5 109 47 218 109
O O 0 0 47 109 125 78
O D -1 6 109 140 359 250
D OemPeriod -1 -6 140 125 515 375
OemPeriod M 0 2 125 93 3042 2917
M E 2 4 93 78 156 63
E E 0 0 78 125 156 78
E T 0 -2 125 93 203 78
T Space -3 1 93 78 62 -31
Space N 1 -2 78 109 187 109
N E 2 3 109 218 219 110
E W 0 1 218 156 78 -140
W Space -3 -2 156 94 140 -16
Space P 3 -6 94 125 296 202
P O 0 1 125 140 453 328
O E 0 6 140 156 296 156
E P 0 -7 156 78 359 203
P L -1 1 78 171 203 125
L E 1 6 171 140 109 -62
E Oemcomma -2 -5 140 94 1934 1794
Oemcomma Space -1 4 94 125 546 452
Space LShiftKey 1 4 125 218 53571 53446
LShiftKey T 2 -5 218 171 125 -93
T LShiftKey -2 5 171 281 514 343
LShiftKey T 2 -5 281 109 94 -187
T H -1 -1 109 93 718 609
H E 1 3 93 141 124 31
E Space -3 -1 141 93 110 -31
Space P 3 -6 93 109 327 234
P I 0 2 109 109 297 188
I C -2 5 109 109 171 62
C T 2 -2 109 109 281 172
T I 0 -3 109 94 140 31
I Back 1 -5 94 171 453 359
Back U -1 6 171 94 998 827
U R 0 3 94 156 187 93
R E 0 1 156 125 78 -78
E Space -3 -1 125 140 94 -31
Space I 3 -4 140 125 998 858
I S -1 6 125 125 156 31
S Space -2 -2 125 109 203 78
Space A 2 3 109 125 172 63
A Space -2 -3 125 94 171 46
Space A 2 3 94 140 375 281
A M -1 -6 140 109 156 16
M A 1 6 109 124 203 94
A L 0 -8 124 78 280 156
L G 0 4 78 172 328 250
G A 0 4 172 156 109 -63
A M -1 -6 156 156 250 94
M A 1 6 156 187 140 -16
A T 1 -4 187 94 312 125
T I 0 -3 94 172 109 15
I O 0 -1 172 124 110 -62
O N -2 3 124 78 234 110
N Space -1 2 78 109 187 109
Space N 1 -2 109 78 2777 2668
N O 2 -3 78 125 1544 1466
O F -1 5 125 125 203 78
F Space -2 0 125 125 109 -16
Space A 2 3 125 125 1045 920
A L 0 -8 125 46 219 94
L L 0 0 46 62 140 94
L Space -2 5 62 78 187 125
Space P 3 -6 78 94 234 156
P O 0 1 94 94 265 171
O S -1 7 94 78 188 94
S S 0 0 78 124 156 78
S I 1 -6 124 94 140 16
I B -2 3 94 78 218 124
B L 1 -4 78 125 234 156
L E 1 6 125 141 125 0
E Space -3 -1 141 125 125 -16
Space A 2 3 125 172 140 15
A C -1 -2 172 94 250 78
C T 2 -2 94 78 234 140
T I 0 -3 78 93 125 47
I V -2 4 93 109 265 172
V I 2 -4 109 78 172 63
I T 0 3 78 94 249 171
T I 0 -3 94 109 234 140
I E 0 5 109 109 172 63
E S -1 1 109 125 265 156
S Space -2 -2 125 125 109 -16
Space O 3 -5 125 109 359 234
O N -2 3 109 110 218 109
N E 2 3 110 125 141 31
E Space -3 -1 125 110 93 -32
Space C 1 1 110 125 390 280
C O 2 -6 125 110 156 31
O U 0 2 110 78 234 124
U L -1 -2 78 110 234 156
L D 0 6 110 125 156 46
D Space -2 -1 125 94 94 -31
Space I 3 -4 94 110 218 124
I M -2 1 110 140 219 109
M A 1 6 140 156 156 16
A G 0 -4 156 93 328 172
G I 1 -3 93 109 140 47
I N -2 2 109 171 203 94
N G 1 1 171 109 281 110
G Space -2 1 109 141 124 15
Space O 3 -5 141 110 936 795
O N -2 3 110 109 297 187
N Space -1 2 109 156 218 109
Space A 2 3 156 125 265 109
A Space -2 -3 125 109 110 -15
Space B 1 -1 109 94 514 405
B E 2 2 94 265 188 94
E A -1 2 265 187 156 -109
A C -1 -2 187 202 390 203
C H 1 -3 202 125 187 -15
H OemPeriod -1 -3 125 141 530 405
OemPeriod Space -1 5 141 124 8175 8034
Space LShiftKey 1 4 124 219 202 78
LShiftKey I 2 -8 219 78 141 -78
I Space -3 4 78 125 218 140
Space S 2 2 125 93 141 16
S E 1 -1 93 78 249 156
E E 0 0 78 94 156 78
E Space -3 -1 94 109 63 -31
Space F 2 0 109 187 1404 1295
F A 0 3 187 203 109 -78
A M -1 -6 203 265 281 78
M I 2 -1 265 109 171 -94
I L -1 -1 109 94 265 156
L I 1 1 94 124 266 172
I E 0 5 124 124 156 32
E S -1 1 124 109 327 203
S Space -2 -2 109 140 141 32
Space W 3 2 140 109 1029 889
W H -1 -4 109 62 172 63
H O 1 -3 62 78 281 219
O Oem7 -1 -2 78 78 1622 1544
Oem7 V -1 7 78 156 250 172
V E 2 1 156 109 93 -63
E Space -3 -1 109 94 109 0
Space C 1 1 94 125 749 655
C O 2 -6 125 93 141 16
O M -2 2 93 93 187 94
M E 2 4 93 124 125 32
E Space -3 -1 124 125 109 -15
Space W 3 2 125 125 312 187
W I 0 -6 125 109 203 78
I T 0 3 109 125 202 93
T H -1 -1 125 78 125 0
H Space -2 2 78 109 234 156
Space T 3 -1 109 110 109 0
T H -1 -1 110 93 141 31
H E 1 3 93 171 234 141
E I 0 -5 171 125 218 47
I R 0 4 125 109 250 125
R Space -3 0 109 93 125 16
Space C 1 1 93 141 561 468
C H 1 -3 141 234 172 31
H I 1 -2 234 109 156 -78
I L -1 -1 109 125 296 187
L D 0 6 125 109 219 94
D R 1 -1 109 218 374 265
R E 0 1 218 140 156 -62
E N -2 -3 140 78 281 141
N Space -1 2 78 109 187 109
Space T 3 -1 109 109 156 47
T O 0 -4 109 125 140 31
O Space -3 5 125 125 359 234
Space E 3 1 125 125 546 421
E N -2 -3 125 94 281 156
N H 1 0 94 109 328 234
H Back 2 -7 109 78 421 312
Back J -2 6 78 202 281 203
J O 1 -2 202 141 124 -78
O Y 0 3 141 110 312 171
Y Space -3 2 110 78 219 109
Space A 2 3 78 172 187 109
A Space -2 -3 172 110 218 46
Space N 1 -2 110 172 328 218
N I 2 -2 172 109 109 -63
I C -2 5 109 156 219 110
C E 2 0 156 109 109 -47
E Space -3 -1 109 94 93 -16
Space W 3 2 94 234 203 109
W A -1 1 234 156 141 -93
A R 1 -3 156 109 390 234
R M -2 -3 109 78 171 62
M Space -1 3 78 109 203 125
Space D 2 1 109 250 374 265
D A 0 2 250 172 172 -78
A Y 1 -5 172 63 140 -32
Y Space -3 2 63 93 188 125
Space A 2 3 93 156 124 31
A T 1 -4 156 93 266 110
T Space -3 1 93 93 78 -15
Space T 3 -1 93 203 140 47
T H -1 -1 203 125 78 -125
H E 1 3 125 140 172 47
E Space -3 -1 140 78 109 -31
Space B 1 -1 78 93 468 390
B E 2 2 93 219 140 47
E A -1 2 219 156 141 -78
A C -1 -2 156 172 327 171
C H 1 -3 172 94 437 265
H OemPeriod -1 -3 94 203 22667 22573
OemPeriod Space -1 5 203 125 452 249
Space Return 2 -8 125 172 1747 1622
Return LShiftKey -1 12 172 421 453 281
LShiftKey B 0 -5 421 78 343 -78
B E 2 2 78 140 234 156
E Y 0 -3 140 125 530 390
Y O 0 -3 125 140 188 63
O N -2 3 140 93 265 125
N D 1 3 93 125 608 515
D Space -2 -1 125 94 78 -47
Space T 3 -1 94 94 234 140
T H -1 -1 94 109 47 -47
H E 1 3 109 109 359 250
E Space -3 -1 109 124 125 16
Space B 1 -1 124 109 327 203
B E 2 2 109 203 203 94
E A -1 2 203 156 125 -78
A C -1 -2 156 140 312 156
C H 1 -3 140 93 281 141
H Space -2 2 93 93 234 141
Space T 3 -1 93 93 1560 1467
T H -1 -1 93 93 78 -15
H E 1 3 93 125 218 125
E Space -3 -1 125 78 78 -47
Space P 3 -6 78 78 905 827
P I 0 2 78 93 234 156
I C -2 5 93 94 171 78
C T 2 -2 94 94 250 156
T U 0 -2 94 109 203 109
U R 0 3 109 172 187 78
R E 0 1 172 141 109 -63
E Space -3 -1 141 110 109 -32
Space D 2 1 110 188 156 46
D E 1 0 188 141 125 -63
E S -1 1 141 109 999 858
S C -1 -1 109 140 499 390
C R 2 -1 140 109 359 219
R I 0 -4 109 109 234 125
I B -2 3 109 109 249 140
B E 2 2 109 109 125 16
E S -1 1 109 94 312 203
S Space -2 -2 94 141 140 46
Space A 2 3 141 140 1030 889
A L 0 -8 140 62 234 94
L L 0 0 62 93 125 63
L Space -2 5 93 78 234 141
Space P 3 -6 78 109 265 187
P O 0 1 109 94 234 125
O S -1 7 94 78 172 78
S S 0 0 78 109 187 109
S I 1 -6 109 93 125 16
I B -2 3 93 94 202 109
B L 1 -4 94 124 266 172
L E 1 6 124 140 78 -46
E Space -3 -1 140 78 187 47
Space N 1 -2 78 141 561 483
N A 1 5 141 156 110 -31
A V -1 -3 156 203 592 436
V A 1 3 203 171 141 -62
A L 0 -8 171 78 296 125
L Space -2 5 78 124 219 141
Space A 2 3 124 172 140 16
A C -1 -2 172 78 296 124
C T 2 -2 78 94 234 156
T I 0 -3 94 109 141 47
I V -2 4 109 124 281 172
V I 2 -4 124 109 140 16
I T 0 3 109 125 265 156
T Y 0 -1 125 94 109 -16
Y OemPeriod -2 -3 94 110 702 608
OemPeriod Space -1 5 110 78 359 249
Space LShiftKey 1 4 78 359 1997 1919
LShiftKey F 1 -4 359 141 296 -63
F I 1 -4 141 94 156 15
I S -1 6 94 156 188 94
S H 0 -4 156 94 202 46
H I 1 -2 94 109 266 172
I N -2 2 109 109 249 140
N G 1 1 109 94 187 78
G Space -2 1 94 94 125 31
Space S 2 2 94 140 297 203
S H 0 -4 140 281 109 -31
H I 1 -2 281 141 171 -110
I P 0 -2 141 125 515 374
P S -1 8 125 156 172 47
S Oemcomma -1 -6 156 140 10327 10171
Oemcomma S 1 6 140 140 1295 1155
S P 1 -8 140 78 374 234
P O 0 1 78 124 219 141
O R 0 5 124 140 312 188
R T 0 -1 140 203 249 109
T S -1 3 203 156 156 -47
S Space -2 -2 156 125 156 0
Space A 2 3 125 375 156 31
A N -1 -5 375 141 109 -266
N D 1 3 141 156 141 0
D Space -2 -1 156 109 156 0
Space R 3 0 109 188 171 62
R E 0 1 188 141 125 -63
E C -2 0 141 109 281 140
C R 2 -1 109 234 234 125
R E 0 1 234 234 156 -78
E A -1 2 234 188 140 -94
A T 1 -4 188 125 281 93
T I 0 -3 125 203 203 78
I O 0 -1 203 218 125 -78
O N -2 3 218 141 374 156
N A 1 5 141 156 141 0
A L 0 -8 156 109 265 109
L Space -2 5 109 110 249 140
Space V 1 0 110 203 4337 4227
V E 2 1 203 141 109 -94
E S -1 1 141 78 281 140
S S 0 0 78 62 172 94
S D 0 -1 62 47 0 -62
D E 1 0 47 93 156 109
E L -1 -6 93 202 359 266
L S 0 7 202 110 124 -78
S Back 2 -11 110 93 890 780
Back Back 0 0 93 94 171 78
Back Back 0 0 94 125 172 78
Back Back 0 0 125 93 546 421
Back E -1 10 93 141 296 203
E L -1 -6 141 156 437 296
L S 0 7 156 109 125 -31
S Space -2 -2 109 141 951 842
Space Oemcomma 1 -4 141 94 1326 1185
Oemcomma Space -1 4 94 109 281 187
Space LShiftKey 1 4 109 219 12792 12683
LShiftKey M 0 -7 219 234 141 -78
M O 2 -2 234 125 140 -94
O D -1 6 125 218 219 94
D E 1 0 218 203 124 -94
E R 0 -1 203 156 359 156
R N -2 -2 156 94 312 156
N Space -1 2 94 109 219 125
Space O 3 -5 109 109 608 499
O Back 1 -4 109 109 749 640
Back Back 0 0 109 94 249 140
Back Back 0 0 94 78 562 468
Back Back 0 0 78 78 156 78
Back Back 0 0 78 62 156 78
Back Back 0 0 62 47 125 63
Back Back 0 0 47 62 109 62
Back Back 0 0 62 78 125 63
Back M -3 6 78 218 780 702
M O 2 -2 218 109 140 -78
O D -1 6 109 265 219 110
D E 1 0 265 187 156 -109
E R 0 -1 187 140 374 187
R N -2 -2 140 94 265 125
N OemMinus 3 -5 94 94 546 452
OemMinus O -1 2 94 93 406 312
O L -1 0 93 93 203 110
L D 0 6 93 125 124 31
D Space -2 -1 125 93 141 16
Space A 2 3 93 141 171 78
A L 0 -8 141 63 125 -16
L L 0 0 63 94 125 62
L Space -2 5 94 109 265 171
Space K 2 -4 109 62 562 453
K I 1 0 62 109 156 94
I N -2 2 109 94 249 140
N D 1 3 94 203 312 218
D S 0 1 203 140 141 -62
S Space -2 -2 140 94 93 -47
Space O 3 -5 94 109 219 125
O F -1 5 109 109 234 125
F Space -2 0 109 109 156 47
Space S 2 2 109 156 405 296
S H 0 -4 156 203 250 94
H I 1 -2 203 93 125 -78
I P 0 -2 93 125 265 172
P S -1 8 125 156 140 15
S OemPeriod -1 -7 156 94 328 172
OemPeriod Space -1 5 94 109 281 187
Space LShiftKey 1 4 109 234 11091 10982
LShiftKey P 2 -10 234 94 156 -78
P A -1 9 94 219 234 140
A R 1 -3 219 109 359 140
R T 0 -1 109 109 250 141
T I 0 -3 109 110 171 62
I C -2 5 110 156 266 156
C U 2 -4 156 94 171 15
U L -1 -2 94 188 265 171
L A 0 8 188 171 110 -78
A R 1 -3 171 109 296 125
R L -1 -5 109 140 936 827
L Y 1 3 140 109 265 125
Y Space -3 2 109 140 94 -15
E S -1 1 125 125 312 187
S T 1 -3 125 109 593 468
T I 0 -3 109 93 141 32
I N -2 2 93 94 218 125
N G 1 1 94 94 78 -16
G Space -2 1 94 156 187 93
Space F 2 0 156 93 1966 1810
F E 1 1 93 250 249 156
E A -1 2 250 172 156 -94
A T 1 -4 172 94 281 109
T U 0 -2 94 94 156 62
U R 0 3 94 156 234 140
R E 0 1 156 140 94 -62
E S -1 1 140 109 390 250
S Space -2 -2 109 125 140 31
Space Return 2 -8 125 78 2449 2324
Return A 0 11 78 140 1576 1498
A R 1 -3 140 156 234 94
R E 0 1 156 156 78 -78
E Space -3 -1 156 110 140 -16
Space T 3 -1 110 109 110 0
T H -1 -1 109 94 124 15
H E 1 3 94 141 156 62
E Space -3 -1 141 94 125 -16
Space LShiftKey 1 4 94 234 1201 1107
LShiftKey V 0 -4 234 125 203 -31
V I 2 -4 125 78 281 156
I K -1 0 78 78 250 172
K I 1 0 78 94 171 93
I N -2 2 94 125 203 109
N G 1 1 125 94 109 -16
G Space -2 1 94 109 141 47
Space LShiftKey 1 4 109 156 249 140
LShiftKey B 0 -5 156 78 78 -78
B O 2 -4 78 156 343 265
O A -1 8 156 188 156 0
A T 1 -4 188 109 344 156
T Space -3 1 109 125 62 -47
Space I 3 -4 125 109 3401 3276
I N -2 2 109 78 218 109
N Space -1 2 78 110 187 109
Space T 3 -1 110 109 266 156
T H -1 -1 109 94 93 -16
H E 1 3 94 125 203 109
E Space -3 -1 125 110 62 -63
Space M 1 -3 110 203 234 124
M I 2 -1 203 109 125 -78
I D -1 5 109 62 297 188
D D 0 0 62 93 156 94
D L 0 -6 93 141 124 31
L E 1 6 141 140 172 31
E Space -3 -1 140 94 109 -31
Space O 3 -5 94 109 219 125
O F -1 5 109 125 187 78
F Space -2 0 125 94 109 -16
Space T 3 -1 94 93 172 78
T H -1 -1 93 109 62 -31
H E 1 3 109 125 203 94
E Space -3 -1 125 94 109 -16
Space S 2 2 94 94 187 93
S E 1 -1 94 265 219 125
E A -1 2 265 156 156 -109
A Space -2 -3 156 140 234 78
Space A 2 3 140 343 156 16
A N -1 -5 343 188 124 -219
N D 1 3 188 141 125 -63
D Space -2 -1 141 125 156 15
Space S 2 2 125 141 3463 3338
S O 1 -7 141 78 203 62
O M -2 2 78 141 187 109
M E 2 4 141 125 172 31
E Space -3 -1 125 109 125 0
Space LShiftKey 1 4 109 249 312 203
LShiftKey S 1 -2 249 280 203 -46
S A 0 1 280 203 202 -78
A I 1 -7 203 109 141 -62
I L -1 -1 109 109 234 125
L O 1 0 109 140 203 94
O R 0 5 140 280 312 172
R S -1 2 280 141 202 -78
S Space -2 -2 141 94 203 62
Space C 1 1 94 125 624 530
C H 1 -3 125 141 109 -16
H Back 2 -7 141 78 796 655
Back Back 0 0 78 94 421 343
Back H -2 7 94 94 733 639
H A 0 5 94 172 156 62
A N -1 -5 172 62 266 94
N G 1 1 62 125 296 234
G I 1 -3 125 78 234 109
I N -2 2 78 109 203 125
N G 1 1 109 93 156 47
G Space -2 1 93 109 187 94
Space A 2 3 109 156 187 78
A R 1 -3 156 110 343 187
R O 0 -5 110 94 203 93
O U 0 2 94 94 203 109
U N -2 1 94 141 187 93
N D 1 3 141 124 531 390
D Space -2 -1 124 78 93 -31
Space T 3 -1 78 78 172 94
T H -1 -1 78 94 62 -16
H E 1 3 94 125 187 93
E Space -3 -1 125 125 94 -31
Space S 2 2 125 62 562 437
S W 1 0 62 125 218 156
W I 0 -6 125 93 203 78
I M -2 1 93 63 218 125
M M 0 0 63 140 125 62
M I 2 -1 140 109 109 -31
I N -2 2 109 109 141 32
N G 1 1 109 93 109 0
G Space -2 1 93 93 125 32
Space P 3 -6 93 78 468 375
P O 0 1 78 62 218 140
O O 0 0 62 93 125 63
O L -1 0 93 125 234 141
L OemPeriod -1 0 125 219 16161 16036
OemPeriod Back 3 -4 219 187 656 437
Back OemMinus 0 2 187 93 1248 1061
OemMinus Back 0 -2 93 78 483 390
Back Oem1 -2 3 78 94 499 421
Oem1 Space -2 6 94 109 281 187
Space T 3 -1 109 78 187 78
T H -1 -1 78 249 141 63
H I 1 -2 249 125 171 -78
I S -1 6 125 140 172 47
S Space -2 -2 140 141 187 47
Space Back 4 -9 141 78 2699 2558
Back Back 0 0 78 94 156 78
Back Back 0 0 94 78 156 62
Back Back 0 0 78 125 140 62
Back Back 0 0 125 78 219 94
Back A -2 12 78 156 483 405
A L 0 -8 156 94 234 78
L T 1 4 94 94 328 234
T H -1 -1 94 281 187 93
H O 1 -3 281 141 187 -94
O U 0 2 141 78 281 140
U G -1 2 78 156 312 234
G H 0 -1 156 125 78 -78
H Space -2 2 125 94 234 109
Space T 3 -1 94 94 187 93
T H -1 -1 94 265 125 31
H I 1 -2 265 172 156 -109
I N -2 2 172 110 421 249
N G 1 1 110 172 281 171
G S 0 3 172 94 125 -47
S Space -2 -2 94 125 109 15
Space D 2 1 125 141 1014 889
D O 1 -6 141 93 141 0
O N -2 3 93 125 218 125
N T 2 1 125 94 187 62
T Space -3 1 94 94 156 62
Space A 2 3 94 156 421 327
A D 0 -2 156 63 281 125
D D 0 0 63 94 156 93
D Space -2 -1 94 93 63 -31
Space U 3 -3 93 234 343 250
U P 0 -3 234 140 125 -109
P Space -3 6 140 140 374 234
Space N 1 -2 140 93 2387 2247
N E 2 3 93 140 125 32
E V -2 -1 140 203 343 203
V E 2 1 203 171 156 -47
E Back 1 -10 171 93 3089 2918
Back OemPeriod -3 4 93 78 312 219
OemPeriod Space -1 5 78 124 359 281
Space LShiftKey 1 4 124 374 1700 1576
LShiftKey A 1 -1 374 109 328 -46
A Back 2 -12 109 78 2355 2246
Back Back 0 0 78 63 187 109
Back Back 0 0 63 78 156 93
Back Back 0 0 78 93 422 344
Back Back 0 0 93 156 748 655
Back Back 0 0 156 1092 3635 3479
Back Back 0 0 1092 46 1233 141
Back Back 0 0 46 109 390 344
Back T -1 8 109 94 452 343
T H -1 -1 94 94 109 15
H E 1 3 94 156 187 93
E Space -3 -1 156 93 110 -46
Space S 2 2 93 78 202 109
S C -1 -1 78 156 281 203
C E 2 0 156 125 94 -62
E N -2 -3 125 94 171 46
N E 2 3 94 125 156 62
E Space -3 -1 125 94 125 0
Space I 3 -4 94 109 234 140
I S -1 6 109 140 125 16
S Space -2 -2 140 109 125 -15
Space H 2 -2 109 172 1575 1466
H Y 1 0 172 93 110 -62
Y P 0 -4 93 62 608 515
P O 0 1 62 109 172 110
O T 0 4 109 109 234 125
T H -1 -1 109 125 109 0
H E 1 3 125 140 234 109
E T 0 -2 140 109 265 125
T I 0 -3 109 93 172 63
I C -2 5 93 202 234 141
C A 1 2 202 156 140 -62
A L 0 -8 156 94 234 78
L Space -2 5 94 93 952 858
Space A 2 3 93 327 156 63
A N -1 -5 327 202 78 -249
N D 1 3 202 156 140 -62
D Space -2 -1 156 93 172 16
Space Back 4 -9 93 390 7082 6989
Back Back 0 0 390 78 484 94
Back Back 0 0 78 156 156 78
Back Back 0 0 156 94 249 93
Back Back 0 0 94 171 172 78
Back Back 0 0 171 1263 359 188
Back Back 0 0 1263 47 1497 234
Back Space -4 9 47 78 640 593
Space S 2 2 78 125 156 78
S C -1 -1 125 172 249 124
C E 2 0 172 93 141 -31
E N -2 -3 93 78 140 47
N E 2 3 78 124 141 63
E Space -3 -1 124 93 156 32
Space D 2 1 93 109 265 172
D O 1 -6 109 125 187 78
O E 0 6 125 125 156 31
E S -1 1 125 125 374 249
S N -1 -4 125 93 141 16
N T 2 1 93 94 218 125
T Space -3 1 94 94 109 15
Space S 2 2 94 78 234 140
S E 1 -1 78 63 234 156
E E 0 0 63 110 156 93
E M -2 -4 110 94 125 15
M Space -1 3 94 109 234 140
Space A 2 3 109 124 765 656
A Space -2 -3 124 94 140 16
Space R 3 0 94 187 328 234
R E 0 1 187 312 109 -78
E A -1 2 312 234 171 -141
A L 0 -8 234 78 312 78
L Space -2 5 78 78 203 125
Space L 2 -5 78 78 187 109
L I 1 1 78 78 188 110
I F -1 4 78 171 187 109
F E 1 1 171 140 109 -62
E Space -3 -1 140 78 125 -15
Space P 3 -6 78 78 281 203
P O 0 1 78 93 234 156
O S -1 7 93 78 171 78
S S 0 0 78 109 172 94
S I 1 -6 109 94 171 62
I B -2 3 94 94 234 140
B L 1 -4 94 109 266 172
L I 1 1 109 94 218 109
I T 0 3 94 125 265 171
T Y 0 -1 125 78 156 31
Y Space -3 2 78 78 375 297
Space I 3 -4 78 78 249 171
I T 0 3 78 93 297 219
T Space -3 1 93 94 124 31
Space S 2 2 94 78 500 406
S E 1 -1 78 78 187 109
E E 0 0 78 78 187 109
E M -2 -4 78 125 109 31
M S 1 5 125 125 187 62
S Space -2 -2 125 125 125 0
Space Q 3 3 125 141 499 374
Q U 0 -6 141 94 172 31
U I 0 -1 94 110 218 124
I T 0 3 110 187 188 78
T E 0 2 187 156 109 -78
E Space -3 -1 156 125 218 62
Space A 2 3 125 156 952 827
A M -1 -6 156 265 156 0
M U 2 0 265 109 203 -62
U S -1 5 109 125 218 109
S I 1 -6 125 94 187 62
I N -2 2 94 124 219 125
N G 1 1 124 109 78 -46
G Space -2 1 109 125 171 62
Space A 2 3 125 390 203 78
A N -1 -5 390 219 109 -281
N Back 3 -7 219 78 780 561
Back Back 0 0 78 124 141 63
Back T -1 8 124 125 436 312
T O 0 -4 125 78 203 78
O Space -3 5 78 124 219 141
Space S 2 2 124 78 171 47
S E 1 -1 78 78 234 156
E E 0 0 78 78 172 94
E Space -3 -1 78 110 93 15
Space A 2 3 110 109 1779 1669
A L 0 -8 109 62 125 16
L L 0 0 62 78 156 94
L Space -2 5 78 109 249 171
Space T 3 -1 109 78 406 297
T H -1 -1 78 78 93 15
H E 1 3 78 125 203 125
E Space -3 -1 125 78 78 -47
Space P 3 -6 78 156 375 297
P E 0 7 156 140 156 0
E O 0 -6 140 62 218 78
O P 0 -1 62 78 203 141
P L -1 1 78 125 218 140
L E 1 6 125 140 141 16
E Space -3 -1 140 109 171 31
Space E 3 1 109 140 1467 1358
E N -2 -3 140 78 171 31
N J 1 -1 78 78 297 219
J O 1 -2 78 78 312 234
O Y 0 3 78 78 452 374
Y I 0 -2 78 109 250 172
I N -2 2 109 94 280 171
N G 1 1 94 94 172 78
G Space -2 1 94 94 109 15
Space T 3 -1 94 94 156 62
T H -1 -1 94 94 78 -16
H E 1 3 94 156 234 140
E I 0 -5 156 94 203 47
I R 0 4 94 125 187 93
R Space -3 0 125 93 141 16
Space O 3 -5 93 94 374 281
O W 0 7 94 156 468 374
W N -2 -4 156 62 203 47
N Space -1 2 62 78 187 125
Space A 2 3 78 187 94 16
A C -1 -2 187 94 296 109
C T 2 -2 94 93 250 156
T I 0 -3 93 78 187 94
I V -2 4 78 124 281 203
V I 2 -4 124 93 234 110
I I 0 0 93 125 920 827
I E 0 5 125 109 109 -16
E S -1 1 109 78 265 156
S Space -2 -2 78 93 110 32
Space A 2 3 93 187 109 16
A T 1 -4 187 78 249 62
T Space -3 1 78 78 94 16
Space T 3 -1 78 93 125 47
T H -1 -1 93 93 78 -15
H E 1 3 93 125 156 63
E Space -3 -1 125 109 78 -47
Space B 1 -1 109 78 561 452
B E 2 2 78 234 110 32
E A -1 2 234 203 124 -110
A C -1 -2 203 172 312 109
C H 1 -3 172 78 156 -16
H OemPeriod -1 -3 78 110 468 390
OemPeriod S 1 7 110 156 4322 4212
S S 0 0 156 109 234 78
S S 0 0 109 125 171 62
S S 0 0 125 78 6100 5975
S LShiftKey -1 2 78 421 12246 12168
